
DETdpaspec = [
    1    1    1    1    1    1    1    1    1    1  0.00000E+00 0.00000 
    2    2    1    1    1    1    1    1    1    1  0.00000E+00 0.00000 
    3    3    1    1    1    1    1    1    1    1  0.00000E+00 0.00000 
    4    4    1    1    1    1    1    1    1    1  0.00000E+00 0.00000 
    5    5    1    1    1    1    1    1    1    1  0.00000E+00 0.00000 
    6    6    1    1    1    1    1    1    1    1  0.00000E+00 0.00000 
    7    7    1    1    1    1    1    1    1    1  0.00000E+00 0.00000 
    8    8    1    1    1    1    1    1    1    1  0.00000E+00 0.00000 
    9    9    1    1    1    1    1    1    1    1  0.00000E+00 0.00000 
   10   10    1    1    1    1    1    1    1    1  0.00000E+00 0.00000 
   11   11    1    1    1    1    1    1    1    1  0.00000E+00 0.00000 
   12   12    1    1    1    1    1    1    1    1  0.00000E+00 0.00000 
   13   13    1    1    1    1    1    1    1    1  4.13561E+08 0.68874 
   14   14    1    1    1    1    1    1    1    1  8.66183E+08 0.56977 
   15   15    1    1    1    1    1    1    1    1  3.21731E+08 0.84199 
   16   16    1    1    1    1    1    1    1    1  2.73811E+08 0.69048 
   17   17    1    1    1    1    1    1    1    1  9.77094E+08 0.44152 
   18   18    1    1    1    1    1    1    1    1  4.94003E+08 0.55476 
   19   19    1    1    1    1    1    1    1    1  9.59323E+08 0.34291 
   20   20    1    1    1    1    1    1    1    1  3.22438E+09 0.37900 
   21   21    1    1    1    1    1    1    1    1  2.77421E+09 0.20933 
   22   22    1    1    1    1    1    1    1    1  1.31160E+10 0.12474 
   23   23    1    1    1    1    1    1    1    1  4.26818E+10 0.07589 
   24   24    1    1    1    1    1    1    1    1  1.48034E+11 0.03680 
   25   25    1    1    1    1    1    1    1    1  2.49703E+11 0.03037 
   26   26    1    1    1    1    1    1    1    1  5.43393E+11 0.02295 
   27   27    1    1    1    1    1    1    1    1  1.14045E+12 0.01627 
   28   28    1    1    1    1    1    1    1    1  2.29527E+12 0.01364 
   29   29    1    1    1    1    1    1    1    1  3.71823E+12 0.00665 
   30   30    1    1    1    1    1    1    1    1  7.36464E+12 0.00558 
   31   31    1    1    1    1    1    1    1    1  1.60603E+13 0.00452 
   32   32    1    1    1    1    1    1    1    1  2.40107E+13 0.00242 
   33   33    1    1    1    1    1    1    1    1  4.86496E+13 0.00203 
   34   34    1    1    1    1    1    1    1    1  6.07035E+13 0.00146 
   35   35    1    1    1    1    1    1    1    1  6.24091E+13 0.00189 
   36   36    1    1    1    1    1    1    1    1  3.71582E+13 0.00261 
   37   37    1    1    1    1    1    1    1    1  1.08593E+13 0.00227 
   38   38    1    1    1    1    1    1    1    1  6.22682E+13 0.00184 
   39   39    1    1    1    1    1    1    1    1  8.22775E+13 0.00144 
   40   40    1    1    1    1    1    1    1    1  1.39466E+14 0.00109 
   41   41    1    1    1    1    1    1    1    1  1.34090E+14 0.00119 
   42   42    1    1    1    1    1    1    1    1  2.89556E+14 0.00100 
   43   43    1    1    1    1    1    1    1    1  3.45504E+14 0.00125 
   44   44    1    1    1    1    1    1    1    1  4.92400E+14 0.00066 
   45   45    1    1    1    1    1    1    1    1  9.66744E+14 0.00051 
   46   46    1    1    1    1    1    1    1    1  4.31309E+14 0.00082 
   47   47    1    1    1    1    1    1    1    1  6.83362E+14 0.00065 
   48   48    1    1    1    1    1    1    1    1  9.34507E+14 0.00061 
   49   49    1    1    1    1    1    1    1    1  9.11414E+14 0.00072 
   50   50    1    1    1    1    1    1    1    1  1.42392E+15 0.00064 
   51   51    1    1    1    1    1    1    1    1  1.09680E+15 0.00055 
   52   52    1    1    1    1    1    1    1    1  1.32330E+15 0.00053 
   53   53    1    1    1    1    1    1    1    1  9.04899E+14 0.00056 
   54   54    1    1    1    1    1    1    1    1  1.12460E+15 0.00068 
   55   55    1    1    1    1    1    1    1    1  7.67040E+14 0.00059 
   56   56    1    1    1    1    1    1    1    1  1.03330E+14 0.00124 
   57   57    1    1    1    1    1    1    1    1  1.50988E+15 0.00052 
   58   58    1    1    1    1    1    1    1    1  6.90374E+14 0.00060 
   59   59    1    1    1    1    1    1    1    1  7.25608E+14 0.00052 
   60   60    1    1    1    1    1    1    1    1  5.75209E+14 0.00056 
   61   61    1    1    1    1    1    1    1    1  5.72927E+14 0.00068 
   62   62    1    1    1    1    1    1    1    1  5.96471E+14 0.00076 
   63   63    1    1    1    1    1    1    1    1  5.03337E+14 0.00074 
   64   64    1    1    1    1    1    1    1    1  3.99740E+14 0.00091 
   65   65    1    1    1    1    1    1    1    1  3.96578E+14 0.00079 
   66   66    1    1    1    1    1    1    1    1  2.86091E+14 0.00096 
   67   67    1    1    1    1    1    1    1    1  2.30606E+14 0.00094 
   68   68    1    1    1    1    1    1    1    1  2.05739E+14 0.00088 
   69   69    1    1    1    1    1    1    1    1  2.45638E+14 0.00082 
   70   70    1    1    1    1    1    1    1    1  2.08082E+14 0.00097 
   71   71    1    1    1    1    1    1    1    1  3.70866E+14 0.00086 
   72   72    1    1    1    1    1    1    1    1  2.60153E+14 0.00104 
   73   73    1    1    1    1    1    1    1    1  1.95981E+14 0.00100 
   74   74    1    1    1    1    1    1    1    1  1.59450E+14 0.00124 
   75   75    1    1    1    1    1    1    1    1  1.33796E+14 0.00106 
   76   76    1    1    1    1    1    1    1    1  1.57578E+14 0.00162 
   77   77    1    1    1    1    1    1    1    1  1.25967E+14 0.00128 
   78   78    1    1    1    1    1    1    1    1  1.01480E+14 0.00180 
   79   79    1    1    1    1    1    1    1    1  1.05108E+14 0.00150 
   80   80    1    1    1    1    1    1    1    1  7.79707E+13 0.00158 
   81   81    1    1    1    1    1    1    1    1  6.00941E+13 0.00191 
   82   82    1    1    1    1    1    1    1    1  4.59483E+13 0.00171 
   83   83    1    1    1    1    1    1    1    1  4.27807E+13 0.00171 
   84   84    1    1    1    1    1    1    1    1  3.06461E+13 0.00272 
   85   85    1    1    1    1    1    1    1    1  2.21474E+13 0.00284 
   86   86    1    1    1    1    1    1    1    1  2.05939E+13 0.00321 
   87   87    1    1    1    1    1    1    1    1  1.25653E+13 0.00406 
   88   88    1    1    1    1    1    1    1    1  8.30319E+12 0.00600 
   89   89    1    1    1    1    1    1    1    1  4.75274E+12 0.00750 
   90   90    1    1    1    1    1    1    1    1  3.12608E+12 0.00701 
   91   91    1    1    1    1    1    1    1    1  1.53897E+12 0.01362 
   92   92    1    1    1    1    1    1    1    1  7.06833E+11 0.01677 
   93   93    1    1    1    1    1    1    1    1  3.44728E+11 0.02024 
   94   94    1    1    1    1    1    1    1    1  1.65800E+11 0.04344 
   95   95    1    1    1    1    1    1    1    1  7.58129E+10 0.06011 
   96   96    1    1    1    1    1    1    1    1  3.59360E+10 0.06484 
   97   97    1    1    1    1    1    1    1    1  1.45474E+10 0.10860 
   98   98    1    1    1    1    1    1    1    1  1.05917E+10 0.14529 
   99   99    1    1    1    1    1    1    1    1  3.05274E+09 0.27127 
  100  100    1    1    1    1    1    1    1    1  2.07753E+09 0.44356 
];


