
DETdpaspec = [
    1    1    1    1    1    1    1    1    1    1  0.00000E+00 0.00000 
    2    2    1    1    1    1    1    1    1    1  0.00000E+00 0.00000 
    3    3    1    1    1    1    1    1    1    1  0.00000E+00 0.00000 
    4    4    1    1    1    1    1    1    1    1  0.00000E+00 0.00000 
    5    5    1    1    1    1    1    1    1    1  0.00000E+00 0.00000 
    6    6    1    1    1    1    1    1    1    1  0.00000E+00 0.00000 
    7    7    1    1    1    1    1    1    1    1  0.00000E+00 0.00000 
    8    8    1    1    1    1    1    1    1    1  0.00000E+00 0.00000 
    9    9    1    1    1    1    1    1    1    1  0.00000E+00 0.00000 
   10   10    1    1    1    1    1    1    1    1  0.00000E+00 0.00000 
   11   11    1    1    1    1    1    1    1    1  1.50702E+08 0.81991 
   12   12    1    1    1    1    1    1    1    1  3.68127E+07 0.66976 
   13   13    1    1    1    1    1    1    1    1  1.75088E+08 0.62938 
   14   14    1    1    1    1    1    1    1    1  1.12757E+09 0.42179 
   15   15    1    1    1    1    1    1    1    1  1.79633E+09 0.44254 
   16   16    1    1    1    1    1    1    1    1  2.89316E+08 0.57995 
   17   17    1    1    1    1    1    1    1    1  1.50417E+09 0.30675 
   18   18    1    1    1    1    1    1    1    1  2.75609E+09 0.21950 
   19   19    1    1    1    1    1    1    1    1  2.33332E+09 0.29238 
   20   20    1    1    1    1    1    1    1    1  6.03286E+09 0.16172 
   21   21    1    1    1    1    1    1    1    1  6.81022E+09 0.13399 
   22   22    1    1    1    1    1    1    1    1  1.48581E+10 0.12730 
   23   23    1    1    1    1    1    1    1    1  2.56740E+10 0.06927 
   24   24    1    1    1    1    1    1    1    1  3.61672E+10 0.08110 
   25   25    1    1    1    1    1    1    1    1  4.74652E+10 0.05943 
   26   26    1    1    1    1    1    1    1    1  8.00558E+10 0.03998 
   27   27    1    1    1    1    1    1    1    1  1.32363E+11 0.04658 
   28   28    1    1    1    1    1    1    1    1  2.77688E+11 0.02825 
   29   29    1    1    1    1    1    1    1    1  4.57704E+11 0.02887 
   30   30    1    1    1    1    1    1    1    1  1.28994E+12 0.01454 
   31   31    1    1    1    1    1    1    1    1  3.97003E+12 0.01145 
   32   32    1    1    1    1    1    1    1    1  7.56031E+12 0.00642 
   33   33    1    1    1    1    1    1    1    1  1.80767E+13 0.00431 
   34   34    1    1    1    1    1    1    1    1  2.53801E+13 0.00227 
   35   35    1    1    1    1    1    1    1    1  3.39259E+13 0.00326 
   36   36    1    1    1    1    1    1    1    1  2.31195E+13 0.00286 
   37   37    1    1    1    1    1    1    1    1  7.10300E+12 0.00323 
   38   38    1    1    1    1    1    1    1    1  3.99601E+13 0.00257 
   39   39    1    1    1    1    1    1    1    1  5.41178E+13 0.00192 
   40   40    1    1    1    1    1    1    1    1  9.30111E+13 0.00198 
   41   41    1    1    1    1    1    1    1    1  9.47995E+13 0.00152 
   42   42    1    1    1    1    1    1    1    1  2.03331E+14 0.00109 
   43   43    1    1    1    1    1    1    1    1  2.50026E+14 0.00096 
   44   44    1    1    1    1    1    1    1    1  3.67206E+14 0.00128 
   45   45    1    1    1    1    1    1    1    1  7.41273E+14 0.00050 
   46   46    1    1    1    1    1    1    1    1  3.52467E+14 0.00083 
   47   47    1    1    1    1    1    1    1    1  5.73879E+14 0.00071 
   48   48    1    1    1    1    1    1    1    1  8.09362E+14 0.00080 
   49   49    1    1    1    1    1    1    1    1  8.11673E+14 0.00082 
   50   50    1    1    1    1    1    1    1    1  1.27948E+15 0.00063 
   51   51    1    1    1    1    1    1    1    1  1.03449E+15 0.00041 
   52   52    1    1    1    1    1    1    1    1  1.23985E+15 0.00051 
   53   53    1    1    1    1    1    1    1    1  8.71645E+14 0.00055 
   54   54    1    1    1    1    1    1    1    1  1.07215E+15 0.00054 
   55   55    1    1    1    1    1    1    1    1  7.43145E+14 0.00062 
   56   56    1    1    1    1    1    1    1    1  1.01923E+14 0.00117 
   57   57    1    1    1    1    1    1    1    1  1.48914E+15 0.00066 
   58   58    1    1    1    1    1    1    1    1  6.66903E+14 0.00084 
   59   59    1    1    1    1    1    1    1    1  7.15024E+14 0.00079 
   60   60    1    1    1    1    1    1    1    1  5.57481E+14 0.00081 
   61   61    1    1    1    1    1    1    1    1  5.61311E+14 0.00069 
   62   62    1    1    1    1    1    1    1    1  5.86315E+14 0.00071 
   63   63    1    1    1    1    1    1    1    1  4.96620E+14 0.00078 
   64   64    1    1    1    1    1    1    1    1  3.97339E+14 0.00090 
   65   65    1    1    1    1    1    1    1    1  3.97273E+14 0.00103 
   66   66    1    1    1    1    1    1    1    1  2.87380E+14 0.00099 
   67   67    1    1    1    1    1    1    1    1  2.35038E+14 0.00096 
   68   68    1    1    1    1    1    1    1    1  2.11141E+14 0.00109 
   69   69    1    1    1    1    1    1    1    1  2.54154E+14 0.00088 
   70   70    1    1    1    1    1    1    1    1  2.16993E+14 0.00113 
   71   71    1    1    1    1    1    1    1    1  3.98136E+14 0.00117 
   72   72    1    1    1    1    1    1    1    1  2.83532E+14 0.00090 
   73   73    1    1    1    1    1    1    1    1  2.14574E+14 0.00104 
   74   74    1    1    1    1    1    1    1    1  1.71951E+14 0.00115 
   75   75    1    1    1    1    1    1    1    1  1.42130E+14 0.00106 
   76   76    1    1    1    1    1    1    1    1  1.65169E+14 0.00163 
   77   77    1    1    1    1    1    1    1    1  1.30457E+14 0.00122 
   78   78    1    1    1    1    1    1    1    1  1.03732E+14 0.00185 
   79   79    1    1    1    1    1    1    1    1  1.07052E+14 0.00151 
   80   80    1    1    1    1    1    1    1    1  7.94620E+13 0.00148 
   81   81    1    1    1    1    1    1    1    1  6.09687E+13 0.00169 
   82   82    1    1    1    1    1    1    1    1  4.68846E+13 0.00259 
   83   83    1    1    1    1    1    1    1    1  4.36952E+13 0.00290 
   84   84    1    1    1    1    1    1    1    1  3.13273E+13 0.00357 
   85   85    1    1    1    1    1    1    1    1  2.28013E+13 0.00298 
   86   86    1    1    1    1    1    1    1    1  2.11362E+13 0.00356 
   87   87    1    1    1    1    1    1    1    1  1.31038E+13 0.00498 
   88   88    1    1    1    1    1    1    1    1  8.79351E+12 0.00499 
   89   89    1    1    1    1    1    1    1    1  5.00762E+12 0.00706 
   90   90    1    1    1    1    1    1    1    1  3.38981E+12 0.00938 
   91   91    1    1    1    1    1    1    1    1  1.68480E+12 0.01245 
   92   92    1    1    1    1    1    1    1    1  8.27790E+11 0.01474 
   93   93    1    1    1    1    1    1    1    1  3.97372E+11 0.02594 
   94   94    1    1    1    1    1    1    1    1  1.99017E+11 0.02838 
   95   95    1    1    1    1    1    1    1    1  8.98022E+10 0.05124 
   96   96    1    1    1    1    1    1    1    1  4.48260E+10 0.07302 
   97   97    1    1    1    1    1    1    1    1  1.95894E+10 0.09907 
   98   98    1    1    1    1    1    1    1    1  7.66749E+09 0.19840 
   99   99    1    1    1    1    1    1    1    1  5.49655E+09 0.18870 
  100  100    1    1    1    1    1    1    1    1  5.35435E+09 0.24761 
];


