
DETdpaspec = [
    1    1    1    1    1    1    1    1    1    1  0.00000E+00 0.00000 
    2    2    1    1    1    1    1    1    1    1  0.00000E+00 0.00000 
    3    3    1    1    1    1    1    1    1    1  0.00000E+00 0.00000 
    4    4    1    1    1    1    1    1    1    1  0.00000E+00 0.00000 
    5    5    1    1    1    1    1    1    1    1  0.00000E+00 0.00000 
    6    6    1    1    1    1    1    1    1    1  0.00000E+00 0.00000 
    7    7    1    1    1    1    1    1    1    1  6.99837E+06 1.00000 
    8    8    1    1    1    1    1    1    1    1  0.00000E+00 0.00000 
    9    9    1    1    1    1    1    1    1    1  0.00000E+00 0.00000 
   10   10    1    1    1    1    1    1    1    1  0.00000E+00 0.00000 
   11   11    1    1    1    1    1    1    1    1  2.87403E+07 1.00000 
   12   12    1    1    1    1    1    1    1    1  0.00000E+00 0.00000 
   13   13    1    1    1    1    1    1    1    1  6.99748E+08 0.57045 
   14   14    1    1    1    1    1    1    1    1  1.97811E+09 0.67433 
   15   15    1    1    1    1    1    1    1    1  1.37528E+09 0.36476 
   16   16    1    1    1    1    1    1    1    1  7.45474E+08 0.58156 
   17   17    1    1    1    1    1    1    1    1  7.53048E+08 0.33317 
   18   18    1    1    1    1    1    1    1    1  3.47314E+09 0.22574 
   19   19    1    1    1    1    1    1    1    1  2.76314E+09 0.27267 
   20   20    1    1    1    1    1    1    1    1  6.62404E+09 0.22925 
   21   21    1    1    1    1    1    1    1    1  4.72280E+09 0.16036 
   22   22    1    1    1    1    1    1    1    1  1.65516E+10 0.09878 
   23   23    1    1    1    1    1    1    1    1  2.06509E+10 0.09551 
   24   24    1    1    1    1    1    1    1    1  3.72773E+10 0.06560 
   25   25    1    1    1    1    1    1    1    1  4.34249E+10 0.07317 
   26   26    1    1    1    1    1    1    1    1  7.48832E+10 0.05464 
   27   27    1    1    1    1    1    1    1    1  1.36995E+11 0.04705 
   28   28    1    1    1    1    1    1    1    1  3.04264E+11 0.03357 
   29   29    1    1    1    1    1    1    1    1  5.08088E+11 0.02423 
   30   30    1    1    1    1    1    1    1    1  1.47931E+12 0.01588 
   31   31    1    1    1    1    1    1    1    1  4.40634E+12 0.00799 
   32   32    1    1    1    1    1    1    1    1  8.22343E+12 0.00573 
   33   33    1    1    1    1    1    1    1    1  1.97496E+13 0.00501 
   34   34    1    1    1    1    1    1    1    1  2.78448E+13 0.00371 
   35   35    1    1    1    1    1    1    1    1  3.54613E+13 0.00295 
   36   36    1    1    1    1    1    1    1    1  2.35917E+13 0.00228 
   37   37    1    1    1    1    1    1    1    1  7.18156E+12 0.00271 
   38   38    1    1    1    1    1    1    1    1  4.06873E+13 0.00142 
   39   39    1    1    1    1    1    1    1    1  5.51757E+13 0.00209 
   40   40    1    1    1    1    1    1    1    1  9.54403E+13 0.00140 
   41   41    1    1    1    1    1    1    1    1  9.60967E+13 0.00105 
   42   42    1    1    1    1    1    1    1    1  2.09046E+14 0.00112 
   43   43    1    1    1    1    1    1    1    1  2.57110E+14 0.00098 
   44   44    1    1    1    1    1    1    1    1  3.77538E+14 0.00090 
   45   45    1    1    1    1    1    1    1    1  7.65963E+14 0.00085 
   46   46    1    1    1    1    1    1    1    1  3.60369E+14 0.00101 
   47   47    1    1    1    1    1    1    1    1  5.84262E+14 0.00087 
   48   48    1    1    1    1    1    1    1    1  8.23586E+14 0.00076 
   49   49    1    1    1    1    1    1    1    1  8.23864E+14 0.00057 
   50   50    1    1    1    1    1    1    1    1  1.30335E+15 0.00062 
   51   51    1    1    1    1    1    1    1    1  1.04592E+15 0.00057 
   52   52    1    1    1    1    1    1    1    1  1.26392E+15 0.00069 
   53   53    1    1    1    1    1    1    1    1  8.84459E+14 0.00083 
   54   54    1    1    1    1    1    1    1    1  1.09559E+15 0.00074 
   55   55    1    1    1    1    1    1    1    1  7.57878E+14 0.00080 
   56   56    1    1    1    1    1    1    1    1  1.03315E+14 0.00114 
   57   57    1    1    1    1    1    1    1    1  1.51679E+15 0.00046 
   58   58    1    1    1    1    1    1    1    1  6.84873E+14 0.00077 
   59   59    1    1    1    1    1    1    1    1  7.31706E+14 0.00063 
   60   60    1    1    1    1    1    1    1    1  5.75324E+14 0.00073 
   61   61    1    1    1    1    1    1    1    1  5.78343E+14 0.00101 
   62   62    1    1    1    1    1    1    1    1  6.04892E+14 0.00108 
   63   63    1    1    1    1    1    1    1    1  5.13080E+14 0.00069 
   64   64    1    1    1    1    1    1    1    1  4.10706E+14 0.00074 
   65   65    1    1    1    1    1    1    1    1  4.10425E+14 0.00079 
   66   66    1    1    1    1    1    1    1    1  2.97263E+14 0.00112 
   67   67    1    1    1    1    1    1    1    1  2.42268E+14 0.00121 
   68   68    1    1    1    1    1    1    1    1  2.17337E+14 0.00090 
   69   69    1    1    1    1    1    1    1    1  2.61145E+14 0.00094 
   70   70    1    1    1    1    1    1    1    1  2.22618E+14 0.00130 
   71   71    1    1    1    1    1    1    1    1  4.05938E+14 0.00083 
   72   72    1    1    1    1    1    1    1    1  2.88173E+14 0.00115 
   73   73    1    1    1    1    1    1    1    1  2.18040E+14 0.00118 
   74   74    1    1    1    1    1    1    1    1  1.76628E+14 0.00153 
   75   75    1    1    1    1    1    1    1    1  1.46979E+14 0.00178 
   76   76    1    1    1    1    1    1    1    1  1.71377E+14 0.00078 
   77   77    1    1    1    1    1    1    1    1  1.35955E+14 0.00157 
   78   78    1    1    1    1    1    1    1    1  1.08667E+14 0.00138 
   79   79    1    1    1    1    1    1    1    1  1.12268E+14 0.00205 
   80   80    1    1    1    1    1    1    1    1  8.35048E+13 0.00124 
   81   81    1    1    1    1    1    1    1    1  6.43566E+13 0.00210 
   82   82    1    1    1    1    1    1    1    1  4.92942E+13 0.00268 
   83   83    1    1    1    1    1    1    1    1  4.61051E+13 0.00281 
   84   84    1    1    1    1    1    1    1    1  3.30590E+13 0.00322 
   85   85    1    1    1    1    1    1    1    1  2.39884E+13 0.00316 
   86   86    1    1    1    1    1    1    1    1  2.23273E+13 0.00312 
   87   87    1    1    1    1    1    1    1    1  1.38515E+13 0.00501 
   88   88    1    1    1    1    1    1    1    1  9.23197E+12 0.00714 
   89   89    1    1    1    1    1    1    1    1  5.26744E+12 0.00500 
   90   90    1    1    1    1    1    1    1    1  3.56232E+12 0.00788 
   91   91    1    1    1    1    1    1    1    1  1.73971E+12 0.01025 
   92   92    1    1    1    1    1    1    1    1  8.89314E+11 0.01745 
   93   93    1    1    1    1    1    1    1    1  4.04825E+11 0.03163 
   94   94    1    1    1    1    1    1    1    1  1.96184E+11 0.02833 
   95   95    1    1    1    1    1    1    1    1  8.85445E+10 0.04376 
   96   96    1    1    1    1    1    1    1    1  5.06320E+10 0.06605 
   97   97    1    1    1    1    1    1    1    1  2.32946E+10 0.10316 
   98   98    1    1    1    1    1    1    1    1  1.23510E+10 0.10706 
   99   99    1    1    1    1    1    1    1    1  5.54235E+09 0.23494 
  100  100    1    1    1    1    1    1    1    1  2.81663E+09 0.27239 
];


