
DETdpaspec = [
    1    1    1    1    1    1    1    1    1    1  0.00000E+00 0.00000 
    2    2    1    1    1    1    1    1    1    1  0.00000E+00 0.00000 
    3    3    1    1    1    1    1    1    1    1  0.00000E+00 0.00000 
    4    4    1    1    1    1    1    1    1    1  0.00000E+00 0.00000 
    5    5    1    1    1    1    1    1    1    1  0.00000E+00 0.00000 
    6    6    1    1    1    1    1    1    1    1  0.00000E+00 0.00000 
    7    7    1    1    1    1    1    1    1    1  0.00000E+00 0.00000 
    8    8    1    1    1    1    1    1    1    1  0.00000E+00 0.00000 
    9    9    1    1    1    1    1    1    1    1  0.00000E+00 0.00000 
   10   10    1    1    1    1    1    1    1    1  0.00000E+00 0.00000 
   11   11    1    1    1    1    1    1    1    1  0.00000E+00 0.00000 
   12   12    1    1    1    1    1    1    1    1  1.01298E+08 0.68865 
   13   13    1    1    1    1    1    1    1    1  5.70953E+08 0.52162 
   14   14    1    1    1    1    1    1    1    1  8.14171E+08 0.55300 
   15   15    1    1    1    1    1    1    1    1  4.29257E+08 0.55462 
   16   16    1    1    1    1    1    1    1    1  4.59685E+08 0.63241 
   17   17    1    1    1    1    1    1    1    1  1.13068E+08 0.83050 
   18   18    1    1    1    1    1    1    1    1  7.19073E+08 0.41532 
   19   19    1    1    1    1    1    1    1    1  8.58088E+08 0.60814 
   20   20    1    1    1    1    1    1    1    1  4.33244E+09 0.29592 
   21   21    1    1    1    1    1    1    1    1  3.67384E+09 0.18474 
   22   22    1    1    1    1    1    1    1    1  1.44365E+10 0.12348 
   23   23    1    1    1    1    1    1    1    1  5.40479E+10 0.07385 
   24   24    1    1    1    1    1    1    1    1  1.82201E+11 0.03294 
   25   25    1    1    1    1    1    1    1    1  2.89621E+11 0.02488 
   26   26    1    1    1    1    1    1    1    1  6.41820E+11 0.01895 
   27   27    1    1    1    1    1    1    1    1  1.33161E+12 0.01669 
   28   28    1    1    1    1    1    1    1    1  2.62817E+12 0.01354 
   29   29    1    1    1    1    1    1    1    1  4.16171E+12 0.00869 
   30   30    1    1    1    1    1    1    1    1  8.22408E+12 0.00563 
   31   31    1    1    1    1    1    1    1    1  1.71346E+13 0.00364 
   32   32    1    1    1    1    1    1    1    1  2.54915E+13 0.00364 
   33   33    1    1    1    1    1    1    1    1  5.11239E+13 0.00168 
   34   34    1    1    1    1    1    1    1    1  6.32583E+13 0.00188 
   35   35    1    1    1    1    1    1    1    1  6.44210E+13 0.00214 
   36   36    1    1    1    1    1    1    1    1  3.81627E+13 0.00165 
   37   37    1    1    1    1    1    1    1    1  1.11172E+13 0.00251 
   38   38    1    1    1    1    1    1    1    1  6.39099E+13 0.00184 
   39   39    1    1    1    1    1    1    1    1  8.44917E+13 0.00168 
   40   40    1    1    1    1    1    1    1    1  1.42679E+14 0.00127 
   41   41    1    1    1    1    1    1    1    1  1.36693E+14 0.00123 
   42   42    1    1    1    1    1    1    1    1  2.94330E+14 0.00105 
   43   43    1    1    1    1    1    1    1    1  3.50860E+14 0.00102 
   44   44    1    1    1    1    1    1    1    1  4.99844E+14 0.00097 
   45   45    1    1    1    1    1    1    1    1  9.76984E+14 0.00062 
   46   46    1    1    1    1    1    1    1    1  4.34667E+14 0.00069 
   47   47    1    1    1    1    1    1    1    1  6.87746E+14 0.00069 
   48   48    1    1    1    1    1    1    1    1  9.39722E+14 0.00064 
   49   49    1    1    1    1    1    1    1    1  9.14786E+14 0.00071 
   50   50    1    1    1    1    1    1    1    1  1.42491E+15 0.00054 
   51   51    1    1    1    1    1    1    1    1  1.09621E+15 0.00059 
   52   52    1    1    1    1    1    1    1    1  1.32090E+15 0.00062 
   53   53    1    1    1    1    1    1    1    1  9.02325E+14 0.00053 
   54   54    1    1    1    1    1    1    1    1  1.12045E+15 0.00056 
   55   55    1    1    1    1    1    1    1    1  7.63198E+14 0.00064 
   56   56    1    1    1    1    1    1    1    1  1.02979E+14 0.00089 
   57   57    1    1    1    1    1    1    1    1  1.50251E+15 0.00062 
   58   58    1    1    1    1    1    1    1    1  6.85538E+14 0.00072 
   59   59    1    1    1    1    1    1    1    1  7.20320E+14 0.00062 
   60   60    1    1    1    1    1    1    1    1  5.71022E+14 0.00063 
   61   61    1    1    1    1    1    1    1    1  5.68448E+14 0.00074 
   62   62    1    1    1    1    1    1    1    1  5.91636E+14 0.00062 
   63   63    1    1    1    1    1    1    1    1  4.98385E+14 0.00054 
   64   64    1    1    1    1    1    1    1    1  3.95563E+14 0.00061 
   65   65    1    1    1    1    1    1    1    1  3.92925E+14 0.00074 
   66   66    1    1    1    1    1    1    1    1  2.82578E+14 0.00110 
   67   67    1    1    1    1    1    1    1    1  2.28252E+14 0.00101 
   68   68    1    1    1    1    1    1    1    1  2.03551E+14 0.00112 
   69   69    1    1    1    1    1    1    1    1  2.42685E+14 0.00108 
   70   70    1    1    1    1    1    1    1    1  2.05502E+14 0.00110 
   71   71    1    1    1    1    1    1    1    1  3.65863E+14 0.00076 
   72   72    1    1    1    1    1    1    1    1  2.56656E+14 0.00093 
   73   73    1    1    1    1    1    1    1    1  1.92958E+14 0.00134 
   74   74    1    1    1    1    1    1    1    1  1.56911E+14 0.00113 
   75   75    1    1    1    1    1    1    1    1  1.32300E+14 0.00103 
   76   76    1    1    1    1    1    1    1    1  1.55406E+14 0.00134 
   77   77    1    1    1    1    1    1    1    1  1.24172E+14 0.00162 
   78   78    1    1    1    1    1    1    1    1  1.00005E+14 0.00145 
   79   79    1    1    1    1    1    1    1    1  1.03203E+14 0.00173 
   80   80    1    1    1    1    1    1    1    1  7.66831E+13 0.00179 
   81   81    1    1    1    1    1    1    1    1  5.88418E+13 0.00197 
   82   82    1    1    1    1    1    1    1    1  4.53462E+13 0.00189 
   83   83    1    1    1    1    1    1    1    1  4.20074E+13 0.00196 
   84   84    1    1    1    1    1    1    1    1  3.01585E+13 0.00255 
   85   85    1    1    1    1    1    1    1    1  2.18278E+13 0.00378 
   86   86    1    1    1    1    1    1    1    1  2.00882E+13 0.00343 
   87   87    1    1    1    1    1    1    1    1  1.22405E+13 0.00443 
   88   88    1    1    1    1    1    1    1    1  8.15414E+12 0.00512 
   89   89    1    1    1    1    1    1    1    1  4.57571E+12 0.00726 
   90   90    1    1    1    1    1    1    1    1  2.98896E+12 0.00824 
   91   91    1    1    1    1    1    1    1    1  1.48862E+12 0.01624 
   92   92    1    1    1    1    1    1    1    1  7.34381E+11 0.01596 
   93   93    1    1    1    1    1    1    1    1  3.38493E+11 0.02597 
   94   94    1    1    1    1    1    1    1    1  1.61617E+11 0.03045 
   95   95    1    1    1    1    1    1    1    1  7.87235E+10 0.07194 
   96   96    1    1    1    1    1    1    1    1  3.48118E+10 0.11054 
   97   97    1    1    1    1    1    1    1    1  1.64229E+10 0.12586 
   98   98    1    1    1    1    1    1    1    1  8.06710E+09 0.13864 
   99   99    1    1    1    1    1    1    1    1  3.89761E+09 0.24120 
  100  100    1    1    1    1    1    1    1    1  1.95849E+09 0.21136 
];


