
DETdpaspec = [
    1    1    1    1    1    1    1    1    1    1  0.00000E+00 0.00000 
    2    2    1    1    1    1    1    1    1    1  0.00000E+00 0.00000 
    3    3    1    1    1    1    1    1    1    1  0.00000E+00 0.00000 
    4    4    1    1    1    1    1    1    1    1  0.00000E+00 0.00000 
    5    5    1    1    1    1    1    1    1    1  0.00000E+00 0.00000 
    6    6    1    1    1    1    1    1    1    1  0.00000E+00 0.00000 
    7    7    1    1    1    1    1    1    1    1  0.00000E+00 0.00000 
    8    8    1    1    1    1    1    1    1    1  0.00000E+00 0.00000 
    9    9    1    1    1    1    1    1    1    1  3.17513E+07 0.82942 
   10   10    1    1    1    1    1    1    1    1  2.55880E+07 1.00000 
   11   11    1    1    1    1    1    1    1    1  0.00000E+00 0.00000 
   12   12    1    1    1    1    1    1    1    1  8.90785E+07 0.92425 
   13   13    1    1    1    1    1    1    1    1  1.23015E+09 0.80409 
   14   14    1    1    1    1    1    1    1    1  2.69539E+08 1.00000 
   15   15    1    1    1    1    1    1    1    1  7.68481E+08 0.93062 
   16   16    1    1    1    1    1    1    1    1  6.49845E+08 0.67052 
   17   17    1    1    1    1    1    1    1    1  9.21208E+08 0.42076 
   18   18    1    1    1    1    1    1    1    1  1.08971E+09 0.35046 
   19   19    1    1    1    1    1    1    1    1  8.15784E+08 0.46953 
   20   20    1    1    1    1    1    1    1    1  5.22154E+09 0.23622 
   21   21    1    1    1    1    1    1    1    1  4.55687E+09 0.18813 
   22   22    1    1    1    1    1    1    1    1  1.07016E+10 0.14357 
   23   23    1    1    1    1    1    1    1    1  2.89423E+10 0.07473 
   24   24    1    1    1    1    1    1    1    1  7.64192E+10 0.06747 
   25   25    1    1    1    1    1    1    1    1  1.27361E+11 0.04013 
   26   26    1    1    1    1    1    1    1    1  2.80028E+11 0.02971 
   27   27    1    1    1    1    1    1    1    1  6.47913E+11 0.01867 
   28   28    1    1    1    1    1    1    1    1  1.45497E+12 0.00826 
   29   29    1    1    1    1    1    1    1    1  2.46278E+12 0.01028 
   30   30    1    1    1    1    1    1    1    1  5.24940E+12 0.00902 
   31   31    1    1    1    1    1    1    1    1  1.23955E+13 0.00560 
   32   32    1    1    1    1    1    1    1    1  1.94015E+13 0.00407 
   33   33    1    1    1    1    1    1    1    1  4.09177E+13 0.00356 
   34   34    1    1    1    1    1    1    1    1  5.25377E+13 0.00289 
   35   35    1    1    1    1    1    1    1    1  5.57744E+13 0.00243 
   36   36    1    1    1    1    1    1    1    1  3.38881E+13 0.00243 
   37   37    1    1    1    1    1    1    1    1  9.93383E+12 0.00244 
   38   38    1    1    1    1    1    1    1    1  5.71809E+13 0.00203 
   39   39    1    1    1    1    1    1    1    1  7.62477E+13 0.00145 
   40   40    1    1    1    1    1    1    1    1  1.29877E+14 0.00108 
   41   41    1    1    1    1    1    1    1    1  1.25673E+14 0.00102 
   42   42    1    1    1    1    1    1    1    1  2.71883E+14 0.00099 
   43   43    1    1    1    1    1    1    1    1  3.26880E+14 0.00107 
   44   44    1    1    1    1    1    1    1    1  4.69421E+14 0.00106 
   45   45    1    1    1    1    1    1    1    1  9.29605E+14 0.00087 
   46   46    1    1    1    1    1    1    1    1  4.18314E+14 0.00076 
   47   47    1    1    1    1    1    1    1    1  6.64999E+14 0.00066 
   48   48    1    1    1    1    1    1    1    1  9.16956E+14 0.00067 
   49   49    1    1    1    1    1    1    1    1  8.98184E+14 0.00057 
   50   50    1    1    1    1    1    1    1    1  1.40959E+15 0.00067 
   51   51    1    1    1    1    1    1    1    1  1.09239E+15 0.00057 
   52   52    1    1    1    1    1    1    1    1  1.32144E+15 0.00055 
   53   53    1    1    1    1    1    1    1    1  9.07551E+14 0.00053 
   54   54    1    1    1    1    1    1    1    1  1.13012E+15 0.00065 
   55   55    1    1    1    1    1    1    1    1  7.73233E+14 0.00067 
   56   56    1    1    1    1    1    1    1    1  1.04277E+14 0.00089 
   57   57    1    1    1    1    1    1    1    1  1.52987E+15 0.00050 
   58   58    1    1    1    1    1    1    1    1  6.99288E+14 0.00067 
   59   59    1    1    1    1    1    1    1    1  7.37383E+14 0.00064 
   60   60    1    1    1    1    1    1    1    1  5.84685E+14 0.00070 
   61   61    1    1    1    1    1    1    1    1  5.83365E+14 0.00064 
   62   62    1    1    1    1    1    1    1    1  6.09131E+14 0.00055 
   63   63    1    1    1    1    1    1    1    1  5.14224E+14 0.00063 
   64   64    1    1    1    1    1    1    1    1  4.08910E+14 0.00076 
   65   65    1    1    1    1    1    1    1    1  4.06765E+14 0.00105 
   66   66    1    1    1    1    1    1    1    1  2.93244E+14 0.00089 
   67   67    1    1    1    1    1    1    1    1  2.37099E+14 0.00108 
   68   68    1    1    1    1    1    1    1    1  2.11178E+14 0.00111 
   69   69    1    1    1    1    1    1    1    1  2.53016E+14 0.00098 
   70   70    1    1    1    1    1    1    1    1  2.14527E+14 0.00134 
   71   71    1    1    1    1    1    1    1    1  3.83222E+14 0.00097 
   72   72    1    1    1    1    1    1    1    1  2.69548E+14 0.00063 
   73   73    1    1    1    1    1    1    1    1  2.03897E+14 0.00114 
   74   74    1    1    1    1    1    1    1    1  1.66066E+14 0.00125 
   75   75    1    1    1    1    1    1    1    1  1.39333E+14 0.00153 
   76   76    1    1    1    1    1    1    1    1  1.63813E+14 0.00160 
   77   77    1    1    1    1    1    1    1    1  1.31679E+14 0.00148 
   78   78    1    1    1    1    1    1    1    1  1.05698E+14 0.00161 
   79   79    1    1    1    1    1    1    1    1  1.09561E+14 0.00154 
   80   80    1    1    1    1    1    1    1    1  8.15578E+13 0.00173 
   81   81    1    1    1    1    1    1    1    1  6.28767E+13 0.00142 
   82   82    1    1    1    1    1    1    1    1  4.80901E+13 0.00214 
   83   83    1    1    1    1    1    1    1    1  4.49288E+13 0.00234 
   84   84    1    1    1    1    1    1    1    1  3.22066E+13 0.00253 
   85   85    1    1    1    1    1    1    1    1  2.32962E+13 0.00318 
   86   86    1    1    1    1    1    1    1    1  2.16769E+13 0.00377 
   87   87    1    1    1    1    1    1    1    1  1.31342E+13 0.00508 
   88   88    1    1    1    1    1    1    1    1  8.83242E+12 0.00542 
   89   89    1    1    1    1    1    1    1    1  5.00890E+12 0.00664 
   90   90    1    1    1    1    1    1    1    1  3.27010E+12 0.00889 
   91   91    1    1    1    1    1    1    1    1  1.66622E+12 0.00940 
   92   92    1    1    1    1    1    1    1    1  7.96228E+11 0.01808 
   93   93    1    1    1    1    1    1    1    1  3.80551E+11 0.02711 
   94   94    1    1    1    1    1    1    1    1  1.71596E+11 0.03477 
   95   95    1    1    1    1    1    1    1    1  8.40021E+10 0.03886 
   96   96    1    1    1    1    1    1    1    1  4.21138E+10 0.08309 
   97   97    1    1    1    1    1    1    1    1  1.81842E+10 0.11743 
   98   98    1    1    1    1    1    1    1    1  1.26555E+10 0.14481 
   99   99    1    1    1    1    1    1    1    1  3.82966E+09 0.20721 
  100  100    1    1    1    1    1    1    1    1  2.02419E+09 0.43330 
];


