
DETdpaspec = [
    1    1    1    1    1    1    1    1    1    1  0.00000E+00 0.00000 
    2    2    1    1    1    1    1    1    1    1  0.00000E+00 0.00000 
    3    3    1    1    1    1    1    1    1    1  0.00000E+00 0.00000 
    4    4    1    1    1    1    1    1    1    1  0.00000E+00 0.00000 
    5    5    1    1    1    1    1    1    1    1  0.00000E+00 0.00000 
    6    6    1    1    1    1    1    1    1    1  0.00000E+00 0.00000 
    7    7    1    1    1    1    1    1    1    1  0.00000E+00 0.00000 
    8    8    1    1    1    1    1    1    1    1  0.00000E+00 0.00000 
    9    9    1    1    1    1    1    1    1    1  0.00000E+00 0.00000 
   10   10    1    1    1    1    1    1    1    1  4.35341E+07 0.70067 
   11   11    1    1    1    1    1    1    1    1  3.38969E+07 1.00000 
   12   12    1    1    1    1    1    1    1    1  4.04637E+07 1.00000 
   13   13    1    1    1    1    1    1    1    1  6.41872E+08 0.44598 
   14   14    1    1    1    1    1    1    1    1  1.03293E+09 0.43934 
   15   15    1    1    1    1    1    1    1    1  1.32732E+09 0.37552 
   16   16    1    1    1    1    1    1    1    1  5.88817E+08 0.53281 
   17   17    1    1    1    1    1    1    1    1  4.65519E+08 0.31748 
   18   18    1    1    1    1    1    1    1    1  1.02888E+09 0.32142 
   19   19    1    1    1    1    1    1    1    1  1.99195E+09 0.30086 
   20   20    1    1    1    1    1    1    1    1  7.50420E+09 0.13480 
   21   21    1    1    1    1    1    1    1    1  7.53760E+09 0.14558 
   22   22    1    1    1    1    1    1    1    1  1.37251E+10 0.11722 
   23   23    1    1    1    1    1    1    1    1  2.18537E+10 0.12100 
   24   24    1    1    1    1    1    1    1    1  3.17071E+10 0.05281 
   25   25    1    1    1    1    1    1    1    1  4.22156E+10 0.07075 
   26   26    1    1    1    1    1    1    1    1  7.04112E+10 0.05395 
   27   27    1    1    1    1    1    1    1    1  1.42611E+11 0.03634 
   28   28    1    1    1    1    1    1    1    1  3.39981E+11 0.02719 
   29   29    1    1    1    1    1    1    1    1  5.71218E+11 0.02105 
   30   30    1    1    1    1    1    1    1    1  1.63410E+12 0.01400 
   31   31    1    1    1    1    1    1    1    1  4.85940E+12 0.00972 
   32   32    1    1    1    1    1    1    1    1  9.02376E+12 0.00693 
   33   33    1    1    1    1    1    1    1    1  2.14509E+13 0.00286 
   34   34    1    1    1    1    1    1    1    1  3.00589E+13 0.00240 
   35   35    1    1    1    1    1    1    1    1  3.71926E+13 0.00217 
   36   36    1    1    1    1    1    1    1    1  2.44862E+13 0.00194 
   37   37    1    1    1    1    1    1    1    1  7.40297E+12 0.00366 
   38   38    1    1    1    1    1    1    1    1  4.20709E+13 0.00246 
   39   39    1    1    1    1    1    1    1    1  5.70951E+13 0.00183 
   40   40    1    1    1    1    1    1    1    1  9.88563E+13 0.00185 
   41   41    1    1    1    1    1    1    1    1  9.88777E+13 0.00208 
   42   42    1    1    1    1    1    1    1    1  2.14823E+14 0.00141 
   43   43    1    1    1    1    1    1    1    1  2.63478E+14 0.00087 
   44   44    1    1    1    1    1    1    1    1  3.86717E+14 0.00085 
   45   45    1    1    1    1    1    1    1    1  7.85495E+14 0.00080 
   46   46    1    1    1    1    1    1    1    1  3.67789E+14 0.00090 
   47   47    1    1    1    1    1    1    1    1  5.94194E+14 0.00080 
   48   48    1    1    1    1    1    1    1    1  8.35639E+14 0.00085 
   49   49    1    1    1    1    1    1    1    1  8.32612E+14 0.00069 
   50   50    1    1    1    1    1    1    1    1  1.31872E+15 0.00063 
   51   51    1    1    1    1    1    1    1    1  1.05327E+15 0.00057 
   52   52    1    1    1    1    1    1    1    1  1.27540E+15 0.00064 
   53   53    1    1    1    1    1    1    1    1  8.89768E+14 0.00057 
   54   54    1    1    1    1    1    1    1    1  1.10601E+15 0.00060 
   55   55    1    1    1    1    1    1    1    1  7.63602E+14 0.00062 
   56   56    1    1    1    1    1    1    1    1  1.03911E+14 0.00115 
   57   57    1    1    1    1    1    1    1    1  1.52814E+15 0.00055 
   58   58    1    1    1    1    1    1    1    1  6.93703E+14 0.00071 
   59   59    1    1    1    1    1    1    1    1  7.39217E+14 0.00050 
   60   60    1    1    1    1    1    1    1    1  5.83582E+14 0.00065 
   61   61    1    1    1    1    1    1    1    1  5.85909E+14 0.00086 
   62   62    1    1    1    1    1    1    1    1  6.13141E+14 0.00075 
   63   63    1    1    1    1    1    1    1    1  5.19408E+14 0.00097 
   64   64    1    1    1    1    1    1    1    1  4.15797E+14 0.00095 
   65   65    1    1    1    1    1    1    1    1  4.15331E+14 0.00108 
   66   66    1    1    1    1    1    1    1    1  3.00409E+14 0.00088 
   67   67    1    1    1    1    1    1    1    1  2.44491E+14 0.00122 
   68   68    1    1    1    1    1    1    1    1  2.19270E+14 0.00136 
   69   69    1    1    1    1    1    1    1    1  2.63508E+14 0.00107 
   70   70    1    1    1    1    1    1    1    1  2.24674E+14 0.00123 
   71   71    1    1    1    1    1    1    1    1  4.08073E+14 0.00094 
   72   72    1    1    1    1    1    1    1    1  2.90137E+14 0.00102 
   73   73    1    1    1    1    1    1    1    1  2.19294E+14 0.00133 
   74   74    1    1    1    1    1    1    1    1  1.77520E+14 0.00131 
   75   75    1    1    1    1    1    1    1    1  1.48307E+14 0.00144 
   76   76    1    1    1    1    1    1    1    1  1.73401E+14 0.00154 
   77   77    1    1    1    1    1    1    1    1  1.37640E+14 0.00132 
   78   78    1    1    1    1    1    1    1    1  1.10387E+14 0.00199 
   79   79    1    1    1    1    1    1    1    1  1.14494E+14 0.00221 
   80   80    1    1    1    1    1    1    1    1  8.48553E+13 0.00177 
   81   81    1    1    1    1    1    1    1    1  6.56929E+13 0.00247 
   82   82    1    1    1    1    1    1    1    1  5.03664E+13 0.00286 
   83   83    1    1    1    1    1    1    1    1  4.70159E+13 0.00275 
   84   84    1    1    1    1    1    1    1    1  3.39731E+13 0.00329 
   85   85    1    1    1    1    1    1    1    1  2.45289E+13 0.00328 
   86   86    1    1    1    1    1    1    1    1  2.28324E+13 0.00433 
   87   87    1    1    1    1    1    1    1    1  1.39920E+13 0.00467 
   88   88    1    1    1    1    1    1    1    1  9.44836E+12 0.00528 
   89   89    1    1    1    1    1    1    1    1  5.47627E+12 0.00554 
   90   90    1    1    1    1    1    1    1    1  3.64076E+12 0.00742 
   91   91    1    1    1    1    1    1    1    1  1.76307E+12 0.01081 
   92   92    1    1    1    1    1    1    1    1  8.44780E+11 0.01715 
   93   93    1    1    1    1    1    1    1    1  4.19007E+11 0.02525 
   94   94    1    1    1    1    1    1    1    1  1.98674E+11 0.03286 
   95   95    1    1    1    1    1    1    1    1  9.83558E+10 0.06188 
   96   96    1    1    1    1    1    1    1    1  4.39558E+10 0.06204 
   97   97    1    1    1    1    1    1    1    1  2.60964E+10 0.09648 
   98   98    1    1    1    1    1    1    1    1  1.31700E+10 0.14492 
   99   99    1    1    1    1    1    1    1    1  5.64149E+09 0.21517 
  100  100    1    1    1    1    1    1    1    1  3.60373E+09 0.29278 
];


