
DETdpaspec = [
    1    1    1    1    1    1    1    1    1    1  0.00000E+00 0.00000 
    2    2    1    1    1    1    1    1    1    1  0.00000E+00 0.00000 
    3    3    1    1    1    1    1    1    1    1  0.00000E+00 0.00000 
    4    4    1    1    1    1    1    1    1    1  0.00000E+00 0.00000 
    5    5    1    1    1    1    1    1    1    1  0.00000E+00 0.00000 
    6    6    1    1    1    1    1    1    1    1  0.00000E+00 0.00000 
    7    7    1    1    1    1    1    1    1    1  0.00000E+00 0.00000 
    8    8    1    1    1    1    1    1    1    1  1.34240E+07 1.00000 
    9    9    1    1    1    1    1    1    1    1  0.00000E+00 0.00000 
   10   10    1    1    1    1    1    1    1    1  0.00000E+00 0.00000 
   11   11    1    1    1    1    1    1    1    1  3.78573E+07 1.00000 
   12   12    1    1    1    1    1    1    1    1  0.00000E+00 0.00000 
   13   13    1    1    1    1    1    1    1    1  2.08521E+08 1.00000 
   14   14    1    1    1    1    1    1    1    1  2.80247E+08 0.56947 
   15   15    1    1    1    1    1    1    1    1  2.77603E+08 0.65290 
   16   16    1    1    1    1    1    1    1    1  1.65292E+09 0.44965 
   17   17    1    1    1    1    1    1    1    1  6.33977E+08 0.44277 
   18   18    1    1    1    1    1    1    1    1  2.49306E+09 0.40888 
   19   19    1    1    1    1    1    1    1    1  1.39939E+09 0.32053 
   20   20    1    1    1    1    1    1    1    1  5.01706E+09 0.30294 
   21   21    1    1    1    1    1    1    1    1  5.52875E+09 0.17663 
   22   22    1    1    1    1    1    1    1    1  9.61887E+09 0.18941 
   23   23    1    1    1    1    1    1    1    1  2.13477E+10 0.08617 
   24   24    1    1    1    1    1    1    1    1  3.79642E+10 0.08196 
   25   25    1    1    1    1    1    1    1    1  5.90773E+10 0.06788 
   26   26    1    1    1    1    1    1    1    1  1.30034E+11 0.03388 
   27   27    1    1    1    1    1    1    1    1  2.90424E+11 0.02625 
   28   28    1    1    1    1    1    1    1    1  7.06947E+11 0.02305 
   29   29    1    1    1    1    1    1    1    1  1.26481E+12 0.01118 
   30   30    1    1    1    1    1    1    1    1  3.06005E+12 0.01147 
   31   31    1    1    1    1    1    1    1    1  8.06106E+12 0.00621 
   32   32    1    1    1    1    1    1    1    1  1.36175E+13 0.00549 
   33   33    1    1    1    1    1    1    1    1  3.06400E+13 0.00341 
   34   34    1    1    1    1    1    1    1    1  4.11436E+13 0.00248 
   35   35    1    1    1    1    1    1    1    1  4.66164E+13 0.00254 
   36   36    1    1    1    1    1    1    1    1  2.91842E+13 0.00217 
   37   37    1    1    1    1    1    1    1    1  8.65326E+12 0.00232 
   38   38    1    1    1    1    1    1    1    1  4.95071E+13 0.00137 
   39   39    1    1    1    1    1    1    1    1  6.66497E+13 0.00117 
   40   40    1    1    1    1    1    1    1    1  1.14557E+14 0.00127 
   41   41    1    1    1    1    1    1    1    1  1.12113E+14 0.00143 
   42   42    1    1    1    1    1    1    1    1  2.43966E+14 0.00136 
   43   43    1    1    1    1    1    1    1    1  2.96137E+14 0.00100 
   44   44    1    1    1    1    1    1    1    1  4.29959E+14 0.00088 
   45   45    1    1    1    1    1    1    1    1  8.62832E+14 0.00068 
   46   46    1    1    1    1    1    1    1    1  3.95212E+14 0.00055 
   47   47    1    1    1    1    1    1    1    1  6.33272E+14 0.00063 
   48   48    1    1    1    1    1    1    1    1  8.80786E+14 0.00056 
   49   49    1    1    1    1    1    1    1    1  8.69887E+14 0.00070 
   50   50    1    1    1    1    1    1    1    1  1.37465E+15 0.00056 
   51   51    1    1    1    1    1    1    1    1  1.07866E+15 0.00050 
   52   52    1    1    1    1    1    1    1    1  1.30851E+15 0.00056 
   53   53    1    1    1    1    1    1    1    1  9.05809E+14 0.00062 
   54   54    1    1    1    1    1    1    1    1  1.12845E+15 0.00054 
   55   55    1    1    1    1    1    1    1    1  7.75483E+14 0.00058 
   56   56    1    1    1    1    1    1    1    1  1.05071E+14 0.00120 
   57   57    1    1    1    1    1    1    1    1  1.54020E+15 0.00041 
   58   58    1    1    1    1    1    1    1    1  7.03772E+14 0.00052 
   59   59    1    1    1    1    1    1    1    1  7.45449E+14 0.00054 
   60   60    1    1    1    1    1    1    1    1  5.91528E+14 0.00056 
   61   61    1    1    1    1    1    1    1    1  5.91644E+14 0.00067 
   62   62    1    1    1    1    1    1    1    1  6.17061E+14 0.00070 
   63   63    1    1    1    1    1    1    1    1  5.22835E+14 0.00068 
   64   64    1    1    1    1    1    1    1    1  4.17699E+14 0.00067 
   65   65    1    1    1    1    1    1    1    1  4.16468E+14 0.00052 
   66   66    1    1    1    1    1    1    1    1  3.00938E+14 0.00070 
   67   67    1    1    1    1    1    1    1    1  2.43604E+14 0.00088 
   68   68    1    1    1    1    1    1    1    1  2.17436E+14 0.00089 
   69   69    1    1    1    1    1    1    1    1  2.61022E+14 0.00097 
   70   70    1    1    1    1    1    1    1    1  2.21862E+14 0.00098 
   71   71    1    1    1    1    1    1    1    1  3.99682E+14 0.00086 
   72   72    1    1    1    1    1    1    1    1  2.82272E+14 0.00096 
   73   73    1    1    1    1    1    1    1    1  2.13510E+14 0.00115 
   74   74    1    1    1    1    1    1    1    1  1.73541E+14 0.00137 
   75   75    1    1    1    1    1    1    1    1  1.45830E+14 0.00113 
   76   76    1    1    1    1    1    1    1    1  1.71201E+14 0.00115 
   77   77    1    1    1    1    1    1    1    1  1.36763E+14 0.00149 
   78   78    1    1    1    1    1    1    1    1  1.10046E+14 0.00155 
   79   79    1    1    1    1    1    1    1    1  1.14524E+14 0.00135 
   80   80    1    1    1    1    1    1    1    1  8.51857E+13 0.00147 
   81   81    1    1    1    1    1    1    1    1  6.55063E+13 0.00174 
   82   82    1    1    1    1    1    1    1    1  5.04454E+13 0.00236 
   83   83    1    1    1    1    1    1    1    1  4.69758E+13 0.00238 
   84   84    1    1    1    1    1    1    1    1  3.36198E+13 0.00280 
   85   85    1    1    1    1    1    1    1    1  2.44979E+13 0.00284 
   86   86    1    1    1    1    1    1    1    1  2.28134E+13 0.00306 
   87   87    1    1    1    1    1    1    1    1  1.39835E+13 0.00340 
   88   88    1    1    1    1    1    1    1    1  9.36307E+12 0.00277 
   89   89    1    1    1    1    1    1    1    1  5.31650E+12 0.00739 
   90   90    1    1    1    1    1    1    1    1  3.56621E+12 0.01077 
   91   91    1    1    1    1    1    1    1    1  1.78035E+12 0.01395 
   92   92    1    1    1    1    1    1    1    1  8.82105E+11 0.01927 
   93   93    1    1    1    1    1    1    1    1  4.22984E+11 0.02400 
   94   94    1    1    1    1    1    1    1    1  2.00168E+11 0.04075 
   95   95    1    1    1    1    1    1    1    1  9.35507E+10 0.05648 
   96   96    1    1    1    1    1    1    1    1  4.35293E+10 0.08389 
   97   97    1    1    1    1    1    1    1    1  1.77827E+10 0.12384 
   98   98    1    1    1    1    1    1    1    1  1.01295E+10 0.17358 
   99   99    1    1    1    1    1    1    1    1  3.62017E+09 0.28971 
  100  100    1    1    1    1    1    1    1    1  3.53875E+09 0.23888 
];


