
DETdpaspec = [
    1    1    1    1    1    1    1    1    1    1  0.00000E+00 0.00000 
    2    2    1    1    1    1    1    1    1    1  0.00000E+00 0.00000 
    3    3    1    1    1    1    1    1    1    1  0.00000E+00 0.00000 
    4    4    1    1    1    1    1    1    1    1  0.00000E+00 0.00000 
    5    5    1    1    1    1    1    1    1    1  0.00000E+00 0.00000 
    6    6    1    1    1    1    1    1    1    1  0.00000E+00 0.00000 
    7    7    1    1    1    1    1    1    1    1  0.00000E+00 0.00000 
    8    8    1    1    1    1    1    1    1    1  5.35306E+06 1.00000 
    9    9    1    1    1    1    1    1    1    1  0.00000E+00 0.00000 
   10   10    1    1    1    1    1    1    1    1  0.00000E+00 0.00000 
   11   11    1    1    1    1    1    1    1    1  0.00000E+00 0.00000 
   12   12    1    1    1    1    1    1    1    1  0.00000E+00 0.00000 
   13   13    1    1    1    1    1    1    1    1  1.38291E+09 0.38469 
   14   14    1    1    1    1    1    1    1    1  1.08461E+09 0.45625 
   15   15    1    1    1    1    1    1    1    1  7.11328E+08 0.47712 
   16   16    1    1    1    1    1    1    1    1  1.89466E+08 0.55982 
   17   17    1    1    1    1    1    1    1    1  5.15561E+08 0.39494 
   18   18    1    1    1    1    1    1    1    1  8.16492E+08 0.30322 
   19   19    1    1    1    1    1    1    1    1  1.46973E+09 0.30419 
   20   20    1    1    1    1    1    1    1    1  9.76041E+09 0.19660 
   21   21    1    1    1    1    1    1    1    1  6.44312E+09 0.17076 
   22   22    1    1    1    1    1    1    1    1  1.20189E+10 0.10777 
   23   23    1    1    1    1    1    1    1    1  1.76090E+10 0.10533 
   24   24    1    1    1    1    1    1    1    1  3.25964E+10 0.12706 
   25   25    1    1    1    1    1    1    1    1  4.51446E+10 0.08895 
   26   26    1    1    1    1    1    1    1    1  6.83975E+10 0.07687 
   27   27    1    1    1    1    1    1    1    1  1.39657E+11 0.03661 
   28   28    1    1    1    1    1    1    1    1  3.08221E+11 0.02470 
   29   29    1    1    1    1    1    1    1    1  5.42386E+11 0.02111 
   30   30    1    1    1    1    1    1    1    1  1.52928E+12 0.01365 
   31   31    1    1    1    1    1    1    1    1  4.56791E+12 0.00743 
   32   32    1    1    1    1    1    1    1    1  8.41419E+12 0.00585 
   33   33    1    1    1    1    1    1    1    1  2.02869E+13 0.00447 
   34   34    1    1    1    1    1    1    1    1  2.85341E+13 0.00375 
   35   35    1    1    1    1    1    1    1    1  3.60832E+13 0.00323 
   36   36    1    1    1    1    1    1    1    1  2.39162E+13 0.00228 
   37   37    1    1    1    1    1    1    1    1  7.26384E+12 0.00308 
   38   38    1    1    1    1    1    1    1    1  4.11065E+13 0.00177 
   39   39    1    1    1    1    1    1    1    1  5.57700E+13 0.00208 
   40   40    1    1    1    1    1    1    1    1  9.65988E+13 0.00169 
   41   41    1    1    1    1    1    1    1    1  9.72561E+13 0.00174 
   42   42    1    1    1    1    1    1    1    1  2.10984E+14 0.00149 
   43   43    1    1    1    1    1    1    1    1  2.58428E+14 0.00104 
   44   44    1    1    1    1    1    1    1    1  3.79699E+14 0.00114 
   45   45    1    1    1    1    1    1    1    1  7.73045E+14 0.00065 
   46   46    1    1    1    1    1    1    1    1  3.63025E+14 0.00072 
   47   47    1    1    1    1    1    1    1    1  5.87795E+14 0.00080 
   48   48    1    1    1    1    1    1    1    1  8.27488E+14 0.00054 
   49   49    1    1    1    1    1    1    1    1  8.25807E+14 0.00053 
   50   50    1    1    1    1    1    1    1    1  1.30862E+15 0.00056 
   51   51    1    1    1    1    1    1    1    1  1.04818E+15 0.00048 
   52   52    1    1    1    1    1    1    1    1  1.26586E+15 0.00050 
   53   53    1    1    1    1    1    1    1    1  8.86721E+14 0.00071 
   54   54    1    1    1    1    1    1    1    1  1.09873E+15 0.00052 
   55   55    1    1    1    1    1    1    1    1  7.59779E+14 0.00059 
   56   56    1    1    1    1    1    1    1    1  1.03289E+14 0.00151 
   57   57    1    1    1    1    1    1    1    1  1.51878E+15 0.00041 
   58   58    1    1    1    1    1    1    1    1  6.87621E+14 0.00068 
   59   59    1    1    1    1    1    1    1    1  7.33050E+14 0.00065 
   60   60    1    1    1    1    1    1    1    1  5.78039E+14 0.00077 
   61   61    1    1    1    1    1    1    1    1  5.80582E+14 0.00072 
   62   62    1    1    1    1    1    1    1    1  6.07771E+14 0.00068 
   63   63    1    1    1    1    1    1    1    1  5.15138E+14 0.00073 
   64   64    1    1    1    1    1    1    1    1  4.12596E+14 0.00082 
   65   65    1    1    1    1    1    1    1    1  4.11912E+14 0.00075 
   66   66    1    1    1    1    1    1    1    1  2.98387E+14 0.00086 
   67   67    1    1    1    1    1    1    1    1  2.42916E+14 0.00087 
   68   68    1    1    1    1    1    1    1    1  2.17669E+14 0.00093 
   69   69    1    1    1    1    1    1    1    1  2.61737E+14 0.00053 
   70   70    1    1    1    1    1    1    1    1  2.23250E+14 0.00122 
   71   71    1    1    1    1    1    1    1    1  4.06700E+14 0.00084 
   72   72    1    1    1    1    1    1    1    1  2.89359E+14 0.00085 
   73   73    1    1    1    1    1    1    1    1  2.18785E+14 0.00128 
   74   74    1    1    1    1    1    1    1    1  1.76663E+14 0.00086 
   75   75    1    1    1    1    1    1    1    1  1.47322E+14 0.00108 
   76   76    1    1    1    1    1    1    1    1  1.72072E+14 0.00124 
   77   77    1    1    1    1    1    1    1    1  1.36586E+14 0.00122 
   78   78    1    1    1    1    1    1    1    1  1.09357E+14 0.00181 
   79   79    1    1    1    1    1    1    1    1  1.13415E+14 0.00129 
   80   80    1    1    1    1    1    1    1    1  8.42570E+13 0.00152 
   81   81    1    1    1    1    1    1    1    1  6.46555E+13 0.00247 
   82   82    1    1    1    1    1    1    1    1  4.98530E+13 0.00258 
   83   83    1    1    1    1    1    1    1    1  4.63534E+13 0.00266 
   84   84    1    1    1    1    1    1    1    1  3.33858E+13 0.00292 
   85   85    1    1    1    1    1    1    1    1  2.41146E+13 0.00287 
   86   86    1    1    1    1    1    1    1    1  2.25326E+13 0.00266 
   87   87    1    1    1    1    1    1    1    1  1.38363E+13 0.00367 
   88   88    1    1    1    1    1    1    1    1  9.34317E+12 0.00482 
   89   89    1    1    1    1    1    1    1    1  5.33524E+12 0.00769 
   90   90    1    1    1    1    1    1    1    1  3.57315E+12 0.00770 
   91   91    1    1    1    1    1    1    1    1  1.81269E+12 0.01049 
   92   92    1    1    1    1    1    1    1    1  8.89855E+11 0.01608 
   93   93    1    1    1    1    1    1    1    1  4.14762E+11 0.02974 
   94   94    1    1    1    1    1    1    1    1  2.04467E+11 0.03679 
   95   95    1    1    1    1    1    1    1    1  9.30363E+10 0.05249 
   96   96    1    1    1    1    1    1    1    1  4.46015E+10 0.06712 
   97   97    1    1    1    1    1    1    1    1  2.19392E+10 0.08897 
   98   98    1    1    1    1    1    1    1    1  1.11271E+10 0.16678 
   99   99    1    1    1    1    1    1    1    1  4.05405E+09 0.33265 
  100  100    1    1    1    1    1    1    1    1  3.47812E+09 0.25800 
];


