
DETdpaspec = [
    1    1    1    1    1    1    1    1    1    1  0.00000E+00 0.00000 
    2    2    1    1    1    1    1    1    1    1  0.00000E+00 0.00000 
    3    3    1    1    1    1    1    1    1    1  0.00000E+00 0.00000 
    4    4    1    1    1    1    1    1    1    1  0.00000E+00 0.00000 
    5    5    1    1    1    1    1    1    1    1  1.38186E+07 1.00000 
    6    6    1    1    1    1    1    1    1    1  0.00000E+00 0.00000 
    7    7    1    1    1    1    1    1    1    1  0.00000E+00 0.00000 
    8    8    1    1    1    1    1    1    1    1  0.00000E+00 0.00000 
    9    9    1    1    1    1    1    1    1    1  0.00000E+00 0.00000 
   10   10    1    1    1    1    1    1    1    1  0.00000E+00 0.00000 
   11   11    1    1    1    1    1    1    1    1  8.41132E+07 1.00000 
   12   12    1    1    1    1    1    1    1    1  1.30858E+08 0.79728 
   13   13    1    1    1    1    1    1    1    1  3.84401E+08 0.75332 
   14   14    1    1    1    1    1    1    1    1  9.98577E+08 0.55273 
   15   15    1    1    1    1    1    1    1    1  9.94567E+08 0.79460 
   16   16    1    1    1    1    1    1    1    1  7.93323E+07 1.00000 
   17   17    1    1    1    1    1    1    1    1  7.44824E+08 0.38833 
   18   18    1    1    1    1    1    1    1    1  1.86240E+09 0.34919 
   19   19    1    1    1    1    1    1    1    1  1.61828E+09 0.42316 
   20   20    1    1    1    1    1    1    1    1  7.33102E+09 0.25847 
   21   21    1    1    1    1    1    1    1    1  5.24120E+09 0.13820 
   22   22    1    1    1    1    1    1    1    1  1.19806E+10 0.13852 
   23   23    1    1    1    1    1    1    1    1  2.22034E+10 0.12651 
   24   24    1    1    1    1    1    1    1    1  4.68124E+10 0.08358 
   25   25    1    1    1    1    1    1    1    1  7.10592E+10 0.05595 
   26   26    1    1    1    1    1    1    1    1  1.69499E+11 0.04234 
   27   27    1    1    1    1    1    1    1    1  3.86867E+11 0.02597 
   28   28    1    1    1    1    1    1    1    1  9.71395E+11 0.01770 
   29   29    1    1    1    1    1    1    1    1  1.68790E+12 0.01284 
   30   30    1    1    1    1    1    1    1    1  3.88044E+12 0.00723 
   31   31    1    1    1    1    1    1    1    1  9.76555E+12 0.00525 
   32   32    1    1    1    1    1    1    1    1  1.59534E+13 0.00544 
   33   33    1    1    1    1    1    1    1    1  3.48069E+13 0.00263 
   34   34    1    1    1    1    1    1    1    1  4.58297E+13 0.00266 
   35   35    1    1    1    1    1    1    1    1  5.03293E+13 0.00246 
   36   36    1    1    1    1    1    1    1    1  3.10963E+13 0.00220 
   37   37    1    1    1    1    1    1    1    1  9.17979E+12 0.00259 
   38   38    1    1    1    1    1    1    1    1  5.26503E+13 0.00242 
   39   39    1    1    1    1    1    1    1    1  7.06615E+13 0.00150 
   40   40    1    1    1    1    1    1    1    1  1.20924E+14 0.00166 
   41   41    1    1    1    1    1    1    1    1  1.17924E+14 0.00145 
   42   42    1    1    1    1    1    1    1    1  2.56227E+14 0.00132 
   43   43    1    1    1    1    1    1    1    1  3.09221E+14 0.00111 
   44   44    1    1    1    1    1    1    1    1  4.46862E+14 0.00117 
   45   45    1    1    1    1    1    1    1    1  8.91943E+14 0.00078 
   46   46    1    1    1    1    1    1    1    1  4.05360E+14 0.00084 
   47   47    1    1    1    1    1    1    1    1  6.47894E+14 0.00081 
   48   48    1    1    1    1    1    1    1    1  8.97550E+14 0.00081 
   49   49    1    1    1    1    1    1    1    1  8.81968E+14 0.00066 
   50   50    1    1    1    1    1    1    1    1  1.39119E+15 0.00063 
   51   51    1    1    1    1    1    1    1    1  1.08459E+15 0.00056 
   52   52    1    1    1    1    1    1    1    1  1.31558E+15 0.00055 
   53   53    1    1    1    1    1    1    1    1  9.07570E+14 0.00061 
   54   54    1    1    1    1    1    1    1    1  1.13147E+15 0.00058 
   55   55    1    1    1    1    1    1    1    1  7.76215E+14 0.00065 
   56   56    1    1    1    1    1    1    1    1  1.05057E+14 0.00113 
   57   57    1    1    1    1    1    1    1    1  1.53776E+15 0.00069 
   58   58    1    1    1    1    1    1    1    1  7.02847E+14 0.00076 
   59   59    1    1    1    1    1    1    1    1  7.43145E+14 0.00075 
   60   60    1    1    1    1    1    1    1    1  5.89664E+14 0.00072 
   61   61    1    1    1    1    1    1    1    1  5.89317E+14 0.00082 
   62   62    1    1    1    1    1    1    1    1  6.15600E+14 0.00072 
   63   63    1    1    1    1    1    1    1    1  5.20771E+14 0.00049 
   64   64    1    1    1    1    1    1    1    1  4.14759E+14 0.00094 
   65   65    1    1    1    1    1    1    1    1  4.13260E+14 0.00076 
   66   66    1    1    1    1    1    1    1    1  2.98431E+14 0.00088 
   67   67    1    1    1    1    1    1    1    1  2.41614E+14 0.00101 
   68   68    1    1    1    1    1    1    1    1  2.15745E+14 0.00087 
   69   69    1    1    1    1    1    1    1    1  2.58452E+14 0.00130 
   70   70    1    1    1    1    1    1    1    1  2.19839E+14 0.00110 
   71   71    1    1    1    1    1    1    1    1  3.93788E+14 0.00099 
   72   72    1    1    1    1    1    1    1    1  2.78302E+14 0.00098 
   73   73    1    1    1    1    1    1    1    1  2.09784E+14 0.00121 
   74   74    1    1    1    1    1    1    1    1  1.70824E+14 0.00113 
   75   75    1    1    1    1    1    1    1    1  1.43729E+14 0.00125 
   76   76    1    1    1    1    1    1    1    1  1.68572E+14 0.00151 
   77   77    1    1    1    1    1    1    1    1  1.35197E+14 0.00152 
   78   78    1    1    1    1    1    1    1    1  1.08594E+14 0.00132 
   79   79    1    1    1    1    1    1    1    1  1.12957E+14 0.00113 
   80   80    1    1    1    1    1    1    1    1  8.39158E+13 0.00185 
   81   81    1    1    1    1    1    1    1    1  6.46698E+13 0.00215 
   82   82    1    1    1    1    1    1    1    1  4.95877E+13 0.00158 
   83   83    1    1    1    1    1    1    1    1  4.65398E+13 0.00181 
   84   84    1    1    1    1    1    1    1    1  3.33986E+13 0.00164 
   85   85    1    1    1    1    1    1    1    1  2.40285E+13 0.00360 
   86   86    1    1    1    1    1    1    1    1  2.24889E+13 0.00364 
   87   87    1    1    1    1    1    1    1    1  1.37492E+13 0.00459 
   88   88    1    1    1    1    1    1    1    1  9.27517E+12 0.00544 
   89   89    1    1    1    1    1    1    1    1  5.26634E+12 0.00621 
   90   90    1    1    1    1    1    1    1    1  3.41708E+12 0.00806 
   91   91    1    1    1    1    1    1    1    1  1.72438E+12 0.01218 
   92   92    1    1    1    1    1    1    1    1  8.50932E+11 0.01717 
   93   93    1    1    1    1    1    1    1    1  4.00200E+11 0.02319 
   94   94    1    1    1    1    1    1    1    1  1.78084E+11 0.04357 
   95   95    1    1    1    1    1    1    1    1  9.43374E+10 0.04185 
   96   96    1    1    1    1    1    1    1    1  4.37666E+10 0.07916 
   97   97    1    1    1    1    1    1    1    1  2.19195E+10 0.10072 
   98   98    1    1    1    1    1    1    1    1  8.36424E+09 0.12658 
   99   99    1    1    1    1    1    1    1    1  5.74369E+09 0.22433 
  100  100    1    1    1    1    1    1    1    1  3.90925E+09 0.25512 
];


