
DETdpaspec = [
    1    1    1    1    1    1    1    1    1    1  0.00000E+00 0.00000 
    2    2    1    1    1    1    1    1    1    1  0.00000E+00 0.00000 
    3    3    1    1    1    1    1    1    1    1  0.00000E+00 0.00000 
    4    4    1    1    1    1    1    1    1    1  0.00000E+00 0.00000 
    5    5    1    1    1    1    1    1    1    1  0.00000E+00 0.00000 
    6    6    1    1    1    1    1    1    1    1  0.00000E+00 0.00000 
    7    7    1    1    1    1    1    1    1    1  0.00000E+00 0.00000 
    8    8    1    1    1    1    1    1    1    1  0.00000E+00 0.00000 
    9    9    1    1    1    1    1    1    1    1  0.00000E+00 0.00000 
   10   10    1    1    1    1    1    1    1    1  2.41765E+07 1.00000 
   11   11    1    1    1    1    1    1    1    1  1.58465E+08 0.80933 
   12   12    1    1    1    1    1    1    1    1  8.32921E+07 0.63676 
   13   13    1    1    1    1    1    1    1    1  4.85903E+08 0.62967 
   14   14    1    1    1    1    1    1    1    1  1.06990E+09 0.42647 
   15   15    1    1    1    1    1    1    1    1  8.33614E+08 0.50047 
   16   16    1    1    1    1    1    1    1    1  7.48743E+08 0.42529 
   17   17    1    1    1    1    1    1    1    1  1.02556E+09 0.29313 
   18   18    1    1    1    1    1    1    1    1  2.96279E+09 0.22182 
   19   19    1    1    1    1    1    1    1    1  2.56016E+09 0.25383 
   20   20    1    1    1    1    1    1    1    1  6.99508E+09 0.19411 
   21   21    1    1    1    1    1    1    1    1  5.64585E+09 0.15921 
   22   22    1    1    1    1    1    1    1    1  1.27714E+10 0.15997 
   23   23    1    1    1    1    1    1    1    1  2.04214E+10 0.08589 
   24   24    1    1    1    1    1    1    1    1  4.30203E+10 0.05971 
   25   25    1    1    1    1    1    1    1    1  4.76405E+10 0.05634 
   26   26    1    1    1    1    1    1    1    1  7.13301E+10 0.04589 
   27   27    1    1    1    1    1    1    1    1  1.40632E+11 0.03390 
   28   28    1    1    1    1    1    1    1    1  3.00014E+11 0.02928 
   29   29    1    1    1    1    1    1    1    1  5.01482E+11 0.01673 
   30   30    1    1    1    1    1    1    1    1  1.40907E+12 0.01259 
   31   31    1    1    1    1    1    1    1    1  4.37808E+12 0.00851 
   32   32    1    1    1    1    1    1    1    1  8.17181E+12 0.00575 
   33   33    1    1    1    1    1    1    1    1  1.95901E+13 0.00324 
   34   34    1    1    1    1    1    1    1    1  2.77228E+13 0.00359 
   35   35    1    1    1    1    1    1    1    1  3.53059E+13 0.00309 
   36   36    1    1    1    1    1    1    1    1  2.35344E+13 0.00310 
   37   37    1    1    1    1    1    1    1    1  7.15555E+12 0.00387 
   38   38    1    1    1    1    1    1    1    1  4.05224E+13 0.00254 
   39   39    1    1    1    1    1    1    1    1  5.49496E+13 0.00164 
   40   40    1    1    1    1    1    1    1    1  9.54264E+13 0.00197 
   41   41    1    1    1    1    1    1    1    1  9.63873E+13 0.00158 
   42   42    1    1    1    1    1    1    1    1  2.09014E+14 0.00152 
   43   43    1    1    1    1    1    1    1    1  2.56317E+14 0.00123 
   44   44    1    1    1    1    1    1    1    1  3.76620E+14 0.00066 
   45   45    1    1    1    1    1    1    1    1  7.65792E+14 0.00083 
   46   46    1    1    1    1    1    1    1    1  3.60151E+14 0.00038 
   47   47    1    1    1    1    1    1    1    1  5.84044E+14 0.00073 
   48   48    1    1    1    1    1    1    1    1  8.22191E+14 0.00077 
   49   49    1    1    1    1    1    1    1    1  8.23271E+14 0.00071 
   50   50    1    1    1    1    1    1    1    1  1.30410E+15 0.00052 
   51   51    1    1    1    1    1    1    1    1  1.04601E+15 0.00061 
   52   52    1    1    1    1    1    1    1    1  1.26143E+15 0.00073 
   53   53    1    1    1    1    1    1    1    1  8.83574E+14 0.00050 
   54   54    1    1    1    1    1    1    1    1  1.09437E+15 0.00050 
   55   55    1    1    1    1    1    1    1    1  7.56424E+14 0.00054 
   56   56    1    1    1    1    1    1    1    1  1.03296E+14 0.00078 
   57   57    1    1    1    1    1    1    1    1  1.51434E+15 0.00060 
   58   58    1    1    1    1    1    1    1    1  6.84584E+14 0.00064 
   59   59    1    1    1    1    1    1    1    1  7.31585E+14 0.00078 
   60   60    1    1    1    1    1    1    1    1  5.74538E+14 0.00062 
   61   61    1    1    1    1    1    1    1    1  5.77669E+14 0.00036 
   62   62    1    1    1    1    1    1    1    1  6.04268E+14 0.00058 
   63   63    1    1    1    1    1    1    1    1  5.12602E+14 0.00075 
   64   64    1    1    1    1    1    1    1    1  4.10815E+14 0.00083 
   65   65    1    1    1    1    1    1    1    1  4.10642E+14 0.00079 
   66   66    1    1    1    1    1    1    1    1  2.96754E+14 0.00091 
   67   67    1    1    1    1    1    1    1    1  2.41922E+14 0.00111 
   68   68    1    1    1    1    1    1    1    1  2.17023E+14 0.00100 
   69   69    1    1    1    1    1    1    1    1  2.61114E+14 0.00124 
   70   70    1    1    1    1    1    1    1    1  2.22990E+14 0.00098 
   71   71    1    1    1    1    1    1    1    1  4.06285E+14 0.00111 
   72   72    1    1    1    1    1    1    1    1  2.88557E+14 0.00142 
   73   73    1    1    1    1    1    1    1    1  2.18635E+14 0.00102 
   74   74    1    1    1    1    1    1    1    1  1.76531E+14 0.00100 
   75   75    1    1    1    1    1    1    1    1  1.46931E+14 0.00154 
   76   76    1    1    1    1    1    1    1    1  1.70963E+14 0.00112 
   77   77    1    1    1    1    1    1    1    1  1.35821E+14 0.00135 
   78   78    1    1    1    1    1    1    1    1  1.08781E+14 0.00155 
   79   79    1    1    1    1    1    1    1    1  1.12309E+14 0.00157 
   80   80    1    1    1    1    1    1    1    1  8.33466E+13 0.00178 
   81   81    1    1    1    1    1    1    1    1  6.43322E+13 0.00210 
   82   82    1    1    1    1    1    1    1    1  4.92586E+13 0.00252 
   83   83    1    1    1    1    1    1    1    1  4.61126E+13 0.00179 
   84   84    1    1    1    1    1    1    1    1  3.32139E+13 0.00201 
   85   85    1    1    1    1    1    1    1    1  2.39356E+13 0.00322 
   86   86    1    1    1    1    1    1    1    1  2.24135E+13 0.00329 
   87   87    1    1    1    1    1    1    1    1  1.37088E+13 0.00440 
   88   88    1    1    1    1    1    1    1    1  9.29943E+12 0.00644 
   89   89    1    1    1    1    1    1    1    1  5.32760E+12 0.00814 
   90   90    1    1    1    1    1    1    1    1  3.52495E+12 0.00714 
   91   91    1    1    1    1    1    1    1    1  1.78765E+12 0.01227 
   92   92    1    1    1    1    1    1    1    1  8.88127E+11 0.01796 
   93   93    1    1    1    1    1    1    1    1  4.21377E+11 0.02323 
   94   94    1    1    1    1    1    1    1    1  1.98751E+11 0.03990 
   95   95    1    1    1    1    1    1    1    1  9.11745E+10 0.06321 
   96   96    1    1    1    1    1    1    1    1  4.47421E+10 0.06372 
   97   97    1    1    1    1    1    1    1    1  2.12445E+10 0.11079 
   98   98    1    1    1    1    1    1    1    1  9.81175E+09 0.17987 
   99   99    1    1    1    1    1    1    1    1  5.91431E+09 0.16878 
  100  100    1    1    1    1    1    1    1    1  4.85787E+09 0.15470 
];


