
DETdpaspec = [
    1    1    1    1    1    1    1    1    1    1  0.00000E+00 0.00000 
    2    2    1    1    1    1    1    1    1    1  0.00000E+00 0.00000 
    3    3    1    1    1    1    1    1    1    1  4.23170E+06 1.00000 
    4    4    1    1    1    1    1    1    1    1  0.00000E+00 0.00000 
    5    5    1    1    1    1    1    1    1    1  0.00000E+00 0.00000 
    6    6    1    1    1    1    1    1    1    1  0.00000E+00 0.00000 
    7    7    1    1    1    1    1    1    1    1  0.00000E+00 0.00000 
    8    8    1    1    1    1    1    1    1    1  0.00000E+00 0.00000 
    9    9    1    1    1    1    1    1    1    1  0.00000E+00 0.00000 
   10   10    1    1    1    1    1    1    1    1  0.00000E+00 0.00000 
   11   11    1    1    1    1    1    1    1    1  0.00000E+00 0.00000 
   12   12    1    1    1    1    1    1    1    1  1.32897E+07 0.88406 
   13   13    1    1    1    1    1    1    1    1  1.19751E+09 0.41471 
   14   14    1    1    1    1    1    1    1    1  1.03091E+09 0.41195 
   15   15    1    1    1    1    1    1    1    1  2.18581E+09 0.30564 
   16   16    1    1    1    1    1    1    1    1  5.58880E+08 0.33204 
   17   17    1    1    1    1    1    1    1    1  1.08870E+09 0.21249 
   18   18    1    1    1    1    1    1    1    1  2.94276E+09 0.21226 
   19   19    1    1    1    1    1    1    1    1  2.45274E+09 0.20227 
   20   20    1    1    1    1    1    1    1    1  1.06183E+10 0.19368 
   21   21    1    1    1    1    1    1    1    1  7.31001E+09 0.12226 
   22   22    1    1    1    1    1    1    1    1  2.06296E+10 0.11579 
   23   23    1    1    1    1    1    1    1    1  2.71013E+10 0.09911 
   24   24    1    1    1    1    1    1    1    1  4.39776E+10 0.06125 
   25   25    1    1    1    1    1    1    1    1  4.79909E+10 0.05239 
   26   26    1    1    1    1    1    1    1    1  9.02180E+10 0.04168 
   27   27    1    1    1    1    1    1    1    1  1.51705E+11 0.04364 
   28   28    1    1    1    1    1    1    1    1  2.85163E+11 0.02796 
   29   29    1    1    1    1    1    1    1    1  4.25059E+11 0.01963 
   30   30    1    1    1    1    1    1    1    1  1.26613E+12 0.01651 
   31   31    1    1    1    1    1    1    1    1  3.97905E+12 0.00772 
   32   32    1    1    1    1    1    1    1    1  7.51715E+12 0.00646 
   33   33    1    1    1    1    1    1    1    1  1.73986E+13 0.00444 
   34   34    1    1    1    1    1    1    1    1  2.39558E+13 0.00395 
   35   35    1    1    1    1    1    1    1    1  3.36312E+13 0.00290 
   36   36    1    1    1    1    1    1    1    1  2.33354E+13 0.00194 
   37   37    1    1    1    1    1    1    1    1  7.28639E+12 0.00264 
   38   38    1    1    1    1    1    1    1    1  4.02462E+13 0.00215 
   39   39    1    1    1    1    1    1    1    1  5.42482E+13 0.00216 
   40   40    1    1    1    1    1    1    1    1  9.25856E+13 0.00233 
   41   41    1    1    1    1    1    1    1    1  9.58687E+13 0.00270 
   42   42    1    1    1    1    1    1    1    1  2.02876E+14 0.00166 
   43   43    1    1    1    1    1    1    1    1  2.47863E+14 0.00149 
   44   44    1    1    1    1    1    1    1    1  3.62918E+14 0.00101 
   45   45    1    1    1    1    1    1    1    1  7.26083E+14 0.00088 
   46   46    1    1    1    1    1    1    1    1  3.46617E+14 0.00078 
   47   47    1    1    1    1    1    1    1    1  5.65620E+14 0.00087 
   48   48    1    1    1    1    1    1    1    1  7.96855E+14 0.00064 
   49   49    1    1    1    1    1    1    1    1  8.01235E+14 0.00067 
   50   50    1    1    1    1    1    1    1    1  1.25311E+15 0.00064 
   51   51    1    1    1    1    1    1    1    1  1.02279E+15 0.00072 
   52   52    1    1    1    1    1    1    1    1  1.21211E+15 0.00059 
   53   53    1    1    1    1    1    1    1    1  8.54184E+14 0.00062 
   54   54    1    1    1    1    1    1    1    1  1.03879E+15 0.00067 
   55   55    1    1    1    1    1    1    1    1  7.22256E+14 0.00067 
   56   56    1    1    1    1    1    1    1    1  9.89247E+13 0.00113 
   57   57    1    1    1    1    1    1    1    1  1.44698E+15 0.00066 
   58   58    1    1    1    1    1    1    1    1  6.39358E+14 0.00074 
   59   59    1    1    1    1    1    1    1    1  6.86904E+14 0.00062 
   60   60    1    1    1    1    1    1    1    1  5.31477E+14 0.00070 
   61   61    1    1    1    1    1    1    1    1  5.35766E+14 0.00051 
   62   62    1    1    1    1    1    1    1    1  5.59309E+14 0.00087 
   63   63    1    1    1    1    1    1    1    1  4.72696E+14 0.00099 
   64   64    1    1    1    1    1    1    1    1  3.78335E+14 0.00085 
   65   65    1    1    1    1    1    1    1    1  3.77519E+14 0.00096 
   66   66    1    1    1    1    1    1    1    1  2.72520E+14 0.00096 
   67   67    1    1    1    1    1    1    1    1  2.23492E+14 0.00105 
   68   68    1    1    1    1    1    1    1    1  2.01054E+14 0.00111 
   69   69    1    1    1    1    1    1    1    1  2.41731E+14 0.00125 
   70   70    1    1    1    1    1    1    1    1  2.06494E+14 0.00125 
   71   71    1    1    1    1    1    1    1    1  3.82481E+14 0.00105 
   72   72    1    1    1    1    1    1    1    1  2.72066E+14 0.00101 
   73   73    1    1    1    1    1    1    1    1  2.05027E+14 0.00139 
   74   74    1    1    1    1    1    1    1    1  1.63995E+14 0.00135 
   75   75    1    1    1    1    1    1    1    1  1.34866E+14 0.00183 
   76   76    1    1    1    1    1    1    1    1  1.55053E+14 0.00169 
   77   77    1    1    1    1    1    1    1    1  1.21426E+14 0.00184 
   78   78    1    1    1    1    1    1    1    1  9.58542E+13 0.00155 
   79   79    1    1    1    1    1    1    1    1  9.85491E+13 0.00126 
   80   80    1    1    1    1    1    1    1    1  7.24846E+13 0.00181 
   81   81    1    1    1    1    1    1    1    1  5.57823E+13 0.00198 
   82   82    1    1    1    1    1    1    1    1  4.27183E+13 0.00242 
   83   83    1    1    1    1    1    1    1    1  3.98959E+13 0.00194 
   84   84    1    1    1    1    1    1    1    1  2.87829E+13 0.00275 
   85   85    1    1    1    1    1    1    1    1  2.06817E+13 0.00329 
   86   86    1    1    1    1    1    1    1    1  1.93323E+13 0.00316 
   87   87    1    1    1    1    1    1    1    1  1.19047E+13 0.00408 
   88   88    1    1    1    1    1    1    1    1  8.10544E+12 0.00609 
   89   89    1    1    1    1    1    1    1    1  4.59568E+12 0.00979 
   90   90    1    1    1    1    1    1    1    1  2.99994E+12 0.01006 
   91   91    1    1    1    1    1    1    1    1  1.55764E+12 0.01498 
   92   92    1    1    1    1    1    1    1    1  7.49943E+11 0.01307 
   93   93    1    1    1    1    1    1    1    1  3.59534E+11 0.02387 
   94   94    1    1    1    1    1    1    1    1  1.87124E+11 0.04981 
   95   95    1    1    1    1    1    1    1    1  8.31215E+10 0.04749 
   96   96    1    1    1    1    1    1    1    1  3.93552E+10 0.05518 
   97   97    1    1    1    1    1    1    1    1  1.86666E+10 0.13337 
   98   98    1    1    1    1    1    1    1    1  9.01374E+09 0.11894 
   99   99    1    1    1    1    1    1    1    1  5.99795E+09 0.23175 
  100  100    1    1    1    1    1    1    1    1  1.61714E+09 0.42673 
];


