
DETdpaspec = [
    1    1    1    1    1    1    1    1    1    1  0.00000E+00 0.00000 
    2    2    1    1    1    1    1    1    1    1  0.00000E+00 0.00000 
    3    3    1    1    1    1    1    1    1    1  0.00000E+00 0.00000 
    4    4    1    1    1    1    1    1    1    1  0.00000E+00 0.00000 
    5    5    1    1    1    1    1    1    1    1  0.00000E+00 0.00000 
    6    6    1    1    1    1    1    1    1    1  6.36934E+06 1.00000 
    7    7    1    1    1    1    1    1    1    1  2.76479E+07 0.71331 
    8    8    1    1    1    1    1    1    1    1  7.59085E+06 1.00000 
    9    9    1    1    1    1    1    1    1    1  0.00000E+00 0.00000 
   10   10    1    1    1    1    1    1    1    1  0.00000E+00 0.00000 
   11   11    1    1    1    1    1    1    1    1  0.00000E+00 0.00000 
   12   12    1    1    1    1    1    1    1    1  1.79605E+07 0.86164 
   13   13    1    1    1    1    1    1    1    1  6.02473E+08 0.62896 
   14   14    1    1    1    1    1    1    1    1  3.59950E+08 0.85605 
   15   15    1    1    1    1    1    1    1    1  9.38330E+08 0.62566 
   16   16    1    1    1    1    1    1    1    1  1.72447E+08 0.69532 
   17   17    1    1    1    1    1    1    1    1  5.67057E+08 0.37292 
   18   18    1    1    1    1    1    1    1    1  1.60068E+09 0.34424 
   19   19    1    1    1    1    1    1    1    1  2.13157E+09 0.30361 
   20   20    1    1    1    1    1    1    1    1  9.26460E+09 0.16239 
   21   21    1    1    1    1    1    1    1    1  6.42434E+09 0.18504 
   22   22    1    1    1    1    1    1    1    1  1.03869E+10 0.10847 
   23   23    1    1    1    1    1    1    1    1  2.20958E+10 0.08250 
   24   24    1    1    1    1    1    1    1    1  3.84369E+10 0.07403 
   25   25    1    1    1    1    1    1    1    1  4.97329E+10 0.06036 
   26   26    1    1    1    1    1    1    1    1  7.47527E+10 0.04713 
   27   27    1    1    1    1    1    1    1    1  1.49091E+11 0.04507 
   28   28    1    1    1    1    1    1    1    1  3.36432E+11 0.01847 
   29   29    1    1    1    1    1    1    1    1  5.68491E+11 0.02319 
   30   30    1    1    1    1    1    1    1    1  1.56046E+12 0.01346 
   31   31    1    1    1    1    1    1    1    1  4.76274E+12 0.00902 
   32   32    1    1    1    1    1    1    1    1  8.78811E+12 0.00671 
   33   33    1    1    1    1    1    1    1    1  2.10762E+13 0.00497 
   34   34    1    1    1    1    1    1    1    1  2.95944E+13 0.00443 
   35   35    1    1    1    1    1    1    1    1  3.68254E+13 0.00425 
   36   36    1    1    1    1    1    1    1    1  2.43512E+13 0.00293 
   37   37    1    1    1    1    1    1    1    1  7.34872E+12 0.00298 
   38   38    1    1    1    1    1    1    1    1  4.18364E+13 0.00220 
   39   39    1    1    1    1    1    1    1    1  5.67705E+13 0.00286 
   40   40    1    1    1    1    1    1    1    1  9.81020E+13 0.00209 
   41   41    1    1    1    1    1    1    1    1  9.86443E+13 0.00142 
   42   42    1    1    1    1    1    1    1    1  2.14133E+14 0.00147 
   43   43    1    1    1    1    1    1    1    1  2.62365E+14 0.00149 
   44   44    1    1    1    1    1    1    1    1  3.85785E+14 0.00112 
   45   45    1    1    1    1    1    1    1    1  7.82717E+14 0.00071 
   46   46    1    1    1    1    1    1    1    1  3.66229E+14 0.00095 
   47   47    1    1    1    1    1    1    1    1  5.92606E+14 0.00080 
   48   48    1    1    1    1    1    1    1    1  8.35341E+14 0.00074 
   49   49    1    1    1    1    1    1    1    1  8.31648E+14 0.00053 
   50   50    1    1    1    1    1    1    1    1  1.31780E+15 0.00061 
   51   51    1    1    1    1    1    1    1    1  1.05380E+15 0.00060 
   52   52    1    1    1    1    1    1    1    1  1.27420E+15 0.00046 
   53   53    1    1    1    1    1    1    1    1  8.90595E+14 0.00058 
   54   54    1    1    1    1    1    1    1    1  1.10572E+15 0.00063 
   55   55    1    1    1    1    1    1    1    1  7.64517E+14 0.00041 
   56   56    1    1    1    1    1    1    1    1  1.03881E+14 0.00114 
   57   57    1    1    1    1    1    1    1    1  1.52630E+15 0.00050 
   58   58    1    1    1    1    1    1    1    1  6.92584E+14 0.00062 
   59   59    1    1    1    1    1    1    1    1  7.38234E+14 0.00063 
   60   60    1    1    1    1    1    1    1    1  5.82414E+14 0.00070 
   61   61    1    1    1    1    1    1    1    1  5.84500E+14 0.00073 
   62   62    1    1    1    1    1    1    1    1  6.11455E+14 0.00098 
   63   63    1    1    1    1    1    1    1    1  5.18911E+14 0.00075 
   64   64    1    1    1    1    1    1    1    1  4.15536E+14 0.00107 
   65   65    1    1    1    1    1    1    1    1  4.14681E+14 0.00082 
   66   66    1    1    1    1    1    1    1    1  3.00174E+14 0.00087 
   67   67    1    1    1    1    1    1    1    1  2.44569E+14 0.00086 
   68   68    1    1    1    1    1    1    1    1  2.18583E+14 0.00095 
   69   69    1    1    1    1    1    1    1    1  2.62990E+14 0.00100 
   70   70    1    1    1    1    1    1    1    1  2.24843E+14 0.00072 
   71   71    1    1    1    1    1    1    1    1  4.08209E+14 0.00076 
   72   72    1    1    1    1    1    1    1    1  2.89827E+14 0.00098 
   73   73    1    1    1    1    1    1    1    1  2.19288E+14 0.00131 
   74   74    1    1    1    1    1    1    1    1  1.77230E+14 0.00083 
   75   75    1    1    1    1    1    1    1    1  1.48493E+14 0.00163 
   76   76    1    1    1    1    1    1    1    1  1.73014E+14 0.00132 
   77   77    1    1    1    1    1    1    1    1  1.37792E+14 0.00159 
   78   78    1    1    1    1    1    1    1    1  1.10302E+14 0.00157 
   79   79    1    1    1    1    1    1    1    1  1.14157E+14 0.00130 
   80   80    1    1    1    1    1    1    1    1  8.50324E+13 0.00124 
   81   81    1    1    1    1    1    1    1    1  6.53493E+13 0.00185 
   82   82    1    1    1    1    1    1    1    1  5.00836E+13 0.00223 
   83   83    1    1    1    1    1    1    1    1  4.71018E+13 0.00251 
   84   84    1    1    1    1    1    1    1    1  3.35833E+13 0.00239 
   85   85    1    1    1    1    1    1    1    1  2.44846E+13 0.00442 
   86   86    1    1    1    1    1    1    1    1  2.28940E+13 0.00293 
   87   87    1    1    1    1    1    1    1    1  1.40746E+13 0.00549 
   88   88    1    1    1    1    1    1    1    1  9.41381E+12 0.00476 
   89   89    1    1    1    1    1    1    1    1  5.40390E+12 0.00712 
   90   90    1    1    1    1    1    1    1    1  3.51635E+12 0.01035 
   91   91    1    1    1    1    1    1    1    1  1.79089E+12 0.01244 
   92   92    1    1    1    1    1    1    1    1  8.60869E+11 0.01244 
   93   93    1    1    1    1    1    1    1    1  4.07893E+11 0.01561 
   94   94    1    1    1    1    1    1    1    1  2.16238E+11 0.03391 
   95   95    1    1    1    1    1    1    1    1  9.94699E+10 0.03773 
   96   96    1    1    1    1    1    1    1    1  4.05003E+10 0.05678 
   97   97    1    1    1    1    1    1    1    1  2.26156E+10 0.09693 
   98   98    1    1    1    1    1    1    1    1  8.23412E+09 0.18710 
   99   99    1    1    1    1    1    1    1    1  5.13268E+09 0.26166 
  100  100    1    1    1    1    1    1    1    1  4.37260E+09 0.25786 
];


