
DETdpaspec = [
    1    1    1    1    1    1    1    1    1    1  0.00000E+00 0.00000 
    2    2    1    1    1    1    1    1    1    1  0.00000E+00 0.00000 
    3    3    1    1    1    1    1    1    1    1  0.00000E+00 0.00000 
    4    4    1    1    1    1    1    1    1    1  0.00000E+00 0.00000 
    5    5    1    1    1    1    1    1    1    1  0.00000E+00 0.00000 
    6    6    1    1    1    1    1    1    1    1  0.00000E+00 0.00000 
    7    7    1    1    1    1    1    1    1    1  0.00000E+00 0.00000 
    8    8    1    1    1    1    1    1    1    1  0.00000E+00 0.00000 
    9    9    1    1    1    1    1    1    1    1  0.00000E+00 0.00000 
   10   10    1    1    1    1    1    1    1    1  0.00000E+00 0.00000 
   11   11    1    1    1    1    1    1    1    1  3.67096E+07 1.00000 
   12   12    1    1    1    1    1    1    1    1  2.59594E+07 1.00000 
   13   13    1    1    1    1    1    1    1    1  3.67196E+08 0.73118 
   14   14    1    1    1    1    1    1    1    1  1.47440E+09 0.43997 
   15   15    1    1    1    1    1    1    1    1  8.70919E+08 0.45710 
   16   16    1    1    1    1    1    1    1    1  3.32263E+08 0.59113 
   17   17    1    1    1    1    1    1    1    1  5.93301E+08 0.33461 
   18   18    1    1    1    1    1    1    1    1  1.57966E+09 0.31232 
   19   19    1    1    1    1    1    1    1    1  1.98395E+09 0.29870 
   20   20    1    1    1    1    1    1    1    1  7.86259E+09 0.23424 
   21   21    1    1    1    1    1    1    1    1  5.88507E+09 0.17364 
   22   22    1    1    1    1    1    1    1    1  1.12841E+10 0.15230 
   23   23    1    1    1    1    1    1    1    1  2.00818E+10 0.07640 
   24   24    1    1    1    1    1    1    1    1  3.42605E+10 0.07412 
   25   25    1    1    1    1    1    1    1    1  4.87597E+10 0.10130 
   26   26    1    1    1    1    1    1    1    1  8.09654E+10 0.06805 
   27   27    1    1    1    1    1    1    1    1  1.79653E+11 0.04572 
   28   28    1    1    1    1    1    1    1    1  4.37782E+11 0.02985 
   29   29    1    1    1    1    1    1    1    1  8.08268E+11 0.01811 
   30   30    1    1    1    1    1    1    1    1  2.06137E+12 0.01452 
   31   31    1    1    1    1    1    1    1    1  5.90659E+12 0.00593 
   32   32    1    1    1    1    1    1    1    1  1.05262E+13 0.00487 
   33   33    1    1    1    1    1    1    1    1  2.46149E+13 0.00370 
   34   34    1    1    1    1    1    1    1    1  3.42149E+13 0.00318 
   35   35    1    1    1    1    1    1    1    1  4.05540E+13 0.00268 
   36   36    1    1    1    1    1    1    1    1  2.61879E+13 0.00251 
   37   37    1    1    1    1    1    1    1    1  7.85262E+12 0.00226 
   38   38    1    1    1    1    1    1    1    1  4.48031E+13 0.00250 
   39   39    1    1    1    1    1    1    1    1  6.05517E+13 0.00256 
   40   40    1    1    1    1    1    1    1    1  1.04398E+14 0.00163 
   41   41    1    1    1    1    1    1    1    1  1.03743E+14 0.00156 
   42   42    1    1    1    1    1    1    1    1  2.25918E+14 0.00144 
   43   43    1    1    1    1    1    1    1    1  2.75467E+14 0.00116 
   44   44    1    1    1    1    1    1    1    1  4.02697E+14 0.00077 
   45   45    1    1    1    1    1    1    1    1  8.16476E+14 0.00076 
   46   46    1    1    1    1    1    1    1    1  3.78518E+14 0.00081 
   47   47    1    1    1    1    1    1    1    1  6.08829E+14 0.00064 
   48   48    1    1    1    1    1    1    1    1  8.53840E+14 0.00074 
   49   49    1    1    1    1    1    1    1    1  8.47285E+14 0.00069 
   50   50    1    1    1    1    1    1    1    1  1.34219E+15 0.00050 
   51   51    1    1    1    1    1    1    1    1  1.06357E+15 0.00045 
   52   52    1    1    1    1    1    1    1    1  1.28906E+15 0.00057 
   53   53    1    1    1    1    1    1    1    1  8.97520E+14 0.00055 
   54   54    1    1    1    1    1    1    1    1  1.11684E+15 0.00058 
   55   55    1    1    1    1    1    1    1    1  7.70501E+14 0.00064 
   56   56    1    1    1    1    1    1    1    1  1.04379E+14 0.00123 
   57   57    1    1    1    1    1    1    1    1  1.53606E+15 0.00067 
   58   58    1    1    1    1    1    1    1    1  7.00284E+14 0.00048 
   59   59    1    1    1    1    1    1    1    1  7.43993E+14 0.00071 
   60   60    1    1    1    1    1    1    1    1  5.88727E+14 0.00067 
   61   61    1    1    1    1    1    1    1    1  5.90003E+14 0.00073 
   62   62    1    1    1    1    1    1    1    1  6.17419E+14 0.00086 
   63   63    1    1    1    1    1    1    1    1  5.23613E+14 0.00078 
   64   64    1    1    1    1    1    1    1    1  4.18743E+14 0.00085 
   65   65    1    1    1    1    1    1    1    1  4.17595E+14 0.00094 
   66   66    1    1    1    1    1    1    1    1  3.02221E+14 0.00100 
   67   67    1    1    1    1    1    1    1    1  2.45775E+14 0.00096 
   68   68    1    1    1    1    1    1    1    1  2.19979E+14 0.00140 
   69   69    1    1    1    1    1    1    1    1  2.63872E+14 0.00091 
   70   70    1    1    1    1    1    1    1    1  2.24812E+14 0.00092 
   71   71    1    1    1    1    1    1    1    1  4.06239E+14 0.00091 
   72   72    1    1    1    1    1    1    1    1  2.87616E+14 0.00114 
   73   73    1    1    1    1    1    1    1    1  2.17940E+14 0.00118 
   74   74    1    1    1    1    1    1    1    1  1.76608E+14 0.00133 
   75   75    1    1    1    1    1    1    1    1  1.48724E+14 0.00159 
   76   76    1    1    1    1    1    1    1    1  1.73991E+14 0.00118 
   77   77    1    1    1    1    1    1    1    1  1.38919E+14 0.00152 
   78   78    1    1    1    1    1    1    1    1  1.11480E+14 0.00153 
   79   79    1    1    1    1    1    1    1    1  1.15313E+14 0.00115 
   80   80    1    1    1    1    1    1    1    1  8.58320E+13 0.00143 
   81   81    1    1    1    1    1    1    1    1  6.59807E+13 0.00227 
   82   82    1    1    1    1    1    1    1    1  5.04963E+13 0.00251 
   83   83    1    1    1    1    1    1    1    1  4.76041E+13 0.00255 
   84   84    1    1    1    1    1    1    1    1  3.41595E+13 0.00271 
   85   85    1    1    1    1    1    1    1    1  2.46773E+13 0.00291 
   86   86    1    1    1    1    1    1    1    1  2.30063E+13 0.00338 
   87   87    1    1    1    1    1    1    1    1  1.41776E+13 0.00483 
   88   88    1    1    1    1    1    1    1    1  9.57365E+12 0.00555 
   89   89    1    1    1    1    1    1    1    1  5.45118E+12 0.00727 
   90   90    1    1    1    1    1    1    1    1  3.62096E+12 0.00785 
   91   91    1    1    1    1    1    1    1    1  1.78991E+12 0.01093 
   92   92    1    1    1    1    1    1    1    1  8.70067E+11 0.01968 
   93   93    1    1    1    1    1    1    1    1  4.09201E+11 0.02163 
   94   94    1    1    1    1    1    1    1    1  2.00748E+11 0.02464 
   95   95    1    1    1    1    1    1    1    1  8.94374E+10 0.06038 
   96   96    1    1    1    1    1    1    1    1  4.16304E+10 0.06049 
   97   97    1    1    1    1    1    1    1    1  2.16081E+10 0.09631 
   98   98    1    1    1    1    1    1    1    1  1.09947E+10 0.15768 
   99   99    1    1    1    1    1    1    1    1  4.64618E+09 0.29718 
  100  100    1    1    1    1    1    1    1    1  3.06788E+09 0.28849 
];


