
DETdpaspec = [
    1    1    1    1    1    1    1    1    1    1  0.00000E+00 0.00000 
    2    2    1    1    1    1    1    1    1    1  0.00000E+00 0.00000 
    3    3    1    1    1    1    1    1    1    1  0.00000E+00 0.00000 
    4    4    1    1    1    1    1    1    1    1  0.00000E+00 0.00000 
    5    5    1    1    1    1    1    1    1    1  0.00000E+00 0.00000 
    6    6    1    1    1    1    1    1    1    1  0.00000E+00 0.00000 
    7    7    1    1    1    1    1    1    1    1  3.36504E+07 1.00000 
    8    8    1    1    1    1    1    1    1    1  0.00000E+00 0.00000 
    9    9    1    1    1    1    1    1    1    1  0.00000E+00 0.00000 
   10   10    1    1    1    1    1    1    1    1  0.00000E+00 0.00000 
   11   11    1    1    1    1    1    1    1    1  0.00000E+00 0.00000 
   12   12    1    1    1    1    1    1    1    1  1.88499E+08 0.62241 
   13   13    1    1    1    1    1    1    1    1  5.08751E+08 0.89484 
   14   14    1    1    1    1    1    1    1    1  1.13452E+09 0.39054 
   15   15    1    1    1    1    1    1    1    1  1.74895E+09 0.42339 
   16   16    1    1    1    1    1    1    1    1  5.15040E+08 0.57269 
   17   17    1    1    1    1    1    1    1    1  8.81921E+08 0.42144 
   18   18    1    1    1    1    1    1    1    1  1.11897E+09 0.34354 
   19   19    1    1    1    1    1    1    1    1  1.69599E+09 0.35690 
   20   20    1    1    1    1    1    1    1    1  6.60712E+09 0.20699 
   21   21    1    1    1    1    1    1    1    1  3.76647E+09 0.24085 
   22   22    1    1    1    1    1    1    1    1  9.21976E+09 0.14048 
   23   23    1    1    1    1    1    1    1    1  2.01714E+10 0.09733 
   24   24    1    1    1    1    1    1    1    1  6.20914E+10 0.06177 
   25   25    1    1    1    1    1    1    1    1  8.87545E+10 0.05705 
   26   26    1    1    1    1    1    1    1    1  2.12027E+11 0.03841 
   27   27    1    1    1    1    1    1    1    1  4.84799E+11 0.02399 
   28   28    1    1    1    1    1    1    1    1  1.15686E+12 0.01350 
   29   29    1    1    1    1    1    1    1    1  2.01228E+12 0.01059 
   30   30    1    1    1    1    1    1    1    1  4.41915E+12 0.00907 
   31   31    1    1    1    1    1    1    1    1  1.06371E+13 0.00708 
   32   32    1    1    1    1    1    1    1    1  1.71228E+13 0.00605 
   33   33    1    1    1    1    1    1    1    1  3.71800E+13 0.00376 
   34   34    1    1    1    1    1    1    1    1  4.85563E+13 0.00299 
   35   35    1    1    1    1    1    1    1    1  5.25534E+13 0.00196 
   36   36    1    1    1    1    1    1    1    1  3.21499E+13 0.00185 
   37   37    1    1    1    1    1    1    1    1  9.48041E+12 0.00196 
   38   38    1    1    1    1    1    1    1    1  5.46335E+13 0.00186 
   39   39    1    1    1    1    1    1    1    1  7.28539E+13 0.00181 
   40   40    1    1    1    1    1    1    1    1  1.24526E+14 0.00153 
   41   41    1    1    1    1    1    1    1    1  1.20845E+14 0.00175 
   42   42    1    1    1    1    1    1    1    1  2.62329E+14 0.00170 
   43   43    1    1    1    1    1    1    1    1  3.15999E+14 0.00096 
   44   44    1    1    1    1    1    1    1    1  4.55541E+14 0.00048 
   45   45    1    1    1    1    1    1    1    1  9.05837E+14 0.00066 
   46   46    1    1    1    1    1    1    1    1  4.10202E+14 0.00069 
   47   47    1    1    1    1    1    1    1    1  6.54242E+14 0.00061 
   48   48    1    1    1    1    1    1    1    1  9.05575E+14 0.00054 
   49   49    1    1    1    1    1    1    1    1  8.89418E+14 0.00058 
   50   50    1    1    1    1    1    1    1    1  1.39756E+15 0.00047 
   51   51    1    1    1    1    1    1    1    1  1.08755E+15 0.00057 
   52   52    1    1    1    1    1    1    1    1  1.31898E+15 0.00061 
   53   53    1    1    1    1    1    1    1    1  9.08807E+14 0.00072 
   54   54    1    1    1    1    1    1    1    1  1.13153E+15 0.00057 
   55   55    1    1    1    1    1    1    1    1  7.74960E+14 0.00054 
   56   56    1    1    1    1    1    1    1    1  1.04752E+14 0.00099 
   57   57    1    1    1    1    1    1    1    1  1.53438E+15 0.00047 
   58   58    1    1    1    1    1    1    1    1  7.01963E+14 0.00055 
   59   59    1    1    1    1    1    1    1    1  7.40500E+14 0.00054 
   60   60    1    1    1    1    1    1    1    1  5.87784E+14 0.00063 
   61   61    1    1    1    1    1    1    1    1  5.87296E+14 0.00070 
   62   62    1    1    1    1    1    1    1    1  6.13083E+14 0.00064 
   63   63    1    1    1    1    1    1    1    1  5.18108E+14 0.00076 
   64   64    1    1    1    1    1    1    1    1  4.12883E+14 0.00050 
   65   65    1    1    1    1    1    1    1    1  4.10200E+14 0.00062 
   66   66    1    1    1    1    1    1    1    1  2.96397E+14 0.00113 
   67   67    1    1    1    1    1    1    1    1  2.39723E+14 0.00095 
   68   68    1    1    1    1    1    1    1    1  2.14008E+14 0.00127 
   69   69    1    1    1    1    1    1    1    1  2.56710E+14 0.00057 
   70   70    1    1    1    1    1    1    1    1  2.18225E+14 0.00107 
   71   71    1    1    1    1    1    1    1    1  3.89926E+14 0.00113 
   72   72    1    1    1    1    1    1    1    1  2.74732E+14 0.00128 
   73   73    1    1    1    1    1    1    1    1  2.07749E+14 0.00118 
   74   74    1    1    1    1    1    1    1    1  1.69121E+14 0.00124 
   75   75    1    1    1    1    1    1    1    1  1.42222E+14 0.00117 
   76   76    1    1    1    1    1    1    1    1  1.66896E+14 0.00092 
   77   77    1    1    1    1    1    1    1    1  1.33398E+14 0.00160 
   78   78    1    1    1    1    1    1    1    1  1.07424E+14 0.00160 
   79   79    1    1    1    1    1    1    1    1  1.11467E+14 0.00132 
   80   80    1    1    1    1    1    1    1    1  8.29555E+13 0.00142 
   81   81    1    1    1    1    1    1    1    1  6.39767E+13 0.00207 
   82   82    1    1    1    1    1    1    1    1  4.90709E+13 0.00214 
   83   83    1    1    1    1    1    1    1    1  4.60093E+13 0.00175 
   84   84    1    1    1    1    1    1    1    1  3.28770E+13 0.00341 
   85   85    1    1    1    1    1    1    1    1  2.37659E+13 0.00430 
   86   86    1    1    1    1    1    1    1    1  2.21021E+13 0.00218 
   87   87    1    1    1    1    1    1    1    1  1.34970E+13 0.00508 
   88   88    1    1    1    1    1    1    1    1  8.96663E+12 0.00470 
   89   89    1    1    1    1    1    1    1    1  5.12971E+12 0.00681 
   90   90    1    1    1    1    1    1    1    1  3.39425E+12 0.00704 
   91   91    1    1    1    1    1    1    1    1  1.64030E+12 0.01079 
   92   92    1    1    1    1    1    1    1    1  8.28512E+11 0.02083 
   93   93    1    1    1    1    1    1    1    1  3.89748E+11 0.01896 
   94   94    1    1    1    1    1    1    1    1  1.84055E+11 0.02291 
   95   95    1    1    1    1    1    1    1    1  8.20618E+10 0.05293 
   96   96    1    1    1    1    1    1    1    1  3.94252E+10 0.07805 
   97   97    1    1    1    1    1    1    1    1  2.19032E+10 0.12030 
   98   98    1    1    1    1    1    1    1    1  8.64273E+09 0.17014 
   99   99    1    1    1    1    1    1    1    1  4.57810E+09 0.17451 
  100  100    1    1    1    1    1    1    1    1  1.97355E+09 0.25352 
];


