
DETdpaspec = [
    1    1    1    1    1    1    1    1    1    1  0.00000E+00 0.00000 
    2    2    1    1    1    1    1    1    1    1  0.00000E+00 0.00000 
    3    3    1    1    1    1    1    1    1    1  0.00000E+00 0.00000 
    4    4    1    1    1    1    1    1    1    1  0.00000E+00 0.00000 
    5    5    1    1    1    1    1    1    1    1  0.00000E+00 0.00000 
    6    6    1    1    1    1    1    1    1    1  0.00000E+00 0.00000 
    7    7    1    1    1    1    1    1    1    1  0.00000E+00 0.00000 
    8    8    1    1    1    1    1    1    1    1  0.00000E+00 0.00000 
    9    9    1    1    1    1    1    1    1    1  0.00000E+00 0.00000 
   10   10    1    1    1    1    1    1    1    1  0.00000E+00 0.00000 
   11   11    1    1    1    1    1    1    1    1  2.87397E+08 1.00000 
   12   12    1    1    1    1    1    1    1    1  2.41971E+07 1.00000 
   13   13    1    1    1    1    1    1    1    1  5.56867E+08 0.44684 
   14   14    1    1    1    1    1    1    1    1  6.99690E+08 0.51686 
   15   15    1    1    1    1    1    1    1    1  1.82077E+09 0.45205 
   16   16    1    1    1    1    1    1    1    1  5.69756E+08 0.44607 
   17   17    1    1    1    1    1    1    1    1  1.44117E+09 0.34338 
   18   18    1    1    1    1    1    1    1    1  2.43694E+09 0.27277 
   19   19    1    1    1    1    1    1    1    1  1.58610E+09 0.26451 
   20   20    1    1    1    1    1    1    1    1  7.69511E+09 0.19938 
   21   21    1    1    1    1    1    1    1    1  4.71028E+09 0.12053 
   22   22    1    1    1    1    1    1    1    1  9.16621E+09 0.15760 
   23   23    1    1    1    1    1    1    1    1  1.77093E+10 0.12019 
   24   24    1    1    1    1    1    1    1    1  3.36582E+10 0.11614 
   25   25    1    1    1    1    1    1    1    1  4.99293E+10 0.05561 
   26   26    1    1    1    1    1    1    1    1  8.54704E+10 0.04335 
   27   27    1    1    1    1    1    1    1    1  1.72288E+11 0.03907 
   28   28    1    1    1    1    1    1    1    1  4.12834E+11 0.02020 
   29   29    1    1    1    1    1    1    1    1  7.37618E+11 0.02067 
   30   30    1    1    1    1    1    1    1    1  1.92226E+12 0.01340 
   31   31    1    1    1    1    1    1    1    1  5.67027E+12 0.00940 
   32   32    1    1    1    1    1    1    1    1  1.00226E+13 0.00380 
   33   33    1    1    1    1    1    1    1    1  2.37107E+13 0.00203 
   34   34    1    1    1    1    1    1    1    1  3.28743E+13 0.00315 
   35   35    1    1    1    1    1    1    1    1  3.94158E+13 0.00253 
   36   36    1    1    1    1    1    1    1    1  2.56523E+13 0.00192 
   37   37    1    1    1    1    1    1    1    1  7.68138E+12 0.00253 
   38   38    1    1    1    1    1    1    1    1  4.38885E+13 0.00275 
   39   39    1    1    1    1    1    1    1    1  5.93608E+13 0.00202 
   40   40    1    1    1    1    1    1    1    1  1.02565E+14 0.00097 
   41   41    1    1    1    1    1    1    1    1  1.02278E+14 0.00121 
   42   42    1    1    1    1    1    1    1    1  2.21902E+14 0.00133 
   43   43    1    1    1    1    1    1    1    1  2.71680E+14 0.00119 
   44   44    1    1    1    1    1    1    1    1  3.98207E+14 0.00091 
   45   45    1    1    1    1    1    1    1    1  8.05972E+14 0.00071 
   46   46    1    1    1    1    1    1    1    1  3.74910E+14 0.00093 
   47   47    1    1    1    1    1    1    1    1  6.04818E+14 0.00073 
   48   48    1    1    1    1    1    1    1    1  8.48601E+14 0.00067 
   49   49    1    1    1    1    1    1    1    1  8.42774E+14 0.00046 
   50   50    1    1    1    1    1    1    1    1  1.33624E+15 0.00039 
   51   51    1    1    1    1    1    1    1    1  1.06118E+15 0.00061 
   52   52    1    1    1    1    1    1    1    1  1.28712E+15 0.00061 
   53   53    1    1    1    1    1    1    1    1  8.97594E+14 0.00067 
   54   54    1    1    1    1    1    1    1    1  1.11571E+15 0.00065 
   55   55    1    1    1    1    1    1    1    1  7.69798E+14 0.00066 
   56   56    1    1    1    1    1    1    1    1  1.04515E+14 0.00090 
   57   57    1    1    1    1    1    1    1    1  1.53621E+15 0.00064 
   58   58    1    1    1    1    1    1    1    1  6.99032E+14 0.00075 
   59   59    1    1    1    1    1    1    1    1  7.44016E+14 0.00068 
   60   60    1    1    1    1    1    1    1    1  5.88141E+14 0.00082 
   61   61    1    1    1    1    1    1    1    1  5.89572E+14 0.00068 
   62   62    1    1    1    1    1    1    1    1  6.16713E+14 0.00084 
   63   63    1    1    1    1    1    1    1    1  5.23015E+14 0.00103 
   64   64    1    1    1    1    1    1    1    1  4.18749E+14 0.00093 
   65   65    1    1    1    1    1    1    1    1  4.17668E+14 0.00077 
   66   66    1    1    1    1    1    1    1    1  3.01884E+14 0.00105 
   67   67    1    1    1    1    1    1    1    1  2.45186E+14 0.00091 
   68   68    1    1    1    1    1    1    1    1  2.19898E+14 0.00113 
   69   69    1    1    1    1    1    1    1    1  2.64493E+14 0.00098 
   70   70    1    1    1    1    1    1    1    1  2.25435E+14 0.00080 
   71   71    1    1    1    1    1    1    1    1  4.08231E+14 0.00076 
   72   72    1    1    1    1    1    1    1    1  2.89419E+14 0.00090 
   73   73    1    1    1    1    1    1    1    1  2.18813E+14 0.00100 
   74   74    1    1    1    1    1    1    1    1  1.77703E+14 0.00122 
   75   75    1    1    1    1    1    1    1    1  1.48660E+14 0.00126 
   76   76    1    1    1    1    1    1    1    1  1.74065E+14 0.00111 
   77   77    1    1    1    1    1    1    1    1  1.38845E+14 0.00141 
   78   78    1    1    1    1    1    1    1    1  1.11324E+14 0.00158 
   79   79    1    1    1    1    1    1    1    1  1.15751E+14 0.00141 
   80   80    1    1    1    1    1    1    1    1  8.58480E+13 0.00179 
   81   81    1    1    1    1    1    1    1    1  6.61642E+13 0.00169 
   82   82    1    1    1    1    1    1    1    1  5.08458E+13 0.00259 
   83   83    1    1    1    1    1    1    1    1  4.73906E+13 0.00222 
   84   84    1    1    1    1    1    1    1    1  3.42908E+13 0.00323 
   85   85    1    1    1    1    1    1    1    1  2.46864E+13 0.00349 
   86   86    1    1    1    1    1    1    1    1  2.30985E+13 0.00287 
   87   87    1    1    1    1    1    1    1    1  1.42119E+13 0.00588 
   88   88    1    1    1    1    1    1    1    1  9.45560E+12 0.00639 
   89   89    1    1    1    1    1    1    1    1  5.42474E+12 0.00684 
   90   90    1    1    1    1    1    1    1    1  3.63430E+12 0.00857 
   91   91    1    1    1    1    1    1    1    1  1.77400E+12 0.01022 
   92   92    1    1    1    1    1    1    1    1  8.69492E+11 0.01830 
   93   93    1    1    1    1    1    1    1    1  4.23884E+11 0.02310 
   94   94    1    1    1    1    1    1    1    1  1.92929E+11 0.04336 
   95   95    1    1    1    1    1    1    1    1  1.00694E+11 0.04694 
   96   96    1    1    1    1    1    1    1    1  3.87206E+10 0.06616 
   97   97    1    1    1    1    1    1    1    1  2.14478E+10 0.09026 
   98   98    1    1    1    1    1    1    1    1  1.10413E+10 0.12275 
   99   99    1    1    1    1    1    1    1    1  3.69992E+09 0.17603 
  100  100    1    1    1    1    1    1    1    1  5.92433E+09 0.23894 
];


