
DETdpaspec = [
    1    1    1    1    1    1    1    1    1    1  0.00000E+00 0.00000 
    2    2    1    1    1    1    1    1    1    1  0.00000E+00 0.00000 
    3    3    1    1    1    1    1    1    1    1  0.00000E+00 0.00000 
    4    4    1    1    1    1    1    1    1    1  0.00000E+00 0.00000 
    5    5    1    1    1    1    1    1    1    1  0.00000E+00 0.00000 
    6    6    1    1    1    1    1    1    1    1  0.00000E+00 0.00000 
    7    7    1    1    1    1    1    1    1    1  1.53400E+07 1.00000 
    8    8    1    1    1    1    1    1    1    1  0.00000E+00 0.00000 
    9    9    1    1    1    1    1    1    1    1  0.00000E+00 0.00000 
   10   10    1    1    1    1    1    1    1    1  0.00000E+00 0.00000 
   11   11    1    1    1    1    1    1    1    1  0.00000E+00 0.00000 
   12   12    1    1    1    1    1    1    1    1  1.04452E+08 0.54701 
   13   13    1    1    1    1    1    1    1    1  8.30397E+08 0.60573 
   14   14    1    1    1    1    1    1    1    1  5.08886E+08 0.51965 
   15   15    1    1    1    1    1    1    1    1  9.98238E+08 0.61959 
   16   16    1    1    1    1    1    1    1    1  2.22000E+08 1.00000 
   17   17    1    1    1    1    1    1    1    1  6.29181E+08 0.51201 
   18   18    1    1    1    1    1    1    1    1  2.22805E+09 0.42409 
   19   19    1    1    1    1    1    1    1    1  7.77708E+08 0.44092 
   20   20    1    1    1    1    1    1    1    1  4.64438E+09 0.30316 
   21   21    1    1    1    1    1    1    1    1  4.36449E+09 0.24528 
   22   22    1    1    1    1    1    1    1    1  1.11643E+10 0.21704 
   23   23    1    1    1    1    1    1    1    1  2.11474E+10 0.11186 
   24   24    1    1    1    1    1    1    1    1  4.87032E+10 0.06822 
   25   25    1    1    1    1    1    1    1    1  7.32130E+10 0.06803 
   26   26    1    1    1    1    1    1    1    1  1.64941E+11 0.04002 
   27   27    1    1    1    1    1    1    1    1  3.79449E+11 0.02175 
   28   28    1    1    1    1    1    1    1    1  9.18167E+11 0.01671 
   29   29    1    1    1    1    1    1    1    1  1.64123E+12 0.01195 
   30   30    1    1    1    1    1    1    1    1  3.78381E+12 0.00763 
   31   31    1    1    1    1    1    1    1    1  9.55986E+12 0.00527 
   32   32    1    1    1    1    1    1    1    1  1.55781E+13 0.00513 
   33   33    1    1    1    1    1    1    1    1  3.43302E+13 0.00343 
   34   34    1    1    1    1    1    1    1    1  4.54344E+13 0.00263 
   35   35    1    1    1    1    1    1    1    1  4.98228E+13 0.00312 
   36   36    1    1    1    1    1    1    1    1  3.08032E+13 0.00238 
   37   37    1    1    1    1    1    1    1    1  9.08652E+12 0.00246 
   38   38    1    1    1    1    1    1    1    1  5.22838E+13 0.00267 
   39   39    1    1    1    1    1    1    1    1  7.00641E+13 0.00132 
   40   40    1    1    1    1    1    1    1    1  1.19911E+14 0.00159 
   41   41    1    1    1    1    1    1    1    1  1.17159E+14 0.00177 
   42   42    1    1    1    1    1    1    1    1  2.54437E+14 0.00105 
   43   43    1    1    1    1    1    1    1    1  3.07620E+14 0.00098 
   44   44    1    1    1    1    1    1    1    1  4.44851E+14 0.00082 
   45   45    1    1    1    1    1    1    1    1  8.88846E+14 0.00056 
   46   46    1    1    1    1    1    1    1    1  4.04175E+14 0.00079 
   47   47    1    1    1    1    1    1    1    1  6.45429E+14 0.00066 
   48   48    1    1    1    1    1    1    1    1  8.95790E+14 0.00078 
   49   49    1    1    1    1    1    1    1    1  8.81198E+14 0.00060 
   50   50    1    1    1    1    1    1    1    1  1.38839E+15 0.00065 
   51   51    1    1    1    1    1    1    1    1  1.08392E+15 0.00061 
   52   52    1    1    1    1    1    1    1    1  1.31450E+15 0.00044 
   53   53    1    1    1    1    1    1    1    1  9.06995E+14 0.00079 
   54   54    1    1    1    1    1    1    1    1  1.12973E+15 0.00069 
   55   55    1    1    1    1    1    1    1    1  7.74870E+14 0.00069 
   56   56    1    1    1    1    1    1    1    1  1.04704E+14 0.00127 
   57   57    1    1    1    1    1    1    1    1  1.53618E+15 0.00059 
   58   58    1    1    1    1    1    1    1    1  7.02836E+14 0.00087 
   59   59    1    1    1    1    1    1    1    1  7.43411E+14 0.00059 
   60   60    1    1    1    1    1    1    1    1  5.89401E+14 0.00071 
   61   61    1    1    1    1    1    1    1    1  5.89467E+14 0.00054 
   62   62    1    1    1    1    1    1    1    1  6.15318E+14 0.00080 
   63   63    1    1    1    1    1    1    1    1  5.20321E+14 0.00071 
   64   64    1    1    1    1    1    1    1    1  4.15317E+14 0.00070 
   65   65    1    1    1    1    1    1    1    1  4.13390E+14 0.00059 
   66   66    1    1    1    1    1    1    1    1  2.98426E+14 0.00116 
   67   67    1    1    1    1    1    1    1    1  2.41783E+14 0.00123 
   68   68    1    1    1    1    1    1    1    1  2.15631E+14 0.00099 
   69   69    1    1    1    1    1    1    1    1  2.58822E+14 0.00096 
   70   70    1    1    1    1    1    1    1    1  2.19832E+14 0.00112 
   71   71    1    1    1    1    1    1    1    1  3.94501E+14 0.00109 
   72   72    1    1    1    1    1    1    1    1  2.77900E+14 0.00126 
   73   73    1    1    1    1    1    1    1    1  2.10155E+14 0.00125 
   74   74    1    1    1    1    1    1    1    1  1.71134E+14 0.00107 
   75   75    1    1    1    1    1    1    1    1  1.43618E+14 0.00104 
   76   76    1    1    1    1    1    1    1    1  1.68801E+14 0.00121 
   77   77    1    1    1    1    1    1    1    1  1.34996E+14 0.00157 
   78   78    1    1    1    1    1    1    1    1  1.08718E+14 0.00148 
   79   79    1    1    1    1    1    1    1    1  1.12825E+14 0.00120 
   80   80    1    1    1    1    1    1    1    1  8.39367E+13 0.00162 
   81   81    1    1    1    1    1    1    1    1  6.49889E+13 0.00154 
   82   82    1    1    1    1    1    1    1    1  4.97766E+13 0.00214 
   83   83    1    1    1    1    1    1    1    1  4.65247E+13 0.00193 
   84   84    1    1    1    1    1    1    1    1  3.34590E+13 0.00270 
   85   85    1    1    1    1    1    1    1    1  2.41261E+13 0.00212 
   86   86    1    1    1    1    1    1    1    1  2.24716E+13 0.00276 
   87   87    1    1    1    1    1    1    1    1  1.37164E+13 0.00399 
   88   88    1    1    1    1    1    1    1    1  9.14818E+12 0.00429 
   89   89    1    1    1    1    1    1    1    1  5.22294E+12 0.00636 
   90   90    1    1    1    1    1    1    1    1  3.46877E+12 0.00845 
   91   91    1    1    1    1    1    1    1    1  1.74962E+12 0.01257 
   92   92    1    1    1    1    1    1    1    1  8.34394E+11 0.01464 
   93   93    1    1    1    1    1    1    1    1  4.00586E+11 0.02320 
   94   94    1    1    1    1    1    1    1    1  1.92049E+11 0.03615 
   95   95    1    1    1    1    1    1    1    1  9.23103E+10 0.06801 
   96   96    1    1    1    1    1    1    1    1  5.12110E+10 0.07034 
   97   97    1    1    1    1    1    1    1    1  2.12738E+10 0.09317 
   98   98    1    1    1    1    1    1    1    1  1.01034E+10 0.15304 
   99   99    1    1    1    1    1    1    1    1  4.78805E+09 0.13761 
  100  100    1    1    1    1    1    1    1    1  6.94199E+09 0.18266 
];


