
DETdpaspec = [
    1    1    1    1    1    1    1    1    1    1  0.00000E+00 0.00000 
    2    2    1    1    1    1    1    1    1    1  0.00000E+00 0.00000 
    3    3    1    1    1    1    1    1    1    1  0.00000E+00 0.00000 
    4    4    1    1    1    1    1    1    1    1  0.00000E+00 0.00000 
    5    5    1    1    1    1    1    1    1    1  0.00000E+00 0.00000 
    6    6    1    1    1    1    1    1    1    1  0.00000E+00 0.00000 
    7    7    1    1    1    1    1    1    1    1  0.00000E+00 0.00000 
    8    8    1    1    1    1    1    1    1    1  0.00000E+00 0.00000 
    9    9    1    1    1    1    1    1    1    1  0.00000E+00 0.00000 
   10   10    1    1    1    1    1    1    1    1  9.13077E+07 1.00000 
   11   11    1    1    1    1    1    1    1    1  2.41753E+08 1.00000 
   12   12    1    1    1    1    1    1    1    1  4.02152E+08 0.77816 
   13   13    1    1    1    1    1    1    1    1  4.80642E+08 0.88994 
   14   14    1    1    1    1    1    1    1    1  1.29913E+09 0.60045 
   15   15    1    1    1    1    1    1    1    1  1.74508E+09 0.55778 
   16   16    1    1    1    1    1    1    1    1  2.60083E+08 0.48827 
   17   17    1    1    1    1    1    1    1    1  1.86132E+08 0.71737 
   18   18    1    1    1    1    1    1    1    1  4.53718E+08 0.60580 
   19   19    1    1    1    1    1    1    1    1  2.87905E+08 0.75314 
   20   20    1    1    1    1    1    1    1    1  3.12069E+09 0.33050 
   21   21    1    1    1    1    1    1    1    1  8.58014E+09 0.17610 
   22   22    1    1    1    1    1    1    1    1  3.42407E+10 0.09375 
   23   23    1    1    1    1    1    1    1    1  1.46704E+11 0.03901 
   24   24    1    1    1    1    1    1    1    1  4.05382E+11 0.01971 
   25   25    1    1    1    1    1    1    1    1  5.93462E+11 0.02111 
   26   26    1    1    1    1    1    1    1    1  1.22975E+12 0.01732 
   27   27    1    1    1    1    1    1    1    1  2.26023E+12 0.01358 
   28   28    1    1    1    1    1    1    1    1  4.05476E+12 0.00762 
   29   29    1    1    1    1    1    1    1    1  6.04293E+12 0.00578 
   30   30    1    1    1    1    1    1    1    1  1.12269E+13 0.00465 
   31   31    1    1    1    1    1    1    1    1  2.17551E+13 0.00467 
   32   32    1    1    1    1    1    1    1    1  3.08956E+13 0.00443 
   33   33    1    1    1    1    1    1    1    1  5.96057E+13 0.00266 
   34   34    1    1    1    1    1    1    1    1  7.10764E+13 0.00180 
   35   35    1    1    1    1    1    1    1    1  7.04632E+13 0.00187 
   36   36    1    1    1    1    1    1    1    1  4.11458E+13 0.00187 
   37   37    1    1    1    1    1    1    1    1  1.18801E+13 0.00196 
   38   38    1    1    1    1    1    1    1    1  6.82724E+13 0.00147 
   39   39    1    1    1    1    1    1    1    1  9.00719E+13 0.00152 
   40   40    1    1    1    1    1    1    1    1  1.51500E+14 0.00137 
   41   41    1    1    1    1    1    1    1    1  1.44141E+14 0.00114 
   42   42    1    1    1    1    1    1    1    1  3.08995E+14 0.00103 
   43   43    1    1    1    1    1    1    1    1  3.66645E+14 0.00100 
   44   44    1    1    1    1    1    1    1    1  5.18303E+14 0.00088 
   45   45    1    1    1    1    1    1    1    1  1.00360E+15 0.00073 
   46   46    1    1    1    1    1    1    1    1  4.43102E+14 0.00053 
   47   47    1    1    1    1    1    1    1    1  6.98841E+14 0.00051 
   48   48    1    1    1    1    1    1    1    1  9.48686E+14 0.00065 
   49   49    1    1    1    1    1    1    1    1  9.19175E+14 0.00062 
   50   50    1    1    1    1    1    1    1    1  1.42425E+15 0.00063 
   51   51    1    1    1    1    1    1    1    1  1.08806E+15 0.00047 
   52   52    1    1    1    1    1    1    1    1  1.30776E+15 0.00068 
   53   53    1    1    1    1    1    1    1    1  8.88001E+14 0.00059 
   54   54    1    1    1    1    1    1    1    1  1.10011E+15 0.00049 
   55   55    1    1    1    1    1    1    1    1  7.46993E+14 0.00054 
   56   56    1    1    1    1    1    1    1    1  1.00483E+14 0.00101 
   57   57    1    1    1    1    1    1    1    1  1.46585E+15 0.00062 
   58   58    1    1    1    1    1    1    1    1  6.67476E+14 0.00077 
   59   59    1    1    1    1    1    1    1    1  6.99614E+14 0.00074 
   60   60    1    1    1    1    1    1    1    1  5.53189E+14 0.00063 
   61   61    1    1    1    1    1    1    1    1  5.50183E+14 0.00086 
   62   62    1    1    1    1    1    1    1    1  5.71291E+14 0.00078 
   63   63    1    1    1    1    1    1    1    1  4.80826E+14 0.00078 
   64   64    1    1    1    1    1    1    1    1  3.80874E+14 0.00104 
   65   65    1    1    1    1    1    1    1    1  3.76436E+14 0.00111 
   66   66    1    1    1    1    1    1    1    1  2.70605E+14 0.00102 
   67   67    1    1    1    1    1    1    1    1  2.17937E+14 0.00131 
   68   68    1    1    1    1    1    1    1    1  1.93665E+14 0.00111 
   69   69    1    1    1    1    1    1    1    1  2.30777E+14 0.00102 
   70   70    1    1    1    1    1    1    1    1  1.94953E+14 0.00107 
   71   71    1    1    1    1    1    1    1    1  3.45788E+14 0.00103 
   72   72    1    1    1    1    1    1    1    1  2.41807E+14 0.00127 
   73   73    1    1    1    1    1    1    1    1  1.81871E+14 0.00116 
   74   74    1    1    1    1    1    1    1    1  1.47596E+14 0.00120 
   75   75    1    1    1    1    1    1    1    1  1.24104E+14 0.00142 
   76   76    1    1    1    1    1    1    1    1  1.45361E+14 0.00088 
   77   77    1    1    1    1    1    1    1    1  1.16198E+14 0.00179 
   78   78    1    1    1    1    1    1    1    1  9.32661E+13 0.00156 
   79   79    1    1    1    1    1    1    1    1  9.61777E+13 0.00204 
   80   80    1    1    1    1    1    1    1    1  7.12821E+13 0.00188 
   81   81    1    1    1    1    1    1    1    1  5.47045E+13 0.00168 
   82   82    1    1    1    1    1    1    1    1  4.17898E+13 0.00210 
   83   83    1    1    1    1    1    1    1    1  3.87436E+13 0.00261 
   84   84    1    1    1    1    1    1    1    1  2.75032E+13 0.00273 
   85   85    1    1    1    1    1    1    1    1  1.98984E+13 0.00354 
   86   86    1    1    1    1    1    1    1    1  1.83423E+13 0.00446 
   87   87    1    1    1    1    1    1    1    1  1.10726E+13 0.00448 
   88   88    1    1    1    1    1    1    1    1  7.30675E+12 0.00650 
   89   89    1    1    1    1    1    1    1    1  4.14341E+12 0.00631 
   90   90    1    1    1    1    1    1    1    1  2.68798E+12 0.00945 
   91   91    1    1    1    1    1    1    1    1  1.27640E+12 0.00911 
   92   92    1    1    1    1    1    1    1    1  6.18882E+11 0.02099 
   93   93    1    1    1    1    1    1    1    1  3.06326E+11 0.02680 
   94   94    1    1    1    1    1    1    1    1  1.36802E+11 0.04187 
   95   95    1    1    1    1    1    1    1    1  6.43701E+10 0.04089 
   96   96    1    1    1    1    1    1    1    1  3.25227E+10 0.07371 
   97   97    1    1    1    1    1    1    1    1  1.35963E+10 0.13265 
   98   98    1    1    1    1    1    1    1    1  5.81577E+09 0.15954 
   99   99    1    1    1    1    1    1    1    1  3.61664E+09 0.20246 
  100  100    1    1    1    1    1    1    1    1  3.94915E+09 0.22145 
];


