
DETdpaspec = [
    1    1    1    1    1    1    1    1    1    1  0.00000E+00 0.00000 
    2    2    1    1    1    1    1    1    1    1  0.00000E+00 0.00000 
    3    3    1    1    1    1    1    1    1    1  0.00000E+00 0.00000 
    4    4    1    1    1    1    1    1    1    1  0.00000E+00 0.00000 
    5    5    1    1    1    1    1    1    1    1  0.00000E+00 0.00000 
    6    6    1    1    1    1    1    1    1    1  0.00000E+00 0.00000 
    7    7    1    1    1    1    1    1    1    1  0.00000E+00 0.00000 
    8    8    1    1    1    1    1    1    1    1  0.00000E+00 0.00000 
    9    9    1    1    1    1    1    1    1    1  0.00000E+00 0.00000 
   10   10    1    1    1    1    1    1    1    1  1.03720E+08 1.00000 
   11   11    1    1    1    1    1    1    1    1  2.39487E+08 0.74228 
   12   12    1    1    1    1    1    1    1    1  4.29758E+07 1.00000 
   13   13    1    1    1    1    1    1    1    1  2.65187E+08 0.64796 
   14   14    1    1    1    1    1    1    1    1  2.27865E+08 1.00000 
   15   15    1    1    1    1    1    1    1    1  4.24734E+08 0.63548 
   16   16    1    1    1    1    1    1    1    1  7.48406E+08 0.63274 
   17   17    1    1    1    1    1    1    1    1  5.72746E+08 0.58810 
   18   18    1    1    1    1    1    1    1    1  9.77788E+08 0.52956 
   19   19    1    1    1    1    1    1    1    1  9.24939E+08 0.50011 
   20   20    1    1    1    1    1    1    1    1  4.24434E+09 0.22720 
   21   21    1    1    1    1    1    1    1    1  3.73393E+09 0.23690 
   22   22    1    1    1    1    1    1    1    1  1.07197E+10 0.16796 
   23   23    1    1    1    1    1    1    1    1  2.63543E+10 0.08368 
   24   24    1    1    1    1    1    1    1    1  1.01641E+11 0.05384 
   25   25    1    1    1    1    1    1    1    1  1.58683E+11 0.03978 
   26   26    1    1    1    1    1    1    1    1  3.49176E+11 0.02391 
   27   27    1    1    1    1    1    1    1    1  7.87642E+11 0.01801 
   28   28    1    1    1    1    1    1    1    1  1.64812E+12 0.01277 
   29   29    1    1    1    1    1    1    1    1  2.77866E+12 0.01087 
   30   30    1    1    1    1    1    1    1    1  5.77538E+12 0.00703 
   31   31    1    1    1    1    1    1    1    1  1.31600E+13 0.00541 
   32   32    1    1    1    1    1    1    1    1  2.04994E+13 0.00401 
   33   33    1    1    1    1    1    1    1    1  4.28173E+13 0.00328 
   34   34    1    1    1    1    1    1    1    1  5.46844E+13 0.00231 
   35   35    1    1    1    1    1    1    1    1  5.76882E+13 0.00224 
   36   36    1    1    1    1    1    1    1    1  3.48717E+13 0.00215 
   37   37    1    1    1    1    1    1    1    1  1.01757E+13 0.00290 
   38   38    1    1    1    1    1    1    1    1  5.84979E+13 0.00212 
   39   39    1    1    1    1    1    1    1    1  7.78170E+13 0.00194 
   40   40    1    1    1    1    1    1    1    1  1.32142E+14 0.00124 
   41   41    1    1    1    1    1    1    1    1  1.27551E+14 0.00107 
   42   42    1    1    1    1    1    1    1    1  2.75707E+14 0.00089 
   43   43    1    1    1    1    1    1    1    1  3.31546E+14 0.00094 
   44   44    1    1    1    1    1    1    1    1  4.75212E+14 0.00085 
   45   45    1    1    1    1    1    1    1    1  9.38710E+14 0.00062 
   46   46    1    1    1    1    1    1    1    1  4.22098E+14 0.00064 
   47   47    1    1    1    1    1    1    1    1  6.69471E+14 0.00053 
   48   48    1    1    1    1    1    1    1    1  9.21618E+14 0.00083 
   49   49    1    1    1    1    1    1    1    1  9.01184E+14 0.00095 
   50   50    1    1    1    1    1    1    1    1  1.41338E+15 0.00052 
   51   51    1    1    1    1    1    1    1    1  1.09464E+15 0.00059 
   52   52    1    1    1    1    1    1    1    1  1.32222E+15 0.00042 
   53   53    1    1    1    1    1    1    1    1  9.07203E+14 0.00050 
   54   54    1    1    1    1    1    1    1    1  1.12975E+15 0.00046 
   55   55    1    1    1    1    1    1    1    1  7.72876E+14 0.00056 
   56   56    1    1    1    1    1    1    1    1  1.04155E+14 0.00106 
   57   57    1    1    1    1    1    1    1    1  1.52476E+15 0.00053 
   58   58    1    1    1    1    1    1    1    1  6.96450E+14 0.00068 
   59   59    1    1    1    1    1    1    1    1  7.34130E+14 0.00068 
   60   60    1    1    1    1    1    1    1    1  5.82725E+14 0.00063 
   61   61    1    1    1    1    1    1    1    1  5.80820E+14 0.00066 
   62   62    1    1    1    1    1    1    1    1  6.05932E+14 0.00060 
   63   63    1    1    1    1    1    1    1    1  5.12062E+14 0.00084 
   64   64    1    1    1    1    1    1    1    1  4.07257E+14 0.00087 
   65   65    1    1    1    1    1    1    1    1  4.04452E+14 0.00080 
   66   66    1    1    1    1    1    1    1    1  2.91481E+14 0.00072 
   67   67    1    1    1    1    1    1    1    1  2.35811E+14 0.00066 
   68   68    1    1    1    1    1    1    1    1  2.10354E+14 0.00097 
   69   69    1    1    1    1    1    1    1    1  2.51477E+14 0.00085 
   70   70    1    1    1    1    1    1    1    1  2.12864E+14 0.00110 
   71   71    1    1    1    1    1    1    1    1  3.80514E+14 0.00109 
   72   72    1    1    1    1    1    1    1    1  2.67932E+14 0.00083 
   73   73    1    1    1    1    1    1    1    1  2.02368E+14 0.00092 
   74   74    1    1    1    1    1    1    1    1  1.64485E+14 0.00128 
   75   75    1    1    1    1    1    1    1    1  1.38517E+14 0.00177 
   76   76    1    1    1    1    1    1    1    1  1.62827E+14 0.00139 
   77   77    1    1    1    1    1    1    1    1  1.30100E+14 0.00142 
   78   78    1    1    1    1    1    1    1    1  1.04577E+14 0.00178 
   79   79    1    1    1    1    1    1    1    1  1.08523E+14 0.00125 
   80   80    1    1    1    1    1    1    1    1  8.05563E+13 0.00167 
   81   81    1    1    1    1    1    1    1    1  6.22525E+13 0.00235 
   82   82    1    1    1    1    1    1    1    1  4.76446E+13 0.00221 
   83   83    1    1    1    1    1    1    1    1  4.47817E+13 0.00216 
   84   84    1    1    1    1    1    1    1    1  3.20256E+13 0.00235 
   85   85    1    1    1    1    1    1    1    1  2.29451E+13 0.00249 
   86   86    1    1    1    1    1    1    1    1  2.13667E+13 0.00411 
   87   87    1    1    1    1    1    1    1    1  1.31721E+13 0.00444 
   88   88    1    1    1    1    1    1    1    1  8.59633E+12 0.00563 
   89   89    1    1    1    1    1    1    1    1  5.02558E+12 0.00680 
   90   90    1    1    1    1    1    1    1    1  3.27063E+12 0.00751 
   91   91    1    1    1    1    1    1    1    1  1.62285E+12 0.01177 
   92   92    1    1    1    1    1    1    1    1  7.72951E+11 0.01915 
   93   93    1    1    1    1    1    1    1    1  3.75452E+11 0.02655 
   94   94    1    1    1    1    1    1    1    1  1.85989E+11 0.03657 
   95   95    1    1    1    1    1    1    1    1  8.06361E+10 0.06345 
   96   96    1    1    1    1    1    1    1    1  4.01388E+10 0.07836 
   97   97    1    1    1    1    1    1    1    1  2.18176E+10 0.08864 
   98   98    1    1    1    1    1    1    1    1  9.94784E+09 0.13160 
   99   99    1    1    1    1    1    1    1    1  3.42553E+09 0.26864 
  100  100    1    1    1    1    1    1    1    1  3.53062E+09 0.19768 
];


