
DETdpaspec = [
    1    1    1    1    1    1    1    1    1    1  0.00000E+00 0.00000 
    2    2    1    1    1    1    1    1    1    1  0.00000E+00 0.00000 
    3    3    1    1    1    1    1    1    1    1  0.00000E+00 0.00000 
    4    4    1    1    1    1    1    1    1    1  0.00000E+00 0.00000 
    5    5    1    1    1    1    1    1    1    1  0.00000E+00 0.00000 
    6    6    1    1    1    1    1    1    1    1  0.00000E+00 0.00000 
    7    7    1    1    1    1    1    1    1    1  0.00000E+00 0.00000 
    8    8    1    1    1    1    1    1    1    1  0.00000E+00 0.00000 
    9    9    1    1    1    1    1    1    1    1  0.00000E+00 0.00000 
   10   10    1    1    1    1    1    1    1    1  5.59928E+07 0.68848 
   11   11    1    1    1    1    1    1    1    1  5.87741E+07 0.68995 
   12   12    1    1    1    1    1    1    1    1  0.00000E+00 0.00000 
   13   13    1    1    1    1    1    1    1    1  4.72715E+08 0.68962 
   14   14    1    1    1    1    1    1    1    1  4.45727E+08 0.42129 
   15   15    1    1    1    1    1    1    1    1  1.48112E+09 0.61670 
   16   16    1    1    1    1    1    1    1    1  3.70282E+08 0.45645 
   17   17    1    1    1    1    1    1    1    1  8.49894E+08 0.23232 
   18   18    1    1    1    1    1    1    1    1  1.45807E+09 0.27631 
   19   19    1    1    1    1    1    1    1    1  1.76153E+09 0.23075 
   20   20    1    1    1    1    1    1    1    1  6.59753E+09 0.20465 
   21   21    1    1    1    1    1    1    1    1  6.60925E+09 0.16027 
   22   22    1    1    1    1    1    1    1    1  9.91644E+09 0.11057 
   23   23    1    1    1    1    1    1    1    1  1.51284E+10 0.08964 
   24   24    1    1    1    1    1    1    1    1  3.46636E+10 0.09800 
   25   25    1    1    1    1    1    1    1    1  4.09937E+10 0.06678 
   26   26    1    1    1    1    1    1    1    1  7.73984E+10 0.07249 
   27   27    1    1    1    1    1    1    1    1  1.47445E+11 0.03176 
   28   28    1    1    1    1    1    1    1    1  3.54818E+11 0.02778 
   29   29    1    1    1    1    1    1    1    1  6.01710E+11 0.02338 
   30   30    1    1    1    1    1    1    1    1  1.62278E+12 0.01039 
   31   31    1    1    1    1    1    1    1    1  4.88347E+12 0.00981 
   32   32    1    1    1    1    1    1    1    1  8.89032E+12 0.00468 
   33   33    1    1    1    1    1    1    1    1  2.12943E+13 0.00431 
   34   34    1    1    1    1    1    1    1    1  2.99599E+13 0.00324 
   35   35    1    1    1    1    1    1    1    1  3.72059E+13 0.00193 
   36   36    1    1    1    1    1    1    1    1  2.44800E+13 0.00258 
   37   37    1    1    1    1    1    1    1    1  7.39662E+12 0.00235 
   38   38    1    1    1    1    1    1    1    1  4.21979E+13 0.00200 
   39   39    1    1    1    1    1    1    1    1  5.70414E+13 0.00172 
   40   40    1    1    1    1    1    1    1    1  9.85020E+13 0.00135 
   41   41    1    1    1    1    1    1    1    1  9.86971E+13 0.00140 
   42   42    1    1    1    1    1    1    1    1  2.13859E+14 0.00116 
   43   43    1    1    1    1    1    1    1    1  2.62636E+14 0.00086 
   44   44    1    1    1    1    1    1    1    1  3.85725E+14 0.00093 
   45   45    1    1    1    1    1    1    1    1  7.83770E+14 0.00074 
   46   46    1    1    1    1    1    1    1    1  3.66851E+14 0.00077 
   47   47    1    1    1    1    1    1    1    1  5.92702E+14 0.00077 
   48   48    1    1    1    1    1    1    1    1  8.33522E+14 0.00087 
   49   49    1    1    1    1    1    1    1    1  8.31848E+14 0.00060 
   50   50    1    1    1    1    1    1    1    1  1.31843E+15 0.00063 
   51   51    1    1    1    1    1    1    1    1  1.05192E+15 0.00049 
   52   52    1    1    1    1    1    1    1    1  1.27396E+15 0.00041 
   53   53    1    1    1    1    1    1    1    1  8.90896E+14 0.00051 
   54   54    1    1    1    1    1    1    1    1  1.10490E+15 0.00050 
   55   55    1    1    1    1    1    1    1    1  7.63488E+14 0.00061 
   56   56    1    1    1    1    1    1    1    1  1.03798E+14 0.00096 
   57   57    1    1    1    1    1    1    1    1  1.52602E+15 0.00041 
   58   58    1    1    1    1    1    1    1    1  6.91788E+14 0.00059 
   59   59    1    1    1    1    1    1    1    1  7.37999E+14 0.00053 
   60   60    1    1    1    1    1    1    1    1  5.81577E+14 0.00057 
   61   61    1    1    1    1    1    1    1    1  5.84201E+14 0.00075 
   62   62    1    1    1    1    1    1    1    1  6.11542E+14 0.00079 
   63   63    1    1    1    1    1    1    1    1  5.18443E+14 0.00066 
   64   64    1    1    1    1    1    1    1    1  4.15284E+14 0.00073 
   65   65    1    1    1    1    1    1    1    1  4.15286E+14 0.00075 
   66   66    1    1    1    1    1    1    1    1  3.00199E+14 0.00090 
   67   67    1    1    1    1    1    1    1    1  2.44582E+14 0.00105 
   68   68    1    1    1    1    1    1    1    1  2.19254E+14 0.00111 
   69   69    1    1    1    1    1    1    1    1  2.63115E+14 0.00115 
   70   70    1    1    1    1    1    1    1    1  2.24631E+14 0.00116 
   71   71    1    1    1    1    1    1    1    1  4.07805E+14 0.00105 
   72   72    1    1    1    1    1    1    1    1  2.89502E+14 0.00113 
   73   73    1    1    1    1    1    1    1    1  2.18812E+14 0.00146 
   74   74    1    1    1    1    1    1    1    1  1.77850E+14 0.00107 
   75   75    1    1    1    1    1    1    1    1  1.48464E+14 0.00097 
   76   76    1    1    1    1    1    1    1    1  1.73519E+14 0.00143 
   77   77    1    1    1    1    1    1    1    1  1.37711E+14 0.00115 
   78   78    1    1    1    1    1    1    1    1  1.10374E+14 0.00150 
   79   79    1    1    1    1    1    1    1    1  1.14136E+14 0.00143 
   80   80    1    1    1    1    1    1    1    1  8.48807E+13 0.00140 
   81   81    1    1    1    1    1    1    1    1  6.53857E+13 0.00194 
   82   82    1    1    1    1    1    1    1    1  5.02913E+13 0.00203 
   83   83    1    1    1    1    1    1    1    1  4.70258E+13 0.00216 
   84   84    1    1    1    1    1    1    1    1  3.37842E+13 0.00358 
   85   85    1    1    1    1    1    1    1    1  2.44287E+13 0.00319 
   86   86    1    1    1    1    1    1    1    1  2.26148E+13 0.00270 
   87   87    1    1    1    1    1    1    1    1  1.40416E+13 0.00277 
   88   88    1    1    1    1    1    1    1    1  9.43423E+12 0.00542 
   89   89    1    1    1    1    1    1    1    1  5.41346E+12 0.00660 
   90   90    1    1    1    1    1    1    1    1  3.59832E+12 0.00893 
   91   91    1    1    1    1    1    1    1    1  1.81175E+12 0.01156 
   92   92    1    1    1    1    1    1    1    1  8.61222E+11 0.01443 
   93   93    1    1    1    1    1    1    1    1  4.09049E+11 0.02902 
   94   94    1    1    1    1    1    1    1    1  2.03592E+11 0.04012 
   95   95    1    1    1    1    1    1    1    1  9.72947E+10 0.05606 
   96   96    1    1    1    1    1    1    1    1  4.70969E+10 0.06621 
   97   97    1    1    1    1    1    1    1    1  2.10363E+10 0.12899 
   98   98    1    1    1    1    1    1    1    1  9.07047E+09 0.15834 
   99   99    1    1    1    1    1    1    1    1  3.04624E+09 0.27819 
  100  100    1    1    1    1    1    1    1    1  3.32500E+09 0.26834 
];


