
DETdpaspec = [
    1    1    1    1    1    1    1    1    1    1  0.00000E+00 0.00000 
    2    2    1    1    1    1    1    1    1    1  0.00000E+00 0.00000 
    3    3    1    1    1    1    1    1    1    1  0.00000E+00 0.00000 
    4    4    1    1    1    1    1    1    1    1  0.00000E+00 0.00000 
    5    5    1    1    1    1    1    1    1    1  0.00000E+00 0.00000 
    6    6    1    1    1    1    1    1    1    1  0.00000E+00 0.00000 
    7    7    1    1    1    1    1    1    1    1  0.00000E+00 0.00000 
    8    8    1    1    1    1    1    1    1    1  0.00000E+00 0.00000 
    9    9    1    1    1    1    1    1    1    1  0.00000E+00 0.00000 
   10   10    1    1    1    1    1    1    1    1  0.00000E+00 0.00000 
   11   11    1    1    1    1    1    1    1    1  0.00000E+00 0.00000 
   12   12    1    1    1    1    1    1    1    1  0.00000E+00 0.00000 
   13   13    1    1    1    1    1    1    1    1  2.74618E+08 0.69786 
   14   14    1    1    1    1    1    1    1    1  1.09743E+09 0.51339 
   15   15    1    1    1    1    1    1    1    1  1.25069E+09 0.61018 
   16   16    1    1    1    1    1    1    1    1  3.58736E+08 0.69668 
   17   17    1    1    1    1    1    1    1    1  1.01341E+09 0.43172 
   18   18    1    1    1    1    1    1    1    1  1.00636E+09 0.42532 
   19   19    1    1    1    1    1    1    1    1  1.55685E+09 0.22897 
   20   20    1    1    1    1    1    1    1    1  7.90936E+09 0.20932 
   21   21    1    1    1    1    1    1    1    1  4.19912E+09 0.19982 
   22   22    1    1    1    1    1    1    1    1  9.62866E+09 0.15377 
   23   23    1    1    1    1    1    1    1    1  1.67503E+10 0.14376 
   24   24    1    1    1    1    1    1    1    1  3.25514E+10 0.07373 
   25   25    1    1    1    1    1    1    1    1  4.52400E+10 0.09533 
   26   26    1    1    1    1    1    1    1    1  8.25128E+10 0.05495 
   27   27    1    1    1    1    1    1    1    1  1.57165E+11 0.04596 
   28   28    1    1    1    1    1    1    1    1  3.59830E+11 0.02993 
   29   29    1    1    1    1    1    1    1    1  6.51895E+11 0.02455 
   30   30    1    1    1    1    1    1    1    1  1.70665E+12 0.01689 
   31   31    1    1    1    1    1    1    1    1  5.08791E+12 0.00915 
   32   32    1    1    1    1    1    1    1    1  9.30905E+12 0.00568 
   33   33    1    1    1    1    1    1    1    1  2.22809E+13 0.00477 
   34   34    1    1    1    1    1    1    1    1  3.11655E+13 0.00344 
   35   35    1    1    1    1    1    1    1    1  3.82253E+13 0.00245 
   36   36    1    1    1    1    1    1    1    1  2.49584E+13 0.00213 
   37   37    1    1    1    1    1    1    1    1  7.50383E+12 0.00245 
   38   38    1    1    1    1    1    1    1    1  4.28080E+13 0.00181 
   39   39    1    1    1    1    1    1    1    1  5.80114E+13 0.00217 
   40   40    1    1    1    1    1    1    1    1  1.00207E+14 0.00202 
   41   41    1    1    1    1    1    1    1    1  1.00095E+14 0.00159 
   42   42    1    1    1    1    1    1    1    1  2.18059E+14 0.00115 
   43   43    1    1    1    1    1    1    1    1  2.66830E+14 0.00084 
   44   44    1    1    1    1    1    1    1    1  3.90741E+14 0.00090 
   45   45    1    1    1    1    1    1    1    1  7.93345E+14 0.00069 
   46   46    1    1    1    1    1    1    1    1  3.70118E+14 0.00084 
   47   47    1    1    1    1    1    1    1    1  5.97772E+14 0.00049 
   48   48    1    1    1    1    1    1    1    1  8.39778E+14 0.00072 
   49   49    1    1    1    1    1    1    1    1  8.36797E+14 0.00061 
   50   50    1    1    1    1    1    1    1    1  1.32571E+15 0.00075 
   51   51    1    1    1    1    1    1    1    1  1.05734E+15 0.00067 
   52   52    1    1    1    1    1    1    1    1  1.28036E+15 0.00054 
   53   53    1    1    1    1    1    1    1    1  8.93619E+14 0.00053 
   54   54    1    1    1    1    1    1    1    1  1.10946E+15 0.00045 
   55   55    1    1    1    1    1    1    1    1  7.67018E+14 0.00060 
   56   56    1    1    1    1    1    1    1    1  1.04014E+14 0.00115 
   57   57    1    1    1    1    1    1    1    1  1.53116E+15 0.00044 
   58   58    1    1    1    1    1    1    1    1  6.95288E+14 0.00087 
   59   59    1    1    1    1    1    1    1    1  7.40465E+14 0.00083 
   60   60    1    1    1    1    1    1    1    1  5.85425E+14 0.00055 
   61   61    1    1    1    1    1    1    1    1  5.86987E+14 0.00093 
   62   62    1    1    1    1    1    1    1    1  6.14050E+14 0.00087 
   63   63    1    1    1    1    1    1    1    1  5.21036E+14 0.00078 
   64   64    1    1    1    1    1    1    1    1  4.17187E+14 0.00063 
   65   65    1    1    1    1    1    1    1    1  4.16435E+14 0.00076 
   66   66    1    1    1    1    1    1    1    1  3.01343E+14 0.00087 
   67   67    1    1    1    1    1    1    1    1  2.44980E+14 0.00095 
   68   68    1    1    1    1    1    1    1    1  2.19451E+14 0.00085 
   69   69    1    1    1    1    1    1    1    1  2.63598E+14 0.00106 
   70   70    1    1    1    1    1    1    1    1  2.24688E+14 0.00099 
   71   71    1    1    1    1    1    1    1    1  4.08136E+14 0.00069 
   72   72    1    1    1    1    1    1    1    1  2.89910E+14 0.00086 
   73   73    1    1    1    1    1    1    1    1  2.18783E+14 0.00119 
   74   74    1    1    1    1    1    1    1    1  1.77477E+14 0.00121 
   75   75    1    1    1    1    1    1    1    1  1.48696E+14 0.00131 
   76   76    1    1    1    1    1    1    1    1  1.73749E+14 0.00141 
   77   77    1    1    1    1    1    1    1    1  1.38301E+14 0.00110 
   78   78    1    1    1    1    1    1    1    1  1.10886E+14 0.00119 
   79   79    1    1    1    1    1    1    1    1  1.14625E+14 0.00145 
   80   80    1    1    1    1    1    1    1    1  8.52355E+13 0.00162 
   81   81    1    1    1    1    1    1    1    1  6.57183E+13 0.00198 
   82   82    1    1    1    1    1    1    1    1  5.04916E+13 0.00177 
   83   83    1    1    1    1    1    1    1    1  4.73272E+13 0.00218 
   84   84    1    1    1    1    1    1    1    1  3.40412E+13 0.00230 
   85   85    1    1    1    1    1    1    1    1  2.45322E+13 0.00308 
   86   86    1    1    1    1    1    1    1    1  2.29775E+13 0.00330 
   87   87    1    1    1    1    1    1    1    1  1.39887E+13 0.00379 
   88   88    1    1    1    1    1    1    1    1  9.39105E+12 0.00575 
   89   89    1    1    1    1    1    1    1    1  5.48762E+12 0.00640 
   90   90    1    1    1    1    1    1    1    1  3.62021E+12 0.00920 
   91   91    1    1    1    1    1    1    1    1  1.79137E+12 0.01014 
   92   92    1    1    1    1    1    1    1    1  9.06356E+11 0.01662 
   93   93    1    1    1    1    1    1    1    1  4.08439E+11 0.02611 
   94   94    1    1    1    1    1    1    1    1  2.11403E+11 0.03358 
   95   95    1    1    1    1    1    1    1    1  9.19740E+10 0.04837 
   96   96    1    1    1    1    1    1    1    1  5.04503E+10 0.06536 
   97   97    1    1    1    1    1    1    1    1  2.03647E+10 0.11219 
   98   98    1    1    1    1    1    1    1    1  1.00492E+10 0.19228 
   99   99    1    1    1    1    1    1    1    1  3.87559E+09 0.23659 
  100  100    1    1    1    1    1    1    1    1  2.88603E+09 0.27861 
];


