
DETdpaspec = [
    1    1    1    1    1    1    1    1    1    1  0.00000E+00 0.00000 
    2    2    1    1    1    1    1    1    1    1  0.00000E+00 0.00000 
    3    3    1    1    1    1    1    1    1    1  0.00000E+00 0.00000 
    4    4    1    1    1    1    1    1    1    1  0.00000E+00 0.00000 
    5    5    1    1    1    1    1    1    1    1  1.28472E+07 1.00000 
    6    6    1    1    1    1    1    1    1    1  0.00000E+00 0.00000 
    7    7    1    1    1    1    1    1    1    1  0.00000E+00 0.00000 
    8    8    1    1    1    1    1    1    1    1  0.00000E+00 0.00000 
    9    9    1    1    1    1    1    1    1    1  0.00000E+00 0.00000 
   10   10    1    1    1    1    1    1    1    1  1.58064E+08 1.00000 
   11   11    1    1    1    1    1    1    1    1  0.00000E+00 0.00000 
   12   12    1    1    1    1    1    1    1    1  2.41370E+08 0.72068 
   13   13    1    1    1    1    1    1    1    1  0.00000E+00 0.00000 
   14   14    1    1    1    1    1    1    1    1  2.27451E+09 0.71384 
   15   15    1    1    1    1    1    1    1    1  1.44484E+09 0.49903 
   16   16    1    1    1    1    1    1    1    1  9.38248E+08 0.47141 
   17   17    1    1    1    1    1    1    1    1  5.03739E+08 0.54805 
   18   18    1    1    1    1    1    1    1    1  1.09379E+09 0.34480 
   19   19    1    1    1    1    1    1    1    1  1.14248E+09 0.39332 
   20   20    1    1    1    1    1    1    1    1  4.25366E+09 0.18641 
   21   21    1    1    1    1    1    1    1    1  5.60494E+09 0.16864 
   22   22    1    1    1    1    1    1    1    1  9.51920E+09 0.15778 
   23   23    1    1    1    1    1    1    1    1  1.81234E+10 0.11012 
   24   24    1    1    1    1    1    1    1    1  4.60335E+10 0.07310 
   25   25    1    1    1    1    1    1    1    1  8.29842E+10 0.04471 
   26   26    1    1    1    1    1    1    1    1  1.88077E+11 0.03361 
   27   27    1    1    1    1    1    1    1    1  4.17902E+11 0.02398 
   28   28    1    1    1    1    1    1    1    1  9.76697E+11 0.01782 
   29   29    1    1    1    1    1    1    1    1  1.72060E+12 0.01367 
   30   30    1    1    1    1    1    1    1    1  3.92812E+12 0.00856 
   31   31    1    1    1    1    1    1    1    1  9.95385E+12 0.00471 
   32   32    1    1    1    1    1    1    1    1  1.60985E+13 0.00379 
   33   33    1    1    1    1    1    1    1    1  3.52853E+13 0.00257 
   34   34    1    1    1    1    1    1    1    1  4.64364E+13 0.00203 
   35   35    1    1    1    1    1    1    1    1  5.07670E+13 0.00225 
   36   36    1    1    1    1    1    1    1    1  3.13234E+13 0.00304 
   37   37    1    1    1    1    1    1    1    1  9.22094E+12 0.00281 
   38   38    1    1    1    1    1    1    1    1  5.29966E+13 0.00229 
   39   39    1    1    1    1    1    1    1    1  7.10428E+13 0.00170 
   40   40    1    1    1    1    1    1    1    1  1.21410E+14 0.00188 
   41   41    1    1    1    1    1    1    1    1  1.18211E+14 0.00142 
   42   42    1    1    1    1    1    1    1    1  2.56619E+14 0.00115 
   43   43    1    1    1    1    1    1    1    1  3.10454E+14 0.00112 
   44   44    1    1    1    1    1    1    1    1  4.48611E+14 0.00089 
   45   45    1    1    1    1    1    1    1    1  8.94322E+14 0.00091 
   46   46    1    1    1    1    1    1    1    1  4.06547E+14 0.00086 
   47   47    1    1    1    1    1    1    1    1  6.48513E+14 0.00081 
   48   48    1    1    1    1    1    1    1    1  8.98349E+14 0.00052 
   49   49    1    1    1    1    1    1    1    1  8.82862E+14 0.00057 
   50   50    1    1    1    1    1    1    1    1  1.39097E+15 0.00050 
   51   51    1    1    1    1    1    1    1    1  1.08551E+15 0.00056 
   52   52    1    1    1    1    1    1    1    1  1.31551E+15 0.00062 
   53   53    1    1    1    1    1    1    1    1  9.07522E+14 0.00050 
   54   54    1    1    1    1    1    1    1    1  1.13099E+15 0.00053 
   55   55    1    1    1    1    1    1    1    1  7.75065E+14 0.00052 
   56   56    1    1    1    1    1    1    1    1  1.04699E+14 0.00121 
   57   57    1    1    1    1    1    1    1    1  1.53662E+15 0.00053 
   58   58    1    1    1    1    1    1    1    1  7.03274E+14 0.00074 
   59   59    1    1    1    1    1    1    1    1  7.43559E+14 0.00057 
   60   60    1    1    1    1    1    1    1    1  5.89502E+14 0.00060 
   61   61    1    1    1    1    1    1    1    1  5.88806E+14 0.00069 
   62   62    1    1    1    1    1    1    1    1  6.14877E+14 0.00076 
   63   63    1    1    1    1    1    1    1    1  5.20294E+14 0.00097 
   64   64    1    1    1    1    1    1    1    1  4.14606E+14 0.00076 
   65   65    1    1    1    1    1    1    1    1  4.12819E+14 0.00084 
   66   66    1    1    1    1    1    1    1    1  2.97983E+14 0.00115 
   67   67    1    1    1    1    1    1    1    1  2.41277E+14 0.00116 
   68   68    1    1    1    1    1    1    1    1  2.15643E+14 0.00116 
   69   69    1    1    1    1    1    1    1    1  2.57809E+14 0.00079 
   70   70    1    1    1    1    1    1    1    1  2.18891E+14 0.00092 
   71   71    1    1    1    1    1    1    1    1  3.92313E+14 0.00088 
   72   72    1    1    1    1    1    1    1    1  2.77254E+14 0.00117 
   73   73    1    1    1    1    1    1    1    1  2.09281E+14 0.00124 
   74   74    1    1    1    1    1    1    1    1  1.70539E+14 0.00130 
   75   75    1    1    1    1    1    1    1    1  1.43286E+14 0.00132 
   76   76    1    1    1    1    1    1    1    1  1.68387E+14 0.00117 
   77   77    1    1    1    1    1    1    1    1  1.34640E+14 0.00153 
   78   78    1    1    1    1    1    1    1    1  1.08362E+14 0.00131 
   79   79    1    1    1    1    1    1    1    1  1.12442E+14 0.00189 
   80   80    1    1    1    1    1    1    1    1  8.37011E+13 0.00167 
   81   81    1    1    1    1    1    1    1    1  6.46016E+13 0.00188 
   82   82    1    1    1    1    1    1    1    1  4.96013E+13 0.00237 
   83   83    1    1    1    1    1    1    1    1  4.64682E+13 0.00159 
   84   84    1    1    1    1    1    1    1    1  3.30386E+13 0.00251 
   85   85    1    1    1    1    1    1    1    1  2.39742E+13 0.00267 
   86   86    1    1    1    1    1    1    1    1  2.23056E+13 0.00387 
   87   87    1    1    1    1    1    1    1    1  1.37114E+13 0.00387 
   88   88    1    1    1    1    1    1    1    1  9.12631E+12 0.00444 
   89   89    1    1    1    1    1    1    1    1  5.32502E+12 0.00717 
   90   90    1    1    1    1    1    1    1    1  3.46271E+12 0.00670 
   91   91    1    1    1    1    1    1    1    1  1.73300E+12 0.01154 
   92   92    1    1    1    1    1    1    1    1  8.07524E+11 0.01794 
   93   93    1    1    1    1    1    1    1    1  3.99628E+11 0.02380 
   94   94    1    1    1    1    1    1    1    1  1.86955E+11 0.03273 
   95   95    1    1    1    1    1    1    1    1  9.04477E+10 0.04124 
   96   96    1    1    1    1    1    1    1    1  3.67919E+10 0.07590 
   97   97    1    1    1    1    1    1    1    1  1.99374E+10 0.14580 
   98   98    1    1    1    1    1    1    1    1  8.45908E+09 0.15477 
   99   99    1    1    1    1    1    1    1    1  5.78089E+09 0.14219 
  100  100    1    1    1    1    1    1    1    1  5.55635E+09 0.25851 
];


