
DETdpaspec = [
    1    1    1    1    1    1    1    1    1    1  0.00000E+00 0.00000 
    2    2    1    1    1    1    1    1    1    1  0.00000E+00 0.00000 
    3    3    1    1    1    1    1    1    1    1  0.00000E+00 0.00000 
    4    4    1    1    1    1    1    1    1    1  0.00000E+00 0.00000 
    5    5    1    1    1    1    1    1    1    1  0.00000E+00 0.00000 
    6    6    1    1    1    1    1    1    1    1  0.00000E+00 0.00000 
    7    7    1    1    1    1    1    1    1    1  2.50140E+07 1.00000 
    8    8    1    1    1    1    1    1    1    1  0.00000E+00 0.00000 
    9    9    1    1    1    1    1    1    1    1  0.00000E+00 0.00000 
   10   10    1    1    1    1    1    1    1    1  0.00000E+00 0.00000 
   11   11    1    1    1    1    1    1    1    1  7.72391E+07 0.68998 
   12   12    1    1    1    1    1    1    1    1  0.00000E+00 0.00000 
   13   13    1    1    1    1    1    1    1    1  1.05583E+08 0.69010 
   14   14    1    1    1    1    1    1    1    1  1.07899E+08 1.00000 
   15   15    1    1    1    1    1    1    1    1  1.86983E+09 0.66783 
   16   16    1    1    1    1    1    1    1    1  1.86658E+08 0.57966 
   17   17    1    1    1    1    1    1    1    1  7.35913E+08 0.45255 
   18   18    1    1    1    1    1    1    1    1  1.57832E+09 0.75755 
   19   19    1    1    1    1    1    1    1    1  1.46864E+09 0.25338 
   20   20    1    1    1    1    1    1    1    1  6.16944E+09 0.23959 
   21   21    1    1    1    1    1    1    1    1  4.54361E+09 0.16478 
   22   22    1    1    1    1    1    1    1    1  1.20858E+10 0.16965 
   23   23    1    1    1    1    1    1    1    1  1.91051E+10 0.10260 
   24   24    1    1    1    1    1    1    1    1  2.98481E+10 0.10224 
   25   25    1    1    1    1    1    1    1    1  4.63496E+10 0.07077 
   26   26    1    1    1    1    1    1    1    1  1.10160E+11 0.04450 
   27   27    1    1    1    1    1    1    1    1  2.32945E+11 0.03174 
   28   28    1    1    1    1    1    1    1    1  5.61756E+11 0.02171 
   29   29    1    1    1    1    1    1    1    1  1.01659E+12 0.01395 
   30   30    1    1    1    1    1    1    1    1  2.49493E+12 0.01011 
   31   31    1    1    1    1    1    1    1    1  7.02820E+12 0.00629 
   32   32    1    1    1    1    1    1    1    1  1.20473E+13 0.00478 
   33   33    1    1    1    1    1    1    1    1  2.76029E+13 0.00342 
   34   34    1    1    1    1    1    1    1    1  3.77889E+13 0.00236 
   35   35    1    1    1    1    1    1    1    1  4.35914E+13 0.00234 
   36   36    1    1    1    1    1    1    1    1  2.75696E+13 0.00303 
   37   37    1    1    1    1    1    1    1    1  8.20607E+12 0.00249 
   38   38    1    1    1    1    1    1    1    1  4.72159E+13 0.00239 
   39   39    1    1    1    1    1    1    1    1  6.36599E+13 0.00193 
   40   40    1    1    1    1    1    1    1    1  1.09539E+14 0.00146 
   41   41    1    1    1    1    1    1    1    1  1.07898E+14 0.00150 
   42   42    1    1    1    1    1    1    1    1  2.35774E+14 0.00099 
   43   43    1    1    1    1    1    1    1    1  2.86852E+14 0.00076 
   44   44    1    1    1    1    1    1    1    1  4.17494E+14 0.00063 
   45   45    1    1    1    1    1    1    1    1  8.41663E+14 0.00068 
   46   46    1    1    1    1    1    1    1    1  3.87243E+14 0.00098 
   47   47    1    1    1    1    1    1    1    1  6.21917E+14 0.00074 
   48   48    1    1    1    1    1    1    1    1  8.68313E+14 0.00100 
   49   49    1    1    1    1    1    1    1    1  8.59667E+14 0.00086 
   50   50    1    1    1    1    1    1    1    1  1.35917E+15 0.00054 
   51   51    1    1    1    1    1    1    1    1  1.07106E+15 0.00063 
   52   52    1    1    1    1    1    1    1    1  1.29920E+15 0.00069 
   53   53    1    1    1    1    1    1    1    1  9.01699E+14 0.00059 
   54   54    1    1    1    1    1    1    1    1  1.12296E+15 0.00058 
   55   55    1    1    1    1    1    1    1    1  7.73496E+14 0.00052 
   56   56    1    1    1    1    1    1    1    1  1.04870E+14 0.00116 
   57   57    1    1    1    1    1    1    1    1  1.54002E+15 0.00060 
   58   58    1    1    1    1    1    1    1    1  7.03403E+14 0.00073 
   59   59    1    1    1    1    1    1    1    1  7.46389E+14 0.00072 
   60   60    1    1    1    1    1    1    1    1  5.90957E+14 0.00074 
   61   61    1    1    1    1    1    1    1    1  5.91602E+14 0.00073 
   62   62    1    1    1    1    1    1    1    1  6.18392E+14 0.00084 
   63   63    1    1    1    1    1    1    1    1  5.24327E+14 0.00094 
   64   64    1    1    1    1    1    1    1    1  4.18871E+14 0.00079 
   65   65    1    1    1    1    1    1    1    1  4.17570E+14 0.00093 
   66   66    1    1    1    1    1    1    1    1  3.01876E+14 0.00101 
   67   67    1    1    1    1    1    1    1    1  2.44388E+14 0.00080 
   68   68    1    1    1    1    1    1    1    1  2.19067E+14 0.00102 
   69   69    1    1    1    1    1    1    1    1  2.62743E+14 0.00100 
   70   70    1    1    1    1    1    1    1    1  2.23940E+14 0.00068 
   71   71    1    1    1    1    1    1    1    1  4.03372E+14 0.00087 
   72   72    1    1    1    1    1    1    1    1  2.84912E+14 0.00104 
   73   73    1    1    1    1    1    1    1    1  2.15591E+14 0.00103 
   74   74    1    1    1    1    1    1    1    1  1.75381E+14 0.00203 
   75   75    1    1    1    1    1    1    1    1  1.47329E+14 0.00131 
   76   76    1    1    1    1    1    1    1    1  1.72679E+14 0.00142 
   77   77    1    1    1    1    1    1    1    1  1.38029E+14 0.00159 
   78   78    1    1    1    1    1    1    1    1  1.10915E+14 0.00146 
   79   79    1    1    1    1    1    1    1    1  1.15094E+14 0.00179 
   80   80    1    1    1    1    1    1    1    1  8.56565E+13 0.00190 
   81   81    1    1    1    1    1    1    1    1  6.58600E+13 0.00186 
   82   82    1    1    1    1    1    1    1    1  5.06672E+13 0.00200 
   83   83    1    1    1    1    1    1    1    1  4.73518E+13 0.00161 
   84   84    1    1    1    1    1    1    1    1  3.40855E+13 0.00290 
   85   85    1    1    1    1    1    1    1    1  2.45864E+13 0.00399 
   86   86    1    1    1    1    1    1    1    1  2.29768E+13 0.00322 
   87   87    1    1    1    1    1    1    1    1  1.41784E+13 0.00445 
   88   88    1    1    1    1    1    1    1    1  9.52399E+12 0.00492 
   89   89    1    1    1    1    1    1    1    1  5.40098E+12 0.00714 
   90   90    1    1    1    1    1    1    1    1  3.62119E+12 0.00867 
   91   91    1    1    1    1    1    1    1    1  1.77918E+12 0.01104 
   92   92    1    1    1    1    1    1    1    1  8.38703E+11 0.01747 
   93   93    1    1    1    1    1    1    1    1  4.26600E+11 0.02428 
   94   94    1    1    1    1    1    1    1    1  1.96448E+11 0.02707 
   95   95    1    1    1    1    1    1    1    1  9.26560E+10 0.04792 
   96   96    1    1    1    1    1    1    1    1  4.75396E+10 0.07958 
   97   97    1    1    1    1    1    1    1    1  2.21250E+10 0.07986 
   98   98    1    1    1    1    1    1    1    1  1.18248E+10 0.12031 
   99   99    1    1    1    1    1    1    1    1  6.79078E+09 0.19797 
  100  100    1    1    1    1    1    1    1    1  4.27328E+09 0.24861 
];


