
DETdpaspec = [
    1    1    1    1    1    1    1    1    1    1  0.00000E+00 0.00000 
    2    2    1    1    1    1    1    1    1    1  0.00000E+00 0.00000 
    3    3    1    1    1    1    1    1    1    1  0.00000E+00 0.00000 
    4    4    1    1    1    1    1    1    1    1  0.00000E+00 0.00000 
    5    5    1    1    1    1    1    1    1    1  0.00000E+00 0.00000 
    6    6    1    1    1    1    1    1    1    1  0.00000E+00 0.00000 
    7    7    1    1    1    1    1    1    1    1  0.00000E+00 0.00000 
    8    8    1    1    1    1    1    1    1    1  0.00000E+00 0.00000 
    9    9    1    1    1    1    1    1    1    1  1.17597E+07 1.00000 
   10   10    1    1    1    1    1    1    1    1  2.94744E+07 0.69527 
   11   11    1    1    1    1    1    1    1    1  4.08530E+07 1.00000 
   12   12    1    1    1    1    1    1    1    1  2.97191E+06 1.00000 
   13   13    1    1    1    1    1    1    1    1  6.96223E+08 0.49933 
   14   14    1    1    1    1    1    1    1    1  8.33912E+08 0.60667 
   15   15    1    1    1    1    1    1    1    1  1.76922E+09 0.43840 
   16   16    1    1    1    1    1    1    1    1  4.96347E+08 0.55039 
   17   17    1    1    1    1    1    1    1    1  1.79482E+09 0.31324 
   18   18    1    1    1    1    1    1    1    1  2.26125E+09 0.40725 
   19   19    1    1    1    1    1    1    1    1  1.36772E+09 0.27682 
   20   20    1    1    1    1    1    1    1    1  5.10005E+09 0.23262 
   21   21    1    1    1    1    1    1    1    1  7.24088E+09 0.22229 
   22   22    1    1    1    1    1    1    1    1  9.43441E+09 0.15798 
   23   23    1    1    1    1    1    1    1    1  1.80729E+10 0.11036 
   24   24    1    1    1    1    1    1    1    1  4.40899E+10 0.07790 
   25   25    1    1    1    1    1    1    1    1  6.82757E+10 0.06122 
   26   26    1    1    1    1    1    1    1    1  1.26628E+11 0.04436 
   27   27    1    1    1    1    1    1    1    1  2.82788E+11 0.03483 
   28   28    1    1    1    1    1    1    1    1  7.11696E+11 0.01813 
   29   29    1    1    1    1    1    1    1    1  1.28580E+12 0.01523 
   30   30    1    1    1    1    1    1    1    1  3.04461E+12 0.00998 
   31   31    1    1    1    1    1    1    1    1  8.15035E+12 0.00801 
   32   32    1    1    1    1    1    1    1    1  1.36835E+13 0.00489 
   33   33    1    1    1    1    1    1    1    1  3.08555E+13 0.00319 
   34   34    1    1    1    1    1    1    1    1  4.14435E+13 0.00286 
   35   35    1    1    1    1    1    1    1    1  4.67299E+13 0.00216 
   36   36    1    1    1    1    1    1    1    1  2.93091E+13 0.00243 
   37   37    1    1    1    1    1    1    1    1  8.65797E+12 0.00235 
   38   38    1    1    1    1    1    1    1    1  4.97794E+13 0.00223 
   39   39    1    1    1    1    1    1    1    1  6.68992E+13 0.00183 
   40   40    1    1    1    1    1    1    1    1  1.15171E+14 0.00151 
   41   41    1    1    1    1    1    1    1    1  1.12946E+14 0.00149 
   42   42    1    1    1    1    1    1    1    1  2.45112E+14 0.00104 
   43   43    1    1    1    1    1    1    1    1  2.97194E+14 0.00117 
   44   44    1    1    1    1    1    1    1    1  4.30058E+14 0.00093 
   45   45    1    1    1    1    1    1    1    1  8.65260E+14 0.00066 
   46   46    1    1    1    1    1    1    1    1  3.96141E+14 0.00077 
   47   47    1    1    1    1    1    1    1    1  6.34435E+14 0.00065 
   48   48    1    1    1    1    1    1    1    1  8.82092E+14 0.00058 
   49   49    1    1    1    1    1    1    1    1  8.70670E+14 0.00059 
   50   50    1    1    1    1    1    1    1    1  1.37492E+15 0.00063 
   51   51    1    1    1    1    1    1    1    1  1.07942E+15 0.00066 
   52   52    1    1    1    1    1    1    1    1  1.30876E+15 0.00055 
   53   53    1    1    1    1    1    1    1    1  9.04970E+14 0.00058 
   54   54    1    1    1    1    1    1    1    1  1.12883E+15 0.00063 
   55   55    1    1    1    1    1    1    1    1  7.75096E+14 0.00060 
   56   56    1    1    1    1    1    1    1    1  1.05140E+14 0.00109 
   57   57    1    1    1    1    1    1    1    1  1.54128E+15 0.00047 
   58   58    1    1    1    1    1    1    1    1  7.04977E+14 0.00050 
   59   59    1    1    1    1    1    1    1    1  7.45565E+14 0.00071 
   60   60    1    1    1    1    1    1    1    1  5.91845E+14 0.00072 
   61   61    1    1    1    1    1    1    1    1  5.92030E+14 0.00073 
   62   62    1    1    1    1    1    1    1    1  6.18228E+14 0.00105 
   63   63    1    1    1    1    1    1    1    1  5.23373E+14 0.00083 
   64   64    1    1    1    1    1    1    1    1  4.17713E+14 0.00089 
   65   65    1    1    1    1    1    1    1    1  4.15970E+14 0.00073 
   66   66    1    1    1    1    1    1    1    1  3.00263E+14 0.00077 
   67   67    1    1    1    1    1    1    1    1  2.44239E+14 0.00091 
   68   68    1    1    1    1    1    1    1    1  2.18325E+14 0.00092 
   69   69    1    1    1    1    1    1    1    1  2.61307E+14 0.00082 
   70   70    1    1    1    1    1    1    1    1  2.22402E+14 0.00082 
   71   71    1    1    1    1    1    1    1    1  3.99679E+14 0.00063 
   72   72    1    1    1    1    1    1    1    1  2.82820E+14 0.00083 
   73   73    1    1    1    1    1    1    1    1  2.13683E+14 0.00116 
   74   74    1    1    1    1    1    1    1    1  1.73366E+14 0.00108 
   75   75    1    1    1    1    1    1    1    1  1.45829E+14 0.00128 
   76   76    1    1    1    1    1    1    1    1  1.71849E+14 0.00095 
   77   77    1    1    1    1    1    1    1    1  1.37052E+14 0.00133 
   78   78    1    1    1    1    1    1    1    1  1.09911E+14 0.00170 
   79   79    1    1    1    1    1    1    1    1  1.14456E+14 0.00109 
   80   80    1    1    1    1    1    1    1    1  8.51557E+13 0.00182 
   81   81    1    1    1    1    1    1    1    1  6.58284E+13 0.00176 
   82   82    1    1    1    1    1    1    1    1  5.02588E+13 0.00187 
   83   83    1    1    1    1    1    1    1    1  4.71934E+13 0.00261 
   84   84    1    1    1    1    1    1    1    1  3.38269E+13 0.00323 
   85   85    1    1    1    1    1    1    1    1  2.44326E+13 0.00378 
   86   86    1    1    1    1    1    1    1    1  2.27519E+13 0.00256 
   87   87    1    1    1    1    1    1    1    1  1.39679E+13 0.00352 
   88   88    1    1    1    1    1    1    1    1  9.39768E+12 0.00411 
   89   89    1    1    1    1    1    1    1    1  5.31681E+12 0.00725 
   90   90    1    1    1    1    1    1    1    1  3.52341E+12 0.00801 
   91   91    1    1    1    1    1    1    1    1  1.76505E+12 0.01287 
   92   92    1    1    1    1    1    1    1    1  8.42336E+11 0.02413 
   93   93    1    1    1    1    1    1    1    1  3.99234E+11 0.03096 
   94   94    1    1    1    1    1    1    1    1  1.93328E+11 0.03512 
   95   95    1    1    1    1    1    1    1    1  9.13290E+10 0.05514 
   96   96    1    1    1    1    1    1    1    1  4.48822E+10 0.09059 
   97   97    1    1    1    1    1    1    1    1  2.21039E+10 0.10482 
   98   98    1    1    1    1    1    1    1    1  6.93879E+09 0.22343 
   99   99    1    1    1    1    1    1    1    1  5.68727E+09 0.23102 
  100  100    1    1    1    1    1    1    1    1  2.75132E+09 0.44224 
];


