
DETdpaspec = [
    1    1    1    1    1    1    1    1    1    1  0.00000E+00 0.00000 
    2    2    1    1    1    1    1    1    1    1  0.00000E+00 0.00000 
    3    3    1    1    1    1    1    1    1    1  0.00000E+00 0.00000 
    4    4    1    1    1    1    1    1    1    1  0.00000E+00 0.00000 
    5    5    1    1    1    1    1    1    1    1  0.00000E+00 0.00000 
    6    6    1    1    1    1    1    1    1    1  0.00000E+00 0.00000 
    7    7    1    1    1    1    1    1    1    1  0.00000E+00 0.00000 
    8    8    1    1    1    1    1    1    1    1  0.00000E+00 0.00000 
    9    9    1    1    1    1    1    1    1    1  4.21256E+06 1.00000 
   10   10    1    1    1    1    1    1    1    1  0.00000E+00 0.00000 
   11   11    1    1    1    1    1    1    1    1  1.42473E+08 0.77722 
   12   12    1    1    1    1    1    1    1    1  1.66583E+07 0.70215 
   13   13    1    1    1    1    1    1    1    1  5.42049E+08 0.62560 
   14   14    1    1    1    1    1    1    1    1  2.76256E+08 0.57057 
   15   15    1    1    1    1    1    1    1    1  7.92936E+08 0.44803 
   16   16    1    1    1    1    1    1    1    1  7.50592E+08 0.35768 
   17   17    1    1    1    1    1    1    1    1  5.32115E+08 0.43698 
   18   18    1    1    1    1    1    1    1    1  1.92976E+09 0.29153 
   19   19    1    1    1    1    1    1    1    1  3.20874E+09 0.19312 
   20   20    1    1    1    1    1    1    1    1  8.97891E+09 0.18208 
   21   21    1    1    1    1    1    1    1    1  6.48683E+09 0.18951 
   22   22    1    1    1    1    1    1    1    1  1.19088E+10 0.12043 
   23   23    1    1    1    1    1    1    1    1  2.15450E+10 0.10276 
   24   24    1    1    1    1    1    1    1    1  3.79809E+10 0.09240 
   25   25    1    1    1    1    1    1    1    1  4.50660E+10 0.06653 
   26   26    1    1    1    1    1    1    1    1  6.94476E+10 0.05557 
   27   27    1    1    1    1    1    1    1    1  1.35772E+11 0.03922 
   28   28    1    1    1    1    1    1    1    1  3.38614E+11 0.03318 
   29   29    1    1    1    1    1    1    1    1  5.77364E+11 0.02150 
   30   30    1    1    1    1    1    1    1    1  1.60321E+12 0.01101 
   31   31    1    1    1    1    1    1    1    1  4.80786E+12 0.00870 
   32   32    1    1    1    1    1    1    1    1  8.89212E+12 0.00587 
   33   33    1    1    1    1    1    1    1    1  2.13318E+13 0.00357 
   34   34    1    1    1    1    1    1    1    1  3.00253E+13 0.00315 
   35   35    1    1    1    1    1    1    1    1  3.71571E+13 0.00226 
   36   36    1    1    1    1    1    1    1    1  2.44874E+13 0.00194 
   37   37    1    1    1    1    1    1    1    1  7.36694E+12 0.00289 
   38   38    1    1    1    1    1    1    1    1  4.19271E+13 0.00216 
   39   39    1    1    1    1    1    1    1    1  5.67842E+13 0.00247 
   40   40    1    1    1    1    1    1    1    1  9.82193E+13 0.00189 
   41   41    1    1    1    1    1    1    1    1  9.84640E+13 0.00137 
   42   42    1    1    1    1    1    1    1    1  2.14067E+14 0.00120 
   43   43    1    1    1    1    1    1    1    1  2.63207E+14 0.00115 
   44   44    1    1    1    1    1    1    1    1  3.86405E+14 0.00069 
   45   45    1    1    1    1    1    1    1    1  7.84034E+14 0.00076 
   46   46    1    1    1    1    1    1    1    1  3.66366E+14 0.00069 
   47   47    1    1    1    1    1    1    1    1  5.91705E+14 0.00085 
   48   48    1    1    1    1    1    1    1    1  8.32655E+14 0.00061 
   49   49    1    1    1    1    1    1    1    1  8.32139E+14 0.00050 
   50   50    1    1    1    1    1    1    1    1  1.31903E+15 0.00059 
   51   51    1    1    1    1    1    1    1    1  1.05322E+15 0.00050 
   52   52    1    1    1    1    1    1    1    1  1.27290E+15 0.00047 
   53   53    1    1    1    1    1    1    1    1  8.89987E+14 0.00056 
   54   54    1    1    1    1    1    1    1    1  1.10481E+15 0.00063 
   55   55    1    1    1    1    1    1    1    1  7.63093E+14 0.00075 
   56   56    1    1    1    1    1    1    1    1  1.03817E+14 0.00097 
   57   57    1    1    1    1    1    1    1    1  1.52490E+15 0.00039 
   58   58    1    1    1    1    1    1    1    1  6.92040E+14 0.00072 
   59   59    1    1    1    1    1    1    1    1  7.38244E+14 0.00083 
   60   60    1    1    1    1    1    1    1    1  5.82342E+14 0.00071 
   61   61    1    1    1    1    1    1    1    1  5.84830E+14 0.00083 
   62   62    1    1    1    1    1    1    1    1  6.11414E+14 0.00075 
   63   63    1    1    1    1    1    1    1    1  5.18899E+14 0.00076 
   64   64    1    1    1    1    1    1    1    1  4.15573E+14 0.00074 
   65   65    1    1    1    1    1    1    1    1  4.15108E+14 0.00099 
   66   66    1    1    1    1    1    1    1    1  2.99977E+14 0.00097 
   67   67    1    1    1    1    1    1    1    1  2.44159E+14 0.00100 
   68   68    1    1    1    1    1    1    1    1  2.19265E+14 0.00099 
   69   69    1    1    1    1    1    1    1    1  2.63242E+14 0.00111 
   70   70    1    1    1    1    1    1    1    1  2.24163E+14 0.00109 
   71   71    1    1    1    1    1    1    1    1  4.08264E+14 0.00081 
   72   72    1    1    1    1    1    1    1    1  2.89781E+14 0.00080 
   73   73    1    1    1    1    1    1    1    1  2.19125E+14 0.00111 
   74   74    1    1    1    1    1    1    1    1  1.76647E+14 0.00143 
   75   75    1    1    1    1    1    1    1    1  1.48075E+14 0.00127 
   76   76    1    1    1    1    1    1    1    1  1.73242E+14 0.00126 
   77   77    1    1    1    1    1    1    1    1  1.37838E+14 0.00105 
   78   78    1    1    1    1    1    1    1    1  1.10093E+14 0.00160 
   79   79    1    1    1    1    1    1    1    1  1.13916E+14 0.00177 
   80   80    1    1    1    1    1    1    1    1  8.46125E+13 0.00162 
   81   81    1    1    1    1    1    1    1    1  6.53132E+13 0.00177 
   82   82    1    1    1    1    1    1    1    1  5.00829E+13 0.00167 
   83   83    1    1    1    1    1    1    1    1  4.68486E+13 0.00204 
   84   84    1    1    1    1    1    1    1    1  3.37604E+13 0.00269 
   85   85    1    1    1    1    1    1    1    1  2.41736E+13 0.00341 
   86   86    1    1    1    1    1    1    1    1  2.27784E+13 0.00397 
   87   87    1    1    1    1    1    1    1    1  1.39746E+13 0.00542 
   88   88    1    1    1    1    1    1    1    1  9.33008E+12 0.00458 
   89   89    1    1    1    1    1    1    1    1  5.44798E+12 0.00605 
   90   90    1    1    1    1    1    1    1    1  3.54894E+12 0.00786 
   91   91    1    1    1    1    1    1    1    1  1.81033E+12 0.01395 
   92   92    1    1    1    1    1    1    1    1  8.65058E+11 0.01752 
   93   93    1    1    1    1    1    1    1    1  4.11050E+11 0.02376 
   94   94    1    1    1    1    1    1    1    1  1.96654E+11 0.03177 
   95   95    1    1    1    1    1    1    1    1  1.00064E+11 0.05721 
   96   96    1    1    1    1    1    1    1    1  4.40956E+10 0.05101 
   97   97    1    1    1    1    1    1    1    1  2.10962E+10 0.11962 
   98   98    1    1    1    1    1    1    1    1  9.93372E+09 0.16943 
   99   99    1    1    1    1    1    1    1    1  5.36731E+09 0.22278 
  100  100    1    1    1    1    1    1    1    1  4.44863E+09 0.26783 
];


