
DETdpaspec = [
    1    1    1    1    1    1    1    1    1    1  0.00000E+00 0.00000 
    2    2    1    1    1    1    1    1    1    1  0.00000E+00 0.00000 
    3    3    1    1    1    1    1    1    1    1  0.00000E+00 0.00000 
    4    4    1    1    1    1    1    1    1    1  7.72786E+06 1.00000 
    5    5    1    1    1    1    1    1    1    1  0.00000E+00 0.00000 
    6    6    1    1    1    1    1    1    1    1  0.00000E+00 0.00000 
    7    7    1    1    1    1    1    1    1    1  0.00000E+00 0.00000 
    8    8    1    1    1    1    1    1    1    1  0.00000E+00 0.00000 
    9    9    1    1    1    1    1    1    1    1  0.00000E+00 0.00000 
   10   10    1    1    1    1    1    1    1    1  1.64705E+07 1.00000 
   11   11    1    1    1    1    1    1    1    1  0.00000E+00 0.00000 
   12   12    1    1    1    1    1    1    1    1  9.84060E+06 0.72926 
   13   13    1    1    1    1    1    1    1    1  2.19600E+07 1.00000 
   14   14    1    1    1    1    1    1    1    1  1.65825E+08 1.00000 
   15   15    1    1    1    1    1    1    1    1  5.72021E+08 0.51299 
   16   16    1    1    1    1    1    1    1    1  7.76941E+08 0.42592 
   17   17    1    1    1    1    1    1    1    1  7.81427E+08 0.32677 
   18   18    1    1    1    1    1    1    1    1  1.48758E+09 0.34547 
   19   19    1    1    1    1    1    1    1    1  1.57511E+09 0.28980 
   20   20    1    1    1    1    1    1    1    1  8.34566E+09 0.15216 
   21   21    1    1    1    1    1    1    1    1  7.26282E+09 0.17985 
   22   22    1    1    1    1    1    1    1    1  1.36624E+10 0.09758 
   23   23    1    1    1    1    1    1    1    1  1.74957E+10 0.10265 
   24   24    1    1    1    1    1    1    1    1  3.58535E+10 0.06984 
   25   25    1    1    1    1    1    1    1    1  3.84419E+10 0.07644 
   26   26    1    1    1    1    1    1    1    1  6.75904E+10 0.06856 
   27   27    1    1    1    1    1    1    1    1  1.39112E+11 0.04723 
   28   28    1    1    1    1    1    1    1    1  2.94152E+11 0.03144 
   29   29    1    1    1    1    1    1    1    1  5.42932E+11 0.02713 
   30   30    1    1    1    1    1    1    1    1  1.48648E+12 0.01576 
   31   31    1    1    1    1    1    1    1    1  4.50621E+12 0.00779 
   32   32    1    1    1    1    1    1    1    1  8.35792E+12 0.00535 
   33   33    1    1    1    1    1    1    1    1  2.01311E+13 0.00452 
   34   34    1    1    1    1    1    1    1    1  2.83080E+13 0.00278 
   35   35    1    1    1    1    1    1    1    1  3.57331E+13 0.00203 
   36   36    1    1    1    1    1    1    1    1  2.38620E+13 0.00216 
   37   37    1    1    1    1    1    1    1    1  7.28398E+12 0.00312 
   38   38    1    1    1    1    1    1    1    1  4.11852E+13 0.00252 
   39   39    1    1    1    1    1    1    1    1  5.56895E+13 0.00208 
   40   40    1    1    1    1    1    1    1    1  9.62634E+13 0.00131 
   41   41    1    1    1    1    1    1    1    1  9.72914E+13 0.00178 
   42   42    1    1    1    1    1    1    1    1  2.10653E+14 0.00168 
   43   43    1    1    1    1    1    1    1    1  2.58987E+14 0.00108 
   44   44    1    1    1    1    1    1    1    1  3.79433E+14 0.00070 
   45   45    1    1    1    1    1    1    1    1  7.71193E+14 0.00061 
   46   46    1    1    1    1    1    1    1    1  3.62571E+14 0.00083 
   47   47    1    1    1    1    1    1    1    1  5.87009E+14 0.00092 
   48   48    1    1    1    1    1    1    1    1  8.26834E+14 0.00069 
   49   49    1    1    1    1    1    1    1    1  8.26531E+14 0.00063 
   50   50    1    1    1    1    1    1    1    1  1.30819E+15 0.00046 
   51   51    1    1    1    1    1    1    1    1  1.04700E+15 0.00057 
   52   52    1    1    1    1    1    1    1    1  1.26667E+15 0.00061 
   53   53    1    1    1    1    1    1    1    1  8.86549E+14 0.00068 
   54   54    1    1    1    1    1    1    1    1  1.09800E+15 0.00046 
   55   55    1    1    1    1    1    1    1    1  7.59331E+14 0.00059 
   56   56    1    1    1    1    1    1    1    1  1.03207E+14 0.00092 
   57   57    1    1    1    1    1    1    1    1  1.51846E+15 0.00067 
   58   58    1    1    1    1    1    1    1    1  6.87376E+14 0.00069 
   59   59    1    1    1    1    1    1    1    1  7.33893E+14 0.00063 
   60   60    1    1    1    1    1    1    1    1  5.78383E+14 0.00056 
   61   61    1    1    1    1    1    1    1    1  5.80258E+14 0.00064 
   62   62    1    1    1    1    1    1    1    1  6.07745E+14 0.00063 
   63   63    1    1    1    1    1    1    1    1  5.15285E+14 0.00072 
   64   64    1    1    1    1    1    1    1    1  4.12603E+14 0.00078 
   65   65    1    1    1    1    1    1    1    1  4.11642E+14 0.00065 
   66   66    1    1    1    1    1    1    1    1  2.97790E+14 0.00072 
   67   67    1    1    1    1    1    1    1    1  2.42564E+14 0.00125 
   68   68    1    1    1    1    1    1    1    1  2.17441E+14 0.00112 
   69   69    1    1    1    1    1    1    1    1  2.61270E+14 0.00102 
   70   70    1    1    1    1    1    1    1    1  2.23155E+14 0.00080 
   71   71    1    1    1    1    1    1    1    1  4.06243E+14 0.00075 
   72   72    1    1    1    1    1    1    1    1  2.88555E+14 0.00099 
   73   73    1    1    1    1    1    1    1    1  2.18736E+14 0.00114 
   74   74    1    1    1    1    1    1    1    1  1.76925E+14 0.00112 
   75   75    1    1    1    1    1    1    1    1  1.47469E+14 0.00113 
   76   76    1    1    1    1    1    1    1    1  1.71959E+14 0.00143 
   77   77    1    1    1    1    1    1    1    1  1.36564E+14 0.00181 
   78   78    1    1    1    1    1    1    1    1  1.09274E+14 0.00200 
   79   79    1    1    1    1    1    1    1    1  1.12995E+14 0.00168 
   80   80    1    1    1    1    1    1    1    1  8.38137E+13 0.00156 
   81   81    1    1    1    1    1    1    1    1  6.46804E+13 0.00256 
   82   82    1    1    1    1    1    1    1    1  4.96296E+13 0.00174 
   83   83    1    1    1    1    1    1    1    1  4.64613E+13 0.00240 
   84   84    1    1    1    1    1    1    1    1  3.33321E+13 0.00278 
   85   85    1    1    1    1    1    1    1    1  2.41956E+13 0.00331 
   86   86    1    1    1    1    1    1    1    1  2.25721E+13 0.00325 
   87   87    1    1    1    1    1    1    1    1  1.39096E+13 0.00404 
   88   88    1    1    1    1    1    1    1    1  9.35205E+12 0.00392 
   89   89    1    1    1    1    1    1    1    1  5.30709E+12 0.00533 
   90   90    1    1    1    1    1    1    1    1  3.55826E+12 0.01023 
   91   91    1    1    1    1    1    1    1    1  1.76534E+12 0.01297 
   92   92    1    1    1    1    1    1    1    1  8.50636E+11 0.02027 
   93   93    1    1    1    1    1    1    1    1  4.12454E+11 0.02487 
   94   94    1    1    1    1    1    1    1    1  2.05566E+11 0.03121 
   95   95    1    1    1    1    1    1    1    1  9.81819E+10 0.05511 
   96   96    1    1    1    1    1    1    1    1  4.37951E+10 0.07381 
   97   97    1    1    1    1    1    1    1    1  2.49129E+10 0.11830 
   98   98    1    1    1    1    1    1    1    1  1.10803E+10 0.11908 
   99   99    1    1    1    1    1    1    1    1  4.22284E+09 0.27514 
  100  100    1    1    1    1    1    1    1    1  3.63115E+09 0.30589 
];


