
DETdpaspec = [
    1    1    1    1    1    1    1    1    1    1  0.00000E+00 0.00000 
    2    2    1    1    1    1    1    1    1    1  0.00000E+00 0.00000 
    3    3    1    1    1    1    1    1    1    1  0.00000E+00 0.00000 
    4    4    1    1    1    1    1    1    1    1  5.23964E+06 1.00000 
    5    5    1    1    1    1    1    1    1    1  0.00000E+00 0.00000 
    6    6    1    1    1    1    1    1    1    1  4.55230E+06 1.00000 
    7    7    1    1    1    1    1    1    1    1  0.00000E+00 0.00000 
    8    8    1    1    1    1    1    1    1    1  0.00000E+00 0.00000 
    9    9    1    1    1    1    1    1    1    1  0.00000E+00 0.00000 
   10   10    1    1    1    1    1    1    1    1  2.56531E+07 1.00000 
   11   11    1    1    1    1    1    1    1    1  3.10363E+07 1.00000 
   12   12    1    1    1    1    1    1    1    1  0.00000E+00 0.00000 
   13   13    1    1    1    1    1    1    1    1  3.25347E+08 0.50943 
   14   14    1    1    1    1    1    1    1    1  6.60419E+08 0.41026 
   15   15    1    1    1    1    1    1    1    1  6.78707E+08 0.41856 
   16   16    1    1    1    1    1    1    1    1  6.67308E+08 0.28962 
   17   17    1    1    1    1    1    1    1    1  6.52510E+08 0.39529 
   18   18    1    1    1    1    1    1    1    1  1.34186E+09 0.28901 
   19   19    1    1    1    1    1    1    1    1  2.93532E+09 0.16472 
   20   20    1    1    1    1    1    1    1    1  1.10444E+10 0.15657 
   21   21    1    1    1    1    1    1    1    1  7.59221E+09 0.15376 
   22   22    1    1    1    1    1    1    1    1  2.20563E+10 0.09173 
   23   23    1    1    1    1    1    1    1    1  2.93559E+10 0.07607 
   24   24    1    1    1    1    1    1    1    1  4.73378E+10 0.07532 
   25   25    1    1    1    1    1    1    1    1  5.82870E+10 0.06609 
   26   26    1    1    1    1    1    1    1    1  9.10468E+10 0.05133 
   27   27    1    1    1    1    1    1    1    1  1.53751E+11 0.04231 
   28   28    1    1    1    1    1    1    1    1  3.02254E+11 0.02987 
   29   29    1    1    1    1    1    1    1    1  4.21468E+11 0.01756 
   30   30    1    1    1    1    1    1    1    1  1.23338E+12 0.01020 
   31   31    1    1    1    1    1    1    1    1  3.89721E+12 0.00807 
   32   32    1    1    1    1    1    1    1    1  7.43255E+12 0.00519 
   33   33    1    1    1    1    1    1    1    1  1.75250E+13 0.00415 
   34   34    1    1    1    1    1    1    1    1  2.41991E+13 0.00329 
   35   35    1    1    1    1    1    1    1    1  3.35497E+13 0.00229 
   36   36    1    1    1    1    1    1    1    1  2.32258E+13 0.00256 
   37   37    1    1    1    1    1    1    1    1  7.21663E+12 0.00256 
   38   38    1    1    1    1    1    1    1    1  3.99671E+13 0.00201 
   39   39    1    1    1    1    1    1    1    1  5.38651E+13 0.00147 
   40   40    1    1    1    1    1    1    1    1  9.21809E+13 0.00163 
   41   41    1    1    1    1    1    1    1    1  9.51363E+13 0.00160 
   42   42    1    1    1    1    1    1    1    1  2.02436E+14 0.00129 
   43   43    1    1    1    1    1    1    1    1  2.47969E+14 0.00136 
   44   44    1    1    1    1    1    1    1    1  3.63838E+14 0.00125 
   45   45    1    1    1    1    1    1    1    1  7.30559E+14 0.00083 
   46   46    1    1    1    1    1    1    1    1  3.48252E+14 0.00100 
   47   47    1    1    1    1    1    1    1    1  5.67641E+14 0.00064 
   48   48    1    1    1    1    1    1    1    1  7.99286E+14 0.00068 
   49   49    1    1    1    1    1    1    1    1  8.03242E+14 0.00081 
   50   50    1    1    1    1    1    1    1    1  1.26017E+15 0.00062 
   51   51    1    1    1    1    1    1    1    1  1.02596E+15 0.00061 
   52   52    1    1    1    1    1    1    1    1  1.22050E+15 0.00043 
   53   53    1    1    1    1    1    1    1    1  8.58722E+14 0.00061 
   54   54    1    1    1    1    1    1    1    1  1.04662E+15 0.00060 
   55   55    1    1    1    1    1    1    1    1  7.27387E+14 0.00070 
   56   56    1    1    1    1    1    1    1    1  9.96277E+13 0.00131 
   57   57    1    1    1    1    1    1    1    1  1.45862E+15 0.00062 
   58   58    1    1    1    1    1    1    1    1  6.46160E+14 0.00056 
   59   59    1    1    1    1    1    1    1    1  6.94310E+14 0.00072 
   60   60    1    1    1    1    1    1    1    1  5.38494E+14 0.00072 
   61   61    1    1    1    1    1    1    1    1  5.43215E+14 0.00074 
   62   62    1    1    1    1    1    1    1    1  5.66746E+14 0.00084 
   63   63    1    1    1    1    1    1    1    1  4.78653E+14 0.00081 
   64   64    1    1    1    1    1    1    1    1  3.83008E+14 0.00116 
   65   65    1    1    1    1    1    1    1    1  3.82448E+14 0.00125 
   66   66    1    1    1    1    1    1    1    1  2.76538E+14 0.00097 
   67   67    1    1    1    1    1    1    1    1  2.26467E+14 0.00117 
   68   68    1    1    1    1    1    1    1    1  2.03236E+14 0.00116 
   69   69    1    1    1    1    1    1    1    1  2.44927E+14 0.00104 
   70   70    1    1    1    1    1    1    1    1  2.09174E+14 0.00091 
   71   71    1    1    1    1    1    1    1    1  3.86559E+14 0.00122 
   72   72    1    1    1    1    1    1    1    1  2.75527E+14 0.00127 
   73   73    1    1    1    1    1    1    1    1  2.07828E+14 0.00147 
   74   74    1    1    1    1    1    1    1    1  1.65747E+14 0.00121 
   75   75    1    1    1    1    1    1    1    1  1.36957E+14 0.00111 
   76   76    1    1    1    1    1    1    1    1  1.57279E+14 0.00135 
   77   77    1    1    1    1    1    1    1    1  1.23832E+14 0.00184 
   78   78    1    1    1    1    1    1    1    1  9.83429E+13 0.00157 
   79   79    1    1    1    1    1    1    1    1  1.00770E+14 0.00174 
   80   80    1    1    1    1    1    1    1    1  7.42944E+13 0.00161 
   81   81    1    1    1    1    1    1    1    1  5.70370E+13 0.00218 
   82   82    1    1    1    1    1    1    1    1  4.36914E+13 0.00243 
   83   83    1    1    1    1    1    1    1    1  4.09589E+13 0.00262 
   84   84    1    1    1    1    1    1    1    1  2.94022E+13 0.00250 
   85   85    1    1    1    1    1    1    1    1  2.11615E+13 0.00289 
   86   86    1    1    1    1    1    1    1    1  1.97976E+13 0.00415 
   87   87    1    1    1    1    1    1    1    1  1.23373E+13 0.00477 
   88   88    1    1    1    1    1    1    1    1  8.36944E+12 0.00539 
   89   89    1    1    1    1    1    1    1    1  4.69365E+12 0.00658 
   90   90    1    1    1    1    1    1    1    1  3.15825E+12 0.01002 
   91   91    1    1    1    1    1    1    1    1  1.59248E+12 0.01062 
   92   92    1    1    1    1    1    1    1    1  7.74949E+11 0.02113 
   93   93    1    1    1    1    1    1    1    1  3.82810E+11 0.02756 
   94   94    1    1    1    1    1    1    1    1  1.84543E+11 0.04061 
   95   95    1    1    1    1    1    1    1    1  8.19666E+10 0.04576 
   96   96    1    1    1    1    1    1    1    1  3.84477E+10 0.04856 
   97   97    1    1    1    1    1    1    1    1  1.90964E+10 0.11327 
   98   98    1    1    1    1    1    1    1    1  1.11510E+10 0.16855 
   99   99    1    1    1    1    1    1    1    1  6.45627E+09 0.20660 
  100  100    1    1    1    1    1    1    1    1  4.98513E+09 0.27155 
];


