
DETdpaspec = [
    1    1    1    1    1    1    1    1    1    1  0.00000E+00 0.00000 
    2    2    1    1    1    1    1    1    1    1  0.00000E+00 0.00000 
    3    3    1    1    1    1    1    1    1    1  0.00000E+00 0.00000 
    4    4    1    1    1    1    1    1    1    1  0.00000E+00 0.00000 
    5    5    1    1    1    1    1    1    1    1  0.00000E+00 0.00000 
    6    6    1    1    1    1    1    1    1    1  0.00000E+00 0.00000 
    7    7    1    1    1    1    1    1    1    1  0.00000E+00 0.00000 
    8    8    1    1    1    1    1    1    1    1  1.34833E+07 1.00000 
    9    9    1    1    1    1    1    1    1    1  0.00000E+00 0.00000 
   10   10    1    1    1    1    1    1    1    1  0.00000E+00 0.00000 
   11   11    1    1    1    1    1    1    1    1  0.00000E+00 0.00000 
   12   12    1    1    1    1    1    1    1    1  0.00000E+00 0.00000 
   13   13    1    1    1    1    1    1    1    1  5.23938E+07 1.00000 
   14   14    1    1    1    1    1    1    1    1  5.53165E+08 0.90687 
   15   15    1    1    1    1    1    1    1    1  2.81548E+08 1.00000 
   16   16    1    1    1    1    1    1    1    1  4.76836E+08 1.00000 
   17   17    1    1    1    1    1    1    1    1  5.37882E+08 0.58351 
   18   18    1    1    1    1    1    1    1    1  6.85963E+08 0.49785 
   19   19    1    1    1    1    1    1    1    1  1.39687E+09 0.41283 
   20   20    1    1    1    1    1    1    1    1  5.82054E+09 0.22670 
   21   21    1    1    1    1    1    1    1    1  3.75034E+09 0.22179 
   22   22    1    1    1    1    1    1    1    1  1.35316E+10 0.09760 
   23   23    1    1    1    1    1    1    1    1  7.06566E+10 0.05711 
   24   24    1    1    1    1    1    1    1    1  2.46309E+11 0.03712 
   25   25    1    1    1    1    1    1    1    1  3.81849E+11 0.03585 
   26   26    1    1    1    1    1    1    1    1  7.98053E+11 0.01699 
   27   27    1    1    1    1    1    1    1    1  1.57141E+12 0.01552 
   28   28    1    1    1    1    1    1    1    1  3.00643E+12 0.00865 
   29   29    1    1    1    1    1    1    1    1  4.67616E+12 0.00654 
   30   30    1    1    1    1    1    1    1    1  9.03020E+12 0.00526 
   31   31    1    1    1    1    1    1    1    1  1.83841E+13 0.00405 
   32   32    1    1    1    1    1    1    1    1  2.70164E+13 0.00306 
   33   33    1    1    1    1    1    1    1    1  5.33708E+13 0.00252 
   34   34    1    1    1    1    1    1    1    1  6.53734E+13 0.00232 
   35   35    1    1    1    1    1    1    1    1  6.62079E+13 0.00117 
   36   36    1    1    1    1    1    1    1    1  3.90476E+13 0.00119 
   37   37    1    1    1    1    1    1    1    1  1.13530E+13 0.00166 
   38   38    1    1    1    1    1    1    1    1  6.51796E+13 0.00174 
   39   39    1    1    1    1    1    1    1    1  8.59913E+13 0.00128 
   40   40    1    1    1    1    1    1    1    1  1.45044E+14 0.00107 
   41   41    1    1    1    1    1    1    1    1  1.38564E+14 0.00137 
   42   42    1    1    1    1    1    1    1    1  2.97919E+14 0.00130 
   43   43    1    1    1    1    1    1    1    1  3.54978E+14 0.00110 
   44   44    1    1    1    1    1    1    1    1  5.05121E+14 0.00056 
   45   45    1    1    1    1    1    1    1    1  9.85320E+14 0.00050 
   46   46    1    1    1    1    1    1    1    1  4.37045E+14 0.00079 
   47   47    1    1    1    1    1    1    1    1  6.90817E+14 0.00058 
   48   48    1    1    1    1    1    1    1    1  9.43948E+14 0.00052 
   49   49    1    1    1    1    1    1    1    1  9.17178E+14 0.00039 
   50   50    1    1    1    1    1    1    1    1  1.42745E+15 0.00043 
   51   51    1    1    1    1    1    1    1    1  1.09551E+15 0.00061 
   52   52    1    1    1    1    1    1    1    1  1.32043E+15 0.00050 
   53   53    1    1    1    1    1    1    1    1  8.99600E+14 0.00061 
   54   54    1    1    1    1    1    1    1    1  1.11672E+15 0.00050 
   55   55    1    1    1    1    1    1    1    1  7.60827E+14 0.00061 
   56   56    1    1    1    1    1    1    1    1  1.02377E+14 0.00124 
   57   57    1    1    1    1    1    1    1    1  1.49589E+15 0.00054 
   58   58    1    1    1    1    1    1    1    1  6.82005E+14 0.00076 
   59   59    1    1    1    1    1    1    1    1  7.16007E+14 0.00089 
   60   60    1    1    1    1    1    1    1    1  5.67058E+14 0.00065 
   61   61    1    1    1    1    1    1    1    1  5.64739E+14 0.00067 
   62   62    1    1    1    1    1    1    1    1  5.87374E+14 0.00076 
   63   63    1    1    1    1    1    1    1    1  4.94675E+14 0.00078 
   64   64    1    1    1    1    1    1    1    1  3.93169E+14 0.00061 
   65   65    1    1    1    1    1    1    1    1  3.89305E+14 0.00075 
   66   66    1    1    1    1    1    1    1    1  2.79767E+14 0.00090 
   67   67    1    1    1    1    1    1    1    1  2.25638E+14 0.00134 
   68   68    1    1    1    1    1    1    1    1  2.01259E+14 0.00125 
   69   69    1    1    1    1    1    1    1    1  2.40033E+14 0.00132 
   70   70    1    1    1    1    1    1    1    1  2.02555E+14 0.00107 
   71   71    1    1    1    1    1    1    1    1  3.60921E+14 0.00107 
   72   72    1    1    1    1    1    1    1    1  2.52927E+14 0.00103 
   73   73    1    1    1    1    1    1    1    1  1.90275E+14 0.00131 
   74   74    1    1    1    1    1    1    1    1  1.55183E+14 0.00115 
   75   75    1    1    1    1    1    1    1    1  1.30401E+14 0.00185 
   76   76    1    1    1    1    1    1    1    1  1.52733E+14 0.00143 
   77   77    1    1    1    1    1    1    1    1  1.22431E+14 0.00142 
   78   78    1    1    1    1    1    1    1    1  9.82660E+13 0.00135 
   79   79    1    1    1    1    1    1    1    1  1.01620E+14 0.00159 
   80   80    1    1    1    1    1    1    1    1  7.53585E+13 0.00194 
   81   81    1    1    1    1    1    1    1    1  5.78763E+13 0.00172 
   82   82    1    1    1    1    1    1    1    1  4.44029E+13 0.00239 
   83   83    1    1    1    1    1    1    1    1  4.13187E+13 0.00228 
   84   84    1    1    1    1    1    1    1    1  2.95036E+13 0.00298 
   85   85    1    1    1    1    1    1    1    1  2.13180E+13 0.00213 
   86   86    1    1    1    1    1    1    1    1  1.96803E+13 0.00368 
   87   87    1    1    1    1    1    1    1    1  1.20488E+13 0.00502 
   88   88    1    1    1    1    1    1    1    1  7.97611E+12 0.00430 
   89   89    1    1    1    1    1    1    1    1  4.45585E+12 0.00836 
   90   90    1    1    1    1    1    1    1    1  2.91606E+12 0.00856 
   91   91    1    1    1    1    1    1    1    1  1.44965E+12 0.01924 
   92   92    1    1    1    1    1    1    1    1  6.97308E+11 0.01929 
   93   93    1    1    1    1    1    1    1    1  3.23588E+11 0.02851 
   94   94    1    1    1    1    1    1    1    1  1.59653E+11 0.03801 
   95   95    1    1    1    1    1    1    1    1  7.20967E+10 0.06003 
   96   96    1    1    1    1    1    1    1    1  3.70567E+10 0.06457 
   97   97    1    1    1    1    1    1    1    1  1.61078E+10 0.14184 
   98   98    1    1    1    1    1    1    1    1  7.26941E+09 0.14931 
   99   99    1    1    1    1    1    1    1    1  3.93835E+09 0.20383 
  100  100    1    1    1    1    1    1    1    1  2.89078E+09 0.23185 
];


