
DETdpaspec = [
    1    1    1    1    1    1    1    1    1    1  0.00000E+00 0.00000 
    2    2    1    1    1    1    1    1    1    1  0.00000E+00 0.00000 
    3    3    1    1    1    1    1    1    1    1  0.00000E+00 0.00000 
    4    4    1    1    1    1    1    1    1    1  0.00000E+00 0.00000 
    5    5    1    1    1    1    1    1    1    1  0.00000E+00 0.00000 
    6    6    1    1    1    1    1    1    1    1  0.00000E+00 0.00000 
    7    7    1    1    1    1    1    1    1    1  1.22413E+07 1.00000 
    8    8    1    1    1    1    1    1    1    1  0.00000E+00 0.00000 
    9    9    1    1    1    1    1    1    1    1  0.00000E+00 0.00000 
   10   10    1    1    1    1    1    1    1    1  0.00000E+00 0.00000 
   11   11    1    1    1    1    1    1    1    1  3.86647E+07 1.00000 
   12   12    1    1    1    1    1    1    1    1  1.36730E+08 0.82945 
   13   13    1    1    1    1    1    1    1    1  8.24687E+08 0.54669 
   14   14    1    1    1    1    1    1    1    1  1.24103E+09 0.45452 
   15   15    1    1    1    1    1    1    1    1  1.67533E+09 0.53591 
   16   16    1    1    1    1    1    1    1    1  4.33426E+08 0.59836 
   17   17    1    1    1    1    1    1    1    1  1.07700E+09 0.37086 
   18   18    1    1    1    1    1    1    1    1  4.08166E+08 0.52566 
   19   19    1    1    1    1    1    1    1    1  3.55409E+09 0.22436 
   20   20    1    1    1    1    1    1    1    1  7.65601E+09 0.18960 
   21   21    1    1    1    1    1    1    1    1  4.42821E+09 0.25556 
   22   22    1    1    1    1    1    1    1    1  1.12025E+10 0.14481 
   23   23    1    1    1    1    1    1    1    1  1.76593E+10 0.10125 
   24   24    1    1    1    1    1    1    1    1  3.03813E+10 0.08651 
   25   25    1    1    1    1    1    1    1    1  4.74429E+10 0.08710 
   26   26    1    1    1    1    1    1    1    1  9.37128E+10 0.06681 
   27   27    1    1    1    1    1    1    1    1  2.10295E+11 0.03262 
   28   28    1    1    1    1    1    1    1    1  5.12660E+11 0.01741 
   29   29    1    1    1    1    1    1    1    1  9.05461E+11 0.01524 
   30   30    1    1    1    1    1    1    1    1  2.33719E+12 0.01278 
   31   31    1    1    1    1    1    1    1    1  6.53939E+12 0.00743 
   32   32    1    1    1    1    1    1    1    1  1.14479E+13 0.00603 
   33   33    1    1    1    1    1    1    1    1  2.64922E+13 0.00415 
   34   34    1    1    1    1    1    1    1    1  3.62865E+13 0.00291 
   35   35    1    1    1    1    1    1    1    1  4.23682E+13 0.00269 
   36   36    1    1    1    1    1    1    1    1  2.70072E+13 0.00232 
   37   37    1    1    1    1    1    1    1    1  8.05956E+12 0.00193 
   38   38    1    1    1    1    1    1    1    1  4.61800E+13 0.00215 
   39   39    1    1    1    1    1    1    1    1  6.23650E+13 0.00216 
   40   40    1    1    1    1    1    1    1    1  1.07414E+14 0.00200 
   41   41    1    1    1    1    1    1    1    1  1.06395E+14 0.00190 
   42   42    1    1    1    1    1    1    1    1  2.31042E+14 0.00142 
   43   43    1    1    1    1    1    1    1    1  2.82511E+14 0.00119 
   44   44    1    1    1    1    1    1    1    1  4.12065E+14 0.00113 
   45   45    1    1    1    1    1    1    1    1  8.31252E+14 0.00085 
   46   46    1    1    1    1    1    1    1    1  3.83987E+14 0.00074 
   47   47    1    1    1    1    1    1    1    1  6.16876E+14 0.00074 
   48   48    1    1    1    1    1    1    1    1  8.62127E+14 0.00077 
   49   49    1    1    1    1    1    1    1    1  8.54922E+14 0.00080 
   50   50    1    1    1    1    1    1    1    1  1.35393E+15 0.00064 
   51   51    1    1    1    1    1    1    1    1  1.06981E+15 0.00063 
   52   52    1    1    1    1    1    1    1    1  1.29734E+15 0.00059 
   53   53    1    1    1    1    1    1    1    1  9.01326E+14 0.00048 
   54   54    1    1    1    1    1    1    1    1  1.12296E+15 0.00052 
   55   55    1    1    1    1    1    1    1    1  7.73639E+14 0.00073 
   56   56    1    1    1    1    1    1    1    1  1.04927E+14 0.00115 
   57   57    1    1    1    1    1    1    1    1  1.54000E+15 0.00048 
   58   58    1    1    1    1    1    1    1    1  7.02088E+14 0.00084 
   59   59    1    1    1    1    1    1    1    1  7.46910E+14 0.00077 
   60   60    1    1    1    1    1    1    1    1  5.91336E+14 0.00073 
   61   61    1    1    1    1    1    1    1    1  5.92020E+14 0.00068 
   62   62    1    1    1    1    1    1    1    1  6.19272E+14 0.00082 
   63   63    1    1    1    1    1    1    1    1  5.25269E+14 0.00084 
   64   64    1    1    1    1    1    1    1    1  4.20026E+14 0.00092 
   65   65    1    1    1    1    1    1    1    1  4.18642E+14 0.00073 
   66   66    1    1    1    1    1    1    1    1  3.03169E+14 0.00094 
   67   67    1    1    1    1    1    1    1    1  2.45810E+14 0.00107 
   68   68    1    1    1    1    1    1    1    1  2.19936E+14 0.00100 
   69   69    1    1    1    1    1    1    1    1  2.63641E+14 0.00091 
   70   70    1    1    1    1    1    1    1    1  2.24649E+14 0.00089 
   71   71    1    1    1    1    1    1    1    1  4.05802E+14 0.00083 
   72   72    1    1    1    1    1    1    1    1  2.87258E+14 0.00096 
   73   73    1    1    1    1    1    1    1    1  2.17700E+14 0.00110 
   74   74    1    1    1    1    1    1    1    1  1.76525E+14 0.00116 
   75   75    1    1    1    1    1    1    1    1  1.47991E+14 0.00114 
   76   76    1    1    1    1    1    1    1    1  1.73493E+14 0.00142 
   77   77    1    1    1    1    1    1    1    1  1.38560E+14 0.00127 
   78   78    1    1    1    1    1    1    1    1  1.10949E+14 0.00158 
   79   79    1    1    1    1    1    1    1    1  1.15384E+14 0.00160 
   80   80    1    1    1    1    1    1    1    1  8.58630E+13 0.00165 
   81   81    1    1    1    1    1    1    1    1  6.62473E+13 0.00153 
   82   82    1    1    1    1    1    1    1    1  5.10569E+13 0.00206 
   83   83    1    1    1    1    1    1    1    1  4.76099E+13 0.00294 
   84   84    1    1    1    1    1    1    1    1  3.40927E+13 0.00258 
   85   85    1    1    1    1    1    1    1    1  2.46904E+13 0.00251 
   86   86    1    1    1    1    1    1    1    1  2.30160E+13 0.00303 
   87   87    1    1    1    1    1    1    1    1  1.41608E+13 0.00429 
   88   88    1    1    1    1    1    1    1    1  9.51400E+12 0.00432 
   89   89    1    1    1    1    1    1    1    1  5.47317E+12 0.00791 
   90   90    1    1    1    1    1    1    1    1  3.60906E+12 0.01088 
   91   91    1    1    1    1    1    1    1    1  1.75913E+12 0.01412 
   92   92    1    1    1    1    1    1    1    1  8.60778E+11 0.01985 
   93   93    1    1    1    1    1    1    1    1  4.04057E+11 0.02390 
   94   94    1    1    1    1    1    1    1    1  1.97205E+11 0.03526 
   95   95    1    1    1    1    1    1    1    1  9.67596E+10 0.04962 
   96   96    1    1    1    1    1    1    1    1  4.17504E+10 0.07599 
   97   97    1    1    1    1    1    1    1    1  2.10140E+10 0.11002 
   98   98    1    1    1    1    1    1    1    1  1.20091E+10 0.12472 
   99   99    1    1    1    1    1    1    1    1  4.86550E+09 0.19010 
  100  100    1    1    1    1    1    1    1    1  6.15781E+09 0.24564 
];


