
DETdpaspec = [
    1    1    1    1    1    1    1    1    1    1  0.00000E+00 0.00000 
    2    2    1    1    1    1    1    1    1    1  0.00000E+00 0.00000 
    3    3    1    1    1    1    1    1    1    1  0.00000E+00 0.00000 
    4    4    1    1    1    1    1    1    1    1  0.00000E+00 0.00000 
    5    5    1    1    1    1    1    1    1    1  0.00000E+00 0.00000 
    6    6    1    1    1    1    1    1    1    1  0.00000E+00 0.00000 
    7    7    1    1    1    1    1    1    1    1  0.00000E+00 0.00000 
    8    8    1    1    1    1    1    1    1    1  0.00000E+00 0.00000 
    9    9    1    1    1    1    1    1    1    1  4.00372E+06 1.00000 
   10   10    1    1    1    1    1    1    1    1  0.00000E+00 0.00000 
   11   11    1    1    1    1    1    1    1    1  0.00000E+00 0.00000 
   12   12    1    1    1    1    1    1    1    1  5.51251E+07 0.68929 
   13   13    1    1    1    1    1    1    1    1  1.44710E+08 0.75627 
   14   14    1    1    1    1    1    1    1    1  7.32362E+08 0.58046 
   15   15    1    1    1    1    1    1    1    1  1.72932E+09 0.40096 
   16   16    1    1    1    1    1    1    1    1  9.42028E+08 0.85077 
   17   17    1    1    1    1    1    1    1    1  1.06179E+09 0.39453 
   18   18    1    1    1    1    1    1    1    1  9.49099E+08 0.58621 
   19   19    1    1    1    1    1    1    1    1  1.80398E+09 0.30303 
   20   20    1    1    1    1    1    1    1    1  7.02241E+09 0.18303 
   21   21    1    1    1    1    1    1    1    1  6.02210E+09 0.18751 
   22   22    1    1    1    1    1    1    1    1  1.26132E+10 0.10197 
   23   23    1    1    1    1    1    1    1    1  1.65274E+10 0.09905 
   24   24    1    1    1    1    1    1    1    1  3.83346E+10 0.05508 
   25   25    1    1    1    1    1    1    1    1  5.56990E+10 0.07382 
   26   26    1    1    1    1    1    1    1    1  9.83036E+10 0.04038 
   27   27    1    1    1    1    1    1    1    1  2.14274E+11 0.03626 
   28   28    1    1    1    1    1    1    1    1  5.15243E+11 0.02520 
   29   29    1    1    1    1    1    1    1    1  9.37478E+11 0.01814 
   30   30    1    1    1    1    1    1    1    1  2.35237E+12 0.01199 
   31   31    1    1    1    1    1    1    1    1  6.66702E+12 0.00572 
   32   32    1    1    1    1    1    1    1    1  1.15203E+13 0.00464 
   33   33    1    1    1    1    1    1    1    1  2.68507E+13 0.00334 
   34   34    1    1    1    1    1    1    1    1  3.67707E+13 0.00246 
   35   35    1    1    1    1    1    1    1    1  4.28493E+13 0.00236 
   36   36    1    1    1    1    1    1    1    1  2.72868E+13 0.00201 
   37   37    1    1    1    1    1    1    1    1  8.14175E+12 0.00231 
   38   38    1    1    1    1    1    1    1    1  4.65785E+13 0.00225 
   39   39    1    1    1    1    1    1    1    1  6.28011E+13 0.00145 
   40   40    1    1    1    1    1    1    1    1  1.08316E+14 0.00153 
   41   41    1    1    1    1    1    1    1    1  1.06900E+14 0.00139 
   42   42    1    1    1    1    1    1    1    1  2.33261E+14 0.00152 
   43   43    1    1    1    1    1    1    1    1  2.83976E+14 0.00126 
   44   44    1    1    1    1    1    1    1    1  4.13473E+14 0.00098 
   45   45    1    1    1    1    1    1    1    1  8.35057E+14 0.00079 
   46   46    1    1    1    1    1    1    1    1  3.85428E+14 0.00075 
   47   47    1    1    1    1    1    1    1    1  6.18692E+14 0.00048 
   48   48    1    1    1    1    1    1    1    1  8.64496E+14 0.00061 
   49   49    1    1    1    1    1    1    1    1  8.55152E+14 0.00063 
   50   50    1    1    1    1    1    1    1    1  1.35502E+15 0.00066 
   51   51    1    1    1    1    1    1    1    1  1.06960E+15 0.00050 
   52   52    1    1    1    1    1    1    1    1  1.29767E+15 0.00037 
   53   53    1    1    1    1    1    1    1    1  9.01485E+14 0.00051 
   54   54    1    1    1    1    1    1    1    1  1.12299E+15 0.00050 
   55   55    1    1    1    1    1    1    1    1  7.73000E+14 0.00051 
   56   56    1    1    1    1    1    1    1    1  1.04799E+14 0.00125 
   57   57    1    1    1    1    1    1    1    1  1.54019E+15 0.00056 
   58   58    1    1    1    1    1    1    1    1  7.02350E+14 0.00068 
   59   59    1    1    1    1    1    1    1    1  7.45916E+14 0.00062 
   60   60    1    1    1    1    1    1    1    1  5.91385E+14 0.00065 
   61   61    1    1    1    1    1    1    1    1  5.92214E+14 0.00056 
   62   62    1    1    1    1    1    1    1    1  6.18506E+14 0.00077 
   63   63    1    1    1    1    1    1    1    1  5.24467E+14 0.00067 
   64   64    1    1    1    1    1    1    1    1  4.19072E+14 0.00098 
   65   65    1    1    1    1    1    1    1    1  4.18202E+14 0.00083 
   66   66    1    1    1    1    1    1    1    1  3.02342E+14 0.00088 
   67   67    1    1    1    1    1    1    1    1  2.45076E+14 0.00088 
   68   68    1    1    1    1    1    1    1    1  2.19567E+14 0.00116 
   69   69    1    1    1    1    1    1    1    1  2.63601E+14 0.00083 
   70   70    1    1    1    1    1    1    1    1  2.24276E+14 0.00110 
   71   71    1    1    1    1    1    1    1    1  4.04861E+14 0.00083 
   72   72    1    1    1    1    1    1    1    1  2.85917E+14 0.00141 
   73   73    1    1    1    1    1    1    1    1  2.16533E+14 0.00122 
   74   74    1    1    1    1    1    1    1    1  1.76091E+14 0.00094 
   75   75    1    1    1    1    1    1    1    1  1.47782E+14 0.00178 
   76   76    1    1    1    1    1    1    1    1  1.73076E+14 0.00153 
   77   77    1    1    1    1    1    1    1    1  1.38288E+14 0.00140 
   78   78    1    1    1    1    1    1    1    1  1.10774E+14 0.00120 
   79   79    1    1    1    1    1    1    1    1  1.15088E+14 0.00172 
   80   80    1    1    1    1    1    1    1    1  8.59204E+13 0.00172 
   81   81    1    1    1    1    1    1    1    1  6.58876E+13 0.00195 
   82   82    1    1    1    1    1    1    1    1  5.09059E+13 0.00232 
   83   83    1    1    1    1    1    1    1    1  4.75478E+13 0.00255 
   84   84    1    1    1    1    1    1    1    1  3.41904E+13 0.00264 
   85   85    1    1    1    1    1    1    1    1  2.46762E+13 0.00368 
   86   86    1    1    1    1    1    1    1    1  2.29058E+13 0.00340 
   87   87    1    1    1    1    1    1    1    1  1.40512E+13 0.00620 
   88   88    1    1    1    1    1    1    1    1  9.55047E+12 0.00434 
   89   89    1    1    1    1    1    1    1    1  5.36782E+12 0.00621 
   90   90    1    1    1    1    1    1    1    1  3.58161E+12 0.00653 
   91   91    1    1    1    1    1    1    1    1  1.75056E+12 0.01167 
   92   92    1    1    1    1    1    1    1    1  8.59084E+11 0.01845 
   93   93    1    1    1    1    1    1    1    1  4.15134E+11 0.02046 
   94   94    1    1    1    1    1    1    1    1  2.00056E+11 0.03358 
   95   95    1    1    1    1    1    1    1    1  9.08067E+10 0.06213 
   96   96    1    1    1    1    1    1    1    1  4.18986E+10 0.06700 
   97   97    1    1    1    1    1    1    1    1  2.28091E+10 0.10530 
   98   98    1    1    1    1    1    1    1    1  8.41047E+09 0.13406 
   99   99    1    1    1    1    1    1    1    1  5.55146E+09 0.18417 
  100  100    1    1    1    1    1    1    1    1  4.71461E+09 0.32185 
];


