
DETdpaspec = [
    1    1    1    1    1    1    1    1    1    1  0.00000E+00 0.00000 
    2    2    1    1    1    1    1    1    1    1  0.00000E+00 0.00000 
    3    3    1    1    1    1    1    1    1    1  0.00000E+00 0.00000 
    4    4    1    1    1    1    1    1    1    1  0.00000E+00 0.00000 
    5    5    1    1    1    1    1    1    1    1  0.00000E+00 0.00000 
    6    6    1    1    1    1    1    1    1    1  0.00000E+00 0.00000 
    7    7    1    1    1    1    1    1    1    1  0.00000E+00 0.00000 
    8    8    1    1    1    1    1    1    1    1  0.00000E+00 0.00000 
    9    9    1    1    1    1    1    1    1    1  0.00000E+00 0.00000 
   10   10    1    1    1    1    1    1    1    1  0.00000E+00 0.00000 
   11   11    1    1    1    1    1    1    1    1  0.00000E+00 0.00000 
   12   12    1    1    1    1    1    1    1    1  2.52756E+07 0.64632 
   13   13    1    1    1    1    1    1    1    1  2.60494E+08 0.59444 
   14   14    1    1    1    1    1    1    1    1  1.63704E+08 1.00000 
   15   15    1    1    1    1    1    1    1    1  1.28298E+09 0.54809 
   16   16    1    1    1    1    1    1    1    1  1.97341E+08 0.45400 
   17   17    1    1    1    1    1    1    1    1  7.09170E+08 0.49552 
   18   18    1    1    1    1    1    1    1    1  9.38899E+08 0.49844 
   19   19    1    1    1    1    1    1    1    1  1.96581E+09 0.28551 
   20   20    1    1    1    1    1    1    1    1  6.90067E+09 0.25703 
   21   21    1    1    1    1    1    1    1    1  6.34583E+09 0.20971 
   22   22    1    1    1    1    1    1    1    1  1.22658E+10 0.12151 
   23   23    1    1    1    1    1    1    1    1  1.74189E+10 0.12885 
   24   24    1    1    1    1    1    1    1    1  3.75466E+10 0.09400 
   25   25    1    1    1    1    1    1    1    1  4.83915E+10 0.06094 
   26   26    1    1    1    1    1    1    1    1  9.15108E+10 0.05058 
   27   27    1    1    1    1    1    1    1    1  1.94135E+11 0.03170 
   28   28    1    1    1    1    1    1    1    1  4.52336E+11 0.02627 
   29   29    1    1    1    1    1    1    1    1  8.32286E+11 0.01630 
   30   30    1    1    1    1    1    1    1    1  2.10585E+12 0.00945 
   31   31    1    1    1    1    1    1    1    1  6.00960E+12 0.00684 
   32   32    1    1    1    1    1    1    1    1  1.06710E+13 0.00658 
   33   33    1    1    1    1    1    1    1    1  2.50552E+13 0.00320 
   34   34    1    1    1    1    1    1    1    1  3.44923E+13 0.00273 
   35   35    1    1    1    1    1    1    1    1  4.08389E+13 0.00268 
   36   36    1    1    1    1    1    1    1    1  2.62864E+13 0.00224 
   37   37    1    1    1    1    1    1    1    1  7.86558E+12 0.00292 
   38   38    1    1    1    1    1    1    1    1  4.50197E+13 0.00205 
   39   39    1    1    1    1    1    1    1    1  6.09076E+13 0.00209 
   40   40    1    1    1    1    1    1    1    1  1.05162E+14 0.00179 
   41   41    1    1    1    1    1    1    1    1  1.04221E+14 0.00129 
   42   42    1    1    1    1    1    1    1    1  2.26519E+14 0.00106 
   43   43    1    1    1    1    1    1    1    1  2.76553E+14 0.00114 
   44   44    1    1    1    1    1    1    1    1  4.04684E+14 0.00085 
   45   45    1    1    1    1    1    1    1    1  8.19197E+14 0.00081 
   46   46    1    1    1    1    1    1    1    1  3.79316E+14 0.00090 
   47   47    1    1    1    1    1    1    1    1  6.10471E+14 0.00056 
   48   48    1    1    1    1    1    1    1    1  8.54818E+14 0.00074 
   49   49    1    1    1    1    1    1    1    1  8.49087E+14 0.00054 
   50   50    1    1    1    1    1    1    1    1  1.34517E+15 0.00056 
   51   51    1    1    1    1    1    1    1    1  1.06557E+15 0.00057 
   52   52    1    1    1    1    1    1    1    1  1.29226E+15 0.00035 
   53   53    1    1    1    1    1    1    1    1  8.98443E+14 0.00041 
   54   54    1    1    1    1    1    1    1    1  1.11818E+15 0.00058 
   55   55    1    1    1    1    1    1    1    1  7.71392E+14 0.00050 
   56   56    1    1    1    1    1    1    1    1  1.04791E+14 0.00141 
   57   57    1    1    1    1    1    1    1    1  1.53679E+15 0.00058 
   58   58    1    1    1    1    1    1    1    1  7.01040E+14 0.00069 
   59   59    1    1    1    1    1    1    1    1  7.44265E+14 0.00072 
   60   60    1    1    1    1    1    1    1    1  5.89354E+14 0.00054 
   61   61    1    1    1    1    1    1    1    1  5.90551E+14 0.00061 
   62   62    1    1    1    1    1    1    1    1  6.17687E+14 0.00064 
   63   63    1    1    1    1    1    1    1    1  5.23983E+14 0.00085 
   64   64    1    1    1    1    1    1    1    1  4.19048E+14 0.00070 
   65   65    1    1    1    1    1    1    1    1  4.18275E+14 0.00069 
   66   66    1    1    1    1    1    1    1    1  3.02589E+14 0.00097 
   67   67    1    1    1    1    1    1    1    1  2.45461E+14 0.00083 
   68   68    1    1    1    1    1    1    1    1  2.19824E+14 0.00126 
   69   69    1    1    1    1    1    1    1    1  2.64322E+14 0.00106 
   70   70    1    1    1    1    1    1    1    1  2.24789E+14 0.00115 
   71   71    1    1    1    1    1    1    1    1  4.07518E+14 0.00068 
   72   72    1    1    1    1    1    1    1    1  2.88381E+14 0.00104 
   73   73    1    1    1    1    1    1    1    1  2.17646E+14 0.00113 
   74   74    1    1    1    1    1    1    1    1  1.76734E+14 0.00111 
   75   75    1    1    1    1    1    1    1    1  1.48576E+14 0.00093 
   76   76    1    1    1    1    1    1    1    1  1.73667E+14 0.00101 
   77   77    1    1    1    1    1    1    1    1  1.38767E+14 0.00143 
   78   78    1    1    1    1    1    1    1    1  1.11410E+14 0.00135 
   79   79    1    1    1    1    1    1    1    1  1.15513E+14 0.00122 
   80   80    1    1    1    1    1    1    1    1  8.60854E+13 0.00164 
   81   81    1    1    1    1    1    1    1    1  6.63339E+13 0.00166 
   82   82    1    1    1    1    1    1    1    1  5.07633E+13 0.00209 
   83   83    1    1    1    1    1    1    1    1  4.76919E+13 0.00143 
   84   84    1    1    1    1    1    1    1    1  3.43192E+13 0.00287 
   85   85    1    1    1    1    1    1    1    1  2.48004E+13 0.00259 
   86   86    1    1    1    1    1    1    1    1  2.29563E+13 0.00409 
   87   87    1    1    1    1    1    1    1    1  1.41514E+13 0.00338 
   88   88    1    1    1    1    1    1    1    1  9.48453E+12 0.00533 
   89   89    1    1    1    1    1    1    1    1  5.44294E+12 0.00657 
   90   90    1    1    1    1    1    1    1    1  3.59107E+12 0.00515 
   91   91    1    1    1    1    1    1    1    1  1.75968E+12 0.00846 
   92   92    1    1    1    1    1    1    1    1  8.64028E+11 0.01119 
   93   93    1    1    1    1    1    1    1    1  4.13266E+11 0.03087 
   94   94    1    1    1    1    1    1    1    1  1.95527E+11 0.03167 
   95   95    1    1    1    1    1    1    1    1  1.00316E+11 0.04021 
   96   96    1    1    1    1    1    1    1    1  4.56664E+10 0.07700 
   97   97    1    1    1    1    1    1    1    1  2.36651E+10 0.09690 
   98   98    1    1    1    1    1    1    1    1  7.90035E+09 0.21584 
   99   99    1    1    1    1    1    1    1    1  5.77975E+09 0.22481 
  100  100    1    1    1    1    1    1    1    1  4.49125E+09 0.25177 
];


