
DETdpaspec = [
    1    1    1    1    1    1    1    1    1    1  0.00000E+00 0.00000 
    2    2    1    1    1    1    1    1    1    1  0.00000E+00 0.00000 
    3    3    1    1    1    1    1    1    1    1  0.00000E+00 0.00000 
    4    4    1    1    1    1    1    1    1    1  0.00000E+00 0.00000 
    5    5    1    1    1    1    1    1    1    1  0.00000E+00 0.00000 
    6    6    1    1    1    1    1    1    1    1  0.00000E+00 0.00000 
    7    7    1    1    1    1    1    1    1    1  0.00000E+00 0.00000 
    8    8    1    1    1    1    1    1    1    1  0.00000E+00 0.00000 
    9    9    1    1    1    1    1    1    1    1  0.00000E+00 0.00000 
   10   10    1    1    1    1    1    1    1    1  6.62079E+07 0.71518 
   11   11    1    1    1    1    1    1    1    1  2.61910E+08 0.61995 
   12   12    1    1    1    1    1    1    1    1  2.53027E+07 0.68906 
   13   13    1    1    1    1    1    1    1    1  3.01467E+08 0.58477 
   14   14    1    1    1    1    1    1    1    1  8.86307E+08 0.50371 
   15   15    1    1    1    1    1    1    1    1  1.48371E+09 0.29509 
   16   16    1    1    1    1    1    1    1    1  3.80152E+08 0.44342 
   17   17    1    1    1    1    1    1    1    1  1.02060E+09 0.27807 
   18   18    1    1    1    1    1    1    1    1  1.73044E+09 0.24567 
   19   19    1    1    1    1    1    1    1    1  2.66891E+09 0.22940 
   20   20    1    1    1    1    1    1    1    1  9.96517E+09 0.20652 
   21   21    1    1    1    1    1    1    1    1  7.84129E+09 0.14639 
   22   22    1    1    1    1    1    1    1    1  2.13231E+10 0.08743 
   23   23    1    1    1    1    1    1    1    1  2.44636E+10 0.10465 
   24   24    1    1    1    1    1    1    1    1  4.32514E+10 0.07207 
   25   25    1    1    1    1    1    1    1    1  5.45953E+10 0.04871 
   26   26    1    1    1    1    1    1    1    1  8.44109E+10 0.04547 
   27   27    1    1    1    1    1    1    1    1  1.37719E+11 0.04952 
   28   28    1    1    1    1    1    1    1    1  2.78715E+11 0.04998 
   29   29    1    1    1    1    1    1    1    1  4.20913E+11 0.01667 
   30   30    1    1    1    1    1    1    1    1  1.25591E+12 0.01481 
   31   31    1    1    1    1    1    1    1    1  3.95527E+12 0.00849 
   32   32    1    1    1    1    1    1    1    1  7.50782E+12 0.00741 
   33   33    1    1    1    1    1    1    1    1  1.76502E+13 0.00471 
   34   34    1    1    1    1    1    1    1    1  2.48019E+13 0.00413 
   35   35    1    1    1    1    1    1    1    1  3.36208E+13 0.00279 
   36   36    1    1    1    1    1    1    1    1  2.30453E+13 0.00258 
   37   37    1    1    1    1    1    1    1    1  7.13989E+12 0.00285 
   38   38    1    1    1    1    1    1    1    1  3.98665E+13 0.00189 
   39   39    1    1    1    1    1    1    1    1  5.36914E+13 0.00173 
   40   40    1    1    1    1    1    1    1    1  9.24186E+13 0.00207 
   41   41    1    1    1    1    1    1    1    1  9.48849E+13 0.00132 
   42   42    1    1    1    1    1    1    1    1  2.02741E+14 0.00143 
   43   43    1    1    1    1    1    1    1    1  2.48358E+14 0.00140 
   44   44    1    1    1    1    1    1    1    1  3.64738E+14 0.00113 
   45   45    1    1    1    1    1    1    1    1  7.36285E+14 0.00098 
   46   46    1    1    1    1    1    1    1    1  3.49999E+14 0.00105 
   47   47    1    1    1    1    1    1    1    1  5.70890E+14 0.00075 
   48   48    1    1    1    1    1    1    1    1  8.04804E+14 0.00088 
   49   49    1    1    1    1    1    1    1    1  8.08271E+14 0.00057 
   50   50    1    1    1    1    1    1    1    1  1.27089E+15 0.00071 
   51   51    1    1    1    1    1    1    1    1  1.03026E+15 0.00060 
   52   52    1    1    1    1    1    1    1    1  1.23033E+15 0.00062 
   53   53    1    1    1    1    1    1    1    1  8.66292E+14 0.00057 
   54   54    1    1    1    1    1    1    1    1  1.05979E+15 0.00061 
   55   55    1    1    1    1    1    1    1    1  7.35738E+14 0.00071 
   56   56    1    1    1    1    1    1    1    1  1.00641E+14 0.00126 
   57   57    1    1    1    1    1    1    1    1  1.47483E+15 0.00058 
   58   58    1    1    1    1    1    1    1    1  6.56268E+14 0.00075 
   59   59    1    1    1    1    1    1    1    1  7.05030E+14 0.00064 
   60   60    1    1    1    1    1    1    1    1  5.48993E+14 0.00067 
   61   61    1    1    1    1    1    1    1    1  5.52582E+14 0.00070 
   62   62    1    1    1    1    1    1    1    1  5.78299E+14 0.00069 
   63   63    1    1    1    1    1    1    1    1  4.88224E+14 0.00077 
   64   64    1    1    1    1    1    1    1    1  3.91024E+14 0.00112 
   65   65    1    1    1    1    1    1    1    1  3.90333E+14 0.00103 
   66   66    1    1    1    1    1    1    1    1  2.82581E+14 0.00077 
   67   67    1    1    1    1    1    1    1    1  2.31199E+14 0.00111 
   68   68    1    1    1    1    1    1    1    1  2.07794E+14 0.00122 
   69   69    1    1    1    1    1    1    1    1  2.49641E+14 0.00095 
   70   70    1    1    1    1    1    1    1    1  2.13297E+14 0.00112 
   71   71    1    1    1    1    1    1    1    1  3.92458E+14 0.00127 
   72   72    1    1    1    1    1    1    1    1  2.80091E+14 0.00133 
   73   73    1    1    1    1    1    1    1    1  2.11225E+14 0.00125 
   74   74    1    1    1    1    1    1    1    1  1.69636E+14 0.00162 
   75   75    1    1    1    1    1    1    1    1  1.40466E+14 0.00125 
   76   76    1    1    1    1    1    1    1    1  1.61923E+14 0.00152 
   77   77    1    1    1    1    1    1    1    1  1.27420E+14 0.00127 
   78   78    1    1    1    1    1    1    1    1  1.01344E+14 0.00198 
   79   79    1    1    1    1    1    1    1    1  1.04481E+14 0.00169 
   80   80    1    1    1    1    1    1    1    1  7.70205E+13 0.00164 
   81   81    1    1    1    1    1    1    1    1  5.90865E+13 0.00220 
   82   82    1    1    1    1    1    1    1    1  4.53412E+13 0.00205 
   83   83    1    1    1    1    1    1    1    1  4.25184E+13 0.00236 
   84   84    1    1    1    1    1    1    1    1  3.06228E+13 0.00354 
   85   85    1    1    1    1    1    1    1    1  2.18650E+13 0.00423 
   86   86    1    1    1    1    1    1    1    1  2.05708E+13 0.00377 
   87   87    1    1    1    1    1    1    1    1  1.27116E+13 0.00344 
   88   88    1    1    1    1    1    1    1    1  8.61264E+12 0.00612 
   89   89    1    1    1    1    1    1    1    1  4.85785E+12 0.00797 
   90   90    1    1    1    1    1    1    1    1  3.24072E+12 0.00880 
   91   91    1    1    1    1    1    1    1    1  1.64071E+12 0.01519 
   92   92    1    1    1    1    1    1    1    1  7.94428E+11 0.01398 
   93   93    1    1    1    1    1    1    1    1  3.79255E+11 0.03153 
   94   94    1    1    1    1    1    1    1    1  1.84999E+11 0.03397 
   95   95    1    1    1    1    1    1    1    1  1.02476E+11 0.05393 
   96   96    1    1    1    1    1    1    1    1  3.95074E+10 0.10508 
   97   97    1    1    1    1    1    1    1    1  1.99399E+10 0.13315 
   98   98    1    1    1    1    1    1    1    1  1.00107E+10 0.22300 
   99   99    1    1    1    1    1    1    1    1  5.68271E+09 0.25535 
  100  100    1    1    1    1    1    1    1    1  4.90319E+09 0.26925 
];


