
DETdpaspec = [
    1    1    1    1    1    1    1    1    1    1  0.00000E+00 0.00000 
    2    2    1    1    1    1    1    1    1    1  0.00000E+00 0.00000 
    3    3    1    1    1    1    1    1    1    1  0.00000E+00 0.00000 
    4    4    1    1    1    1    1    1    1    1  0.00000E+00 0.00000 
    5    5    1    1    1    1    1    1    1    1  7.47380E+06 1.00000 
    6    6    1    1    1    1    1    1    1    1  0.00000E+00 0.00000 
    7    7    1    1    1    1    1    1    1    1  0.00000E+00 0.00000 
    8    8    1    1    1    1    1    1    1    1  0.00000E+00 0.00000 
    9    9    1    1    1    1    1    1    1    1  0.00000E+00 0.00000 
   10   10    1    1    1    1    1    1    1    1  2.49338E+07 1.00000 
   11   11    1    1    1    1    1    1    1    1  0.00000E+00 0.00000 
   12   12    1    1    1    1    1    1    1    1  1.76291E+07 1.00000 
   13   13    1    1    1    1    1    1    1    1  7.36647E+08 0.65477 
   14   14    1    1    1    1    1    1    1    1  1.74750E+09 0.49023 
   15   15    1    1    1    1    1    1    1    1  5.84377E+07 1.00000 
   16   16    1    1    1    1    1    1    1    1  4.20635E+08 0.84423 
   17   17    1    1    1    1    1    1    1    1  3.93032E+08 0.53655 
   18   18    1    1    1    1    1    1    1    1  1.56673E+09 0.42712 
   19   19    1    1    1    1    1    1    1    1  2.02537E+09 0.24307 
   20   20    1    1    1    1    1    1    1    1  7.69756E+09 0.16967 
   21   21    1    1    1    1    1    1    1    1  5.97167E+09 0.16423 
   22   22    1    1    1    1    1    1    1    1  1.35368E+10 0.12917 
   23   23    1    1    1    1    1    1    1    1  2.64056E+10 0.09786 
   24   24    1    1    1    1    1    1    1    1  3.39751E+10 0.07114 
   25   25    1    1    1    1    1    1    1    1  4.89689E+10 0.06569 
   26   26    1    1    1    1    1    1    1    1  7.37857E+10 0.03924 
   27   27    1    1    1    1    1    1    1    1  1.56961E+11 0.02970 
   28   28    1    1    1    1    1    1    1    1  3.57842E+11 0.03188 
   29   29    1    1    1    1    1    1    1    1  6.37842E+11 0.02254 
   30   30    1    1    1    1    1    1    1    1  1.70168E+12 0.01723 
   31   31    1    1    1    1    1    1    1    1  5.10721E+12 0.00916 
   32   32    1    1    1    1    1    1    1    1  9.27317E+12 0.00509 
   33   33    1    1    1    1    1    1    1    1  2.19966E+13 0.00353 
   34   34    1    1    1    1    1    1    1    1  3.07063E+13 0.00226 
   35   35    1    1    1    1    1    1    1    1  3.76982E+13 0.00210 
   36   36    1    1    1    1    1    1    1    1  2.47624E+13 0.00191 
   37   37    1    1    1    1    1    1    1    1  7.45378E+12 0.00242 
   38   38    1    1    1    1    1    1    1    1  4.26068E+13 0.00225 
   39   39    1    1    1    1    1    1    1    1  5.76148E+13 0.00197 
   40   40    1    1    1    1    1    1    1    1  9.98649E+13 0.00151 
   41   41    1    1    1    1    1    1    1    1  9.97785E+13 0.00164 
   42   42    1    1    1    1    1    1    1    1  2.16389E+14 0.00126 
   43   43    1    1    1    1    1    1    1    1  2.65118E+14 0.00167 
   44   44    1    1    1    1    1    1    1    1  3.88362E+14 0.00090 
   45   45    1    1    1    1    1    1    1    1  7.90714E+14 0.00060 
   46   46    1    1    1    1    1    1    1    1  3.69281E+14 0.00075 
   47   47    1    1    1    1    1    1    1    1  5.95939E+14 0.00092 
   48   48    1    1    1    1    1    1    1    1  8.37401E+14 0.00061 
   49   49    1    1    1    1    1    1    1    1  8.35120E+14 0.00084 
   50   50    1    1    1    1    1    1    1    1  1.32437E+15 0.00055 
   51   51    1    1    1    1    1    1    1    1  1.05561E+15 0.00055 
   52   52    1    1    1    1    1    1    1    1  1.27884E+15 0.00054 
   53   53    1    1    1    1    1    1    1    1  8.93002E+14 0.00063 
   54   54    1    1    1    1    1    1    1    1  1.10917E+15 0.00050 
   55   55    1    1    1    1    1    1    1    1  7.65452E+14 0.00071 
   56   56    1    1    1    1    1    1    1    1  1.04255E+14 0.00128 
   57   57    1    1    1    1    1    1    1    1  1.52944E+15 0.00043 
   58   58    1    1    1    1    1    1    1    1  6.94761E+14 0.00073 
   59   59    1    1    1    1    1    1    1    1  7.38970E+14 0.00044 
   60   60    1    1    1    1    1    1    1    1  5.84427E+14 0.00053 
   61   61    1    1    1    1    1    1    1    1  5.86506E+14 0.00069 
   62   62    1    1    1    1    1    1    1    1  6.13497E+14 0.00072 
   63   63    1    1    1    1    1    1    1    1  5.19993E+14 0.00103 
   64   64    1    1    1    1    1    1    1    1  4.16442E+14 0.00086 
   65   65    1    1    1    1    1    1    1    1  4.15357E+14 0.00086 
   66   66    1    1    1    1    1    1    1    1  3.00838E+14 0.00109 
   67   67    1    1    1    1    1    1    1    1  2.44845E+14 0.00099 
   68   68    1    1    1    1    1    1    1    1  2.19383E+14 0.00083 
   69   69    1    1    1    1    1    1    1    1  2.63259E+14 0.00137 
   70   70    1    1    1    1    1    1    1    1  2.24690E+14 0.00130 
   71   71    1    1    1    1    1    1    1    1  4.07979E+14 0.00097 
   72   72    1    1    1    1    1    1    1    1  2.89569E+14 0.00126 
   73   73    1    1    1    1    1    1    1    1  2.18996E+14 0.00154 
   74   74    1    1    1    1    1    1    1    1  1.77666E+14 0.00104 
   75   75    1    1    1    1    1    1    1    1  1.48262E+14 0.00152 
   76   76    1    1    1    1    1    1    1    1  1.73752E+14 0.00152 
   77   77    1    1    1    1    1    1    1    1  1.38191E+14 0.00115 
   78   78    1    1    1    1    1    1    1    1  1.10788E+14 0.00141 
   79   79    1    1    1    1    1    1    1    1  1.14820E+14 0.00180 
   80   80    1    1    1    1    1    1    1    1  8.49130E+13 0.00237 
   81   81    1    1    1    1    1    1    1    1  6.56499E+13 0.00186 
   82   82    1    1    1    1    1    1    1    1  5.03687E+13 0.00202 
   83   83    1    1    1    1    1    1    1    1  4.70777E+13 0.00242 
   84   84    1    1    1    1    1    1    1    1  3.39151E+13 0.00202 
   85   85    1    1    1    1    1    1    1    1  2.44493E+13 0.00407 
   86   86    1    1    1    1    1    1    1    1  2.28145E+13 0.00329 
   87   87    1    1    1    1    1    1    1    1  1.41358E+13 0.00373 
   88   88    1    1    1    1    1    1    1    1  9.48674E+12 0.00412 
   89   89    1    1    1    1    1    1    1    1  5.38402E+12 0.00736 
   90   90    1    1    1    1    1    1    1    1  3.59996E+12 0.00969 
   91   91    1    1    1    1    1    1    1    1  1.79153E+12 0.01435 
   92   92    1    1    1    1    1    1    1    1  8.65132E+11 0.01631 
   93   93    1    1    1    1    1    1    1    1  4.30626E+11 0.02536 
   94   94    1    1    1    1    1    1    1    1  2.09310E+11 0.04168 
   95   95    1    1    1    1    1    1    1    1  1.00741E+11 0.07144 
   96   96    1    1    1    1    1    1    1    1  5.09454E+10 0.07750 
   97   97    1    1    1    1    1    1    1    1  2.18094E+10 0.12081 
   98   98    1    1    1    1    1    1    1    1  1.34064E+10 0.13050 
   99   99    1    1    1    1    1    1    1    1  4.00333E+09 0.27238 
  100  100    1    1    1    1    1    1    1    1  4.34094E+09 0.24213 
];


