
DETdpaspec = [
    1    1    1    1    1    1    1    1    1    1  0.00000E+00 0.00000 
    2    2    1    1    1    1    1    1    1    1  0.00000E+00 0.00000 
    3    3    1    1    1    1    1    1    1    1  0.00000E+00 0.00000 
    4    4    1    1    1    1    1    1    1    1  0.00000E+00 0.00000 
    5    5    1    1    1    1    1    1    1    1  0.00000E+00 0.00000 
    6    6    1    1    1    1    1    1    1    1  0.00000E+00 0.00000 
    7    7    1    1    1    1    1    1    1    1  1.08992E+07 1.00000 
    8    8    1    1    1    1    1    1    1    1  0.00000E+00 0.00000 
    9    9    1    1    1    1    1    1    1    1  1.20391E+07 0.75955 
   10   10    1    1    1    1    1    1    1    1  7.71445E+07 0.71121 
   11   11    1    1    1    1    1    1    1    1  2.93148E+07 1.00000 
   12   12    1    1    1    1    1    1    1    1  2.14830E+07 1.00000 
   13   13    1    1    1    1    1    1    1    1  4.01632E+08 0.49271 
   14   14    1    1    1    1    1    1    1    1  4.95028E+08 0.73475 
   15   15    1    1    1    1    1    1    1    1  4.91949E+07 1.00000 
   16   16    1    1    1    1    1    1    1    1  4.50171E+08 0.34592 
   17   17    1    1    1    1    1    1    1    1  1.32471E+09 0.30325 
   18   18    1    1    1    1    1    1    1    1  2.60156E+09 0.30963 
   19   19    1    1    1    1    1    1    1    1  2.95143E+09 0.30853 
   20   20    1    1    1    1    1    1    1    1  7.21000E+09 0.22552 
   21   21    1    1    1    1    1    1    1    1  5.70564E+09 0.16374 
   22   22    1    1    1    1    1    1    1    1  1.26017E+10 0.14020 
   23   23    1    1    1    1    1    1    1    1  2.09081E+10 0.11153 
   24   24    1    1    1    1    1    1    1    1  3.33281E+10 0.09079 
   25   25    1    1    1    1    1    1    1    1  4.30500E+10 0.05393 
   26   26    1    1    1    1    1    1    1    1  7.71163E+10 0.06202 
   27   27    1    1    1    1    1    1    1    1  1.46358E+11 0.03946 
   28   28    1    1    1    1    1    1    1    1  3.35275E+11 0.03295 
   29   29    1    1    1    1    1    1    1    1  6.10029E+11 0.01575 
   30   30    1    1    1    1    1    1    1    1  1.62450E+12 0.01103 
   31   31    1    1    1    1    1    1    1    1  4.90464E+12 0.00564 
   32   32    1    1    1    1    1    1    1    1  9.01399E+12 0.00595 
   33   33    1    1    1    1    1    1    1    1  2.15561E+13 0.00378 
   34   34    1    1    1    1    1    1    1    1  3.01952E+13 0.00289 
   35   35    1    1    1    1    1    1    1    1  3.73239E+13 0.00279 
   36   36    1    1    1    1    1    1    1    1  2.44712E+13 0.00303 
   37   37    1    1    1    1    1    1    1    1  7.39364E+12 0.00196 
   38   38    1    1    1    1    1    1    1    1  4.21017E+13 0.00191 
   39   39    1    1    1    1    1    1    1    1  5.71788E+13 0.00208 
   40   40    1    1    1    1    1    1    1    1  9.89007E+13 0.00179 
   41   41    1    1    1    1    1    1    1    1  9.89457E+13 0.00239 
   42   42    1    1    1    1    1    1    1    1  2.15246E+14 0.00148 
   43   43    1    1    1    1    1    1    1    1  2.64125E+14 0.00099 
   44   44    1    1    1    1    1    1    1    1  3.86576E+14 0.00097 
   45   45    1    1    1    1    1    1    1    1  7.85999E+14 0.00081 
   46   46    1    1    1    1    1    1    1    1  3.67707E+14 0.00084 
   47   47    1    1    1    1    1    1    1    1  5.94179E+14 0.00063 
   48   48    1    1    1    1    1    1    1    1  8.35957E+14 0.00074 
   49   49    1    1    1    1    1    1    1    1  8.33877E+14 0.00085 
   50   50    1    1    1    1    1    1    1    1  1.32086E+15 0.00064 
   51   51    1    1    1    1    1    1    1    1  1.05347E+15 0.00078 
   52   52    1    1    1    1    1    1    1    1  1.27664E+15 0.00062 
   53   53    1    1    1    1    1    1    1    1  8.91469E+14 0.00083 
   54   54    1    1    1    1    1    1    1    1  1.10577E+15 0.00049 
   55   55    1    1    1    1    1    1    1    1  7.64099E+14 0.00058 
   56   56    1    1    1    1    1    1    1    1  1.03940E+14 0.00113 
   57   57    1    1    1    1    1    1    1    1  1.52850E+15 0.00052 
   58   58    1    1    1    1    1    1    1    1  6.93700E+14 0.00047 
   59   59    1    1    1    1    1    1    1    1  7.39875E+14 0.00062 
   60   60    1    1    1    1    1    1    1    1  5.83443E+14 0.00067 
   61   61    1    1    1    1    1    1    1    1  5.85928E+14 0.00064 
   62   62    1    1    1    1    1    1    1    1  6.12794E+14 0.00047 
   63   63    1    1    1    1    1    1    1    1  5.20549E+14 0.00070 
   64   64    1    1    1    1    1    1    1    1  4.16132E+14 0.00074 
   65   65    1    1    1    1    1    1    1    1  4.16049E+14 0.00053 
   66   66    1    1    1    1    1    1    1    1  3.01013E+14 0.00077 
   67   67    1    1    1    1    1    1    1    1  2.44793E+14 0.00087 
   68   68    1    1    1    1    1    1    1    1  2.19400E+14 0.00087 
   69   69    1    1    1    1    1    1    1    1  2.63532E+14 0.00104 
   70   70    1    1    1    1    1    1    1    1  2.24359E+14 0.00101 
   71   71    1    1    1    1    1    1    1    1  4.08084E+14 0.00095 
   72   72    1    1    1    1    1    1    1    1  2.89470E+14 0.00127 
   73   73    1    1    1    1    1    1    1    1  2.19265E+14 0.00135 
   74   74    1    1    1    1    1    1    1    1  1.77592E+14 0.00138 
   75   75    1    1    1    1    1    1    1    1  1.48380E+14 0.00116 
   76   76    1    1    1    1    1    1    1    1  1.73250E+14 0.00115 
   77   77    1    1    1    1    1    1    1    1  1.37909E+14 0.00102 
   78   78    1    1    1    1    1    1    1    1  1.10111E+14 0.00178 
   79   79    1    1    1    1    1    1    1    1  1.14410E+14 0.00140 
   80   80    1    1    1    1    1    1    1    1  8.51197E+13 0.00177 
   81   81    1    1    1    1    1    1    1    1  6.54943E+13 0.00188 
   82   82    1    1    1    1    1    1    1    1  5.03710E+13 0.00239 
   83   83    1    1    1    1    1    1    1    1  4.70475E+13 0.00267 
   84   84    1    1    1    1    1    1    1    1  3.38992E+13 0.00243 
   85   85    1    1    1    1    1    1    1    1  2.44891E+13 0.00319 
   86   86    1    1    1    1    1    1    1    1  2.29261E+13 0.00298 
   87   87    1    1    1    1    1    1    1    1  1.40622E+13 0.00527 
   88   88    1    1    1    1    1    1    1    1  9.43279E+12 0.00534 
   89   89    1    1    1    1    1    1    1    1  5.40727E+12 0.00594 
   90   90    1    1    1    1    1    1    1    1  3.56877E+12 0.00919 
   91   91    1    1    1    1    1    1    1    1  1.79666E+12 0.01102 
   92   92    1    1    1    1    1    1    1    1  8.84823E+11 0.01933 
   93   93    1    1    1    1    1    1    1    1  4.31988E+11 0.02415 
   94   94    1    1    1    1    1    1    1    1  1.90030E+11 0.03412 
   95   95    1    1    1    1    1    1    1    1  9.86954E+10 0.05348 
   96   96    1    1    1    1    1    1    1    1  4.13062E+10 0.07444 
   97   97    1    1    1    1    1    1    1    1  2.73983E+10 0.13580 
   98   98    1    1    1    1    1    1    1    1  1.26142E+10 0.18143 
   99   99    1    1    1    1    1    1    1    1  7.16910E+09 0.14831 
  100  100    1    1    1    1    1    1    1    1  4.06498E+09 0.27083 
];


