
DETdpaspec = [
    1    1    1    1    1    1    1    1    1    1  0.00000E+00 0.00000 
    2    2    1    1    1    1    1    1    1    1  0.00000E+00 0.00000 
    3    3    1    1    1    1    1    1    1    1  0.00000E+00 0.00000 
    4    4    1    1    1    1    1    1    1    1  0.00000E+00 0.00000 
    5    5    1    1    1    1    1    1    1    1  0.00000E+00 0.00000 
    6    6    1    1    1    1    1    1    1    1  0.00000E+00 0.00000 
    7    7    1    1    1    1    1    1    1    1  1.47185E+07 1.00000 
    8    8    1    1    1    1    1    1    1    1  0.00000E+00 0.00000 
    9    9    1    1    1    1    1    1    1    1  0.00000E+00 0.00000 
   10   10    1    1    1    1    1    1    1    1  0.00000E+00 0.00000 
   11   11    1    1    1    1    1    1    1    1  0.00000E+00 0.00000 
   12   12    1    1    1    1    1    1    1    1  9.56816E+07 0.68718 
   13   13    1    1    1    1    1    1    1    1  6.78823E+08 0.51213 
   14   14    1    1    1    1    1    1    1    1  6.96601E+08 0.56955 
   15   15    1    1    1    1    1    1    1    1  2.06594E+08 0.59230 
   16   16    1    1    1    1    1    1    1    1  6.19588E+08 0.55623 
   17   17    1    1    1    1    1    1    1    1  1.00100E+09 0.40193 
   18   18    1    1    1    1    1    1    1    1  1.07068E+09 0.37980 
   19   19    1    1    1    1    1    1    1    1  2.22944E+09 0.29059 
   20   20    1    1    1    1    1    1    1    1  7.44307E+09 0.25442 
   21   21    1    1    1    1    1    1    1    1  5.05422E+09 0.22327 
   22   22    1    1    1    1    1    1    1    1  1.15417E+10 0.18711 
   23   23    1    1    1    1    1    1    1    1  1.94894E+10 0.10888 
   24   24    1    1    1    1    1    1    1    1  4.34340E+10 0.08696 
   25   25    1    1    1    1    1    1    1    1  6.75601E+10 0.08346 
   26   26    1    1    1    1    1    1    1    1  1.47580E+11 0.03915 
   27   27    1    1    1    1    1    1    1    1  3.35545E+11 0.02405 
   28   28    1    1    1    1    1    1    1    1  7.87609E+11 0.01678 
   29   29    1    1    1    1    1    1    1    1  1.41005E+12 0.01697 
   30   30    1    1    1    1    1    1    1    1  3.25861E+12 0.00950 
   31   31    1    1    1    1    1    1    1    1  8.54305E+12 0.00527 
   32   32    1    1    1    1    1    1    1    1  1.42022E+13 0.00336 
   33   33    1    1    1    1    1    1    1    1  3.19553E+13 0.00307 
   34   34    1    1    1    1    1    1    1    1  4.27242E+13 0.00264 
   35   35    1    1    1    1    1    1    1    1  4.78372E+13 0.00275 
   36   36    1    1    1    1    1    1    1    1  2.97542E+13 0.00244 
   37   37    1    1    1    1    1    1    1    1  8.78361E+12 0.00217 
   38   38    1    1    1    1    1    1    1    1  5.05731E+13 0.00259 
   39   39    1    1    1    1    1    1    1    1  6.80330E+13 0.00206 
   40   40    1    1    1    1    1    1    1    1  1.16498E+14 0.00183 
   41   41    1    1    1    1    1    1    1    1  1.14196E+14 0.00162 
   42   42    1    1    1    1    1    1    1    1  2.48239E+14 0.00133 
   43   43    1    1    1    1    1    1    1    1  3.01099E+14 0.00118 
   44   44    1    1    1    1    1    1    1    1  4.36029E+14 0.00076 
   45   45    1    1    1    1    1    1    1    1  8.74390E+14 0.00061 
   46   46    1    1    1    1    1    1    1    1  3.99659E+14 0.00082 
   47   47    1    1    1    1    1    1    1    1  6.39099E+14 0.00075 
   48   48    1    1    1    1    1    1    1    1  8.87323E+14 0.00071 
   49   49    1    1    1    1    1    1    1    1  8.75298E+14 0.00074 
   50   50    1    1    1    1    1    1    1    1  1.38024E+15 0.00062 
   51   51    1    1    1    1    1    1    1    1  1.08085E+15 0.00074 
   52   52    1    1    1    1    1    1    1    1  1.31106E+15 0.00068 
   53   53    1    1    1    1    1    1    1    1  9.05717E+14 0.00045 
   54   54    1    1    1    1    1    1    1    1  1.12903E+15 0.00054 
   55   55    1    1    1    1    1    1    1    1  7.75460E+14 0.00059 
   56   56    1    1    1    1    1    1    1    1  1.05143E+14 0.00120 
   57   57    1    1    1    1    1    1    1    1  1.54048E+15 0.00037 
   58   58    1    1    1    1    1    1    1    1  7.03882E+14 0.00048 
   59   59    1    1    1    1    1    1    1    1  7.44848E+14 0.00057 
   60   60    1    1    1    1    1    1    1    1  5.91117E+14 0.00056 
   61   61    1    1    1    1    1    1    1    1  5.91351E+14 0.00065 
   62   62    1    1    1    1    1    1    1    1  6.16941E+14 0.00070 
   63   63    1    1    1    1    1    1    1    1  5.22703E+14 0.00084 
   64   64    1    1    1    1    1    1    1    1  4.17429E+14 0.00109 
   65   65    1    1    1    1    1    1    1    1  4.15722E+14 0.00087 
   66   66    1    1    1    1    1    1    1    1  2.99900E+14 0.00099 
   67   67    1    1    1    1    1    1    1    1  2.43135E+14 0.00138 
   68   68    1    1    1    1    1    1    1    1  2.17722E+14 0.00125 
   69   69    1    1    1    1    1    1    1    1  2.60551E+14 0.00106 
   70   70    1    1    1    1    1    1    1    1  2.21424E+14 0.00102 
   71   71    1    1    1    1    1    1    1    1  3.98531E+14 0.00085 
   72   72    1    1    1    1    1    1    1    1  2.81231E+14 0.00095 
   73   73    1    1    1    1    1    1    1    1  2.12208E+14 0.00141 
   74   74    1    1    1    1    1    1    1    1  1.72723E+14 0.00107 
   75   75    1    1    1    1    1    1    1    1  1.45236E+14 0.00138 
   76   76    1    1    1    1    1    1    1    1  1.70675E+14 0.00108 
   77   77    1    1    1    1    1    1    1    1  1.36797E+14 0.00120 
   78   78    1    1    1    1    1    1    1    1  1.09648E+14 0.00155 
   79   79    1    1    1    1    1    1    1    1  1.14139E+14 0.00174 
   80   80    1    1    1    1    1    1    1    1  8.46134E+13 0.00147 
   81   81    1    1    1    1    1    1    1    1  6.54612E+13 0.00176 
   82   82    1    1    1    1    1    1    1    1  5.02560E+13 0.00224 
   83   83    1    1    1    1    1    1    1    1  4.70701E+13 0.00226 
   84   84    1    1    1    1    1    1    1    1  3.38094E+13 0.00275 
   85   85    1    1    1    1    1    1    1    1  2.43248E+13 0.00340 
   86   86    1    1    1    1    1    1    1    1  2.26306E+13 0.00289 
   87   87    1    1    1    1    1    1    1    1  1.38907E+13 0.00421 
   88   88    1    1    1    1    1    1    1    1  9.44394E+12 0.00513 
   89   89    1    1    1    1    1    1    1    1  5.27957E+12 0.00713 
   90   90    1    1    1    1    1    1    1    1  3.49305E+12 0.00789 
   91   91    1    1    1    1    1    1    1    1  1.75597E+12 0.01320 
   92   92    1    1    1    1    1    1    1    1  8.47302E+11 0.01457 
   93   93    1    1    1    1    1    1    1    1  3.93130E+11 0.03103 
   94   94    1    1    1    1    1    1    1    1  1.83549E+11 0.03015 
   95   95    1    1    1    1    1    1    1    1  9.77523E+10 0.04820 
   96   96    1    1    1    1    1    1    1    1  3.79841E+10 0.08192 
   97   97    1    1    1    1    1    1    1    1  2.13944E+10 0.12681 
   98   98    1    1    1    1    1    1    1    1  1.11810E+10 0.11866 
   99   99    1    1    1    1    1    1    1    1  3.48503E+09 0.20126 
  100  100    1    1    1    1    1    1    1    1  4.54506E+09 0.22632 
];


