
DETdpaspec = [
    1    1    1    1    1    1    1    1    1    1  0.00000E+00 0.00000 
    2    2    1    1    1    1    1    1    1    1  0.00000E+00 0.00000 
    3    3    1    1    1    1    1    1    1    1  0.00000E+00 0.00000 
    4    4    1    1    1    1    1    1    1    1  0.00000E+00 0.00000 
    5    5    1    1    1    1    1    1    1    1  0.00000E+00 0.00000 
    6    6    1    1    1    1    1    1    1    1  0.00000E+00 0.00000 
    7    7    1    1    1    1    1    1    1    1  0.00000E+00 0.00000 
    8    8    1    1    1    1    1    1    1    1  0.00000E+00 0.00000 
    9    9    1    1    1    1    1    1    1    1  0.00000E+00 0.00000 
   10   10    1    1    1    1    1    1    1    1  0.00000E+00 0.00000 
   11   11    1    1    1    1    1    1    1    1  1.60045E+08 1.00000 
   12   12    1    1    1    1    1    1    1    1  3.96406E+07 0.68830 
   13   13    1    1    1    1    1    1    1    1  6.87037E+08 0.41531 
   14   14    1    1    1    1    1    1    1    1  1.23823E+09 0.55478 
   15   15    1    1    1    1    1    1    1    1  5.09116E+08 0.56121 
   16   16    1    1    1    1    1    1    1    1  3.15447E+08 0.47442 
   17   17    1    1    1    1    1    1    1    1  5.24332E+08 0.34439 
   18   18    1    1    1    1    1    1    1    1  1.54153E+09 0.24554 
   19   19    1    1    1    1    1    1    1    1  1.71821E+09 0.21847 
   20   20    1    1    1    1    1    1    1    1  5.63059E+09 0.19014 
   21   21    1    1    1    1    1    1    1    1  6.12009E+09 0.12017 
   22   22    1    1    1    1    1    1    1    1  1.53530E+10 0.09475 
   23   23    1    1    1    1    1    1    1    1  1.87123E+10 0.10295 
   24   24    1    1    1    1    1    1    1    1  3.11409E+10 0.06948 
   25   25    1    1    1    1    1    1    1    1  4.80434E+10 0.06988 
   26   26    1    1    1    1    1    1    1    1  8.18497E+10 0.06236 
   27   27    1    1    1    1    1    1    1    1  1.44382E+11 0.04402 
   28   28    1    1    1    1    1    1    1    1  3.44202E+11 0.02711 
   29   29    1    1    1    1    1    1    1    1  6.18452E+11 0.02100 
   30   30    1    1    1    1    1    1    1    1  1.70198E+12 0.01445 
   31   31    1    1    1    1    1    1    1    1  5.11190E+12 0.00586 
   32   32    1    1    1    1    1    1    1    1  9.18615E+12 0.00564 
   33   33    1    1    1    1    1    1    1    1  2.19632E+13 0.00348 
   34   34    1    1    1    1    1    1    1    1  3.06689E+13 0.00261 
   35   35    1    1    1    1    1    1    1    1  3.76567E+13 0.00288 
   36   36    1    1    1    1    1    1    1    1  2.46553E+13 0.00297 
   37   37    1    1    1    1    1    1    1    1  7.42792E+12 0.00338 
   38   38    1    1    1    1    1    1    1    1  4.22329E+13 0.00277 
   39   39    1    1    1    1    1    1    1    1  5.73694E+13 0.00215 
   40   40    1    1    1    1    1    1    1    1  9.93068E+13 0.00181 
   41   41    1    1    1    1    1    1    1    1  9.96100E+13 0.00148 
   42   42    1    1    1    1    1    1    1    1  2.16347E+14 0.00089 
   43   43    1    1    1    1    1    1    1    1  2.64782E+14 0.00143 
   44   44    1    1    1    1    1    1    1    1  3.88805E+14 0.00096 
   45   45    1    1    1    1    1    1    1    1  7.90047E+14 0.00054 
   46   46    1    1    1    1    1    1    1    1  3.68825E+14 0.00085 
   47   47    1    1    1    1    1    1    1    1  5.95048E+14 0.00074 
   48   48    1    1    1    1    1    1    1    1  8.36681E+14 0.00068 
   49   49    1    1    1    1    1    1    1    1  8.33552E+14 0.00070 
   50   50    1    1    1    1    1    1    1    1  1.32233E+15 0.00056 
   51   51    1    1    1    1    1    1    1    1  1.05491E+15 0.00068 
   52   52    1    1    1    1    1    1    1    1  1.27684E+15 0.00056 
   53   53    1    1    1    1    1    1    1    1  8.92302E+14 0.00050 
   54   54    1    1    1    1    1    1    1    1  1.10837E+15 0.00054 
   55   55    1    1    1    1    1    1    1    1  7.65636E+14 0.00056 
   56   56    1    1    1    1    1    1    1    1  1.03924E+14 0.00092 
   57   57    1    1    1    1    1    1    1    1  1.52878E+15 0.00051 
   58   58    1    1    1    1    1    1    1    1  6.94692E+14 0.00069 
   59   59    1    1    1    1    1    1    1    1  7.40885E+14 0.00072 
   60   60    1    1    1    1    1    1    1    1  5.84136E+14 0.00084 
   61   61    1    1    1    1    1    1    1    1  5.86626E+14 0.00067 
   62   62    1    1    1    1    1    1    1    1  6.12697E+14 0.00064 
   63   63    1    1    1    1    1    1    1    1  5.20058E+14 0.00071 
   64   64    1    1    1    1    1    1    1    1  4.16155E+14 0.00082 
   65   65    1    1    1    1    1    1    1    1  4.15375E+14 0.00085 
   66   66    1    1    1    1    1    1    1    1  3.00701E+14 0.00084 
   67   67    1    1    1    1    1    1    1    1  2.44712E+14 0.00083 
   68   68    1    1    1    1    1    1    1    1  2.19262E+14 0.00092 
   69   69    1    1    1    1    1    1    1    1  2.63376E+14 0.00069 
   70   70    1    1    1    1    1    1    1    1  2.24932E+14 0.00105 
   71   71    1    1    1    1    1    1    1    1  4.08142E+14 0.00112 
   72   72    1    1    1    1    1    1    1    1  2.89921E+14 0.00114 
   73   73    1    1    1    1    1    1    1    1  2.18780E+14 0.00146 
   74   74    1    1    1    1    1    1    1    1  1.77807E+14 0.00107 
   75   75    1    1    1    1    1    1    1    1  1.48544E+14 0.00149 
   76   76    1    1    1    1    1    1    1    1  1.73330E+14 0.00171 
   77   77    1    1    1    1    1    1    1    1  1.37764E+14 0.00131 
   78   78    1    1    1    1    1    1    1    1  1.10719E+14 0.00205 
   79   79    1    1    1    1    1    1    1    1  1.14696E+14 0.00150 
   80   80    1    1    1    1    1    1    1    1  8.52173E+13 0.00165 
   81   81    1    1    1    1    1    1    1    1  6.57015E+13 0.00139 
   82   82    1    1    1    1    1    1    1    1  5.03614E+13 0.00209 
   83   83    1    1    1    1    1    1    1    1  4.71709E+13 0.00213 
   84   84    1    1    1    1    1    1    1    1  3.39336E+13 0.00314 
   85   85    1    1    1    1    1    1    1    1  2.43994E+13 0.00239 
   86   86    1    1    1    1    1    1    1    1  2.27601E+13 0.00370 
   87   87    1    1    1    1    1    1    1    1  1.40607E+13 0.00365 
   88   88    1    1    1    1    1    1    1    1  9.54862E+12 0.00419 
   89   89    1    1    1    1    1    1    1    1  5.40007E+12 0.00703 
   90   90    1    1    1    1    1    1    1    1  3.55034E+12 0.00953 
   91   91    1    1    1    1    1    1    1    1  1.79951E+12 0.01269 
   92   92    1    1    1    1    1    1    1    1  8.56129E+11 0.01689 
   93   93    1    1    1    1    1    1    1    1  4.27796E+11 0.03165 
   94   94    1    1    1    1    1    1    1    1  1.96674E+11 0.03690 
   95   95    1    1    1    1    1    1    1    1  8.57410E+10 0.06560 
   96   96    1    1    1    1    1    1    1    1  4.37067E+10 0.09559 
   97   97    1    1    1    1    1    1    1    1  2.24424E+10 0.11369 
   98   98    1    1    1    1    1    1    1    1  1.11157E+10 0.19711 
   99   99    1    1    1    1    1    1    1    1  5.89900E+09 0.22230 
  100  100    1    1    1    1    1    1    1    1  3.32455E+09 0.30771 
];


