
DETdpaspec = [
    1    1    1    1    1    1    1    1    1    1  0.00000E+00 0.00000 
    2    2    1    1    1    1    1    1    1    1  0.00000E+00 0.00000 
    3    3    1    1    1    1    1    1    1    1  0.00000E+00 0.00000 
    4    4    1    1    1    1    1    1    1    1  0.00000E+00 0.00000 
    5    5    1    1    1    1    1    1    1    1  0.00000E+00 0.00000 
    6    6    1    1    1    1    1    1    1    1  8.47309E+06 1.00000 
    7    7    1    1    1    1    1    1    1    1  0.00000E+00 0.00000 
    8    8    1    1    1    1    1    1    1    1  0.00000E+00 0.00000 
    9    9    1    1    1    1    1    1    1    1  0.00000E+00 0.00000 
   10   10    1    1    1    1    1    1    1    1  0.00000E+00 0.00000 
   11   11    1    1    1    1    1    1    1    1  1.90266E+08 0.57566 
   12   12    1    1    1    1    1    1    1    1  4.83106E+07 0.68971 
   13   13    1    1    1    1    1    1    1    1  7.01748E+08 0.71465 
   14   14    1    1    1    1    1    1    1    1  1.64756E+09 0.46228 
   15   15    1    1    1    1    1    1    1    1  1.21513E+09 0.38624 
   16   16    1    1    1    1    1    1    1    1  9.81945E+08 0.49211 
   17   17    1    1    1    1    1    1    1    1  4.59684E+08 0.62058 
   18   18    1    1    1    1    1    1    1    1  1.22690E+09 0.41680 
   19   19    1    1    1    1    1    1    1    1  2.01533E+09 0.27886 
   20   20    1    1    1    1    1    1    1    1  3.84776E+09 0.22782 
   21   21    1    1    1    1    1    1    1    1  5.46101E+09 0.25560 
   22   22    1    1    1    1    1    1    1    1  1.27313E+10 0.09942 
   23   23    1    1    1    1    1    1    1    1  1.75542E+10 0.09140 
   24   24    1    1    1    1    1    1    1    1  3.41355E+10 0.10849 
   25   25    1    1    1    1    1    1    1    1  5.07271E+10 0.08773 
   26   26    1    1    1    1    1    1    1    1  8.94001E+10 0.07172 
   27   27    1    1    1    1    1    1    1    1  1.95292E+11 0.04069 
   28   28    1    1    1    1    1    1    1    1  4.74310E+11 0.02629 
   29   29    1    1    1    1    1    1    1    1  8.78030E+11 0.01566 
   30   30    1    1    1    1    1    1    1    1  2.19341E+12 0.01233 
   31   31    1    1    1    1    1    1    1    1  6.30447E+12 0.00776 
   32   32    1    1    1    1    1    1    1    1  1.10916E+13 0.00392 
   33   33    1    1    1    1    1    1    1    1  2.58304E+13 0.00227 
   34   34    1    1    1    1    1    1    1    1  3.57043E+13 0.00286 
   35   35    1    1    1    1    1    1    1    1  4.16820E+13 0.00238 
   36   36    1    1    1    1    1    1    1    1  2.66214E+13 0.00238 
   37   37    1    1    1    1    1    1    1    1  7.95859E+12 0.00281 
   38   38    1    1    1    1    1    1    1    1  4.55678E+13 0.00209 
   39   39    1    1    1    1    1    1    1    1  6.15581E+13 0.00198 
   40   40    1    1    1    1    1    1    1    1  1.06368E+14 0.00150 
   41   41    1    1    1    1    1    1    1    1  1.05465E+14 0.00139 
   42   42    1    1    1    1    1    1    1    1  2.29310E+14 0.00119 
   43   43    1    1    1    1    1    1    1    1  2.79807E+14 0.00132 
   44   44    1    1    1    1    1    1    1    1  4.09017E+14 0.00081 
   45   45    1    1    1    1    1    1    1    1  8.25841E+14 0.00062 
   46   46    1    1    1    1    1    1    1    1  3.81464E+14 0.00067 
   47   47    1    1    1    1    1    1    1    1  6.13380E+14 0.00068 
   48   48    1    1    1    1    1    1    1    1  8.58973E+14 0.00054 
   49   49    1    1    1    1    1    1    1    1  8.51727E+14 0.00074 
   50   50    1    1    1    1    1    1    1    1  1.35003E+15 0.00048 
   51   51    1    1    1    1    1    1    1    1  1.06761E+15 0.00047 
   52   52    1    1    1    1    1    1    1    1  1.29405E+15 0.00067 
   53   53    1    1    1    1    1    1    1    1  8.99958E+14 0.00057 
   54   54    1    1    1    1    1    1    1    1  1.12101E+15 0.00060 
   55   55    1    1    1    1    1    1    1    1  7.72174E+14 0.00067 
   56   56    1    1    1    1    1    1    1    1  1.04827E+14 0.00108 
   57   57    1    1    1    1    1    1    1    1  1.53943E+15 0.00061 
   58   58    1    1    1    1    1    1    1    1  7.02127E+14 0.00055 
   59   59    1    1    1    1    1    1    1    1  7.45682E+14 0.00058 
   60   60    1    1    1    1    1    1    1    1  5.90259E+14 0.00084 
   61   61    1    1    1    1    1    1    1    1  5.91338E+14 0.00082 
   62   62    1    1    1    1    1    1    1    1  6.17928E+14 0.00072 
   63   63    1    1    1    1    1    1    1    1  5.23987E+14 0.00056 
   64   64    1    1    1    1    1    1    1    1  4.18479E+14 0.00082 
   65   65    1    1    1    1    1    1    1    1  4.18068E+14 0.00101 
   66   66    1    1    1    1    1    1    1    1  3.02489E+14 0.00096 
   67   67    1    1    1    1    1    1    1    1  2.45573E+14 0.00096 
   68   68    1    1    1    1    1    1    1    1  2.20071E+14 0.00118 
   69   69    1    1    1    1    1    1    1    1  2.64124E+14 0.00117 
   70   70    1    1    1    1    1    1    1    1  2.24403E+14 0.00142 
   71   71    1    1    1    1    1    1    1    1  4.06234E+14 0.00053 
   72   72    1    1    1    1    1    1    1    1  2.87966E+14 0.00100 
   73   73    1    1    1    1    1    1    1    1  2.17648E+14 0.00118 
   74   74    1    1    1    1    1    1    1    1  1.76667E+14 0.00163 
   75   75    1    1    1    1    1    1    1    1  1.48377E+14 0.00097 
   76   76    1    1    1    1    1    1    1    1  1.73583E+14 0.00131 
   77   77    1    1    1    1    1    1    1    1  1.38646E+14 0.00124 
   78   78    1    1    1    1    1    1    1    1  1.11202E+14 0.00218 
   79   79    1    1    1    1    1    1    1    1  1.15423E+14 0.00142 
   80   80    1    1    1    1    1    1    1    1  8.57236E+13 0.00151 
   81   81    1    1    1    1    1    1    1    1  6.63696E+13 0.00171 
   82   82    1    1    1    1    1    1    1    1  5.07951E+13 0.00212 
   83   83    1    1    1    1    1    1    1    1  4.74267E+13 0.00232 
   84   84    1    1    1    1    1    1    1    1  3.40869E+13 0.00249 
   85   85    1    1    1    1    1    1    1    1  2.47681E+13 0.00239 
   86   86    1    1    1    1    1    1    1    1  2.29357E+13 0.00296 
   87   87    1    1    1    1    1    1    1    1  1.41629E+13 0.00307 
   88   88    1    1    1    1    1    1    1    1  9.47071E+12 0.00524 
   89   89    1    1    1    1    1    1    1    1  5.42588E+12 0.00757 
   90   90    1    1    1    1    1    1    1    1  3.55476E+12 0.00896 
   91   91    1    1    1    1    1    1    1    1  1.80895E+12 0.01062 
   92   92    1    1    1    1    1    1    1    1  8.73067E+11 0.01470 
   93   93    1    1    1    1    1    1    1    1  3.99012E+11 0.02457 
   94   94    1    1    1    1    1    1    1    1  1.92113E+11 0.03492 
   95   95    1    1    1    1    1    1    1    1  9.69691E+10 0.06531 
   96   96    1    1    1    1    1    1    1    1  4.98926E+10 0.09332 
   97   97    1    1    1    1    1    1    1    1  2.29819E+10 0.09402 
   98   98    1    1    1    1    1    1    1    1  8.37921E+09 0.17838 
   99   99    1    1    1    1    1    1    1    1  5.35506E+09 0.28476 
  100  100    1    1    1    1    1    1    1    1  3.48080E+09 0.28239 
];


