
DETdpaspec = [
    1    1    1    1    1    1    1    1    1    1  0.00000E+00 0.00000 
    2    2    1    1    1    1    1    1    1    1  0.00000E+00 0.00000 
    3    3    1    1    1    1    1    1    1    1  0.00000E+00 0.00000 
    4    4    1    1    1    1    1    1    1    1  0.00000E+00 0.00000 
    5    5    1    1    1    1    1    1    1    1  0.00000E+00 0.00000 
    6    6    1    1    1    1    1    1    1    1  0.00000E+00 0.00000 
    7    7    1    1    1    1    1    1    1    1  0.00000E+00 0.00000 
    8    8    1    1    1    1    1    1    1    1  0.00000E+00 0.00000 
    9    9    1    1    1    1    1    1    1    1  0.00000E+00 0.00000 
   10   10    1    1    1    1    1    1    1    1  0.00000E+00 0.00000 
   11   11    1    1    1    1    1    1    1    1  0.00000E+00 0.00000 
   12   12    1    1    1    1    1    1    1    1  0.00000E+00 0.00000 
   13   13    1    1    1    1    1    1    1    1  8.93098E+07 0.70862 
   14   14    1    1    1    1    1    1    1    1  1.31584E+09 0.41606 
   15   15    1    1    1    1    1    1    1    1  5.17557E+08 0.51177 
   16   16    1    1    1    1    1    1    1    1  8.93933E+08 0.36548 
   17   17    1    1    1    1    1    1    1    1  4.54002E+08 0.55869 
   18   18    1    1    1    1    1    1    1    1  8.19409E+08 0.34634 
   19   19    1    1    1    1    1    1    1    1  1.40036E+09 0.38721 
   20   20    1    1    1    1    1    1    1    1  6.64341E+09 0.22472 
   21   21    1    1    1    1    1    1    1    1  3.93668E+09 0.15829 
   22   22    1    1    1    1    1    1    1    1  1.01365E+10 0.14834 
   23   23    1    1    1    1    1    1    1    1  1.68428E+10 0.12111 
   24   24    1    1    1    1    1    1    1    1  3.86963E+10 0.06641 
   25   25    1    1    1    1    1    1    1    1  5.36540E+10 0.06029 
   26   26    1    1    1    1    1    1    1    1  8.27335E+10 0.04036 
   27   27    1    1    1    1    1    1    1    1  1.86742E+11 0.04297 
   28   28    1    1    1    1    1    1    1    1  4.77769E+11 0.01580 
   29   29    1    1    1    1    1    1    1    1  8.93689E+11 0.01320 
   30   30    1    1    1    1    1    1    1    1  2.23819E+12 0.01446 
   31   31    1    1    1    1    1    1    1    1  6.33277E+12 0.00988 
   32   32    1    1    1    1    1    1    1    1  1.12405E+13 0.00657 
   33   33    1    1    1    1    1    1    1    1  2.59950E+13 0.00251 
   34   34    1    1    1    1    1    1    1    1  3.55659E+13 0.00322 
   35   35    1    1    1    1    1    1    1    1  4.18385E+13 0.00240 
   36   36    1    1    1    1    1    1    1    1  2.67595E+13 0.00222 
   37   37    1    1    1    1    1    1    1    1  7.97397E+12 0.00279 
   38   38    1    1    1    1    1    1    1    1  4.57526E+13 0.00137 
   39   39    1    1    1    1    1    1    1    1  6.15488E+13 0.00127 
   40   40    1    1    1    1    1    1    1    1  1.06312E+14 0.00125 
   41   41    1    1    1    1    1    1    1    1  1.05429E+14 0.00142 
   42   42    1    1    1    1    1    1    1    1  2.29732E+14 0.00138 
   43   43    1    1    1    1    1    1    1    1  2.80369E+14 0.00131 
   44   44    1    1    1    1    1    1    1    1  4.08730E+14 0.00074 
   45   45    1    1    1    1    1    1    1    1  8.26726E+14 0.00085 
   46   46    1    1    1    1    1    1    1    1  3.81755E+14 0.00098 
   47   47    1    1    1    1    1    1    1    1  6.14356E+14 0.00068 
   48   48    1    1    1    1    1    1    1    1  8.59095E+14 0.00065 
   49   49    1    1    1    1    1    1    1    1  8.51923E+14 0.00075 
   50   50    1    1    1    1    1    1    1    1  1.34868E+15 0.00059 
   51   51    1    1    1    1    1    1    1    1  1.06677E+15 0.00051 
   52   52    1    1    1    1    1    1    1    1  1.29451E+15 0.00073 
   53   53    1    1    1    1    1    1    1    1  9.00155E+14 0.00060 
   54   54    1    1    1    1    1    1    1    1  1.12088E+15 0.00070 
   55   55    1    1    1    1    1    1    1    1  7.72154E+14 0.00053 
   56   56    1    1    1    1    1    1    1    1  1.04625E+14 0.00110 
   57   57    1    1    1    1    1    1    1    1  1.53812E+15 0.00056 
   58   58    1    1    1    1    1    1    1    1  7.02207E+14 0.00073 
   59   59    1    1    1    1    1    1    1    1  7.44371E+14 0.00071 
   60   60    1    1    1    1    1    1    1    1  5.89657E+14 0.00081 
   61   61    1    1    1    1    1    1    1    1  5.90242E+14 0.00058 
   62   62    1    1    1    1    1    1    1    1  6.18265E+14 0.00081 
   63   63    1    1    1    1    1    1    1    1  5.24337E+14 0.00074 
   64   64    1    1    1    1    1    1    1    1  4.18905E+14 0.00092 
   65   65    1    1    1    1    1    1    1    1  4.17930E+14 0.00071 
   66   66    1    1    1    1    1    1    1    1  3.02250E+14 0.00095 
   67   67    1    1    1    1    1    1    1    1  2.45079E+14 0.00099 
   68   68    1    1    1    1    1    1    1    1  2.19599E+14 0.00120 
   69   69    1    1    1    1    1    1    1    1  2.64023E+14 0.00103 
   70   70    1    1    1    1    1    1    1    1  2.24569E+14 0.00107 
   71   71    1    1    1    1    1    1    1    1  4.05770E+14 0.00083 
   72   72    1    1    1    1    1    1    1    1  2.87203E+14 0.00092 
   73   73    1    1    1    1    1    1    1    1  2.17027E+14 0.00145 
   74   74    1    1    1    1    1    1    1    1  1.76546E+14 0.00141 
   75   75    1    1    1    1    1    1    1    1  1.48212E+14 0.00179 
   76   76    1    1    1    1    1    1    1    1  1.73368E+14 0.00116 
   77   77    1    1    1    1    1    1    1    1  1.38512E+14 0.00152 
   78   78    1    1    1    1    1    1    1    1  1.11409E+14 0.00155 
   79   79    1    1    1    1    1    1    1    1  1.15196E+14 0.00134 
   80   80    1    1    1    1    1    1    1    1  8.57543E+13 0.00215 
   81   81    1    1    1    1    1    1    1    1  6.60739E+13 0.00133 
   82   82    1    1    1    1    1    1    1    1  5.08797E+13 0.00206 
   83   83    1    1    1    1    1    1    1    1  4.76252E+13 0.00268 
   84   84    1    1    1    1    1    1    1    1  3.43315E+13 0.00274 
   85   85    1    1    1    1    1    1    1    1  2.45227E+13 0.00229 
   86   86    1    1    1    1    1    1    1    1  2.29253E+13 0.00362 
   87   87    1    1    1    1    1    1    1    1  1.41620E+13 0.00309 
   88   88    1    1    1    1    1    1    1    1  9.57358E+12 0.00541 
   89   89    1    1    1    1    1    1    1    1  5.35862E+12 0.00767 
   90   90    1    1    1    1    1    1    1    1  3.57088E+12 0.00930 
   91   91    1    1    1    1    1    1    1    1  1.82070E+12 0.01244 
   92   92    1    1    1    1    1    1    1    1  8.59039E+11 0.01251 
   93   93    1    1    1    1    1    1    1    1  4.19140E+11 0.01813 
   94   94    1    1    1    1    1    1    1    1  1.92877E+11 0.02328 
   95   95    1    1    1    1    1    1    1    1  9.61518E+10 0.05920 
   96   96    1    1    1    1    1    1    1    1  4.57784E+10 0.06712 
   97   97    1    1    1    1    1    1    1    1  2.25154E+10 0.13169 
   98   98    1    1    1    1    1    1    1    1  1.24663E+10 0.14262 
   99   99    1    1    1    1    1    1    1    1  4.42791E+09 0.18748 
  100  100    1    1    1    1    1    1    1    1  4.66102E+09 0.28886 
];


