
DETdpaspec = [
    1    1    1    1    1    1    1    1    1    1  0.00000E+00 0.00000 
    2    2    1    1    1    1    1    1    1    1  0.00000E+00 0.00000 
    3    3    1    1    1    1    1    1    1    1  0.00000E+00 0.00000 
    4    4    1    1    1    1    1    1    1    1  0.00000E+00 0.00000 
    5    5    1    1    1    1    1    1    1    1  1.76601E+07 1.00000 
    6    6    1    1    1    1    1    1    1    1  0.00000E+00 0.00000 
    7    7    1    1    1    1    1    1    1    1  0.00000E+00 0.00000 
    8    8    1    1    1    1    1    1    1    1  0.00000E+00 0.00000 
    9    9    1    1    1    1    1    1    1    1  0.00000E+00 0.00000 
   10   10    1    1    1    1    1    1    1    1  0.00000E+00 0.00000 
   11   11    1    1    1    1    1    1    1    1  4.35240E+07 1.00000 
   12   12    1    1    1    1    1    1    1    1  0.00000E+00 0.00000 
   13   13    1    1    1    1    1    1    1    1  6.17129E+08 0.63317 
   14   14    1    1    1    1    1    1    1    1  3.91018E+08 0.55935 
   15   15    1    1    1    1    1    1    1    1  3.66519E+08 0.56069 
   16   16    1    1    1    1    1    1    1    1  5.21786E+07 1.00000 
   17   17    1    1    1    1    1    1    1    1  4.02044E+08 0.45729 
   18   18    1    1    1    1    1    1    1    1  1.71712E+09 0.48366 
   19   19    1    1    1    1    1    1    1    1  2.09392E+09 0.25580 
   20   20    1    1    1    1    1    1    1    1  4.73565E+09 0.22433 
   21   21    1    1    1    1    1    1    1    1  4.13944E+09 0.21977 
   22   22    1    1    1    1    1    1    1    1  8.97059E+09 0.19306 
   23   23    1    1    1    1    1    1    1    1  2.59676E+10 0.10465 
   24   24    1    1    1    1    1    1    1    1  8.77663E+10 0.06168 
   25   25    1    1    1    1    1    1    1    1  1.42193E+11 0.04065 
   26   26    1    1    1    1    1    1    1    1  3.06941E+11 0.02906 
   27   27    1    1    1    1    1    1    1    1  6.87369E+11 0.01652 
   28   28    1    1    1    1    1    1    1    1  1.53330E+12 0.01564 
   29   29    1    1    1    1    1    1    1    1  2.59228E+12 0.01346 
   30   30    1    1    1    1    1    1    1    1  5.50088E+12 0.00563 
   31   31    1    1    1    1    1    1    1    1  1.27479E+13 0.00465 
   32   32    1    1    1    1    1    1    1    1  1.99205E+13 0.00355 
   33   33    1    1    1    1    1    1    1    1  4.18043E+13 0.00206 
   34   34    1    1    1    1    1    1    1    1  5.35539E+13 0.00153 
   35   35    1    1    1    1    1    1    1    1  5.66892E+13 0.00176 
   36   36    1    1    1    1    1    1    1    1  3.42325E+13 0.00201 
   37   37    1    1    1    1    1    1    1    1  1.00542E+13 0.00190 
   38   38    1    1    1    1    1    1    1    1  5.78744E+13 0.00183 
   39   39    1    1    1    1    1    1    1    1  7.69225E+13 0.00196 
   40   40    1    1    1    1    1    1    1    1  1.30827E+14 0.00127 
   41   41    1    1    1    1    1    1    1    1  1.26433E+14 0.00135 
   42   42    1    1    1    1    1    1    1    1  2.73594E+14 0.00113 
   43   43    1    1    1    1    1    1    1    1  3.29171E+14 0.00123 
   44   44    1    1    1    1    1    1    1    1  4.71665E+14 0.00078 
   45   45    1    1    1    1    1    1    1    1  9.33152E+14 0.00058 
   46   46    1    1    1    1    1    1    1    1  4.19431E+14 0.00082 
   47   47    1    1    1    1    1    1    1    1  6.66800E+14 0.00060 
   48   48    1    1    1    1    1    1    1    1  9.18824E+14 0.00061 
   49   49    1    1    1    1    1    1    1    1  8.99872E+14 0.00059 
   50   50    1    1    1    1    1    1    1    1  1.40959E+15 0.00059 
   51   51    1    1    1    1    1    1    1    1  1.09209E+15 0.00064 
   52   52    1    1    1    1    1    1    1    1  1.32228E+15 0.00058 
   53   53    1    1    1    1    1    1    1    1  9.07736E+14 0.00053 
   54   54    1    1    1    1    1    1    1    1  1.12956E+15 0.00061 
   55   55    1    1    1    1    1    1    1    1  7.72361E+14 0.00062 
   56   56    1    1    1    1    1    1    1    1  1.04223E+14 0.00082 
   57   57    1    1    1    1    1    1    1    1  1.52564E+15 0.00063 
   58   58    1    1    1    1    1    1    1    1  6.97612E+14 0.00070 
   59   59    1    1    1    1    1    1    1    1  7.35693E+14 0.00060 
   60   60    1    1    1    1    1    1    1    1  5.82284E+14 0.00067 
   61   61    1    1    1    1    1    1    1    1  5.82125E+14 0.00055 
   62   62    1    1    1    1    1    1    1    1  6.07069E+14 0.00059 
   63   63    1    1    1    1    1    1    1    1  5.12523E+14 0.00055 
   64   64    1    1    1    1    1    1    1    1  4.08350E+14 0.00079 
   65   65    1    1    1    1    1    1    1    1  4.05909E+14 0.00090 
   66   66    1    1    1    1    1    1    1    1  2.92998E+14 0.00064 
   67   67    1    1    1    1    1    1    1    1  2.36678E+14 0.00085 
   68   68    1    1    1    1    1    1    1    1  2.10633E+14 0.00097 
   69   69    1    1    1    1    1    1    1    1  2.52329E+14 0.00106 
   70   70    1    1    1    1    1    1    1    1  2.13873E+14 0.00128 
   71   71    1    1    1    1    1    1    1    1  3.82881E+14 0.00105 
   72   72    1    1    1    1    1    1    1    1  2.69576E+14 0.00113 
   73   73    1    1    1    1    1    1    1    1  2.02965E+14 0.00125 
   74   74    1    1    1    1    1    1    1    1  1.65625E+14 0.00149 
   75   75    1    1    1    1    1    1    1    1  1.39126E+14 0.00133 
   76   76    1    1    1    1    1    1    1    1  1.63383E+14 0.00090 
   77   77    1    1    1    1    1    1    1    1  1.31037E+14 0.00142 
   78   78    1    1    1    1    1    1    1    1  1.05073E+14 0.00181 
   79   79    1    1    1    1    1    1    1    1  1.09379E+14 0.00148 
   80   80    1    1    1    1    1    1    1    1  8.12042E+13 0.00160 
   81   81    1    1    1    1    1    1    1    1  6.28994E+13 0.00127 
   82   82    1    1    1    1    1    1    1    1  4.80847E+13 0.00175 
   83   83    1    1    1    1    1    1    1    1  4.48494E+13 0.00200 
   84   84    1    1    1    1    1    1    1    1  3.21071E+13 0.00255 
   85   85    1    1    1    1    1    1    1    1  2.30263E+13 0.00299 
   86   86    1    1    1    1    1    1    1    1  2.15288E+13 0.00412 
   87   87    1    1    1    1    1    1    1    1  1.32101E+13 0.00312 
   88   88    1    1    1    1    1    1    1    1  8.81641E+12 0.00665 
   89   89    1    1    1    1    1    1    1    1  5.02908E+12 0.00840 
   90   90    1    1    1    1    1    1    1    1  3.30681E+12 0.00737 
   91   91    1    1    1    1    1    1    1    1  1.61808E+12 0.00980 
   92   92    1    1    1    1    1    1    1    1  7.86151E+11 0.01953 
   93   93    1    1    1    1    1    1    1    1  3.93349E+11 0.01253 
   94   94    1    1    1    1    1    1    1    1  1.88035E+11 0.03083 
   95   95    1    1    1    1    1    1    1    1  9.25299E+10 0.05529 
   96   96    1    1    1    1    1    1    1    1  3.91832E+10 0.11466 
   97   97    1    1    1    1    1    1    1    1  1.62449E+10 0.10431 
   98   98    1    1    1    1    1    1    1    1  8.92757E+09 0.13087 
   99   99    1    1    1    1    1    1    1    1  6.22156E+09 0.22197 
  100  100    1    1    1    1    1    1    1    1  3.41440E+09 0.23210 
];


