
DETdpaspec = [
    1    1    1    1    1    1    1    1    1    1  0.00000E+00 0.00000 
    2    2    1    1    1    1    1    1    1    1  0.00000E+00 0.00000 
    3    3    1    1    1    1    1    1    1    1  0.00000E+00 0.00000 
    4    4    1    1    1    1    1    1    1    1  0.00000E+00 0.00000 
    5    5    1    1    1    1    1    1    1    1  0.00000E+00 0.00000 
    6    6    1    1    1    1    1    1    1    1  0.00000E+00 0.00000 
    7    7    1    1    1    1    1    1    1    1  0.00000E+00 0.00000 
    8    8    1    1    1    1    1    1    1    1  0.00000E+00 0.00000 
    9    9    1    1    1    1    1    1    1    1  0.00000E+00 0.00000 
   10   10    1    1    1    1    1    1    1    1  0.00000E+00 0.00000 
   11   11    1    1    1    1    1    1    1    1  0.00000E+00 0.00000 
   12   12    1    1    1    1    1    1    1    1  2.94539E+08 0.86777 
   13   13    1    1    1    1    1    1    1    1  6.18856E+08 0.63311 
   14   14    1    1    1    1    1    1    1    1  1.79115E+09 0.51526 
   15   15    1    1    1    1    1    1    1    1  1.79669E+09 0.46566 
   16   16    1    1    1    1    1    1    1    1  4.85703E+08 0.73673 
   17   17    1    1    1    1    1    1    1    1  4.67308E+08 0.48266 
   18   18    1    1    1    1    1    1    1    1  3.78139E+08 0.48951 
   19   19    1    1    1    1    1    1    1    1  8.00580E+08 0.46962 
   20   20    1    1    1    1    1    1    1    1  4.95250E+09 0.18967 
   21   21    1    1    1    1    1    1    1    1  4.09943E+09 0.27553 
   22   22    1    1    1    1    1    1    1    1  1.08064E+10 0.17372 
   23   23    1    1    1    1    1    1    1    1  3.86623E+10 0.08525 
   24   24    1    1    1    1    1    1    1    1  1.44194E+11 0.03849 
   25   25    1    1    1    1    1    1    1    1  2.34345E+11 0.03209 
   26   26    1    1    1    1    1    1    1    1  5.10489E+11 0.02539 
   27   27    1    1    1    1    1    1    1    1  1.09980E+12 0.01491 
   28   28    1    1    1    1    1    1    1    1  2.22464E+12 0.01095 
   29   29    1    1    1    1    1    1    1    1  3.56703E+12 0.00869 
   30   30    1    1    1    1    1    1    1    1  7.17829E+12 0.00488 
   31   31    1    1    1    1    1    1    1    1  1.55465E+13 0.00366 
   32   32    1    1    1    1    1    1    1    1  2.33450E+13 0.00380 
   33   33    1    1    1    1    1    1    1    1  4.77340E+13 0.00193 
   34   34    1    1    1    1    1    1    1    1  5.97557E+13 0.00212 
   35   35    1    1    1    1    1    1    1    1  6.15319E+13 0.00247 
   36   36    1    1    1    1    1    1    1    1  3.67194E+13 0.00147 
   37   37    1    1    1    1    1    1    1    1  1.07226E+13 0.00161 
   38   38    1    1    1    1    1    1    1    1  6.17460E+13 0.00122 
   39   39    1    1    1    1    1    1    1    1  8.16439E+13 0.00171 
   40   40    1    1    1    1    1    1    1    1  1.38516E+14 0.00114 
   41   41    1    1    1    1    1    1    1    1  1.32879E+14 0.00101 
   42   42    1    1    1    1    1    1    1    1  2.86793E+14 0.00101 
   43   43    1    1    1    1    1    1    1    1  3.42834E+14 0.00110 
   44   44    1    1    1    1    1    1    1    1  4.89691E+14 0.00094 
   45   45    1    1    1    1    1    1    1    1  9.61113E+14 0.00084 
   46   46    1    1    1    1    1    1    1    1  4.29595E+14 0.00062 
   47   47    1    1    1    1    1    1    1    1  6.80510E+14 0.00064 
   48   48    1    1    1    1    1    1    1    1  9.32647E+14 0.00050 
   49   49    1    1    1    1    1    1    1    1  9.10611E+14 0.00041 
   50   50    1    1    1    1    1    1    1    1  1.42263E+15 0.00044 
   51   51    1    1    1    1    1    1    1    1  1.09592E+15 0.00049 
   52   52    1    1    1    1    1    1    1    1  1.32350E+15 0.00059 
   53   53    1    1    1    1    1    1    1    1  9.05715E+14 0.00049 
   54   54    1    1    1    1    1    1    1    1  1.12402E+15 0.00033 
   55   55    1    1    1    1    1    1    1    1  7.67796E+14 0.00056 
   56   56    1    1    1    1    1    1    1    1  1.03599E+14 0.00086 
   57   57    1    1    1    1    1    1    1    1  1.51350E+15 0.00039 
   58   58    1    1    1    1    1    1    1    1  6.91132E+14 0.00057 
   59   59    1    1    1    1    1    1    1    1  7.26743E+14 0.00065 
   60   60    1    1    1    1    1    1    1    1  5.75864E+14 0.00052 
   61   61    1    1    1    1    1    1    1    1  5.73597E+14 0.00066 
   62   62    1    1    1    1    1    1    1    1  5.97838E+14 0.00056 
   63   63    1    1    1    1    1    1    1    1  5.03849E+14 0.00079 
   64   64    1    1    1    1    1    1    1    1  4.00459E+14 0.00066 
   65   65    1    1    1    1    1    1    1    1  3.98037E+14 0.00068 
   66   66    1    1    1    1    1    1    1    1  2.86302E+14 0.00103 
   67   67    1    1    1    1    1    1    1    1  2.31278E+14 0.00106 
   68   68    1    1    1    1    1    1    1    1  2.06194E+14 0.00098 
   69   69    1    1    1    1    1    1    1    1  2.46168E+14 0.00123 
   70   70    1    1    1    1    1    1    1    1  2.08477E+14 0.00133 
   71   71    1    1    1    1    1    1    1    1  3.72442E+14 0.00067 
   72   72    1    1    1    1    1    1    1    1  2.61664E+14 0.00108 
   73   73    1    1    1    1    1    1    1    1  1.96773E+14 0.00107 
   74   74    1    1    1    1    1    1    1    1  1.59982E+14 0.00089 
   75   75    1    1    1    1    1    1    1    1  1.34533E+14 0.00114 
   76   76    1    1    1    1    1    1    1    1  1.58174E+14 0.00126 
   77   77    1    1    1    1    1    1    1    1  1.26653E+14 0.00133 
   78   78    1    1    1    1    1    1    1    1  1.02023E+14 0.00184 
   79   79    1    1    1    1    1    1    1    1  1.05731E+14 0.00123 
   80   80    1    1    1    1    1    1    1    1  7.85030E+13 0.00153 
   81   81    1    1    1    1    1    1    1    1  6.05784E+13 0.00171 
   82   82    1    1    1    1    1    1    1    1  4.64017E+13 0.00201 
   83   83    1    1    1    1    1    1    1    1  4.31131E+13 0.00228 
   84   84    1    1    1    1    1    1    1    1  3.09565E+13 0.00226 
   85   85    1    1    1    1    1    1    1    1  2.22218E+13 0.00384 
   86   86    1    1    1    1    1    1    1    1  2.07789E+13 0.00311 
   87   87    1    1    1    1    1    1    1    1  1.25796E+13 0.00543 
   88   88    1    1    1    1    1    1    1    1  8.40467E+12 0.00526 
   89   89    1    1    1    1    1    1    1    1  4.76056E+12 0.00674 
   90   90    1    1    1    1    1    1    1    1  3.11745E+12 0.01091 
   91   91    1    1    1    1    1    1    1    1  1.54247E+12 0.01430 
   92   92    1    1    1    1    1    1    1    1  7.24936E+11 0.01637 
   93   93    1    1    1    1    1    1    1    1  3.55899E+11 0.02203 
   94   94    1    1    1    1    1    1    1    1  1.68288E+11 0.03886 
   95   95    1    1    1    1    1    1    1    1  7.45532E+10 0.05694 
   96   96    1    1    1    1    1    1    1    1  3.84262E+10 0.06046 
   97   97    1    1    1    1    1    1    1    1  1.76251E+10 0.10821 
   98   98    1    1    1    1    1    1    1    1  8.12020E+09 0.15686 
   99   99    1    1    1    1    1    1    1    1  4.47856E+09 0.25465 
  100  100    1    1    1    1    1    1    1    1  2.33947E+09 0.32526 
];


