
DETdpaspec = [
    1    1    1    1    1    1    1    1    1    1  0.00000E+00 0.00000 
    2    2    1    1    1    1    1    1    1    1  0.00000E+00 0.00000 
    3    3    1    1    1    1    1    1    1    1  0.00000E+00 0.00000 
    4    4    1    1    1    1    1    1    1    1  0.00000E+00 0.00000 
    5    5    1    1    1    1    1    1    1    1  0.00000E+00 0.00000 
    6    6    1    1    1    1    1    1    1    1  0.00000E+00 0.00000 
    7    7    1    1    1    1    1    1    1    1  0.00000E+00 0.00000 
    8    8    1    1    1    1    1    1    1    1  0.00000E+00 0.00000 
    9    9    1    1    1    1    1    1    1    1  0.00000E+00 0.00000 
   10   10    1    1    1    1    1    1    1    1  0.00000E+00 0.00000 
   11   11    1    1    1    1    1    1    1    1  1.75533E+08 0.83698 
   12   12    1    1    1    1    1    1    1    1  2.36178E+07 1.00000 
   13   13    1    1    1    1    1    1    1    1  7.03077E+08 0.64352 
   14   14    1    1    1    1    1    1    1    1  1.50430E+09 0.42445 
   15   15    1    1    1    1    1    1    1    1  1.89405E+09 0.34625 
   16   16    1    1    1    1    1    1    1    1  4.30672E+08 0.42540 
   17   17    1    1    1    1    1    1    1    1  5.26817E+08 0.45669 
   18   18    1    1    1    1    1    1    1    1  1.66047E+09 0.26380 
   19   19    1    1    1    1    1    1    1    1  2.26602E+09 0.29599 
   20   20    1    1    1    1    1    1    1    1  7.88103E+09 0.16309 
   21   21    1    1    1    1    1    1    1    1  6.07892E+09 0.17014 
   22   22    1    1    1    1    1    1    1    1  1.35577E+10 0.13095 
   23   23    1    1    1    1    1    1    1    1  2.25661E+10 0.12698 
   24   24    1    1    1    1    1    1    1    1  3.50526E+10 0.09294 
   25   25    1    1    1    1    1    1    1    1  4.87334E+10 0.07875 
   26   26    1    1    1    1    1    1    1    1  7.80763E+10 0.06584 
   27   27    1    1    1    1    1    1    1    1  1.47713E+11 0.03875 
   28   28    1    1    1    1    1    1    1    1  3.52973E+11 0.03084 
   29   29    1    1    1    1    1    1    1    1  6.28336E+11 0.01916 
   30   30    1    1    1    1    1    1    1    1  1.64413E+12 0.01226 
   31   31    1    1    1    1    1    1    1    1  4.99518E+12 0.00971 
   32   32    1    1    1    1    1    1    1    1  9.08247E+12 0.00608 
   33   33    1    1    1    1    1    1    1    1  2.15969E+13 0.00387 
   34   34    1    1    1    1    1    1    1    1  3.03344E+13 0.00370 
   35   35    1    1    1    1    1    1    1    1  3.74139E+13 0.00287 
   36   36    1    1    1    1    1    1    1    1  2.45546E+13 0.00251 
   37   37    1    1    1    1    1    1    1    1  7.42046E+12 0.00284 
   38   38    1    1    1    1    1    1    1    1  4.22901E+13 0.00215 
   39   39    1    1    1    1    1    1    1    1  5.70679E+13 0.00169 
   40   40    1    1    1    1    1    1    1    1  9.90836E+13 0.00163 
   41   41    1    1    1    1    1    1    1    1  9.93464E+13 0.00153 
   42   42    1    1    1    1    1    1    1    1  2.16439E+14 0.00148 
   43   43    1    1    1    1    1    1    1    1  2.65026E+14 0.00101 
   44   44    1    1    1    1    1    1    1    1  3.88565E+14 0.00116 
   45   45    1    1    1    1    1    1    1    1  7.87757E+14 0.00082 
   46   46    1    1    1    1    1    1    1    1  3.68052E+14 0.00066 
   47   47    1    1    1    1    1    1    1    1  5.94656E+14 0.00063 
   48   48    1    1    1    1    1    1    1    1  8.35800E+14 0.00063 
   49   49    1    1    1    1    1    1    1    1  8.32815E+14 0.00066 
   50   50    1    1    1    1    1    1    1    1  1.32049E+15 0.00041 
   51   51    1    1    1    1    1    1    1    1  1.05441E+15 0.00059 
   52   52    1    1    1    1    1    1    1    1  1.27601E+15 0.00053 
   53   53    1    1    1    1    1    1    1    1  8.93015E+14 0.00054 
   54   54    1    1    1    1    1    1    1    1  1.10735E+15 0.00049 
   55   55    1    1    1    1    1    1    1    1  7.64943E+14 0.00086 
   56   56    1    1    1    1    1    1    1    1  1.04095E+14 0.00096 
   57   57    1    1    1    1    1    1    1    1  1.52980E+15 0.00057 
   58   58    1    1    1    1    1    1    1    1  6.93847E+14 0.00074 
   59   59    1    1    1    1    1    1    1    1  7.40227E+14 0.00077 
   60   60    1    1    1    1    1    1    1    1  5.83697E+14 0.00083 
   61   61    1    1    1    1    1    1    1    1  5.86069E+14 0.00087 
   62   62    1    1    1    1    1    1    1    1  6.13162E+14 0.00066 
   63   63    1    1    1    1    1    1    1    1  5.19558E+14 0.00081 
   64   64    1    1    1    1    1    1    1    1  4.16161E+14 0.00115 
   65   65    1    1    1    1    1    1    1    1  4.15345E+14 0.00073 
   66   66    1    1    1    1    1    1    1    1  3.00777E+14 0.00063 
   67   67    1    1    1    1    1    1    1    1  2.44746E+14 0.00085 
   68   68    1    1    1    1    1    1    1    1  2.19415E+14 0.00116 
   69   69    1    1    1    1    1    1    1    1  2.63732E+14 0.00088 
   70   70    1    1    1    1    1    1    1    1  2.24892E+14 0.00129 
   71   71    1    1    1    1    1    1    1    1  4.08204E+14 0.00102 
   72   72    1    1    1    1    1    1    1    1  2.89680E+14 0.00111 
   73   73    1    1    1    1    1    1    1    1  2.19040E+14 0.00093 
   74   74    1    1    1    1    1    1    1    1  1.77633E+14 0.00123 
   75   75    1    1    1    1    1    1    1    1  1.48511E+14 0.00147 
   76   76    1    1    1    1    1    1    1    1  1.72978E+14 0.00171 
   77   77    1    1    1    1    1    1    1    1  1.37875E+14 0.00151 
   78   78    1    1    1    1    1    1    1    1  1.10685E+14 0.00155 
   79   79    1    1    1    1    1    1    1    1  1.14498E+14 0.00154 
   80   80    1    1    1    1    1    1    1    1  8.49236E+13 0.00232 
   81   81    1    1    1    1    1    1    1    1  6.55977E+13 0.00171 
   82   82    1    1    1    1    1    1    1    1  5.03828E+13 0.00263 
   83   83    1    1    1    1    1    1    1    1  4.71322E+13 0.00208 
   84   84    1    1    1    1    1    1    1    1  3.37653E+13 0.00285 
   85   85    1    1    1    1    1    1    1    1  2.44126E+13 0.00362 
   86   86    1    1    1    1    1    1    1    1  2.28684E+13 0.00311 
   87   87    1    1    1    1    1    1    1    1  1.40097E+13 0.00344 
   88   88    1    1    1    1    1    1    1    1  9.38738E+12 0.00669 
   89   89    1    1    1    1    1    1    1    1  5.30943E+12 0.00685 
   90   90    1    1    1    1    1    1    1    1  3.57942E+12 0.00923 
   91   91    1    1    1    1    1    1    1    1  1.80828E+12 0.01220 
   92   92    1    1    1    1    1    1    1    1  8.60606E+11 0.01266 
   93   93    1    1    1    1    1    1    1    1  4.03375E+11 0.02429 
   94   94    1    1    1    1    1    1    1    1  1.93734E+11 0.02773 
   95   95    1    1    1    1    1    1    1    1  9.19709E+10 0.03929 
   96   96    1    1    1    1    1    1    1    1  4.61414E+10 0.08987 
   97   97    1    1    1    1    1    1    1    1  2.32887E+10 0.07040 
   98   98    1    1    1    1    1    1    1    1  9.68124E+09 0.15029 
   99   99    1    1    1    1    1    1    1    1  5.77484E+09 0.20199 
  100  100    1    1    1    1    1    1    1    1  3.85485E+09 0.22372 
];


