
DETdpaspec = [
    1    1    1    1    1    1    1    1    1    1  0.00000E+00 0.00000 
    2    2    1    1    1    1    1    1    1    1  0.00000E+00 0.00000 
    3    3    1    1    1    1    1    1    1    1  0.00000E+00 0.00000 
    4    4    1    1    1    1    1    1    1    1  0.00000E+00 0.00000 
    5    5    1    1    1    1    1    1    1    1  0.00000E+00 0.00000 
    6    6    1    1    1    1    1    1    1    1  0.00000E+00 0.00000 
    7    7    1    1    1    1    1    1    1    1  0.00000E+00 0.00000 
    8    8    1    1    1    1    1    1    1    1  0.00000E+00 0.00000 
    9    9    1    1    1    1    1    1    1    1  0.00000E+00 0.00000 
   10   10    1    1    1    1    1    1    1    1  0.00000E+00 0.00000 
   11   11    1    1    1    1    1    1    1    1  0.00000E+00 0.00000 
   12   12    1    1    1    1    1    1    1    1  1.45803E+08 0.80200 
   13   13    1    1    1    1    1    1    1    1  2.07211E+08 1.00000 
   14   14    1    1    1    1    1    1    1    1  6.60430E+08 0.52125 
   15   15    1    1    1    1    1    1    1    1  4.28865E+08 0.75059 
   16   16    1    1    1    1    1    1    1    1  2.64806E+08 0.63801 
   17   17    1    1    1    1    1    1    1    1  2.43857E+08 0.51571 
   18   18    1    1    1    1    1    1    1    1  6.72711E+08 0.57855 
   19   19    1    1    1    1    1    1    1    1  2.63138E+09 0.25211 
   20   20    1    1    1    1    1    1    1    1  3.11912E+09 0.19735 
   21   21    1    1    1    1    1    1    1    1  3.82789E+09 0.22041 
   22   22    1    1    1    1    1    1    1    1  9.46822E+09 0.13020 
   23   23    1    1    1    1    1    1    1    1  2.25493E+10 0.12307 
   24   24    1    1    1    1    1    1    1    1  5.93698E+10 0.05076 
   25   25    1    1    1    1    1    1    1    1  1.08741E+11 0.05266 
   26   26    1    1    1    1    1    1    1    1  2.43118E+11 0.03232 
   27   27    1    1    1    1    1    1    1    1  5.52029E+11 0.02016 
   28   28    1    1    1    1    1    1    1    1  1.26015E+12 0.01185 
   29   29    1    1    1    1    1    1    1    1  2.21527E+12 0.01210 
   30   30    1    1    1    1    1    1    1    1  4.75827E+12 0.00875 
   31   31    1    1    1    1    1    1    1    1  1.14393E+13 0.00474 
   32   32    1    1    1    1    1    1    1    1  1.82233E+13 0.00387 
   33   33    1    1    1    1    1    1    1    1  3.88677E+13 0.00211 
   34   34    1    1    1    1    1    1    1    1  5.04638E+13 0.00275 
   35   35    1    1    1    1    1    1    1    1  5.41784E+13 0.00247 
   36   36    1    1    1    1    1    1    1    1  3.29065E+13 0.00193 
   37   37    1    1    1    1    1    1    1    1  9.65393E+12 0.00272 
   38   38    1    1    1    1    1    1    1    1  5.56782E+13 0.00172 
   39   39    1    1    1    1    1    1    1    1  7.42981E+13 0.00174 
   40   40    1    1    1    1    1    1    1    1  1.26967E+14 0.00133 
   41   41    1    1    1    1    1    1    1    1  1.23159E+14 0.00095 
   42   42    1    1    1    1    1    1    1    1  2.66575E+14 0.00112 
   43   43    1    1    1    1    1    1    1    1  3.21107E+14 0.00112 
   44   44    1    1    1    1    1    1    1    1  4.61466E+14 0.00094 
   45   45    1    1    1    1    1    1    1    1  9.15340E+14 0.00060 
   46   46    1    1    1    1    1    1    1    1  4.13890E+14 0.00079 
   47   47    1    1    1    1    1    1    1    1  6.59772E+14 0.00083 
   48   48    1    1    1    1    1    1    1    1  9.10467E+14 0.00078 
   49   49    1    1    1    1    1    1    1    1  8.93364E+14 0.00049 
   50   50    1    1    1    1    1    1    1    1  1.40302E+15 0.00038 
   51   51    1    1    1    1    1    1    1    1  1.08943E+15 0.00066 
   52   52    1    1    1    1    1    1    1    1  1.31930E+15 0.00041 
   53   53    1    1    1    1    1    1    1    1  9.08552E+14 0.00056 
   54   54    1    1    1    1    1    1    1    1  1.13030E+15 0.00045 
   55   55    1    1    1    1    1    1    1    1  7.72969E+14 0.00043 
   56   56    1    1    1    1    1    1    1    1  1.04465E+14 0.00061 
   57   57    1    1    1    1    1    1    1    1  1.53125E+15 0.00051 
   58   58    1    1    1    1    1    1    1    1  7.00212E+14 0.00053 
   59   59    1    1    1    1    1    1    1    1  7.38914E+14 0.00086 
   60   60    1    1    1    1    1    1    1    1  5.86357E+14 0.00083 
   61   61    1    1    1    1    1    1    1    1  5.85302E+14 0.00076 
   62   62    1    1    1    1    1    1    1    1  6.09641E+14 0.00077 
   63   63    1    1    1    1    1    1    1    1  5.15851E+14 0.00066 
   64   64    1    1    1    1    1    1    1    1  4.10980E+14 0.00076 
   65   65    1    1    1    1    1    1    1    1  4.08918E+14 0.00100 
   66   66    1    1    1    1    1    1    1    1  2.94991E+14 0.00092 
   67   67    1    1    1    1    1    1    1    1  2.38853E+14 0.00090 
   68   68    1    1    1    1    1    1    1    1  2.13082E+14 0.00101 
   69   69    1    1    1    1    1    1    1    1  2.54949E+14 0.00115 
   70   70    1    1    1    1    1    1    1    1  2.15959E+14 0.00124 
   71   71    1    1    1    1    1    1    1    1  3.87246E+14 0.00072 
   72   72    1    1    1    1    1    1    1    1  2.72859E+14 0.00081 
   73   73    1    1    1    1    1    1    1    1  2.05853E+14 0.00107 
   74   74    1    1    1    1    1    1    1    1  1.67681E+14 0.00105 
   75   75    1    1    1    1    1    1    1    1  1.40834E+14 0.00101 
   76   76    1    1    1    1    1    1    1    1  1.65712E+14 0.00130 
   77   77    1    1    1    1    1    1    1    1  1.32195E+14 0.00126 
   78   78    1    1    1    1    1    1    1    1  1.06655E+14 0.00136 
   79   79    1    1    1    1    1    1    1    1  1.10819E+14 0.00133 
   80   80    1    1    1    1    1    1    1    1  8.22839E+13 0.00180 
   81   81    1    1    1    1    1    1    1    1  6.32786E+13 0.00185 
   82   82    1    1    1    1    1    1    1    1  4.87780E+13 0.00250 
   83   83    1    1    1    1    1    1    1    1  4.56707E+13 0.00238 
   84   84    1    1    1    1    1    1    1    1  3.25908E+13 0.00294 
   85   85    1    1    1    1    1    1    1    1  2.36079E+13 0.00378 
   86   86    1    1    1    1    1    1    1    1  2.19813E+13 0.00314 
   87   87    1    1    1    1    1    1    1    1  1.34250E+13 0.00406 
   88   88    1    1    1    1    1    1    1    1  8.89860E+12 0.00704 
   89   89    1    1    1    1    1    1    1    1  5.05830E+12 0.00640 
   90   90    1    1    1    1    1    1    1    1  3.33022E+12 0.00988 
   91   91    1    1    1    1    1    1    1    1  1.66212E+12 0.01304 
   92   92    1    1    1    1    1    1    1    1  8.01977E+11 0.01665 
   93   93    1    1    1    1    1    1    1    1  3.79100E+11 0.02104 
   94   94    1    1    1    1    1    1    1    1  1.81859E+11 0.03095 
   95   95    1    1    1    1    1    1    1    1  9.47184E+10 0.04426 
   96   96    1    1    1    1    1    1    1    1  4.03856E+10 0.05770 
   97   97    1    1    1    1    1    1    1    1  2.12875E+10 0.10162 
   98   98    1    1    1    1    1    1    1    1  6.19440E+09 0.17852 
   99   99    1    1    1    1    1    1    1    1  4.17633E+09 0.23766 
  100  100    1    1    1    1    1    1    1    1  4.86075E+09 0.24469 
];


