
DETdpaspec = [
    1    1    1    1    1    1    1    1    1    1  0.00000E+00 0.00000 
    2    2    1    1    1    1    1    1    1    1  0.00000E+00 0.00000 
    3    3    1    1    1    1    1    1    1    1  0.00000E+00 0.00000 
    4    4    1    1    1    1    1    1    1    1  0.00000E+00 0.00000 
    5    5    1    1    1    1    1    1    1    1  0.00000E+00 0.00000 
    6    6    1    1    1    1    1    1    1    1  0.00000E+00 0.00000 
    7    7    1    1    1    1    1    1    1    1  0.00000E+00 0.00000 
    8    8    1    1    1    1    1    1    1    1  0.00000E+00 0.00000 
    9    9    1    1    1    1    1    1    1    1  0.00000E+00 0.00000 
   10   10    1    1    1    1    1    1    1    1  0.00000E+00 0.00000 
   11   11    1    1    1    1    1    1    1    1  0.00000E+00 0.00000 
   12   12    1    1    1    1    1    1    1    1  0.00000E+00 0.00000 
   13   13    1    1    1    1    1    1    1    1  4.87324E+07 1.00000 
   14   14    1    1    1    1    1    1    1    1  1.43318E+09 0.58025 
   15   15    1    1    1    1    1    1    1    1  5.41252E+08 0.70080 
   16   16    1    1    1    1    1    1    1    1  0.00000E+00 0.00000 
   17   17    1    1    1    1    1    1    1    1  4.01930E+08 0.76965 
   18   18    1    1    1    1    1    1    1    1  7.36203E+08 0.33303 
   19   19    1    1    1    1    1    1    1    1  1.68248E+09 0.37577 
   20   20    1    1    1    1    1    1    1    1  3.96914E+09 0.29858 
   21   21    1    1    1    1    1    1    1    1  4.23488E+09 0.20287 
   22   22    1    1    1    1    1    1    1    1  1.27334E+10 0.09554 
   23   23    1    1    1    1    1    1    1    1  4.27247E+10 0.07573 
   24   24    1    1    1    1    1    1    1    1  1.24132E+11 0.04758 
   25   25    1    1    1    1    1    1    1    1  2.11423E+11 0.04292 
   26   26    1    1    1    1    1    1    1    1  4.83503E+11 0.02698 
   27   27    1    1    1    1    1    1    1    1  1.01874E+12 0.01365 
   28   28    1    1    1    1    1    1    1    1  2.12279E+12 0.00843 
   29   29    1    1    1    1    1    1    1    1  3.48393E+12 0.01066 
   30   30    1    1    1    1    1    1    1    1  6.99320E+12 0.00537 
   31   31    1    1    1    1    1    1    1    1  1.51270E+13 0.00463 
   32   32    1    1    1    1    1    1    1    1  2.30671E+13 0.00318 
   33   33    1    1    1    1    1    1    1    1  4.69170E+13 0.00279 
   34   34    1    1    1    1    1    1    1    1  5.86755E+13 0.00226 
   35   35    1    1    1    1    1    1    1    1  6.10411E+13 0.00210 
   36   36    1    1    1    1    1    1    1    1  3.63238E+13 0.00177 
   37   37    1    1    1    1    1    1    1    1  1.05658E+13 0.00178 
   38   38    1    1    1    1    1    1    1    1  6.07899E+13 0.00131 
   39   39    1    1    1    1    1    1    1    1  8.08038E+13 0.00139 
   40   40    1    1    1    1    1    1    1    1  1.37528E+14 0.00157 
   41   41    1    1    1    1    1    1    1    1  1.32177E+14 0.00157 
   42   42    1    1    1    1    1    1    1    1  2.85081E+14 0.00091 
   43   43    1    1    1    1    1    1    1    1  3.41037E+14 0.00099 
   44   44    1    1    1    1    1    1    1    1  4.87707E+14 0.00084 
   45   45    1    1    1    1    1    1    1    1  9.59351E+14 0.00066 
   46   46    1    1    1    1    1    1    1    1  4.28784E+14 0.00068 
   47   47    1    1    1    1    1    1    1    1  6.79505E+14 0.00084 
   48   48    1    1    1    1    1    1    1    1  9.32339E+14 0.00061 
   49   49    1    1    1    1    1    1    1    1  9.09645E+14 0.00064 
   50   50    1    1    1    1    1    1    1    1  1.42167E+15 0.00050 
   51   51    1    1    1    1    1    1    1    1  1.09660E+15 0.00052 
   52   52    1    1    1    1    1    1    1    1  1.32447E+15 0.00056 
   53   53    1    1    1    1    1    1    1    1  9.05758E+14 0.00055 
   54   54    1    1    1    1    1    1    1    1  1.12610E+15 0.00053 
   55   55    1    1    1    1    1    1    1    1  7.68708E+14 0.00059 
   56   56    1    1    1    1    1    1    1    1  1.03732E+14 0.00094 
   57   57    1    1    1    1    1    1    1    1  1.51565E+15 0.00049 
   58   58    1    1    1    1    1    1    1    1  6.91367E+14 0.00051 
   59   59    1    1    1    1    1    1    1    1  7.28465E+14 0.00059 
   60   60    1    1    1    1    1    1    1    1  5.77340E+14 0.00068 
   61   61    1    1    1    1    1    1    1    1  5.75169E+14 0.00067 
   62   62    1    1    1    1    1    1    1    1  5.99509E+14 0.00061 
   63   63    1    1    1    1    1    1    1    1  5.06100E+14 0.00068 
   64   64    1    1    1    1    1    1    1    1  4.02190E+14 0.00065 
   65   65    1    1    1    1    1    1    1    1  3.99318E+14 0.00072 
   66   66    1    1    1    1    1    1    1    1  2.87369E+14 0.00083 
   67   67    1    1    1    1    1    1    1    1  2.32319E+14 0.00090 
   68   68    1    1    1    1    1    1    1    1  2.06616E+14 0.00092 
   69   69    1    1    1    1    1    1    1    1  2.47135E+14 0.00088 
   70   70    1    1    1    1    1    1    1    1  2.09753E+14 0.00119 
   71   71    1    1    1    1    1    1    1    1  3.73810E+14 0.00112 
   72   72    1    1    1    1    1    1    1    1  2.62200E+14 0.00108 
   73   73    1    1    1    1    1    1    1    1  1.98126E+14 0.00138 
   74   74    1    1    1    1    1    1    1    1  1.61359E+14 0.00123 
   75   75    1    1    1    1    1    1    1    1  1.35328E+14 0.00098 
   76   76    1    1    1    1    1    1    1    1  1.59358E+14 0.00122 
   77   77    1    1    1    1    1    1    1    1  1.27354E+14 0.00121 
   78   78    1    1    1    1    1    1    1    1  1.02690E+14 0.00172 
   79   79    1    1    1    1    1    1    1    1  1.06195E+14 0.00154 
   80   80    1    1    1    1    1    1    1    1  7.87640E+13 0.00181 
   81   81    1    1    1    1    1    1    1    1  6.06184E+13 0.00221 
   82   82    1    1    1    1    1    1    1    1  4.66727E+13 0.00202 
   83   83    1    1    1    1    1    1    1    1  4.34537E+13 0.00308 
   84   84    1    1    1    1    1    1    1    1  3.11759E+13 0.00189 
   85   85    1    1    1    1    1    1    1    1  2.24871E+13 0.00264 
   86   86    1    1    1    1    1    1    1    1  2.08801E+13 0.00282 
   87   87    1    1    1    1    1    1    1    1  1.27894E+13 0.00334 
   88   88    1    1    1    1    1    1    1    1  8.51722E+12 0.00544 
   89   89    1    1    1    1    1    1    1    1  4.81884E+12 0.00807 
   90   90    1    1    1    1    1    1    1    1  3.18955E+12 0.00996 
   91   91    1    1    1    1    1    1    1    1  1.53565E+12 0.01180 
   92   92    1    1    1    1    1    1    1    1  7.34452E+11 0.01651 
   93   93    1    1    1    1    1    1    1    1  3.42006E+11 0.02854 
   94   94    1    1    1    1    1    1    1    1  1.65080E+11 0.04282 
   95   95    1    1    1    1    1    1    1    1  8.03442E+10 0.05262 
   96   96    1    1    1    1    1    1    1    1  3.73569E+10 0.08650 
   97   97    1    1    1    1    1    1    1    1  1.56883E+10 0.13159 
   98   98    1    1    1    1    1    1    1    1  6.71505E+09 0.19104 
   99   99    1    1    1    1    1    1    1    1  4.21612E+09 0.22614 
  100  100    1    1    1    1    1    1    1    1  2.87189E+09 0.21989 
];


