
DETdpaspec = [
    1    1    1    1    1    1    1    1    1    1  0.00000E+00 0.00000 
    2    2    1    1    1    1    1    1    1    1  0.00000E+00 0.00000 
    3    3    1    1    1    1    1    1    1    1  0.00000E+00 0.00000 
    4    4    1    1    1    1    1    1    1    1  0.00000E+00 0.00000 
    5    5    1    1    1    1    1    1    1    1  0.00000E+00 0.00000 
    6    6    1    1    1    1    1    1    1    1  0.00000E+00 0.00000 
    7    7    1    1    1    1    1    1    1    1  0.00000E+00 0.00000 
    8    8    1    1    1    1    1    1    1    1  0.00000E+00 0.00000 
    9    9    1    1    1    1    1    1    1    1  0.00000E+00 0.00000 
   10   10    1    1    1    1    1    1    1    1  0.00000E+00 0.00000 
   11   11    1    1    1    1    1    1    1    1  3.26138E+07 1.00000 
   12   12    1    1    1    1    1    1    1    1  6.36361E+07 0.67873 
   13   13    1    1    1    1    1    1    1    1  9.33936E+08 0.54710 
   14   14    1    1    1    1    1    1    1    1  9.60750E+08 0.43048 
   15   15    1    1    1    1    1    1    1    1  1.65355E+09 0.47267 
   16   16    1    1    1    1    1    1    1    1  7.62400E+08 0.39599 
   17   17    1    1    1    1    1    1    1    1  1.08221E+09 0.39417 
   18   18    1    1    1    1    1    1    1    1  1.84913E+09 0.28181 
   19   19    1    1    1    1    1    1    1    1  3.39852E+09 0.24842 
   20   20    1    1    1    1    1    1    1    1  8.81589E+09 0.20687 
   21   21    1    1    1    1    1    1    1    1  6.66515E+09 0.13218 
   22   22    1    1    1    1    1    1    1    1  1.44101E+10 0.09800 
   23   23    1    1    1    1    1    1    1    1  2.04737E+10 0.12739 
   24   24    1    1    1    1    1    1    1    1  3.23961E+10 0.06193 
   25   25    1    1    1    1    1    1    1    1  4.88441E+10 0.07764 
   26   26    1    1    1    1    1    1    1    1  7.14760E+10 0.05540 
   27   27    1    1    1    1    1    1    1    1  1.50359E+11 0.04004 
   28   28    1    1    1    1    1    1    1    1  3.46183E+11 0.02744 
   29   29    1    1    1    1    1    1    1    1  6.04619E+11 0.02183 
   30   30    1    1    1    1    1    1    1    1  1.66392E+12 0.01641 
   31   31    1    1    1    1    1    1    1    1  4.91514E+12 0.00747 
   32   32    1    1    1    1    1    1    1    1  9.02749E+12 0.00685 
   33   33    1    1    1    1    1    1    1    1  2.15154E+13 0.00441 
   34   34    1    1    1    1    1    1    1    1  3.00919E+13 0.00263 
   35   35    1    1    1    1    1    1    1    1  3.71591E+13 0.00217 
   36   36    1    1    1    1    1    1    1    1  2.45442E+13 0.00238 
   37   37    1    1    1    1    1    1    1    1  7.41575E+12 0.00296 
   38   38    1    1    1    1    1    1    1    1  4.22452E+13 0.00225 
   39   39    1    1    1    1    1    1    1    1  5.71410E+13 0.00192 
   40   40    1    1    1    1    1    1    1    1  9.88857E+13 0.00142 
   41   41    1    1    1    1    1    1    1    1  9.91172E+13 0.00170 
   42   42    1    1    1    1    1    1    1    1  2.15393E+14 0.00095 
   43   43    1    1    1    1    1    1    1    1  2.63756E+14 0.00112 
   44   44    1    1    1    1    1    1    1    1  3.87282E+14 0.00122 
   45   45    1    1    1    1    1    1    1    1  7.86345E+14 0.00087 
   46   46    1    1    1    1    1    1    1    1  3.67412E+14 0.00104 
   47   47    1    1    1    1    1    1    1    1  5.93877E+14 0.00065 
   48   48    1    1    1    1    1    1    1    1  8.35511E+14 0.00063 
   49   49    1    1    1    1    1    1    1    1  8.33873E+14 0.00058 
   50   50    1    1    1    1    1    1    1    1  1.32020E+15 0.00041 
   51   51    1    1    1    1    1    1    1    1  1.05486E+15 0.00060 
   52   52    1    1    1    1    1    1    1    1  1.27620E+15 0.00043 
   53   53    1    1    1    1    1    1    1    1  8.90459E+14 0.00071 
   54   54    1    1    1    1    1    1    1    1  1.10750E+15 0.00059 
   55   55    1    1    1    1    1    1    1    1  7.65148E+14 0.00053 
   56   56    1    1    1    1    1    1    1    1  1.04166E+14 0.00131 
   57   57    1    1    1    1    1    1    1    1  1.52820E+15 0.00056 
   58   58    1    1    1    1    1    1    1    1  6.94545E+14 0.00082 
   59   59    1    1    1    1    1    1    1    1  7.39502E+14 0.00056 
   60   60    1    1    1    1    1    1    1    1  5.82487E+14 0.00048 
   61   61    1    1    1    1    1    1    1    1  5.84893E+14 0.00063 
   62   62    1    1    1    1    1    1    1    1  6.11753E+14 0.00078 
   63   63    1    1    1    1    1    1    1    1  5.18886E+14 0.00069 
   64   64    1    1    1    1    1    1    1    1  4.15025E+14 0.00095 
   65   65    1    1    1    1    1    1    1    1  4.15229E+14 0.00096 
   66   66    1    1    1    1    1    1    1    1  3.00504E+14 0.00088 
   67   67    1    1    1    1    1    1    1    1  2.44908E+14 0.00088 
   68   68    1    1    1    1    1    1    1    1  2.19512E+14 0.00091 
   69   69    1    1    1    1    1    1    1    1  2.63162E+14 0.00093 
   70   70    1    1    1    1    1    1    1    1  2.24599E+14 0.00107 
   71   71    1    1    1    1    1    1    1    1  4.09199E+14 0.00089 
   72   72    1    1    1    1    1    1    1    1  2.90251E+14 0.00087 
   73   73    1    1    1    1    1    1    1    1  2.19500E+14 0.00100 
   74   74    1    1    1    1    1    1    1    1  1.77195E+14 0.00134 
   75   75    1    1    1    1    1    1    1    1  1.48197E+14 0.00107 
   76   76    1    1    1    1    1    1    1    1  1.73153E+14 0.00127 
   77   77    1    1    1    1    1    1    1    1  1.38167E+14 0.00115 
   78   78    1    1    1    1    1    1    1    1  1.10560E+14 0.00190 
   79   79    1    1    1    1    1    1    1    1  1.14539E+14 0.00164 
   80   80    1    1    1    1    1    1    1    1  8.51856E+13 0.00128 
   81   81    1    1    1    1    1    1    1    1  6.54411E+13 0.00168 
   82   82    1    1    1    1    1    1    1    1  5.04764E+13 0.00295 
   83   83    1    1    1    1    1    1    1    1  4.68495E+13 0.00179 
   84   84    1    1    1    1    1    1    1    1  3.38559E+13 0.00249 
   85   85    1    1    1    1    1    1    1    1  2.45421E+13 0.00333 
   86   86    1    1    1    1    1    1    1    1  2.27556E+13 0.00465 
   87   87    1    1    1    1    1    1    1    1  1.40914E+13 0.00365 
   88   88    1    1    1    1    1    1    1    1  9.28687E+12 0.00494 
   89   89    1    1    1    1    1    1    1    1  5.39797E+12 0.00543 
   90   90    1    1    1    1    1    1    1    1  3.55311E+12 0.00908 
   91   91    1    1    1    1    1    1    1    1  1.81571E+12 0.01268 
   92   92    1    1    1    1    1    1    1    1  8.58006E+11 0.01561 
   93   93    1    1    1    1    1    1    1    1  4.16073E+11 0.02556 
   94   94    1    1    1    1    1    1    1    1  2.04114E+11 0.03467 
   95   95    1    1    1    1    1    1    1    1  1.02901E+11 0.05168 
   96   96    1    1    1    1    1    1    1    1  4.79404E+10 0.07835 
   97   97    1    1    1    1    1    1    1    1  2.00361E+10 0.16839 
   98   98    1    1    1    1    1    1    1    1  7.77274E+09 0.18419 
   99   99    1    1    1    1    1    1    1    1  6.02474E+09 0.28445 
  100  100    1    1    1    1    1    1    1    1  2.89906E+09 0.20508 
];


