
DETdpaspec = [
    1    1    1    1    1    1    1    1    1    1  0.00000E+00 0.00000 
    2    2    1    1    1    1    1    1    1    1  0.00000E+00 0.00000 
    3    3    1    1    1    1    1    1    1    1  0.00000E+00 0.00000 
    4    4    1    1    1    1    1    1    1    1  0.00000E+00 0.00000 
    5    5    1    1    1    1    1    1    1    1  0.00000E+00 0.00000 
    6    6    1    1    1    1    1    1    1    1  0.00000E+00 0.00000 
    7    7    1    1    1    1    1    1    1    1  0.00000E+00 0.00000 
    8    8    1    1    1    1    1    1    1    1  0.00000E+00 0.00000 
    9    9    1    1    1    1    1    1    1    1  0.00000E+00 0.00000 
   10   10    1    1    1    1    1    1    1    1  0.00000E+00 0.00000 
   11   11    1    1    1    1    1    1    1    1  1.64326E+08 1.00000 
   12   12    1    1    1    1    1    1    1    1  2.87370E+07 1.00000 
   13   13    1    1    1    1    1    1    1    1  7.99784E+08 0.44191 
   14   14    1    1    1    1    1    1    1    1  1.55184E+09 0.39761 
   15   15    1    1    1    1    1    1    1    1  1.08527E+09 0.51607 
   16   16    1    1    1    1    1    1    1    1  2.80903E+08 0.70443 
   17   17    1    1    1    1    1    1    1    1  8.56411E+08 0.49333 
   18   18    1    1    1    1    1    1    1    1  8.19284E+08 0.40837 
   19   19    1    1    1    1    1    1    1    1  1.26535E+09 0.32364 
   20   20    1    1    1    1    1    1    1    1  3.96265E+09 0.20782 
   21   21    1    1    1    1    1    1    1    1  5.16062E+09 0.18042 
   22   22    1    1    1    1    1    1    1    1  8.63653E+09 0.17876 
   23   23    1    1    1    1    1    1    1    1  2.26445E+10 0.10893 
   24   24    1    1    1    1    1    1    1    1  4.71041E+10 0.08875 
   25   25    1    1    1    1    1    1    1    1  8.26039E+10 0.05112 
   26   26    1    1    1    1    1    1    1    1  1.62976E+11 0.03698 
   27   27    1    1    1    1    1    1    1    1  3.71755E+11 0.02432 
   28   28    1    1    1    1    1    1    1    1  8.69041E+11 0.01649 
   29   29    1    1    1    1    1    1    1    1  1.55740E+12 0.01323 
   30   30    1    1    1    1    1    1    1    1  3.55914E+12 0.00877 
   31   31    1    1    1    1    1    1    1    1  9.13274E+12 0.00657 
   32   32    1    1    1    1    1    1    1    1  1.51049E+13 0.00579 
   33   33    1    1    1    1    1    1    1    1  3.34018E+13 0.00325 
   34   34    1    1    1    1    1    1    1    1  4.43707E+13 0.00281 
   35   35    1    1    1    1    1    1    1    1  4.92512E+13 0.00271 
   36   36    1    1    1    1    1    1    1    1  3.05142E+13 0.00197 
   37   37    1    1    1    1    1    1    1    1  9.02335E+12 0.00233 
   38   38    1    1    1    1    1    1    1    1  5.18162E+13 0.00173 
   39   39    1    1    1    1    1    1    1    1  6.94153E+13 0.00203 
   40   40    1    1    1    1    1    1    1    1  1.18867E+14 0.00153 
   41   41    1    1    1    1    1    1    1    1  1.16196E+14 0.00122 
   42   42    1    1    1    1    1    1    1    1  2.52815E+14 0.00121 
   43   43    1    1    1    1    1    1    1    1  3.06120E+14 0.00097 
   44   44    1    1    1    1    1    1    1    1  4.41770E+14 0.00096 
   45   45    1    1    1    1    1    1    1    1  8.82831E+14 0.00085 
   46   46    1    1    1    1    1    1    1    1  4.02686E+14 0.00070 
   47   47    1    1    1    1    1    1    1    1  6.42903E+14 0.00083 
   48   48    1    1    1    1    1    1    1    1  8.92329E+14 0.00073 
   49   49    1    1    1    1    1    1    1    1  8.78986E+14 0.00073 
   50   50    1    1    1    1    1    1    1    1  1.38543E+15 0.00062 
   51   51    1    1    1    1    1    1    1    1  1.08381E+15 0.00055 
   52   52    1    1    1    1    1    1    1    1  1.31411E+15 0.00046 
   53   53    1    1    1    1    1    1    1    1  9.06164E+14 0.00057 
   54   54    1    1    1    1    1    1    1    1  1.12974E+15 0.00052 
   55   55    1    1    1    1    1    1    1    1  7.74605E+14 0.00064 
   56   56    1    1    1    1    1    1    1    1  1.04852E+14 0.00091 
   57   57    1    1    1    1    1    1    1    1  1.53780E+15 0.00051 
   58   58    1    1    1    1    1    1    1    1  7.03615E+14 0.00068 
   59   59    1    1    1    1    1    1    1    1  7.43563E+14 0.00078 
   60   60    1    1    1    1    1    1    1    1  5.89862E+14 0.00086 
   61   61    1    1    1    1    1    1    1    1  5.90083E+14 0.00067 
   62   62    1    1    1    1    1    1    1    1  6.16191E+14 0.00085 
   63   63    1    1    1    1    1    1    1    1  5.21121E+14 0.00064 
   64   64    1    1    1    1    1    1    1    1  4.15891E+14 0.00094 
   65   65    1    1    1    1    1    1    1    1  4.13791E+14 0.00083 
   66   66    1    1    1    1    1    1    1    1  2.98724E+14 0.00088 
   67   67    1    1    1    1    1    1    1    1  2.42200E+14 0.00118 
   68   68    1    1    1    1    1    1    1    1  2.16152E+14 0.00124 
   69   69    1    1    1    1    1    1    1    1  2.58987E+14 0.00065 
   70   70    1    1    1    1    1    1    1    1  2.20156E+14 0.00126 
   71   71    1    1    1    1    1    1    1    1  3.95622E+14 0.00130 
   72   72    1    1    1    1    1    1    1    1  2.79182E+14 0.00124 
   73   73    1    1    1    1    1    1    1    1  2.11568E+14 0.00128 
   74   74    1    1    1    1    1    1    1    1  1.71370E+14 0.00113 
   75   75    1    1    1    1    1    1    1    1  1.44508E+14 0.00117 
   76   76    1    1    1    1    1    1    1    1  1.69377E+14 0.00148 
   77   77    1    1    1    1    1    1    1    1  1.35727E+14 0.00127 
   78   78    1    1    1    1    1    1    1    1  1.08905E+14 0.00112 
   79   79    1    1    1    1    1    1    1    1  1.13106E+14 0.00131 
   80   80    1    1    1    1    1    1    1    1  8.43562E+13 0.00175 
   81   81    1    1    1    1    1    1    1    1  6.50518E+13 0.00196 
   82   82    1    1    1    1    1    1    1    1  4.98700E+13 0.00233 
   83   83    1    1    1    1    1    1    1    1  4.63192E+13 0.00184 
   84   84    1    1    1    1    1    1    1    1  3.34643E+13 0.00233 
   85   85    1    1    1    1    1    1    1    1  2.41534E+13 0.00261 
   86   86    1    1    1    1    1    1    1    1  2.26464E+13 0.00418 
   87   87    1    1    1    1    1    1    1    1  1.38493E+13 0.00544 
   88   88    1    1    1    1    1    1    1    1  9.19940E+12 0.00381 
   89   89    1    1    1    1    1    1    1    1  5.28462E+12 0.00616 
   90   90    1    1    1    1    1    1    1    1  3.47081E+12 0.00853 
   91   91    1    1    1    1    1    1    1    1  1.72379E+12 0.00652 
   92   92    1    1    1    1    1    1    1    1  8.19833E+11 0.01796 
   93   93    1    1    1    1    1    1    1    1  3.85155E+11 0.03068 
   94   94    1    1    1    1    1    1    1    1  1.79730E+11 0.03508 
   95   95    1    1    1    1    1    1    1    1  8.82657E+10 0.06183 
   96   96    1    1    1    1    1    1    1    1  4.77361E+10 0.07991 
   97   97    1    1    1    1    1    1    1    1  2.43856E+10 0.17426 
   98   98    1    1    1    1    1    1    1    1  1.09905E+10 0.14458 
   99   99    1    1    1    1    1    1    1    1  3.74998E+09 0.27232 
  100  100    1    1    1    1    1    1    1    1  2.66915E+09 0.27298 
];


