
DETdpaspec = [
    1    1    1    1    1    1    1    1    1    1  0.00000E+00 0.00000 
    2    2    1    1    1    1    1    1    1    1  0.00000E+00 0.00000 
    3    3    1    1    1    1    1    1    1    1  0.00000E+00 0.00000 
    4    4    1    1    1    1    1    1    1    1  0.00000E+00 0.00000 
    5    5    1    1    1    1    1    1    1    1  0.00000E+00 0.00000 
    6    6    1    1    1    1    1    1    1    1  0.00000E+00 0.00000 
    7    7    1    1    1    1    1    1    1    1  0.00000E+00 0.00000 
    8    8    1    1    1    1    1    1    1    1  0.00000E+00 0.00000 
    9    9    1    1    1    1    1    1    1    1  0.00000E+00 0.00000 
   10   10    1    1    1    1    1    1    1    1  3.19419E+07 1.00000 
   11   11    1    1    1    1    1    1    1    1  3.31950E+07 1.00000 
   12   12    1    1    1    1    1    1    1    1  4.89111E+07 0.68860 
   13   13    1    1    1    1    1    1    1    1  7.69249E+08 0.51419 
   14   14    1    1    1    1    1    1    1    1  1.94157E+09 0.44926 
   15   15    1    1    1    1    1    1    1    1  1.60557E+09 0.65940 
   16   16    1    1    1    1    1    1    1    1  1.71486E+08 0.66207 
   17   17    1    1    1    1    1    1    1    1  6.70285E+08 0.56881 
   18   18    1    1    1    1    1    1    1    1  5.80711E+08 0.45119 
   19   19    1    1    1    1    1    1    1    1  1.57980E+09 0.31867 
   20   20    1    1    1    1    1    1    1    1  5.10425E+09 0.22899 
   21   21    1    1    1    1    1    1    1    1  5.70911E+09 0.16991 
   22   22    1    1    1    1    1    1    1    1  1.42365E+10 0.13423 
   23   23    1    1    1    1    1    1    1    1  1.59775E+10 0.14407 
   24   24    1    1    1    1    1    1    1    1  3.76425E+10 0.07033 
   25   25    1    1    1    1    1    1    1    1  5.52649E+10 0.07504 
   26   26    1    1    1    1    1    1    1    1  8.47963E+10 0.05329 
   27   27    1    1    1    1    1    1    1    1  1.67385E+11 0.03201 
   28   28    1    1    1    1    1    1    1    1  4.20740E+11 0.03043 
   29   29    1    1    1    1    1    1    1    1  7.66857E+11 0.01837 
   30   30    1    1    1    1    1    1    1    1  1.99646E+12 0.01333 
   31   31    1    1    1    1    1    1    1    1  5.81664E+12 0.00841 
   32   32    1    1    1    1    1    1    1    1  1.02910E+13 0.00521 
   33   33    1    1    1    1    1    1    1    1  2.39821E+13 0.00406 
   34   34    1    1    1    1    1    1    1    1  3.33701E+13 0.00255 
   35   35    1    1    1    1    1    1    1    1  3.99404E+13 0.00283 
   36   36    1    1    1    1    1    1    1    1  2.59338E+13 0.00308 
   37   37    1    1    1    1    1    1    1    1  7.78504E+12 0.00297 
   38   38    1    1    1    1    1    1    1    1  4.43751E+13 0.00202 
   39   39    1    1    1    1    1    1    1    1  5.97538E+13 0.00117 
   40   40    1    1    1    1    1    1    1    1  1.03587E+14 0.00139 
   41   41    1    1    1    1    1    1    1    1  1.02769E+14 0.00116 
   42   42    1    1    1    1    1    1    1    1  2.23916E+14 0.00116 
   43   43    1    1    1    1    1    1    1    1  2.73876E+14 0.00098 
   44   44    1    1    1    1    1    1    1    1  4.00642E+14 0.00094 
   45   45    1    1    1    1    1    1    1    1  8.10679E+14 0.00064 
   46   46    1    1    1    1    1    1    1    1  3.76671E+14 0.00103 
   47   47    1    1    1    1    1    1    1    1  6.06208E+14 0.00078 
   48   48    1    1    1    1    1    1    1    1  8.49172E+14 0.00063 
   49   49    1    1    1    1    1    1    1    1  8.44344E+14 0.00058 
   50   50    1    1    1    1    1    1    1    1  1.33812E+15 0.00066 
   51   51    1    1    1    1    1    1    1    1  1.06281E+15 0.00060 
   52   52    1    1    1    1    1    1    1    1  1.28853E+15 0.00064 
   53   53    1    1    1    1    1    1    1    1  8.97738E+14 0.00055 
   54   54    1    1    1    1    1    1    1    1  1.11639E+15 0.00055 
   55   55    1    1    1    1    1    1    1    1  7.70894E+14 0.00058 
   56   56    1    1    1    1    1    1    1    1  1.04578E+14 0.00102 
   57   57    1    1    1    1    1    1    1    1  1.53578E+15 0.00042 
   58   58    1    1    1    1    1    1    1    1  6.99418E+14 0.00060 
   59   59    1    1    1    1    1    1    1    1  7.43915E+14 0.00066 
   60   60    1    1    1    1    1    1    1    1  5.88480E+14 0.00080 
   61   61    1    1    1    1    1    1    1    1  5.89756E+14 0.00080 
   62   62    1    1    1    1    1    1    1    1  6.17260E+14 0.00080 
   63   63    1    1    1    1    1    1    1    1  5.23171E+14 0.00092 
   64   64    1    1    1    1    1    1    1    1  4.18712E+14 0.00083 
   65   65    1    1    1    1    1    1    1    1  4.18150E+14 0.00085 
   66   66    1    1    1    1    1    1    1    1  3.02582E+14 0.00088 
   67   67    1    1    1    1    1    1    1    1  2.45505E+14 0.00109 
   68   68    1    1    1    1    1    1    1    1  2.20002E+14 0.00154 
   69   69    1    1    1    1    1    1    1    1  2.63735E+14 0.00122 
   70   70    1    1    1    1    1    1    1    1  2.24930E+14 0.00136 
   71   71    1    1    1    1    1    1    1    1  4.08113E+14 0.00120 
   72   72    1    1    1    1    1    1    1    1  2.89070E+14 0.00129 
   73   73    1    1    1    1    1    1    1    1  2.18962E+14 0.00126 
   74   74    1    1    1    1    1    1    1    1  1.77344E+14 0.00086 
   75   75    1    1    1    1    1    1    1    1  1.48439E+14 0.00130 
   76   76    1    1    1    1    1    1    1    1  1.73950E+14 0.00111 
   77   77    1    1    1    1    1    1    1    1  1.38534E+14 0.00126 
   78   78    1    1    1    1    1    1    1    1  1.11414E+14 0.00130 
   79   79    1    1    1    1    1    1    1    1  1.15545E+14 0.00173 
   80   80    1    1    1    1    1    1    1    1  8.59122E+13 0.00174 
   81   81    1    1    1    1    1    1    1    1  6.62477E+13 0.00189 
   82   82    1    1    1    1    1    1    1    1  5.08999E+13 0.00244 
   83   83    1    1    1    1    1    1    1    1  4.76126E+13 0.00209 
   84   84    1    1    1    1    1    1    1    1  3.41654E+13 0.00239 
   85   85    1    1    1    1    1    1    1    1  2.47658E+13 0.00343 
   86   86    1    1    1    1    1    1    1    1  2.30612E+13 0.00309 
   87   87    1    1    1    1    1    1    1    1  1.41449E+13 0.00426 
   88   88    1    1    1    1    1    1    1    1  9.48309E+12 0.00598 
   89   89    1    1    1    1    1    1    1    1  5.41200E+12 0.00617 
   90   90    1    1    1    1    1    1    1    1  3.57486E+12 0.01138 
   91   91    1    1    1    1    1    1    1    1  1.77843E+12 0.01002 
   92   92    1    1    1    1    1    1    1    1  9.03162E+11 0.01774 
   93   93    1    1    1    1    1    1    1    1  4.23997E+11 0.02586 
   94   94    1    1    1    1    1    1    1    1  2.00929E+11 0.03086 
   95   95    1    1    1    1    1    1    1    1  1.01517E+11 0.05869 
   96   96    1    1    1    1    1    1    1    1  4.29657E+10 0.07960 
   97   97    1    1    1    1    1    1    1    1  2.30779E+10 0.11553 
   98   98    1    1    1    1    1    1    1    1  8.99538E+09 0.19924 
   99   99    1    1    1    1    1    1    1    1  4.77437E+09 0.27882 
  100  100    1    1    1    1    1    1    1    1  3.14092E+09 0.39919 
];


