
DETdpaspec = [
    1    1    1    1    1    1    1    1    1    1  0.00000E+00 0.00000 
    2    2    1    1    1    1    1    1    1    1  0.00000E+00 0.00000 
    3    3    1    1    1    1    1    1    1    1  0.00000E+00 0.00000 
    4    4    1    1    1    1    1    1    1    1  0.00000E+00 0.00000 
    5    5    1    1    1    1    1    1    1    1  0.00000E+00 0.00000 
    6    6    1    1    1    1    1    1    1    1  1.04238E+07 1.00000 
    7    7    1    1    1    1    1    1    1    1  0.00000E+00 0.00000 
    8    8    1    1    1    1    1    1    1    1  0.00000E+00 0.00000 
    9    9    1    1    1    1    1    1    1    1  0.00000E+00 0.00000 
   10   10    1    1    1    1    1    1    1    1  0.00000E+00 0.00000 
   11   11    1    1    1    1    1    1    1    1  0.00000E+00 0.00000 
   12   12    1    1    1    1    1    1    1    1  3.25297E+06 1.00000 
   13   13    1    1    1    1    1    1    1    1  5.24703E+07 1.00000 
   14   14    1    1    1    1    1    1    1    1  8.27889E+08 0.63945 
   15   15    1    1    1    1    1    1    1    1  1.05944E+09 0.62510 
   16   16    1    1    1    1    1    1    1    1  3.39860E+08 0.60172 
   17   17    1    1    1    1    1    1    1    1  8.46080E+08 0.48338 
   18   18    1    1    1    1    1    1    1    1  6.33068E+08 0.56750 
   19   19    1    1    1    1    1    1    1    1  2.27668E+09 0.26679 
   20   20    1    1    1    1    1    1    1    1  5.60962E+09 0.28578 
   21   21    1    1    1    1    1    1    1    1  5.13402E+09 0.20013 
   22   22    1    1    1    1    1    1    1    1  9.12302E+09 0.16325 
   23   23    1    1    1    1    1    1    1    1  1.61082E+10 0.09999 
   24   24    1    1    1    1    1    1    1    1  3.50067E+10 0.07138 
   25   25    1    1    1    1    1    1    1    1  5.78022E+10 0.05429 
   26   26    1    1    1    1    1    1    1    1  1.18256E+11 0.05342 
   27   27    1    1    1    1    1    1    1    1  2.68540E+11 0.03724 
   28   28    1    1    1    1    1    1    1    1  6.72757E+11 0.01920 
   29   29    1    1    1    1    1    1    1    1  1.23262E+12 0.01423 
   30   30    1    1    1    1    1    1    1    1  2.94887E+12 0.00637 
   31   31    1    1    1    1    1    1    1    1  7.82312E+12 0.00600 
   32   32    1    1    1    1    1    1    1    1  1.33037E+13 0.00411 
   33   33    1    1    1    1    1    1    1    1  3.02072E+13 0.00376 
   34   34    1    1    1    1    1    1    1    1  4.07553E+13 0.00207 
   35   35    1    1    1    1    1    1    1    1  4.60177E+13 0.00236 
   36   36    1    1    1    1    1    1    1    1  2.88429E+13 0.00231 
   37   37    1    1    1    1    1    1    1    1  8.57134E+12 0.00277 
   38   38    1    1    1    1    1    1    1    1  4.91546E+13 0.00290 
   39   39    1    1    1    1    1    1    1    1  6.61632E+13 0.00186 
   40   40    1    1    1    1    1    1    1    1  1.13736E+14 0.00190 
   41   41    1    1    1    1    1    1    1    1  1.11579E+14 0.00173 
   42   42    1    1    1    1    1    1    1    1  2.42488E+14 0.00100 
   43   43    1    1    1    1    1    1    1    1  2.94326E+14 0.00131 
   44   44    1    1    1    1    1    1    1    1  4.27321E+14 0.00107 
   45   45    1    1    1    1    1    1    1    1  8.59166E+14 0.00075 
   46   46    1    1    1    1    1    1    1    1  3.93964E+14 0.00091 
   47   47    1    1    1    1    1    1    1    1  6.30597E+14 0.00075 
   48   48    1    1    1    1    1    1    1    1  8.78478E+14 0.00077 
   49   49    1    1    1    1    1    1    1    1  8.67761E+14 0.00071 
   50   50    1    1    1    1    1    1    1    1  1.37043E+15 0.00050 
   51   51    1    1    1    1    1    1    1    1  1.07594E+15 0.00061 
   52   52    1    1    1    1    1    1    1    1  1.30648E+15 0.00057 
   53   53    1    1    1    1    1    1    1    1  9.04363E+14 0.00056 
   54   54    1    1    1    1    1    1    1    1  1.12756E+15 0.00045 
   55   55    1    1    1    1    1    1    1    1  7.75254E+14 0.00060 
   56   56    1    1    1    1    1    1    1    1  1.04896E+14 0.00127 
   57   57    1    1    1    1    1    1    1    1  1.54055E+15 0.00044 
   58   58    1    1    1    1    1    1    1    1  7.03229E+14 0.00065 
   59   59    1    1    1    1    1    1    1    1  7.44450E+14 0.00066 
   60   60    1    1    1    1    1    1    1    1  5.90440E+14 0.00051 
   61   61    1    1    1    1    1    1    1    1  5.91163E+14 0.00059 
   62   62    1    1    1    1    1    1    1    1  6.17351E+14 0.00064 
   63   63    1    1    1    1    1    1    1    1  5.22974E+14 0.00077 
   64   64    1    1    1    1    1    1    1    1  4.17761E+14 0.00061 
   65   65    1    1    1    1    1    1    1    1  4.16580E+14 0.00073 
   66   66    1    1    1    1    1    1    1    1  3.01477E+14 0.00106 
   67   67    1    1    1    1    1    1    1    1  2.44230E+14 0.00122 
   68   68    1    1    1    1    1    1    1    1  2.18196E+14 0.00098 
   69   69    1    1    1    1    1    1    1    1  2.61459E+14 0.00103 
   70   70    1    1    1    1    1    1    1    1  2.22395E+14 0.00097 
   71   71    1    1    1    1    1    1    1    1  4.00766E+14 0.00119 
   72   72    1    1    1    1    1    1    1    1  2.82921E+14 0.00095 
   73   73    1    1    1    1    1    1    1    1  2.14010E+14 0.00118 
   74   74    1    1    1    1    1    1    1    1  1.73952E+14 0.00120 
   75   75    1    1    1    1    1    1    1    1  1.45950E+14 0.00115 
   76   76    1    1    1    1    1    1    1    1  1.71751E+14 0.00138 
   77   77    1    1    1    1    1    1    1    1  1.37437E+14 0.00118 
   78   78    1    1    1    1    1    1    1    1  1.10151E+14 0.00135 
   79   79    1    1    1    1    1    1    1    1  1.14421E+14 0.00186 
   80   80    1    1    1    1    1    1    1    1  8.51622E+13 0.00152 
   81   81    1    1    1    1    1    1    1    1  6.56468E+13 0.00204 
   82   82    1    1    1    1    1    1    1    1  5.04193E+13 0.00163 
   83   83    1    1    1    1    1    1    1    1  4.71403E+13 0.00244 
   84   84    1    1    1    1    1    1    1    1  3.38402E+13 0.00376 
   85   85    1    1    1    1    1    1    1    1  2.43987E+13 0.00277 
   86   86    1    1    1    1    1    1    1    1  2.28062E+13 0.00279 
   87   87    1    1    1    1    1    1    1    1  1.40670E+13 0.00226 
   88   88    1    1    1    1    1    1    1    1  9.43180E+12 0.00547 
   89   89    1    1    1    1    1    1    1    1  5.33873E+12 0.00865 
   90   90    1    1    1    1    1    1    1    1  3.47593E+12 0.00983 
   91   91    1    1    1    1    1    1    1    1  1.77766E+12 0.00943 
   92   92    1    1    1    1    1    1    1    1  8.47507E+11 0.01785 
   93   93    1    1    1    1    1    1    1    1  4.01383E+11 0.01853 
   94   94    1    1    1    1    1    1    1    1  1.89676E+11 0.03275 
   95   95    1    1    1    1    1    1    1    1  1.02188E+11 0.04362 
   96   96    1    1    1    1    1    1    1    1  4.08206E+10 0.07078 
   97   97    1    1    1    1    1    1    1    1  2.28386E+10 0.11114 
   98   98    1    1    1    1    1    1    1    1  7.17669E+09 0.15854 
   99   99    1    1    1    1    1    1    1    1  5.00367E+09 0.19784 
  100  100    1    1    1    1    1    1    1    1  4.21482E+09 0.20039 
];


