
DETdpaspec = [
    1    1    1    1    1    1    1    1    1    1  0.00000E+00 0.00000 
    2    2    1    1    1    1    1    1    1    1  0.00000E+00 0.00000 
    3    3    1    1    1    1    1    1    1    1  0.00000E+00 0.00000 
    4    4    1    1    1    1    1    1    1    1  0.00000E+00 0.00000 
    5    5    1    1    1    1    1    1    1    1  0.00000E+00 0.00000 
    6    6    1    1    1    1    1    1    1    1  0.00000E+00 0.00000 
    7    7    1    1    1    1    1    1    1    1  0.00000E+00 0.00000 
    8    8    1    1    1    1    1    1    1    1  0.00000E+00 0.00000 
    9    9    1    1    1    1    1    1    1    1  0.00000E+00 0.00000 
   10   10    1    1    1    1    1    1    1    1  0.00000E+00 0.00000 
   11   11    1    1    1    1    1    1    1    1  0.00000E+00 0.00000 
   12   12    1    1    1    1    1    1    1    1  4.79928E+07 1.00000 
   13   13    1    1    1    1    1    1    1    1  5.29849E+08 0.70159 
   14   14    1    1    1    1    1    1    1    1  0.00000E+00 0.00000 
   15   15    1    1    1    1    1    1    1    1  0.00000E+00 0.00000 
   16   16    1    1    1    1    1    1    1    1  0.00000E+00 0.00000 
   17   17    1    1    1    1    1    1    1    1  3.13670E+08 0.83820 
   18   18    1    1    1    1    1    1    1    1  5.24378E+08 0.64652 
   19   19    1    1    1    1    1    1    1    1  7.34134E+08 0.42925 
   20   20    1    1    1    1    1    1    1    1  3.92089E+09 0.31024 
   21   21    1    1    1    1    1    1    1    1  1.67524E+10 0.12124 
   22   22    1    1    1    1    1    1    1    1  8.02901E+10 0.07011 
   23   23    1    1    1    1    1    1    1    1  2.99188E+11 0.03165 
   24   24    1    1    1    1    1    1    1    1  7.32205E+11 0.01884 
   25   25    1    1    1    1    1    1    1    1  1.04886E+12 0.01515 
   26   26    1    1    1    1    1    1    1    1  2.00378E+12 0.01218 
   27   27    1    1    1    1    1    1    1    1  3.39075E+12 0.00919 
   28   28    1    1    1    1    1    1    1    1  5.55160E+12 0.00914 
   29   29    1    1    1    1    1    1    1    1  7.90657E+12 0.00508 
   30   30    1    1    1    1    1    1    1    1  1.39366E+13 0.00442 
   31   31    1    1    1    1    1    1    1    1  2.53179E+13 0.00179 
   32   32    1    1    1    1    1    1    1    1  3.51928E+13 0.00265 
   33   33    1    1    1    1    1    1    1    1  6.56952E+13 0.00193 
   34   34    1    1    1    1    1    1    1    1  7.66830E+13 0.00206 
   35   35    1    1    1    1    1    1    1    1  7.46257E+13 0.00161 
   36   36    1    1    1    1    1    1    1    1  4.30490E+13 0.00207 
   37   37    1    1    1    1    1    1    1    1  1.24458E+13 0.00182 
   38   38    1    1    1    1    1    1    1    1  7.13302E+13 0.00165 
   39   39    1    1    1    1    1    1    1    1  9.35700E+13 0.00164 
   40   40    1    1    1    1    1    1    1    1  1.56767E+14 0.00159 
   41   41    1    1    1    1    1    1    1    1  1.48302E+14 0.00119 
   42   42    1    1    1    1    1    1    1    1  3.16795E+14 0.00112 
   43   43    1    1    1    1    1    1    1    1  3.73949E+14 0.00109 
   44   44    1    1    1    1    1    1    1    1  5.26525E+14 0.00070 
   45   45    1    1    1    1    1    1    1    1  1.01040E+15 0.00069 
   46   46    1    1    1    1    1    1    1    1  4.42141E+14 0.00087 
   47   47    1    1    1    1    1    1    1    1  6.95689E+14 0.00087 
   48   48    1    1    1    1    1    1    1    1  9.40452E+14 0.00084 
   49   49    1    1    1    1    1    1    1    1  9.07675E+14 0.00074 
   50   50    1    1    1    1    1    1    1    1  1.40027E+15 0.00066 
   51   51    1    1    1    1    1    1    1    1  1.06353E+15 0.00070 
   52   52    1    1    1    1    1    1    1    1  1.27313E+15 0.00057 
   53   53    1    1    1    1    1    1    1    1  8.60749E+14 0.00067 
   54   54    1    1    1    1    1    1    1    1  1.06333E+15 0.00070 
   55   55    1    1    1    1    1    1    1    1  7.20099E+14 0.00088 
   56   56    1    1    1    1    1    1    1    1  9.66841E+13 0.00123 
   57   57    1    1    1    1    1    1    1    1  1.40734E+15 0.00073 
   58   58    1    1    1    1    1    1    1    1  6.38946E+14 0.00080 
   59   59    1    1    1    1    1    1    1    1  6.67972E+14 0.00091 
   60   60    1    1    1    1    1    1    1    1  5.26771E+14 0.00088 
   61   61    1    1    1    1    1    1    1    1  5.22951E+14 0.00084 
   62   62    1    1    1    1    1    1    1    1  5.41607E+14 0.00111 
   63   63    1    1    1    1    1    1    1    1  4.54382E+14 0.00111 
   64   64    1    1    1    1    1    1    1    1  3.59353E+14 0.00103 
   65   65    1    1    1    1    1    1    1    1  3.54770E+14 0.00100 
   66   66    1    1    1    1    1    1    1    1  2.53845E+14 0.00121 
   67   67    1    1    1    1    1    1    1    1  2.03825E+14 0.00153 
   68   68    1    1    1    1    1    1    1    1  1.81308E+14 0.00128 
   69   69    1    1    1    1    1    1    1    1  2.15665E+14 0.00152 
   70   70    1    1    1    1    1    1    1    1  1.81403E+14 0.00186 
   71   71    1    1    1    1    1    1    1    1  3.20585E+14 0.00156 
   72   72    1    1    1    1    1    1    1    1  2.23509E+14 0.00135 
   73   73    1    1    1    1    1    1    1    1  1.67242E+14 0.00133 
   74   74    1    1    1    1    1    1    1    1  1.35492E+14 0.00126 
   75   75    1    1    1    1    1    1    1    1  1.13987E+14 0.00202 
   76   76    1    1    1    1    1    1    1    1  1.32939E+14 0.00191 
   77   77    1    1    1    1    1    1    1    1  1.05670E+14 0.00189 
   78   78    1    1    1    1    1    1    1    1  8.47388E+13 0.00212 
   79   79    1    1    1    1    1    1    1    1  8.76438E+13 0.00199 
   80   80    1    1    1    1    1    1    1    1  6.42207E+13 0.00202 
   81   81    1    1    1    1    1    1    1    1  4.93222E+13 0.00209 
   82   82    1    1    1    1    1    1    1    1  3.74673E+13 0.00256 
   83   83    1    1    1    1    1    1    1    1  3.47447E+13 0.00297 
   84   84    1    1    1    1    1    1    1    1  2.46605E+13 0.00258 
   85   85    1    1    1    1    1    1    1    1  1.75590E+13 0.00320 
   86   86    1    1    1    1    1    1    1    1  1.61553E+13 0.00427 
   87   87    1    1    1    1    1    1    1    1  9.69792E+12 0.00475 
   88   88    1    1    1    1    1    1    1    1  6.37542E+12 0.00526 
   89   89    1    1    1    1    1    1    1    1  3.52853E+12 0.00929 
   90   90    1    1    1    1    1    1    1    1  2.28577E+12 0.00787 
   91   91    1    1    1    1    1    1    1    1  1.10510E+12 0.01426 
   92   92    1    1    1    1    1    1    1    1  5.17508E+11 0.01668 
   93   93    1    1    1    1    1    1    1    1  2.34557E+11 0.02665 
   94   94    1    1    1    1    1    1    1    1  1.16322E+11 0.05202 
   95   95    1    1    1    1    1    1    1    1  4.82623E+10 0.05167 
   96   96    1    1    1    1    1    1    1    1  2.18550E+10 0.07918 
   97   97    1    1    1    1    1    1    1    1  9.41054E+09 0.15889 
   98   98    1    1    1    1    1    1    1    1  5.64026E+09 0.16884 
   99   99    1    1    1    1    1    1    1    1  1.54910E+09 0.30263 
  100  100    1    1    1    1    1    1    1    1  2.54739E+09 0.31251 
];


