
DETdpaspec = [
    1    1    1    1    1    1    1    1    1    1  0.00000E+00 0.00000 
    2    2    1    1    1    1    1    1    1    1  0.00000E+00 0.00000 
    3    3    1    1    1    1    1    1    1    1  0.00000E+00 0.00000 
    4    4    1    1    1    1    1    1    1    1  0.00000E+00 0.00000 
    5    5    1    1    1    1    1    1    1    1  0.00000E+00 0.00000 
    6    6    1    1    1    1    1    1    1    1  7.52389E+06 1.00000 
    7    7    1    1    1    1    1    1    1    1  0.00000E+00 0.00000 
    8    8    1    1    1    1    1    1    1    1  9.37777E+06 1.00000 
    9    9    1    1    1    1    1    1    1    1  3.83244E+06 1.00000 
   10   10    1    1    1    1    1    1    1    1  0.00000E+00 0.00000 
   11   11    1    1    1    1    1    1    1    1  5.99808E+07 0.68900 
   12   12    1    1    1    1    1    1    1    1  1.94319E+07 0.91989 
   13   13    1    1    1    1    1    1    1    1  2.69872E+08 0.66109 
   14   14    1    1    1    1    1    1    1    1  2.83179E+09 0.32075 
   15   15    1    1    1    1    1    1    1    1  4.68213E+08 0.87640 
   16   16    1    1    1    1    1    1    1    1  3.00782E+08 0.71105 
   17   17    1    1    1    1    1    1    1    1  2.91335E+08 0.46157 
   18   18    1    1    1    1    1    1    1    1  1.70422E+09 0.27142 
   19   19    1    1    1    1    1    1    1    1  1.96216E+09 0.24915 
   20   20    1    1    1    1    1    1    1    1  7.41627E+09 0.18541 
   21   21    1    1    1    1    1    1    1    1  7.21275E+09 0.13460 
   22   22    1    1    1    1    1    1    1    1  1.06364E+10 0.16486 
   23   23    1    1    1    1    1    1    1    1  1.93181E+10 0.07686 
   24   24    1    1    1    1    1    1    1    1  3.46119E+10 0.09038 
   25   25    1    1    1    1    1    1    1    1  4.01257E+10 0.05887 
   26   26    1    1    1    1    1    1    1    1  7.79992E+10 0.03631 
   27   27    1    1    1    1    1    1    1    1  1.55845E+11 0.03309 
   28   28    1    1    1    1    1    1    1    1  3.87755E+11 0.02321 
   29   29    1    1    1    1    1    1    1    1  6.71993E+11 0.02612 
   30   30    1    1    1    1    1    1    1    1  1.76966E+12 0.01343 
   31   31    1    1    1    1    1    1    1    1  5.27351E+12 0.00837 
   32   32    1    1    1    1    1    1    1    1  9.51386E+12 0.00656 
   33   33    1    1    1    1    1    1    1    1  2.25408E+13 0.00294 
   34   34    1    1    1    1    1    1    1    1  3.18210E+13 0.00266 
   35   35    1    1    1    1    1    1    1    1  3.84732E+13 0.00291 
   36   36    1    1    1    1    1    1    1    1  2.51518E+13 0.00215 
   37   37    1    1    1    1    1    1    1    1  7.55826E+12 0.00318 
   38   38    1    1    1    1    1    1    1    1  4.31380E+13 0.00275 
   39   39    1    1    1    1    1    1    1    1  5.83827E+13 0.00277 
   40   40    1    1    1    1    1    1    1    1  1.00989E+14 0.00194 
   41   41    1    1    1    1    1    1    1    1  1.00957E+14 0.00156 
   42   42    1    1    1    1    1    1    1    1  2.19127E+14 0.00121 
   43   43    1    1    1    1    1    1    1    1  2.68722E+14 0.00089 
   44   44    1    1    1    1    1    1    1    1  3.93872E+14 0.00088 
   45   45    1    1    1    1    1    1    1    1  7.98322E+14 0.00068 
   46   46    1    1    1    1    1    1    1    1  3.71678E+14 0.00098 
   47   47    1    1    1    1    1    1    1    1  5.99453E+14 0.00061 
   48   48    1    1    1    1    1    1    1    1  8.42046E+14 0.00062 
   49   49    1    1    1    1    1    1    1    1  8.38263E+14 0.00044 
   50   50    1    1    1    1    1    1    1    1  1.32863E+15 0.00057 
   51   51    1    1    1    1    1    1    1    1  1.05784E+15 0.00054 
   52   52    1    1    1    1    1    1    1    1  1.28174E+15 0.00060 
   53   53    1    1    1    1    1    1    1    1  8.95380E+14 0.00052 
   54   54    1    1    1    1    1    1    1    1  1.11165E+15 0.00072 
   55   55    1    1    1    1    1    1    1    1  7.67609E+14 0.00077 
   56   56    1    1    1    1    1    1    1    1  1.04407E+14 0.00124 
   57   57    1    1    1    1    1    1    1    1  1.53172E+15 0.00053 
   58   58    1    1    1    1    1    1    1    1  6.97194E+14 0.00055 
   59   59    1    1    1    1    1    1    1    1  7.42105E+14 0.00061 
   60   60    1    1    1    1    1    1    1    1  5.85705E+14 0.00075 
   61   61    1    1    1    1    1    1    1    1  5.87585E+14 0.00059 
   62   62    1    1    1    1    1    1    1    1  6.15150E+14 0.00069 
   63   63    1    1    1    1    1    1    1    1  5.22326E+14 0.00050 
   64   64    1    1    1    1    1    1    1    1  4.17492E+14 0.00065 
   65   65    1    1    1    1    1    1    1    1  4.17032E+14 0.00069 
   66   66    1    1    1    1    1    1    1    1  3.01564E+14 0.00095 
   67   67    1    1    1    1    1    1    1    1  2.45098E+14 0.00108 
   68   68    1    1    1    1    1    1    1    1  2.19550E+14 0.00130 
   69   69    1    1    1    1    1    1    1    1  2.63941E+14 0.00120 
   70   70    1    1    1    1    1    1    1    1  2.25315E+14 0.00108 
   71   71    1    1    1    1    1    1    1    1  4.07992E+14 0.00128 
   72   72    1    1    1    1    1    1    1    1  2.89258E+14 0.00119 
   73   73    1    1    1    1    1    1    1    1  2.19445E+14 0.00123 
   74   74    1    1    1    1    1    1    1    1  1.77641E+14 0.00113 
   75   75    1    1    1    1    1    1    1    1  1.48391E+14 0.00169 
   76   76    1    1    1    1    1    1    1    1  1.73976E+14 0.00140 
   77   77    1    1    1    1    1    1    1    1  1.38457E+14 0.00161 
   78   78    1    1    1    1    1    1    1    1  1.10932E+14 0.00148 
   79   79    1    1    1    1    1    1    1    1  1.15201E+14 0.00209 
   80   80    1    1    1    1    1    1    1    1  8.54997E+13 0.00216 
   81   81    1    1    1    1    1    1    1    1  6.61535E+13 0.00230 
   82   82    1    1    1    1    1    1    1    1  5.06393E+13 0.00167 
   83   83    1    1    1    1    1    1    1    1  4.73471E+13 0.00202 
   84   84    1    1    1    1    1    1    1    1  3.41959E+13 0.00177 
   85   85    1    1    1    1    1    1    1    1  2.47065E+13 0.00288 
   86   86    1    1    1    1    1    1    1    1  2.30977E+13 0.00265 
   87   87    1    1    1    1    1    1    1    1  1.40824E+13 0.00427 
   88   88    1    1    1    1    1    1    1    1  9.40385E+12 0.00465 
   89   89    1    1    1    1    1    1    1    1  5.41624E+12 0.00732 
   90   90    1    1    1    1    1    1    1    1  3.61239E+12 0.00695 
   91   91    1    1    1    1    1    1    1    1  1.80590E+12 0.01169 
   92   92    1    1    1    1    1    1    1    1  8.88041E+11 0.01721 
   93   93    1    1    1    1    1    1    1    1  4.13865E+11 0.01917 
   94   94    1    1    1    1    1    1    1    1  1.87571E+11 0.03470 
   95   95    1    1    1    1    1    1    1    1  8.42466E+10 0.04962 
   96   96    1    1    1    1    1    1    1    1  4.89798E+10 0.06856 
   97   97    1    1    1    1    1    1    1    1  2.03076E+10 0.10595 
   98   98    1    1    1    1    1    1    1    1  8.33254E+09 0.13866 
   99   99    1    1    1    1    1    1    1    1  5.00990E+09 0.22652 
  100  100    1    1    1    1    1    1    1    1  6.27803E+09 0.23865 
];


