
DETdpaspec = [
    1    1    1    1    1    1    1    1    1    1  0.00000E+00 0.00000 
    2    2    1    1    1    1    1    1    1    1  0.00000E+00 0.00000 
    3    3    1    1    1    1    1    1    1    1  9.04794E+06 1.00000 
    4    4    1    1    1    1    1    1    1    1  0.00000E+00 0.00000 
    5    5    1    1    1    1    1    1    1    1  0.00000E+00 0.00000 
    6    6    1    1    1    1    1    1    1    1  0.00000E+00 0.00000 
    7    7    1    1    1    1    1    1    1    1  0.00000E+00 0.00000 
    8    8    1    1    1    1    1    1    1    1  0.00000E+00 0.00000 
    9    9    1    1    1    1    1    1    1    1  0.00000E+00 0.00000 
   10   10    1    1    1    1    1    1    1    1  0.00000E+00 0.00000 
   11   11    1    1    1    1    1    1    1    1  0.00000E+00 0.00000 
   12   12    1    1    1    1    1    1    1    1  1.46720E+08 0.78650 
   13   13    1    1    1    1    1    1    1    1  1.44995E+09 0.36487 
   14   14    1    1    1    1    1    1    1    1  2.00845E+09 0.46928 
   15   15    1    1    1    1    1    1    1    1  1.61503E+09 0.39580 
   16   16    1    1    1    1    1    1    1    1  4.47769E+08 0.70329 
   17   17    1    1    1    1    1    1    1    1  8.65240E+08 0.37661 
   18   18    1    1    1    1    1    1    1    1  2.80049E+09 0.36784 
   19   19    1    1    1    1    1    1    1    1  2.04946E+09 0.32332 
   20   20    1    1    1    1    1    1    1    1  6.83377E+09 0.20401 
   21   21    1    1    1    1    1    1    1    1  5.85093E+09 0.16002 
   22   22    1    1    1    1    1    1    1    1  9.53527E+09 0.14401 
   23   23    1    1    1    1    1    1    1    1  2.18063E+10 0.11109 
   24   24    1    1    1    1    1    1    1    1  5.30266E+10 0.08263 
   25   25    1    1    1    1    1    1    1    1  8.66076E+10 0.04589 
   26   26    1    1    1    1    1    1    1    1  1.83066E+11 0.03236 
   27   27    1    1    1    1    1    1    1    1  4.12559E+11 0.02741 
   28   28    1    1    1    1    1    1    1    1  9.20898E+11 0.01789 
   29   29    1    1    1    1    1    1    1    1  1.61779E+12 0.00999 
   30   30    1    1    1    1    1    1    1    1  3.79171E+12 0.00868 
   31   31    1    1    1    1    1    1    1    1  9.50192E+12 0.00539 
   32   32    1    1    1    1    1    1    1    1  1.56469E+13 0.00551 
   33   33    1    1    1    1    1    1    1    1  3.45253E+13 0.00335 
   34   34    1    1    1    1    1    1    1    1  4.57371E+13 0.00206 
   35   35    1    1    1    1    1    1    1    1  5.01831E+13 0.00187 
   36   36    1    1    1    1    1    1    1    1  3.09498E+13 0.00171 
   37   37    1    1    1    1    1    1    1    1  9.12572E+12 0.00201 
   38   38    1    1    1    1    1    1    1    1  5.25041E+13 0.00173 
   39   39    1    1    1    1    1    1    1    1  7.04661E+13 0.00237 
   40   40    1    1    1    1    1    1    1    1  1.20595E+14 0.00165 
   41   41    1    1    1    1    1    1    1    1  1.17574E+14 0.00128 
   42   42    1    1    1    1    1    1    1    1  2.55145E+14 0.00103 
   43   43    1    1    1    1    1    1    1    1  3.08325E+14 0.00080 
   44   44    1    1    1    1    1    1    1    1  4.45804E+14 0.00097 
   45   45    1    1    1    1    1    1    1    1  8.90330E+14 0.00081 
   46   46    1    1    1    1    1    1    1    1  4.04790E+14 0.00081 
   47   47    1    1    1    1    1    1    1    1  6.47195E+14 0.00087 
   48   48    1    1    1    1    1    1    1    1  8.96575E+14 0.00054 
   49   49    1    1    1    1    1    1    1    1  8.81620E+14 0.00076 
   50   50    1    1    1    1    1    1    1    1  1.38793E+15 0.00049 
   51   51    1    1    1    1    1    1    1    1  1.08485E+15 0.00037 
   52   52    1    1    1    1    1    1    1    1  1.31449E+15 0.00045 
   53   53    1    1    1    1    1    1    1    1  9.07220E+14 0.00052 
   54   54    1    1    1    1    1    1    1    1  1.12997E+15 0.00069 
   55   55    1    1    1    1    1    1    1    1  7.75868E+14 0.00074 
   56   56    1    1    1    1    1    1    1    1  1.04799E+14 0.00127 
   57   57    1    1    1    1    1    1    1    1  1.53619E+15 0.00046 
   58   58    1    1    1    1    1    1    1    1  7.02609E+14 0.00075 
   59   59    1    1    1    1    1    1    1    1  7.42788E+14 0.00052 
   60   60    1    1    1    1    1    1    1    1  5.89188E+14 0.00054 
   61   61    1    1    1    1    1    1    1    1  5.89567E+14 0.00064 
   62   62    1    1    1    1    1    1    1    1  6.15439E+14 0.00064 
   63   63    1    1    1    1    1    1    1    1  5.20219E+14 0.00084 
   64   64    1    1    1    1    1    1    1    1  4.15555E+14 0.00052 
   65   65    1    1    1    1    1    1    1    1  4.13387E+14 0.00068 
   66   66    1    1    1    1    1    1    1    1  2.98188E+14 0.00097 
   67   67    1    1    1    1    1    1    1    1  2.41500E+14 0.00114 
   68   68    1    1    1    1    1    1    1    1  2.15658E+14 0.00129 
   69   69    1    1    1    1    1    1    1    1  2.58420E+14 0.00103 
   70   70    1    1    1    1    1    1    1    1  2.19930E+14 0.00107 
   71   71    1    1    1    1    1    1    1    1  3.94037E+14 0.00101 
   72   72    1    1    1    1    1    1    1    1  2.77972E+14 0.00117 
   73   73    1    1    1    1    1    1    1    1  2.10204E+14 0.00114 
   74   74    1    1    1    1    1    1    1    1  1.71103E+14 0.00129 
   75   75    1    1    1    1    1    1    1    1  1.43557E+14 0.00099 
   76   76    1    1    1    1    1    1    1    1  1.68420E+14 0.00078 
   77   77    1    1    1    1    1    1    1    1  1.34786E+14 0.00129 
   78   78    1    1    1    1    1    1    1    1  1.08572E+14 0.00195 
   79   79    1    1    1    1    1    1    1    1  1.12585E+14 0.00133 
   80   80    1    1    1    1    1    1    1    1  8.38497E+13 0.00185 
   81   81    1    1    1    1    1    1    1    1  6.45499E+13 0.00213 
   82   82    1    1    1    1    1    1    1    1  4.95791E+13 0.00197 
   83   83    1    1    1    1    1    1    1    1  4.64291E+13 0.00266 
   84   84    1    1    1    1    1    1    1    1  3.32903E+13 0.00232 
   85   85    1    1    1    1    1    1    1    1  2.40346E+13 0.00332 
   86   86    1    1    1    1    1    1    1    1  2.24196E+13 0.00350 
   87   87    1    1    1    1    1    1    1    1  1.37016E+13 0.00466 
   88   88    1    1    1    1    1    1    1    1  9.21835E+12 0.00461 
   89   89    1    1    1    1    1    1    1    1  5.25567E+12 0.00693 
   90   90    1    1    1    1    1    1    1    1  3.51357E+12 0.01051 
   91   91    1    1    1    1    1    1    1    1  1.73148E+12 0.01390 
   92   92    1    1    1    1    1    1    1    1  8.53399E+11 0.01723 
   93   93    1    1    1    1    1    1    1    1  4.04146E+11 0.02411 
   94   94    1    1    1    1    1    1    1    1  2.00058E+11 0.04696 
   95   95    1    1    1    1    1    1    1    1  8.90488E+10 0.06510 
   96   96    1    1    1    1    1    1    1    1  4.49686E+10 0.07645 
   97   97    1    1    1    1    1    1    1    1  1.79585E+10 0.12394 
   98   98    1    1    1    1    1    1    1    1  9.70252E+09 0.14557 
   99   99    1    1    1    1    1    1    1    1  4.61877E+09 0.25263 
  100  100    1    1    1    1    1    1    1    1  4.16500E+09 0.31905 
];


