
DETdpaspec = [
    1    1    1    1    1    1    1    1    1    1  0.00000E+00 0.00000 
    2    2    1    1    1    1    1    1    1    1  0.00000E+00 0.00000 
    3    3    1    1    1    1    1    1    1    1  5.25962E+06 1.00000 
    4    4    1    1    1    1    1    1    1    1  0.00000E+00 0.00000 
    5    5    1    1    1    1    1    1    1    1  0.00000E+00 0.00000 
    6    6    1    1    1    1    1    1    1    1  0.00000E+00 0.00000 
    7    7    1    1    1    1    1    1    1    1  0.00000E+00 0.00000 
    8    8    1    1    1    1    1    1    1    1  0.00000E+00 0.00000 
    9    9    1    1    1    1    1    1    1    1  0.00000E+00 0.00000 
   10   10    1    1    1    1    1    1    1    1  2.55902E+07 1.00000 
   11   11    1    1    1    1    1    1    1    1  3.08867E+07 1.00000 
   12   12    1    1    1    1    1    1    1    1  0.00000E+00 0.00000 
   13   13    1    1    1    1    1    1    1    1  1.08627E+08 1.00000 
   14   14    1    1    1    1    1    1    1    1  2.75874E+08 0.57509 
   15   15    1    1    1    1    1    1    1    1  9.85182E+08 0.41626 
   16   16    1    1    1    1    1    1    1    1  4.49043E+08 0.38691 
   17   17    1    1    1    1    1    1    1    1  5.09243E+08 0.52536 
   18   18    1    1    1    1    1    1    1    1  2.31448E+09 0.24890 
   19   19    1    1    1    1    1    1    1    1  1.81079E+09 0.22478 
   20   20    1    1    1    1    1    1    1    1  8.65654E+09 0.17627 
   21   21    1    1    1    1    1    1    1    1  5.62518E+09 0.19688 
   22   22    1    1    1    1    1    1    1    1  1.58760E+10 0.10397 
   23   23    1    1    1    1    1    1    1    1  2.55768E+10 0.10216 
   24   24    1    1    1    1    1    1    1    1  3.71499E+10 0.08688 
   25   25    1    1    1    1    1    1    1    1  4.41112E+10 0.06530 
   26   26    1    1    1    1    1    1    1    1  6.60173E+10 0.06262 
   27   27    1    1    1    1    1    1    1    1  1.32428E+11 0.04935 
   28   28    1    1    1    1    1    1    1    1  2.77941E+11 0.02992 
   29   29    1    1    1    1    1    1    1    1  4.44423E+11 0.02326 
   30   30    1    1    1    1    1    1    1    1  1.28111E+12 0.01351 
   31   31    1    1    1    1    1    1    1    1  4.01699E+12 0.00983 
   32   32    1    1    1    1    1    1    1    1  7.58376E+12 0.00516 
   33   33    1    1    1    1    1    1    1    1  1.83082E+13 0.00408 
   34   34    1    1    1    1    1    1    1    1  2.58803E+13 0.00347 
   35   35    1    1    1    1    1    1    1    1  3.40912E+13 0.00245 
   36   36    1    1    1    1    1    1    1    1  2.31611E+13 0.00322 
   37   37    1    1    1    1    1    1    1    1  7.08423E+12 0.00317 
   38   38    1    1    1    1    1    1    1    1  3.98181E+13 0.00199 
   39   39    1    1    1    1    1    1    1    1  5.40523E+13 0.00193 
   40   40    1    1    1    1    1    1    1    1  9.32092E+13 0.00151 
   41   41    1    1    1    1    1    1    1    1  9.50359E+13 0.00167 
   42   42    1    1    1    1    1    1    1    1  2.04760E+14 0.00159 
   43   43    1    1    1    1    1    1    1    1  2.51189E+14 0.00129 
   44   44    1    1    1    1    1    1    1    1  3.69478E+14 0.00098 
   45   45    1    1    1    1    1    1    1    1  7.48219E+14 0.00077 
   46   46    1    1    1    1    1    1    1    1  3.54413E+14 0.00097 
   47   47    1    1    1    1    1    1    1    1  5.75754E+14 0.00095 
   48   48    1    1    1    1    1    1    1    1  8.12086E+14 0.00088 
   49   49    1    1    1    1    1    1    1    1  8.14196E+14 0.00074 
   50   50    1    1    1    1    1    1    1    1  1.28515E+15 0.00057 
   51   51    1    1    1    1    1    1    1    1  1.03873E+15 0.00062 
   52   52    1    1    1    1    1    1    1    1  1.24791E+15 0.00041 
   53   53    1    1    1    1    1    1    1    1  8.75842E+14 0.00062 
   54   54    1    1    1    1    1    1    1    1  1.07885E+15 0.00047 
   55   55    1    1    1    1    1    1    1    1  7.47717E+14 0.00072 
   56   56    1    1    1    1    1    1    1    1  1.01977E+14 0.00122 
   57   57    1    1    1    1    1    1    1    1  1.49789E+15 0.00069 
   58   58    1    1    1    1    1    1    1    1  6.71928E+14 0.00065 
   59   59    1    1    1    1    1    1    1    1  7.20177E+14 0.00068 
   60   60    1    1    1    1    1    1    1    1  5.63252E+14 0.00084 
   61   61    1    1    1    1    1    1    1    1  5.67112E+14 0.00072 
   62   62    1    1    1    1    1    1    1    1  5.92597E+14 0.00085 
   63   63    1    1    1    1    1    1    1    1  5.01806E+14 0.00073 
   64   64    1    1    1    1    1    1    1    1  4.02174E+14 0.00088 
   65   65    1    1    1    1    1    1    1    1  4.01194E+14 0.00072 
   66   66    1    1    1    1    1    1    1    1  2.91002E+14 0.00088 
   67   67    1    1    1    1    1    1    1    1  2.37371E+14 0.00136 
   68   68    1    1    1    1    1    1    1    1  2.13536E+14 0.00114 
   69   69    1    1    1    1    1    1    1    1  2.56794E+14 0.00120 
   70   70    1    1    1    1    1    1    1    1  2.19028E+14 0.00100 
   71   71    1    1    1    1    1    1    1    1  4.01154E+14 0.00078 
   72   72    1    1    1    1    1    1    1    1  2.85304E+14 0.00091 
   73   73    1    1    1    1    1    1    1    1  2.15589E+14 0.00142 
   74   74    1    1    1    1    1    1    1    1  1.73552E+14 0.00157 
   75   75    1    1    1    1    1    1    1    1  1.44550E+14 0.00160 
   76   76    1    1    1    1    1    1    1    1  1.67437E+14 0.00142 
   77   77    1    1    1    1    1    1    1    1  1.32406E+14 0.00174 
   78   78    1    1    1    1    1    1    1    1  1.05569E+14 0.00198 
   79   79    1    1    1    1    1    1    1    1  1.09129E+14 0.00163 
   80   80    1    1    1    1    1    1    1    1  8.04905E+13 0.00200 
   81   81    1    1    1    1    1    1    1    1  6.21847E+13 0.00180 
   82   82    1    1    1    1    1    1    1    1  4.77211E+13 0.00263 
   83   83    1    1    1    1    1    1    1    1  4.45559E+13 0.00204 
   84   84    1    1    1    1    1    1    1    1  3.19988E+13 0.00287 
   85   85    1    1    1    1    1    1    1    1  2.29693E+13 0.00404 
   86   86    1    1    1    1    1    1    1    1  2.16863E+13 0.00435 
   87   87    1    1    1    1    1    1    1    1  1.31878E+13 0.00432 
   88   88    1    1    1    1    1    1    1    1  9.01774E+12 0.00558 
   89   89    1    1    1    1    1    1    1    1  5.15540E+12 0.00540 
   90   90    1    1    1    1    1    1    1    1  3.43118E+12 0.00784 
   91   91    1    1    1    1    1    1    1    1  1.70313E+12 0.01060 
   92   92    1    1    1    1    1    1    1    1  8.32032E+11 0.02461 
   93   93    1    1    1    1    1    1    1    1  4.18087E+11 0.02509 
   94   94    1    1    1    1    1    1    1    1  1.89188E+11 0.03820 
   95   95    1    1    1    1    1    1    1    1  9.80900E+10 0.07967 
   96   96    1    1    1    1    1    1    1    1  4.72794E+10 0.08739 
   97   97    1    1    1    1    1    1    1    1  2.44060E+10 0.12201 
   98   98    1    1    1    1    1    1    1    1  9.30927E+09 0.19226 
   99   99    1    1    1    1    1    1    1    1  4.81587E+09 0.28445 
  100  100    1    1    1    1    1    1    1    1  4.78968E+09 0.30673 
];


