
DETdpaspec = [
    1    1    1    1    1    1    1    1    1    1  0.00000E+00 0.00000 
    2    2    1    1    1    1    1    1    1    1  0.00000E+00 0.00000 
    3    3    1    1    1    1    1    1    1    1  0.00000E+00 0.00000 
    4    4    1    1    1    1    1    1    1    1  0.00000E+00 0.00000 
    5    5    1    1    1    1    1    1    1    1  0.00000E+00 0.00000 
    6    6    1    1    1    1    1    1    1    1  0.00000E+00 0.00000 
    7    7    1    1    1    1    1    1    1    1  0.00000E+00 0.00000 
    8    8    1    1    1    1    1    1    1    1  0.00000E+00 0.00000 
    9    9    1    1    1    1    1    1    1    1  3.75494E+06 1.00000 
   10   10    1    1    1    1    1    1    1    1  2.38100E+07 1.00000 
   11   11    1    1    1    1    1    1    1    1  3.59269E+07 1.00000 
   12   12    1    1    1    1    1    1    1    1  1.89211E+07 1.00000 
   13   13    1    1    1    1    1    1    1    1  5.12137E+08 0.54512 
   14   14    1    1    1    1    1    1    1    1  1.39569E+09 0.45350 
   15   15    1    1    1    1    1    1    1    1  7.03738E+08 0.53798 
   16   16    1    1    1    1    1    1    1    1  4.66178E+08 0.58982 
   17   17    1    1    1    1    1    1    1    1  6.15244E+08 0.50303 
   18   18    1    1    1    1    1    1    1    1  8.66610E+08 0.27634 
   19   19    1    1    1    1    1    1    1    1  2.36022E+09 0.34780 
   20   20    1    1    1    1    1    1    1    1  8.00751E+09 0.18926 
   21   21    1    1    1    1    1    1    1    1  5.26251E+09 0.16386 
   22   22    1    1    1    1    1    1    1    1  1.16149E+10 0.14489 
   23   23    1    1    1    1    1    1    1    1  1.71122E+10 0.10771 
   24   24    1    1    1    1    1    1    1    1  2.84442E+10 0.09151 
   25   25    1    1    1    1    1    1    1    1  4.44922E+10 0.06501 
   26   26    1    1    1    1    1    1    1    1  7.48004E+10 0.05882 
   27   27    1    1    1    1    1    1    1    1  1.38445E+11 0.04152 
   28   28    1    1    1    1    1    1    1    1  3.28740E+11 0.02923 
   29   29    1    1    1    1    1    1    1    1  6.04217E+11 0.02266 
   30   30    1    1    1    1    1    1    1    1  1.66244E+12 0.01343 
   31   31    1    1    1    1    1    1    1    1  4.94241E+12 0.00656 
   32   32    1    1    1    1    1    1    1    1  8.98560E+12 0.00577 
   33   33    1    1    1    1    1    1    1    1  2.13940E+13 0.00365 
   34   34    1    1    1    1    1    1    1    1  3.01532E+13 0.00448 
   35   35    1    1    1    1    1    1    1    1  3.72363E+13 0.00343 
   36   36    1    1    1    1    1    1    1    1  2.44973E+13 0.00387 
   37   37    1    1    1    1    1    1    1    1  7.41493E+12 0.00359 
   38   38    1    1    1    1    1    1    1    1  4.21243E+13 0.00267 
   39   39    1    1    1    1    1    1    1    1  5.71777E+13 0.00168 
   40   40    1    1    1    1    1    1    1    1  9.89573E+13 0.00188 
   41   41    1    1    1    1    1    1    1    1  9.89603E+13 0.00156 
   42   42    1    1    1    1    1    1    1    1  2.14946E+14 0.00167 
   43   43    1    1    1    1    1    1    1    1  2.63207E+14 0.00100 
   44   44    1    1    1    1    1    1    1    1  3.85724E+14 0.00096 
   45   45    1    1    1    1    1    1    1    1  7.84970E+14 0.00062 
   46   46    1    1    1    1    1    1    1    1  3.66784E+14 0.00084 
   47   47    1    1    1    1    1    1    1    1  5.92961E+14 0.00082 
   48   48    1    1    1    1    1    1    1    1  8.34563E+14 0.00053 
   49   49    1    1    1    1    1    1    1    1  8.32403E+14 0.00054 
   50   50    1    1    1    1    1    1    1    1  1.31807E+15 0.00059 
   51   51    1    1    1    1    1    1    1    1  1.05232E+15 0.00062 
   52   52    1    1    1    1    1    1    1    1  1.27451E+15 0.00068 
   53   53    1    1    1    1    1    1    1    1  8.90350E+14 0.00067 
   54   54    1    1    1    1    1    1    1    1  1.10610E+15 0.00059 
   55   55    1    1    1    1    1    1    1    1  7.63560E+14 0.00087 
   56   56    1    1    1    1    1    1    1    1  1.03843E+14 0.00136 
   57   57    1    1    1    1    1    1    1    1  1.52651E+15 0.00060 
   58   58    1    1    1    1    1    1    1    1  6.93510E+14 0.00065 
   59   59    1    1    1    1    1    1    1    1  7.38593E+14 0.00049 
   60   60    1    1    1    1    1    1    1    1  5.83031E+14 0.00059 
   61   61    1    1    1    1    1    1    1    1  5.85091E+14 0.00059 
   62   62    1    1    1    1    1    1    1    1  6.12149E+14 0.00071 
   63   63    1    1    1    1    1    1    1    1  5.19508E+14 0.00071 
   64   64    1    1    1    1    1    1    1    1  4.15784E+14 0.00085 
   65   65    1    1    1    1    1    1    1    1  4.15353E+14 0.00104 
   66   66    1    1    1    1    1    1    1    1  3.00530E+14 0.00071 
   67   67    1    1    1    1    1    1    1    1  2.44112E+14 0.00092 
   68   68    1    1    1    1    1    1    1    1  2.19061E+14 0.00113 
   69   69    1    1    1    1    1    1    1    1  2.63171E+14 0.00093 
   70   70    1    1    1    1    1    1    1    1  2.24201E+14 0.00068 
   71   71    1    1    1    1    1    1    1    1  4.07804E+14 0.00114 
   72   72    1    1    1    1    1    1    1    1  2.88949E+14 0.00100 
   73   73    1    1    1    1    1    1    1    1  2.18518E+14 0.00103 
   74   74    1    1    1    1    1    1    1    1  1.77284E+14 0.00141 
   75   75    1    1    1    1    1    1    1    1  1.48174E+14 0.00148 
   76   76    1    1    1    1    1    1    1    1  1.73605E+14 0.00100 
   77   77    1    1    1    1    1    1    1    1  1.37726E+14 0.00169 
   78   78    1    1    1    1    1    1    1    1  1.10491E+14 0.00093 
   79   79    1    1    1    1    1    1    1    1  1.14571E+14 0.00186 
   80   80    1    1    1    1    1    1    1    1  8.49832E+13 0.00164 
   81   81    1    1    1    1    1    1    1    1  6.57764E+13 0.00205 
   82   82    1    1    1    1    1    1    1    1  5.04894E+13 0.00106 
   83   83    1    1    1    1    1    1    1    1  4.71275E+13 0.00200 
   84   84    1    1    1    1    1    1    1    1  3.37848E+13 0.00244 
   85   85    1    1    1    1    1    1    1    1  2.43815E+13 0.00291 
   86   86    1    1    1    1    1    1    1    1  2.27508E+13 0.00263 
   87   87    1    1    1    1    1    1    1    1  1.39422E+13 0.00397 
   88   88    1    1    1    1    1    1    1    1  9.32990E+12 0.00584 
   89   89    1    1    1    1    1    1    1    1  5.39250E+12 0.00584 
   90   90    1    1    1    1    1    1    1    1  3.59767E+12 0.00691 
   91   91    1    1    1    1    1    1    1    1  1.78498E+12 0.00959 
   92   92    1    1    1    1    1    1    1    1  8.56540E+11 0.01277 
   93   93    1    1    1    1    1    1    1    1  3.98348E+11 0.02424 
   94   94    1    1    1    1    1    1    1    1  1.96009E+11 0.03635 
   95   95    1    1    1    1    1    1    1    1  9.77223E+10 0.03262 
   96   96    1    1    1    1    1    1    1    1  4.07973E+10 0.11632 
   97   97    1    1    1    1    1    1    1    1  2.26095E+10 0.09689 
   98   98    1    1    1    1    1    1    1    1  1.08908E+10 0.15497 
   99   99    1    1    1    1    1    1    1    1  5.17573E+09 0.19092 
  100  100    1    1    1    1    1    1    1    1  6.17245E+09 0.32881 
];


