
DETdpaspec = [
    1    1    1    1    1    1    1    1    1    1  0.00000E+00 0.00000 
    2    2    1    1    1    1    1    1    1    1  0.00000E+00 0.00000 
    3    3    1    1    1    1    1    1    1    1  0.00000E+00 0.00000 
    4    4    1    1    1    1    1    1    1    1  0.00000E+00 0.00000 
    5    5    1    1    1    1    1    1    1    1  0.00000E+00 0.00000 
    6    6    1    1    1    1    1    1    1    1  9.77603E+06 1.00000 
    7    7    1    1    1    1    1    1    1    1  0.00000E+00 0.00000 
    8    8    1    1    1    1    1    1    1    1  9.37046E+06 1.00000 
    9    9    1    1    1    1    1    1    1    1  0.00000E+00 0.00000 
   10   10    1    1    1    1    1    1    1    1  0.00000E+00 0.00000 
   11   11    1    1    1    1    1    1    1    1  2.91319E+08 0.77423 
   12   12    1    1    1    1    1    1    1    1  5.87776E+07 0.68987 
   13   13    1    1    1    1    1    1    1    1  2.49818E+08 0.58044 
   14   14    1    1    1    1    1    1    1    1  1.94659E+09 0.59387 
   15   15    1    1    1    1    1    1    1    1  8.15748E+08 0.56202 
   16   16    1    1    1    1    1    1    1    1  2.18175E+08 0.84852 
   17   17    1    1    1    1    1    1    1    1  4.04873E+08 0.42856 
   18   18    1    1    1    1    1    1    1    1  8.35514E+08 0.44376 
   19   19    1    1    1    1    1    1    1    1  1.90472E+09 0.38173 
   20   20    1    1    1    1    1    1    1    1  3.01301E+09 0.20699 
   21   21    1    1    1    1    1    1    1    1  5.12598E+09 0.17826 
   22   22    1    1    1    1    1    1    1    1  8.64455E+09 0.15795 
   23   23    1    1    1    1    1    1    1    1  1.71042E+10 0.14485 
   24   24    1    1    1    1    1    1    1    1  3.37059E+10 0.07142 
   25   25    1    1    1    1    1    1    1    1  5.49730E+10 0.05704 
   26   26    1    1    1    1    1    1    1    1  1.13177E+11 0.05077 
   27   27    1    1    1    1    1    1    1    1  2.45530E+11 0.03385 
   28   28    1    1    1    1    1    1    1    1  6.33035E+11 0.01459 
   29   29    1    1    1    1    1    1    1    1  1.13289E+12 0.01418 
   30   30    1    1    1    1    1    1    1    1  2.71487E+12 0.01063 
   31   31    1    1    1    1    1    1    1    1  7.41306E+12 0.00593 
   32   32    1    1    1    1    1    1    1    1  1.26548E+13 0.00480 
   33   33    1    1    1    1    1    1    1    1  2.88701E+13 0.00265 
   34   34    1    1    1    1    1    1    1    1  3.93343E+13 0.00271 
   35   35    1    1    1    1    1    1    1    1  4.48993E+13 0.00235 
   36   36    1    1    1    1    1    1    1    1  2.82554E+13 0.00242 
   37   37    1    1    1    1    1    1    1    1  8.38909E+12 0.00299 
   38   38    1    1    1    1    1    1    1    1  4.82372E+13 0.00201 
   39   39    1    1    1    1    1    1    1    1  6.49003E+13 0.00172 
   40   40    1    1    1    1    1    1    1    1  1.11794E+14 0.00145 
   41   41    1    1    1    1    1    1    1    1  1.09988E+14 0.00147 
   42   42    1    1    1    1    1    1    1    1  2.38918E+14 0.00137 
   43   43    1    1    1    1    1    1    1    1  2.90278E+14 0.00156 
   44   44    1    1    1    1    1    1    1    1  4.22344E+14 0.00119 
   45   45    1    1    1    1    1    1    1    1  8.49104E+14 0.00071 
   46   46    1    1    1    1    1    1    1    1  3.90223E+14 0.00094 
   47   47    1    1    1    1    1    1    1    1  6.26547E+14 0.00066 
   48   48    1    1    1    1    1    1    1    1  8.73850E+14 0.00073 
   49   49    1    1    1    1    1    1    1    1  8.64133E+14 0.00055 
   50   50    1    1    1    1    1    1    1    1  1.36479E+15 0.00072 
   51   51    1    1    1    1    1    1    1    1  1.07550E+15 0.00063 
   52   52    1    1    1    1    1    1    1    1  1.30494E+15 0.00067 
   53   53    1    1    1    1    1    1    1    1  9.04190E+14 0.00070 
   54   54    1    1    1    1    1    1    1    1  1.12712E+15 0.00056 
   55   55    1    1    1    1    1    1    1    1  7.74382E+14 0.00066 
   56   56    1    1    1    1    1    1    1    1  1.05144E+14 0.00122 
   57   57    1    1    1    1    1    1    1    1  1.54035E+15 0.00065 
   58   58    1    1    1    1    1    1    1    1  7.03833E+14 0.00071 
   59   59    1    1    1    1    1    1    1    1  7.45850E+14 0.00069 
   60   60    1    1    1    1    1    1    1    1  5.91235E+14 0.00065 
   61   61    1    1    1    1    1    1    1    1  5.91630E+14 0.00057 
   62   62    1    1    1    1    1    1    1    1  6.18656E+14 0.00080 
   63   63    1    1    1    1    1    1    1    1  5.24207E+14 0.00078 
   64   64    1    1    1    1    1    1    1    1  4.18137E+14 0.00103 
   65   65    1    1    1    1    1    1    1    1  4.17440E+14 0.00090 
   66   66    1    1    1    1    1    1    1    1  3.01927E+14 0.00105 
   67   67    1    1    1    1    1    1    1    1  2.44463E+14 0.00114 
   68   68    1    1    1    1    1    1    1    1  2.18539E+14 0.00093 
   69   69    1    1    1    1    1    1    1    1  2.62585E+14 0.00119 
   70   70    1    1    1    1    1    1    1    1  2.23269E+14 0.00129 
   71   71    1    1    1    1    1    1    1    1  4.02926E+14 0.00150 
   72   72    1    1    1    1    1    1    1    1  2.84515E+14 0.00085 
   73   73    1    1    1    1    1    1    1    1  2.15186E+14 0.00136 
   74   74    1    1    1    1    1    1    1    1  1.74914E+14 0.00151 
   75   75    1    1    1    1    1    1    1    1  1.46635E+14 0.00140 
   76   76    1    1    1    1    1    1    1    1  1.72153E+14 0.00127 
   77   77    1    1    1    1    1    1    1    1  1.37886E+14 0.00153 
   78   78    1    1    1    1    1    1    1    1  1.10893E+14 0.00136 
   79   79    1    1    1    1    1    1    1    1  1.15081E+14 0.00158 
   80   80    1    1    1    1    1    1    1    1  8.57018E+13 0.00157 
   81   81    1    1    1    1    1    1    1    1  6.60321E+13 0.00221 
   82   82    1    1    1    1    1    1    1    1  5.05576E+13 0.00264 
   83   83    1    1    1    1    1    1    1    1  4.74185E+13 0.00243 
   84   84    1    1    1    1    1    1    1    1  3.40014E+13 0.00291 
   85   85    1    1    1    1    1    1    1    1  2.45182E+13 0.00287 
   86   86    1    1    1    1    1    1    1    1  2.30108E+13 0.00353 
   87   87    1    1    1    1    1    1    1    1  1.40971E+13 0.00431 
   88   88    1    1    1    1    1    1    1    1  9.40830E+12 0.00477 
   89   89    1    1    1    1    1    1    1    1  5.40522E+12 0.00683 
   90   90    1    1    1    1    1    1    1    1  3.52810E+12 0.00977 
   91   91    1    1    1    1    1    1    1    1  1.74338E+12 0.01255 
   92   92    1    1    1    1    1    1    1    1  8.57310E+11 0.01754 
   93   93    1    1    1    1    1    1    1    1  4.07795E+11 0.02201 
   94   94    1    1    1    1    1    1    1    1  1.94021E+11 0.04644 
   95   95    1    1    1    1    1    1    1    1  9.96366E+10 0.05345 
   96   96    1    1    1    1    1    1    1    1  4.48129E+10 0.05176 
   97   97    1    1    1    1    1    1    1    1  1.91009E+10 0.14315 
   98   98    1    1    1    1    1    1    1    1  9.93048E+09 0.14510 
   99   99    1    1    1    1    1    1    1    1  3.67717E+09 0.27186 
  100  100    1    1    1    1    1    1    1    1  4.80371E+09 0.21758 
];


