
DETdpaspec = [
    1    1    1    1    1    1    1    1    1    1  0.00000E+00 0.00000 
    2    2    1    1    1    1    1    1    1    1  0.00000E+00 0.00000 
    3    3    1    1    1    1    1    1    1    1  0.00000E+00 0.00000 
    4    4    1    1    1    1    1    1    1    1  0.00000E+00 0.00000 
    5    5    1    1    1    1    1    1    1    1  0.00000E+00 0.00000 
    6    6    1    1    1    1    1    1    1    1  0.00000E+00 0.00000 
    7    7    1    1    1    1    1    1    1    1  0.00000E+00 0.00000 
    8    8    1    1    1    1    1    1    1    1  0.00000E+00 0.00000 
    9    9    1    1    1    1    1    1    1    1  0.00000E+00 0.00000 
   10   10    1    1    1    1    1    1    1    1  0.00000E+00 0.00000 
   11   11    1    1    1    1    1    1    1    1  7.01153E+07 0.69099 
   12   12    1    1    1    1    1    1    1    1  4.49686E+06 1.00000 
   13   13    1    1    1    1    1    1    1    1  4.20624E+08 0.52954 
   14   14    1    1    1    1    1    1    1    1  7.96990E+08 0.68825 
   15   15    1    1    1    1    1    1    1    1  6.77783E+08 0.69439 
   16   16    1    1    1    1    1    1    1    1  8.77732E+08 0.47412 
   17   17    1    1    1    1    1    1    1    1  3.92197E+08 0.49506 
   18   18    1    1    1    1    1    1    1    1  1.83040E+09 0.25676 
   19   19    1    1    1    1    1    1    1    1  1.00318E+09 0.30406 
   20   20    1    1    1    1    1    1    1    1  6.40317E+09 0.20257 
   21   21    1    1    1    1    1    1    1    1  4.21188E+09 0.21564 
   22   22    1    1    1    1    1    1    1    1  1.03345E+10 0.13522 
   23   23    1    1    1    1    1    1    1    1  1.95730E+10 0.10458 
   24   24    1    1    1    1    1    1    1    1  3.75052E+10 0.09220 
   25   25    1    1    1    1    1    1    1    1  5.38297E+10 0.06516 
   26   26    1    1    1    1    1    1    1    1  9.45867E+10 0.04129 
   27   27    1    1    1    1    1    1    1    1  2.09168E+11 0.03128 
   28   28    1    1    1    1    1    1    1    1  5.21871E+11 0.02456 
   29   29    1    1    1    1    1    1    1    1  9.70051E+11 0.01728 
   30   30    1    1    1    1    1    1    1    1  2.43613E+12 0.01422 
   31   31    1    1    1    1    1    1    1    1  6.71391E+12 0.00627 
   32   32    1    1    1    1    1    1    1    1  1.16293E+13 0.00501 
   33   33    1    1    1    1    1    1    1    1  2.69462E+13 0.00355 
   34   34    1    1    1    1    1    1    1    1  3.68327E+13 0.00395 
   35   35    1    1    1    1    1    1    1    1  4.28037E+13 0.00324 
   36   36    1    1    1    1    1    1    1    1  2.72154E+13 0.00283 
   37   37    1    1    1    1    1    1    1    1  8.11781E+12 0.00287 
   38   38    1    1    1    1    1    1    1    1  4.65816E+13 0.00209 
   39   39    1    1    1    1    1    1    1    1  6.29210E+13 0.00180 
   40   40    1    1    1    1    1    1    1    1  1.08331E+14 0.00145 
   41   41    1    1    1    1    1    1    1    1  1.07278E+14 0.00107 
   42   42    1    1    1    1    1    1    1    1  2.32886E+14 0.00107 
   43   43    1    1    1    1    1    1    1    1  2.83488E+14 0.00101 
   44   44    1    1    1    1    1    1    1    1  4.13667E+14 0.00110 
   45   45    1    1    1    1    1    1    1    1  8.34640E+14 0.00092 
   46   46    1    1    1    1    1    1    1    1  3.85316E+14 0.00069 
   47   47    1    1    1    1    1    1    1    1  6.19009E+14 0.00078 
   48   48    1    1    1    1    1    1    1    1  8.65133E+14 0.00076 
   49   49    1    1    1    1    1    1    1    1  8.57490E+14 0.00056 
   50   50    1    1    1    1    1    1    1    1  1.35655E+15 0.00051 
   51   51    1    1    1    1    1    1    1    1  1.07026E+15 0.00071 
   52   52    1    1    1    1    1    1    1    1  1.29804E+15 0.00057 
   53   53    1    1    1    1    1    1    1    1  9.00486E+14 0.00060 
   54   54    1    1    1    1    1    1    1    1  1.12269E+15 0.00047 
   55   55    1    1    1    1    1    1    1    1  7.72863E+14 0.00056 
   56   56    1    1    1    1    1    1    1    1  1.05023E+14 0.00131 
   57   57    1    1    1    1    1    1    1    1  1.54058E+15 0.00047 
   58   58    1    1    1    1    1    1    1    1  7.02438E+14 0.00060 
   59   59    1    1    1    1    1    1    1    1  7.46460E+14 0.00066 
   60   60    1    1    1    1    1    1    1    1  5.91193E+14 0.00056 
   61   61    1    1    1    1    1    1    1    1  5.91175E+14 0.00074 
   62   62    1    1    1    1    1    1    1    1  6.18620E+14 0.00071 
   63   63    1    1    1    1    1    1    1    1  5.24450E+14 0.00075 
   64   64    1    1    1    1    1    1    1    1  4.19294E+14 0.00093 
   65   65    1    1    1    1    1    1    1    1  4.17573E+14 0.00086 
   66   66    1    1    1    1    1    1    1    1  3.01721E+14 0.00085 
   67   67    1    1    1    1    1    1    1    1  2.44846E+14 0.00084 
   68   68    1    1    1    1    1    1    1    1  2.19324E+14 0.00119 
   69   69    1    1    1    1    1    1    1    1  2.63070E+14 0.00116 
   70   70    1    1    1    1    1    1    1    1  2.23929E+14 0.00114 
   71   71    1    1    1    1    1    1    1    1  4.04344E+14 0.00098 
   72   72    1    1    1    1    1    1    1    1  2.86131E+14 0.00119 
   73   73    1    1    1    1    1    1    1    1  2.16612E+14 0.00114 
   74   74    1    1    1    1    1    1    1    1  1.75910E+14 0.00120 
   75   75    1    1    1    1    1    1    1    1  1.47667E+14 0.00144 
   76   76    1    1    1    1    1    1    1    1  1.73445E+14 0.00078 
   77   77    1    1    1    1    1    1    1    1  1.38357E+14 0.00115 
   78   78    1    1    1    1    1    1    1    1  1.11411E+14 0.00180 
   79   79    1    1    1    1    1    1    1    1  1.15214E+14 0.00141 
   80   80    1    1    1    1    1    1    1    1  8.55685E+13 0.00169 
   81   81    1    1    1    1    1    1    1    1  6.60176E+13 0.00172 
   82   82    1    1    1    1    1    1    1    1  5.07306E+13 0.00249 
   83   83    1    1    1    1    1    1    1    1  4.74274E+13 0.00190 
   84   84    1    1    1    1    1    1    1    1  3.41636E+13 0.00251 
   85   85    1    1    1    1    1    1    1    1  2.45367E+13 0.00421 
   86   86    1    1    1    1    1    1    1    1  2.29990E+13 0.00315 
   87   87    1    1    1    1    1    1    1    1  1.40838E+13 0.00396 
   88   88    1    1    1    1    1    1    1    1  9.48600E+12 0.00417 
   89   89    1    1    1    1    1    1    1    1  5.45151E+12 0.00795 
   90   90    1    1    1    1    1    1    1    1  3.58319E+12 0.00642 
   91   91    1    1    1    1    1    1    1    1  1.79267E+12 0.00999 
   92   92    1    1    1    1    1    1    1    1  8.94864E+11 0.01359 
   93   93    1    1    1    1    1    1    1    1  4.08350E+11 0.01551 
   94   94    1    1    1    1    1    1    1    1  1.96731E+11 0.03202 
   95   95    1    1    1    1    1    1    1    1  1.03109E+11 0.05106 
   96   96    1    1    1    1    1    1    1    1  4.74826E+10 0.06733 
   97   97    1    1    1    1    1    1    1    1  2.12467E+10 0.12830 
   98   98    1    1    1    1    1    1    1    1  7.33536E+09 0.18131 
   99   99    1    1    1    1    1    1    1    1  7.68066E+09 0.18790 
  100  100    1    1    1    1    1    1    1    1  5.26063E+09 0.27102 
];


