
DETdpaspec = [
    1    1    1    1    1    1    1    1    1    1  0.00000E+00 0.00000 
    2    2    1    1    1    1    1    1    1    1  0.00000E+00 0.00000 
    3    3    1    1    1    1    1    1    1    1  0.00000E+00 0.00000 
    4    4    1    1    1    1    1    1    1    1  0.00000E+00 0.00000 
    5    5    1    1    1    1    1    1    1    1  0.00000E+00 0.00000 
    6    6    1    1    1    1    1    1    1    1  0.00000E+00 0.00000 
    7    7    1    1    1    1    1    1    1    1  0.00000E+00 0.00000 
    8    8    1    1    1    1    1    1    1    1  0.00000E+00 0.00000 
    9    9    1    1    1    1    1    1    1    1  0.00000E+00 0.00000 
   10   10    1    1    1    1    1    1    1    1  0.00000E+00 0.00000 
   11   11    1    1    1    1    1    1    1    1  0.00000E+00 0.00000 
   12   12    1    1    1    1    1    1    1    1  4.08636E+07 1.00000 
   13   13    1    1    1    1    1    1    1    1  8.72619E+07 1.00000 
   14   14    1    1    1    1    1    1    1    1  5.48737E+07 1.00000 
   15   15    1    1    1    1    1    1    1    1  8.26791E+08 0.64948 
   16   16    1    1    1    1    1    1    1    1  4.21105E+08 0.68485 
   17   17    1    1    1    1    1    1    1    1  3.19195E+08 0.75536 
   18   18    1    1    1    1    1    1    1    1  1.13640E+09 0.32692 
   19   19    1    1    1    1    1    1    1    1  1.33799E+09 0.43272 
   20   20    1    1    1    1    1    1    1    1  6.78584E+09 0.23685 
   21   21    1    1    1    1    1    1    1    1  4.49854E+09 0.25687 
   22   22    1    1    1    1    1    1    1    1  8.89704E+09 0.14620 
   23   23    1    1    1    1    1    1    1    1  2.88354E+10 0.09107 
   24   24    1    1    1    1    1    1    1    1  8.84539E+10 0.06743 
   25   25    1    1    1    1    1    1    1    1  1.43222E+11 0.04808 
   26   26    1    1    1    1    1    1    1    1  3.28787E+11 0.02909 
   27   27    1    1    1    1    1    1    1    1  7.24692E+11 0.01725 
   28   28    1    1    1    1    1    1    1    1  1.60232E+12 0.01138 
   29   29    1    1    1    1    1    1    1    1  2.71645E+12 0.00838 
   30   30    1    1    1    1    1    1    1    1  5.69527E+12 0.00630 
   31   31    1    1    1    1    1    1    1    1  1.30494E+13 0.00339 
   32   32    1    1    1    1    1    1    1    1  2.03112E+13 0.00369 
   33   33    1    1    1    1    1    1    1    1  4.22321E+13 0.00225 
   34   34    1    1    1    1    1    1    1    1  5.42878E+13 0.00189 
   35   35    1    1    1    1    1    1    1    1  5.74608E+13 0.00287 
   36   36    1    1    1    1    1    1    1    1  3.45426E+13 0.00276 
   37   37    1    1    1    1    1    1    1    1  1.00906E+13 0.00314 
   38   38    1    1    1    1    1    1    1    1  5.82465E+13 0.00227 
   39   39    1    1    1    1    1    1    1    1  7.75053E+13 0.00229 
   40   40    1    1    1    1    1    1    1    1  1.31965E+14 0.00194 
   41   41    1    1    1    1    1    1    1    1  1.27357E+14 0.00169 
   42   42    1    1    1    1    1    1    1    1  2.75015E+14 0.00148 
   43   43    1    1    1    1    1    1    1    1  3.30167E+14 0.00095 
   44   44    1    1    1    1    1    1    1    1  4.73466E+14 0.00112 
   45   45    1    1    1    1    1    1    1    1  9.36022E+14 0.00070 
   46   46    1    1    1    1    1    1    1    1  4.20948E+14 0.00086 
   47   47    1    1    1    1    1    1    1    1  6.68872E+14 0.00069 
   48   48    1    1    1    1    1    1    1    1  9.20472E+14 0.00076 
   49   49    1    1    1    1    1    1    1    1  9.00855E+14 0.00044 
   50   50    1    1    1    1    1    1    1    1  1.41143E+15 0.00063 
   51   51    1    1    1    1    1    1    1    1  1.09380E+15 0.00062 
   52   52    1    1    1    1    1    1    1    1  1.32333E+15 0.00061 
   53   53    1    1    1    1    1    1    1    1  9.06884E+14 0.00054 
   54   54    1    1    1    1    1    1    1    1  1.12906E+15 0.00058 
   55   55    1    1    1    1    1    1    1    1  7.71648E+14 0.00063 
   56   56    1    1    1    1    1    1    1    1  1.04209E+14 0.00106 
   57   57    1    1    1    1    1    1    1    1  1.52539E+15 0.00048 
   58   58    1    1    1    1    1    1    1    1  6.97612E+14 0.00052 
   59   59    1    1    1    1    1    1    1    1  7.34657E+14 0.00080 
   60   60    1    1    1    1    1    1    1    1  5.82829E+14 0.00077 
   61   61    1    1    1    1    1    1    1    1  5.80697E+14 0.00063 
   62   62    1    1    1    1    1    1    1    1  6.05966E+14 0.00049 
   63   63    1    1    1    1    1    1    1    1  5.11405E+14 0.00066 
   64   64    1    1    1    1    1    1    1    1  4.07644E+14 0.00101 
   65   65    1    1    1    1    1    1    1    1  4.05251E+14 0.00056 
   66   66    1    1    1    1    1    1    1    1  2.91941E+14 0.00094 
   67   67    1    1    1    1    1    1    1    1  2.35782E+14 0.00103 
   68   68    1    1    1    1    1    1    1    1  2.10347E+14 0.00110 
   69   69    1    1    1    1    1    1    1    1  2.51476E+14 0.00112 
   70   70    1    1    1    1    1    1    1    1  2.13331E+14 0.00135 
   71   71    1    1    1    1    1    1    1    1  3.81267E+14 0.00093 
   72   72    1    1    1    1    1    1    1    1  2.68262E+14 0.00099 
   73   73    1    1    1    1    1    1    1    1  2.02175E+14 0.00120 
   74   74    1    1    1    1    1    1    1    1  1.64530E+14 0.00154 
   75   75    1    1    1    1    1    1    1    1  1.38841E+14 0.00124 
   76   76    1    1    1    1    1    1    1    1  1.63080E+14 0.00138 
   77   77    1    1    1    1    1    1    1    1  1.30358E+14 0.00156 
   78   78    1    1    1    1    1    1    1    1  1.04869E+14 0.00165 
   79   79    1    1    1    1    1    1    1    1  1.08687E+14 0.00147 
   80   80    1    1    1    1    1    1    1    1  8.10654E+13 0.00186 
   81   81    1    1    1    1    1    1    1    1  6.22039E+13 0.00161 
   82   82    1    1    1    1    1    1    1    1  4.78393E+13 0.00266 
   83   83    1    1    1    1    1    1    1    1  4.48399E+13 0.00220 
   84   84    1    1    1    1    1    1    1    1  3.20597E+13 0.00292 
   85   85    1    1    1    1    1    1    1    1  2.30159E+13 0.00320 
   86   86    1    1    1    1    1    1    1    1  2.15724E+13 0.00243 
   87   87    1    1    1    1    1    1    1    1  1.30590E+13 0.00432 
   88   88    1    1    1    1    1    1    1    1  8.77083E+12 0.00368 
   89   89    1    1    1    1    1    1    1    1  5.00630E+12 0.00787 
   90   90    1    1    1    1    1    1    1    1  3.30104E+12 0.00743 
   91   91    1    1    1    1    1    1    1    1  1.61443E+12 0.01193 
   92   92    1    1    1    1    1    1    1    1  8.02732E+11 0.02576 
   93   93    1    1    1    1    1    1    1    1  3.73131E+11 0.02732 
   94   94    1    1    1    1    1    1    1    1  1.75114E+11 0.03399 
   95   95    1    1    1    1    1    1    1    1  8.22539E+10 0.05616 
   96   96    1    1    1    1    1    1    1    1  4.21644E+10 0.05571 
   97   97    1    1    1    1    1    1    1    1  1.98838E+10 0.09532 
   98   98    1    1    1    1    1    1    1    1  1.02989E+10 0.17690 
   99   99    1    1    1    1    1    1    1    1  4.03767E+09 0.30194 
  100  100    1    1    1    1    1    1    1    1  3.57288E+09 0.27351 
];


