
DETdpaspec = [
    1    1    1    1    1    1    1    1    1    1  0.00000E+00 0.00000 
    2    2    1    1    1    1    1    1    1    1  0.00000E+00 0.00000 
    3    3    1    1    1    1    1    1    1    1  0.00000E+00 0.00000 
    4    4    1    1    1    1    1    1    1    1  0.00000E+00 0.00000 
    5    5    1    1    1    1    1    1    1    1  0.00000E+00 0.00000 
    6    6    1    1    1    1    1    1    1    1  0.00000E+00 0.00000 
    7    7    1    1    1    1    1    1    1    1  0.00000E+00 0.00000 
    8    8    1    1    1    1    1    1    1    1  0.00000E+00 0.00000 
    9    9    1    1    1    1    1    1    1    1  0.00000E+00 0.00000 
   10   10    1    1    1    1    1    1    1    1  4.73073E+07 0.68921 
   11   11    1    1    1    1    1    1    1    1  8.57280E+07 0.72830 
   12   12    1    1    1    1    1    1    1    1  3.82876E+07 0.57993 
   13   13    1    1    1    1    1    1    1    1  9.43157E+07 1.00000 
   14   14    1    1    1    1    1    1    1    1  6.94648E+08 0.53352 
   15   15    1    1    1    1    1    1    1    1  1.23072E+09 0.34723 
   16   16    1    1    1    1    1    1    1    1  7.97633E+08 0.32707 
   17   17    1    1    1    1    1    1    1    1  7.39832E+08 0.43641 
   18   18    1    1    1    1    1    1    1    1  1.67222E+09 0.27073 
   19   19    1    1    1    1    1    1    1    1  1.36240E+09 0.31842 
   20   20    1    1    1    1    1    1    1    1  8.04467E+09 0.18340 
   21   21    1    1    1    1    1    1    1    1  5.20608E+09 0.12113 
   22   22    1    1    1    1    1    1    1    1  1.85494E+10 0.10148 
   23   23    1    1    1    1    1    1    1    1  2.25365E+10 0.10832 
   24   24    1    1    1    1    1    1    1    1  4.20220E+10 0.08438 
   25   25    1    1    1    1    1    1    1    1  4.91607E+10 0.06451 
   26   26    1    1    1    1    1    1    1    1  7.57049E+10 0.05971 
   27   27    1    1    1    1    1    1    1    1  1.41538E+11 0.03481 
   28   28    1    1    1    1    1    1    1    1  3.09949E+11 0.03128 
   29   29    1    1    1    1    1    1    1    1  4.68255E+11 0.02664 
   30   30    1    1    1    1    1    1    1    1  1.35304E+12 0.01761 
   31   31    1    1    1    1    1    1    1    1  4.23931E+12 0.00776 
   32   32    1    1    1    1    1    1    1    1  7.94780E+12 0.00320 
   33   33    1    1    1    1    1    1    1    1  1.91664E+13 0.00249 
   34   34    1    1    1    1    1    1    1    1  2.69478E+13 0.00346 
   35   35    1    1    1    1    1    1    1    1  3.48038E+13 0.00306 
   36   36    1    1    1    1    1    1    1    1  2.33662E+13 0.00252 
   37   37    1    1    1    1    1    1    1    1  7.09691E+12 0.00245 
   38   38    1    1    1    1    1    1    1    1  4.01835E+13 0.00181 
   39   39    1    1    1    1    1    1    1    1  5.45985E+13 0.00155 
   40   40    1    1    1    1    1    1    1    1  9.44134E+13 0.00166 
   41   41    1    1    1    1    1    1    1    1  9.57233E+13 0.00196 
   42   42    1    1    1    1    1    1    1    1  2.06849E+14 0.00118 
   43   43    1    1    1    1    1    1    1    1  2.54252E+14 0.00135 
   44   44    1    1    1    1    1    1    1    1  3.73461E+14 0.00116 
   45   45    1    1    1    1    1    1    1    1  7.58390E+14 0.00065 
   46   46    1    1    1    1    1    1    1    1  3.58006E+14 0.00085 
   47   47    1    1    1    1    1    1    1    1  5.81123E+14 0.00081 
   48   48    1    1    1    1    1    1    1    1  8.18877E+14 0.00057 
   49   49    1    1    1    1    1    1    1    1  8.19732E+14 0.00080 
   50   50    1    1    1    1    1    1    1    1  1.29766E+15 0.00071 
   51   51    1    1    1    1    1    1    1    1  1.04371E+15 0.00071 
   52   52    1    1    1    1    1    1    1    1  1.25715E+15 0.00063 
   53   53    1    1    1    1    1    1    1    1  8.82493E+14 0.00084 
   54   54    1    1    1    1    1    1    1    1  1.08870E+15 0.00060 
   55   55    1    1    1    1    1    1    1    1  7.53852E+14 0.00059 
   56   56    1    1    1    1    1    1    1    1  1.02899E+14 0.00148 
   57   57    1    1    1    1    1    1    1    1  1.51026E+15 0.00056 
   58   58    1    1    1    1    1    1    1    1  6.81164E+14 0.00056 
   59   59    1    1    1    1    1    1    1    1  7.27398E+14 0.00086 
   60   60    1    1    1    1    1    1    1    1  5.71454E+14 0.00069 
   61   61    1    1    1    1    1    1    1    1  5.74915E+14 0.00082 
   62   62    1    1    1    1    1    1    1    1  6.01047E+14 0.00073 
   63   63    1    1    1    1    1    1    1    1  5.09827E+14 0.00079 
   64   64    1    1    1    1    1    1    1    1  4.07852E+14 0.00102 
   65   65    1    1    1    1    1    1    1    1  4.07260E+14 0.00090 
   66   66    1    1    1    1    1    1    1    1  2.94835E+14 0.00093 
   67   67    1    1    1    1    1    1    1    1  2.40911E+14 0.00118 
   68   68    1    1    1    1    1    1    1    1  2.16196E+14 0.00099 
   69   69    1    1    1    1    1    1    1    1  2.59800E+14 0.00092 
   70   70    1    1    1    1    1    1    1    1  2.21627E+14 0.00148 
   71   71    1    1    1    1    1    1    1    1  4.05043E+14 0.00108 
   72   72    1    1    1    1    1    1    1    1  2.87321E+14 0.00084 
   73   73    1    1    1    1    1    1    1    1  2.17908E+14 0.00113 
   74   74    1    1    1    1    1    1    1    1  1.75918E+14 0.00129 
   75   75    1    1    1    1    1    1    1    1  1.46106E+14 0.00165 
   76   76    1    1    1    1    1    1    1    1  1.70058E+14 0.00168 
   77   77    1    1    1    1    1    1    1    1  1.34728E+14 0.00116 
   78   78    1    1    1    1    1    1    1    1  1.07617E+14 0.00147 
   79   79    1    1    1    1    1    1    1    1  1.11655E+14 0.00200 
   80   80    1    1    1    1    1    1    1    1  8.28355E+13 0.00144 
   81   81    1    1    1    1    1    1    1    1  6.34361E+13 0.00166 
   82   82    1    1    1    1    1    1    1    1  4.90509E+13 0.00268 
   83   83    1    1    1    1    1    1    1    1  4.56049E+13 0.00232 
   84   84    1    1    1    1    1    1    1    1  3.26699E+13 0.00207 
   85   85    1    1    1    1    1    1    1    1  2.37115E+13 0.00341 
   86   86    1    1    1    1    1    1    1    1  2.22229E+13 0.00453 
   87   87    1    1    1    1    1    1    1    1  1.36813E+13 0.00366 
   88   88    1    1    1    1    1    1    1    1  9.12514E+12 0.00439 
   89   89    1    1    1    1    1    1    1    1  5.20317E+12 0.00836 
   90   90    1    1    1    1    1    1    1    1  3.51498E+12 0.01109 
   91   91    1    1    1    1    1    1    1    1  1.74301E+12 0.00826 
   92   92    1    1    1    1    1    1    1    1  8.68975E+11 0.01658 
   93   93    1    1    1    1    1    1    1    1  3.99468E+11 0.03326 
   94   94    1    1    1    1    1    1    1    1  2.06277E+11 0.04976 
   95   95    1    1    1    1    1    1    1    1  9.32775E+10 0.05184 
   96   96    1    1    1    1    1    1    1    1  4.13782E+10 0.09780 
   97   97    1    1    1    1    1    1    1    1  2.32136E+10 0.11056 
   98   98    1    1    1    1    1    1    1    1  1.03095E+10 0.14846 
   99   99    1    1    1    1    1    1    1    1  5.02861E+09 0.17550 
  100  100    1    1    1    1    1    1    1    1  3.68659E+09 0.21730 
];


