
DETdpaspec = [
    1    1    1    1    1    1    1    1    1    1  0.00000E+00 0.00000 
    2    2    1    1    1    1    1    1    1    1  0.00000E+00 0.00000 
    3    3    1    1    1    1    1    1    1    1  0.00000E+00 0.00000 
    4    4    1    1    1    1    1    1    1    1  0.00000E+00 0.00000 
    5    5    1    1    1    1    1    1    1    1  0.00000E+00 0.00000 
    6    6    1    1    1    1    1    1    1    1  0.00000E+00 0.00000 
    7    7    1    1    1    1    1    1    1    1  0.00000E+00 0.00000 
    8    8    1    1    1    1    1    1    1    1  1.00094E+07 1.00000 
    9    9    1    1    1    1    1    1    1    1  0.00000E+00 0.00000 
   10   10    1    1    1    1    1    1    1    1  0.00000E+00 0.00000 
   11   11    1    1    1    1    1    1    1    1  1.61875E+08 0.70454 
   12   12    1    1    1    1    1    1    1    1  0.00000E+00 0.00000 
   13   13    1    1    1    1    1    1    1    1  2.11249E+08 0.55047 
   14   14    1    1    1    1    1    1    1    1  7.40308E+08 0.66861 
   15   15    1    1    1    1    1    1    1    1  2.36077E+08 0.58276 
   16   16    1    1    1    1    1    1    1    1  2.66143E+08 0.53856 
   17   17    1    1    1    1    1    1    1    1  1.03359E+09 0.39443 
   18   18    1    1    1    1    1    1    1    1  2.75633E+09 0.33646 
   19   19    1    1    1    1    1    1    1    1  1.80169E+09 0.30848 
   20   20    1    1    1    1    1    1    1    1  5.08155E+09 0.21442 
   21   21    1    1    1    1    1    1    1    1  7.31528E+09 0.15845 
   22   22    1    1    1    1    1    1    1    1  1.13182E+10 0.14062 
   23   23    1    1    1    1    1    1    1    1  2.39690E+10 0.12037 
   24   24    1    1    1    1    1    1    1    1  3.95218E+10 0.06786 
   25   25    1    1    1    1    1    1    1    1  4.89881E+10 0.07182 
   26   26    1    1    1    1    1    1    1    1  8.14277E+10 0.04425 
   27   27    1    1    1    1    1    1    1    1  1.41376E+11 0.03295 
   28   28    1    1    1    1    1    1    1    1  2.87558E+11 0.03071 
   29   29    1    1    1    1    1    1    1    1  5.07048E+11 0.02097 
   30   30    1    1    1    1    1    1    1    1  1.39451E+12 0.01489 
   31   31    1    1    1    1    1    1    1    1  4.39722E+12 0.00834 
   32   32    1    1    1    1    1    1    1    1  8.21230E+12 0.00738 
   33   33    1    1    1    1    1    1    1    1  1.96316E+13 0.00324 
   34   34    1    1    1    1    1    1    1    1  2.75947E+13 0.00267 
   35   35    1    1    1    1    1    1    1    1  3.52194E+13 0.00255 
   36   36    1    1    1    1    1    1    1    1  2.36786E+13 0.00258 
   37   37    1    1    1    1    1    1    1    1  7.19899E+12 0.00205 
   38   38    1    1    1    1    1    1    1    1  4.07334E+13 0.00217 
   39   39    1    1    1    1    1    1    1    1  5.50798E+13 0.00152 
   40   40    1    1    1    1    1    1    1    1  9.51400E+13 0.00159 
   41   41    1    1    1    1    1    1    1    1  9.61146E+13 0.00172 
   42   42    1    1    1    1    1    1    1    1  2.08128E+14 0.00117 
   43   43    1    1    1    1    1    1    1    1  2.56189E+14 0.00115 
   44   44    1    1    1    1    1    1    1    1  3.77009E+14 0.00086 
   45   45    1    1    1    1    1    1    1    1  7.64855E+14 0.00052 
   46   46    1    1    1    1    1    1    1    1  3.60026E+14 0.00084 
   47   47    1    1    1    1    1    1    1    1  5.83965E+14 0.00073 
   48   48    1    1    1    1    1    1    1    1  8.23298E+14 0.00087 
   49   49    1    1    1    1    1    1    1    1  8.22470E+14 0.00059 
   50   50    1    1    1    1    1    1    1    1  1.30034E+15 0.00053 
   51   51    1    1    1    1    1    1    1    1  1.04490E+15 0.00051 
   52   52    1    1    1    1    1    1    1    1  1.26095E+15 0.00065 
   53   53    1    1    1    1    1    1    1    1  8.83709E+14 0.00080 
   54   54    1    1    1    1    1    1    1    1  1.09337E+15 0.00055 
   55   55    1    1    1    1    1    1    1    1  7.56452E+14 0.00056 
   56   56    1    1    1    1    1    1    1    1  1.03049E+14 0.00097 
   57   57    1    1    1    1    1    1    1    1  1.51447E+15 0.00047 
   58   58    1    1    1    1    1    1    1    1  6.83731E+14 0.00073 
   59   59    1    1    1    1    1    1    1    1  7.30879E+14 0.00073 
   60   60    1    1    1    1    1    1    1    1  5.74586E+14 0.00068 
   61   61    1    1    1    1    1    1    1    1  5.77499E+14 0.00067 
   62   62    1    1    1    1    1    1    1    1  6.04164E+14 0.00083 
   63   63    1    1    1    1    1    1    1    1  5.12151E+14 0.00066 
   64   64    1    1    1    1    1    1    1    1  4.09950E+14 0.00081 
   65   65    1    1    1    1    1    1    1    1  4.09788E+14 0.00090 
   66   66    1    1    1    1    1    1    1    1  2.96821E+14 0.00090 
   67   67    1    1    1    1    1    1    1    1  2.41508E+14 0.00109 
   68   68    1    1    1    1    1    1    1    1  2.17081E+14 0.00127 
   69   69    1    1    1    1    1    1    1    1  2.60452E+14 0.00119 
   70   70    1    1    1    1    1    1    1    1  2.22961E+14 0.00124 
   71   71    1    1    1    1    1    1    1    1  4.05856E+14 0.00090 
   72   72    1    1    1    1    1    1    1    1  2.88452E+14 0.00113 
   73   73    1    1    1    1    1    1    1    1  2.17862E+14 0.00092 
   74   74    1    1    1    1    1    1    1    1  1.76016E+14 0.00127 
   75   75    1    1    1    1    1    1    1    1  1.46668E+14 0.00142 
   76   76    1    1    1    1    1    1    1    1  1.70879E+14 0.00117 
   77   77    1    1    1    1    1    1    1    1  1.35789E+14 0.00126 
   78   78    1    1    1    1    1    1    1    1  1.08365E+14 0.00142 
   79   79    1    1    1    1    1    1    1    1  1.12193E+14 0.00126 
   80   80    1    1    1    1    1    1    1    1  8.34039E+13 0.00181 
   81   81    1    1    1    1    1    1    1    1  6.41816E+13 0.00204 
   82   82    1    1    1    1    1    1    1    1  4.92946E+13 0.00215 
   83   83    1    1    1    1    1    1    1    1  4.59992E+13 0.00195 
   84   84    1    1    1    1    1    1    1    1  3.31686E+13 0.00222 
   85   85    1    1    1    1    1    1    1    1  2.38126E+13 0.00411 
   86   86    1    1    1    1    1    1    1    1  2.23279E+13 0.00414 
   87   87    1    1    1    1    1    1    1    1  1.37526E+13 0.00357 
   88   88    1    1    1    1    1    1    1    1  9.25785E+12 0.00581 
   89   89    1    1    1    1    1    1    1    1  5.29295E+12 0.00702 
   90   90    1    1    1    1    1    1    1    1  3.51836E+12 0.00935 
   91   91    1    1    1    1    1    1    1    1  1.77517E+12 0.00955 
   92   92    1    1    1    1    1    1    1    1  8.34634E+11 0.02127 
   93   93    1    1    1    1    1    1    1    1  4.31063E+11 0.01790 
   94   94    1    1    1    1    1    1    1    1  1.97771E+11 0.03935 
   95   95    1    1    1    1    1    1    1    1  9.11210E+10 0.04985 
   96   96    1    1    1    1    1    1    1    1  4.29698E+10 0.08762 
   97   97    1    1    1    1    1    1    1    1  1.93677E+10 0.09216 
   98   98    1    1    1    1    1    1    1    1  7.90647E+09 0.20451 
   99   99    1    1    1    1    1    1    1    1  5.39073E+09 0.26822 
  100  100    1    1    1    1    1    1    1    1  3.20245E+09 0.25477 
];


