
DETdpaspec = [
    1    1    1    1    1    1    1    1    1    1  0.00000E+00 0.00000 
    2    2    1    1    1    1    1    1    1    1  0.00000E+00 0.00000 
    3    3    1    1    1    1    1    1    1    1  0.00000E+00 0.00000 
    4    4    1    1    1    1    1    1    1    1  0.00000E+00 0.00000 
    5    5    1    1    1    1    1    1    1    1  0.00000E+00 0.00000 
    6    6    1    1    1    1    1    1    1    1  0.00000E+00 0.00000 
    7    7    1    1    1    1    1    1    1    1  0.00000E+00 0.00000 
    8    8    1    1    1    1    1    1    1    1  0.00000E+00 0.00000 
    9    9    1    1    1    1    1    1    1    1  0.00000E+00 0.00000 
   10   10    1    1    1    1    1    1    1    1  0.00000E+00 0.00000 
   11   11    1    1    1    1    1    1    1    1  0.00000E+00 0.00000 
   12   12    1    1    1    1    1    1    1    1  2.80556E+06 1.00000 
   13   13    1    1    1    1    1    1    1    1  4.31610E+08 0.57123 
   14   14    1    1    1    1    1    1    1    1  6.38602E+08 0.56846 
   15   15    1    1    1    1    1    1    1    1  9.87531E+08 0.45468 
   16   16    1    1    1    1    1    1    1    1  1.45822E+08 0.75307 
   17   17    1    1    1    1    1    1    1    1  9.48406E+08 0.42524 
   18   18    1    1    1    1    1    1    1    1  1.75756E+09 0.25022 
   19   19    1    1    1    1    1    1    1    1  7.72687E+08 0.59135 
   20   20    1    1    1    1    1    1    1    1  6.39224E+09 0.22059 
   21   21    1    1    1    1    1    1    1    1  3.93085E+09 0.19228 
   22   22    1    1    1    1    1    1    1    1  1.19012E+10 0.11841 
   23   23    1    1    1    1    1    1    1    1  1.81264E+10 0.13805 
   24   24    1    1    1    1    1    1    1    1  4.24838E+10 0.09873 
   25   25    1    1    1    1    1    1    1    1  6.22616E+10 0.05467 
   26   26    1    1    1    1    1    1    1    1  1.33511E+11 0.03715 
   27   27    1    1    1    1    1    1    1    1  3.02531E+11 0.03710 
   28   28    1    1    1    1    1    1    1    1  7.36264E+11 0.01947 
   29   29    1    1    1    1    1    1    1    1  1.29057E+12 0.01123 
   30   30    1    1    1    1    1    1    1    1  3.09850E+12 0.01021 
   31   31    1    1    1    1    1    1    1    1  8.13537E+12 0.00645 
   32   32    1    1    1    1    1    1    1    1  1.38100E+13 0.00373 
   33   33    1    1    1    1    1    1    1    1  3.10039E+13 0.00311 
   34   34    1    1    1    1    1    1    1    1  4.16048E+13 0.00308 
   35   35    1    1    1    1    1    1    1    1  4.68963E+13 0.00214 
   36   36    1    1    1    1    1    1    1    1  2.93477E+13 0.00193 
   37   37    1    1    1    1    1    1    1    1  8.71397E+12 0.00183 
   38   38    1    1    1    1    1    1    1    1  4.98844E+13 0.00175 
   39   39    1    1    1    1    1    1    1    1  6.69262E+13 0.00153 
   40   40    1    1    1    1    1    1    1    1  1.15002E+14 0.00150 
   41   41    1    1    1    1    1    1    1    1  1.12935E+14 0.00141 
   42   42    1    1    1    1    1    1    1    1  2.45248E+14 0.00115 
   43   43    1    1    1    1    1    1    1    1  2.97248E+14 0.00079 
   44   44    1    1    1    1    1    1    1    1  4.31391E+14 0.00118 
   45   45    1    1    1    1    1    1    1    1  8.66781E+14 0.00084 
   46   46    1    1    1    1    1    1    1    1  3.96539E+14 0.00074 
   47   47    1    1    1    1    1    1    1    1  6.34799E+14 0.00058 
   48   48    1    1    1    1    1    1    1    1  8.82502E+14 0.00054 
   49   49    1    1    1    1    1    1    1    1  8.70683E+14 0.00072 
   50   50    1    1    1    1    1    1    1    1  1.37526E+15 0.00070 
   51   51    1    1    1    1    1    1    1    1  1.07777E+15 0.00050 
   52   52    1    1    1    1    1    1    1    1  1.30775E+15 0.00043 
   53   53    1    1    1    1    1    1    1    1  9.04775E+14 0.00051 
   54   54    1    1    1    1    1    1    1    1  1.12786E+15 0.00046 
   55   55    1    1    1    1    1    1    1    1  7.75162E+14 0.00072 
   56   56    1    1    1    1    1    1    1    1  1.04908E+14 0.00113 
   57   57    1    1    1    1    1    1    1    1  1.53939E+15 0.00049 
   58   58    1    1    1    1    1    1    1    1  7.04183E+14 0.00067 
   59   59    1    1    1    1    1    1    1    1  7.46197E+14 0.00070 
   60   60    1    1    1    1    1    1    1    1  5.91416E+14 0.00061 
   61   61    1    1    1    1    1    1    1    1  5.91450E+14 0.00076 
   62   62    1    1    1    1    1    1    1    1  6.18082E+14 0.00081 
   63   63    1    1    1    1    1    1    1    1  5.23317E+14 0.00065 
   64   64    1    1    1    1    1    1    1    1  4.17779E+14 0.00083 
   65   65    1    1    1    1    1    1    1    1  4.17154E+14 0.00074 
   66   66    1    1    1    1    1    1    1    1  3.01246E+14 0.00092 
   67   67    1    1    1    1    1    1    1    1  2.44126E+14 0.00062 
   68   68    1    1    1    1    1    1    1    1  2.17972E+14 0.00128 
   69   69    1    1    1    1    1    1    1    1  2.61616E+14 0.00104 
   70   70    1    1    1    1    1    1    1    1  2.22055E+14 0.00082 
   71   71    1    1    1    1    1    1    1    1  3.99486E+14 0.00079 
   72   72    1    1    1    1    1    1    1    1  2.82231E+14 0.00118 
   73   73    1    1    1    1    1    1    1    1  2.13806E+14 0.00131 
   74   74    1    1    1    1    1    1    1    1  1.73670E+14 0.00109 
   75   75    1    1    1    1    1    1    1    1  1.45635E+14 0.00116 
   76   76    1    1    1    1    1    1    1    1  1.71111E+14 0.00133 
   77   77    1    1    1    1    1    1    1    1  1.37090E+14 0.00130 
   78   78    1    1    1    1    1    1    1    1  1.10283E+14 0.00121 
   79   79    1    1    1    1    1    1    1    1  1.14278E+14 0.00186 
   80   80    1    1    1    1    1    1    1    1  8.52208E+13 0.00195 
   81   81    1    1    1    1    1    1    1    1  6.54480E+13 0.00199 
   82   82    1    1    1    1    1    1    1    1  5.04172E+13 0.00247 
   83   83    1    1    1    1    1    1    1    1  4.69773E+13 0.00168 
   84   84    1    1    1    1    1    1    1    1  3.38795E+13 0.00320 
   85   85    1    1    1    1    1    1    1    1  2.45314E+13 0.00350 
   86   86    1    1    1    1    1    1    1    1  2.27804E+13 0.00330 
   87   87    1    1    1    1    1    1    1    1  1.39052E+13 0.00330 
   88   88    1    1    1    1    1    1    1    1  9.27382E+12 0.00504 
   89   89    1    1    1    1    1    1    1    1  5.28734E+12 0.00784 
   90   90    1    1    1    1    1    1    1    1  3.48685E+12 0.00991 
   91   91    1    1    1    1    1    1    1    1  1.75754E+12 0.01145 
   92   92    1    1    1    1    1    1    1    1  8.58906E+11 0.01326 
   93   93    1    1    1    1    1    1    1    1  4.14209E+11 0.02369 
   94   94    1    1    1    1    1    1    1    1  1.95843E+11 0.04399 
   95   95    1    1    1    1    1    1    1    1  8.83466E+10 0.04264 
   96   96    1    1    1    1    1    1    1    1  4.49211E+10 0.07082 
   97   97    1    1    1    1    1    1    1    1  1.75540E+10 0.12084 
   98   98    1    1    1    1    1    1    1    1  1.26806E+10 0.13487 
   99   99    1    1    1    1    1    1    1    1  4.61774E+09 0.31204 
  100  100    1    1    1    1    1    1    1    1  3.77228E+09 0.24984 
];


