
DETdpaspec = [
    1    1    1    1    1    1    1    1    1    1  0.00000E+00 0.00000 
    2    2    1    1    1    1    1    1    1    1  0.00000E+00 0.00000 
    3    3    1    1    1    1    1    1    1    1  0.00000E+00 0.00000 
    4    4    1    1    1    1    1    1    1    1  0.00000E+00 0.00000 
    5    5    1    1    1    1    1    1    1    1  0.00000E+00 0.00000 
    6    6    1    1    1    1    1    1    1    1  0.00000E+00 0.00000 
    7    7    1    1    1    1    1    1    1    1  8.36116E+06 1.00000 
    8    8    1    1    1    1    1    1    1    1  6.56148E+06 1.00000 
    9    9    1    1    1    1    1    1    1    1  7.11942E+06 1.00000 
   10   10    1    1    1    1    1    1    1    1  0.00000E+00 0.00000 
   11   11    1    1    1    1    1    1    1    1  3.47760E+07 1.00000 
   12   12    1    1    1    1    1    1    1    1  0.00000E+00 0.00000 
   13   13    1    1    1    1    1    1    1    1  3.80758E+08 0.68644 
   14   14    1    1    1    1    1    1    1    1  8.80934E+08 0.61400 
   15   15    1    1    1    1    1    1    1    1  8.08159E+08 0.34606 
   16   16    1    1    1    1    1    1    1    1  8.36611E+08 0.35112 
   17   17    1    1    1    1    1    1    1    1  7.75022E+08 0.35235 
   18   18    1    1    1    1    1    1    1    1  2.38379E+09 0.22836 
   19   19    1    1    1    1    1    1    1    1  2.84039E+09 0.27483 
   20   20    1    1    1    1    1    1    1    1  7.89118E+09 0.23210 
   21   21    1    1    1    1    1    1    1    1  6.26363E+09 0.10481 
   22   22    1    1    1    1    1    1    1    1  1.31138E+10 0.08837 
   23   23    1    1    1    1    1    1    1    1  2.10743E+10 0.11357 
   24   24    1    1    1    1    1    1    1    1  3.40686E+10 0.07214 
   25   25    1    1    1    1    1    1    1    1  4.39021E+10 0.07733 
   26   26    1    1    1    1    1    1    1    1  7.75514E+10 0.06882 
   27   27    1    1    1    1    1    1    1    1  1.41117E+11 0.02861 
   28   28    1    1    1    1    1    1    1    1  3.24950E+11 0.02354 
   29   29    1    1    1    1    1    1    1    1  5.43146E+11 0.02001 
   30   30    1    1    1    1    1    1    1    1  1.44946E+12 0.01126 
   31   31    1    1    1    1    1    1    1    1  4.50710E+12 0.00555 
   32   32    1    1    1    1    1    1    1    1  8.26791E+12 0.00591 
   33   33    1    1    1    1    1    1    1    1  1.99910E+13 0.00447 
   34   34    1    1    1    1    1    1    1    1  2.82465E+13 0.00223 
   35   35    1    1    1    1    1    1    1    1  3.58314E+13 0.00234 
   36   36    1    1    1    1    1    1    1    1  2.37998E+13 0.00292 
   37   37    1    1    1    1    1    1    1    1  7.24348E+12 0.00311 
   38   38    1    1    1    1    1    1    1    1  4.10762E+13 0.00233 
   39   39    1    1    1    1    1    1    1    1  5.54584E+13 0.00225 
   40   40    1    1    1    1    1    1    1    1  9.60289E+13 0.00211 
   41   41    1    1    1    1    1    1    1    1  9.66925E+13 0.00177 
   42   42    1    1    1    1    1    1    1    1  2.10104E+14 0.00128 
   43   43    1    1    1    1    1    1    1    1  2.57870E+14 0.00123 
   44   44    1    1    1    1    1    1    1    1  3.78526E+14 0.00129 
   45   45    1    1    1    1    1    1    1    1  7.69399E+14 0.00075 
   46   46    1    1    1    1    1    1    1    1  3.61676E+14 0.00092 
   47   47    1    1    1    1    1    1    1    1  5.85984E+14 0.00085 
   48   48    1    1    1    1    1    1    1    1  8.26015E+14 0.00060 
   49   49    1    1    1    1    1    1    1    1  8.25138E+14 0.00068 
   50   50    1    1    1    1    1    1    1    1  1.30557E+15 0.00067 
   51   51    1    1    1    1    1    1    1    1  1.04645E+15 0.00052 
   52   52    1    1    1    1    1    1    1    1  1.26462E+15 0.00059 
   53   53    1    1    1    1    1    1    1    1  8.85836E+14 0.00059 
   54   54    1    1    1    1    1    1    1    1  1.09734E+15 0.00046 
   55   55    1    1    1    1    1    1    1    1  7.59531E+14 0.00060 
   56   56    1    1    1    1    1    1    1    1  1.03356E+14 0.00101 
   57   57    1    1    1    1    1    1    1    1  1.51756E+15 0.00058 
   58   58    1    1    1    1    1    1    1    1  6.87056E+14 0.00056 
   59   59    1    1    1    1    1    1    1    1  7.33000E+14 0.00063 
   60   60    1    1    1    1    1    1    1    1  5.76911E+14 0.00078 
   61   61    1    1    1    1    1    1    1    1  5.79309E+14 0.00075 
   62   62    1    1    1    1    1    1    1    1  6.06689E+14 0.00064 
   63   63    1    1    1    1    1    1    1    1  5.14040E+14 0.00075 
   64   64    1    1    1    1    1    1    1    1  4.11651E+14 0.00111 
   65   65    1    1    1    1    1    1    1    1  4.11539E+14 0.00104 
   66   66    1    1    1    1    1    1    1    1  2.97829E+14 0.00111 
   67   67    1    1    1    1    1    1    1    1  2.42241E+14 0.00094 
   68   68    1    1    1    1    1    1    1    1  2.17244E+14 0.00137 
   69   69    1    1    1    1    1    1    1    1  2.61522E+14 0.00099 
   70   70    1    1    1    1    1    1    1    1  2.23201E+14 0.00097 
   71   71    1    1    1    1    1    1    1    1  4.06350E+14 0.00120 
   72   72    1    1    1    1    1    1    1    1  2.88520E+14 0.00092 
   73   73    1    1    1    1    1    1    1    1  2.18434E+14 0.00104 
   74   74    1    1    1    1    1    1    1    1  1.76832E+14 0.00111 
   75   75    1    1    1    1    1    1    1    1  1.47201E+14 0.00158 
   76   76    1    1    1    1    1    1    1    1  1.71676E+14 0.00074 
   77   77    1    1    1    1    1    1    1    1  1.36532E+14 0.00111 
   78   78    1    1    1    1    1    1    1    1  1.08937E+14 0.00164 
   79   79    1    1    1    1    1    1    1    1  1.12557E+14 0.00171 
   80   80    1    1    1    1    1    1    1    1  8.36616E+13 0.00161 
   81   81    1    1    1    1    1    1    1    1  6.44420E+13 0.00209 
   82   82    1    1    1    1    1    1    1    1  4.94809E+13 0.00266 
   83   83    1    1    1    1    1    1    1    1  4.63515E+13 0.00194 
   84   84    1    1    1    1    1    1    1    1  3.34164E+13 0.00303 
   85   85    1    1    1    1    1    1    1    1  2.40430E+13 0.00351 
   86   86    1    1    1    1    1    1    1    1  2.24477E+13 0.00269 
   87   87    1    1    1    1    1    1    1    1  1.37988E+13 0.00395 
   88   88    1    1    1    1    1    1    1    1  9.27184E+12 0.00586 
   89   89    1    1    1    1    1    1    1    1  5.28672E+12 0.00683 
   90   90    1    1    1    1    1    1    1    1  3.52602E+12 0.00800 
   91   91    1    1    1    1    1    1    1    1  1.74346E+12 0.01232 
   92   92    1    1    1    1    1    1    1    1  8.87234E+11 0.01574 
   93   93    1    1    1    1    1    1    1    1  4.13509E+11 0.02337 
   94   94    1    1    1    1    1    1    1    1  1.95777E+11 0.03727 
   95   95    1    1    1    1    1    1    1    1  8.06037E+10 0.04376 
   96   96    1    1    1    1    1    1    1    1  4.73414E+10 0.07888 
   97   97    1    1    1    1    1    1    1    1  2.04187E+10 0.08089 
   98   98    1    1    1    1    1    1    1    1  1.04487E+10 0.16947 
   99   99    1    1    1    1    1    1    1    1  8.47500E+09 0.21104 
  100  100    1    1    1    1    1    1    1    1  4.38074E+09 0.24839 
];


