
DETdpaspec = [
    1    1    1    1    1    1    1    1    1    1  0.00000E+00 0.00000 
    2    2    1    1    1    1    1    1    1    1  0.00000E+00 0.00000 
    3    3    1    1    1    1    1    1    1    1  0.00000E+00 0.00000 
    4    4    1    1    1    1    1    1    1    1  0.00000E+00 0.00000 
    5    5    1    1    1    1    1    1    1    1  0.00000E+00 0.00000 
    6    6    1    1    1    1    1    1    1    1  0.00000E+00 0.00000 
    7    7    1    1    1    1    1    1    1    1  0.00000E+00 0.00000 
    8    8    1    1    1    1    1    1    1    1  0.00000E+00 0.00000 
    9    9    1    1    1    1    1    1    1    1  0.00000E+00 0.00000 
   10   10    1    1    1    1    1    1    1    1  0.00000E+00 0.00000 
   11   11    1    1    1    1    1    1    1    1  0.00000E+00 0.00000 
   12   12    1    1    1    1    1    1    1    1  1.69722E+07 0.78918 
   13   13    1    1    1    1    1    1    1    1  1.45505E+08 0.74611 
   14   14    1    1    1    1    1    1    1    1  2.89655E+08 0.81665 
   15   15    1    1    1    1    1    1    1    1  2.04880E+09 0.41233 
   16   16    1    1    1    1    1    1    1    1  2.04261E+08 0.59194 
   17   17    1    1    1    1    1    1    1    1  8.66371E+08 0.37951 
   18   18    1    1    1    1    1    1    1    1  1.77749E+09 0.31656 
   19   19    1    1    1    1    1    1    1    1  1.90601E+09 0.24963 
   20   20    1    1    1    1    1    1    1    1  7.75619E+09 0.21569 
   21   21    1    1    1    1    1    1    1    1  5.13505E+09 0.22216 
   22   22    1    1    1    1    1    1    1    1  1.22993E+10 0.10315 
   23   23    1    1    1    1    1    1    1    1  1.90782E+10 0.11071 
   24   24    1    1    1    1    1    1    1    1  3.29596E+10 0.10510 
   25   25    1    1    1    1    1    1    1    1  4.84976E+10 0.08006 
   26   26    1    1    1    1    1    1    1    1  8.69049E+10 0.04913 
   27   27    1    1    1    1    1    1    1    1  1.71172E+11 0.03572 
   28   28    1    1    1    1    1    1    1    1  4.14691E+11 0.02610 
   29   29    1    1    1    1    1    1    1    1  7.67328E+11 0.02065 
   30   30    1    1    1    1    1    1    1    1  1.97192E+12 0.01082 
   31   31    1    1    1    1    1    1    1    1  5.69150E+12 0.00722 
   32   32    1    1    1    1    1    1    1    1  1.01929E+13 0.00496 
   33   33    1    1    1    1    1    1    1    1  2.39238E+13 0.00464 
   34   34    1    1    1    1    1    1    1    1  3.30314E+13 0.00302 
   35   35    1    1    1    1    1    1    1    1  3.96868E+13 0.00252 
   36   36    1    1    1    1    1    1    1    1  2.56818E+13 0.00219 
   37   37    1    1    1    1    1    1    1    1  7.71783E+12 0.00281 
   38   38    1    1    1    1    1    1    1    1  4.41042E+13 0.00196 
   39   39    1    1    1    1    1    1    1    1  5.95164E+13 0.00220 
   40   40    1    1    1    1    1    1    1    1  1.02729E+14 0.00165 
   41   41    1    1    1    1    1    1    1    1  1.02293E+14 0.00134 
   42   42    1    1    1    1    1    1    1    1  2.22904E+14 0.00142 
   43   43    1    1    1    1    1    1    1    1  2.72479E+14 0.00109 
   44   44    1    1    1    1    1    1    1    1  3.98879E+14 0.00090 
   45   45    1    1    1    1    1    1    1    1  8.08183E+14 0.00070 
   46   46    1    1    1    1    1    1    1    1  3.75723E+14 0.00085 
   47   47    1    1    1    1    1    1    1    1  6.04923E+14 0.00091 
   48   48    1    1    1    1    1    1    1    1  8.49415E+14 0.00082 
   49   49    1    1    1    1    1    1    1    1  8.44550E+14 0.00081 
   50   50    1    1    1    1    1    1    1    1  1.33798E+15 0.00084 
   51   51    1    1    1    1    1    1    1    1  1.06261E+15 0.00061 
   52   52    1    1    1    1    1    1    1    1  1.28756E+15 0.00043 
   53   53    1    1    1    1    1    1    1    1  8.96225E+14 0.00082 
   54   54    1    1    1    1    1    1    1    1  1.11569E+15 0.00045 
   55   55    1    1    1    1    1    1    1    1  7.68243E+14 0.00066 
   56   56    1    1    1    1    1    1    1    1  1.04240E+14 0.00126 
   57   57    1    1    1    1    1    1    1    1  1.53330E+15 0.00053 
   58   58    1    1    1    1    1    1    1    1  6.98192E+14 0.00067 
   59   59    1    1    1    1    1    1    1    1  7.43331E+14 0.00053 
   60   60    1    1    1    1    1    1    1    1  5.87305E+14 0.00069 
   61   61    1    1    1    1    1    1    1    1  5.88488E+14 0.00064 
   62   62    1    1    1    1    1    1    1    1  6.17015E+14 0.00066 
   63   63    1    1    1    1    1    1    1    1  5.22800E+14 0.00073 
   64   64    1    1    1    1    1    1    1    1  4.17421E+14 0.00079 
   65   65    1    1    1    1    1    1    1    1  4.17299E+14 0.00085 
   66   66    1    1    1    1    1    1    1    1  3.02024E+14 0.00099 
   67   67    1    1    1    1    1    1    1    1  2.45017E+14 0.00108 
   68   68    1    1    1    1    1    1    1    1  2.20039E+14 0.00085 
   69   69    1    1    1    1    1    1    1    1  2.63881E+14 0.00101 
   70   70    1    1    1    1    1    1    1    1  2.25023E+14 0.00107 
   71   71    1    1    1    1    1    1    1    1  4.07028E+14 0.00112 
   72   72    1    1    1    1    1    1    1    1  2.88102E+14 0.00121 
   73   73    1    1    1    1    1    1    1    1  2.17786E+14 0.00093 
   74   74    1    1    1    1    1    1    1    1  1.76918E+14 0.00144 
   75   75    1    1    1    1    1    1    1    1  1.48223E+14 0.00140 
   76   76    1    1    1    1    1    1    1    1  1.73773E+14 0.00144 
   77   77    1    1    1    1    1    1    1    1  1.38308E+14 0.00169 
   78   78    1    1    1    1    1    1    1    1  1.11275E+14 0.00178 
   79   79    1    1    1    1    1    1    1    1  1.15478E+14 0.00146 
   80   80    1    1    1    1    1    1    1    1  8.56400E+13 0.00167 
   81   81    1    1    1    1    1    1    1    1  6.60032E+13 0.00172 
   82   82    1    1    1    1    1    1    1    1  5.06732E+13 0.00224 
   83   83    1    1    1    1    1    1    1    1  4.72767E+13 0.00269 
   84   84    1    1    1    1    1    1    1    1  3.40936E+13 0.00226 
   85   85    1    1    1    1    1    1    1    1  2.46064E+13 0.00415 
   86   86    1    1    1    1    1    1    1    1  2.29530E+13 0.00354 
   87   87    1    1    1    1    1    1    1    1  1.40917E+13 0.00406 
   88   88    1    1    1    1    1    1    1    1  9.46861E+12 0.00602 
   89   89    1    1    1    1    1    1    1    1  5.45496E+12 0.00751 
   90   90    1    1    1    1    1    1    1    1  3.60610E+12 0.00788 
   91   91    1    1    1    1    1    1    1    1  1.80650E+12 0.01189 
   92   92    1    1    1    1    1    1    1    1  8.75714E+11 0.01425 
   93   93    1    1    1    1    1    1    1    1  3.97546E+11 0.02115 
   94   94    1    1    1    1    1    1    1    1  2.12006E+11 0.03916 
   95   95    1    1    1    1    1    1    1    1  9.48555E+10 0.04953 
   96   96    1    1    1    1    1    1    1    1  4.50766E+10 0.08738 
   97   97    1    1    1    1    1    1    1    1  2.24507E+10 0.11484 
   98   98    1    1    1    1    1    1    1    1  1.08477E+10 0.16128 
   99   99    1    1    1    1    1    1    1    1  4.42485E+09 0.21522 
  100  100    1    1    1    1    1    1    1    1  3.56885E+09 0.24854 
];


