
DETdpaspec = [
    1    1    1    1    1    1    1    1    1    1  0.00000E+00 0.00000 
    2    2    1    1    1    1    1    1    1    1  0.00000E+00 0.00000 
    3    3    1    1    1    1    1    1    1    1  0.00000E+00 0.00000 
    4    4    1    1    1    1    1    1    1    1  0.00000E+00 0.00000 
    5    5    1    1    1    1    1    1    1    1  0.00000E+00 0.00000 
    6    6    1    1    1    1    1    1    1    1  0.00000E+00 0.00000 
    7    7    1    1    1    1    1    1    1    1  0.00000E+00 0.00000 
    8    8    1    1    1    1    1    1    1    1  0.00000E+00 0.00000 
    9    9    1    1    1    1    1    1    1    1  0.00000E+00 0.00000 
   10   10    1    1    1    1    1    1    1    1  0.00000E+00 0.00000 
   11   11    1    1    1    1    1    1    1    1  3.32923E+08 1.00000 
   12   12    1    1    1    1    1    1    1    1  0.00000E+00 0.00000 
   13   13    1    1    1    1    1    1    1    1  0.00000E+00 0.00000 
   14   14    1    1    1    1    1    1    1    1  0.00000E+00 0.00000 
   15   15    1    1    1    1    1    1    1    1  0.00000E+00 0.00000 
   16   16    1    1    1    1    1    1    1    1  0.00000E+00 0.00000 
   17   17    1    1    1    1    1    1    1    1  1.33494E+08 1.00000 
   18   18    1    1    1    1    1    1    1    1  6.50975E+08 0.60612 
   19   19    1    1    1    1    1    1    1    1  7.82780E+08 0.50755 
   20   20    1    1    1    1    1    1    1    1  4.56084E+09 0.19152 
   21   21    1    1    1    1    1    1    1    1  2.46038E+10 0.10900 
   22   22    1    1    1    1    1    1    1    1  9.90216E+10 0.06500 
   23   23    1    1    1    1    1    1    1    1  3.28011E+11 0.03329 
   24   24    1    1    1    1    1    1    1    1  7.90832E+11 0.02214 
   25   25    1    1    1    1    1    1    1    1  1.12310E+12 0.02025 
   26   26    1    1    1    1    1    1    1    1  2.09370E+12 0.00932 
   27   27    1    1    1    1    1    1    1    1  3.52099E+12 0.00858 
   28   28    1    1    1    1    1    1    1    1  5.65436E+12 0.00585 
   29   29    1    1    1    1    1    1    1    1  8.12879E+12 0.00632 
   30   30    1    1    1    1    1    1    1    1  1.43896E+13 0.00468 
   31   31    1    1    1    1    1    1    1    1  2.58112E+13 0.00299 
   32   32    1    1    1    1    1    1    1    1  3.56265E+13 0.00303 
   33   33    1    1    1    1    1    1    1    1  6.64893E+13 0.00174 
   34   34    1    1    1    1    1    1    1    1  7.74475E+13 0.00154 
   35   35    1    1    1    1    1    1    1    1  7.52249E+13 0.00177 
   36   36    1    1    1    1    1    1    1    1  4.32294E+13 0.00144 
   37   37    1    1    1    1    1    1    1    1  1.24787E+13 0.00208 
   38   38    1    1    1    1    1    1    1    1  7.15323E+13 0.00139 
   39   39    1    1    1    1    1    1    1    1  9.38863E+13 0.00141 
   40   40    1    1    1    1    1    1    1    1  1.56991E+14 0.00113 
   41   41    1    1    1    1    1    1    1    1  1.48660E+14 0.00146 
   42   42    1    1    1    1    1    1    1    1  3.17325E+14 0.00121 
   43   43    1    1    1    1    1    1    1    1  3.74716E+14 0.00092 
   44   44    1    1    1    1    1    1    1    1  5.26636E+14 0.00098 
   45   45    1    1    1    1    1    1    1    1  1.01064E+15 0.00077 
   46   46    1    1    1    1    1    1    1    1  4.41598E+14 0.00082 
   47   47    1    1    1    1    1    1    1    1  6.93915E+14 0.00076 
   48   48    1    1    1    1    1    1    1    1  9.36753E+14 0.00067 
   49   49    1    1    1    1    1    1    1    1  9.03587E+14 0.00093 
   50   50    1    1    1    1    1    1    1    1  1.39224E+15 0.00077 
   51   51    1    1    1    1    1    1    1    1  1.05748E+15 0.00074 
   52   52    1    1    1    1    1    1    1    1  1.26548E+15 0.00070 
   53   53    1    1    1    1    1    1    1    1  8.54497E+14 0.00061 
   54   54    1    1    1    1    1    1    1    1  1.05505E+15 0.00071 
   55   55    1    1    1    1    1    1    1    1  7.14061E+14 0.00069 
   56   56    1    1    1    1    1    1    1    1  9.59307E+13 0.00109 
   57   57    1    1    1    1    1    1    1    1  1.39565E+15 0.00073 
   58   58    1    1    1    1    1    1    1    1  6.33866E+14 0.00107 
   59   59    1    1    1    1    1    1    1    1  6.61544E+14 0.00113 
   60   60    1    1    1    1    1    1    1    1  5.21023E+14 0.00092 
   61   61    1    1    1    1    1    1    1    1  5.17119E+14 0.00111 
   62   62    1    1    1    1    1    1    1    1  5.36031E+14 0.00096 
   63   63    1    1    1    1    1    1    1    1  4.49454E+14 0.00090 
   64   64    1    1    1    1    1    1    1    1  3.54724E+14 0.00113 
   65   65    1    1    1    1    1    1    1    1  3.50028E+14 0.00132 
   66   66    1    1    1    1    1    1    1    1  2.49874E+14 0.00130 
   67   67    1    1    1    1    1    1    1    1  2.01153E+14 0.00129 
   68   68    1    1    1    1    1    1    1    1  1.78876E+14 0.00138 
   69   69    1    1    1    1    1    1    1    1  2.12625E+14 0.00157 
   70   70    1    1    1    1    1    1    1    1  1.78806E+14 0.00151 
   71   71    1    1    1    1    1    1    1    1  3.15211E+14 0.00114 
   72   72    1    1    1    1    1    1    1    1  2.18972E+14 0.00184 
   73   73    1    1    1    1    1    1    1    1  1.64119E+14 0.00207 
   74   74    1    1    1    1    1    1    1    1  1.33161E+14 0.00216 
   75   75    1    1    1    1    1    1    1    1  1.11923E+14 0.00221 
   76   76    1    1    1    1    1    1    1    1  1.30230E+14 0.00257 
   77   77    1    1    1    1    1    1    1    1  1.03895E+14 0.00284 
   78   78    1    1    1    1    1    1    1    1  8.32153E+13 0.00245 
   79   79    1    1    1    1    1    1    1    1  8.54676E+13 0.00222 
   80   80    1    1    1    1    1    1    1    1  6.29187E+13 0.00279 
   81   81    1    1    1    1    1    1    1    1  4.81099E+13 0.00237 
   82   82    1    1    1    1    1    1    1    1  3.63218E+13 0.00267 
   83   83    1    1    1    1    1    1    1    1  3.36885E+13 0.00277 
   84   84    1    1    1    1    1    1    1    1  2.41500E+13 0.00262 
   85   85    1    1    1    1    1    1    1    1  1.71404E+13 0.00441 
   86   86    1    1    1    1    1    1    1    1  1.58233E+13 0.00315 
   87   87    1    1    1    1    1    1    1    1  9.45741E+12 0.00483 
   88   88    1    1    1    1    1    1    1    1  6.25113E+12 0.00822 
   89   89    1    1    1    1    1    1    1    1  3.48119E+12 0.00783 
   90   90    1    1    1    1    1    1    1    1  2.20572E+12 0.01197 
   91   91    1    1    1    1    1    1    1    1  1.06153E+12 0.01665 
   92   92    1    1    1    1    1    1    1    1  4.89380E+11 0.02230 
   93   93    1    1    1    1    1    1    1    1  2.31475E+11 0.02222 
   94   94    1    1    1    1    1    1    1    1  1.08460E+11 0.04739 
   95   95    1    1    1    1    1    1    1    1  4.82402E+10 0.07300 
   96   96    1    1    1    1    1    1    1    1  2.15917E+10 0.11944 
   97   97    1    1    1    1    1    1    1    1  1.05136E+10 0.09116 
   98   98    1    1    1    1    1    1    1    1  4.28609E+09 0.20822 
   99   99    1    1    1    1    1    1    1    1  1.73475E+09 0.32856 
  100  100    1    1    1    1    1    1    1    1  2.31064E+09 0.50426 
];


