
DETdpaspec = [
    1    1    1    1    1    1    1    1    1    1  0.00000E+00 0.00000 
    2    2    1    1    1    1    1    1    1    1  0.00000E+00 0.00000 
    3    3    1    1    1    1    1    1    1    1  0.00000E+00 0.00000 
    4    4    1    1    1    1    1    1    1    1  0.00000E+00 0.00000 
    5    5    1    1    1    1    1    1    1    1  0.00000E+00 0.00000 
    6    6    1    1    1    1    1    1    1    1  0.00000E+00 0.00000 
    7    7    1    1    1    1    1    1    1    1  0.00000E+00 0.00000 
    8    8    1    1    1    1    1    1    1    1  0.00000E+00 0.00000 
    9    9    1    1    1    1    1    1    1    1  0.00000E+00 0.00000 
   10   10    1    1    1    1    1    1    1    1  7.39708E+07 0.76801 
   11   11    1    1    1    1    1    1    1    1  2.93399E+07 1.00000 
   12   12    1    1    1    1    1    1    1    1  1.41485E+07 1.00000 
   13   13    1    1    1    1    1    1    1    1  0.00000E+00 0.00000 
   14   14    1    1    1    1    1    1    1    1  0.00000E+00 0.00000 
   15   15    1    1    1    1    1    1    1    1  2.72237E+08 0.56707 
   16   16    1    1    1    1    1    1    1    1  3.64060E+08 0.43150 
   17   17    1    1    1    1    1    1    1    1  1.10099E+09 0.31034 
   18   18    1    1    1    1    1    1    1    1  3.22888E+09 0.30308 
   19   19    1    1    1    1    1    1    1    1  1.73617E+09 0.23846 
   20   20    1    1    1    1    1    1    1    1  9.87677E+09 0.13916 
   21   21    1    1    1    1    1    1    1    1  6.66409E+09 0.20123 
   22   22    1    1    1    1    1    1    1    1  1.20596E+10 0.15477 
   23   23    1    1    1    1    1    1    1    1  2.11917E+10 0.12007 
   24   24    1    1    1    1    1    1    1    1  3.28483E+10 0.08113 
   25   25    1    1    1    1    1    1    1    1  4.92751E+10 0.06544 
   26   26    1    1    1    1    1    1    1    1  8.48404E+10 0.06057 
   27   27    1    1    1    1    1    1    1    1  1.70468E+11 0.03418 
   28   28    1    1    1    1    1    1    1    1  4.09902E+11 0.01642 
   29   29    1    1    1    1    1    1    1    1  7.34535E+11 0.01130 
   30   30    1    1    1    1    1    1    1    1  1.89524E+12 0.00960 
   31   31    1    1    1    1    1    1    1    1  5.50654E+12 0.01072 
   32   32    1    1    1    1    1    1    1    1  9.81030E+12 0.00414 
   33   33    1    1    1    1    1    1    1    1  2.32005E+13 0.00403 
   34   34    1    1    1    1    1    1    1    1  3.24905E+13 0.00304 
   35   35    1    1    1    1    1    1    1    1  3.92711E+13 0.00292 
   36   36    1    1    1    1    1    1    1    1  2.54486E+13 0.00254 
   37   37    1    1    1    1    1    1    1    1  7.64146E+12 0.00320 
   38   38    1    1    1    1    1    1    1    1  4.37044E+13 0.00224 
   39   39    1    1    1    1    1    1    1    1  5.90549E+13 0.00179 
   40   40    1    1    1    1    1    1    1    1  1.01859E+14 0.00140 
   41   41    1    1    1    1    1    1    1    1  1.01618E+14 0.00122 
   42   42    1    1    1    1    1    1    1    1  2.21190E+14 0.00125 
   43   43    1    1    1    1    1    1    1    1  2.70860E+14 0.00121 
   44   44    1    1    1    1    1    1    1    1  3.96411E+14 0.00118 
   45   45    1    1    1    1    1    1    1    1  8.03254E+14 0.00081 
   46   46    1    1    1    1    1    1    1    1  3.74280E+14 0.00074 
   47   47    1    1    1    1    1    1    1    1  6.03979E+14 0.00070 
   48   48    1    1    1    1    1    1    1    1  8.46935E+14 0.00074 
   49   49    1    1    1    1    1    1    1    1  8.42333E+14 0.00051 
   50   50    1    1    1    1    1    1    1    1  1.33370E+15 0.00050 
   51   51    1    1    1    1    1    1    1    1  1.05990E+15 0.00064 
   52   52    1    1    1    1    1    1    1    1  1.28527E+15 0.00053 
   53   53    1    1    1    1    1    1    1    1  8.95691E+14 0.00052 
   54   54    1    1    1    1    1    1    1    1  1.11359E+15 0.00060 
   55   55    1    1    1    1    1    1    1    1  7.68756E+14 0.00067 
   56   56    1    1    1    1    1    1    1    1  1.04519E+14 0.00150 
   57   57    1    1    1    1    1    1    1    1  1.53393E+15 0.00032 
   58   58    1    1    1    1    1    1    1    1  6.97899E+14 0.00099 
   59   59    1    1    1    1    1    1    1    1  7.42496E+14 0.00066 
   60   60    1    1    1    1    1    1    1    1  5.86948E+14 0.00083 
   61   61    1    1    1    1    1    1    1    1  5.89053E+14 0.00090 
   62   62    1    1    1    1    1    1    1    1  6.16030E+14 0.00090 
   63   63    1    1    1    1    1    1    1    1  5.22299E+14 0.00095 
   64   64    1    1    1    1    1    1    1    1  4.17721E+14 0.00090 
   65   65    1    1    1    1    1    1    1    1  4.17057E+14 0.00077 
   66   66    1    1    1    1    1    1    1    1  3.02445E+14 0.00078 
   67   67    1    1    1    1    1    1    1    1  2.45696E+14 0.00108 
   68   68    1    1    1    1    1    1    1    1  2.19924E+14 0.00093 
   69   69    1    1    1    1    1    1    1    1  2.63913E+14 0.00123 
   70   70    1    1    1    1    1    1    1    1  2.25228E+14 0.00151 
   71   71    1    1    1    1    1    1    1    1  4.08204E+14 0.00120 
   72   72    1    1    1    1    1    1    1    1  2.88834E+14 0.00089 
   73   73    1    1    1    1    1    1    1    1  2.18456E+14 0.00104 
   74   74    1    1    1    1    1    1    1    1  1.76810E+14 0.00163 
   75   75    1    1    1    1    1    1    1    1  1.48548E+14 0.00134 
   76   76    1    1    1    1    1    1    1    1  1.73651E+14 0.00176 
   77   77    1    1    1    1    1    1    1    1  1.38493E+14 0.00095 
   78   78    1    1    1    1    1    1    1    1  1.10976E+14 0.00163 
   79   79    1    1    1    1    1    1    1    1  1.15238E+14 0.00123 
   80   80    1    1    1    1    1    1    1    1  8.55823E+13 0.00193 
   81   81    1    1    1    1    1    1    1    1  6.59384E+13 0.00203 
   82   82    1    1    1    1    1    1    1    1  5.07743E+13 0.00207 
   83   83    1    1    1    1    1    1    1    1  4.73952E+13 0.00286 
   84   84    1    1    1    1    1    1    1    1  3.42306E+13 0.00228 
   85   85    1    1    1    1    1    1    1    1  2.46380E+13 0.00391 
   86   86    1    1    1    1    1    1    1    1  2.30385E+13 0.00365 
   87   87    1    1    1    1    1    1    1    1  1.41342E+13 0.00549 
   88   88    1    1    1    1    1    1    1    1  9.45876E+12 0.00685 
   89   89    1    1    1    1    1    1    1    1  5.43597E+12 0.00509 
   90   90    1    1    1    1    1    1    1    1  3.60792E+12 0.00851 
   91   91    1    1    1    1    1    1    1    1  1.80463E+12 0.01467 
   92   92    1    1    1    1    1    1    1    1  8.70789E+11 0.01583 
   93   93    1    1    1    1    1    1    1    1  4.21615E+11 0.02863 
   94   94    1    1    1    1    1    1    1    1  2.01013E+11 0.03884 
   95   95    1    1    1    1    1    1    1    1  9.45481E+10 0.05280 
   96   96    1    1    1    1    1    1    1    1  4.75020E+10 0.07579 
   97   97    1    1    1    1    1    1    1    1  2.01938E+10 0.10632 
   98   98    1    1    1    1    1    1    1    1  9.37857E+09 0.17745 
   99   99    1    1    1    1    1    1    1    1  6.87170E+09 0.22145 
  100  100    1    1    1    1    1    1    1    1  4.59697E+09 0.21412 
];


