
DETdpaspec = [
    1    1    1    1    1    1    1    1    1    1  0.00000E+00 0.00000 
    2    2    1    1    1    1    1    1    1    1  0.00000E+00 0.00000 
    3    3    1    1    1    1    1    1    1    1  0.00000E+00 0.00000 
    4    4    1    1    1    1    1    1    1    1  0.00000E+00 0.00000 
    5    5    1    1    1    1    1    1    1    1  6.61741E+06 1.00000 
    6    6    1    1    1    1    1    1    1    1  0.00000E+00 0.00000 
    7    7    1    1    1    1    1    1    1    1  0.00000E+00 0.00000 
    8    8    1    1    1    1    1    1    1    1  0.00000E+00 0.00000 
    9    9    1    1    1    1    1    1    1    1  0.00000E+00 0.00000 
   10   10    1    1    1    1    1    1    1    1  2.64498E+07 1.00000 
   11   11    1    1    1    1    1    1    1    1  6.68584E+07 1.00000 
   12   12    1    1    1    1    1    1    1    1  3.18204E+07 0.69030 
   13   13    1    1    1    1    1    1    1    1  1.09974E+09 0.49372 
   14   14    1    1    1    1    1    1    1    1  1.36043E+09 0.41777 
   15   15    1    1    1    1    1    1    1    1  7.22353E+08 0.50612 
   16   16    1    1    1    1    1    1    1    1  4.58699E+08 0.56415 
   17   17    1    1    1    1    1    1    1    1  9.38886E+08 0.34131 
   18   18    1    1    1    1    1    1    1    1  2.76875E+09 0.24047 
   19   19    1    1    1    1    1    1    1    1  2.13363E+09 0.27785 
   20   20    1    1    1    1    1    1    1    1  7.72925E+09 0.21981 
   21   21    1    1    1    1    1    1    1    1  6.56978E+09 0.15526 
   22   22    1    1    1    1    1    1    1    1  1.51833E+10 0.10527 
   23   23    1    1    1    1    1    1    1    1  2.31056E+10 0.08518 
   24   24    1    1    1    1    1    1    1    1  3.87714E+10 0.09596 
   25   25    1    1    1    1    1    1    1    1  4.58563E+10 0.06670 
   26   26    1    1    1    1    1    1    1    1  7.56977E+10 0.05301 
   27   27    1    1    1    1    1    1    1    1  1.46844E+11 0.03878 
   28   28    1    1    1    1    1    1    1    1  3.30592E+11 0.02518 
   29   29    1    1    1    1    1    1    1    1  5.68589E+11 0.02103 
   30   30    1    1    1    1    1    1    1    1  1.52778E+12 0.01354 
   31   31    1    1    1    1    1    1    1    1  4.75826E+12 0.00973 
   32   32    1    1    1    1    1    1    1    1  8.71430E+12 0.00675 
   33   33    1    1    1    1    1    1    1    1  2.07009E+13 0.00368 
   34   34    1    1    1    1    1    1    1    1  2.93068E+13 0.00463 
   35   35    1    1    1    1    1    1    1    1  3.67398E+13 0.00265 
   36   36    1    1    1    1    1    1    1    1  2.42515E+13 0.00222 
   37   37    1    1    1    1    1    1    1    1  7.34342E+12 0.00285 
   38   38    1    1    1    1    1    1    1    1  4.17545E+13 0.00206 
   39   39    1    1    1    1    1    1    1    1  5.64941E+13 0.00218 
   40   40    1    1    1    1    1    1    1    1  9.75749E+13 0.00208 
   41   41    1    1    1    1    1    1    1    1  9.81980E+13 0.00184 
   42   42    1    1    1    1    1    1    1    1  2.12774E+14 0.00136 
   43   43    1    1    1    1    1    1    1    1  2.61222E+14 0.00116 
   44   44    1    1    1    1    1    1    1    1  3.83167E+14 0.00119 
   45   45    1    1    1    1    1    1    1    1  7.77442E+14 0.00102 
   46   46    1    1    1    1    1    1    1    1  3.64467E+14 0.00093 
   47   47    1    1    1    1    1    1    1    1  5.89567E+14 0.00056 
   48   48    1    1    1    1    1    1    1    1  8.30855E+14 0.00061 
   49   49    1    1    1    1    1    1    1    1  8.28788E+14 0.00041 
   50   50    1    1    1    1    1    1    1    1  1.31283E+15 0.00067 
   51   51    1    1    1    1    1    1    1    1  1.05025E+15 0.00050 
   52   52    1    1    1    1    1    1    1    1  1.27100E+15 0.00040 
   53   53    1    1    1    1    1    1    1    1  8.88098E+14 0.00066 
   54   54    1    1    1    1    1    1    1    1  1.10298E+15 0.00049 
   55   55    1    1    1    1    1    1    1    1  7.61967E+14 0.00066 
   56   56    1    1    1    1    1    1    1    1  1.03644E+14 0.00092 
   57   57    1    1    1    1    1    1    1    1  1.52342E+15 0.00047 
   58   58    1    1    1    1    1    1    1    1  6.90166E+14 0.00055 
   59   59    1    1    1    1    1    1    1    1  7.35942E+14 0.00069 
   60   60    1    1    1    1    1    1    1    1  5.80399E+14 0.00074 
   61   61    1    1    1    1    1    1    1    1  5.82502E+14 0.00080 
   62   62    1    1    1    1    1    1    1    1  6.10293E+14 0.00076 
   63   63    1    1    1    1    1    1    1    1  5.17238E+14 0.00074 
   64   64    1    1    1    1    1    1    1    1  4.14053E+14 0.00077 
   65   65    1    1    1    1    1    1    1    1  4.13519E+14 0.00098 
   66   66    1    1    1    1    1    1    1    1  2.98967E+14 0.00095 
   67   67    1    1    1    1    1    1    1    1  2.43805E+14 0.00118 
   68   68    1    1    1    1    1    1    1    1  2.18715E+14 0.00095 
   69   69    1    1    1    1    1    1    1    1  2.62476E+14 0.00125 
   70   70    1    1    1    1    1    1    1    1  2.23781E+14 0.00115 
   71   71    1    1    1    1    1    1    1    1  4.07147E+14 0.00105 
   72   72    1    1    1    1    1    1    1    1  2.89586E+14 0.00114 
   73   73    1    1    1    1    1    1    1    1  2.18454E+14 0.00131 
   74   74    1    1    1    1    1    1    1    1  1.76907E+14 0.00140 
   75   75    1    1    1    1    1    1    1    1  1.47523E+14 0.00100 
   76   76    1    1    1    1    1    1    1    1  1.72617E+14 0.00112 
   77   77    1    1    1    1    1    1    1    1  1.37510E+14 0.00131 
   78   78    1    1    1    1    1    1    1    1  1.09560E+14 0.00158 
   79   79    1    1    1    1    1    1    1    1  1.13711E+14 0.00161 
   80   80    1    1    1    1    1    1    1    1  8.43956E+13 0.00183 
   81   81    1    1    1    1    1    1    1    1  6.51423E+13 0.00171 
   82   82    1    1    1    1    1    1    1    1  4.99461E+13 0.00190 
   83   83    1    1    1    1    1    1    1    1  4.66882E+13 0.00287 
   84   84    1    1    1    1    1    1    1    1  3.35831E+13 0.00334 
   85   85    1    1    1    1    1    1    1    1  2.43483E+13 0.00470 
   86   86    1    1    1    1    1    1    1    1  2.27151E+13 0.00281 
   87   87    1    1    1    1    1    1    1    1  1.39431E+13 0.00374 
   88   88    1    1    1    1    1    1    1    1  9.40276E+12 0.00398 
   89   89    1    1    1    1    1    1    1    1  5.32481E+12 0.00817 
   90   90    1    1    1    1    1    1    1    1  3.59639E+12 0.00992 
   91   91    1    1    1    1    1    1    1    1  1.77200E+12 0.00863 
   92   92    1    1    1    1    1    1    1    1  8.82462E+11 0.02014 
   93   93    1    1    1    1    1    1    1    1  4.15658E+11 0.01847 
   94   94    1    1    1    1    1    1    1    1  2.02825E+11 0.03125 
   95   95    1    1    1    1    1    1    1    1  9.01317E+10 0.05757 
   96   96    1    1    1    1    1    1    1    1  4.82764E+10 0.05959 
   97   97    1    1    1    1    1    1    1    1  1.81846E+10 0.09347 
   98   98    1    1    1    1    1    1    1    1  6.65817E+09 0.18504 
   99   99    1    1    1    1    1    1    1    1  5.55934E+09 0.16574 
  100  100    1    1    1    1    1    1    1    1  2.91437E+09 0.28058 
];


