
DETdpaspec = [
    1    1    1    1    1    1    1    1    1    1  0.00000E+00 0.00000 
    2    2    1    1    1    1    1    1    1    1  0.00000E+00 0.00000 
    3    3    1    1    1    1    1    1    1    1  0.00000E+00 0.00000 
    4    4    1    1    1    1    1    1    1    1  0.00000E+00 0.00000 
    5    5    1    1    1    1    1    1    1    1  0.00000E+00 0.00000 
    6    6    1    1    1    1    1    1    1    1  0.00000E+00 0.00000 
    7    7    1    1    1    1    1    1    1    1  0.00000E+00 0.00000 
    8    8    1    1    1    1    1    1    1    1  1.45722E+07 0.69560 
    9    9    1    1    1    1    1    1    1    1  0.00000E+00 0.00000 
   10   10    1    1    1    1    1    1    1    1  0.00000E+00 0.00000 
   11   11    1    1    1    1    1    1    1    1  2.50086E+07 1.00000 
   12   12    1    1    1    1    1    1    1    1  3.90882E+07 1.00000 
   13   13    1    1    1    1    1    1    1    1  1.10203E+09 0.62351 
   14   14    1    1    1    1    1    1    1    1  1.29830E+09 0.34848 
   15   15    1    1    1    1    1    1    1    1  9.00349E+08 0.43084 
   16   16    1    1    1    1    1    1    1    1  3.42306E+08 0.60665 
   17   17    1    1    1    1    1    1    1    1  1.54756E+09 0.32651 
   18   18    1    1    1    1    1    1    1    1  2.89731E+09 0.26104 
   19   19    1    1    1    1    1    1    1    1  3.17524E+09 0.27578 
   20   20    1    1    1    1    1    1    1    1  7.31559E+09 0.22882 
   21   21    1    1    1    1    1    1    1    1  6.42769E+09 0.14574 
   22   22    1    1    1    1    1    1    1    1  1.28100E+10 0.10374 
   23   23    1    1    1    1    1    1    1    1  2.20857E+10 0.09899 
   24   24    1    1    1    1    1    1    1    1  3.82924E+10 0.08409 
   25   25    1    1    1    1    1    1    1    1  4.95788E+10 0.07083 
   26   26    1    1    1    1    1    1    1    1  6.60133E+10 0.03799 
   27   27    1    1    1    1    1    1    1    1  1.36325E+11 0.03275 
   28   28    1    1    1    1    1    1    1    1  3.15606E+11 0.02652 
   29   29    1    1    1    1    1    1    1    1  5.22284E+11 0.01312 
   30   30    1    1    1    1    1    1    1    1  1.44752E+12 0.01272 
   31   31    1    1    1    1    1    1    1    1  4.31256E+12 0.00706 
   32   32    1    1    1    1    1    1    1    1  8.04990E+12 0.00750 
   33   33    1    1    1    1    1    1    1    1  1.95177E+13 0.00300 
   34   34    1    1    1    1    1    1    1    1  2.74247E+13 0.00286 
   35   35    1    1    1    1    1    1    1    1  3.52094E+13 0.00290 
   36   36    1    1    1    1    1    1    1    1  2.35942E+13 0.00192 
   37   37    1    1    1    1    1    1    1    1  7.19860E+12 0.00254 
   38   38    1    1    1    1    1    1    1    1  4.06012E+13 0.00220 
   39   39    1    1    1    1    1    1    1    1  5.51543E+13 0.00174 
   40   40    1    1    1    1    1    1    1    1  9.52162E+13 0.00182 
   41   41    1    1    1    1    1    1    1    1  9.63469E+13 0.00213 
   42   42    1    1    1    1    1    1    1    1  2.08529E+14 0.00167 
   43   43    1    1    1    1    1    1    1    1  2.55923E+14 0.00131 
   44   44    1    1    1    1    1    1    1    1  3.76556E+14 0.00136 
   45   45    1    1    1    1    1    1    1    1  7.65427E+14 0.00066 
   46   46    1    1    1    1    1    1    1    1  3.60003E+14 0.00048 
   47   47    1    1    1    1    1    1    1    1  5.83362E+14 0.00060 
   48   48    1    1    1    1    1    1    1    1  8.21802E+14 0.00068 
   49   49    1    1    1    1    1    1    1    1  8.21615E+14 0.00073 
   50   50    1    1    1    1    1    1    1    1  1.30041E+15 0.00068 
   51   51    1    1    1    1    1    1    1    1  1.04550E+15 0.00078 
   52   52    1    1    1    1    1    1    1    1  1.26153E+15 0.00057 
   53   53    1    1    1    1    1    1    1    1  8.83976E+14 0.00064 
   54   54    1    1    1    1    1    1    1    1  1.09350E+15 0.00068 
   55   55    1    1    1    1    1    1    1    1  7.55613E+14 0.00076 
   56   56    1    1    1    1    1    1    1    1  1.03014E+14 0.00126 
   57   57    1    1    1    1    1    1    1    1  1.51306E+15 0.00064 
   58   58    1    1    1    1    1    1    1    1  6.83565E+14 0.00060 
   59   59    1    1    1    1    1    1    1    1  7.31299E+14 0.00067 
   60   60    1    1    1    1    1    1    1    1  5.73555E+14 0.00072 
   61   61    1    1    1    1    1    1    1    1  5.77318E+14 0.00083 
   62   62    1    1    1    1    1    1    1    1  6.04355E+14 0.00094 
   63   63    1    1    1    1    1    1    1    1  5.11909E+14 0.00089 
   64   64    1    1    1    1    1    1    1    1  4.09327E+14 0.00114 
   65   65    1    1    1    1    1    1    1    1  4.09201E+14 0.00074 
   66   66    1    1    1    1    1    1    1    1  2.96412E+14 0.00073 
   67   67    1    1    1    1    1    1    1    1  2.41839E+14 0.00066 
   68   68    1    1    1    1    1    1    1    1  2.16931E+14 0.00103 
   69   69    1    1    1    1    1    1    1    1  2.60359E+14 0.00096 
   70   70    1    1    1    1    1    1    1    1  2.22561E+14 0.00119 
   71   71    1    1    1    1    1    1    1    1  4.06259E+14 0.00107 
   72   72    1    1    1    1    1    1    1    1  2.88161E+14 0.00087 
   73   73    1    1    1    1    1    1    1    1  2.18183E+14 0.00091 
   74   74    1    1    1    1    1    1    1    1  1.76113E+14 0.00165 
   75   75    1    1    1    1    1    1    1    1  1.46815E+14 0.00144 
   76   76    1    1    1    1    1    1    1    1  1.70837E+14 0.00127 
   77   77    1    1    1    1    1    1    1    1  1.35933E+14 0.00145 
   78   78    1    1    1    1    1    1    1    1  1.08626E+14 0.00184 
   79   79    1    1    1    1    1    1    1    1  1.11953E+14 0.00154 
   80   80    1    1    1    1    1    1    1    1  8.33762E+13 0.00184 
   81   81    1    1    1    1    1    1    1    1  6.39912E+13 0.00274 
   82   82    1    1    1    1    1    1    1    1  4.92225E+13 0.00195 
   83   83    1    1    1    1    1    1    1    1  4.61086E+13 0.00260 
   84   84    1    1    1    1    1    1    1    1  3.30478E+13 0.00272 
   85   85    1    1    1    1    1    1    1    1  2.39982E+13 0.00367 
   86   86    1    1    1    1    1    1    1    1  2.24788E+13 0.00256 
   87   87    1    1    1    1    1    1    1    1  1.38977E+13 0.00416 
   88   88    1    1    1    1    1    1    1    1  9.29074E+12 0.00399 
   89   89    1    1    1    1    1    1    1    1  5.32318E+12 0.00597 
   90   90    1    1    1    1    1    1    1    1  3.51664E+12 0.00904 
   91   91    1    1    1    1    1    1    1    1  1.73234E+12 0.01333 
   92   92    1    1    1    1    1    1    1    1  8.33301E+11 0.01862 
   93   93    1    1    1    1    1    1    1    1  3.96688E+11 0.02749 
   94   94    1    1    1    1    1    1    1    1  1.88550E+11 0.03268 
   95   95    1    1    1    1    1    1    1    1  9.55319E+10 0.05040 
   96   96    1    1    1    1    1    1    1    1  4.80041E+10 0.08289 
   97   97    1    1    1    1    1    1    1    1  2.29186E+10 0.09933 
   98   98    1    1    1    1    1    1    1    1  9.39378E+09 0.17889 
   99   99    1    1    1    1    1    1    1    1  4.84912E+09 0.26611 
  100  100    1    1    1    1    1    1    1    1  4.82648E+09 0.23410 
];


