
DETdpaspec = [
    1    1    1    1    1    1    1    1    1    1  0.00000E+00 0.00000 
    2    2    1    1    1    1    1    1    1    1  0.00000E+00 0.00000 
    3    3    1    1    1    1    1    1    1    1  0.00000E+00 0.00000 
    4    4    1    1    1    1    1    1    1    1  0.00000E+00 0.00000 
    5    5    1    1    1    1    1    1    1    1  0.00000E+00 0.00000 
    6    6    1    1    1    1    1    1    1    1  0.00000E+00 0.00000 
    7    7    1    1    1    1    1    1    1    1  0.00000E+00 0.00000 
    8    8    1    1    1    1    1    1    1    1  0.00000E+00 0.00000 
    9    9    1    1    1    1    1    1    1    1  0.00000E+00 0.00000 
   10   10    1    1    1    1    1    1    1    1  0.00000E+00 0.00000 
   11   11    1    1    1    1    1    1    1    1  0.00000E+00 0.00000 
   12   12    1    1    1    1    1    1    1    1  8.91646E+06 1.00000 
   13   13    1    1    1    1    1    1    1    1  4.68547E+08 0.62132 
   14   14    1    1    1    1    1    1    1    1  7.63844E+08 0.79575 
   15   15    1    1    1    1    1    1    1    1  3.98747E+08 0.59224 
   16   16    1    1    1    1    1    1    1    1  4.17351E+08 0.57074 
   17   17    1    1    1    1    1    1    1    1  8.15603E+08 0.37235 
   18   18    1    1    1    1    1    1    1    1  2.64447E+09 0.38710 
   19   19    1    1    1    1    1    1    1    1  2.10022E+09 0.26765 
   20   20    1    1    1    1    1    1    1    1  5.74627E+09 0.20433 
   21   21    1    1    1    1    1    1    1    1  6.24924E+09 0.16582 
   22   22    1    1    1    1    1    1    1    1  1.18964E+10 0.11606 
   23   23    1    1    1    1    1    1    1    1  2.01461E+10 0.09587 
   24   24    1    1    1    1    1    1    1    1  3.23451E+10 0.09896 
   25   25    1    1    1    1    1    1    1    1  4.73817E+10 0.08107 
   26   26    1    1    1    1    1    1    1    1  8.60463E+10 0.03655 
   27   27    1    1    1    1    1    1    1    1  1.84751E+11 0.03599 
   28   28    1    1    1    1    1    1    1    1  4.36143E+11 0.02294 
   29   29    1    1    1    1    1    1    1    1  8.11173E+11 0.01688 
   30   30    1    1    1    1    1    1    1    1  2.09480E+12 0.01009 
   31   31    1    1    1    1    1    1    1    1  6.05382E+12 0.00590 
   32   32    1    1    1    1    1    1    1    1  1.06303E+13 0.00609 
   33   33    1    1    1    1    1    1    1    1  2.49245E+13 0.00315 
   34   34    1    1    1    1    1    1    1    1  3.44107E+13 0.00385 
   35   35    1    1    1    1    1    1    1    1  4.08117E+13 0.00315 
   36   36    1    1    1    1    1    1    1    1  2.62581E+13 0.00278 
   37   37    1    1    1    1    1    1    1    1  7.87267E+12 0.00284 
   38   38    1    1    1    1    1    1    1    1  4.49578E+13 0.00237 
   39   39    1    1    1    1    1    1    1    1  6.07348E+13 0.00277 
   40   40    1    1    1    1    1    1    1    1  1.05075E+14 0.00208 
   41   41    1    1    1    1    1    1    1    1  1.04165E+14 0.00188 
   42   42    1    1    1    1    1    1    1    1  2.26543E+14 0.00117 
   43   43    1    1    1    1    1    1    1    1  2.76311E+14 0.00101 
   44   44    1    1    1    1    1    1    1    1  4.03510E+14 0.00073 
   45   45    1    1    1    1    1    1    1    1  8.17195E+14 0.00060 
   46   46    1    1    1    1    1    1    1    1  3.78687E+14 0.00097 
   47   47    1    1    1    1    1    1    1    1  6.09938E+14 0.00077 
   48   48    1    1    1    1    1    1    1    1  8.53433E+14 0.00057 
   49   49    1    1    1    1    1    1    1    1  8.48088E+14 0.00060 
   50   50    1    1    1    1    1    1    1    1  1.34380E+15 0.00055 
   51   51    1    1    1    1    1    1    1    1  1.06385E+15 0.00060 
   52   52    1    1    1    1    1    1    1    1  1.29134E+15 0.00045 
   53   53    1    1    1    1    1    1    1    1  8.98540E+14 0.00062 
   54   54    1    1    1    1    1    1    1    1  1.11869E+15 0.00052 
   55   55    1    1    1    1    1    1    1    1  7.71051E+14 0.00070 
   56   56    1    1    1    1    1    1    1    1  1.04598E+14 0.00093 
   57   57    1    1    1    1    1    1    1    1  1.53660E+15 0.00048 
   58   58    1    1    1    1    1    1    1    1  7.01577E+14 0.00056 
   59   59    1    1    1    1    1    1    1    1  7.44972E+14 0.00079 
   60   60    1    1    1    1    1    1    1    1  5.89930E+14 0.00073 
   61   61    1    1    1    1    1    1    1    1  5.91218E+14 0.00083 
   62   62    1    1    1    1    1    1    1    1  6.17500E+14 0.00076 
   63   63    1    1    1    1    1    1    1    1  5.24190E+14 0.00085 
   64   64    1    1    1    1    1    1    1    1  4.18767E+14 0.00089 
   65   65    1    1    1    1    1    1    1    1  4.17612E+14 0.00104 
   66   66    1    1    1    1    1    1    1    1  3.02340E+14 0.00113 
   67   67    1    1    1    1    1    1    1    1  2.45577E+14 0.00090 
   68   68    1    1    1    1    1    1    1    1  2.20291E+14 0.00111 
   69   69    1    1    1    1    1    1    1    1  2.63952E+14 0.00134 
   70   70    1    1    1    1    1    1    1    1  2.24818E+14 0.00133 
   71   71    1    1    1    1    1    1    1    1  4.06839E+14 0.00091 
   72   72    1    1    1    1    1    1    1    1  2.88394E+14 0.00123 
   73   73    1    1    1    1    1    1    1    1  2.18082E+14 0.00153 
   74   74    1    1    1    1    1    1    1    1  1.76856E+14 0.00106 
   75   75    1    1    1    1    1    1    1    1  1.48059E+14 0.00138 
   76   76    1    1    1    1    1    1    1    1  1.73693E+14 0.00144 
   77   77    1    1    1    1    1    1    1    1  1.38843E+14 0.00144 
   78   78    1    1    1    1    1    1    1    1  1.11668E+14 0.00196 
   79   79    1    1    1    1    1    1    1    1  1.15426E+14 0.00144 
   80   80    1    1    1    1    1    1    1    1  8.58490E+13 0.00134 
   81   81    1    1    1    1    1    1    1    1  6.62270E+13 0.00178 
   82   82    1    1    1    1    1    1    1    1  5.08257E+13 0.00213 
   83   83    1    1    1    1    1    1    1    1  4.76095E+13 0.00203 
   84   84    1    1    1    1    1    1    1    1  3.42144E+13 0.00255 
   85   85    1    1    1    1    1    1    1    1  2.47519E+13 0.00362 
   86   86    1    1    1    1    1    1    1    1  2.30684E+13 0.00371 
   87   87    1    1    1    1    1    1    1    1  1.42597E+13 0.00391 
   88   88    1    1    1    1    1    1    1    1  9.47487E+12 0.00516 
   89   89    1    1    1    1    1    1    1    1  5.47303E+12 0.00767 
   90   90    1    1    1    1    1    1    1    1  3.63320E+12 0.00650 
   91   91    1    1    1    1    1    1    1    1  1.81918E+12 0.01141 
   92   92    1    1    1    1    1    1    1    1  8.63487E+11 0.01521 
   93   93    1    1    1    1    1    1    1    1  4.01310E+11 0.02032 
   94   94    1    1    1    1    1    1    1    1  1.98302E+11 0.03404 
   95   95    1    1    1    1    1    1    1    1  9.92488E+10 0.05600 
   96   96    1    1    1    1    1    1    1    1  4.25197E+10 0.08427 
   97   97    1    1    1    1    1    1    1    1  2.28224E+10 0.09930 
   98   98    1    1    1    1    1    1    1    1  9.43609E+09 0.16154 
   99   99    1    1    1    1    1    1    1    1  3.80198E+09 0.21702 
  100  100    1    1    1    1    1    1    1    1  3.11482E+09 0.22410 
];


