
DETdpaspec = [
    1    1    1    1    1    1    1    1    1    1  0.00000E+00 0.00000 
    2    2    1    1    1    1    1    1    1    1  0.00000E+00 0.00000 
    3    3    1    1    1    1    1    1    1    1  0.00000E+00 0.00000 
    4    4    1    1    1    1    1    1    1    1  0.00000E+00 0.00000 
    5    5    1    1    1    1    1    1    1    1  0.00000E+00 0.00000 
    6    6    1    1    1    1    1    1    1    1  0.00000E+00 0.00000 
    7    7    1    1    1    1    1    1    1    1  0.00000E+00 0.00000 
    8    8    1    1    1    1    1    1    1    1  2.92943E+07 1.00000 
    9    9    1    1    1    1    1    1    1    1  0.00000E+00 0.00000 
   10   10    1    1    1    1    1    1    1    1  0.00000E+00 0.00000 
   11   11    1    1    1    1    1    1    1    1  0.00000E+00 0.00000 
   12   12    1    1    1    1    1    1    1    1  1.37396E+08 0.93807 
   13   13    1    1    1    1    1    1    1    1  7.10851E+08 0.69767 
   14   14    1    1    1    1    1    1    1    1  1.37757E+09 0.74753 
   15   15    1    1    1    1    1    1    1    1  1.34694E+09 0.57327 
   16   16    1    1    1    1    1    1    1    1  3.92052E+08 0.68163 
   17   17    1    1    1    1    1    1    1    1  1.46239E+08 0.60256 
   18   18    1    1    1    1    1    1    1    1  4.81258E+08 0.39301 
   19   19    1    1    1    1    1    1    1    1  1.13978E+09 0.32064 
   20   20    1    1    1    1    1    1    1    1  3.61936E+09 0.25825 
   21   21    1    1    1    1    1    1    1    1  3.95021E+09 0.20335 
   22   22    1    1    1    1    1    1    1    1  1.36457E+10 0.14786 
   23   23    1    1    1    1    1    1    1    1  3.21141E+10 0.09270 
   24   24    1    1    1    1    1    1    1    1  1.16862E+11 0.04474 
   25   25    1    1    1    1    1    1    1    1  1.95572E+11 0.03713 
   26   26    1    1    1    1    1    1    1    1  4.16329E+11 0.02582 
   27   27    1    1    1    1    1    1    1    1  8.91554E+11 0.01418 
   28   28    1    1    1    1    1    1    1    1  1.89091E+12 0.01041 
   29   29    1    1    1    1    1    1    1    1  3.08581E+12 0.00821 
   30   30    1    1    1    1    1    1    1    1  6.35175E+12 0.00659 
   31   31    1    1    1    1    1    1    1    1  1.42562E+13 0.00573 
   32   32    1    1    1    1    1    1    1    1  2.18028E+13 0.00309 
   33   33    1    1    1    1    1    1    1    1  4.49828E+13 0.00244 
   34   34    1    1    1    1    1    1    1    1  5.71413E+13 0.00156 
   35   35    1    1    1    1    1    1    1    1  5.95833E+13 0.00136 
   36   36    1    1    1    1    1    1    1    1  3.57408E+13 0.00227 
   37   37    1    1    1    1    1    1    1    1  1.04196E+13 0.00243 
   38   38    1    1    1    1    1    1    1    1  5.98890E+13 0.00209 
   39   39    1    1    1    1    1    1    1    1  7.95397E+13 0.00187 
   40   40    1    1    1    1    1    1    1    1  1.35353E+14 0.00128 
   41   41    1    1    1    1    1    1    1    1  1.30274E+14 0.00154 
   42   42    1    1    1    1    1    1    1    1  2.81514E+14 0.00128 
   43   43    1    1    1    1    1    1    1    1  3.37267E+14 0.00108 
   44   44    1    1    1    1    1    1    1    1  4.82514E+14 0.00076 
   45   45    1    1    1    1    1    1    1    1  9.49894E+14 0.00083 
   46   46    1    1    1    1    1    1    1    1  4.25214E+14 0.00075 
   47   47    1    1    1    1    1    1    1    1  6.75105E+14 0.00059 
   48   48    1    1    1    1    1    1    1    1  9.26318E+14 0.00055 
   49   49    1    1    1    1    1    1    1    1  9.05950E+14 0.00053 
   50   50    1    1    1    1    1    1    1    1  1.41900E+15 0.00056 
   51   51    1    1    1    1    1    1    1    1  1.09530E+15 0.00068 
   52   52    1    1    1    1    1    1    1    1  1.32335E+15 0.00066 
   53   53    1    1    1    1    1    1    1    1  9.07356E+14 0.00056 
   54   54    1    1    1    1    1    1    1    1  1.12687E+15 0.00049 
   55   55    1    1    1    1    1    1    1    1  7.69990E+14 0.00050 
   56   56    1    1    1    1    1    1    1    1  1.03947E+14 0.00102 
   57   57    1    1    1    1    1    1    1    1  1.51939E+15 0.00049 
   58   58    1    1    1    1    1    1    1    1  6.94063E+14 0.00067 
   59   59    1    1    1    1    1    1    1    1  7.30872E+14 0.00068 
   60   60    1    1    1    1    1    1    1    1  5.79083E+14 0.00076 
   61   61    1    1    1    1    1    1    1    1  5.77562E+14 0.00085 
   62   62    1    1    1    1    1    1    1    1  6.02441E+14 0.00073 
   63   63    1    1    1    1    1    1    1    1  5.08562E+14 0.00098 
   64   64    1    1    1    1    1    1    1    1  4.04502E+14 0.00075 
   65   65    1    1    1    1    1    1    1    1  4.01373E+14 0.00078 
   66   66    1    1    1    1    1    1    1    1  2.89400E+14 0.00061 
   67   67    1    1    1    1    1    1    1    1  2.33642E+14 0.00083 
   68   68    1    1    1    1    1    1    1    1  2.08431E+14 0.00090 
   69   69    1    1    1    1    1    1    1    1  2.49103E+14 0.00100 
   70   70    1    1    1    1    1    1    1    1  2.11017E+14 0.00118 
   71   71    1    1    1    1    1    1    1    1  3.76780E+14 0.00096 
   72   72    1    1    1    1    1    1    1    1  2.64791E+14 0.00098 
   73   73    1    1    1    1    1    1    1    1  1.99565E+14 0.00117 
   74   74    1    1    1    1    1    1    1    1  1.62593E+14 0.00106 
   75   75    1    1    1    1    1    1    1    1  1.36478E+14 0.00127 
   76   76    1    1    1    1    1    1    1    1  1.60329E+14 0.00125 
   77   77    1    1    1    1    1    1    1    1  1.28537E+14 0.00116 
   78   78    1    1    1    1    1    1    1    1  1.03290E+14 0.00159 
   79   79    1    1    1    1    1    1    1    1  1.07229E+14 0.00154 
   80   80    1    1    1    1    1    1    1    1  7.95342E+13 0.00172 
   81   81    1    1    1    1    1    1    1    1  6.14062E+13 0.00231 
   82   82    1    1    1    1    1    1    1    1  4.69490E+13 0.00196 
   83   83    1    1    1    1    1    1    1    1  4.39333E+13 0.00226 
   84   84    1    1    1    1    1    1    1    1  3.15678E+13 0.00309 
   85   85    1    1    1    1    1    1    1    1  2.26892E+13 0.00247 
   86   86    1    1    1    1    1    1    1    1  2.11730E+13 0.00331 
   87   87    1    1    1    1    1    1    1    1  1.28317E+13 0.00368 
   88   88    1    1    1    1    1    1    1    1  8.56721E+12 0.00362 
   89   89    1    1    1    1    1    1    1    1  4.84567E+12 0.00622 
   90   90    1    1    1    1    1    1    1    1  3.21398E+12 0.00974 
   91   91    1    1    1    1    1    1    1    1  1.56904E+12 0.01332 
   92   92    1    1    1    1    1    1    1    1  7.46225E+11 0.01911 
   93   93    1    1    1    1    1    1    1    1  3.51948E+11 0.03094 
   94   94    1    1    1    1    1    1    1    1  1.70528E+11 0.03563 
   95   95    1    1    1    1    1    1    1    1  7.31617E+10 0.05568 
   96   96    1    1    1    1    1    1    1    1  4.43250E+10 0.07189 
   97   97    1    1    1    1    1    1    1    1  1.71704E+10 0.09090 
   98   98    1    1    1    1    1    1    1    1  1.02104E+10 0.18275 
   99   99    1    1    1    1    1    1    1    1  4.11088E+09 0.24618 
  100  100    1    1    1    1    1    1    1    1  2.09076E+09 0.31102 
];


