
DETdpaspec = [
    1    1    1    1    1    1    1    1    1    1  0.00000E+00 0.00000 
    2    2    1    1    1    1    1    1    1    1  0.00000E+00 0.00000 
    3    3    1    1    1    1    1    1    1    1  0.00000E+00 0.00000 
    4    4    1    1    1    1    1    1    1    1  0.00000E+00 0.00000 
    5    5    1    1    1    1    1    1    1    1  0.00000E+00 0.00000 
    6    6    1    1    1    1    1    1    1    1  0.00000E+00 0.00000 
    7    7    1    1    1    1    1    1    1    1  0.00000E+00 0.00000 
    8    8    1    1    1    1    1    1    1    1  0.00000E+00 0.00000 
    9    9    1    1    1    1    1    1    1    1  0.00000E+00 0.00000 
   10   10    1    1    1    1    1    1    1    1  0.00000E+00 0.00000 
   11   11    1    1    1    1    1    1    1    1  1.73543E+08 0.69609 
   12   12    1    1    1    1    1    1    1    1  4.54829E+07 0.68828 
   13   13    1    1    1    1    1    1    1    1  2.82065E+08 0.57230 
   14   14    1    1    1    1    1    1    1    1  1.43817E+09 0.41990 
   15   15    1    1    1    1    1    1    1    1  1.76433E+09 0.38902 
   16   16    1    1    1    1    1    1    1    1  5.11753E+08 0.40818 
   17   17    1    1    1    1    1    1    1    1  6.76892E+08 0.42551 
   18   18    1    1    1    1    1    1    1    1  2.29305E+09 0.30123 
   19   19    1    1    1    1    1    1    1    1  1.07846E+09 0.25457 
   20   20    1    1    1    1    1    1    1    1  6.80597E+09 0.20623 
   21   21    1    1    1    1    1    1    1    1  4.84068E+09 0.11458 
   22   22    1    1    1    1    1    1    1    1  9.46154E+09 0.10620 
   23   23    1    1    1    1    1    1    1    1  1.80688E+10 0.10392 
   24   24    1    1    1    1    1    1    1    1  3.73129E+10 0.09064 
   25   25    1    1    1    1    1    1    1    1  4.70553E+10 0.07817 
   26   26    1    1    1    1    1    1    1    1  8.86919E+10 0.05097 
   27   27    1    1    1    1    1    1    1    1  1.91174E+11 0.03732 
   28   28    1    1    1    1    1    1    1    1  4.73269E+11 0.02144 
   29   29    1    1    1    1    1    1    1    1  8.43251E+11 0.01540 
   30   30    1    1    1    1    1    1    1    1  2.15863E+12 0.01181 
   31   31    1    1    1    1    1    1    1    1  6.20361E+12 0.00781 
   32   32    1    1    1    1    1    1    1    1  1.09750E+13 0.00596 
   33   33    1    1    1    1    1    1    1    1  2.55240E+13 0.00296 
   34   34    1    1    1    1    1    1    1    1  3.51508E+13 0.00208 
   35   35    1    1    1    1    1    1    1    1  4.13960E+13 0.00190 
   36   36    1    1    1    1    1    1    1    1  2.65724E+13 0.00186 
   37   37    1    1    1    1    1    1    1    1  7.94248E+12 0.00198 
   38   38    1    1    1    1    1    1    1    1  4.53046E+13 0.00208 
   39   39    1    1    1    1    1    1    1    1  6.12380E+13 0.00195 
   40   40    1    1    1    1    1    1    1    1  1.05555E+14 0.00145 
   41   41    1    1    1    1    1    1    1    1  1.04767E+14 0.00128 
   42   42    1    1    1    1    1    1    1    1  2.27799E+14 0.00097 
   43   43    1    1    1    1    1    1    1    1  2.78582E+14 0.00101 
   44   44    1    1    1    1    1    1    1    1  4.07346E+14 0.00090 
   45   45    1    1    1    1    1    1    1    1  8.23113E+14 0.00070 
   46   46    1    1    1    1    1    1    1    1  3.81287E+14 0.00067 
   47   47    1    1    1    1    1    1    1    1  6.12433E+14 0.00071 
   48   48    1    1    1    1    1    1    1    1  8.57316E+14 0.00068 
   49   49    1    1    1    1    1    1    1    1  8.50920E+14 0.00077 
   50   50    1    1    1    1    1    1    1    1  1.34910E+15 0.00072 
   51   51    1    1    1    1    1    1    1    1  1.06676E+15 0.00074 
   52   52    1    1    1    1    1    1    1    1  1.29392E+15 0.00059 
   53   53    1    1    1    1    1    1    1    1  9.00340E+14 0.00053 
   54   54    1    1    1    1    1    1    1    1  1.12095E+15 0.00047 
   55   55    1    1    1    1    1    1    1    1  7.72402E+14 0.00064 
   56   56    1    1    1    1    1    1    1    1  1.04826E+14 0.00096 
   57   57    1    1    1    1    1    1    1    1  1.53894E+15 0.00065 
   58   58    1    1    1    1    1    1    1    1  7.01682E+14 0.00051 
   59   59    1    1    1    1    1    1    1    1  7.44476E+14 0.00056 
   60   60    1    1    1    1    1    1    1    1  5.90113E+14 0.00069 
   61   61    1    1    1    1    1    1    1    1  5.90933E+14 0.00056 
   62   62    1    1    1    1    1    1    1    1  6.17805E+14 0.00067 
   63   63    1    1    1    1    1    1    1    1  5.23364E+14 0.00060 
   64   64    1    1    1    1    1    1    1    1  4.18991E+14 0.00086 
   65   65    1    1    1    1    1    1    1    1  4.17776E+14 0.00070 
   66   66    1    1    1    1    1    1    1    1  3.02101E+14 0.00092 
   67   67    1    1    1    1    1    1    1    1  2.45569E+14 0.00119 
   68   68    1    1    1    1    1    1    1    1  2.20147E+14 0.00104 
   69   69    1    1    1    1    1    1    1    1  2.63781E+14 0.00117 
   70   70    1    1    1    1    1    1    1    1  2.24909E+14 0.00142 
   71   71    1    1    1    1    1    1    1    1  4.06180E+14 0.00104 
   72   72    1    1    1    1    1    1    1    1  2.87191E+14 0.00127 
   73   73    1    1    1    1    1    1    1    1  2.17357E+14 0.00098 
   74   74    1    1    1    1    1    1    1    1  1.76314E+14 0.00126 
   75   75    1    1    1    1    1    1    1    1  1.47745E+14 0.00115 
   76   76    1    1    1    1    1    1    1    1  1.73980E+14 0.00135 
   77   77    1    1    1    1    1    1    1    1  1.38695E+14 0.00162 
   78   78    1    1    1    1    1    1    1    1  1.11369E+14 0.00157 
   79   79    1    1    1    1    1    1    1    1  1.15186E+14 0.00157 
   80   80    1    1    1    1    1    1    1    1  8.55341E+13 0.00195 
   81   81    1    1    1    1    1    1    1    1  6.60902E+13 0.00181 
   82   82    1    1    1    1    1    1    1    1  5.08197E+13 0.00229 
   83   83    1    1    1    1    1    1    1    1  4.75973E+13 0.00217 
   84   84    1    1    1    1    1    1    1    1  3.41209E+13 0.00349 
   85   85    1    1    1    1    1    1    1    1  2.45032E+13 0.00391 
   86   86    1    1    1    1    1    1    1    1  2.29981E+13 0.00349 
   87   87    1    1    1    1    1    1    1    1  1.41904E+13 0.00403 
   88   88    1    1    1    1    1    1    1    1  9.47971E+12 0.00553 
   89   89    1    1    1    1    1    1    1    1  5.47166E+12 0.00635 
   90   90    1    1    1    1    1    1    1    1  3.61725E+12 0.00923 
   91   91    1    1    1    1    1    1    1    1  1.79607E+12 0.01105 
   92   92    1    1    1    1    1    1    1    1  8.95209E+11 0.01857 
   93   93    1    1    1    1    1    1    1    1  4.24080E+11 0.02713 
   94   94    1    1    1    1    1    1    1    1  2.07013E+11 0.02882 
   95   95    1    1    1    1    1    1    1    1  9.91685E+10 0.04872 
   96   96    1    1    1    1    1    1    1    1  4.63906E+10 0.07199 
   97   97    1    1    1    1    1    1    1    1  2.31633E+10 0.13596 
   98   98    1    1    1    1    1    1    1    1  1.06777E+10 0.14236 
   99   99    1    1    1    1    1    1    1    1  3.05861E+09 0.31551 
  100  100    1    1    1    1    1    1    1    1  6.04733E+09 0.23549 
];


