
DETdpaspec = [
    1    1    1    1    1    1    1    1    1    1  0.00000E+00 0.00000 
    2    2    1    1    1    1    1    1    1    1  0.00000E+00 0.00000 
    3    3    1    1    1    1    1    1    1    1  0.00000E+00 0.00000 
    4    4    1    1    1    1    1    1    1    1  0.00000E+00 0.00000 
    5    5    1    1    1    1    1    1    1    1  0.00000E+00 0.00000 
    6    6    1    1    1    1    1    1    1    1  7.72555E+06 1.00000 
    7    7    1    1    1    1    1    1    1    1  0.00000E+00 0.00000 
    8    8    1    1    1    1    1    1    1    1  0.00000E+00 0.00000 
    9    9    1    1    1    1    1    1    1    1  0.00000E+00 0.00000 
   10   10    1    1    1    1    1    1    1    1  0.00000E+00 0.00000 
   11   11    1    1    1    1    1    1    1    1  0.00000E+00 0.00000 
   12   12    1    1    1    1    1    1    1    1  0.00000E+00 0.00000 
   13   13    1    1    1    1    1    1    1    1  3.64418E+08 0.69719 
   14   14    1    1    1    1    1    1    1    1  6.26071E+08 0.67017 
   15   15    1    1    1    1    1    1    1    1  8.00214E+08 0.60022 
   16   16    1    1    1    1    1    1    1    1  4.57431E+08 0.47434 
   17   17    1    1    1    1    1    1    1    1  9.22606E+08 0.43487 
   18   18    1    1    1    1    1    1    1    1  2.14055E+09 0.37134 
   19   19    1    1    1    1    1    1    1    1  1.09775E+09 0.37149 
   20   20    1    1    1    1    1    1    1    1  8.44491E+09 0.23782 
   21   21    1    1    1    1    1    1    1    1  4.82884E+09 0.17717 
   22   22    1    1    1    1    1    1    1    1  1.24251E+10 0.16214 
   23   23    1    1    1    1    1    1    1    1  1.80710E+10 0.11605 
   24   24    1    1    1    1    1    1    1    1  3.10361E+10 0.08404 
   25   25    1    1    1    1    1    1    1    1  4.89216E+10 0.07135 
   26   26    1    1    1    1    1    1    1    1  8.47391E+10 0.04174 
   27   27    1    1    1    1    1    1    1    1  1.59048E+11 0.03528 
   28   28    1    1    1    1    1    1    1    1  4.05802E+11 0.03130 
   29   29    1    1    1    1    1    1    1    1  6.92074E+11 0.02388 
   30   30    1    1    1    1    1    1    1    1  1.81584E+12 0.01714 
   31   31    1    1    1    1    1    1    1    1  5.40006E+12 0.00958 
   32   32    1    1    1    1    1    1    1    1  9.65105E+12 0.00719 
   33   33    1    1    1    1    1    1    1    1  2.28529E+13 0.00314 
   34   34    1    1    1    1    1    1    1    1  3.20543E+13 0.00231 
   35   35    1    1    1    1    1    1    1    1  3.89068E+13 0.00223 
   36   36    1    1    1    1    1    1    1    1  2.54283E+13 0.00176 
   37   37    1    1    1    1    1    1    1    1  7.64979E+12 0.00203 
   38   38    1    1    1    1    1    1    1    1  4.35507E+13 0.00155 
   39   39    1    1    1    1    1    1    1    1  5.90413E+13 0.00245 
   40   40    1    1    1    1    1    1    1    1  1.01729E+14 0.00206 
   41   41    1    1    1    1    1    1    1    1  1.01299E+14 0.00161 
   42   42    1    1    1    1    1    1    1    1  2.20052E+14 0.00102 
   43   43    1    1    1    1    1    1    1    1  2.69800E+14 0.00122 
   44   44    1    1    1    1    1    1    1    1  3.95091E+14 0.00118 
   45   45    1    1    1    1    1    1    1    1  8.01455E+14 0.00064 
   46   46    1    1    1    1    1    1    1    1  3.72679E+14 0.00102 
   47   47    1    1    1    1    1    1    1    1  6.01093E+14 0.00094 
   48   48    1    1    1    1    1    1    1    1  8.44102E+14 0.00073 
   49   49    1    1    1    1    1    1    1    1  8.39825E+14 0.00061 
   50   50    1    1    1    1    1    1    1    1  1.33173E+15 0.00081 
   51   51    1    1    1    1    1    1    1    1  1.05897E+15 0.00054 
   52   52    1    1    1    1    1    1    1    1  1.28337E+15 0.00054 
   53   53    1    1    1    1    1    1    1    1  8.95398E+14 0.00056 
   54   54    1    1    1    1    1    1    1    1  1.11284E+15 0.00076 
   55   55    1    1    1    1    1    1    1    1  7.68701E+14 0.00062 
   56   56    1    1    1    1    1    1    1    1  1.04250E+14 0.00115 
   57   57    1    1    1    1    1    1    1    1  1.53333E+15 0.00058 
   58   58    1    1    1    1    1    1    1    1  6.98745E+14 0.00053 
   59   59    1    1    1    1    1    1    1    1  7.42442E+14 0.00057 
   60   60    1    1    1    1    1    1    1    1  5.86833E+14 0.00056 
   61   61    1    1    1    1    1    1    1    1  5.89048E+14 0.00064 
   62   62    1    1    1    1    1    1    1    1  6.16221E+14 0.00089 
   63   63    1    1    1    1    1    1    1    1  5.22654E+14 0.00064 
   64   64    1    1    1    1    1    1    1    1  4.18221E+14 0.00079 
   65   65    1    1    1    1    1    1    1    1  4.16657E+14 0.00080 
   66   66    1    1    1    1    1    1    1    1  3.02020E+14 0.00116 
   67   67    1    1    1    1    1    1    1    1  2.45185E+14 0.00085 
   68   68    1    1    1    1    1    1    1    1  2.19690E+14 0.00113 
   69   69    1    1    1    1    1    1    1    1  2.64130E+14 0.00109 
   70   70    1    1    1    1    1    1    1    1  2.25327E+14 0.00107 
   71   71    1    1    1    1    1    1    1    1  4.08655E+14 0.00085 
   72   72    1    1    1    1    1    1    1    1  2.89415E+14 0.00105 
   73   73    1    1    1    1    1    1    1    1  2.18962E+14 0.00152 
   74   74    1    1    1    1    1    1    1    1  1.77519E+14 0.00133 
   75   75    1    1    1    1    1    1    1    1  1.48454E+14 0.00181 
   76   76    1    1    1    1    1    1    1    1  1.73817E+14 0.00126 
   77   77    1    1    1    1    1    1    1    1  1.38601E+14 0.00132 
   78   78    1    1    1    1    1    1    1    1  1.11386E+14 0.00131 
   79   79    1    1    1    1    1    1    1    1  1.15208E+14 0.00159 
   80   80    1    1    1    1    1    1    1    1  8.54241E+13 0.00186 
   81   81    1    1    1    1    1    1    1    1  6.61638E+13 0.00267 
   82   82    1    1    1    1    1    1    1    1  5.08959E+13 0.00185 
   83   83    1    1    1    1    1    1    1    1  4.74853E+13 0.00232 
   84   84    1    1    1    1    1    1    1    1  3.41354E+13 0.00309 
   85   85    1    1    1    1    1    1    1    1  2.46113E+13 0.00252 
   86   86    1    1    1    1    1    1    1    1  2.28987E+13 0.00245 
   87   87    1    1    1    1    1    1    1    1  1.42120E+13 0.00435 
   88   88    1    1    1    1    1    1    1    1  9.50780E+12 0.00500 
   89   89    1    1    1    1    1    1    1    1  5.36885E+12 0.00831 
   90   90    1    1    1    1    1    1    1    1  3.60525E+12 0.00917 
   91   91    1    1    1    1    1    1    1    1  1.80243E+12 0.01097 
   92   92    1    1    1    1    1    1    1    1  8.59447E+11 0.01581 
   93   93    1    1    1    1    1    1    1    1  4.26534E+11 0.02510 
   94   94    1    1    1    1    1    1    1    1  2.04375E+11 0.03975 
   95   95    1    1    1    1    1    1    1    1  9.26443E+10 0.04524 
   96   96    1    1    1    1    1    1    1    1  3.82370E+10 0.06958 
   97   97    1    1    1    1    1    1    1    1  1.98984E+10 0.12223 
   98   98    1    1    1    1    1    1    1    1  1.23899E+10 0.14051 
   99   99    1    1    1    1    1    1    1    1  6.46737E+09 0.18816 
  100  100    1    1    1    1    1    1    1    1  3.55072E+09 0.34363 
];


