
DETdpaspec = [
    1    1    1    1    1    1    1    1    1    1  0.00000E+00 0.00000 
    2    2    1    1    1    1    1    1    1    1  0.00000E+00 0.00000 
    3    3    1    1    1    1    1    1    1    1  0.00000E+00 0.00000 
    4    4    1    1    1    1    1    1    1    1  0.00000E+00 0.00000 
    5    5    1    1    1    1    1    1    1    1  0.00000E+00 0.00000 
    6    6    1    1    1    1    1    1    1    1  0.00000E+00 0.00000 
    7    7    1    1    1    1    1    1    1    1  0.00000E+00 0.00000 
    8    8    1    1    1    1    1    1    1    1  0.00000E+00 0.00000 
    9    9    1    1    1    1    1    1    1    1  0.00000E+00 0.00000 
   10   10    1    1    1    1    1    1    1    1  0.00000E+00 0.00000 
   11   11    1    1    1    1    1    1    1    1  0.00000E+00 0.00000 
   12   12    1    1    1    1    1    1    1    1  3.87456E+07 1.00000 
   13   13    1    1    1    1    1    1    1    1  6.79642E+08 0.84908 
   14   14    1    1    1    1    1    1    1    1  8.05000E+08 1.00000 
   15   15    1    1    1    1    1    1    1    1  3.59740E+08 0.52226 
   16   16    1    1    1    1    1    1    1    1  2.53294E+08 0.65092 
   17   17    1    1    1    1    1    1    1    1  3.44281E+08 0.58956 
   18   18    1    1    1    1    1    1    1    1  7.96957E+08 0.53821 
   19   19    1    1    1    1    1    1    1    1  1.08580E+09 0.45758 
   20   20    1    1    1    1    1    1    1    1  3.29761E+09 0.25337 
   21   21    1    1    1    1    1    1    1    1  5.15095E+09 0.20659 
   22   22    1    1    1    1    1    1    1    1  1.82027E+10 0.13286 
   23   23    1    1    1    1    1    1    1    1  7.74384E+10 0.05993 
   24   24    1    1    1    1    1    1    1    1  2.41478E+11 0.03250 
   25   25    1    1    1    1    1    1    1    1  4.04327E+11 0.02927 
   26   26    1    1    1    1    1    1    1    1  8.28825E+11 0.02418 
   27   27    1    1    1    1    1    1    1    1  1.60999E+12 0.01144 
   28   28    1    1    1    1    1    1    1    1  3.04164E+12 0.00923 
   29   29    1    1    1    1    1    1    1    1  4.73310E+12 0.00935 
   30   30    1    1    1    1    1    1    1    1  9.19238E+12 0.00462 
   31   31    1    1    1    1    1    1    1    1  1.86124E+13 0.00438 
   32   32    1    1    1    1    1    1    1    1  2.73072E+13 0.00302 
   33   33    1    1    1    1    1    1    1    1  5.37787E+13 0.00276 
   34   34    1    1    1    1    1    1    1    1  6.57216E+13 0.00182 
   35   35    1    1    1    1    1    1    1    1  6.63502E+13 0.00123 
   36   36    1    1    1    1    1    1    1    1  3.91245E+13 0.00155 
   37   37    1    1    1    1    1    1    1    1  1.13752E+13 0.00193 
   38   38    1    1    1    1    1    1    1    1  6.55104E+13 0.00193 
   39   39    1    1    1    1    1    1    1    1  8.62965E+13 0.00144 
   40   40    1    1    1    1    1    1    1    1  1.45705E+14 0.00106 
   41   41    1    1    1    1    1    1    1    1  1.39331E+14 0.00123 
   42   42    1    1    1    1    1    1    1    1  2.99598E+14 0.00077 
   43   43    1    1    1    1    1    1    1    1  3.56717E+14 0.00093 
   44   44    1    1    1    1    1    1    1    1  5.06347E+14 0.00062 
   45   45    1    1    1    1    1    1    1    1  9.87130E+14 0.00064 
   46   46    1    1    1    1    1    1    1    1  4.37842E+14 0.00069 
   47   47    1    1    1    1    1    1    1    1  6.91978E+14 0.00050 
   48   48    1    1    1    1    1    1    1    1  9.42871E+14 0.00055 
   49   49    1    1    1    1    1    1    1    1  9.17460E+14 0.00049 
   50   50    1    1    1    1    1    1    1    1  1.42746E+15 0.00045 
   51   51    1    1    1    1    1    1    1    1  1.09605E+15 0.00068 
   52   52    1    1    1    1    1    1    1    1  1.31861E+15 0.00055 
   53   53    1    1    1    1    1    1    1    1  8.97811E+14 0.00070 
   54   54    1    1    1    1    1    1    1    1  1.11443E+15 0.00047 
   55   55    1    1    1    1    1    1    1    1  7.59404E+14 0.00064 
   56   56    1    1    1    1    1    1    1    1  1.02303E+14 0.00087 
   57   57    1    1    1    1    1    1    1    1  1.49363E+15 0.00062 
   58   58    1    1    1    1    1    1    1    1  6.81205E+14 0.00076 
   59   59    1    1    1    1    1    1    1    1  7.14608E+14 0.00065 
   60   60    1    1    1    1    1    1    1    1  5.65800E+14 0.00052 
   61   61    1    1    1    1    1    1    1    1  5.62857E+14 0.00062 
   62   62    1    1    1    1    1    1    1    1  5.86054E+14 0.00096 
   63   63    1    1    1    1    1    1    1    1  4.93994E+14 0.00091 
   64   64    1    1    1    1    1    1    1    1  3.91552E+14 0.00102 
   65   65    1    1    1    1    1    1    1    1  3.88172E+14 0.00098 
   66   66    1    1    1    1    1    1    1    1  2.79180E+14 0.00095 
   67   67    1    1    1    1    1    1    1    1  2.24672E+14 0.00095 
   68   68    1    1    1    1    1    1    1    1  2.00176E+14 0.00065 
   69   69    1    1    1    1    1    1    1    1  2.39462E+14 0.00106 
   70   70    1    1    1    1    1    1    1    1  2.02502E+14 0.00095 
   71   71    1    1    1    1    1    1    1    1  3.60392E+14 0.00107 
   72   72    1    1    1    1    1    1    1    1  2.52122E+14 0.00101 
   73   73    1    1    1    1    1    1    1    1  1.89678E+14 0.00121 
   74   74    1    1    1    1    1    1    1    1  1.54748E+14 0.00113 
   75   75    1    1    1    1    1    1    1    1  1.29963E+14 0.00160 
   76   76    1    1    1    1    1    1    1    1  1.52881E+14 0.00127 
   77   77    1    1    1    1    1    1    1    1  1.21810E+14 0.00146 
   78   78    1    1    1    1    1    1    1    1  9.79787E+13 0.00134 
   79   79    1    1    1    1    1    1    1    1  1.01715E+14 0.00167 
   80   80    1    1    1    1    1    1    1    1  7.53547E+13 0.00195 
   81   81    1    1    1    1    1    1    1    1  5.79053E+13 0.00126 
   82   82    1    1    1    1    1    1    1    1  4.43409E+13 0.00266 
   83   83    1    1    1    1    1    1    1    1  4.12023E+13 0.00252 
   84   84    1    1    1    1    1    1    1    1  2.95151E+13 0.00319 
   85   85    1    1    1    1    1    1    1    1  2.11338E+13 0.00313 
   86   86    1    1    1    1    1    1    1    1  1.96239E+13 0.00305 
   87   87    1    1    1    1    1    1    1    1  1.18525E+13 0.00421 
   88   88    1    1    1    1    1    1    1    1  7.89124E+12 0.00641 
   89   89    1    1    1    1    1    1    1    1  4.44678E+12 0.00757 
   90   90    1    1    1    1    1    1    1    1  2.95056E+12 0.00838 
   91   91    1    1    1    1    1    1    1    1  1.45619E+12 0.01591 
   92   92    1    1    1    1    1    1    1    1  6.91567E+11 0.01732 
   93   93    1    1    1    1    1    1    1    1  3.25447E+11 0.02521 
   94   94    1    1    1    1    1    1    1    1  1.59937E+11 0.03669 
   95   95    1    1    1    1    1    1    1    1  7.31149E+10 0.07565 
   96   96    1    1    1    1    1    1    1    1  3.51555E+10 0.10388 
   97   97    1    1    1    1    1    1    1    1  1.68708E+10 0.12495 
   98   98    1    1    1    1    1    1    1    1  5.61423E+09 0.18333 
   99   99    1    1    1    1    1    1    1    1  4.21562E+09 0.30948 
  100  100    1    1    1    1    1    1    1    1  2.08609E+09 0.25982 
];


