
DETdpaspec = [
    1    1    1    1    1    1    1    1    1    1  0.00000E+00 0.00000 
    2    2    1    1    1    1    1    1    1    1  0.00000E+00 0.00000 
    3    3    1    1    1    1    1    1    1    1  0.00000E+00 0.00000 
    4    4    1    1    1    1    1    1    1    1  0.00000E+00 0.00000 
    5    5    1    1    1    1    1    1    1    1  0.00000E+00 0.00000 
    6    6    1    1    1    1    1    1    1    1  0.00000E+00 0.00000 
    7    7    1    1    1    1    1    1    1    1  0.00000E+00 0.00000 
    8    8    1    1    1    1    1    1    1    1  7.74221E+06 1.00000 
    9    9    1    1    1    1    1    1    1    1  0.00000E+00 0.00000 
   10   10    1    1    1    1    1    1    1    1  0.00000E+00 0.00000 
   11   11    1    1    1    1    1    1    1    1  1.02627E+08 0.73537 
   12   12    1    1    1    1    1    1    1    1  1.67402E+07 0.88952 
   13   13    1    1    1    1    1    1    1    1  6.95025E+08 0.57015 
   14   14    1    1    1    1    1    1    1    1  9.01584E+08 0.52039 
   15   15    1    1    1    1    1    1    1    1  7.99923E+08 0.47359 
   16   16    1    1    1    1    1    1    1    1  7.09781E+08 0.50926 
   17   17    1    1    1    1    1    1    1    1  1.10619E+09 0.34722 
   18   18    1    1    1    1    1    1    1    1  1.27551E+09 0.34683 
   19   19    1    1    1    1    1    1    1    1  9.10438E+08 0.37155 
   20   20    1    1    1    1    1    1    1    1  5.46095E+09 0.21358 
   21   21    1    1    1    1    1    1    1    1  5.42541E+09 0.17928 
   22   22    1    1    1    1    1    1    1    1  1.28250E+10 0.17028 
   23   23    1    1    1    1    1    1    1    1  1.80992E+10 0.12831 
   24   24    1    1    1    1    1    1    1    1  3.31905E+10 0.09968 
   25   25    1    1    1    1    1    1    1    1  4.78060E+10 0.07790 
   26   26    1    1    1    1    1    1    1    1  8.84596E+10 0.04872 
   27   27    1    1    1    1    1    1    1    1  1.88536E+11 0.04607 
   28   28    1    1    1    1    1    1    1    1  4.55832E+11 0.02271 
   29   29    1    1    1    1    1    1    1    1  8.24917E+11 0.01445 
   30   30    1    1    1    1    1    1    1    1  2.15915E+12 0.01026 
   31   31    1    1    1    1    1    1    1    1  6.18962E+12 0.00565 
   32   32    1    1    1    1    1    1    1    1  1.08393E+13 0.00576 
   33   33    1    1    1    1    1    1    1    1  2.53725E+13 0.00326 
   34   34    1    1    1    1    1    1    1    1  3.48380E+13 0.00218 
   35   35    1    1    1    1    1    1    1    1  4.12707E+13 0.00288 
   36   36    1    1    1    1    1    1    1    1  2.64984E+13 0.00221 
   37   37    1    1    1    1    1    1    1    1  7.92216E+12 0.00259 
   38   38    1    1    1    1    1    1    1    1  4.52493E+13 0.00201 
   39   39    1    1    1    1    1    1    1    1  6.10559E+13 0.00203 
   40   40    1    1    1    1    1    1    1    1  1.05572E+14 0.00175 
   41   41    1    1    1    1    1    1    1    1  1.04692E+14 0.00143 
   42   42    1    1    1    1    1    1    1    1  2.27835E+14 0.00104 
   43   43    1    1    1    1    1    1    1    1  2.78063E+14 0.00112 
   44   44    1    1    1    1    1    1    1    1  4.05533E+14 0.00108 
   45   45    1    1    1    1    1    1    1    1  8.19511E+14 0.00089 
   46   46    1    1    1    1    1    1    1    1  3.79552E+14 0.00086 
   47   47    1    1    1    1    1    1    1    1  6.11110E+14 0.00075 
   48   48    1    1    1    1    1    1    1    1  8.55995E+14 0.00076 
   49   49    1    1    1    1    1    1    1    1  8.48668E+14 0.00064 
   50   50    1    1    1    1    1    1    1    1  1.34452E+15 0.00050 
   51   51    1    1    1    1    1    1    1    1  1.06480E+15 0.00045 
   52   52    1    1    1    1    1    1    1    1  1.29139E+15 0.00042 
   53   53    1    1    1    1    1    1    1    1  8.98025E+14 0.00078 
   54   54    1    1    1    1    1    1    1    1  1.11902E+15 0.00061 
   55   55    1    1    1    1    1    1    1    1  7.70861E+14 0.00058 
   56   56    1    1    1    1    1    1    1    1  1.04459E+14 0.00068 
   57   57    1    1    1    1    1    1    1    1  1.53648E+15 0.00051 
   58   58    1    1    1    1    1    1    1    1  7.00595E+14 0.00090 
   59   59    1    1    1    1    1    1    1    1  7.44951E+14 0.00070 
   60   60    1    1    1    1    1    1    1    1  5.89462E+14 0.00065 
   61   61    1    1    1    1    1    1    1    1  5.90920E+14 0.00083 
   62   62    1    1    1    1    1    1    1    1  6.18332E+14 0.00068 
   63   63    1    1    1    1    1    1    1    1  5.23802E+14 0.00075 
   64   64    1    1    1    1    1    1    1    1  4.19428E+14 0.00081 
   65   65    1    1    1    1    1    1    1    1  4.17998E+14 0.00108 
   66   66    1    1    1    1    1    1    1    1  3.02177E+14 0.00090 
   67   67    1    1    1    1    1    1    1    1  2.45046E+14 0.00108 
   68   68    1    1    1    1    1    1    1    1  2.19730E+14 0.00096 
   69   69    1    1    1    1    1    1    1    1  2.63682E+14 0.00102 
   70   70    1    1    1    1    1    1    1    1  2.25005E+14 0.00125 
   71   71    1    1    1    1    1    1    1    1  4.06164E+14 0.00069 
   72   72    1    1    1    1    1    1    1    1  2.87976E+14 0.00092 
   73   73    1    1    1    1    1    1    1    1  2.17799E+14 0.00115 
   74   74    1    1    1    1    1    1    1    1  1.76666E+14 0.00124 
   75   75    1    1    1    1    1    1    1    1  1.48260E+14 0.00169 
   76   76    1    1    1    1    1    1    1    1  1.73493E+14 0.00145 
   77   77    1    1    1    1    1    1    1    1  1.38271E+14 0.00145 
   78   78    1    1    1    1    1    1    1    1  1.11370E+14 0.00183 
   79   79    1    1    1    1    1    1    1    1  1.15539E+14 0.00155 
   80   80    1    1    1    1    1    1    1    1  8.59537E+13 0.00179 
   81   81    1    1    1    1    1    1    1    1  6.61040E+13 0.00156 
   82   82    1    1    1    1    1    1    1    1  5.07022E+13 0.00187 
   83   83    1    1    1    1    1    1    1    1  4.73734E+13 0.00229 
   84   84    1    1    1    1    1    1    1    1  3.42498E+13 0.00250 
   85   85    1    1    1    1    1    1    1    1  2.47636E+13 0.00287 
   86   86    1    1    1    1    1    1    1    1  2.31263E+13 0.00296 
   87   87    1    1    1    1    1    1    1    1  1.40327E+13 0.00381 
   88   88    1    1    1    1    1    1    1    1  9.48069E+12 0.00500 
   89   89    1    1    1    1    1    1    1    1  5.42921E+12 0.00677 
   90   90    1    1    1    1    1    1    1    1  3.59031E+12 0.00916 
   91   91    1    1    1    1    1    1    1    1  1.80533E+12 0.01700 
   92   92    1    1    1    1    1    1    1    1  8.94476E+11 0.02357 
   93   93    1    1    1    1    1    1    1    1  4.25764E+11 0.02124 
   94   94    1    1    1    1    1    1    1    1  1.91866E+11 0.03272 
   95   95    1    1    1    1    1    1    1    1  9.44947E+10 0.04030 
   96   96    1    1    1    1    1    1    1    1  4.17046E+10 0.07813 
   97   97    1    1    1    1    1    1    1    1  2.48188E+10 0.10308 
   98   98    1    1    1    1    1    1    1    1  1.18474E+10 0.15815 
   99   99    1    1    1    1    1    1    1    1  5.68395E+09 0.20361 
  100  100    1    1    1    1    1    1    1    1  3.91775E+09 0.23427 
];


