
DETdpaspec = [
    1    1    1    1    1    1    1    1    1    1  0.00000E+00 0.00000 
    2    2    1    1    1    1    1    1    1    1  0.00000E+00 0.00000 
    3    3    1    1    1    1    1    1    1    1  0.00000E+00 0.00000 
    4    4    1    1    1    1    1    1    1    1  0.00000E+00 0.00000 
    5    5    1    1    1    1    1    1    1    1  0.00000E+00 0.00000 
    6    6    1    1    1    1    1    1    1    1  0.00000E+00 0.00000 
    7    7    1    1    1    1    1    1    1    1  0.00000E+00 0.00000 
    8    8    1    1    1    1    1    1    1    1  0.00000E+00 0.00000 
    9    9    1    1    1    1    1    1    1    1  0.00000E+00 0.00000 
   10   10    1    1    1    1    1    1    1    1  2.58931E+07 1.00000 
   11   11    1    1    1    1    1    1    1    1  6.45288E+07 0.68825 
   12   12    1    1    1    1    1    1    1    1  0.00000E+00 0.00000 
   13   13    1    1    1    1    1    1    1    1  4.98248E+07 1.00000 
   14   14    1    1    1    1    1    1    1    1  4.74621E+08 0.49459 
   15   15    1    1    1    1    1    1    1    1  1.13848E+09 0.40026 
   16   16    1    1    1    1    1    1    1    1  6.83182E+08 0.41867 
   17   17    1    1    1    1    1    1    1    1  1.15433E+09 0.33161 
   18   18    1    1    1    1    1    1    1    1  2.17598E+09 0.22733 
   19   19    1    1    1    1    1    1    1    1  3.38731E+09 0.19787 
   20   20    1    1    1    1    1    1    1    1  9.92496E+09 0.19532 
   21   21    1    1    1    1    1    1    1    1  5.76990E+09 0.09935 
   22   22    1    1    1    1    1    1    1    1  1.63672E+10 0.09654 
   23   23    1    1    1    1    1    1    1    1  2.64545E+10 0.09789 
   24   24    1    1    1    1    1    1    1    1  4.39856E+10 0.07579 
   25   25    1    1    1    1    1    1    1    1  5.22466E+10 0.08210 
   26   26    1    1    1    1    1    1    1    1  8.71228E+10 0.05830 
   27   27    1    1    1    1    1    1    1    1  1.37682E+11 0.03502 
   28   28    1    1    1    1    1    1    1    1  2.73670E+11 0.02706 
   29   29    1    1    1    1    1    1    1    1  4.19889E+11 0.01888 
   30   30    1    1    1    1    1    1    1    1  1.22244E+12 0.01798 
   31   31    1    1    1    1    1    1    1    1  3.84776E+12 0.00878 
   32   32    1    1    1    1    1    1    1    1  7.42134E+12 0.00726 
   33   33    1    1    1    1    1    1    1    1  1.80261E+13 0.00548 
   34   34    1    1    1    1    1    1    1    1  2.49775E+13 0.00394 
   35   35    1    1    1    1    1    1    1    1  3.36738E+13 0.00292 
   36   36    1    1    1    1    1    1    1    1  2.29666E+13 0.00249 
   37   37    1    1    1    1    1    1    1    1  7.06708E+12 0.00241 
   38   38    1    1    1    1    1    1    1    1  3.95392E+13 0.00192 
   39   39    1    1    1    1    1    1    1    1  5.35583E+13 0.00243 
   40   40    1    1    1    1    1    1    1    1  9.21296E+13 0.00166 
   41   41    1    1    1    1    1    1    1    1  9.46538E+13 0.00149 
   42   42    1    1    1    1    1    1    1    1  2.02651E+14 0.00109 
   43   43    1    1    1    1    1    1    1    1  2.48855E+14 0.00155 
   44   44    1    1    1    1    1    1    1    1  3.66030E+14 0.00124 
   45   45    1    1    1    1    1    1    1    1  7.40881E+14 0.00108 
   46   46    1    1    1    1    1    1    1    1  3.51788E+14 0.00111 
   47   47    1    1    1    1    1    1    1    1  5.72833E+14 0.00095 
   48   48    1    1    1    1    1    1    1    1  8.08606E+14 0.00062 
   49   49    1    1    1    1    1    1    1    1  8.10143E+14 0.00062 
   50   50    1    1    1    1    1    1    1    1  1.27725E+15 0.00066 
   51   51    1    1    1    1    1    1    1    1  1.03360E+15 0.00053 
   52   52    1    1    1    1    1    1    1    1  1.23919E+15 0.00072 
   53   53    1    1    1    1    1    1    1    1  8.71188E+14 0.00045 
   54   54    1    1    1    1    1    1    1    1  1.06907E+15 0.00069 
   55   55    1    1    1    1    1    1    1    1  7.41887E+14 0.00063 
   56   56    1    1    1    1    1    1    1    1  1.01119E+14 0.00128 
   57   57    1    1    1    1    1    1    1    1  1.48646E+15 0.00060 
   58   58    1    1    1    1    1    1    1    1  6.64415E+14 0.00071 
   59   59    1    1    1    1    1    1    1    1  7.12115E+14 0.00067 
   60   60    1    1    1    1    1    1    1    1  5.55825E+14 0.00080 
   61   61    1    1    1    1    1    1    1    1  5.59959E+14 0.00080 
   62   62    1    1    1    1    1    1    1    1  5.84974E+14 0.00065 
   63   63    1    1    1    1    1    1    1    1  4.95031E+14 0.00085 
   64   64    1    1    1    1    1    1    1    1  3.96764E+14 0.00056 
   65   65    1    1    1    1    1    1    1    1  3.96096E+14 0.00084 
   66   66    1    1    1    1    1    1    1    1  2.86901E+14 0.00074 
   67   67    1    1    1    1    1    1    1    1  2.34613E+14 0.00102 
   68   68    1    1    1    1    1    1    1    1  2.10699E+14 0.00102 
   69   69    1    1    1    1    1    1    1    1  2.53090E+14 0.00136 
   70   70    1    1    1    1    1    1    1    1  2.16681E+14 0.00111 
   71   71    1    1    1    1    1    1    1    1  3.97419E+14 0.00107 
   72   72    1    1    1    1    1    1    1    1  2.83159E+14 0.00131 
   73   73    1    1    1    1    1    1    1    1  2.13686E+14 0.00102 
   74   74    1    1    1    1    1    1    1    1  1.71745E+14 0.00151 
   75   75    1    1    1    1    1    1    1    1  1.42453E+14 0.00179 
   76   76    1    1    1    1    1    1    1    1  1.64569E+14 0.00137 
   77   77    1    1    1    1    1    1    1    1  1.30261E+14 0.00118 
   78   78    1    1    1    1    1    1    1    1  1.03350E+14 0.00159 
   79   79    1    1    1    1    1    1    1    1  1.06365E+14 0.00154 
   80   80    1    1    1    1    1    1    1    1  7.86313E+13 0.00243 
   81   81    1    1    1    1    1    1    1    1  6.03723E+13 0.00179 
   82   82    1    1    1    1    1    1    1    1  4.65033E+13 0.00188 
   83   83    1    1    1    1    1    1    1    1  4.35310E+13 0.00262 
   84   84    1    1    1    1    1    1    1    1  3.13036E+13 0.00229 
   85   85    1    1    1    1    1    1    1    1  2.25643E+13 0.00431 
   86   86    1    1    1    1    1    1    1    1  2.10295E+13 0.00395 
   87   87    1    1    1    1    1    1    1    1  1.29380E+13 0.00571 
   88   88    1    1    1    1    1    1    1    1  8.73291E+12 0.00593 
   89   89    1    1    1    1    1    1    1    1  5.05299E+12 0.00598 
   90   90    1    1    1    1    1    1    1    1  3.39322E+12 0.01016 
   91   91    1    1    1    1    1    1    1    1  1.64746E+12 0.01546 
   92   92    1    1    1    1    1    1    1    1  8.09363E+11 0.02165 
   93   93    1    1    1    1    1    1    1    1  3.97074E+11 0.02571 
   94   94    1    1    1    1    1    1    1    1  1.82003E+11 0.03703 
   95   95    1    1    1    1    1    1    1    1  9.02006E+10 0.04589 
   96   96    1    1    1    1    1    1    1    1  4.45566E+10 0.06411 
   97   97    1    1    1    1    1    1    1    1  2.15532E+10 0.09794 
   98   98    1    1    1    1    1    1    1    1  1.03596E+10 0.13391 
   99   99    1    1    1    1    1    1    1    1  5.04189E+09 0.21340 
  100  100    1    1    1    1    1    1    1    1  3.69392E+09 0.23030 
];


