
DETdpaspec = [
    1    1    1    1    1    1    1    1    1    1  0.00000E+00 0.00000 
    2    2    1    1    1    1    1    1    1    1  0.00000E+00 0.00000 
    3    3    1    1    1    1    1    1    1    1  0.00000E+00 0.00000 
    4    4    1    1    1    1    1    1    1    1  0.00000E+00 0.00000 
    5    5    1    1    1    1    1    1    1    1  0.00000E+00 0.00000 
    6    6    1    1    1    1    1    1    1    1  0.00000E+00 0.00000 
    7    7    1    1    1    1    1    1    1    1  0.00000E+00 0.00000 
    8    8    1    1    1    1    1    1    1    1  0.00000E+00 0.00000 
    9    9    1    1    1    1    1    1    1    1  6.07762E+06 1.00000 
   10   10    1    1    1    1    1    1    1    1  6.35574E+07 1.00000 
   11   11    1    1    1    1    1    1    1    1  0.00000E+00 0.00000 
   12   12    1    1    1    1    1    1    1    1  4.29261E+07 1.00000 
   13   13    1    1    1    1    1    1    1    1  3.82600E+08 1.00000 
   14   14    1    1    1    1    1    1    1    1  0.00000E+00 0.00000 
   15   15    1    1    1    1    1    1    1    1  7.44526E+08 0.77944 
   16   16    1    1    1    1    1    1    1    1  3.28664E+08 0.59523 
   17   17    1    1    1    1    1    1    1    1  9.19293E+08 0.44605 
   18   18    1    1    1    1    1    1    1    1  5.71328E+08 0.40715 
   19   19    1    1    1    1    1    1    1    1  9.86604E+08 0.57529 
   20   20    1    1    1    1    1    1    1    1  6.32084E+09 0.25508 
   21   21    1    1    1    1    1    1    1    1  5.36863E+09 0.23571 
   22   22    1    1    1    1    1    1    1    1  1.13433E+10 0.14867 
   23   23    1    1    1    1    1    1    1    1  2.51897E+10 0.08652 
   24   24    1    1    1    1    1    1    1    1  7.36113E+10 0.04114 
   25   25    1    1    1    1    1    1    1    1  1.32042E+11 0.04494 
   26   26    1    1    1    1    1    1    1    1  2.88411E+11 0.02177 
   27   27    1    1    1    1    1    1    1    1  6.43029E+11 0.02159 
   28   28    1    1    1    1    1    1    1    1  1.44421E+12 0.01358 
   29   29    1    1    1    1    1    1    1    1  2.46511E+12 0.01019 
   30   30    1    1    1    1    1    1    1    1  5.25393E+12 0.00747 
   31   31    1    1    1    1    1    1    1    1  1.22342E+13 0.00550 
   32   32    1    1    1    1    1    1    1    1  1.92961E+13 0.00347 
   33   33    1    1    1    1    1    1    1    1  4.08725E+13 0.00260 
   34   34    1    1    1    1    1    1    1    1  5.24902E+13 0.00222 
   35   35    1    1    1    1    1    1    1    1  5.56277E+13 0.00225 
   36   36    1    1    1    1    1    1    1    1  3.38456E+13 0.00208 
   37   37    1    1    1    1    1    1    1    1  9.91640E+12 0.00196 
   38   38    1    1    1    1    1    1    1    1  5.70767E+13 0.00186 
   39   39    1    1    1    1    1    1    1    1  7.62036E+13 0.00129 
   40   40    1    1    1    1    1    1    1    1  1.29605E+14 0.00151 
   41   41    1    1    1    1    1    1    1    1  1.25594E+14 0.00113 
   42   42    1    1    1    1    1    1    1    1  2.70762E+14 0.00110 
   43   43    1    1    1    1    1    1    1    1  3.26117E+14 0.00094 
   44   44    1    1    1    1    1    1    1    1  4.68184E+14 0.00057 
   45   45    1    1    1    1    1    1    1    1  9.28107E+14 0.00068 
   46   46    1    1    1    1    1    1    1    1  4.18456E+14 0.00077 
   47   47    1    1    1    1    1    1    1    1  6.64347E+14 0.00087 
   48   48    1    1    1    1    1    1    1    1  9.15100E+14 0.00051 
   49   49    1    1    1    1    1    1    1    1  8.96799E+14 0.00064 
   50   50    1    1    1    1    1    1    1    1  1.40775E+15 0.00061 
   51   51    1    1    1    1    1    1    1    1  1.09153E+15 0.00064 
   52   52    1    1    1    1    1    1    1    1  1.32179E+15 0.00063 
   53   53    1    1    1    1    1    1    1    1  9.08090E+14 0.00048 
   54   54    1    1    1    1    1    1    1    1  1.13023E+15 0.00064 
   55   55    1    1    1    1    1    1    1    1  7.73349E+14 0.00063 
   56   56    1    1    1    1    1    1    1    1  1.04237E+14 0.00095 
   57   57    1    1    1    1    1    1    1    1  1.52803E+15 0.00053 
   58   58    1    1    1    1    1    1    1    1  6.98771E+14 0.00071 
   59   59    1    1    1    1    1    1    1    1  7.36116E+14 0.00057 
   60   60    1    1    1    1    1    1    1    1  5.84219E+14 0.00066 
   61   61    1    1    1    1    1    1    1    1  5.82753E+14 0.00080 
   62   62    1    1    1    1    1    1    1    1  6.07789E+14 0.00064 
   63   63    1    1    1    1    1    1    1    1  5.13734E+14 0.00080 
   64   64    1    1    1    1    1    1    1    1  4.09185E+14 0.00090 
   65   65    1    1    1    1    1    1    1    1  4.07056E+14 0.00084 
   66   66    1    1    1    1    1    1    1    1  2.94002E+14 0.00116 
   67   67    1    1    1    1    1    1    1    1  2.37178E+14 0.00088 
   68   68    1    1    1    1    1    1    1    1  2.11416E+14 0.00110 
   69   69    1    1    1    1    1    1    1    1  2.53282E+14 0.00123 
   70   70    1    1    1    1    1    1    1    1  2.14481E+14 0.00113 
   71   71    1    1    1    1    1    1    1    1  3.84251E+14 0.00095 
   72   72    1    1    1    1    1    1    1    1  2.70266E+14 0.00092 
   73   73    1    1    1    1    1    1    1    1  2.03901E+14 0.00103 
   74   74    1    1    1    1    1    1    1    1  1.66429E+14 0.00190 
   75   75    1    1    1    1    1    1    1    1  1.39760E+14 0.00116 
   76   76    1    1    1    1    1    1    1    1  1.64079E+14 0.00113 
   77   77    1    1    1    1    1    1    1    1  1.31635E+14 0.00128 
   78   78    1    1    1    1    1    1    1    1  1.05844E+14 0.00131 
   79   79    1    1    1    1    1    1    1    1  1.09765E+14 0.00143 
   80   80    1    1    1    1    1    1    1    1  8.16546E+13 0.00187 
   81   81    1    1    1    1    1    1    1    1  6.29352E+13 0.00201 
   82   82    1    1    1    1    1    1    1    1  4.82424E+13 0.00234 
   83   83    1    1    1    1    1    1    1    1  4.51269E+13 0.00226 
   84   84    1    1    1    1    1    1    1    1  3.22260E+13 0.00300 
   85   85    1    1    1    1    1    1    1    1  2.31835E+13 0.00258 
   86   86    1    1    1    1    1    1    1    1  2.17990E+13 0.00318 
   87   87    1    1    1    1    1    1    1    1  1.32551E+13 0.00443 
   88   88    1    1    1    1    1    1    1    1  8.82944E+12 0.00359 
   89   89    1    1    1    1    1    1    1    1  5.04294E+12 0.00750 
   90   90    1    1    1    1    1    1    1    1  3.27742E+12 0.00652 
   91   91    1    1    1    1    1    1    1    1  1.67371E+12 0.01139 
   92   92    1    1    1    1    1    1    1    1  8.02071E+11 0.01554 
   93   93    1    1    1    1    1    1    1    1  3.82122E+11 0.02299 
   94   94    1    1    1    1    1    1    1    1  1.66727E+11 0.03947 
   95   95    1    1    1    1    1    1    1    1  8.21454E+10 0.04604 
   96   96    1    1    1    1    1    1    1    1  4.54314E+10 0.07569 
   97   97    1    1    1    1    1    1    1    1  2.04640E+10 0.09135 
   98   98    1    1    1    1    1    1    1    1  8.38306E+09 0.13632 
   99   99    1    1    1    1    1    1    1    1  5.98733E+09 0.22536 
  100  100    1    1    1    1    1    1    1    1  2.71383E+09 0.21376 
];


