
DETdpaspec = [
    1    1    1    1    1    1    1    1    1    1  0.00000E+00 0.00000 
    2    2    1    1    1    1    1    1    1    1  0.00000E+00 0.00000 
    3    3    1    1    1    1    1    1    1    1  0.00000E+00 0.00000 
    4    4    1    1    1    1    1    1    1    1  0.00000E+00 0.00000 
    5    5    1    1    1    1    1    1    1    1  0.00000E+00 0.00000 
    6    6    1    1    1    1    1    1    1    1  0.00000E+00 0.00000 
    7    7    1    1    1    1    1    1    1    1  0.00000E+00 0.00000 
    8    8    1    1    1    1    1    1    1    1  0.00000E+00 0.00000 
    9    9    1    1    1    1    1    1    1    1  0.00000E+00 0.00000 
   10   10    1    1    1    1    1    1    1    1  0.00000E+00 0.00000 
   11   11    1    1    1    1    1    1    1    1  0.00000E+00 0.00000 
   12   12    1    1    1    1    1    1    1    1  0.00000E+00 0.00000 
   13   13    1    1    1    1    1    1    1    1  0.00000E+00 0.00000 
   14   14    1    1    1    1    1    1    1    1  0.00000E+00 0.00000 
   15   15    1    1    1    1    1    1    1    1  0.00000E+00 0.00000 
   16   16    1    1    1    1    1    1    1    1  0.00000E+00 0.00000 
   17   17    1    1    1    1    1    1    1    1  0.00000E+00 0.00000 
   18   18    1    1    1    1    1    1    1    1  0.00000E+00 0.00000 
   19   19    1    1    1    1    1    1    1    1  1.77898E+09 0.05132 
   20   20    1    1    1    1    1    1    1    1  2.72060E+08 0.07869 
   21   21    1    1    1    1    1    1    1    1  9.39385E+08 0.06410 
   22   22    1    1    1    1    1    1    1    1  6.69339E+08 0.05151 
   23   23    1    1    1    1    1    1    1    1  1.54803E+09 0.02925 
   24   24    1    1    1    1    1    1    1    1  2.32389E+09 0.02200 
   25   25    1    1    1    1    1    1    1    1  3.85739E+09 0.02073 
   26   26    1    1    1    1    1    1    1    1  4.95313E+09 0.01941 
   27   27    1    1    1    1    1    1    1    1  7.64444E+09 0.02354 
   28   28    1    1    1    1    1    1    1    1  1.36450E+10 0.01301 
   29   29    1    1    1    1    1    1    1    1  2.88808E+10 0.01168 
   30   30    1    1    1    1    1    1    1    1  4.66448E+10 0.00628 
   31   31    1    1    1    1    1    1    1    1  1.37918E+11 0.00382 
   32   32    1    1    1    1    1    1    1    1  4.40004E+11 0.00278 
   33   33    1    1    1    1    1    1    1    1  8.41773E+11 0.00215 
   34   34    1    1    1    1    1    1    1    1  2.01993E+12 0.00170 
   35   35    1    1    1    1    1    1    1    1  2.83966E+12 0.00116 
   36   36    1    1    1    1    1    1    1    1  3.81226E+12 0.00101 
   37   37    1    1    1    1    1    1    1    1  2.60688E+12 0.00102 
   38   38    1    1    1    1    1    1    1    1  8.05101E+11 0.00094 
   39   39    1    1    1    1    1    1    1    1  4.51129E+12 0.00067 
   40   40    1    1    1    1    1    1    1    1  6.11453E+12 0.00074 
   41   41    1    1    1    1    1    1    1    1  1.05010E+13 0.00053 
   42   42    1    1    1    1    1    1    1    1  1.07452E+13 0.00058 
   43   43    1    1    1    1    1    1    1    1  2.29976E+13 0.00044 
   44   44    1    1    1    1    1    1    1    1  2.80567E+13 0.00055 
   45   45    1    1    1    1    1    1    1    1  4.08553E+13 0.00038 
   46   46    1    1    1    1    1    1    1    1  8.15581E+13 0.00032 
   47   47    1    1    1    1    1    1    1    1  3.82130E+13 0.00022 
   48   48    1    1    1    1    1    1    1    1  6.19937E+13 0.00016 
   49   49    1    1    1    1    1    1    1    1  8.66011E+13 0.00015 
   50   50    1    1    1    1    1    1    1    1  8.60733E+13 0.00018 
   51   51    1    1    1    1    1    1    1    1  1.33674E+14 0.00018 
   52   52    1    1    1    1    1    1    1    1  1.07030E+14 0.00015 
   53   53    1    1    1    1    1    1    1    1  1.26692E+14 0.00012 
   54   54    1    1    1    1    1    1    1    1  8.81517E+13 0.00013 
   55   55    1    1    1    1    1    1    1    1  1.07205E+14 0.00019 
   56   56    1    1    1    1    1    1    1    1  7.38208E+13 0.00025 
   57   57    1    1    1    1    1    1    1    1  1.00480E+13 0.00030 
   58   58    1    1    1    1    1    1    1    1  1.46779E+14 0.00015 
   59   59    1    1    1    1    1    1    1    1  6.49246E+13 0.00020 
   60   60    1    1    1    1    1    1    1    1  6.90539E+13 0.00025 
   61   61    1    1    1    1    1    1    1    1  5.33993E+13 0.00021 
   62   62    1    1    1    1    1    1    1    1  5.36458E+13 0.00026 
   63   63    1    1    1    1    1    1    1    1  5.58372E+13 0.00027 
   64   64    1    1    1    1    1    1    1    1  4.69232E+13 0.00025 
   65   65    1    1    1    1    1    1    1    1  3.73270E+13 0.00023 
   66   66    1    1    1    1    1    1    1    1  3.69972E+13 0.00030 
   67   67    1    1    1    1    1    1    1    1  2.66244E+13 0.00023 
   68   68    1    1    1    1    1    1    1    1  2.17150E+13 0.00036 
   69   69    1    1    1    1    1    1    1    1  1.95105E+13 0.00044 
   70   70    1    1    1    1    1    1    1    1  2.34493E+13 0.00044 
   71   71    1    1    1    1    1    1    1    1  1.99584E+13 0.00040 
   72   72    1    1    1    1    1    1    1    1  3.64463E+13 0.00041 
   73   73    1    1    1    1    1    1    1    1  2.57863E+13 0.00050 
   74   74    1    1    1    1    1    1    1    1  1.93914E+13 0.00061 
   75   75    1    1    1    1    1    1    1    1  1.55096E+13 0.00043 
   76   76    1    1    1    1    1    1    1    1  1.28184E+13 0.00066 
   77   77    1    1    1    1    1    1    1    1  1.47904E+13 0.00037 
   78   78    1    1    1    1    1    1    1    1  1.16385E+13 0.00062 
   79   79    1    1    1    1    1    1    1    1  9.24980E+12 0.00062 
   80   80    1    1    1    1    1    1    1    1  9.52417E+12 0.00051 
   81   81    1    1    1    1    1    1    1    1  7.05617E+12 0.00056 
   82   82    1    1    1    1    1    1    1    1  5.41628E+12 0.00077 
   83   83    1    1    1    1    1    1    1    1  4.16139E+12 0.00085 
   84   84    1    1    1    1    1    1    1    1  3.89357E+12 0.00107 
   85   85    1    1    1    1    1    1    1    1  2.80192E+12 0.00140 
   86   86    1    1    1    1    1    1    1    1  2.02388E+12 0.00128 
   87   87    1    1    1    1    1    1    1    1  1.88957E+12 0.00166 
   88   88    1    1    1    1    1    1    1    1  1.16827E+12 0.00171 
   89   89    1    1    1    1    1    1    1    1  7.90496E+11 0.00182 
   90   90    1    1    1    1    1    1    1    1  4.55712E+11 0.00265 
   91   91    1    1    1    1    1    1    1    1  5.83710E+11 0.00235 
   92   92    1    1    1    1    1    1    1    1  0.00000E+00 0.00000 
   93   93    1    1    1    1    1    1    1    1  0.00000E+00 0.00000 
   94   94    1    1    1    1    1    1    1    1  0.00000E+00 0.00000 
   95   95    1    1    1    1    1    1    1    1  0.00000E+00 0.00000 
   96   96    1    1    1    1    1    1    1    1  0.00000E+00 0.00000 
   97   97    1    1    1    1    1    1    1    1  0.00000E+00 0.00000 
   98   98    1    1    1    1    1    1    1    1  0.00000E+00 0.00000 
   99   99    1    1    1    1    1    1    1    1  0.00000E+00 0.00000 
  100  100    1    1    1    1    1    1    1    1  0.00000E+00 0.00000 
];


