
DETdpaspec = [
    1    1    1    1    1    1    1    1    1    1  0.00000E+00 0.00000 
    2    2    1    1    1    1    1    1    1    1  0.00000E+00 0.00000 
    3    3    1    1    1    1    1    1    1    1  0.00000E+00 0.00000 
    4    4    1    1    1    1    1    1    1    1  0.00000E+00 0.00000 
    5    5    1    1    1    1    1    1    1    1  0.00000E+00 0.00000 
    6    6    1    1    1    1    1    1    1    1  0.00000E+00 0.00000 
    7    7    1    1    1    1    1    1    1    1  0.00000E+00 0.00000 
    8    8    1    1    1    1    1    1    1    1  0.00000E+00 0.00000 
    9    9    1    1    1    1    1    1    1    1  0.00000E+00 0.00000 
   10   10    1    1    1    1    1    1    1    1  0.00000E+00 0.00000 
   11   11    1    1    1    1    1    1    1    1  0.00000E+00 0.00000 
   12   12    1    1    1    1    1    1    1    1  0.00000E+00 0.00000 
   13   13    1    1    1    1    1    1    1    1  0.00000E+00 0.00000 
   14   14    1    1    1    1    1    1    1    1  0.00000E+00 0.00000 
   15   15    1    1    1    1    1    1    1    1  0.00000E+00 0.00000 
   16   16    1    1    1    1    1    1    1    1  0.00000E+00 0.00000 
   17   17    1    1    1    1    1    1    1    1  0.00000E+00 0.00000 
   18   18    1    1    1    1    1    1    1    1  0.00000E+00 0.00000 
   19   19    1    1    1    1    1    1    1    1  1.36063E+09 0.09277 
   20   20    1    1    1    1    1    1    1    1  2.16927E+08 0.07045 
   21   21    1    1    1    1    1    1    1    1  5.77650E+08 0.06102 
   22   22    1    1    1    1    1    1    1    1  4.62331E+08 0.03491 
   23   23    1    1    1    1    1    1    1    1  9.73543E+08 0.04278 
   24   24    1    1    1    1    1    1    1    1  1.75224E+09 0.03963 
   25   25    1    1    1    1    1    1    1    1  3.07849E+09 0.03140 
   26   26    1    1    1    1    1    1    1    1  4.07116E+09 0.02676 
   27   27    1    1    1    1    1    1    1    1  7.26728E+09 0.01883 
   28   28    1    1    1    1    1    1    1    1  1.50742E+10 0.01393 
   29   29    1    1    1    1    1    1    1    1  3.77374E+10 0.00893 
   30   30    1    1    1    1    1    1    1    1  6.87905E+10 0.00730 
   31   31    1    1    1    1    1    1    1    1  1.86039E+11 0.00431 
   32   32    1    1    1    1    1    1    1    1  5.67197E+11 0.00293 
   33   33    1    1    1    1    1    1    1    1  1.03430E+12 0.00230 
   34   34    1    1    1    1    1    1    1    1  2.46634E+12 0.00111 
   35   35    1    1    1    1    1    1    1    1  3.45827E+12 0.00112 
   36   36    1    1    1    1    1    1    1    1  4.22023E+12 0.00102 
   37   37    1    1    1    1    1    1    1    1  2.75759E+12 0.00090 
   38   38    1    1    1    1    1    1    1    1  8.31480E+11 0.00103 
   39   39    1    1    1    1    1    1    1    1  4.75288E+12 0.00085 
   40   40    1    1    1    1    1    1    1    1  6.42937E+12 0.00063 
   41   41    1    1    1    1    1    1    1    1  1.10896E+13 0.00061 
   42   42    1    1    1    1    1    1    1    1  1.10847E+13 0.00044 
   43   43    1    1    1    1    1    1    1    1  2.40205E+13 0.00046 
   44   44    1    1    1    1    1    1    1    1  2.92408E+13 0.00033 
   45   45    1    1    1    1    1    1    1    1  4.24681E+13 0.00035 
   46   46    1    1    1    1    1    1    1    1  8.50443E+13 0.00030 
   47   47    1    1    1    1    1    1    1    1  3.90741E+13 0.00017 
   48   48    1    1    1    1    1    1    1    1  6.28159E+13 0.00023 
   49   49    1    1    1    1    1    1    1    1  8.73317E+13 0.00021 
   50   50    1    1    1    1    1    1    1    1  8.60859E+13 0.00018 
   51   51    1    1    1    1    1    1    1    1  1.34277E+14 0.00015 
   52   52    1    1    1    1    1    1    1    1  1.05493E+14 0.00016 
   53   53    1    1    1    1    1    1    1    1  1.26239E+14 0.00014 
   54   54    1    1    1    1    1    1    1    1  8.70380E+13 0.00015 
   55   55    1    1    1    1    1    1    1    1  1.07064E+14 0.00016 
   56   56    1    1    1    1    1    1    1    1  7.32131E+13 0.00019 
   57   57    1    1    1    1    1    1    1    1  9.90264E+12 0.00022 
   58   58    1    1    1    1    1    1    1    1  1.44922E+14 0.00017 
   59   59    1    1    1    1    1    1    1    1  6.51107E+13 0.00023 
   60   60    1    1    1    1    1    1    1    1  6.86280E+13 0.00022 
   61   61    1    1    1    1    1    1    1    1  5.36020E+13 0.00021 
   62   62    1    1    1    1    1    1    1    1  5.35909E+13 0.00024 
   63   63    1    1    1    1    1    1    1    1  5.58400E+13 0.00021 
   64   64    1    1    1    1    1    1    1    1  4.68943E+13 0.00030 
   65   65    1    1    1    1    1    1    1    1  3.71494E+13 0.00023 
   66   66    1    1    1    1    1    1    1    1  3.67379E+13 0.00026 
   67   67    1    1    1    1    1    1    1    1  2.63341E+13 0.00027 
   68   68    1    1    1    1    1    1    1    1  2.13527E+13 0.00024 
   69   69    1    1    1    1    1    1    1    1  1.91280E+13 0.00037 
   70   70    1    1    1    1    1    1    1    1  2.29181E+13 0.00039 
   71   71    1    1    1    1    1    1    1    1  1.94265E+13 0.00043 
   72   72    1    1    1    1    1    1    1    1  3.48583E+13 0.00036 
   73   73    1    1    1    1    1    1    1    1  2.45074E+13 0.00040 
   74   74    1    1    1    1    1    1    1    1  1.84168E+13 0.00045 
   75   75    1    1    1    1    1    1    1    1  1.48658E+13 0.00034 
   76   76    1    1    1    1    1    1    1    1  1.23932E+13 0.00048 
   77   77    1    1    1    1    1    1    1    1  1.44273E+13 0.00051 
   78   78    1    1    1    1    1    1    1    1  1.14689E+13 0.00050 
   79   79    1    1    1    1    1    1    1    1  9.17818E+12 0.00060 
   80   80    1    1    1    1    1    1    1    1  9.51993E+12 0.00044 
   81   81    1    1    1    1    1    1    1    1  7.06798E+12 0.00052 
   82   82    1    1    1    1    1    1    1    1  5.44952E+12 0.00081 
   83   83    1    1    1    1    1    1    1    1  4.19346E+12 0.00097 
   84   84    1    1    1    1    1    1    1    1  3.92428E+12 0.00099 
   85   85    1    1    1    1    1    1    1    1  2.82018E+12 0.00065 
   86   86    1    1    1    1    1    1    1    1  2.03660E+12 0.00118 
   87   87    1    1    1    1    1    1    1    1  1.91215E+12 0.00143 
   88   88    1    1    1    1    1    1    1    1  1.17144E+12 0.00194 
   89   89    1    1    1    1    1    1    1    1  7.90005E+11 0.00172 
   90   90    1    1    1    1    1    1    1    1  4.54275E+11 0.00245 
   91   91    1    1    1    1    1    1    1    1  5.82471E+11 0.00231 
   92   92    1    1    1    1    1    1    1    1  0.00000E+00 0.00000 
   93   93    1    1    1    1    1    1    1    1  0.00000E+00 0.00000 
   94   94    1    1    1    1    1    1    1    1  0.00000E+00 0.00000 
   95   95    1    1    1    1    1    1    1    1  0.00000E+00 0.00000 
   96   96    1    1    1    1    1    1    1    1  0.00000E+00 0.00000 
   97   97    1    1    1    1    1    1    1    1  0.00000E+00 0.00000 
   98   98    1    1    1    1    1    1    1    1  0.00000E+00 0.00000 
   99   99    1    1    1    1    1    1    1    1  0.00000E+00 0.00000 
  100  100    1    1    1    1    1    1    1    1  0.00000E+00 0.00000 
];


