
DETdpaspec = [
    1    1    1    1    1    1    1    1    1    1  0.00000E+00 0.00000 
    2    2    1    1    1    1    1    1    1    1  0.00000E+00 0.00000 
    3    3    1    1    1    1    1    1    1    1  0.00000E+00 0.00000 
    4    4    1    1    1    1    1    1    1    1  0.00000E+00 0.00000 
    5    5    1    1    1    1    1    1    1    1  0.00000E+00 0.00000 
    6    6    1    1    1    1    1    1    1    1  0.00000E+00 0.00000 
    7    7    1    1    1    1    1    1    1    1  0.00000E+00 0.00000 
    8    8    1    1    1    1    1    1    1    1  0.00000E+00 0.00000 
    9    9    1    1    1    1    1    1    1    1  0.00000E+00 0.00000 
   10   10    1    1    1    1    1    1    1    1  0.00000E+00 0.00000 
   11   11    1    1    1    1    1    1    1    1  0.00000E+00 0.00000 
   12   12    1    1    1    1    1    1    1    1  0.00000E+00 0.00000 
   13   13    1    1    1    1    1    1    1    1  0.00000E+00 0.00000 
   14   14    1    1    1    1    1    1    1    1  0.00000E+00 0.00000 
   15   15    1    1    1    1    1    1    1    1  0.00000E+00 0.00000 
   16   16    1    1    1    1    1    1    1    1  0.00000E+00 0.00000 
   17   17    1    1    1    1    1    1    1    1  0.00000E+00 0.00000 
   18   18    1    1    1    1    1    1    1    1  0.00000E+00 0.00000 
   19   19    1    1    1    1    1    1    1    1  1.68835E+09 0.05580 
   20   20    1    1    1    1    1    1    1    1  3.14908E+08 0.05158 
   21   21    1    1    1    1    1    1    1    1  1.10308E+09 0.05791 
   22   22    1    1    1    1    1    1    1    1  8.36795E+08 0.04105 
   23   23    1    1    1    1    1    1    1    1  1.92597E+09 0.03460 
   24   24    1    1    1    1    1    1    1    1  2.90694E+09 0.02505 
   25   25    1    1    1    1    1    1    1    1  4.49885E+09 0.02431 
   26   26    1    1    1    1    1    1    1    1  5.67076E+09 0.02118 
   27   27    1    1    1    1    1    1    1    1  9.02594E+09 0.02024 
   28   28    1    1    1    1    1    1    1    1  1.56241E+10 0.01269 
   29   29    1    1    1    1    1    1    1    1  3.05300E+10 0.00850 
   30   30    1    1    1    1    1    1    1    1  4.64854E+10 0.00714 
   31   31    1    1    1    1    1    1    1    1  1.42171E+11 0.00446 
   32   32    1    1    1    1    1    1    1    1  4.50664E+11 0.00336 
   33   33    1    1    1    1    1    1    1    1  8.63581E+11 0.00222 
   34   34    1    1    1    1    1    1    1    1  2.01860E+12 0.00120 
   35   35    1    1    1    1    1    1    1    1  2.79006E+12 0.00095 
   36   36    1    1    1    1    1    1    1    1  3.88491E+12 0.00086 
   37   37    1    1    1    1    1    1    1    1  2.69657E+12 0.00072 
   38   38    1    1    1    1    1    1    1    1  8.43720E+11 0.00089 
   39   39    1    1    1    1    1    1    1    1  4.66453E+12 0.00075 
   40   40    1    1    1    1    1    1    1    1  6.30396E+12 0.00065 
   41   41    1    1    1    1    1    1    1    1  1.07269E+13 0.00056 
   42   42    1    1    1    1    1    1    1    1  1.10913E+13 0.00049 
   43   43    1    1    1    1    1    1    1    1  2.34149E+13 0.00032 
   44   44    1    1    1    1    1    1    1    1  2.84451E+13 0.00045 
   45   45    1    1    1    1    1    1    1    1  4.12726E+13 0.00037 
   46   46    1    1    1    1    1    1    1    1  8.14889E+13 0.00024 
   47   47    1    1    1    1    1    1    1    1  3.84329E+13 0.00021 
   48   48    1    1    1    1    1    1    1    1  6.25423E+13 0.00018 
   49   49    1    1    1    1    1    1    1    1  8.72701E+13 0.00020 
   50   50    1    1    1    1    1    1    1    1  8.69106E+13 0.00022 
   51   51    1    1    1    1    1    1    1    1  1.34134E+14 0.00016 
   52   52    1    1    1    1    1    1    1    1  1.08304E+14 0.00015 
   53   53    1    1    1    1    1    1    1    1  1.26926E+14 0.00015 
   54   54    1    1    1    1    1    1    1    1  8.86755E+13 0.00013 
   55   55    1    1    1    1    1    1    1    1  1.06878E+14 0.00010 
   56   56    1    1    1    1    1    1    1    1  7.38241E+13 0.00016 
   57   57    1    1    1    1    1    1    1    1  1.00872E+13 0.00031 
   58   58    1    1    1    1    1    1    1    1  1.46909E+14 0.00014 
   59   59    1    1    1    1    1    1    1    1  6.43009E+13 0.00024 
   60   60    1    1    1    1    1    1    1    1  6.86367E+13 0.00019 
   61   61    1    1    1    1    1    1    1    1  5.27153E+13 0.00023 
   62   62    1    1    1    1    1    1    1    1  5.30934E+13 0.00019 
   63   63    1    1    1    1    1    1    1    1  5.51782E+13 0.00031 
   64   64    1    1    1    1    1    1    1    1  4.62677E+13 0.00028 
   65   65    1    1    1    1    1    1    1    1  3.68521E+13 0.00040 
   66   66    1    1    1    1    1    1    1    1  3.65213E+13 0.00029 
   67   67    1    1    1    1    1    1    1    1  2.63264E+13 0.00044 
   68   68    1    1    1    1    1    1    1    1  2.15483E+13 0.00051 
   69   69    1    1    1    1    1    1    1    1  1.93835E+13 0.00041 
   70   70    1    1    1    1    1    1    1    1  2.32900E+13 0.00029 
   71   71    1    1    1    1    1    1    1    1  1.98687E+13 0.00045 
   72   72    1    1    1    1    1    1    1    1  3.65836E+13 0.00025 
   73   73    1    1    1    1    1    1    1    1  2.59682E+13 0.00037 
   74   74    1    1    1    1    1    1    1    1  1.95089E+13 0.00058 
   75   75    1    1    1    1    1    1    1    1  1.55156E+13 0.00052 
   76   76    1    1    1    1    1    1    1    1  1.27448E+13 0.00064 
   77   77    1    1    1    1    1    1    1    1  1.46178E+13 0.00054 
   78   78    1    1    1    1    1    1    1    1  1.14377E+13 0.00041 
   79   79    1    1    1    1    1    1    1    1  9.03520E+12 0.00065 
   80   80    1    1    1    1    1    1    1    1  9.25488E+12 0.00065 
   81   81    1    1    1    1    1    1    1    1  6.82051E+12 0.00059 
   82   82    1    1    1    1    1    1    1    1  5.23865E+12 0.00069 
   83   83    1    1    1    1    1    1    1    1  4.02852E+12 0.00077 
   84   84    1    1    1    1    1    1    1    1  3.75787E+12 0.00073 
   85   85    1    1    1    1    1    1    1    1  2.70831E+12 0.00117 
   86   86    1    1    1    1    1    1    1    1  1.95118E+12 0.00111 
   87   87    1    1    1    1    1    1    1    1  1.82550E+12 0.00099 
   88   88    1    1    1    1    1    1    1    1  1.12824E+12 0.00116 
   89   89    1    1    1    1    1    1    1    1  7.66121E+11 0.00195 
   90   90    1    1    1    1    1    1    1    1  4.44367E+11 0.00286 
   91   91    1    1    1    1    1    1    1    1  5.67406E+11 0.00315 
   92   92    1    1    1    1    1    1    1    1  0.00000E+00 0.00000 
   93   93    1    1    1    1    1    1    1    1  0.00000E+00 0.00000 
   94   94    1    1    1    1    1    1    1    1  0.00000E+00 0.00000 
   95   95    1    1    1    1    1    1    1    1  0.00000E+00 0.00000 
   96   96    1    1    1    1    1    1    1    1  0.00000E+00 0.00000 
   97   97    1    1    1    1    1    1    1    1  0.00000E+00 0.00000 
   98   98    1    1    1    1    1    1    1    1  0.00000E+00 0.00000 
   99   99    1    1    1    1    1    1    1    1  0.00000E+00 0.00000 
  100  100    1    1    1    1    1    1    1    1  0.00000E+00 0.00000 
];


