
DETdpaspec = [
    1    1    1    1    1    1    1    1    1    1  0.00000E+00 0.00000 
    2    2    1    1    1    1    1    1    1    1  0.00000E+00 0.00000 
    3    3    1    1    1    1    1    1    1    1  0.00000E+00 0.00000 
    4    4    1    1    1    1    1    1    1    1  0.00000E+00 0.00000 
    5    5    1    1    1    1    1    1    1    1  0.00000E+00 0.00000 
    6    6    1    1    1    1    1    1    1    1  0.00000E+00 0.00000 
    7    7    1    1    1    1    1    1    1    1  0.00000E+00 0.00000 
    8    8    1    1    1    1    1    1    1    1  0.00000E+00 0.00000 
    9    9    1    1    1    1    1    1    1    1  0.00000E+00 0.00000 
   10   10    1    1    1    1    1    1    1    1  0.00000E+00 0.00000 
   11   11    1    1    1    1    1    1    1    1  0.00000E+00 0.00000 
   12   12    1    1    1    1    1    1    1    1  0.00000E+00 0.00000 
   13   13    1    1    1    1    1    1    1    1  0.00000E+00 0.00000 
   14   14    1    1    1    1    1    1    1    1  0.00000E+00 0.00000 
   15   15    1    1    1    1    1    1    1    1  0.00000E+00 0.00000 
   16   16    1    1    1    1    1    1    1    1  0.00000E+00 0.00000 
   17   17    1    1    1    1    1    1    1    1  0.00000E+00 0.00000 
   18   18    1    1    1    1    1    1    1    1  0.00000E+00 0.00000 
   19   19    1    1    1    1    1    1    1    1  1.47397E+09 0.05677 
   20   20    1    1    1    1    1    1    1    1  2.53891E+08 0.07303 
   21   21    1    1    1    1    1    1    1    1  8.09855E+08 0.05796 
   22   22    1    1    1    1    1    1    1    1  5.87630E+08 0.04892 
   23   23    1    1    1    1    1    1    1    1  1.50531E+09 0.03180 
   24   24    1    1    1    1    1    1    1    1  2.19183E+09 0.03305 
   25   25    1    1    1    1    1    1    1    1  3.44794E+09 0.02453 
   26   26    1    1    1    1    1    1    1    1  4.46042E+09 0.01872 
   27   27    1    1    1    1    1    1    1    1  7.39357E+09 0.01629 
   28   28    1    1    1    1    1    1    1    1  1.36868E+10 0.01178 
   29   29    1    1    1    1    1    1    1    1  2.90903E+10 0.00718 
   30   30    1    1    1    1    1    1    1    1  4.83110E+10 0.00610 
   31   31    1    1    1    1    1    1    1    1  1.41283E+11 0.00381 
   32   32    1    1    1    1    1    1    1    1  4.47465E+11 0.00269 
   33   33    1    1    1    1    1    1    1    1  8.53576E+11 0.00235 
   34   34    1    1    1    1    1    1    1    1  2.05746E+12 0.00114 
   35   35    1    1    1    1    1    1    1    1  2.89992E+12 0.00118 
   36   36    1    1    1    1    1    1    1    1  3.82509E+12 0.00077 
   37   37    1    1    1    1    1    1    1    1  2.59822E+12 0.00068 
   38   38    1    1    1    1    1    1    1    1  7.98817E+11 0.00071 
   39   39    1    1    1    1    1    1    1    1  4.49993E+12 0.00076 
   40   40    1    1    1    1    1    1    1    1  6.09532E+12 0.00069 
   41   41    1    1    1    1    1    1    1    1  1.04982E+13 0.00056 
   42   42    1    1    1    1    1    1    1    1  1.07018E+13 0.00070 
   43   43    1    1    1    1    1    1    1    1  2.29844E+13 0.00051 
   44   44    1    1    1    1    1    1    1    1  2.80478E+13 0.00039 
   45   45    1    1    1    1    1    1    1    1  4.08798E+13 0.00040 
   46   46    1    1    1    1    1    1    1    1  8.18317E+13 0.00031 
   47   47    1    1    1    1    1    1    1    1  3.82234E+13 0.00021 
   48   48    1    1    1    1    1    1    1    1  6.19335E+13 0.00023 
   49   49    1    1    1    1    1    1    1    1  8.64941E+13 0.00014 
   50   50    1    1    1    1    1    1    1    1  8.58626E+13 0.00015 
   51   51    1    1    1    1    1    1    1    1  1.33629E+14 0.00015 
   52   52    1    1    1    1    1    1    1    1  1.06641E+14 0.00016 
   53   53    1    1    1    1    1    1    1    1  1.26541E+14 0.00017 
   54   54    1    1    1    1    1    1    1    1  8.79459E+13 0.00015 
   55   55    1    1    1    1    1    1    1    1  1.07270E+14 0.00015 
   56   56    1    1    1    1    1    1    1    1  7.37669E+13 0.00017 
   57   57    1    1    1    1    1    1    1    1  1.00338E+13 0.00021 
   58   58    1    1    1    1    1    1    1    1  1.46589E+14 0.00015 
   59   59    1    1    1    1    1    1    1    1  6.50939E+13 0.00019 
   60   60    1    1    1    1    1    1    1    1  6.91162E+13 0.00016 
   61   61    1    1    1    1    1    1    1    1  5.35842E+13 0.00022 
   62   62    1    1    1    1    1    1    1    1  5.37869E+13 0.00019 
   63   63    1    1    1    1    1    1    1    1  5.60370E+13 0.00027 
   64   64    1    1    1    1    1    1    1    1  4.70615E+13 0.00024 
   65   65    1    1    1    1    1    1    1    1  3.74281E+13 0.00032 
   66   66    1    1    1    1    1    1    1    1  3.70683E+13 0.00036 
   67   67    1    1    1    1    1    1    1    1  2.66594E+13 0.00034 
   68   68    1    1    1    1    1    1    1    1  2.17293E+13 0.00039 
   69   69    1    1    1    1    1    1    1    1  1.95108E+13 0.00048 
   70   70    1    1    1    1    1    1    1    1  2.34345E+13 0.00038 
   71   71    1    1    1    1    1    1    1    1  1.99545E+13 0.00051 
   72   72    1    1    1    1    1    1    1    1  3.62911E+13 0.00029 
   73   73    1    1    1    1    1    1    1    1  2.56308E+13 0.00050 
   74   74    1    1    1    1    1    1    1    1  1.92759E+13 0.00053 
   75   75    1    1    1    1    1    1    1    1  1.54618E+13 0.00035 
   76   76    1    1    1    1    1    1    1    1  1.28071E+13 0.00060 
   77   77    1    1    1    1    1    1    1    1  1.48091E+13 0.00055 
   78   78    1    1    1    1    1    1    1    1  1.16783E+13 0.00052 
   79   79    1    1    1    1    1    1    1    1  9.30192E+12 0.00056 
   80   80    1    1    1    1    1    1    1    1  9.58870E+12 0.00076 
   81   81    1    1    1    1    1    1    1    1  7.10856E+12 0.00057 
   82   82    1    1    1    1    1    1    1    1  5.46678E+12 0.00081 
   83   83    1    1    1    1    1    1    1    1  4.19431E+12 0.00115 
   84   84    1    1    1    1    1    1    1    1  3.92673E+12 0.00105 
   85   85    1    1    1    1    1    1    1    1  2.82574E+12 0.00078 
   86   86    1    1    1    1    1    1    1    1  2.03534E+12 0.00124 
   87   87    1    1    1    1    1    1    1    1  1.90650E+12 0.00188 
   88   88    1    1    1    1    1    1    1    1  1.17742E+12 0.00210 
   89   89    1    1    1    1    1    1    1    1  7.94932E+11 0.00223 
   90   90    1    1    1    1    1    1    1    1  4.62538E+11 0.00345 
   91   91    1    1    1    1    1    1    1    1  5.88016E+11 0.00250 
   92   92    1    1    1    1    1    1    1    1  0.00000E+00 0.00000 
   93   93    1    1    1    1    1    1    1    1  0.00000E+00 0.00000 
   94   94    1    1    1    1    1    1    1    1  0.00000E+00 0.00000 
   95   95    1    1    1    1    1    1    1    1  0.00000E+00 0.00000 
   96   96    1    1    1    1    1    1    1    1  0.00000E+00 0.00000 
   97   97    1    1    1    1    1    1    1    1  0.00000E+00 0.00000 
   98   98    1    1    1    1    1    1    1    1  0.00000E+00 0.00000 
   99   99    1    1    1    1    1    1    1    1  0.00000E+00 0.00000 
  100  100    1    1    1    1    1    1    1    1  0.00000E+00 0.00000 
];


