
DETdpaspec = [
    1    1    1    1    1    1    1    1    1    1  0.00000E+00 0.00000 
    2    2    1    1    1    1    1    1    1    1  0.00000E+00 0.00000 
    3    3    1    1    1    1    1    1    1    1  0.00000E+00 0.00000 
    4    4    1    1    1    1    1    1    1    1  0.00000E+00 0.00000 
    5    5    1    1    1    1    1    1    1    1  0.00000E+00 0.00000 
    6    6    1    1    1    1    1    1    1    1  0.00000E+00 0.00000 
    7    7    1    1    1    1    1    1    1    1  0.00000E+00 0.00000 
    8    8    1    1    1    1    1    1    1    1  0.00000E+00 0.00000 
    9    9    1    1    1    1    1    1    1    1  0.00000E+00 0.00000 
   10   10    1    1    1    1    1    1    1    1  0.00000E+00 0.00000 
   11   11    1    1    1    1    1    1    1    1  0.00000E+00 0.00000 
   12   12    1    1    1    1    1    1    1    1  0.00000E+00 0.00000 
   13   13    1    1    1    1    1    1    1    1  0.00000E+00 0.00000 
   14   14    1    1    1    1    1    1    1    1  0.00000E+00 0.00000 
   15   15    1    1    1    1    1    1    1    1  0.00000E+00 0.00000 
   16   16    1    1    1    1    1    1    1    1  0.00000E+00 0.00000 
   17   17    1    1    1    1    1    1    1    1  0.00000E+00 0.00000 
   18   18    1    1    1    1    1    1    1    1  0.00000E+00 0.00000 
   19   19    1    1    1    1    1    1    1    1  1.77501E+09 0.04630 
   20   20    1    1    1    1    1    1    1    1  2.86809E+08 0.06842 
   21   21    1    1    1    1    1    1    1    1  9.44300E+08 0.04038 
   22   22    1    1    1    1    1    1    1    1  7.88136E+08 0.04649 
   23   23    1    1    1    1    1    1    1    1  2.01740E+09 0.02302 
   24   24    1    1    1    1    1    1    1    1  2.84991E+09 0.02728 
   25   25    1    1    1    1    1    1    1    1  4.55509E+09 0.01823 
   26   26    1    1    1    1    1    1    1    1  5.77821E+09 0.02174 
   27   27    1    1    1    1    1    1    1    1  8.94887E+09 0.01900 
   28   28    1    1    1    1    1    1    1    1  1.58786E+10 0.01467 
   29   29    1    1    1    1    1    1    1    1  3.06527E+10 0.00751 
   30   30    1    1    1    1    1    1    1    1  4.59328E+10 0.00618 
   31   31    1    1    1    1    1    1    1    1  1.40002E+11 0.00437 
   32   32    1    1    1    1    1    1    1    1  4.48155E+11 0.00225 
   33   33    1    1    1    1    1    1    1    1  8.55320E+11 0.00198 
   34   34    1    1    1    1    1    1    1    1  2.00843E+12 0.00141 
   35   35    1    1    1    1    1    1    1    1  2.78129E+12 0.00104 
   36   36    1    1    1    1    1    1    1    1  3.85481E+12 0.00099 
   37   37    1    1    1    1    1    1    1    1  2.67566E+12 0.00078 
   38   38    1    1    1    1    1    1    1    1  8.35302E+11 0.00079 
   39   39    1    1    1    1    1    1    1    1  4.62709E+12 0.00079 
   40   40    1    1    1    1    1    1    1    1  6.25610E+12 0.00071 
   41   41    1    1    1    1    1    1    1    1  1.06647E+13 0.00058 
   42   42    1    1    1    1    1    1    1    1  1.10166E+13 0.00056 
   43   43    1    1    1    1    1    1    1    1  2.33122E+13 0.00042 
   44   44    1    1    1    1    1    1    1    1  2.83427E+13 0.00029 
   45   45    1    1    1    1    1    1    1    1  4.11733E+13 0.00025 
   46   46    1    1    1    1    1    1    1    1  8.14609E+13 0.00021 
   47   47    1    1    1    1    1    1    1    1  3.83835E+13 0.00016 
   48   48    1    1    1    1    1    1    1    1  6.24189E+13 0.00024 
   49   49    1    1    1    1    1    1    1    1  8.71503E+13 0.00020 
   50   50    1    1    1    1    1    1    1    1  8.67804E+13 0.00017 
   51   51    1    1    1    1    1    1    1    1  1.34063E+14 0.00018 
   52   52    1    1    1    1    1    1    1    1  1.08112E+14 0.00013 
   53   53    1    1    1    1    1    1    1    1  1.26931E+14 0.00016 
   54   54    1    1    1    1    1    1    1    1  8.86152E+13 0.00015 
   55   55    1    1    1    1    1    1    1    1  1.06952E+14 0.00018 
   56   56    1    1    1    1    1    1    1    1  7.38275E+13 0.00020 
   57   57    1    1    1    1    1    1    1    1  1.00870E+13 0.00032 
   58   58    1    1    1    1    1    1    1    1  1.46950E+14 0.00020 
   59   59    1    1    1    1    1    1    1    1  6.44227E+13 0.00020 
   60   60    1    1    1    1    1    1    1    1  6.87081E+13 0.00018 
   61   61    1    1    1    1    1    1    1    1  5.28139E+13 0.00024 
   62   62    1    1    1    1    1    1    1    1  5.31833E+13 0.00017 
   63   63    1    1    1    1    1    1    1    1  5.52766E+13 0.00019 
   64   64    1    1    1    1    1    1    1    1  4.63740E+13 0.00025 
   65   65    1    1    1    1    1    1    1    1  3.69270E+13 0.00025 
   66   66    1    1    1    1    1    1    1    1  3.66224E+13 0.00025 
   67   67    1    1    1    1    1    1    1    1  2.63869E+13 0.00032 
   68   68    1    1    1    1    1    1    1    1  2.15901E+13 0.00031 
   69   69    1    1    1    1    1    1    1    1  1.94177E+13 0.00040 
   70   70    1    1    1    1    1    1    1    1  2.33368E+13 0.00033 
   71   71    1    1    1    1    1    1    1    1  1.99038E+13 0.00048 
   72   72    1    1    1    1    1    1    1    1  3.66031E+13 0.00044 
   73   73    1    1    1    1    1    1    1    1  2.59636E+13 0.00055 
   74   74    1    1    1    1    1    1    1    1  1.94846E+13 0.00053 
   75   75    1    1    1    1    1    1    1    1  1.55185E+13 0.00041 
   76   76    1    1    1    1    1    1    1    1  1.27561E+13 0.00041 
   77   77    1    1    1    1    1    1    1    1  1.46495E+13 0.00048 
   78   78    1    1    1    1    1    1    1    1  1.14588E+13 0.00051 
   79   79    1    1    1    1    1    1    1    1  9.06739E+12 0.00062 
   80   80    1    1    1    1    1    1    1    1  9.30439E+12 0.00048 
   81   81    1    1    1    1    1    1    1    1  6.86430E+12 0.00059 
   82   82    1    1    1    1    1    1    1    1  5.27994E+12 0.00075 
   83   83    1    1    1    1    1    1    1    1  4.04382E+12 0.00083 
   84   84    1    1    1    1    1    1    1    1  3.78099E+12 0.00082 
   85   85    1    1    1    1    1    1    1    1  2.71661E+12 0.00121 
   86   86    1    1    1    1    1    1    1    1  1.96128E+12 0.00171 
   87   87    1    1    1    1    1    1    1    1  1.82744E+12 0.00095 
   88   88    1    1    1    1    1    1    1    1  1.13244E+12 0.00189 
   89   89    1    1    1    1    1    1    1    1  7.67519E+11 0.00159 
   90   90    1    1    1    1    1    1    1    1  4.45352E+11 0.00311 
   91   91    1    1    1    1    1    1    1    1  5.66977E+11 0.00237 
   92   92    1    1    1    1    1    1    1    1  0.00000E+00 0.00000 
   93   93    1    1    1    1    1    1    1    1  0.00000E+00 0.00000 
   94   94    1    1    1    1    1    1    1    1  0.00000E+00 0.00000 
   95   95    1    1    1    1    1    1    1    1  0.00000E+00 0.00000 
   96   96    1    1    1    1    1    1    1    1  0.00000E+00 0.00000 
   97   97    1    1    1    1    1    1    1    1  0.00000E+00 0.00000 
   98   98    1    1    1    1    1    1    1    1  0.00000E+00 0.00000 
   99   99    1    1    1    1    1    1    1    1  0.00000E+00 0.00000 
  100  100    1    1    1    1    1    1    1    1  0.00000E+00 0.00000 
];


