
DETdpaspec = [
    1    1    1    1    1    1    1    1    1    1  0.00000E+00 0.00000 
    2    2    1    1    1    1    1    1    1    1  0.00000E+00 0.00000 
    3    3    1    1    1    1    1    1    1    1  0.00000E+00 0.00000 
    4    4    1    1    1    1    1    1    1    1  0.00000E+00 0.00000 
    5    5    1    1    1    1    1    1    1    1  0.00000E+00 0.00000 
    6    6    1    1    1    1    1    1    1    1  0.00000E+00 0.00000 
    7    7    1    1    1    1    1    1    1    1  0.00000E+00 0.00000 
    8    8    1    1    1    1    1    1    1    1  0.00000E+00 0.00000 
    9    9    1    1    1    1    1    1    1    1  0.00000E+00 0.00000 
   10   10    1    1    1    1    1    1    1    1  0.00000E+00 0.00000 
   11   11    1    1    1    1    1    1    1    1  0.00000E+00 0.00000 
   12   12    1    1    1    1    1    1    1    1  0.00000E+00 0.00000 
   13   13    1    1    1    1    1    1    1    1  0.00000E+00 0.00000 
   14   14    1    1    1    1    1    1    1    1  0.00000E+00 0.00000 
   15   15    1    1    1    1    1    1    1    1  0.00000E+00 0.00000 
   16   16    1    1    1    1    1    1    1    1  0.00000E+00 0.00000 
   17   17    1    1    1    1    1    1    1    1  0.00000E+00 0.00000 
   18   18    1    1    1    1    1    1    1    1  0.00000E+00 0.00000 
   19   19    1    1    1    1    1    1    1    1  1.70500E+09 0.04929 
   20   20    1    1    1    1    1    1    1    1  2.85514E+08 0.06578 
   21   21    1    1    1    1    1    1    1    1  9.40871E+08 0.05132 
   22   22    1    1    1    1    1    1    1    1  6.94716E+08 0.04542 
   23   23    1    1    1    1    1    1    1    1  1.62466E+09 0.03123 
   24   24    1    1    1    1    1    1    1    1  2.39118E+09 0.03357 
   25   25    1    1    1    1    1    1    1    1  3.80176E+09 0.02378 
   26   26    1    1    1    1    1    1    1    1  4.79980E+09 0.02359 
   27   27    1    1    1    1    1    1    1    1  7.62327E+09 0.01902 
   28   28    1    1    1    1    1    1    1    1  1.37610E+10 0.01313 
   29   29    1    1    1    1    1    1    1    1  2.90921E+10 0.00903 
   30   30    1    1    1    1    1    1    1    1  4.63944E+10 0.00764 
   31   31    1    1    1    1    1    1    1    1  1.37340E+11 0.00469 
   32   32    1    1    1    1    1    1    1    1  4.36423E+11 0.00198 
   33   33    1    1    1    1    1    1    1    1  8.39634E+11 0.00244 
   34   34    1    1    1    1    1    1    1    1  2.00922E+12 0.00124 
   35   35    1    1    1    1    1    1    1    1  2.81807E+12 0.00096 
   36   36    1    1    1    1    1    1    1    1  3.80950E+12 0.00092 
   37   37    1    1    1    1    1    1    1    1  2.61184E+12 0.00052 
   38   38    1    1    1    1    1    1    1    1  8.08490E+11 0.00072 
   39   39    1    1    1    1    1    1    1    1  4.52619E+12 0.00046 
   40   40    1    1    1    1    1    1    1    1  6.13069E+12 0.00055 
   41   41    1    1    1    1    1    1    1    1  1.05182E+13 0.00063 
   42   42    1    1    1    1    1    1    1    1  1.07833E+13 0.00045 
   43   43    1    1    1    1    1    1    1    1  2.30249E+13 0.00054 
   44   44    1    1    1    1    1    1    1    1  2.80649E+13 0.00031 
   45   45    1    1    1    1    1    1    1    1  4.08458E+13 0.00029 
   46   46    1    1    1    1    1    1    1    1  8.14487E+13 0.00023 
   47   47    1    1    1    1    1    1    1    1  3.82091E+13 0.00024 
   48   48    1    1    1    1    1    1    1    1  6.20225E+13 0.00018 
   49   49    1    1    1    1    1    1    1    1  8.66782E+13 0.00018 
   50   50    1    1    1    1    1    1    1    1  8.61775E+13 0.00014 
   51   51    1    1    1    1    1    1    1    1  1.33716E+14 0.00016 
   52   52    1    1    1    1    1    1    1    1  1.07253E+14 0.00020 
   53   53    1    1    1    1    1    1    1    1  1.26730E+14 0.00014 
   54   54    1    1    1    1    1    1    1    1  8.82288E+13 0.00013 
   55   55    1    1    1    1    1    1    1    1  1.07174E+14 0.00014 
   56   56    1    1    1    1    1    1    1    1  7.38390E+13 0.00015 
   57   57    1    1    1    1    1    1    1    1  1.00637E+13 0.00045 
   58   58    1    1    1    1    1    1    1    1  1.46843E+14 0.00012 
   59   59    1    1    1    1    1    1    1    1  6.48383E+13 0.00015 
   60   60    1    1    1    1    1    1    1    1  6.90289E+13 0.00018 
   61   61    1    1    1    1    1    1    1    1  5.33050E+13 0.00021 
   62   62    1    1    1    1    1    1    1    1  5.35919E+13 0.00025 
   63   63    1    1    1    1    1    1    1    1  5.57941E+13 0.00025 
   64   64    1    1    1    1    1    1    1    1  4.68536E+13 0.00030 
   65   65    1    1    1    1    1    1    1    1  3.72712E+13 0.00024 
   66   66    1    1    1    1    1    1    1    1  3.69555E+13 0.00028 
   67   67    1    1    1    1    1    1    1    1  2.65907E+13 0.00032 
   68   68    1    1    1    1    1    1    1    1  2.17181E+13 0.00041 
   69   69    1    1    1    1    1    1    1    1  1.95153E+13 0.00035 
   70   70    1    1    1    1    1    1    1    1  2.34308E+13 0.00038 
   71   71    1    1    1    1    1    1    1    1  1.99640E+13 0.00035 
   72   72    1    1    1    1    1    1    1    1  3.64995E+13 0.00036 
   73   73    1    1    1    1    1    1    1    1  2.58349E+13 0.00031 
   74   74    1    1    1    1    1    1    1    1  1.94235E+13 0.00036 
   75   75    1    1    1    1    1    1    1    1  1.55167E+13 0.00052 
   76   76    1    1    1    1    1    1    1    1  1.28035E+13 0.00047 
   77   77    1    1    1    1    1    1    1    1  1.47713E+13 0.00056 
   78   78    1    1    1    1    1    1    1    1  1.16151E+13 0.00037 
   79   79    1    1    1    1    1    1    1    1  9.22019E+12 0.00046 
   80   80    1    1    1    1    1    1    1    1  9.49364E+12 0.00059 
   81   81    1    1    1    1    1    1    1    1  7.02671E+12 0.00067 
   82   82    1    1    1    1    1    1    1    1  5.39485E+12 0.00071 
   83   83    1    1    1    1    1    1    1    1  4.14148E+12 0.00089 
   84   84    1    1    1    1    1    1    1    1  3.87957E+12 0.00094 
   85   85    1    1    1    1    1    1    1    1  2.78911E+12 0.00130 
   86   86    1    1    1    1    1    1    1    1  2.01424E+12 0.00098 
   87   87    1    1    1    1    1    1    1    1  1.87973E+12 0.00157 
   88   88    1    1    1    1    1    1    1    1  1.15875E+12 0.00159 
   89   89    1    1    1    1    1    1    1    1  7.85035E+11 0.00209 
   90   90    1    1    1    1    1    1    1    1  4.51732E+11 0.00359 
   91   91    1    1    1    1    1    1    1    1  5.81695E+11 0.00171 
   92   92    1    1    1    1    1    1    1    1  0.00000E+00 0.00000 
   93   93    1    1    1    1    1    1    1    1  0.00000E+00 0.00000 
   94   94    1    1    1    1    1    1    1    1  0.00000E+00 0.00000 
   95   95    1    1    1    1    1    1    1    1  0.00000E+00 0.00000 
   96   96    1    1    1    1    1    1    1    1  0.00000E+00 0.00000 
   97   97    1    1    1    1    1    1    1    1  0.00000E+00 0.00000 
   98   98    1    1    1    1    1    1    1    1  0.00000E+00 0.00000 
   99   99    1    1    1    1    1    1    1    1  0.00000E+00 0.00000 
  100  100    1    1    1    1    1    1    1    1  0.00000E+00 0.00000 
];


