
DETdpaspec = [
    1    1    1    1    1    1    1    1    1    1  0.00000E+00 0.00000 
    2    2    1    1    1    1    1    1    1    1  0.00000E+00 0.00000 
    3    3    1    1    1    1    1    1    1    1  0.00000E+00 0.00000 
    4    4    1    1    1    1    1    1    1    1  0.00000E+00 0.00000 
    5    5    1    1    1    1    1    1    1    1  0.00000E+00 0.00000 
    6    6    1    1    1    1    1    1    1    1  0.00000E+00 0.00000 
    7    7    1    1    1    1    1    1    1    1  0.00000E+00 0.00000 
    8    8    1    1    1    1    1    1    1    1  0.00000E+00 0.00000 
    9    9    1    1    1    1    1    1    1    1  0.00000E+00 0.00000 
   10   10    1    1    1    1    1    1    1    1  0.00000E+00 0.00000 
   11   11    1    1    1    1    1    1    1    1  0.00000E+00 0.00000 
   12   12    1    1    1    1    1    1    1    1  0.00000E+00 0.00000 
   13   13    1    1    1    1    1    1    1    1  0.00000E+00 0.00000 
   14   14    1    1    1    1    1    1    1    1  0.00000E+00 0.00000 
   15   15    1    1    1    1    1    1    1    1  0.00000E+00 0.00000 
   16   16    1    1    1    1    1    1    1    1  0.00000E+00 0.00000 
   17   17    1    1    1    1    1    1    1    1  0.00000E+00 0.00000 
   18   18    1    1    1    1    1    1    1    1  0.00000E+00 0.00000 
   19   19    1    1    1    1    1    1    1    1  6.91152E+08 0.13282 
   20   20    1    1    1    1    1    1    1    1  1.34786E+08 0.11128 
   21   21    1    1    1    1    1    1    1    1  4.58579E+08 0.11024 
   22   22    1    1    1    1    1    1    1    1  4.36600E+08 0.07626 
   23   23    1    1    1    1    1    1    1    1  9.81826E+08 0.05938 
   24   24    1    1    1    1    1    1    1    1  1.75607E+09 0.04684 
   25   25    1    1    1    1    1    1    1    1  4.46072E+09 0.02820 
   26   26    1    1    1    1    1    1    1    1  7.36724E+09 0.02199 
   27   27    1    1    1    1    1    1    1    1  1.76214E+10 0.01455 
   28   28    1    1    1    1    1    1    1    1  4.17685E+10 0.00907 
   29   29    1    1    1    1    1    1    1    1  1.02750E+11 0.00535 
   30   30    1    1    1    1    1    1    1    1  1.85502E+11 0.00463 
   31   31    1    1    1    1    1    1    1    1  4.25919E+11 0.00316 
   32   32    1    1    1    1    1    1    1    1  1.08300E+12 0.00198 
   33   33    1    1    1    1    1    1    1    1  1.76531E+12 0.00119 
   34   34    1    1    1    1    1    1    1    1  3.87112E+12 0.00110 
   35   35    1    1    1    1    1    1    1    1  5.11047E+12 0.00076 
   36   36    1    1    1    1    1    1    1    1  5.57877E+12 0.00063 
   37   37    1    1    1    1    1    1    1    1  3.43923E+12 0.00065 
   38   38    1    1    1    1    1    1    1    1  1.01518E+12 0.00060 
   39   39    1    1    1    1    1    1    1    1  5.83555E+12 0.00064 
   40   40    1    1    1    1    1    1    1    1  7.79671E+12 0.00059 
   41   41    1    1    1    1    1    1    1    1  1.33047E+13 0.00051 
   42   42    1    1    1    1    1    1    1    1  1.29405E+13 0.00042 
   43   43    1    1    1    1    1    1    1    1  2.79576E+13 0.00042 
   44   44    1    1    1    1    1    1    1    1  3.35298E+13 0.00035 
   45   45    1    1    1    1    1    1    1    1  4.79159E+13 0.00028 
   46   46    1    1    1    1    1    1    1    1  9.41163E+13 0.00019 
   47   47    1    1    1    1    1    1    1    1  4.20035E+13 0.00023 
   48   48    1    1    1    1    1    1    1    1  6.66970E+13 0.00023 
   49   49    1    1    1    1    1    1    1    1  9.12854E+13 0.00017 
   50   50    1    1    1    1    1    1    1    1  8.87516E+13 0.00015 
   51   51    1    1    1    1    1    1    1    1  1.37206E+14 0.00009 
   52   52    1    1    1    1    1    1    1    1  1.05447E+14 0.00015 
   53   53    1    1    1    1    1    1    1    1  1.25984E+14 0.00016 
   54   54    1    1    1    1    1    1    1    1  8.56086E+13 0.00015 
   55   55    1    1    1    1    1    1    1    1  1.05405E+14 0.00014 
   56   56    1    1    1    1    1    1    1    1  7.14517E+13 0.00010 
   57   57    1    1    1    1    1    1    1    1  9.61468E+12 0.00030 
   58   58    1    1    1    1    1    1    1    1  1.40238E+14 0.00014 
   59   59    1    1    1    1    1    1    1    1  6.32753E+13 0.00024 
   60   60    1    1    1    1    1    1    1    1  6.60303E+13 0.00022 
   61   61    1    1    1    1    1    1    1    1  5.16724E+13 0.00019 
   62   62    1    1    1    1    1    1    1    1  5.13919E+13 0.00014 
   63   63    1    1    1    1    1    1    1    1  5.33943E+13 0.00016 
   64   64    1    1    1    1    1    1    1    1  4.46455E+13 0.00027 
   65   65    1    1    1    1    1    1    1    1  3.51610E+13 0.00019 
   66   66    1    1    1    1    1    1    1    1  3.45952E+13 0.00033 
   67   67    1    1    1    1    1    1    1    1  2.46496E+13 0.00041 
   68   68    1    1    1    1    1    1    1    1  1.98958E+13 0.00029 
   69   69    1    1    1    1    1    1    1    1  1.77480E+13 0.00047 
   70   70    1    1    1    1    1    1    1    1  2.11776E+13 0.00040 
   71   71    1    1    1    1    1    1    1    1  1.78442E+13 0.00038 
   72   72    1    1    1    1    1    1    1    1  3.15606E+13 0.00035 
   73   73    1    1    1    1    1    1    1    1  2.19843E+13 0.00029 
   74   74    1    1    1    1    1    1    1    1  1.64740E+13 0.00055 
   75   75    1    1    1    1    1    1    1    1  1.33206E+13 0.00045 
   76   76    1    1    1    1    1    1    1    1  1.11571E+13 0.00042 
   77   77    1    1    1    1    1    1    1    1  1.30426E+13 0.00046 
   78   78    1    1    1    1    1    1    1    1  1.04172E+13 0.00030 
   79   79    1    1    1    1    1    1    1    1  8.36721E+12 0.00067 
   80   80    1    1    1    1    1    1    1    1  8.68557E+12 0.00061 
   81   81    1    1    1    1    1    1    1    1  6.45592E+12 0.00070 
   82   82    1    1    1    1    1    1    1    1  4.98805E+12 0.00074 
   83   83    1    1    1    1    1    1    1    1  3.83309E+12 0.00067 
   84   84    1    1    1    1    1    1    1    1  3.58296E+12 0.00082 
   85   85    1    1    1    1    1    1    1    1  2.57992E+12 0.00099 
   86   86    1    1    1    1    1    1    1    1  1.86668E+12 0.00113 
   87   87    1    1    1    1    1    1    1    1  1.74276E+12 0.00102 
   88   88    1    1    1    1    1    1    1    1  1.06575E+12 0.00147 
   89   89    1    1    1    1    1    1    1    1  7.16402E+11 0.00195 
   90   90    1    1    1    1    1    1    1    1  4.14275E+11 0.00235 
   91   91    1    1    1    1    1    1    1    1  5.22099E+11 0.00258 
   92   92    1    1    1    1    1    1    1    1  0.00000E+00 0.00000 
   93   93    1    1    1    1    1    1    1    1  0.00000E+00 0.00000 
   94   94    1    1    1    1    1    1    1    1  0.00000E+00 0.00000 
   95   95    1    1    1    1    1    1    1    1  0.00000E+00 0.00000 
   96   96    1    1    1    1    1    1    1    1  0.00000E+00 0.00000 
   97   97    1    1    1    1    1    1    1    1  0.00000E+00 0.00000 
   98   98    1    1    1    1    1    1    1    1  0.00000E+00 0.00000 
   99   99    1    1    1    1    1    1    1    1  0.00000E+00 0.00000 
  100  100    1    1    1    1    1    1    1    1  0.00000E+00 0.00000 
];


