
DETdpaspec = [
    1    1    1    1    1    1    1    1    1    1  0.00000E+00 0.00000 
    2    2    1    1    1    1    1    1    1    1  0.00000E+00 0.00000 
    3    3    1    1    1    1    1    1    1    1  0.00000E+00 0.00000 
    4    4    1    1    1    1    1    1    1    1  0.00000E+00 0.00000 
    5    5    1    1    1    1    1    1    1    1  0.00000E+00 0.00000 
    6    6    1    1    1    1    1    1    1    1  0.00000E+00 0.00000 
    7    7    1    1    1    1    1    1    1    1  0.00000E+00 0.00000 
    8    8    1    1    1    1    1    1    1    1  0.00000E+00 0.00000 
    9    9    1    1    1    1    1    1    1    1  0.00000E+00 0.00000 
   10   10    1    1    1    1    1    1    1    1  0.00000E+00 0.00000 
   11   11    1    1    1    1    1    1    1    1  0.00000E+00 0.00000 
   12   12    1    1    1    1    1    1    1    1  0.00000E+00 0.00000 
   13   13    1    1    1    1    1    1    1    1  0.00000E+00 0.00000 
   14   14    1    1    1    1    1    1    1    1  0.00000E+00 0.00000 
   15   15    1    1    1    1    1    1    1    1  0.00000E+00 0.00000 
   16   16    1    1    1    1    1    1    1    1  0.00000E+00 0.00000 
   17   17    1    1    1    1    1    1    1    1  0.00000E+00 0.00000 
   18   18    1    1    1    1    1    1    1    1  0.00000E+00 0.00000 
   19   19    1    1    1    1    1    1    1    1  1.60311E+09 0.05384 
   20   20    1    1    1    1    1    1    1    1  2.23837E+08 0.08569 
   21   21    1    1    1    1    1    1    1    1  9.15930E+08 0.05005 
   22   22    1    1    1    1    1    1    1    1  6.74039E+08 0.05688 
   23   23    1    1    1    1    1    1    1    1  1.65232E+09 0.04666 
   24   24    1    1    1    1    1    1    1    1  2.43217E+09 0.03014 
   25   25    1    1    1    1    1    1    1    1  3.75918E+09 0.02471 
   26   26    1    1    1    1    1    1    1    1  4.71054E+09 0.02433 
   27   27    1    1    1    1    1    1    1    1  7.61952E+09 0.01927 
   28   28    1    1    1    1    1    1    1    1  1.34309E+10 0.01257 
   29   29    1    1    1    1    1    1    1    1  2.82811E+10 0.01054 
   30   30    1    1    1    1    1    1    1    1  4.65711E+10 0.00749 
   31   31    1    1    1    1    1    1    1    1  1.38196E+11 0.00385 
   32   32    1    1    1    1    1    1    1    1  4.43647E+11 0.00278 
   33   33    1    1    1    1    1    1    1    1  8.44171E+11 0.00249 
   34   34    1    1    1    1    1    1    1    1  2.03107E+12 0.00149 
   35   35    1    1    1    1    1    1    1    1  2.85766E+12 0.00119 
   36   36    1    1    1    1    1    1    1    1  3.80845E+12 0.00077 
   37   37    1    1    1    1    1    1    1    1  2.59933E+12 0.00079 
   38   38    1    1    1    1    1    1    1    1  8.01678E+11 0.00086 
   39   39    1    1    1    1    1    1    1    1  4.50067E+12 0.00079 
   40   40    1    1    1    1    1    1    1    1  6.10088E+12 0.00068 
   41   41    1    1    1    1    1    1    1    1  1.04895E+13 0.00055 
   42   42    1    1    1    1    1    1    1    1  1.07192E+13 0.00047 
   43   43    1    1    1    1    1    1    1    1  2.29803E+13 0.00051 
   44   44    1    1    1    1    1    1    1    1  2.80256E+13 0.00033 
   45   45    1    1    1    1    1    1    1    1  4.08581E+13 0.00032 
   46   46    1    1    1    1    1    1    1    1  8.16430E+13 0.00029 
   47   47    1    1    1    1    1    1    1    1  3.82115E+13 0.00024 
   48   48    1    1    1    1    1    1    1    1  6.19598E+13 0.00018 
   49   49    1    1    1    1    1    1    1    1  8.65539E+13 0.00020 
   50   50    1    1    1    1    1    1    1    1  8.59639E+13 0.00020 
   51   51    1    1    1    1    1    1    1    1  1.33653E+14 0.00014 
   52   52    1    1    1    1    1    1    1    1  1.06873E+14 0.00017 
   53   53    1    1    1    1    1    1    1    1  1.26618E+14 0.00017 
   54   54    1    1    1    1    1    1    1    1  8.80640E+13 0.00017 
   55   55    1    1    1    1    1    1    1    1  1.07239E+14 0.00021 
   56   56    1    1    1    1    1    1    1    1  7.38127E+13 0.00016 
   57   57    1    1    1    1    1    1    1    1  1.00428E+13 0.00034 
   58   58    1    1    1    1    1    1    1    1  1.46712E+14 0.00013 
   59   59    1    1    1    1    1    1    1    1  6.50257E+13 0.00023 
   60   60    1    1    1    1    1    1    1    1  6.91110E+13 0.00022 
   61   61    1    1    1    1    1    1    1    1  5.35036E+13 0.00021 
   62   62    1    1    1    1    1    1    1    1  5.37211E+13 0.00025 
   63   63    1    1    1    1    1    1    1    1  5.59600E+13 0.00022 
   64   64    1    1    1    1    1    1    1    1  4.69878E+13 0.00023 
   65   65    1    1    1    1    1    1    1    1  3.73598E+13 0.00033 
   66   66    1    1    1    1    1    1    1    1  3.70286E+13 0.00033 
   67   67    1    1    1    1    1    1    1    1  2.66428E+13 0.00033 
   68   68    1    1    1    1    1    1    1    1  2.17329E+13 0.00028 
   69   69    1    1    1    1    1    1    1    1  1.95118E+13 0.00042 
   70   70    1    1    1    1    1    1    1    1  2.34418E+13 0.00032 
   71   71    1    1    1    1    1    1    1    1  1.99523E+13 0.00036 
   72   72    1    1    1    1    1    1    1    1  3.63632E+13 0.00023 
   73   73    1    1    1    1    1    1    1    1  2.57114E+13 0.00034 
   74   74    1    1    1    1    1    1    1    1  1.93336E+13 0.00037 
   75   75    1    1    1    1    1    1    1    1  1.54945E+13 0.00038 
   76   76    1    1    1    1    1    1    1    1  1.28160E+13 0.00043 
   77   77    1    1    1    1    1    1    1    1  1.48020E+13 0.00035 
   78   78    1    1    1    1    1    1    1    1  1.16548E+13 0.00045 
   79   79    1    1    1    1    1    1    1    1  9.26765E+12 0.00077 
   80   80    1    1    1    1    1    1    1    1  9.55475E+12 0.00058 
   81   81    1    1    1    1    1    1    1    1  7.07404E+12 0.00070 
   82   82    1    1    1    1    1    1    1    1  5.45042E+12 0.00071 
   83   83    1    1    1    1    1    1    1    1  4.18512E+12 0.00088 
   84   84    1    1    1    1    1    1    1    1  3.90423E+12 0.00112 
   85   85    1    1    1    1    1    1    1    1  2.81350E+12 0.00120 
   86   86    1    1    1    1    1    1    1    1  2.02945E+12 0.00162 
   87   87    1    1    1    1    1    1    1    1  1.90160E+12 0.00168 
   88   88    1    1    1    1    1    1    1    1  1.17008E+12 0.00195 
   89   89    1    1    1    1    1    1    1    1  7.92017E+11 0.00229 
   90   90    1    1    1    1    1    1    1    1  4.60081E+11 0.00254 
   91   91    1    1    1    1    1    1    1    1  5.85305E+11 0.00282 
   92   92    1    1    1    1    1    1    1    1  0.00000E+00 0.00000 
   93   93    1    1    1    1    1    1    1    1  0.00000E+00 0.00000 
   94   94    1    1    1    1    1    1    1    1  0.00000E+00 0.00000 
   95   95    1    1    1    1    1    1    1    1  0.00000E+00 0.00000 
   96   96    1    1    1    1    1    1    1    1  0.00000E+00 0.00000 
   97   97    1    1    1    1    1    1    1    1  0.00000E+00 0.00000 
   98   98    1    1    1    1    1    1    1    1  0.00000E+00 0.00000 
   99   99    1    1    1    1    1    1    1    1  0.00000E+00 0.00000 
  100  100    1    1    1    1    1    1    1    1  0.00000E+00 0.00000 
];


