
DETdpaspec = [
    1    1    1    1    1    1    1    1    1    1  0.00000E+00 0.00000 
    2    2    1    1    1    1    1    1    1    1  0.00000E+00 0.00000 
    3    3    1    1    1    1    1    1    1    1  0.00000E+00 0.00000 
    4    4    1    1    1    1    1    1    1    1  0.00000E+00 0.00000 
    5    5    1    1    1    1    1    1    1    1  0.00000E+00 0.00000 
    6    6    1    1    1    1    1    1    1    1  0.00000E+00 0.00000 
    7    7    1    1    1    1    1    1    1    1  0.00000E+00 0.00000 
    8    8    1    1    1    1    1    1    1    1  0.00000E+00 0.00000 
    9    9    1    1    1    1    1    1    1    1  0.00000E+00 0.00000 
   10   10    1    1    1    1    1    1    1    1  0.00000E+00 0.00000 
   11   11    1    1    1    1    1    1    1    1  0.00000E+00 0.00000 
   12   12    1    1    1    1    1    1    1    1  0.00000E+00 0.00000 
   13   13    1    1    1    1    1    1    1    1  0.00000E+00 0.00000 
   14   14    1    1    1    1    1    1    1    1  0.00000E+00 0.00000 
   15   15    1    1    1    1    1    1    1    1  0.00000E+00 0.00000 
   16   16    1    1    1    1    1    1    1    1  0.00000E+00 0.00000 
   17   17    1    1    1    1    1    1    1    1  0.00000E+00 0.00000 
   18   18    1    1    1    1    1    1    1    1  0.00000E+00 0.00000 
   19   19    1    1    1    1    1    1    1    1  1.68250E+09 0.04536 
   20   20    1    1    1    1    1    1    1    1  2.26741E+08 0.07600 
   21   21    1    1    1    1    1    1    1    1  8.57862E+08 0.05929 
   22   22    1    1    1    1    1    1    1    1  5.90396E+08 0.04447 
   23   23    1    1    1    1    1    1    1    1  1.43938E+09 0.03542 
   24   24    1    1    1    1    1    1    1    1  2.20534E+09 0.03014 
   25   25    1    1    1    1    1    1    1    1  3.49297E+09 0.03090 
   26   26    1    1    1    1    1    1    1    1  4.60232E+09 0.02359 
   27   27    1    1    1    1    1    1    1    1  7.37645E+09 0.01610 
   28   28    1    1    1    1    1    1    1    1  1.31564E+10 0.02127 
   29   29    1    1    1    1    1    1    1    1  2.92271E+10 0.00914 
   30   30    1    1    1    1    1    1    1    1  4.85601E+10 0.00919 
   31   31    1    1    1    1    1    1    1    1  1.41024E+11 0.00477 
   32   32    1    1    1    1    1    1    1    1  4.48225E+11 0.00286 
   33   33    1    1    1    1    1    1    1    1  8.51092E+11 0.00200 
   34   34    1    1    1    1    1    1    1    1  2.06016E+12 0.00131 
   35   35    1    1    1    1    1    1    1    1  2.91451E+12 0.00104 
   36   36    1    1    1    1    1    1    1    1  3.83455E+12 0.00092 
   37   37    1    1    1    1    1    1    1    1  2.59983E+12 0.00108 
   38   38    1    1    1    1    1    1    1    1  7.99055E+11 0.00090 
   39   39    1    1    1    1    1    1    1    1  4.50475E+12 0.00105 
   40   40    1    1    1    1    1    1    1    1  6.10686E+12 0.00095 
   41   41    1    1    1    1    1    1    1    1  1.05156E+13 0.00073 
   42   42    1    1    1    1    1    1    1    1  1.07018E+13 0.00061 
   43   43    1    1    1    1    1    1    1    1  2.29911E+13 0.00035 
   44   44    1    1    1    1    1    1    1    1  2.80769E+13 0.00038 
   45   45    1    1    1    1    1    1    1    1  4.09242E+13 0.00025 
   46   46    1    1    1    1    1    1    1    1  8.19123E+13 0.00026 
   47   47    1    1    1    1    1    1    1    1  3.82405E+13 0.00026 
   48   48    1    1    1    1    1    1    1    1  6.19431E+13 0.00022 
   49   49    1    1    1    1    1    1    1    1  8.65305E+13 0.00019 
   50   50    1    1    1    1    1    1    1    1  8.58335E+13 0.00018 
   51   51    1    1    1    1    1    1    1    1  1.33564E+14 0.00015 
   52   52    1    1    1    1    1    1    1    1  1.06557E+14 0.00016 
   53   53    1    1    1    1    1    1    1    1  1.26549E+14 0.00014 
   54   54    1    1    1    1    1    1    1    1  8.78906E+13 0.00016 
   55   55    1    1    1    1    1    1    1    1  1.07275E+14 0.00019 
   56   56    1    1    1    1    1    1    1    1  7.37423E+13 0.00018 
   57   57    1    1    1    1    1    1    1    1  1.00322E+13 0.00037 
   58   58    1    1    1    1    1    1    1    1  1.46613E+14 0.00013 
   59   59    1    1    1    1    1    1    1    1  6.51626E+13 0.00026 
   60   60    1    1    1    1    1    1    1    1  6.91248E+13 0.00014 
   61   61    1    1    1    1    1    1    1    1  5.36021E+13 0.00023 
   62   62    1    1    1    1    1    1    1    1  5.38022E+13 0.00021 
   63   63    1    1    1    1    1    1    1    1  5.60263E+13 0.00029 
   64   64    1    1    1    1    1    1    1    1  4.70958E+13 0.00028 
   65   65    1    1    1    1    1    1    1    1  3.74225E+13 0.00027 
   66   66    1    1    1    1    1    1    1    1  3.70873E+13 0.00031 
   67   67    1    1    1    1    1    1    1    1  2.66655E+13 0.00039 
   68   68    1    1    1    1    1    1    1    1  2.17266E+13 0.00039 
   69   69    1    1    1    1    1    1    1    1  1.95007E+13 0.00037 
   70   70    1    1    1    1    1    1    1    1  2.34142E+13 0.00042 
   71   71    1    1    1    1    1    1    1    1  1.99164E+13 0.00039 
   72   72    1    1    1    1    1    1    1    1  3.62282E+13 0.00036 
   73   73    1    1    1    1    1    1    1    1  2.56024E+13 0.00042 
   74   74    1    1    1    1    1    1    1    1  1.92331E+13 0.00041 
   75   75    1    1    1    1    1    1    1    1  1.54358E+13 0.00049 
   76   76    1    1    1    1    1    1    1    1  1.27910E+13 0.00032 
   77   77    1    1    1    1    1    1    1    1  1.47948E+13 0.00046 
   78   78    1    1    1    1    1    1    1    1  1.16905E+13 0.00047 
   79   79    1    1    1    1    1    1    1    1  9.30690E+12 0.00074 
   80   80    1    1    1    1    1    1    1    1  9.58966E+12 0.00053 
   81   81    1    1    1    1    1    1    1    1  7.11153E+12 0.00064 
   82   82    1    1    1    1    1    1    1    1  5.46372E+12 0.00077 
   83   83    1    1    1    1    1    1    1    1  4.20043E+12 0.00067 
   84   84    1    1    1    1    1    1    1    1  3.93345E+12 0.00092 
   85   85    1    1    1    1    1    1    1    1  2.82981E+12 0.00130 
   86   86    1    1    1    1    1    1    1    1  2.03867E+12 0.00130 
   87   87    1    1    1    1    1    1    1    1  1.91148E+12 0.00164 
   88   88    1    1    1    1    1    1    1    1  1.17809E+12 0.00152 
   89   89    1    1    1    1    1    1    1    1  7.96880E+11 0.00169 
   90   90    1    1    1    1    1    1    1    1  4.61250E+11 0.00247 
   91   91    1    1    1    1    1    1    1    1  5.89988E+11 0.00257 
   92   92    1    1    1    1    1    1    1    1  0.00000E+00 0.00000 
   93   93    1    1    1    1    1    1    1    1  0.00000E+00 0.00000 
   94   94    1    1    1    1    1    1    1    1  0.00000E+00 0.00000 
   95   95    1    1    1    1    1    1    1    1  0.00000E+00 0.00000 
   96   96    1    1    1    1    1    1    1    1  0.00000E+00 0.00000 
   97   97    1    1    1    1    1    1    1    1  0.00000E+00 0.00000 
   98   98    1    1    1    1    1    1    1    1  0.00000E+00 0.00000 
   99   99    1    1    1    1    1    1    1    1  0.00000E+00 0.00000 
  100  100    1    1    1    1    1    1    1    1  0.00000E+00 0.00000 
];


