
DETdpaspec = [
    1    1    1    1    1    1    1    1    1    1  0.00000E+00 0.00000 
    2    2    1    1    1    1    1    1    1    1  0.00000E+00 0.00000 
    3    3    1    1    1    1    1    1    1    1  0.00000E+00 0.00000 
    4    4    1    1    1    1    1    1    1    1  0.00000E+00 0.00000 
    5    5    1    1    1    1    1    1    1    1  0.00000E+00 0.00000 
    6    6    1    1    1    1    1    1    1    1  0.00000E+00 0.00000 
    7    7    1    1    1    1    1    1    1    1  0.00000E+00 0.00000 
    8    8    1    1    1    1    1    1    1    1  0.00000E+00 0.00000 
    9    9    1    1    1    1    1    1    1    1  0.00000E+00 0.00000 
   10   10    1    1    1    1    1    1    1    1  0.00000E+00 0.00000 
   11   11    1    1    1    1    1    1    1    1  0.00000E+00 0.00000 
   12   12    1    1    1    1    1    1    1    1  0.00000E+00 0.00000 
   13   13    1    1    1    1    1    1    1    1  0.00000E+00 0.00000 
   14   14    1    1    1    1    1    1    1    1  0.00000E+00 0.00000 
   15   15    1    1    1    1    1    1    1    1  0.00000E+00 0.00000 
   16   16    1    1    1    1    1    1    1    1  0.00000E+00 0.00000 
   17   17    1    1    1    1    1    1    1    1  0.00000E+00 0.00000 
   18   18    1    1    1    1    1    1    1    1  0.00000E+00 0.00000 
   19   19    1    1    1    1    1    1    1    1  1.61060E+09 0.06469 
   20   20    1    1    1    1    1    1    1    1  2.03330E+08 0.07777 
   21   21    1    1    1    1    1    1    1    1  8.44637E+08 0.06815 
   22   22    1    1    1    1    1    1    1    1  5.89388E+08 0.04804 
   23   23    1    1    1    1    1    1    1    1  1.48288E+09 0.03463 
   24   24    1    1    1    1    1    1    1    1  2.10147E+09 0.02574 
   25   25    1    1    1    1    1    1    1    1  3.49877E+09 0.02632 
   26   26    1    1    1    1    1    1    1    1  4.59943E+09 0.02607 
   27   27    1    1    1    1    1    1    1    1  7.02782E+09 0.02143 
   28   28    1    1    1    1    1    1    1    1  1.30367E+10 0.01727 
   29   29    1    1    1    1    1    1    1    1  2.90391E+10 0.00648 
   30   30    1    1    1    1    1    1    1    1  4.89667E+10 0.00680 
   31   31    1    1    1    1    1    1    1    1  1.41587E+11 0.00512 
   32   32    1    1    1    1    1    1    1    1  4.52453E+11 0.00343 
   33   33    1    1    1    1    1    1    1    1  8.57979E+11 0.00238 
   34   34    1    1    1    1    1    1    1    1  2.07074E+12 0.00168 
   35   35    1    1    1    1    1    1    1    1  2.92665E+12 0.00121 
   36   36    1    1    1    1    1    1    1    1  3.83642E+12 0.00103 
   37   37    1    1    1    1    1    1    1    1  2.59552E+12 0.00108 
   38   38    1    1    1    1    1    1    1    1  7.97914E+11 0.00095 
   39   39    1    1    1    1    1    1    1    1  4.49590E+12 0.00081 
   40   40    1    1    1    1    1    1    1    1  6.10082E+12 0.00083 
   41   41    1    1    1    1    1    1    1    1  1.05091E+13 0.00059 
   42   42    1    1    1    1    1    1    1    1  1.06919E+13 0.00046 
   43   43    1    1    1    1    1    1    1    1  2.29978E+13 0.00051 
   44   44    1    1    1    1    1    1    1    1  2.80778E+13 0.00038 
   45   45    1    1    1    1    1    1    1    1  4.09401E+13 0.00036 
   46   46    1    1    1    1    1    1    1    1  8.19961E+13 0.00024 
   47   47    1    1    1    1    1    1    1    1  3.82353E+13 0.00021 
   48   48    1    1    1    1    1    1    1    1  6.19117E+13 0.00027 
   49   49    1    1    1    1    1    1    1    1  8.64864E+13 0.00027 
   50   50    1    1    1    1    1    1    1    1  8.57637E+13 0.00014 
   51   51    1    1    1    1    1    1    1    1  1.33564E+14 0.00013 
   52   52    1    1    1    1    1    1    1    1  1.06478E+14 0.00018 
   53   53    1    1    1    1    1    1    1    1  1.26526E+14 0.00020 
   54   54    1    1    1    1    1    1    1    1  8.78621E+13 0.00013 
   55   55    1    1    1    1    1    1    1    1  1.07281E+14 0.00014 
   56   56    1    1    1    1    1    1    1    1  7.37650E+13 0.00016 
   57   57    1    1    1    1    1    1    1    1  1.00254E+13 0.00031 
   58   58    1    1    1    1    1    1    1    1  1.46519E+14 0.00014 
   59   59    1    1    1    1    1    1    1    1  6.51702E+13 0.00019 
   60   60    1    1    1    1    1    1    1    1  6.91464E+13 0.00021 
   61   61    1    1    1    1    1    1    1    1  5.36596E+13 0.00021 
   62   62    1    1    1    1    1    1    1    1  5.38465E+13 0.00025 
   63   63    1    1    1    1    1    1    1    1  5.60722E+13 0.00028 
   64   64    1    1    1    1    1    1    1    1  4.71279E+13 0.00025 
   65   65    1    1    1    1    1    1    1    1  3.74564E+13 0.00023 
   66   66    1    1    1    1    1    1    1    1  3.71111E+13 0.00030 
   67   67    1    1    1    1    1    1    1    1  2.66722E+13 0.00034 
   68   68    1    1    1    1    1    1    1    1  2.17210E+13 0.00042 
   69   69    1    1    1    1    1    1    1    1  1.95024E+13 0.00039 
   70   70    1    1    1    1    1    1    1    1  2.34291E+13 0.00035 
   71   71    1    1    1    1    1    1    1    1  1.99188E+13 0.00040 
   72   72    1    1    1    1    1    1    1    1  3.61899E+13 0.00045 
   73   73    1    1    1    1    1    1    1    1  2.55781E+13 0.00046 
   74   74    1    1    1    1    1    1    1    1  1.92247E+13 0.00033 
   75   75    1    1    1    1    1    1    1    1  1.54289E+13 0.00057 
   76   76    1    1    1    1    1    1    1    1  1.28057E+13 0.00045 
   77   77    1    1    1    1    1    1    1    1  1.47896E+13 0.00044 
   78   78    1    1    1    1    1    1    1    1  1.16808E+13 0.00063 
   79   79    1    1    1    1    1    1    1    1  9.29814E+12 0.00066 
   80   80    1    1    1    1    1    1    1    1  9.60297E+12 0.00056 
   81   81    1    1    1    1    1    1    1    1  7.10924E+12 0.00086 
   82   82    1    1    1    1    1    1    1    1  5.47323E+12 0.00072 
   83   83    1    1    1    1    1    1    1    1  4.20221E+12 0.00076 
   84   84    1    1    1    1    1    1    1    1  3.93838E+12 0.00098 
   85   85    1    1    1    1    1    1    1    1  2.83498E+12 0.00110 
   86   86    1    1    1    1    1    1    1    1  2.04250E+12 0.00148 
   87   87    1    1    1    1    1    1    1    1  1.91639E+12 0.00158 
   88   88    1    1    1    1    1    1    1    1  1.18348E+12 0.00188 
   89   89    1    1    1    1    1    1    1    1  7.96637E+11 0.00272 
   90   90    1    1    1    1    1    1    1    1  4.63049E+11 0.00282 
   91   91    1    1    1    1    1    1    1    1  5.87990E+11 0.00266 
   92   92    1    1    1    1    1    1    1    1  0.00000E+00 0.00000 
   93   93    1    1    1    1    1    1    1    1  0.00000E+00 0.00000 
   94   94    1    1    1    1    1    1    1    1  0.00000E+00 0.00000 
   95   95    1    1    1    1    1    1    1    1  0.00000E+00 0.00000 
   96   96    1    1    1    1    1    1    1    1  0.00000E+00 0.00000 
   97   97    1    1    1    1    1    1    1    1  0.00000E+00 0.00000 
   98   98    1    1    1    1    1    1    1    1  0.00000E+00 0.00000 
   99   99    1    1    1    1    1    1    1    1  0.00000E+00 0.00000 
  100  100    1    1    1    1    1    1    1    1  0.00000E+00 0.00000 
];


