
DETdpaspec = [
    1    1    1    1    1    1    1    1    1    1  0.00000E+00 0.00000 
    2    2    1    1    1    1    1    1    1    1  0.00000E+00 0.00000 
    3    3    1    1    1    1    1    1    1    1  0.00000E+00 0.00000 
    4    4    1    1    1    1    1    1    1    1  0.00000E+00 0.00000 
    5    5    1    1    1    1    1    1    1    1  0.00000E+00 0.00000 
    6    6    1    1    1    1    1    1    1    1  0.00000E+00 0.00000 
    7    7    1    1    1    1    1    1    1    1  0.00000E+00 0.00000 
    8    8    1    1    1    1    1    1    1    1  0.00000E+00 0.00000 
    9    9    1    1    1    1    1    1    1    1  0.00000E+00 0.00000 
   10   10    1    1    1    1    1    1    1    1  0.00000E+00 0.00000 
   11   11    1    1    1    1    1    1    1    1  0.00000E+00 0.00000 
   12   12    1    1    1    1    1    1    1    1  0.00000E+00 0.00000 
   13   13    1    1    1    1    1    1    1    1  0.00000E+00 0.00000 
   14   14    1    1    1    1    1    1    1    1  0.00000E+00 0.00000 
   15   15    1    1    1    1    1    1    1    1  0.00000E+00 0.00000 
   16   16    1    1    1    1    1    1    1    1  0.00000E+00 0.00000 
   17   17    1    1    1    1    1    1    1    1  0.00000E+00 0.00000 
   18   18    1    1    1    1    1    1    1    1  0.00000E+00 0.00000 
   19   19    1    1    1    1    1    1    1    1  2.77422E+09 0.03370 
   20   20    1    1    1    1    1    1    1    1  6.26160E+08 0.04868 
   21   21    1    1    1    1    1    1    1    1  2.10495E+09 0.02555 
   22   22    1    1    1    1    1    1    1    1  1.61011E+09 0.02201 
   23   23    1    1    1    1    1    1    1    1  4.65451E+09 0.01590 
   24   24    1    1    1    1    1    1    1    1  5.73862E+09 0.02003 
   25   25    1    1    1    1    1    1    1    1  8.87116E+09 0.01293 
   26   26    1    1    1    1    1    1    1    1  1.13708E+10 0.01139 
   27   27    1    1    1    1    1    1    1    1  1.78964E+10 0.01111 
   28   28    1    1    1    1    1    1    1    1  3.31615E+10 0.00946 
   29   29    1    1    1    1    1    1    1    1  5.41099E+10 0.00667 
   30   30    1    1    1    1    1    1    1    1  7.22881E+10 0.00581 
   31   31    1    1    1    1    1    1    1    1  2.39017E+11 0.00259 
   32   32    1    1    1    1    1    1    1    1  6.99517E+11 0.00193 
   33   33    1    1    1    1    1    1    1    1  1.27057E+12 0.00186 
   34   34    1    1    1    1    1    1    1    1  2.64976E+12 0.00107 
   35   35    1    1    1    1    1    1    1    1  3.37466E+12 0.00091 
   36   36    1    1    1    1    1    1    1    1  5.01129E+12 0.00071 
   37   37    1    1    1    1    1    1    1    1  3.51585E+12 0.00053 
   38   38    1    1    1    1    1    1    1    1  1.13292E+12 0.00064 
   39   39    1    1    1    1    1    1    1    1  5.95014E+12 0.00051 
   40   40    1    1    1    1    1    1    1    1  7.89199E+12 0.00044 
   41   41    1    1    1    1    1    1    1    1  1.28540E+13 0.00027 
   42   42    1    1    1    1    1    1    1    1  1.35552E+13 0.00026 
   43   43    1    1    1    1    1    1    1    1  2.70974E+13 0.00030 
   44   44    1    1    1    1    1    1    1    1  3.21273E+13 0.00032 
   45   45    1    1    1    1    1    1    1    1  4.53321E+13 0.00021 
   46   46    1    1    1    1    1    1    1    1  8.51536E+13 0.00020 
   47   47    1    1    1    1    1    1    1    1  4.04341E+13 0.00014 
   48   48    1    1    1    1    1    1    1    1  6.58340E+13 0.00012 
   49   49    1    1    1    1    1    1    1    1  9.07866E+13 0.00015 
   50   50    1    1    1    1    1    1    1    1  9.03679E+13 0.00012 
   51   51    1    1    1    1    1    1    1    1  1.36062E+14 0.00015 
   52   52    1    1    1    1    1    1    1    1  1.11786E+14 0.00013 
   53   53    1    1    1    1    1    1    1    1  1.26813E+14 0.00011 
   54   54    1    1    1    1    1    1    1    1  8.93843E+13 0.00014 
   55   55    1    1    1    1    1    1    1    1  1.04667E+14 0.00015 
   56   56    1    1    1    1    1    1    1    1  7.30903E+13 0.00015 
   57   57    1    1    1    1    1    1    1    1  1.00952E+13 0.00031 
   58   58    1    1    1    1    1    1    1    1  1.45502E+14 0.00016 
   59   59    1    1    1    1    1    1    1    1  6.15318E+13 0.00020 
   60   60    1    1    1    1    1    1    1    1  6.62703E+13 0.00021 
   61   61    1    1    1    1    1    1    1    1  4.97810E+13 0.00023 
   62   62    1    1    1    1    1    1    1    1  5.04580E+13 0.00018 
   63   63    1    1    1    1    1    1    1    1  5.20376E+13 0.00017 
   64   64    1    1    1    1    1    1    1    1  4.32925E+13 0.00024 
   65   65    1    1    1    1    1    1    1    1  3.45261E+13 0.00023 
   66   66    1    1    1    1    1    1    1    1  3.41389E+13 0.00029 
   67   67    1    1    1    1    1    1    1    1  2.46600E+13 0.00026 
   68   68    1    1    1    1    1    1    1    1  2.03425E+13 0.00037 
   69   69    1    1    1    1    1    1    1    1  1.83559E+13 0.00035 
   70   70    1    1    1    1    1    1    1    1  2.20339E+13 0.00031 
   71   71    1    1    1    1    1    1    1    1  1.88627E+13 0.00028 
   72   72    1    1    1    1    1    1    1    1  3.55482E+13 0.00037 
   73   73    1    1    1    1    1    1    1    1  2.53536E+13 0.00047 
   74   74    1    1    1    1    1    1    1    1  1.89320E+13 0.00031 
   75   75    1    1    1    1    1    1    1    1  1.47547E+13 0.00043 
   76   76    1    1    1    1    1    1    1    1  1.18520E+13 0.00052 
   77   77    1    1    1    1    1    1    1    1  1.33499E+13 0.00046 
   78   78    1    1    1    1    1    1    1    1  1.01935E+13 0.00064 
   79   79    1    1    1    1    1    1    1    1  7.91276E+12 0.00056 
   80   80    1    1    1    1    1    1    1    1  8.01906E+12 0.00064 
   81   81    1    1    1    1    1    1    1    1  5.87156E+12 0.00069 
   82   82    1    1    1    1    1    1    1    1  4.47839E+12 0.00074 
   83   83    1    1    1    1    1    1    1    1  3.42229E+12 0.00089 
   84   84    1    1    1    1    1    1    1    1  3.19451E+12 0.00081 
   85   85    1    1    1    1    1    1    1    1  2.28954E+12 0.00124 
   86   86    1    1    1    1    1    1    1    1  1.64526E+12 0.00139 
   87   87    1    1    1    1    1    1    1    1  1.53733E+12 0.00116 
   88   88    1    1    1    1    1    1    1    1  9.50872E+11 0.00143 
   89   89    1    1    1    1    1    1    1    1  6.48359E+11 0.00196 
   90   90    1    1    1    1    1    1    1    1  3.77060E+11 0.00244 
   91   91    1    1    1    1    1    1    1    1  4.85598E+11 0.00226 
   92   92    1    1    1    1    1    1    1    1  0.00000E+00 0.00000 
   93   93    1    1    1    1    1    1    1    1  0.00000E+00 0.00000 
   94   94    1    1    1    1    1    1    1    1  0.00000E+00 0.00000 
   95   95    1    1    1    1    1    1    1    1  0.00000E+00 0.00000 
   96   96    1    1    1    1    1    1    1    1  0.00000E+00 0.00000 
   97   97    1    1    1    1    1    1    1    1  0.00000E+00 0.00000 
   98   98    1    1    1    1    1    1    1    1  0.00000E+00 0.00000 
   99   99    1    1    1    1    1    1    1    1  0.00000E+00 0.00000 
  100  100    1    1    1    1    1    1    1    1  0.00000E+00 0.00000 
];


