
DETdpaspec = [
    1    1    1    1    1    1    1    1    1    1  0.00000E+00 0.00000 
    2    2    1    1    1    1    1    1    1    1  0.00000E+00 0.00000 
    3    3    1    1    1    1    1    1    1    1  0.00000E+00 0.00000 
    4    4    1    1    1    1    1    1    1    1  0.00000E+00 0.00000 
    5    5    1    1    1    1    1    1    1    1  0.00000E+00 0.00000 
    6    6    1    1    1    1    1    1    1    1  0.00000E+00 0.00000 
    7    7    1    1    1    1    1    1    1    1  0.00000E+00 0.00000 
    8    8    1    1    1    1    1    1    1    1  0.00000E+00 0.00000 
    9    9    1    1    1    1    1    1    1    1  0.00000E+00 0.00000 
   10   10    1    1    1    1    1    1    1    1  0.00000E+00 0.00000 
   11   11    1    1    1    1    1    1    1    1  0.00000E+00 0.00000 
   12   12    1    1    1    1    1    1    1    1  0.00000E+00 0.00000 
   13   13    1    1    1    1    1    1    1    1  0.00000E+00 0.00000 
   14   14    1    1    1    1    1    1    1    1  0.00000E+00 0.00000 
   15   15    1    1    1    1    1    1    1    1  0.00000E+00 0.00000 
   16   16    1    1    1    1    1    1    1    1  0.00000E+00 0.00000 
   17   17    1    1    1    1    1    1    1    1  0.00000E+00 0.00000 
   18   18    1    1    1    1    1    1    1    1  0.00000E+00 0.00000 
   19   19    1    1    1    1    1    1    1    1  1.11632E+09 0.07377 
   20   20    1    1    1    1    1    1    1    1  1.73675E+08 0.06216 
   21   21    1    1    1    1    1    1    1    1  5.48150E+08 0.07915 
   22   22    1    1    1    1    1    1    1    1  4.98709E+08 0.05283 
   23   23    1    1    1    1    1    1    1    1  9.18382E+08 0.05300 
   24   24    1    1    1    1    1    1    1    1  1.69185E+09 0.04122 
   25   25    1    1    1    1    1    1    1    1  2.96150E+09 0.03880 
   26   26    1    1    1    1    1    1    1    1  4.23501E+09 0.02842 
   27   27    1    1    1    1    1    1    1    1  7.94106E+09 0.02100 
   28   28    1    1    1    1    1    1    1    1  1.75427E+10 0.01337 
   29   29    1    1    1    1    1    1    1    1  4.41723E+10 0.00885 
   30   30    1    1    1    1    1    1    1    1  8.10805E+10 0.00712 
   31   31    1    1    1    1    1    1    1    1  2.13861E+11 0.00434 
   32   32    1    1    1    1    1    1    1    1  6.31991E+11 0.00238 
   33   33    1    1    1    1    1    1    1    1  1.13178E+12 0.00179 
   34   34    1    1    1    1    1    1    1    1  2.66386E+12 0.00145 
   35   35    1    1    1    1    1    1    1    1  3.70375E+12 0.00088 
   36   36    1    1    1    1    1    1    1    1  4.41393E+12 0.00063 
   37   37    1    1    1    1    1    1    1    1  2.85222E+12 0.00055 
   38   38    1    1    1    1    1    1    1    1  8.55556E+11 0.00082 
   39   39    1    1    1    1    1    1    1    1  4.90080E+12 0.00077 
   40   40    1    1    1    1    1    1    1    1  6.61733E+12 0.00074 
   41   41    1    1    1    1    1    1    1    1  1.14062E+13 0.00070 
   42   42    1    1    1    1    1    1    1    1  1.13425E+13 0.00065 
   43   43    1    1    1    1    1    1    1    1  2.46000E+13 0.00049 
   44   44    1    1    1    1    1    1    1    1  2.98983E+13 0.00035 
   45   45    1    1    1    1    1    1    1    1  4.33011E+13 0.00020 
   46   46    1    1    1    1    1    1    1    1  8.65051E+13 0.00016 
   47   47    1    1    1    1    1    1    1    1  3.95215E+13 0.00014 
   48   48    1    1    1    1    1    1    1    1  6.34037E+13 0.00019 
   49   49    1    1    1    1    1    1    1    1  8.79291E+13 0.00017 
   50   50    1    1    1    1    1    1    1    1  8.64286E+13 0.00016 
   51   51    1    1    1    1    1    1    1    1  1.34730E+14 0.00016 
   52   52    1    1    1    1    1    1    1    1  1.05421E+14 0.00019 
   53   53    1    1    1    1    1    1    1    1  1.26183E+14 0.00014 
   54   54    1    1    1    1    1    1    1    1  8.67905E+13 0.00015 
   55   55    1    1    1    1    1    1    1    1  1.06879E+14 0.00016 
   56   56    1    1    1    1    1    1    1    1  7.29501E+13 0.00019 
   57   57    1    1    1    1    1    1    1    1  9.86030E+12 0.00027 
   58   58    1    1    1    1    1    1    1    1  1.44237E+14 0.00013 
   59   59    1    1    1    1    1    1    1    1  6.49266E+13 0.00022 
   60   60    1    1    1    1    1    1    1    1  6.82663E+13 0.00020 
   61   61    1    1    1    1    1    1    1    1  5.33494E+13 0.00020 
   62   62    1    1    1    1    1    1    1    1  5.33093E+13 0.00018 
   63   63    1    1    1    1    1    1    1    1  5.55275E+13 0.00020 
   64   64    1    1    1    1    1    1    1    1  4.66170E+13 0.00027 
   65   65    1    1    1    1    1    1    1    1  3.68697E+13 0.00023 
   66   66    1    1    1    1    1    1    1    1  3.64184E+13 0.00022 
   67   67    1    1    1    1    1    1    1    1  2.60755E+13 0.00022 
   68   68    1    1    1    1    1    1    1    1  2.11223E+13 0.00041 
   69   69    1    1    1    1    1    1    1    1  1.89112E+13 0.00041 
   70   70    1    1    1    1    1    1    1    1  2.26535E+13 0.00040 
   71   71    1    1    1    1    1    1    1    1  1.91677E+13 0.00043 
   72   72    1    1    1    1    1    1    1    1  3.43205E+13 0.00043 
   73   73    1    1    1    1    1    1    1    1  2.40543E+13 0.00034 
   74   74    1    1    1    1    1    1    1    1  1.80622E+13 0.00039 
   75   75    1    1    1    1    1    1    1    1  1.45850E+13 0.00046 
   76   76    1    1    1    1    1    1    1    1  1.21795E+13 0.00066 
   77   77    1    1    1    1    1    1    1    1  1.42117E+13 0.00040 
   78   78    1    1    1    1    1    1    1    1  1.13078E+13 0.00061 
   79   79    1    1    1    1    1    1    1    1  9.06204E+12 0.00073 
   80   80    1    1    1    1    1    1    1    1  9.39647E+12 0.00078 
   81   81    1    1    1    1    1    1    1    1  6.97800E+12 0.00084 
   82   82    1    1    1    1    1    1    1    1  5.39292E+12 0.00089 
   83   83    1    1    1    1    1    1    1    1  4.14513E+12 0.00061 
   84   84    1    1    1    1    1    1    1    1  3.88197E+12 0.00108 
   85   85    1    1    1    1    1    1    1    1  2.79505E+12 0.00088 
   86   86    1    1    1    1    1    1    1    1  2.02092E+12 0.00120 
   87   87    1    1    1    1    1    1    1    1  1.88867E+12 0.00144 
   88   88    1    1    1    1    1    1    1    1  1.16281E+12 0.00184 
   89   89    1    1    1    1    1    1    1    1  7.81037E+11 0.00165 
   90   90    1    1    1    1    1    1    1    1  4.52380E+11 0.00251 
   91   91    1    1    1    1    1    1    1    1  5.73234E+11 0.00225 
   92   92    1    1    1    1    1    1    1    1  0.00000E+00 0.00000 
   93   93    1    1    1    1    1    1    1    1  0.00000E+00 0.00000 
   94   94    1    1    1    1    1    1    1    1  0.00000E+00 0.00000 
   95   95    1    1    1    1    1    1    1    1  0.00000E+00 0.00000 
   96   96    1    1    1    1    1    1    1    1  0.00000E+00 0.00000 
   97   97    1    1    1    1    1    1    1    1  0.00000E+00 0.00000 
   98   98    1    1    1    1    1    1    1    1  0.00000E+00 0.00000 
   99   99    1    1    1    1    1    1    1    1  0.00000E+00 0.00000 
  100  100    1    1    1    1    1    1    1    1  0.00000E+00 0.00000 
];


