
DETdpaspec = [
    1    1    1    1    1    1    1    1    1    1  0.00000E+00 0.00000 
    2    2    1    1    1    1    1    1    1    1  0.00000E+00 0.00000 
    3    3    1    1    1    1    1    1    1    1  0.00000E+00 0.00000 
    4    4    1    1    1    1    1    1    1    1  0.00000E+00 0.00000 
    5    5    1    1    1    1    1    1    1    1  0.00000E+00 0.00000 
    6    6    1    1    1    1    1    1    1    1  0.00000E+00 0.00000 
    7    7    1    1    1    1    1    1    1    1  0.00000E+00 0.00000 
    8    8    1    1    1    1    1    1    1    1  0.00000E+00 0.00000 
    9    9    1    1    1    1    1    1    1    1  0.00000E+00 0.00000 
   10   10    1    1    1    1    1    1    1    1  0.00000E+00 0.00000 
   11   11    1    1    1    1    1    1    1    1  0.00000E+00 0.00000 
   12   12    1    1    1    1    1    1    1    1  0.00000E+00 0.00000 
   13   13    1    1    1    1    1    1    1    1  0.00000E+00 0.00000 
   14   14    1    1    1    1    1    1    1    1  0.00000E+00 0.00000 
   15   15    1    1    1    1    1    1    1    1  0.00000E+00 0.00000 
   16   16    1    1    1    1    1    1    1    1  0.00000E+00 0.00000 
   17   17    1    1    1    1    1    1    1    1  0.00000E+00 0.00000 
   18   18    1    1    1    1    1    1    1    1  0.00000E+00 0.00000 
   19   19    1    1    1    1    1    1    1    1  2.59019E+09 0.03252 
   20   20    1    1    1    1    1    1    1    1  6.08723E+08 0.03732 
   21   21    1    1    1    1    1    1    1    1  1.94860E+09 0.02605 
   22   22    1    1    1    1    1    1    1    1  1.39337E+09 0.03519 
   23   23    1    1    1    1    1    1    1    1  4.07950E+09 0.01918 
   24   24    1    1    1    1    1    1    1    1  5.33549E+09 0.01190 
   25   25    1    1    1    1    1    1    1    1  8.13486E+09 0.01557 
   26   26    1    1    1    1    1    1    1    1  1.03061E+10 0.01511 
   27   27    1    1    1    1    1    1    1    1  1.62656E+10 0.01106 
   28   28    1    1    1    1    1    1    1    1  3.01211E+10 0.00868 
   29   29    1    1    1    1    1    1    1    1  5.00232E+10 0.00651 
   30   30    1    1    1    1    1    1    1    1  6.71229E+10 0.00508 
   31   31    1    1    1    1    1    1    1    1  2.18983E+11 0.00421 
   32   32    1    1    1    1    1    1    1    1  6.49788E+11 0.00244 
   33   33    1    1    1    1    1    1    1    1  1.18870E+12 0.00149 
   34   34    1    1    1    1    1    1    1    1  2.52151E+12 0.00110 
   35   35    1    1    1    1    1    1    1    1  3.24498E+12 0.00086 
   36   36    1    1    1    1    1    1    1    1  4.79913E+12 0.00075 
   37   37    1    1    1    1    1    1    1    1  3.37095E+12 0.00063 
   38   38    1    1    1    1    1    1    1    1  1.08265E+12 0.00068 
   39   39    1    1    1    1    1    1    1    1  5.72486E+12 0.00063 
   40   40    1    1    1    1    1    1    1    1  7.61688E+12 0.00054 
   41   41    1    1    1    1    1    1    1    1  1.24835E+13 0.00048 
   42   42    1    1    1    1    1    1    1    1  1.31352E+13 0.00036 
   43   43    1    1    1    1    1    1    1    1  2.64673E+13 0.00037 
   44   44    1    1    1    1    1    1    1    1  3.15170E+13 0.00029 
   45   45    1    1    1    1    1    1    1    1  4.46874E+13 0.00027 
   46   46    1    1    1    1    1    1    1    1  8.45635E+13 0.00021 
   47   47    1    1    1    1    1    1    1    1  4.01421E+13 0.00014 
   48   48    1    1    1    1    1    1    1    1  6.53842E+13 0.00016 
   49   49    1    1    1    1    1    1    1    1  9.03255E+13 0.00015 
   50   50    1    1    1    1    1    1    1    1  8.99555E+13 0.00014 
   51   51    1    1    1    1    1    1    1    1  1.35883E+14 0.00010 
   52   52    1    1    1    1    1    1    1    1  1.11416E+14 0.00013 
   53   53    1    1    1    1    1    1    1    1  1.26966E+14 0.00015 
   54   54    1    1    1    1    1    1    1    1  8.93830E+13 0.00017 
   55   55    1    1    1    1    1    1    1    1  1.04996E+14 0.00021 
   56   56    1    1    1    1    1    1    1    1  7.32237E+13 0.00017 
   57   57    1    1    1    1    1    1    1    1  1.00991E+13 0.00030 
   58   58    1    1    1    1    1    1    1    1  1.45779E+14 0.00016 
   59   59    1    1    1    1    1    1    1    1  6.18999E+13 0.00017 
   60   60    1    1    1    1    1    1    1    1  6.66089E+13 0.00024 
   61   61    1    1    1    1    1    1    1    1  5.01817E+13 0.00020 
   62   62    1    1    1    1    1    1    1    1  5.08064E+13 0.00025 
   63   63    1    1    1    1    1    1    1    1  5.24499E+13 0.00022 
   64   64    1    1    1    1    1    1    1    1  4.36859E+13 0.00020 
   65   65    1    1    1    1    1    1    1    1  3.48327E+13 0.00032 
   66   66    1    1    1    1    1    1    1    1  3.44923E+13 0.00030 
   67   67    1    1    1    1    1    1    1    1  2.48900E+13 0.00022 
   68   68    1    1    1    1    1    1    1    1  2.05278E+13 0.00033 
   69   69    1    1    1    1    1    1    1    1  1.85149E+13 0.00039 
   70   70    1    1    1    1    1    1    1    1  2.22381E+13 0.00031 
   71   71    1    1    1    1    1    1    1    1  1.90302E+13 0.00041 
   72   72    1    1    1    1    1    1    1    1  3.57612E+13 0.00028 
   73   73    1    1    1    1    1    1    1    1  2.55061E+13 0.00038 
   74   74    1    1    1    1    1    1    1    1  1.90519E+13 0.00056 
   75   75    1    1    1    1    1    1    1    1  1.48842E+13 0.00053 
   76   76    1    1    1    1    1    1    1    1  1.19808E+13 0.00041 
   77   77    1    1    1    1    1    1    1    1  1.35208E+13 0.00059 
   78   78    1    1    1    1    1    1    1    1  1.03758E+13 0.00045 
   79   79    1    1    1    1    1    1    1    1  8.07170E+12 0.00059 
   80   80    1    1    1    1    1    1    1    1  8.19304E+12 0.00062 
   81   81    1    1    1    1    1    1    1    1  5.99983E+12 0.00072 
   82   82    1    1    1    1    1    1    1    1  4.58192E+12 0.00086 
   83   83    1    1    1    1    1    1    1    1  3.50345E+12 0.00061 
   84   84    1    1    1    1    1    1    1    1  3.26697E+12 0.00098 
   85   85    1    1    1    1    1    1    1    1  2.34262E+12 0.00120 
   86   86    1    1    1    1    1    1    1    1  1.68463E+12 0.00104 
   87   87    1    1    1    1    1    1    1    1  1.57269E+12 0.00101 
   88   88    1    1    1    1    1    1    1    1  9.75980E+11 0.00191 
   89   89    1    1    1    1    1    1    1    1  6.65693E+11 0.00243 
   90   90    1    1    1    1    1    1    1    1  3.84105E+11 0.00256 
   91   91    1    1    1    1    1    1    1    1  4.95527E+11 0.00341 
   92   92    1    1    1    1    1    1    1    1  0.00000E+00 0.00000 
   93   93    1    1    1    1    1    1    1    1  0.00000E+00 0.00000 
   94   94    1    1    1    1    1    1    1    1  0.00000E+00 0.00000 
   95   95    1    1    1    1    1    1    1    1  0.00000E+00 0.00000 
   96   96    1    1    1    1    1    1    1    1  0.00000E+00 0.00000 
   97   97    1    1    1    1    1    1    1    1  0.00000E+00 0.00000 
   98   98    1    1    1    1    1    1    1    1  0.00000E+00 0.00000 
   99   99    1    1    1    1    1    1    1    1  0.00000E+00 0.00000 
  100  100    1    1    1    1    1    1    1    1  0.00000E+00 0.00000 
];


