
DETdpaspec = [
    1    1    1    1    1    1    1    1    1    1  0.00000E+00 0.00000 
    2    2    1    1    1    1    1    1    1    1  0.00000E+00 0.00000 
    3    3    1    1    1    1    1    1    1    1  0.00000E+00 0.00000 
    4    4    1    1    1    1    1    1    1    1  0.00000E+00 0.00000 
    5    5    1    1    1    1    1    1    1    1  0.00000E+00 0.00000 
    6    6    1    1    1    1    1    1    1    1  0.00000E+00 0.00000 
    7    7    1    1    1    1    1    1    1    1  0.00000E+00 0.00000 
    8    8    1    1    1    1    1    1    1    1  0.00000E+00 0.00000 
    9    9    1    1    1    1    1    1    1    1  0.00000E+00 0.00000 
   10   10    1    1    1    1    1    1    1    1  0.00000E+00 0.00000 
   11   11    1    1    1    1    1    1    1    1  0.00000E+00 0.00000 
   12   12    1    1    1    1    1    1    1    1  0.00000E+00 0.00000 
   13   13    1    1    1    1    1    1    1    1  0.00000E+00 0.00000 
   14   14    1    1    1    1    1    1    1    1  0.00000E+00 0.00000 
   15   15    1    1    1    1    1    1    1    1  0.00000E+00 0.00000 
   16   16    1    1    1    1    1    1    1    1  0.00000E+00 0.00000 
   17   17    1    1    1    1    1    1    1    1  0.00000E+00 0.00000 
   18   18    1    1    1    1    1    1    1    1  0.00000E+00 0.00000 
   19   19    1    1    1    1    1    1    1    1  1.72433E+09 0.04539 
   20   20    1    1    1    1    1    1    1    1  2.87953E+08 0.05058 
   21   21    1    1    1    1    1    1    1    1  1.05803E+09 0.06253 
   22   22    1    1    1    1    1    1    1    1  7.36780E+08 0.04846 
   23   23    1    1    1    1    1    1    1    1  1.91452E+09 0.03158 
   24   24    1    1    1    1    1    1    1    1  2.79626E+09 0.02906 
   25   25    1    1    1    1    1    1    1    1  4.25755E+09 0.02100 
   26   26    1    1    1    1    1    1    1    1  5.45381E+09 0.02354 
   27   27    1    1    1    1    1    1    1    1  8.88038E+09 0.01995 
   28   28    1    1    1    1    1    1    1    1  1.52355E+10 0.01514 
   29   29    1    1    1    1    1    1    1    1  3.02266E+10 0.00839 
   30   30    1    1    1    1    1    1    1    1  4.57606E+10 0.00725 
   31   31    1    1    1    1    1    1    1    1  1.38844E+11 0.00529 
   32   32    1    1    1    1    1    1    1    1  4.45248E+11 0.00294 
   33   33    1    1    1    1    1    1    1    1  8.52858E+11 0.00278 
   34   34    1    1    1    1    1    1    1    1  2.00644E+12 0.00174 
   35   35    1    1    1    1    1    1    1    1  2.78286E+12 0.00154 
   36   36    1    1    1    1    1    1    1    1  3.85396E+12 0.00129 
   37   37    1    1    1    1    1    1    1    1  2.67160E+12 0.00133 
   38   38    1    1    1    1    1    1    1    1  8.33106E+11 0.00119 
   39   39    1    1    1    1    1    1    1    1  4.62119E+12 0.00085 
   40   40    1    1    1    1    1    1    1    1  6.24698E+12 0.00070 
   41   41    1    1    1    1    1    1    1    1  1.06566E+13 0.00052 
   42   42    1    1    1    1    1    1    1    1  1.10060E+13 0.00055 
   43   43    1    1    1    1    1    1    1    1  2.32949E+13 0.00047 
   44   44    1    1    1    1    1    1    1    1  2.83260E+13 0.00049 
   45   45    1    1    1    1    1    1    1    1  4.11244E+13 0.00044 
   46   46    1    1    1    1    1    1    1    1  8.14017E+13 0.00026 
   47   47    1    1    1    1    1    1    1    1  3.83453E+13 0.00025 
   48   48    1    1    1    1    1    1    1    1  6.23766E+13 0.00025 
   49   49    1    1    1    1    1    1    1    1  8.70937E+13 0.00014 
   50   50    1    1    1    1    1    1    1    1  8.67387E+13 0.00014 
   51   51    1    1    1    1    1    1    1    1  1.34004E+14 0.00012 
   52   52    1    1    1    1    1    1    1    1  1.08077E+14 0.00013 
   53   53    1    1    1    1    1    1    1    1  1.26919E+14 0.00018 
   54   54    1    1    1    1    1    1    1    1  8.85735E+13 0.00017 
   55   55    1    1    1    1    1    1    1    1  1.06954E+14 0.00019 
   56   56    1    1    1    1    1    1    1    1  7.38523E+13 0.00023 
   57   57    1    1    1    1    1    1    1    1  1.00869E+13 0.00033 
   58   58    1    1    1    1    1    1    1    1  1.46964E+14 0.00015 
   59   59    1    1    1    1    1    1    1    1  6.44517E+13 0.00022 
   60   60    1    1    1    1    1    1    1    1  6.87694E+13 0.00020 
   61   61    1    1    1    1    1    1    1    1  5.28589E+13 0.00024 
   62   62    1    1    1    1    1    1    1    1  5.32204E+13 0.00023 
   63   63    1    1    1    1    1    1    1    1  5.53227E+13 0.00019 
   64   64    1    1    1    1    1    1    1    1  4.64269E+13 0.00029 
   65   65    1    1    1    1    1    1    1    1  3.69478E+13 0.00034 
   66   66    1    1    1    1    1    1    1    1  3.66362E+13 0.00032 
   67   67    1    1    1    1    1    1    1    1  2.63993E+13 0.00038 
   68   68    1    1    1    1    1    1    1    1  2.15966E+13 0.00030 
   69   69    1    1    1    1    1    1    1    1  1.94307E+13 0.00036 
   70   70    1    1    1    1    1    1    1    1  2.33534E+13 0.00037 
   71   71    1    1    1    1    1    1    1    1  1.99106E+13 0.00039 
   72   72    1    1    1    1    1    1    1    1  3.65986E+13 0.00032 
   73   73    1    1    1    1    1    1    1    1  2.59559E+13 0.00041 
   74   74    1    1    1    1    1    1    1    1  1.94907E+13 0.00039 
   75   75    1    1    1    1    1    1    1    1  1.55369E+13 0.00038 
   76   76    1    1    1    1    1    1    1    1  1.27634E+13 0.00057 
   77   77    1    1    1    1    1    1    1    1  1.46515E+13 0.00050 
   78   78    1    1    1    1    1    1    1    1  1.14847E+13 0.00045 
   79   79    1    1    1    1    1    1    1    1  9.07465E+12 0.00054 
   80   80    1    1    1    1    1    1    1    1  9.31322E+12 0.00055 
   81   81    1    1    1    1    1    1    1    1  6.87889E+12 0.00070 
   82   82    1    1    1    1    1    1    1    1  5.27785E+12 0.00081 
   83   83    1    1    1    1    1    1    1    1  4.05527E+12 0.00065 
   84   84    1    1    1    1    1    1    1    1  3.79146E+12 0.00093 
   85   85    1    1    1    1    1    1    1    1  2.72895E+12 0.00129 
   86   86    1    1    1    1    1    1    1    1  1.96177E+12 0.00160 
   87   87    1    1    1    1    1    1    1    1  1.83288E+12 0.00136 
   88   88    1    1    1    1    1    1    1    1  1.13102E+12 0.00203 
   89   89    1    1    1    1    1    1    1    1  7.68790E+11 0.00224 
   90   90    1    1    1    1    1    1    1    1  4.42942E+11 0.00284 
   91   91    1    1    1    1    1    1    1    1  5.69710E+11 0.00243 
   92   92    1    1    1    1    1    1    1    1  0.00000E+00 0.00000 
   93   93    1    1    1    1    1    1    1    1  0.00000E+00 0.00000 
   94   94    1    1    1    1    1    1    1    1  0.00000E+00 0.00000 
   95   95    1    1    1    1    1    1    1    1  0.00000E+00 0.00000 
   96   96    1    1    1    1    1    1    1    1  0.00000E+00 0.00000 
   97   97    1    1    1    1    1    1    1    1  0.00000E+00 0.00000 
   98   98    1    1    1    1    1    1    1    1  0.00000E+00 0.00000 
   99   99    1    1    1    1    1    1    1    1  0.00000E+00 0.00000 
  100  100    1    1    1    1    1    1    1    1  0.00000E+00 0.00000 
];


