
DETdpaspec = [
    1    1    1    1    1    1    1    1    1    1  0.00000E+00 0.00000 
    2    2    1    1    1    1    1    1    1    1  0.00000E+00 0.00000 
    3    3    1    1    1    1    1    1    1    1  0.00000E+00 0.00000 
    4    4    1    1    1    1    1    1    1    1  0.00000E+00 0.00000 
    5    5    1    1    1    1    1    1    1    1  0.00000E+00 0.00000 
    6    6    1    1    1    1    1    1    1    1  0.00000E+00 0.00000 
    7    7    1    1    1    1    1    1    1    1  0.00000E+00 0.00000 
    8    8    1    1    1    1    1    1    1    1  0.00000E+00 0.00000 
    9    9    1    1    1    1    1    1    1    1  0.00000E+00 0.00000 
   10   10    1    1    1    1    1    1    1    1  0.00000E+00 0.00000 
   11   11    1    1    1    1    1    1    1    1  0.00000E+00 0.00000 
   12   12    1    1    1    1    1    1    1    1  0.00000E+00 0.00000 
   13   13    1    1    1    1    1    1    1    1  0.00000E+00 0.00000 
   14   14    1    1    1    1    1    1    1    1  0.00000E+00 0.00000 
   15   15    1    1    1    1    1    1    1    1  0.00000E+00 0.00000 
   16   16    1    1    1    1    1    1    1    1  0.00000E+00 0.00000 
   17   17    1    1    1    1    1    1    1    1  0.00000E+00 0.00000 
   18   18    1    1    1    1    1    1    1    1  0.00000E+00 0.00000 
   19   19    1    1    1    1    1    1    1    1  1.67647E+09 0.05306 
   20   20    1    1    1    1    1    1    1    1  2.39239E+08 0.08583 
   21   21    1    1    1    1    1    1    1    1  8.56829E+08 0.05722 
   22   22    1    1    1    1    1    1    1    1  6.94230E+08 0.05456 
   23   23    1    1    1    1    1    1    1    1  1.39398E+09 0.03612 
   24   24    1    1    1    1    1    1    1    1  2.23968E+09 0.02928 
   25   25    1    1    1    1    1    1    1    1  3.78037E+09 0.02382 
   26   26    1    1    1    1    1    1    1    1  4.55334E+09 0.02435 
   27   27    1    1    1    1    1    1    1    1  7.36317E+09 0.02197 
   28   28    1    1    1    1    1    1    1    1  1.33093E+10 0.01526 
   29   29    1    1    1    1    1    1    1    1  2.86993E+10 0.00938 
   30   30    1    1    1    1    1    1    1    1  4.69420E+10 0.00850 
   31   31    1    1    1    1    1    1    1    1  1.38238E+11 0.00493 
   32   32    1    1    1    1    1    1    1    1  4.40642E+11 0.00280 
   33   33    1    1    1    1    1    1    1    1  8.41634E+11 0.00235 
   34   34    1    1    1    1    1    1    1    1  2.02727E+12 0.00119 
   35   35    1    1    1    1    1    1    1    1  2.85617E+12 0.00101 
   36   36    1    1    1    1    1    1    1    1  3.80325E+12 0.00079 
   37   37    1    1    1    1    1    1    1    1  2.59419E+12 0.00080 
   38   38    1    1    1    1    1    1    1    1  8.00501E+11 0.00079 
   39   39    1    1    1    1    1    1    1    1  4.49689E+12 0.00081 
   40   40    1    1    1    1    1    1    1    1  6.09627E+12 0.00056 
   41   41    1    1    1    1    1    1    1    1  1.04854E+13 0.00063 
   42   42    1    1    1    1    1    1    1    1  1.07113E+13 0.00041 
   43   43    1    1    1    1    1    1    1    1  2.29521E+13 0.00049 
   44   44    1    1    1    1    1    1    1    1  2.80144E+13 0.00039 
   45   45    1    1    1    1    1    1    1    1  4.08279E+13 0.00034 
   46   46    1    1    1    1    1    1    1    1  8.15944E+13 0.00031 
   47   47    1    1    1    1    1    1    1    1  3.81923E+13 0.00028 
   48   48    1    1    1    1    1    1    1    1  6.19388E+13 0.00028 
   49   49    1    1    1    1    1    1    1    1  8.65445E+13 0.00025 
   50   50    1    1    1    1    1    1    1    1  8.59549E+13 0.00021 
   51   51    1    1    1    1    1    1    1    1  1.33637E+14 0.00014 
   52   52    1    1    1    1    1    1    1    1  1.06865E+14 0.00016 
   53   53    1    1    1    1    1    1    1    1  1.26646E+14 0.00017 
   54   54    1    1    1    1    1    1    1    1  8.80687E+13 0.00020 
   55   55    1    1    1    1    1    1    1    1  1.07267E+14 0.00019 
   56   56    1    1    1    1    1    1    1    1  7.38019E+13 0.00018 
   57   57    1    1    1    1    1    1    1    1  1.00502E+13 0.00036 
   58   58    1    1    1    1    1    1    1    1  1.46740E+14 0.00015 
   59   59    1    1    1    1    1    1    1    1  6.50365E+13 0.00024 
   60   60    1    1    1    1    1    1    1    1  6.91081E+13 0.00021 
   61   61    1    1    1    1    1    1    1    1  5.35024E+13 0.00027 
   62   62    1    1    1    1    1    1    1    1  5.37478E+13 0.00025 
   63   63    1    1    1    1    1    1    1    1  5.59673E+13 0.00031 
   64   64    1    1    1    1    1    1    1    1  4.70250E+13 0.00031 
   65   65    1    1    1    1    1    1    1    1  3.73904E+13 0.00024 
   66   66    1    1    1    1    1    1    1    1  3.70546E+13 0.00030 
   67   67    1    1    1    1    1    1    1    1  2.66389E+13 0.00031 
   68   68    1    1    1    1    1    1    1    1  2.17342E+13 0.00037 
   69   69    1    1    1    1    1    1    1    1  1.95099E+13 0.00033 
   70   70    1    1    1    1    1    1    1    1  2.34454E+13 0.00034 
   71   71    1    1    1    1    1    1    1    1  1.99573E+13 0.00047 
   72   72    1    1    1    1    1    1    1    1  3.63637E+13 0.00029 
   73   73    1    1    1    1    1    1    1    1  2.56985E+13 0.00028 
   74   74    1    1    1    1    1    1    1    1  1.93283E+13 0.00046 
   75   75    1    1    1    1    1    1    1    1  1.54877E+13 0.00052 
   76   76    1    1    1    1    1    1    1    1  1.28124E+13 0.00046 
   77   77    1    1    1    1    1    1    1    1  1.48101E+13 0.00043 
   78   78    1    1    1    1    1    1    1    1  1.16685E+13 0.00055 
   79   79    1    1    1    1    1    1    1    1  9.28190E+12 0.00056 
   80   80    1    1    1    1    1    1    1    1  9.56192E+12 0.00053 
   81   81    1    1    1    1    1    1    1    1  7.08223E+12 0.00060 
   82   82    1    1    1    1    1    1    1    1  5.43624E+12 0.00078 
   83   83    1    1    1    1    1    1    1    1  4.18436E+12 0.00102 
   84   84    1    1    1    1    1    1    1    1  3.91398E+12 0.00091 
   85   85    1    1    1    1    1    1    1    1  2.81103E+12 0.00115 
   86   86    1    1    1    1    1    1    1    1  2.03212E+12 0.00164 
   87   87    1    1    1    1    1    1    1    1  1.89963E+12 0.00111 
   88   88    1    1    1    1    1    1    1    1  1.17518E+12 0.00160 
   89   89    1    1    1    1    1    1    1    1  7.93124E+11 0.00205 
   90   90    1    1    1    1    1    1    1    1  4.58364E+11 0.00265 
   91   91    1    1    1    1    1    1    1    1  5.84057E+11 0.00238 
   92   92    1    1    1    1    1    1    1    1  0.00000E+00 0.00000 
   93   93    1    1    1    1    1    1    1    1  0.00000E+00 0.00000 
   94   94    1    1    1    1    1    1    1    1  0.00000E+00 0.00000 
   95   95    1    1    1    1    1    1    1    1  0.00000E+00 0.00000 
   96   96    1    1    1    1    1    1    1    1  0.00000E+00 0.00000 
   97   97    1    1    1    1    1    1    1    1  0.00000E+00 0.00000 
   98   98    1    1    1    1    1    1    1    1  0.00000E+00 0.00000 
   99   99    1    1    1    1    1    1    1    1  0.00000E+00 0.00000 
  100  100    1    1    1    1    1    1    1    1  0.00000E+00 0.00000 
];


