
DETdpaspec = [
    1    1    1    1    1    1    1    1    1    1  0.00000E+00 0.00000 
    2    2    1    1    1    1    1    1    1    1  0.00000E+00 0.00000 
    3    3    1    1    1    1    1    1    1    1  0.00000E+00 0.00000 
    4    4    1    1    1    1    1    1    1    1  0.00000E+00 0.00000 
    5    5    1    1    1    1    1    1    1    1  0.00000E+00 0.00000 
    6    6    1    1    1    1    1    1    1    1  0.00000E+00 0.00000 
    7    7    1    1    1    1    1    1    1    1  0.00000E+00 0.00000 
    8    8    1    1    1    1    1    1    1    1  0.00000E+00 0.00000 
    9    9    1    1    1    1    1    1    1    1  0.00000E+00 0.00000 
   10   10    1    1    1    1    1    1    1    1  0.00000E+00 0.00000 
   11   11    1    1    1    1    1    1    1    1  0.00000E+00 0.00000 
   12   12    1    1    1    1    1    1    1    1  0.00000E+00 0.00000 
   13   13    1    1    1    1    1    1    1    1  0.00000E+00 0.00000 
   14   14    1    1    1    1    1    1    1    1  0.00000E+00 0.00000 
   15   15    1    1    1    1    1    1    1    1  0.00000E+00 0.00000 
   16   16    1    1    1    1    1    1    1    1  0.00000E+00 0.00000 
   17   17    1    1    1    1    1    1    1    1  0.00000E+00 0.00000 
   18   18    1    1    1    1    1    1    1    1  0.00000E+00 0.00000 
   19   19    1    1    1    1    1    1    1    1  1.91815E+09 0.04896 
   20   20    1    1    1    1    1    1    1    1  2.78075E+08 0.05094 
   21   21    1    1    1    1    1    1    1    1  1.02939E+09 0.06764 
   22   22    1    1    1    1    1    1    1    1  7.41966E+08 0.03827 
   23   23    1    1    1    1    1    1    1    1  2.11235E+09 0.03890 
   24   24    1    1    1    1    1    1    1    1  2.97767E+09 0.03044 
   25   25    1    1    1    1    1    1    1    1  4.51301E+09 0.01875 
   26   26    1    1    1    1    1    1    1    1  5.72246E+09 0.02281 
   27   27    1    1    1    1    1    1    1    1  9.26625E+09 0.01495 
   28   28    1    1    1    1    1    1    1    1  1.63232E+10 0.01001 
   29   29    1    1    1    1    1    1    1    1  3.08216E+10 0.00804 
   30   30    1    1    1    1    1    1    1    1  4.58271E+10 0.00612 
   31   31    1    1    1    1    1    1    1    1  1.40834E+11 0.00582 
   32   32    1    1    1    1    1    1    1    1  4.50858E+11 0.00408 
   33   33    1    1    1    1    1    1    1    1  8.61853E+11 0.00255 
   34   34    1    1    1    1    1    1    1    1  2.01706E+12 0.00155 
   35   35    1    1    1    1    1    1    1    1  2.78608E+12 0.00118 
   36   36    1    1    1    1    1    1    1    1  3.89256E+12 0.00096 
   37   37    1    1    1    1    1    1    1    1  2.70740E+12 0.00085 
   38   38    1    1    1    1    1    1    1    1  8.47348E+11 0.00094 
   39   39    1    1    1    1    1    1    1    1  4.67690E+12 0.00068 
   40   40    1    1    1    1    1    1    1    1  6.31700E+12 0.00069 
   41   41    1    1    1    1    1    1    1    1  1.07540E+13 0.00041 
   42   42    1    1    1    1    1    1    1    1  1.11219E+13 0.00039 
   43   43    1    1    1    1    1    1    1    1  2.34543E+13 0.00041 
   44   44    1    1    1    1    1    1    1    1  2.84802E+13 0.00036 
   45   45    1    1    1    1    1    1    1    1  4.13189E+13 0.00034 
   46   46    1    1    1    1    1    1    1    1  8.15593E+13 0.00031 
   47   47    1    1    1    1    1    1    1    1  3.84662E+13 0.00022 
   48   48    1    1    1    1    1    1    1    1  6.25877E+13 0.00019 
   49   49    1    1    1    1    1    1    1    1  8.73344E+13 0.00021 
   50   50    1    1    1    1    1    1    1    1  8.69696E+13 0.00019 
   51   51    1    1    1    1    1    1    1    1  1.34143E+14 0.00013 
   52   52    1    1    1    1    1    1    1    1  1.08310E+14 0.00015 
   53   53    1    1    1    1    1    1    1    1  1.26955E+14 0.00012 
   54   54    1    1    1    1    1    1    1    1  8.86862E+13 0.00015 
   55   55    1    1    1    1    1    1    1    1  1.06855E+14 0.00012 
   56   56    1    1    1    1    1    1    1    1  7.38281E+13 0.00016 
   57   57    1    1    1    1    1    1    1    1  1.00903E+13 0.00028 
   58   58    1    1    1    1    1    1    1    1  1.46918E+14 0.00014 
   59   59    1    1    1    1    1    1    1    1  6.42505E+13 0.00019 
   60   60    1    1    1    1    1    1    1    1  6.86185E+13 0.00020 
   61   61    1    1    1    1    1    1    1    1  5.26639E+13 0.00020 
   62   62    1    1    1    1    1    1    1    1  5.30415E+13 0.00010 
   63   63    1    1    1    1    1    1    1    1  5.51189E+13 0.00016 
   64   64    1    1    1    1    1    1    1    1  4.62252E+13 0.00021 
   65   65    1    1    1    1    1    1    1    1  3.68132E+13 0.00024 
   66   66    1    1    1    1    1    1    1    1  3.65209E+13 0.00031 
   67   67    1    1    1    1    1    1    1    1  2.63141E+13 0.00034 
   68   68    1    1    1    1    1    1    1    1  2.15349E+13 0.00038 
   69   69    1    1    1    1    1    1    1    1  1.93691E+13 0.00047 
   70   70    1    1    1    1    1    1    1    1  2.32857E+13 0.00026 
   71   71    1    1    1    1    1    1    1    1  1.98713E+13 0.00037 
   72   72    1    1    1    1    1    1    1    1  3.65823E+13 0.00037 
   73   73    1    1    1    1    1    1    1    1  2.59585E+13 0.00046 
   74   74    1    1    1    1    1    1    1    1  1.94975E+13 0.00029 
   75   75    1    1    1    1    1    1    1    1  1.55051E+13 0.00041 
   76   76    1    1    1    1    1    1    1    1  1.27269E+13 0.00056 
   77   77    1    1    1    1    1    1    1    1  1.46069E+13 0.00046 
   78   78    1    1    1    1    1    1    1    1  1.14096E+13 0.00054 
   79   79    1    1    1    1    1    1    1    1  9.01435E+12 0.00069 
   80   80    1    1    1    1    1    1    1    1  9.24203E+12 0.00042 
   81   81    1    1    1    1    1    1    1    1  6.82649E+12 0.00068 
   82   82    1    1    1    1    1    1    1    1  5.23530E+12 0.00061 
   83   83    1    1    1    1    1    1    1    1  4.02248E+12 0.00093 
   84   84    1    1    1    1    1    1    1    1  3.75083E+12 0.00074 
   85   85    1    1    1    1    1    1    1    1  2.69567E+12 0.00131 
   86   86    1    1    1    1    1    1    1    1  1.93956E+12 0.00085 
   87   87    1    1    1    1    1    1    1    1  1.81748E+12 0.00117 
   88   88    1    1    1    1    1    1    1    1  1.12506E+12 0.00107 
   89   89    1    1    1    1    1    1    1    1  7.60928E+11 0.00238 
   90   90    1    1    1    1    1    1    1    1  4.41389E+11 0.00242 
   91   91    1    1    1    1    1    1    1    1  5.62109E+11 0.00281 
   92   92    1    1    1    1    1    1    1    1  0.00000E+00 0.00000 
   93   93    1    1    1    1    1    1    1    1  0.00000E+00 0.00000 
   94   94    1    1    1    1    1    1    1    1  0.00000E+00 0.00000 
   95   95    1    1    1    1    1    1    1    1  0.00000E+00 0.00000 
   96   96    1    1    1    1    1    1    1    1  0.00000E+00 0.00000 
   97   97    1    1    1    1    1    1    1    1  0.00000E+00 0.00000 
   98   98    1    1    1    1    1    1    1    1  0.00000E+00 0.00000 
   99   99    1    1    1    1    1    1    1    1  0.00000E+00 0.00000 
  100  100    1    1    1    1    1    1    1    1  0.00000E+00 0.00000 
];


