
DETdpaspec = [
    1    1    1    1    1    1    1    1    1    1  0.00000E+00 0.00000 
    2    2    1    1    1    1    1    1    1    1  0.00000E+00 0.00000 
    3    3    1    1    1    1    1    1    1    1  0.00000E+00 0.00000 
    4    4    1    1    1    1    1    1    1    1  0.00000E+00 0.00000 
    5    5    1    1    1    1    1    1    1    1  0.00000E+00 0.00000 
    6    6    1    1    1    1    1    1    1    1  0.00000E+00 0.00000 
    7    7    1    1    1    1    1    1    1    1  0.00000E+00 0.00000 
    8    8    1    1    1    1    1    1    1    1  0.00000E+00 0.00000 
    9    9    1    1    1    1    1    1    1    1  0.00000E+00 0.00000 
   10   10    1    1    1    1    1    1    1    1  0.00000E+00 0.00000 
   11   11    1    1    1    1    1    1    1    1  0.00000E+00 0.00000 
   12   12    1    1    1    1    1    1    1    1  0.00000E+00 0.00000 
   13   13    1    1    1    1    1    1    1    1  0.00000E+00 0.00000 
   14   14    1    1    1    1    1    1    1    1  0.00000E+00 0.00000 
   15   15    1    1    1    1    1    1    1    1  0.00000E+00 0.00000 
   16   16    1    1    1    1    1    1    1    1  0.00000E+00 0.00000 
   17   17    1    1    1    1    1    1    1    1  0.00000E+00 0.00000 
   18   18    1    1    1    1    1    1    1    1  0.00000E+00 0.00000 
   19   19    1    1    1    1    1    1    1    1  1.08713E+09 0.07841 
   20   20    1    1    1    1    1    1    1    1  1.53369E+08 0.12899 
   21   21    1    1    1    1    1    1    1    1  4.83662E+08 0.09364 
   22   22    1    1    1    1    1    1    1    1  4.31434E+08 0.07691 
   23   23    1    1    1    1    1    1    1    1  8.84964E+08 0.06126 
   24   24    1    1    1    1    1    1    1    1  1.81845E+09 0.04223 
   25   25    1    1    1    1    1    1    1    1  4.42898E+09 0.02797 
   26   26    1    1    1    1    1    1    1    1  7.28956E+09 0.02176 
   27   27    1    1    1    1    1    1    1    1  1.63780E+10 0.01361 
   28   28    1    1    1    1    1    1    1    1  3.93102E+10 0.01026 
   29   29    1    1    1    1    1    1    1    1  9.70345E+10 0.00599 
   30   30    1    1    1    1    1    1    1    1  1.75782E+11 0.00544 
   31   31    1    1    1    1    1    1    1    1  4.04501E+11 0.00296 
   32   32    1    1    1    1    1    1    1    1  1.04303E+12 0.00168 
   33   33    1    1    1    1    1    1    1    1  1.71614E+12 0.00130 
   34   34    1    1    1    1    1    1    1    1  3.76875E+12 0.00084 
   35   35    1    1    1    1    1    1    1    1  4.99568E+12 0.00085 
   36   36    1    1    1    1    1    1    1    1  5.48666E+12 0.00070 
   37   37    1    1    1    1    1    1    1    1  3.39191E+12 0.00060 
   38   38    1    1    1    1    1    1    1    1  1.00073E+12 0.00060 
   39   39    1    1    1    1    1    1    1    1  5.75572E+12 0.00052 
   40   40    1    1    1    1    1    1    1    1  7.70257E+12 0.00044 
   41   41    1    1    1    1    1    1    1    1  1.31511E+13 0.00048 
   42   42    1    1    1    1    1    1    1    1  1.28166E+13 0.00038 
   43   43    1    1    1    1    1    1    1    1  2.77036E+13 0.00027 
   44   44    1    1    1    1    1    1    1    1  3.32599E+13 0.00032 
   45   45    1    1    1    1    1    1    1    1  4.75749E+13 0.00026 
   46   46    1    1    1    1    1    1    1    1  9.35653E+13 0.00023 
   47   47    1    1    1    1    1    1    1    1  4.18226E+13 0.00022 
   48   48    1    1    1    1    1    1    1    1  6.64613E+13 0.00024 
   49   49    1    1    1    1    1    1    1    1  9.10589E+13 0.00020 
   50   50    1    1    1    1    1    1    1    1  8.85890E+13 0.00022 
   51   51    1    1    1    1    1    1    1    1  1.37042E+14 0.00018 
   52   52    1    1    1    1    1    1    1    1  1.05451E+14 0.00019 
   53   53    1    1    1    1    1    1    1    1  1.25985E+14 0.00015 
   54   54    1    1    1    1    1    1    1    1  8.57124E+13 0.00016 
   55   55    1    1    1    1    1    1    1    1  1.05508E+14 0.00018 
   56   56    1    1    1    1    1    1    1    1  7.15558E+13 0.00016 
   57   57    1    1    1    1    1    1    1    1  9.63144E+12 0.00032 
   58   58    1    1    1    1    1    1    1    1  1.40536E+14 0.00014 
   59   59    1    1    1    1    1    1    1    1  6.33971E+13 0.00018 
   60   60    1    1    1    1    1    1    1    1  6.62107E+13 0.00019 
   61   61    1    1    1    1    1    1    1    1  5.18194E+13 0.00019 
   62   62    1    1    1    1    1    1    1    1  5.15459E+13 0.00021 
   63   63    1    1    1    1    1    1    1    1  5.35604E+13 0.00014 
   64   64    1    1    1    1    1    1    1    1  4.48066E+13 0.00019 
   65   65    1    1    1    1    1    1    1    1  3.52802E+13 0.00033 
   66   66    1    1    1    1    1    1    1    1  3.47242E+13 0.00029 
   67   67    1    1    1    1    1    1    1    1  2.47608E+13 0.00032 
   68   68    1    1    1    1    1    1    1    1  1.99710E+13 0.00039 
   69   69    1    1    1    1    1    1    1    1  1.78204E+13 0.00033 
   70   70    1    1    1    1    1    1    1    1  2.12682E+13 0.00036 
   71   71    1    1    1    1    1    1    1    1  1.79424E+13 0.00048 
   72   72    1    1    1    1    1    1    1    1  3.17598E+13 0.00038 
   73   73    1    1    1    1    1    1    1    1  2.21137E+13 0.00040 
   74   74    1    1    1    1    1    1    1    1  1.65846E+13 0.00058 
   75   75    1    1    1    1    1    1    1    1  1.34082E+13 0.00068 
   76   76    1    1    1    1    1    1    1    1  1.12436E+13 0.00043 
   77   77    1    1    1    1    1    1    1    1  1.31322E+13 0.00050 
   78   78    1    1    1    1    1    1    1    1  1.04834E+13 0.00060 
   79   79    1    1    1    1    1    1    1    1  8.42095E+12 0.00047 
   80   80    1    1    1    1    1    1    1    1  8.75066E+12 0.00069 
   81   81    1    1    1    1    1    1    1    1  6.50875E+12 0.00088 
   82   82    1    1    1    1    1    1    1    1  5.02269E+12 0.00070 
   83   83    1    1    1    1    1    1    1    1  3.85117E+12 0.00065 
   84   84    1    1    1    1    1    1    1    1  3.61360E+12 0.00116 
   85   85    1    1    1    1    1    1    1    1  2.59611E+12 0.00117 
   86   86    1    1    1    1    1    1    1    1  1.87996E+12 0.00103 
   87   87    1    1    1    1    1    1    1    1  1.75561E+12 0.00140 
   88   88    1    1    1    1    1    1    1    1  1.07180E+12 0.00213 
   89   89    1    1    1    1    1    1    1    1  7.19282E+11 0.00220 
   90   90    1    1    1    1    1    1    1    1  4.15917E+11 0.00262 
   91   91    1    1    1    1    1    1    1    1  5.24397E+11 0.00237 
   92   92    1    1    1    1    1    1    1    1  0.00000E+00 0.00000 
   93   93    1    1    1    1    1    1    1    1  0.00000E+00 0.00000 
   94   94    1    1    1    1    1    1    1    1  0.00000E+00 0.00000 
   95   95    1    1    1    1    1    1    1    1  0.00000E+00 0.00000 
   96   96    1    1    1    1    1    1    1    1  0.00000E+00 0.00000 
   97   97    1    1    1    1    1    1    1    1  0.00000E+00 0.00000 
   98   98    1    1    1    1    1    1    1    1  0.00000E+00 0.00000 
   99   99    1    1    1    1    1    1    1    1  0.00000E+00 0.00000 
  100  100    1    1    1    1    1    1    1    1  0.00000E+00 0.00000 
];


