
DETdpaspec = [
    1    1    1    1    1    1    1    1    1    1  0.00000E+00 0.00000 
    2    2    1    1    1    1    1    1    1    1  0.00000E+00 0.00000 
    3    3    1    1    1    1    1    1    1    1  0.00000E+00 0.00000 
    4    4    1    1    1    1    1    1    1    1  0.00000E+00 0.00000 
    5    5    1    1    1    1    1    1    1    1  0.00000E+00 0.00000 
    6    6    1    1    1    1    1    1    1    1  0.00000E+00 0.00000 
    7    7    1    1    1    1    1    1    1    1  0.00000E+00 0.00000 
    8    8    1    1    1    1    1    1    1    1  0.00000E+00 0.00000 
    9    9    1    1    1    1    1    1    1    1  0.00000E+00 0.00000 
   10   10    1    1    1    1    1    1    1    1  0.00000E+00 0.00000 
   11   11    1    1    1    1    1    1    1    1  0.00000E+00 0.00000 
   12   12    1    1    1    1    1    1    1    1  0.00000E+00 0.00000 
   13   13    1    1    1    1    1    1    1    1  0.00000E+00 0.00000 
   14   14    1    1    1    1    1    1    1    1  0.00000E+00 0.00000 
   15   15    1    1    1    1    1    1    1    1  0.00000E+00 0.00000 
   16   16    1    1    1    1    1    1    1    1  0.00000E+00 0.00000 
   17   17    1    1    1    1    1    1    1    1  0.00000E+00 0.00000 
   18   18    1    1    1    1    1    1    1    1  0.00000E+00 0.00000 
   19   19    1    1    1    1    1    1    1    1  1.40135E+09 0.05607 
   20   20    1    1    1    1    1    1    1    1  1.97550E+08 0.07399 
   21   21    1    1    1    1    1    1    1    1  8.46397E+08 0.06097 
   22   22    1    1    1    1    1    1    1    1  6.76508E+08 0.04148 
   23   23    1    1    1    1    1    1    1    1  1.52342E+09 0.03630 
   24   24    1    1    1    1    1    1    1    1  2.09813E+09 0.03208 
   25   25    1    1    1    1    1    1    1    1  3.44589E+09 0.02780 
   26   26    1    1    1    1    1    1    1    1  4.49230E+09 0.02442 
   27   27    1    1    1    1    1    1    1    1  7.22938E+09 0.01751 
   28   28    1    1    1    1    1    1    1    1  1.28082E+10 0.01280 
   29   29    1    1    1    1    1    1    1    1  2.86093E+10 0.00994 
   30   30    1    1    1    1    1    1    1    1  4.77158E+10 0.00588 
   31   31    1    1    1    1    1    1    1    1  1.40071E+11 0.00452 
   32   32    1    1    1    1    1    1    1    1  4.49223E+11 0.00338 
   33   33    1    1    1    1    1    1    1    1  8.50823E+11 0.00196 
   34   34    1    1    1    1    1    1    1    1  2.06018E+12 0.00161 
   35   35    1    1    1    1    1    1    1    1  2.91081E+12 0.00129 
   36   36    1    1    1    1    1    1    1    1  3.83176E+12 0.00105 
   37   37    1    1    1    1    1    1    1    1  2.60083E+12 0.00085 
   38   38    1    1    1    1    1    1    1    1  7.99564E+11 0.00107 
   39   39    1    1    1    1    1    1    1    1  4.50523E+12 0.00067 
   40   40    1    1    1    1    1    1    1    1  6.10509E+12 0.00063 
   41   41    1    1    1    1    1    1    1    1  1.05083E+13 0.00043 
   42   42    1    1    1    1    1    1    1    1  1.07027E+13 0.00047 
   43   43    1    1    1    1    1    1    1    1  2.29856E+13 0.00049 
   44   44    1    1    1    1    1    1    1    1  2.80372E+13 0.00050 
   45   45    1    1    1    1    1    1    1    1  4.08845E+13 0.00035 
   46   46    1    1    1    1    1    1    1    1  8.18390E+13 0.00031 
   47   47    1    1    1    1    1    1    1    1  3.82170E+13 0.00025 
   48   48    1    1    1    1    1    1    1    1  6.19163E+13 0.00024 
   49   49    1    1    1    1    1    1    1    1  8.65208E+13 0.00023 
   50   50    1    1    1    1    1    1    1    1  8.58533E+13 0.00021 
   51   51    1    1    1    1    1    1    1    1  1.33605E+14 0.00012 
   52   52    1    1    1    1    1    1    1    1  1.06601E+14 0.00020 
   53   53    1    1    1    1    1    1    1    1  1.26556E+14 0.00016 
   54   54    1    1    1    1    1    1    1    1  8.79319E+13 0.00018 
   55   55    1    1    1    1    1    1    1    1  1.07297E+14 0.00019 
   56   56    1    1    1    1    1    1    1    1  7.37423E+13 0.00018 
   57   57    1    1    1    1    1    1    1    1  1.00231E+13 0.00039 
   58   58    1    1    1    1    1    1    1    1  1.46558E+14 0.00015 
   59   59    1    1    1    1    1    1    1    1  6.51212E+13 0.00021 
   60   60    1    1    1    1    1    1    1    1  6.91102E+13 0.00021 
   61   61    1    1    1    1    1    1    1    1  5.35875E+13 0.00021 
   62   62    1    1    1    1    1    1    1    1  5.38067E+13 0.00028 
   63   63    1    1    1    1    1    1    1    1  5.60681E+13 0.00026 
   64   64    1    1    1    1    1    1    1    1  4.70909E+13 0.00032 
   65   65    1    1    1    1    1    1    1    1  3.74120E+13 0.00033 
   66   66    1    1    1    1    1    1    1    1  3.70955E+13 0.00031 
   67   67    1    1    1    1    1    1    1    1  2.66808E+13 0.00034 
   68   68    1    1    1    1    1    1    1    1  2.17451E+13 0.00027 
   69   69    1    1    1    1    1    1    1    1  1.95107E+13 0.00036 
   70   70    1    1    1    1    1    1    1    1  2.34172E+13 0.00037 
   71   71    1    1    1    1    1    1    1    1  1.99371E+13 0.00038 
   72   72    1    1    1    1    1    1    1    1  3.62715E+13 0.00030 
   73   73    1    1    1    1    1    1    1    1  2.56280E+13 0.00030 
   74   74    1    1    1    1    1    1    1    1  1.92620E+13 0.00038 
   75   75    1    1    1    1    1    1    1    1  1.54570E+13 0.00050 
   76   76    1    1    1    1    1    1    1    1  1.27990E+13 0.00037 
   77   77    1    1    1    1    1    1    1    1  1.47958E+13 0.00047 
   78   78    1    1    1    1    1    1    1    1  1.16736E+13 0.00050 
   79   79    1    1    1    1    1    1    1    1  9.29547E+12 0.00077 
   80   80    1    1    1    1    1    1    1    1  9.58356E+12 0.00050 
   81   81    1    1    1    1    1    1    1    1  7.10066E+12 0.00066 
   82   82    1    1    1    1    1    1    1    1  5.46780E+12 0.00084 
   83   83    1    1    1    1    1    1    1    1  4.20603E+12 0.00102 
   84   84    1    1    1    1    1    1    1    1  3.93111E+12 0.00076 
   85   85    1    1    1    1    1    1    1    1  2.83281E+12 0.00101 
   86   86    1    1    1    1    1    1    1    1  2.03812E+12 0.00126 
   87   87    1    1    1    1    1    1    1    1  1.90859E+12 0.00115 
   88   88    1    1    1    1    1    1    1    1  1.17619E+12 0.00215 
   89   89    1    1    1    1    1    1    1    1  7.97458E+11 0.00258 
   90   90    1    1    1    1    1    1    1    1  4.62367E+11 0.00273 
   91   91    1    1    1    1    1    1    1    1  5.85781E+11 0.00221 
   92   92    1    1    1    1    1    1    1    1  0.00000E+00 0.00000 
   93   93    1    1    1    1    1    1    1    1  0.00000E+00 0.00000 
   94   94    1    1    1    1    1    1    1    1  0.00000E+00 0.00000 
   95   95    1    1    1    1    1    1    1    1  0.00000E+00 0.00000 
   96   96    1    1    1    1    1    1    1    1  0.00000E+00 0.00000 
   97   97    1    1    1    1    1    1    1    1  0.00000E+00 0.00000 
   98   98    1    1    1    1    1    1    1    1  0.00000E+00 0.00000 
   99   99    1    1    1    1    1    1    1    1  0.00000E+00 0.00000 
  100  100    1    1    1    1    1    1    1    1  0.00000E+00 0.00000 
];


