
DETdpaspec = [
    1    1    1    1    1    1    1    1    1    1  0.00000E+00 0.00000 
    2    2    1    1    1    1    1    1    1    1  0.00000E+00 0.00000 
    3    3    1    1    1    1    1    1    1    1  0.00000E+00 0.00000 
    4    4    1    1    1    1    1    1    1    1  0.00000E+00 0.00000 
    5    5    1    1    1    1    1    1    1    1  0.00000E+00 0.00000 
    6    6    1    1    1    1    1    1    1    1  8.54845E+06 1.00000 
    7    7    1    1    1    1    1    1    1    1  1.20816E+07 1.00000 
    8    8    1    1    1    1    1    1    1    1  0.00000E+00 0.00000 
    9    9    1    1    1    1    1    1    1    1  6.61260E+07 0.61853 
   10   10    1    1    1    1    1    1    1    1  2.71182E+08 0.72796 
   11   11    1    1    1    1    1    1    1    1  3.67056E+08 0.49512 
   12   12    1    1    1    1    1    1    1    1  2.72627E+08 0.23561 
   13   13    1    1    1    1    1    1    1    1  4.14535E+09 0.24275 
   14   14    1    1    1    1    1    1    1    1  7.54192E+09 0.20963 
   15   15    1    1    1    1    1    1    1    1  7.86683E+09 0.19942 
   16   16    1    1    1    1    1    1    1    1  4.76594E+09 0.20489 
   17   17    1    1    1    1    1    1    1    1  7.61676E+09 0.17185 
   18   18    1    1    1    1    1    1    1    1  2.14451E+10 0.11937 
   19   19    1    1    1    1    1    1    1    1  2.89165E+10 0.07723 
   20   20    1    1    1    1    1    1    1    1  7.53700E+10 0.06009 
   21   21    1    1    1    1    1    1    1    1  7.02335E+10 0.04975 
   22   22    1    1    1    1    1    1    1    1  1.99548E+11 0.04325 
   23   23    1    1    1    1    1    1    1    1  3.43462E+11 0.02629 
   24   24    1    1    1    1    1    1    1    1  6.72785E+11 0.02349 
   25   25    1    1    1    1    1    1    1    1  1.10110E+12 0.02174 
   26   26    1    1    1    1    1    1    1    1  2.29117E+12 0.01158 
   27   27    1    1    1    1    1    1    1    1  4.47699E+12 0.00912 
   28   28    1    1    1    1    1    1    1    1  9.19957E+12 0.00526 
   29   29    1    1    1    1    1    1    1    1  1.15081E+13 0.00401 
   30   30    1    1    1    1    1    1    1    1  2.64096E+13 0.00399 
   31   31    1    1    1    1    1    1    1    1  5.48536E+13 0.00364 
   32   32    1    1    1    1    1    1    1    1  7.29607E+13 0.00321 
   33   33    1    1    1    1    1    1    1    1  1.32791E+14 0.00237 
   34   34    1    1    1    1    1    1    1    1  1.38268E+14 0.00209 
   35   35    1    1    1    1    1    1    1    1  1.92684E+14 0.00174 
   36   36    1    1    1    1    1    1    1    1  1.64965E+14 0.00172 
   37   37    1    1    1    1    1    1    1    1  5.21039E+13 0.00157 
   38   38    1    1    1    1    1    1    1    1  2.29337E+14 0.00135 
   39   39    1    1    1    1    1    1    1    1  2.63338E+14 0.00198 
   40   40    1    1    1    1    1    1    1    1  4.26565E+14 0.00159 
   41   41    1    1    1    1    1    1    1    1  3.99740E+14 0.00129 
   42   42    1    1    1    1    1    1    1    1  6.64466E+14 0.00156 
   43   43    1    1    1    1    1    1    1    1  6.88411E+14 0.00152 
   44   44    1    1    1    1    1    1    1    1  8.53594E+14 0.00159 
   45   45    1    1    1    1    1    1    1    1  1.40827E+15 0.00175 
   46   46    1    1    1    1    1    1    1    1  7.94888E+14 0.00152 
   47   47    1    1    1    1    1    1    1    1  1.06528E+15 0.00159 
   48   48    1    1    1    1    1    1    1    1  1.47696E+15 0.00164 
   49   49    1    1    1    1    1    1    1    1  1.28673E+15 0.00144 
   50   50    1    1    1    1    1    1    1    1  1.94774E+15 0.00139 
   51   51    1    1    1    1    1    1    1    1  1.52566E+15 0.00139 
   52   52    1    1    1    1    1    1    1    1  1.67931E+15 0.00160 
   53   53    1    1    1    1    1    1    1    1  1.21668E+15 0.00163 
   54   54    1    1    1    1    1    1    1    1  1.46081E+15 0.00150 
   55   55    1    1    1    1    1    1    1    1  1.05944E+15 0.00161 
   56   56    1    1    1    1    1    1    1    1  1.48072E+14 0.00199 
   57   57    1    1    1    1    1    1    1    1  2.02931E+15 0.00141 
   58   58    1    1    1    1    1    1    1    1  8.76695E+14 0.00143 
   59   59    1    1    1    1    1    1    1    1  9.69080E+14 0.00165 
   60   60    1    1    1    1    1    1    1    1  7.78125E+14 0.00148 
   61   61    1    1    1    1    1    1    1    1  7.79085E+14 0.00165 
   62   62    1    1    1    1    1    1    1    1  7.64631E+14 0.00164 
   63   63    1    1    1    1    1    1    1    1  6.35281E+14 0.00179 
   64   64    1    1    1    1    1    1    1    1  4.95883E+14 0.00199 
   65   65    1    1    1    1    1    1    1    1  4.78514E+14 0.00207 
   66   66    1    1    1    1    1    1    1    1  4.06417E+14 0.00214 
   67   67    1    1    1    1    1    1    1    1  3.37746E+14 0.00222 
   68   68    1    1    1    1    1    1    1    1  2.95320E+14 0.00230 
   69   69    1    1    1    1    1    1    1    1  3.60372E+14 0.00233 
   70   70    1    1    1    1    1    1    1    1  3.10995E+14 0.00237 
   71   71    1    1    1    1    1    1    1    1  5.93120E+14 0.00168 
   72   72    1    1    1    1    1    1    1    1  4.41483E+14 0.00202 
   73   73    1    1    1    1    1    1    1    1  3.45957E+14 0.00150 
   74   74    1    1    1    1    1    1    1    1  2.79551E+14 0.00195 
   75   75    1    1    1    1    1    1    1    1  2.26777E+14 0.00234 
   76   76    1    1    1    1    1    1    1    1  2.56091E+14 0.00187 
   77   77    1    1    1    1    1    1    1    1  1.97087E+14 0.00226 
   78   78    1    1    1    1    1    1    1    1  1.48889E+14 0.00246 
   79   79    1    1    1    1    1    1    1    1  1.53233E+14 0.00239 
   80   80    1    1    1    1    1    1    1    1  1.15317E+14 0.00246 
   81   81    1    1    1    1    1    1    1    1  8.87575E+13 0.00325 
   82   82    1    1    1    1    1    1    1    1  6.85307E+13 0.00393 
   83   83    1    1    1    1    1    1    1    1  6.43252E+13 0.00299 
   84   84    1    1    1    1    1    1    1    1  4.59353E+13 0.00369 
   85   85    1    1    1    1    1    1    1    1  3.34314E+13 0.00369 
   86   86    1    1    1    1    1    1    1    1  3.11639E+13 0.00491 
   87   87    1    1    1    1    1    1    1    1  1.93194E+13 0.00756 
   88   88    1    1    1    1    1    1    1    1  1.30804E+13 0.00623 
   89   89    1    1    1    1    1    1    1    1  7.49188E+12 0.00963 
   90   90    1    1    1    1    1    1    1    1  5.01876E+12 0.01260 
   91   91    1    1    1    1    1    1    1    1  2.57368E+12 0.01648 
   92   92    1    1    1    1    1    1    1    1  1.26116E+12 0.02438 
   93   93    1    1    1    1    1    1    1    1  5.94012E+11 0.03468 
   94   94    1    1    1    1    1    1    1    1  2.86809E+11 0.03781 
   95   95    1    1    1    1    1    1    1    1  1.43054E+11 0.06082 
   96   96    1    1    1    1    1    1    1    1  6.97681E+10 0.10728 
   97   97    1    1    1    1    1    1    1    1  3.26792E+10 0.11429 
   98   98    1    1    1    1    1    1    1    1  1.72157E+10 0.20809 
   99   99    1    1    1    1    1    1    1    1  7.88973E+09 0.30110 
  100  100    1    1    1    1    1    1    1    1  7.23366E+09 0.20033 
];


