
DETdpaspec = [
    1    1    1    1    1    1    1    1    1    1  0.00000E+00 0.00000 
    2    2    1    1    1    1    1    1    1    1  0.00000E+00 0.00000 
    3    3    1    1    1    1    1    1    1    1  0.00000E+00 0.00000 
    4    4    1    1    1    1    1    1    1    1  5.39266E+07 0.68840 
    5    5    1    1    1    1    1    1    1    1  0.00000E+00 0.00000 
    6    6    1    1    1    1    1    1    1    1  0.00000E+00 0.00000 
    7    7    1    1    1    1    1    1    1    1  6.25962E+07 1.00000 
    8    8    1    1    1    1    1    1    1    1  3.06970E+07 1.00000 
    9    9    1    1    1    1    1    1    1    1  1.19104E+07 1.00000 
   10   10    1    1    1    1    1    1    1    1  0.00000E+00 0.00000 
   11   11    1    1    1    1    1    1    1    1  1.08014E+09 0.85914 
   12   12    1    1    1    1    1    1    1    1  3.81925E+08 0.73194 
   13   13    1    1    1    1    1    1    1    1  2.42829E+09 0.39467 
   14   14    1    1    1    1    1    1    1    1  4.42188E+09 0.36428 
   15   15    1    1    1    1    1    1    1    1  4.36599E+09 0.34672 
   16   16    1    1    1    1    1    1    1    1  3.59317E+09 0.28222 
   17   17    1    1    1    1    1    1    1    1  4.89449E+09 0.23963 
   18   18    1    1    1    1    1    1    1    1  1.63548E+10 0.13555 
   19   19    1    1    1    1    1    1    1    1  2.91370E+10 0.09200 
   20   20    1    1    1    1    1    1    1    1  1.66960E+11 0.05855 
   21   21    1    1    1    1    1    1    1    1  3.52944E+11 0.02280 
   22   22    1    1    1    1    1    1    1    1  1.49309E+12 0.01522 
   23   23    1    1    1    1    1    1    1    1  4.71037E+12 0.00885 
   24   24    1    1    1    1    1    1    1    1  9.83138E+12 0.00463 
   25   25    1    1    1    1    1    1    1    1  1.40370E+13 0.00507 
   26   26    1    1    1    1    1    1    1    1  2.38767E+13 0.00451 
   27   27    1    1    1    1    1    1    1    1  3.68237E+13 0.00430 
   28   28    1    1    1    1    1    1    1    1  6.25830E+13 0.00284 
   29   29    1    1    1    1    1    1    1    1  8.04280E+13 0.00230 
   30   30    1    1    1    1    1    1    1    1  1.25151E+14 0.00227 
   31   31    1    1    1    1    1    1    1    1  2.12524E+14 0.00127 
   32   32    1    1    1    1    1    1    1    1  2.50708E+14 0.00153 
   33   33    1    1    1    1    1    1    1    1  4.04529E+14 0.00136 
   34   34    1    1    1    1    1    1    1    1  4.30468E+14 0.00098 
   35   35    1    1    1    1    1    1    1    1  4.89247E+14 0.00117 
   36   36    1    1    1    1    1    1    1    1  3.85356E+14 0.00101 
   37   37    1    1    1    1    1    1    1    1  1.14237E+14 0.00103 
   38   38    1    1    1    1    1    1    1    1  5.19850E+14 0.00073 
   39   39    1    1    1    1    1    1    1    1  5.82641E+14 0.00109 
   40   40    1    1    1    1    1    1    1    1  9.52879E+14 0.00071 
   41   41    1    1    1    1    1    1    1    1  8.41020E+14 0.00061 
   42   42    1    1    1    1    1    1    1    1  1.40973E+15 0.00078 
   43   43    1    1    1    1    1    1    1    1  1.44044E+15 0.00087 
   44   44    1    1    1    1    1    1    1    1  1.77521E+15 0.00069 
   45   45    1    1    1    1    1    1    1    1  2.90130E+15 0.00061 
   46   46    1    1    1    1    1    1    1    1  1.63167E+15 0.00053 
   47   47    1    1    1    1    1    1    1    1  2.13133E+15 0.00049 
   48   48    1    1    1    1    1    1    1    1  2.95821E+15 0.00039 
   49   49    1    1    1    1    1    1    1    1  2.51561E+15 0.00049 
   50   50    1    1    1    1    1    1    1    1  3.87666E+15 0.00045 
   51   51    1    1    1    1    1    1    1    1  2.97278E+15 0.00068 
   52   52    1    1    1    1    1    1    1    1  3.32724E+15 0.00063 
   53   53    1    1    1    1    1    1    1    1  2.39826E+15 0.00063 
   54   54    1    1    1    1    1    1    1    1  2.93779E+15 0.00043 
   55   55    1    1    1    1    1    1    1    1  2.12279E+15 0.00060 
   56   56    1    1    1    1    1    1    1    1  2.94188E+14 0.00055 
   57   57    1    1    1    1    1    1    1    1  4.04011E+15 0.00046 
   58   58    1    1    1    1    1    1    1    1  1.80121E+15 0.00076 
   59   59    1    1    1    1    1    1    1    1  1.96181E+15 0.00061 
   60   60    1    1    1    1    1    1    1    1  1.61728E+15 0.00067 
   61   61    1    1    1    1    1    1    1    1  1.61743E+15 0.00069 
   62   62    1    1    1    1    1    1    1    1  1.59092E+15 0.00068 
   63   63    1    1    1    1    1    1    1    1  1.33154E+15 0.00060 
   64   64    1    1    1    1    1    1    1    1  1.04371E+15 0.00081 
   65   65    1    1    1    1    1    1    1    1  1.00185E+15 0.00071 
   66   66    1    1    1    1    1    1    1    1  8.57109E+14 0.00081 
   67   67    1    1    1    1    1    1    1    1  7.06203E+14 0.00094 
   68   68    1    1    1    1    1    1    1    1  6.12222E+14 0.00124 
   69   69    1    1    1    1    1    1    1    1  7.50512E+14 0.00083 
   70   70    1    1    1    1    1    1    1    1  6.44221E+14 0.00120 
   71   71    1    1    1    1    1    1    1    1  1.19346E+15 0.00114 
   72   72    1    1    1    1    1    1    1    1  8.74656E+14 0.00103 
   73   73    1    1    1    1    1    1    1    1  6.87469E+14 0.00095 
   74   74    1    1    1    1    1    1    1    1  5.70052E+14 0.00098 
   75   75    1    1    1    1    1    1    1    1  4.72058E+14 0.00098 
   76   76    1    1    1    1    1    1    1    1  5.45379E+14 0.00092 
   77   77    1    1    1    1    1    1    1    1  4.31040E+14 0.00122 
   78   78    1    1    1    1    1    1    1    1  3.30687E+14 0.00137 
   79   79    1    1    1    1    1    1    1    1  3.44670E+14 0.00128 
   80   80    1    1    1    1    1    1    1    1  2.60453E+14 0.00161 
   81   81    1    1    1    1    1    1    1    1  2.02042E+14 0.00110 
   82   82    1    1    1    1    1    1    1    1  1.56722E+14 0.00169 
   83   83    1    1    1    1    1    1    1    1  1.46364E+14 0.00174 
   84   84    1    1    1    1    1    1    1    1  1.05330E+14 0.00184 
   85   85    1    1    1    1    1    1    1    1  7.59344E+13 0.00291 
   86   86    1    1    1    1    1    1    1    1  7.07683E+13 0.00316 
   87   87    1    1    1    1    1    1    1    1  4.35723E+13 0.00397 
   88   88    1    1    1    1    1    1    1    1  2.92661E+13 0.00461 
   89   89    1    1    1    1    1    1    1    1  1.65858E+13 0.00601 
   90   90    1    1    1    1    1    1    1    1  1.10072E+13 0.00718 
   91   91    1    1    1    1    1    1    1    1  5.48191E+12 0.01222 
   92   92    1    1    1    1    1    1    1    1  2.64272E+12 0.01033 
   93   93    1    1    1    1    1    1    1    1  1.25029E+12 0.02410 
   94   94    1    1    1    1    1    1    1    1  6.17188E+11 0.02879 
   95   95    1    1    1    1    1    1    1    1  2.91866E+11 0.04782 
   96   96    1    1    1    1    1    1    1    1  1.51224E+11 0.06525 
   97   97    1    1    1    1    1    1    1    1  6.26909E+10 0.10468 
   98   98    1    1    1    1    1    1    1    1  3.34264E+10 0.09018 
   99   99    1    1    1    1    1    1    1    1  1.44174E+10 0.20221 
  100  100    1    1    1    1    1    1    1    1  1.41198E+10 0.15637 
];


