
DETdpaspec = [
    1    1    1    1    1    1    1    1    1    1  0.00000E+00 0.00000 
    2    2    1    1    1    1    1    1    1    1  0.00000E+00 0.00000 
    3    3    1    1    1    1    1    1    1    1  0.00000E+00 0.00000 
    4    4    1    1    1    1    1    1    1    1  9.05555E+06 1.00000 
    5    5    1    1    1    1    1    1    1    1  0.00000E+00 0.00000 
    6    6    1    1    1    1    1    1    1    1  0.00000E+00 0.00000 
    7    7    1    1    1    1    1    1    1    1  0.00000E+00 0.00000 
    8    8    1    1    1    1    1    1    1    1  1.83935E+07 1.00000 
    9    9    1    1    1    1    1    1    1    1  3.56569E+07 0.68957 
   10   10    1    1    1    1    1    1    1    1  9.23133E+07 1.00000 
   11   11    1    1    1    1    1    1    1    1  5.56535E+08 0.39609 
   12   12    1    1    1    1    1    1    1    1  6.33043E+07 0.69240 
   13   13    1    1    1    1    1    1    1    1  4.59579E+09 0.19749 
   14   14    1    1    1    1    1    1    1    1  8.27409E+09 0.23632 
   15   15    1    1    1    1    1    1    1    1  9.27941E+09 0.22757 
   16   16    1    1    1    1    1    1    1    1  4.92530E+09 0.17648 
   17   17    1    1    1    1    1    1    1    1  8.46658E+09 0.16423 
   18   18    1    1    1    1    1    1    1    1  2.59019E+10 0.14242 
   19   19    1    1    1    1    1    1    1    1  2.99247E+10 0.07899 
   20   20    1    1    1    1    1    1    1    1  9.86765E+10 0.04588 
   21   21    1    1    1    1    1    1    1    1  9.09651E+10 0.06778 
   22   22    1    1    1    1    1    1    1    1  2.25152E+11 0.04247 
   23   23    1    1    1    1    1    1    1    1  3.87701E+11 0.03095 
   24   24    1    1    1    1    1    1    1    1  6.77472E+11 0.02551 
   25   25    1    1    1    1    1    1    1    1  1.10624E+12 0.02259 
   26   26    1    1    1    1    1    1    1    1  2.25603E+12 0.01385 
   27   27    1    1    1    1    1    1    1    1  4.25875E+12 0.01216 
   28   28    1    1    1    1    1    1    1    1  8.53892E+12 0.00680 
   29   29    1    1    1    1    1    1    1    1  1.06363E+13 0.00511 
   30   30    1    1    1    1    1    1    1    1  2.42836E+13 0.00514 
   31   31    1    1    1    1    1    1    1    1  5.02748E+13 0.00382 
   32   32    1    1    1    1    1    1    1    1  6.67630E+13 0.00313 
   33   33    1    1    1    1    1    1    1    1  1.21174E+14 0.00188 
   34   34    1    1    1    1    1    1    1    1  1.25890E+14 0.00204 
   35   35    1    1    1    1    1    1    1    1  1.75970E+14 0.00254 
   36   36    1    1    1    1    1    1    1    1  1.50511E+14 0.00174 
   37   37    1    1    1    1    1    1    1    1  4.76430E+13 0.00188 
   38   38    1    1    1    1    1    1    1    1  2.08237E+14 0.00183 
   39   39    1    1    1    1    1    1    1    1  2.39335E+14 0.00180 
   40   40    1    1    1    1    1    1    1    1  3.85450E+14 0.00176 
   41   41    1    1    1    1    1    1    1    1  3.61792E+14 0.00146 
   42   42    1    1    1    1    1    1    1    1  5.98056E+14 0.00086 
   43   43    1    1    1    1    1    1    1    1  6.18151E+14 0.00129 
   44   44    1    1    1    1    1    1    1    1  7.65768E+14 0.00141 
   45   45    1    1    1    1    1    1    1    1  1.25867E+15 0.00133 
   46   46    1    1    1    1    1    1    1    1  7.09477E+14 0.00156 
   47   47    1    1    1    1    1    1    1    1  9.50483E+14 0.00133 
   48   48    1    1    1    1    1    1    1    1  1.31556E+15 0.00118 
   49   49    1    1    1    1    1    1    1    1  1.14662E+15 0.00141 
   50   50    1    1    1    1    1    1    1    1  1.72796E+15 0.00118 
   51   51    1    1    1    1    1    1    1    1  1.35635E+15 0.00146 
   52   52    1    1    1    1    1    1    1    1  1.48860E+15 0.00146 
   53   53    1    1    1    1    1    1    1    1  1.07834E+15 0.00180 
   54   54    1    1    1    1    1    1    1    1  1.29207E+15 0.00126 
   55   55    1    1    1    1    1    1    1    1  9.36677E+14 0.00135 
   56   56    1    1    1    1    1    1    1    1  1.30658E+14 0.00183 
   57   57    1    1    1    1    1    1    1    1  1.78894E+15 0.00132 
   58   58    1    1    1    1    1    1    1    1  7.72311E+14 0.00136 
   59   59    1    1    1    1    1    1    1    1  8.52448E+14 0.00186 
   60   60    1    1    1    1    1    1    1    1  6.82122E+14 0.00152 
   61   61    1    1    1    1    1    1    1    1  6.82162E+14 0.00188 
   62   62    1    1    1    1    1    1    1    1  6.69903E+14 0.00147 
   63   63    1    1    1    1    1    1    1    1  5.55802E+14 0.00182 
   64   64    1    1    1    1    1    1    1    1  4.33504E+14 0.00208 
   65   65    1    1    1    1    1    1    1    1  4.19499E+14 0.00199 
   66   66    1    1    1    1    1    1    1    1  3.54584E+14 0.00203 
   67   67    1    1    1    1    1    1    1    1  2.94737E+14 0.00180 
   68   68    1    1    1    1    1    1    1    1  2.57486E+14 0.00175 
   69   69    1    1    1    1    1    1    1    1  3.14921E+14 0.00149 
   70   70    1    1    1    1    1    1    1    1  2.71423E+14 0.00235 
   71   71    1    1    1    1    1    1    1    1  5.17081E+14 0.00182 
   72   72    1    1    1    1    1    1    1    1  3.84703E+14 0.00213 
   73   73    1    1    1    1    1    1    1    1  3.03641E+14 0.00238 
   74   74    1    1    1    1    1    1    1    1  2.43991E+14 0.00233 
   75   75    1    1    1    1    1    1    1    1  1.96930E+14 0.00220 
   76   76    1    1    1    1    1    1    1    1  2.22693E+14 0.00242 
   77   77    1    1    1    1    1    1    1    1  1.71126E+14 0.00218 
   78   78    1    1    1    1    1    1    1    1  1.28854E+14 0.00189 
   79   79    1    1    1    1    1    1    1    1  1.32945E+14 0.00221 
   80   80    1    1    1    1    1    1    1    1  9.88851E+13 0.00330 
   81   81    1    1    1    1    1    1    1    1  7.64491E+13 0.00328 
   82   82    1    1    1    1    1    1    1    1  5.89853E+13 0.00314 
   83   83    1    1    1    1    1    1    1    1  5.51650E+13 0.00338 
   84   84    1    1    1    1    1    1    1    1  3.98008E+13 0.00451 
   85   85    1    1    1    1    1    1    1    1  2.86378E+13 0.00463 
   86   86    1    1    1    1    1    1    1    1  2.67085E+13 0.00604 
   87   87    1    1    1    1    1    1    1    1  1.67209E+13 0.00724 
   88   88    1    1    1    1    1    1    1    1  1.13180E+13 0.00926 
   89   89    1    1    1    1    1    1    1    1  6.50562E+12 0.01029 
   90   90    1    1    1    1    1    1    1    1  4.34893E+12 0.01459 
   91   91    1    1    1    1    1    1    1    1  2.15307E+12 0.01701 
   92   92    1    1    1    1    1    1    1    1  1.07698E+12 0.02599 
   93   93    1    1    1    1    1    1    1    1  5.60268E+11 0.02941 
   94   94    1    1    1    1    1    1    1    1  2.46283E+11 0.04392 
   95   95    1    1    1    1    1    1    1    1  1.12557E+11 0.06556 
   96   96    1    1    1    1    1    1    1    1  6.47176E+10 0.10352 
   97   97    1    1    1    1    1    1    1    1  2.79513E+10 0.17335 
   98   98    1    1    1    1    1    1    1    1  9.54789E+09 0.19813 
   99   99    1    1    1    1    1    1    1    1  6.68453E+09 0.37358 
  100  100    1    1    1    1    1    1    1    1  4.16936E+09 0.44804 
];


