
DETdpaspec = [
    1    1    1    1    1    1    1    1    1    1  0.00000E+00 0.00000 
    2    2    1    1    1    1    1    1    1    1  0.00000E+00 0.00000 
    3    3    1    1    1    1    1    1    1    1  0.00000E+00 0.00000 
    4    4    1    1    1    1    1    1    1    1  7.53156E+06 1.00000 
    5    5    1    1    1    1    1    1    1    1  8.73567E+06 1.00000 
    6    6    1    1    1    1    1    1    1    1  1.57368E+07 0.68832 
    7    7    1    1    1    1    1    1    1    1  5.28041E+07 0.47548 
    8    8    1    1    1    1    1    1    1    1  7.52677E+07 0.49512 
    9    9    1    1    1    1    1    1    1    1  7.67280E+07 0.57119 
   10   10    1    1    1    1    1    1    1    1  4.98749E+08 0.31285 
   11   11    1    1    1    1    1    1    1    1  9.49641E+08 0.31406 
   12   12    1    1    1    1    1    1    1    1  4.76784E+08 0.18394 
   13   13    1    1    1    1    1    1    1    1  5.01814E+09 0.29785 
   14   14    1    1    1    1    1    1    1    1  8.97385E+09 0.19029 
   15   15    1    1    1    1    1    1    1    1  1.26204E+10 0.18220 
   16   16    1    1    1    1    1    1    1    1  7.30707E+09 0.16390 
   17   17    1    1    1    1    1    1    1    1  1.22476E+10 0.09772 
   18   18    1    1    1    1    1    1    1    1  3.66318E+10 0.09546 
   19   19    1    1    1    1    1    1    1    1  4.61243E+10 0.07778 
   20   20    1    1    1    1    1    1    1    1  1.25375E+11 0.04559 
   21   21    1    1    1    1    1    1    1    1  1.03202E+11 0.05251 
   22   22    1    1    1    1    1    1    1    1  3.22685E+11 0.04387 
   23   23    1    1    1    1    1    1    1    1  4.64938E+11 0.01951 
   24   24    1    1    1    1    1    1    1    1  8.01522E+11 0.02083 
   25   25    1    1    1    1    1    1    1    1  1.16701E+12 0.02082 
   26   26    1    1    1    1    1    1    1    1  2.17654E+12 0.01348 
   27   27    1    1    1    1    1    1    1    1  4.13593E+12 0.00960 
   28   28    1    1    1    1    1    1    1    1  7.78479E+12 0.00688 
   29   29    1    1    1    1    1    1    1    1  9.07667E+12 0.00452 
   30   30    1    1    1    1    1    1    1    1  2.15080E+13 0.00554 
   31   31    1    1    1    1    1    1    1    1  4.27217E+13 0.00441 
   32   32    1    1    1    1    1    1    1    1  5.58670E+13 0.00283 
   33   33    1    1    1    1    1    1    1    1  1.00169E+14 0.00357 
   34   34    1    1    1    1    1    1    1    1  1.00434E+14 0.00258 
   35   35    1    1    1    1    1    1    1    1  1.43371E+14 0.00239 
   36   36    1    1    1    1    1    1    1    1  1.22092E+14 0.00225 
   37   37    1    1    1    1    1    1    1    1  3.87426E+13 0.00206 
   38   38    1    1    1    1    1    1    1    1  1.66789E+14 0.00242 
   39   39    1    1    1    1    1    1    1    1  1.90156E+14 0.00222 
   40   40    1    1    1    1    1    1    1    1  3.01844E+14 0.00234 
   41   41    1    1    1    1    1    1    1    1  2.84062E+14 0.00177 
   42   42    1    1    1    1    1    1    1    1  4.63354E+14 0.00199 
   43   43    1    1    1    1    1    1    1    1  4.76632E+14 0.00194 
   44   44    1    1    1    1    1    1    1    1  5.85066E+14 0.00188 
   45   45    1    1    1    1    1    1    1    1  9.55055E+14 0.00204 
   46   46    1    1    1    1    1    1    1    1  5.34954E+14 0.00216 
   47   47    1    1    1    1    1    1    1    1  7.17699E+14 0.00233 
   48   48    1    1    1    1    1    1    1    1  9.89168E+14 0.00189 
   49   49    1    1    1    1    1    1    1    1  8.63281E+14 0.00225 
   50   50    1    1    1    1    1    1    1    1  1.28963E+15 0.00236 
   51   51    1    1    1    1    1    1    1    1  1.01546E+15 0.00210 
   52   52    1    1    1    1    1    1    1    1  1.10583E+15 0.00185 
   53   53    1    1    1    1    1    1    1    1  8.01699E+14 0.00232 
   54   54    1    1    1    1    1    1    1    1  9.55858E+14 0.00198 
   55   55    1    1    1    1    1    1    1    1  6.93298E+14 0.00224 
   56   56    1    1    1    1    1    1    1    1  9.67084E+13 0.00244 
   57   57    1    1    1    1    1    1    1    1  1.32285E+15 0.00211 
   58   58    1    1    1    1    1    1    1    1  5.65549E+14 0.00207 
   59   59    1    1    1    1    1    1    1    1  6.25607E+14 0.00203 
   60   60    1    1    1    1    1    1    1    1  4.97749E+14 0.00211 
   61   61    1    1    1    1    1    1    1    1  4.98236E+14 0.00208 
   62   62    1    1    1    1    1    1    1    1  4.87923E+14 0.00199 
   63   63    1    1    1    1    1    1    1    1  4.03347E+14 0.00218 
   64   64    1    1    1    1    1    1    1    1  3.13487E+14 0.00237 
   65   65    1    1    1    1    1    1    1    1  3.04128E+14 0.00250 
   66   66    1    1    1    1    1    1    1    1  2.56232E+14 0.00217 
   67   67    1    1    1    1    1    1    1    1  2.13251E+14 0.00220 
   68   68    1    1    1    1    1    1    1    1  1.86456E+14 0.00256 
   69   69    1    1    1    1    1    1    1    1  2.27480E+14 0.00277 
   70   70    1    1    1    1    1    1    1    1  1.96084E+14 0.00265 
   71   71    1    1    1    1    1    1    1    1  3.77233E+14 0.00260 
   72   72    1    1    1    1    1    1    1    1  2.80593E+14 0.00295 
   73   73    1    1    1    1    1    1    1    1  2.20269E+14 0.00271 
   74   74    1    1    1    1    1    1    1    1  1.76848E+14 0.00291 
   75   75    1    1    1    1    1    1    1    1  1.41864E+14 0.00332 
   76   76    1    1    1    1    1    1    1    1  1.59089E+14 0.00314 
   77   77    1    1    1    1    1    1    1    1  1.21796E+14 0.00297 
   78   78    1    1    1    1    1    1    1    1  9.13871E+13 0.00284 
   79   79    1    1    1    1    1    1    1    1  9.37618E+13 0.00378 
   80   80    1    1    1    1    1    1    1    1  6.94015E+13 0.00461 
   81   81    1    1    1    1    1    1    1    1  5.35451E+13 0.00442 
   82   82    1    1    1    1    1    1    1    1  4.16031E+13 0.00532 
   83   83    1    1    1    1    1    1    1    1  3.88567E+13 0.00502 
   84   84    1    1    1    1    1    1    1    1  2.76590E+13 0.00422 
   85   85    1    1    1    1    1    1    1    1  2.00118E+13 0.00581 
   86   86    1    1    1    1    1    1    1    1  1.88903E+13 0.00561 
   87   87    1    1    1    1    1    1    1    1  1.16858E+13 0.00725 
   88   88    1    1    1    1    1    1    1    1  7.92329E+12 0.00962 
   89   89    1    1    1    1    1    1    1    1  4.60577E+12 0.00961 
   90   90    1    1    1    1    1    1    1    1  3.10809E+12 0.01446 
   91   91    1    1    1    1    1    1    1    1  1.61534E+12 0.01882 
   92   92    1    1    1    1    1    1    1    1  7.27065E+11 0.03715 
   93   93    1    1    1    1    1    1    1    1  3.83227E+11 0.04039 
   94   94    1    1    1    1    1    1    1    1  1.77294E+11 0.06167 
   95   95    1    1    1    1    1    1    1    1  7.43886E+10 0.09432 
   96   96    1    1    1    1    1    1    1    1  4.23025E+10 0.12638 
   97   97    1    1    1    1    1    1    1    1  2.17798E+10 0.13221 
   98   98    1    1    1    1    1    1    1    1  1.01749E+10 0.33134 
   99   99    1    1    1    1    1    1    1    1  1.13754E+09 0.45901 
  100  100    1    1    1    1    1    1    1    1  2.35827E+09 0.49562 
];


