
DETdpaspec = [
    1    1    1    1    1    1    1    1    1    1  0.00000E+00 0.00000 
    2    2    1    1    1    1    1    1    1    1  0.00000E+00 0.00000 
    3    3    1    1    1    1    1    1    1    1  0.00000E+00 0.00000 
    4    4    1    1    1    1    1    1    1    1  0.00000E+00 0.00000 
    5    5    1    1    1    1    1    1    1    1  0.00000E+00 0.00000 
    6    6    1    1    1    1    1    1    1    1  2.59600E+07 0.73104 
    7    7    1    1    1    1    1    1    1    1  2.98050E+07 0.69994 
    8    8    1    1    1    1    1    1    1    1  1.31855E+07 1.00000 
    9    9    1    1    1    1    1    1    1    1  8.73395E+07 0.41515 
   10   10    1    1    1    1    1    1    1    1  9.17158E+07 1.00000 
   11   11    1    1    1    1    1    1    1    1  4.97642E+08 0.47122 
   12   12    1    1    1    1    1    1    1    1  1.23905E+08 0.36611 
   13   13    1    1    1    1    1    1    1    1  3.53159E+09 0.28150 
   14   14    1    1    1    1    1    1    1    1  4.70549E+09 0.29045 
   15   15    1    1    1    1    1    1    1    1  9.12048E+09 0.19025 
   16   16    1    1    1    1    1    1    1    1  3.66364E+09 0.25324 
   17   17    1    1    1    1    1    1    1    1  6.32682E+09 0.16333 
   18   18    1    1    1    1    1    1    1    1  2.33574E+10 0.13363 
   19   19    1    1    1    1    1    1    1    1  2.96028E+10 0.12039 
   20   20    1    1    1    1    1    1    1    1  8.45090E+10 0.07384 
   21   21    1    1    1    1    1    1    1    1  7.16357E+10 0.05671 
   22   22    1    1    1    1    1    1    1    1  2.15366E+11 0.05666 
   23   23    1    1    1    1    1    1    1    1  3.67970E+11 0.03864 
   24   24    1    1    1    1    1    1    1    1  7.55424E+11 0.01911 
   25   25    1    1    1    1    1    1    1    1  1.12272E+12 0.01992 
   26   26    1    1    1    1    1    1    1    1  2.29405E+12 0.01427 
   27   27    1    1    1    1    1    1    1    1  4.44454E+12 0.01044 
   28   28    1    1    1    1    1    1    1    1  8.96624E+12 0.00486 
   29   29    1    1    1    1    1    1    1    1  1.11935E+13 0.00506 
   30   30    1    1    1    1    1    1    1    1  2.57612E+13 0.00556 
   31   31    1    1    1    1    1    1    1    1  5.33015E+13 0.00477 
   32   32    1    1    1    1    1    1    1    1  7.06337E+13 0.00273 
   33   33    1    1    1    1    1    1    1    1  1.28736E+14 0.00277 
   34   34    1    1    1    1    1    1    1    1  1.34114E+14 0.00242 
   35   35    1    1    1    1    1    1    1    1  1.87481E+14 0.00225 
   36   36    1    1    1    1    1    1    1    1  1.60203E+14 0.00156 
   37   37    1    1    1    1    1    1    1    1  5.07331E+13 0.00176 
   38   38    1    1    1    1    1    1    1    1  2.22385E+14 0.00174 
   39   39    1    1    1    1    1    1    1    1  2.55293E+14 0.00176 
   40   40    1    1    1    1    1    1    1    1  4.12630E+14 0.00191 
   41   41    1    1    1    1    1    1    1    1  3.87450E+14 0.00186 
   42   42    1    1    1    1    1    1    1    1  6.41100E+14 0.00161 
   43   43    1    1    1    1    1    1    1    1  6.64274E+14 0.00166 
   44   44    1    1    1    1    1    1    1    1  8.22516E+14 0.00171 
   45   45    1    1    1    1    1    1    1    1  1.35445E+15 0.00188 
   46   46    1    1    1    1    1    1    1    1  7.63880E+14 0.00169 
   47   47    1    1    1    1    1    1    1    1  1.02342E+15 0.00150 
   48   48    1    1    1    1    1    1    1    1  1.42113E+15 0.00159 
   49   49    1    1    1    1    1    1    1    1  1.23907E+15 0.00174 
   50   50    1    1    1    1    1    1    1    1  1.87101E+15 0.00149 
   51   51    1    1    1    1    1    1    1    1  1.46705E+15 0.00134 
   52   52    1    1    1    1    1    1    1    1  1.61403E+15 0.00163 
   53   53    1    1    1    1    1    1    1    1  1.16989E+15 0.00172 
   54   54    1    1    1    1    1    1    1    1  1.40285E+15 0.00163 
   55   55    1    1    1    1    1    1    1    1  1.01678E+15 0.00158 
   56   56    1    1    1    1    1    1    1    1  1.42202E+14 0.00142 
   57   57    1    1    1    1    1    1    1    1  1.94498E+15 0.00161 
   58   58    1    1    1    1    1    1    1    1  8.40945E+14 0.00162 
   59   59    1    1    1    1    1    1    1    1  9.28072E+14 0.00162 
   60   60    1    1    1    1    1    1    1    1  7.44678E+14 0.00166 
   61   61    1    1    1    1    1    1    1    1  7.45545E+14 0.00133 
   62   62    1    1    1    1    1    1    1    1  7.31258E+14 0.00139 
   63   63    1    1    1    1    1    1    1    1  6.08236E+14 0.00212 
   64   64    1    1    1    1    1    1    1    1  4.74071E+14 0.00181 
   65   65    1    1    1    1    1    1    1    1  4.57729E+14 0.00203 
   66   66    1    1    1    1    1    1    1    1  3.88312E+14 0.00192 
   67   67    1    1    1    1    1    1    1    1  3.21650E+14 0.00179 
   68   68    1    1    1    1    1    1    1    1  2.81678E+14 0.00152 
   69   69    1    1    1    1    1    1    1    1  3.43867E+14 0.00189 
   70   70    1    1    1    1    1    1    1    1  2.96871E+14 0.00204 
   71   71    1    1    1    1    1    1    1    1  5.67272E+14 0.00193 
   72   72    1    1    1    1    1    1    1    1  4.21637E+14 0.00181 
   73   73    1    1    1    1    1    1    1    1  3.30685E+14 0.00224 
   74   74    1    1    1    1    1    1    1    1  2.67640E+14 0.00257 
   75   75    1    1    1    1    1    1    1    1  2.16204E+14 0.00214 
   76   76    1    1    1    1    1    1    1    1  2.44119E+14 0.00279 
   77   77    1    1    1    1    1    1    1    1  1.88161E+14 0.00244 
   78   78    1    1    1    1    1    1    1    1  1.41723E+14 0.00263 
   79   79    1    1    1    1    1    1    1    1  1.46045E+14 0.00249 
   80   80    1    1    1    1    1    1    1    1  1.08898E+14 0.00243 
   81   81    1    1    1    1    1    1    1    1  8.43079E+13 0.00327 
   82   82    1    1    1    1    1    1    1    1  6.54582E+13 0.00368 
   83   83    1    1    1    1    1    1    1    1  6.12021E+13 0.00358 
   84   84    1    1    1    1    1    1    1    1  4.38598E+13 0.00470 
   85   85    1    1    1    1    1    1    1    1  3.14621E+13 0.00389 
   86   86    1    1    1    1    1    1    1    1  2.95312E+13 0.00416 
   87   87    1    1    1    1    1    1    1    1  1.83941E+13 0.00819 
   88   88    1    1    1    1    1    1    1    1  1.26278E+13 0.00509 
   89   89    1    1    1    1    1    1    1    1  7.20813E+12 0.00956 
   90   90    1    1    1    1    1    1    1    1  4.78984E+12 0.01370 
   91   91    1    1    1    1    1    1    1    1  2.42584E+12 0.02095 
   92   92    1    1    1    1    1    1    1    1  1.17112E+12 0.02353 
   93   93    1    1    1    1    1    1    1    1  5.84542E+11 0.02323 
   94   94    1    1    1    1    1    1    1    1  2.82511E+11 0.04030 
   95   95    1    1    1    1    1    1    1    1  1.26789E+11 0.06838 
   96   96    1    1    1    1    1    1    1    1  7.76444E+10 0.09540 
   97   97    1    1    1    1    1    1    1    1  3.74461E+10 0.10939 
   98   98    1    1    1    1    1    1    1    1  1.33102E+10 0.20165 
   99   99    1    1    1    1    1    1    1    1  6.67014E+09 0.30395 
  100  100    1    1    1    1    1    1    1    1  5.23424E+09 0.32333 
];


