
DETdpaspec = [
    1    1    1    1    1    1    1    1    1    1  0.00000E+00 0.00000 
    2    2    1    1    1    1    1    1    1    1  0.00000E+00 0.00000 
    3    3    1    1    1    1    1    1    1    1  0.00000E+00 0.00000 
    4    4    1    1    1    1    1    1    1    1  1.49233E+07 1.00000 
    5    5    1    1    1    1    1    1    1    1  0.00000E+00 0.00000 
    6    6    1    1    1    1    1    1    1    1  0.00000E+00 0.00000 
    7    7    1    1    1    1    1    1    1    1  4.16067E+07 1.00000 
    8    8    1    1    1    1    1    1    1    1  0.00000E+00 0.00000 
    9    9    1    1    1    1    1    1    1    1  4.88928E+07 0.49919 
   10   10    1    1    1    1    1    1    1    1  0.00000E+00 0.00000 
   11   11    1    1    1    1    1    1    1    1  1.67935E+08 0.54927 
   12   12    1    1    1    1    1    1    1    1  2.38969E+08 0.33517 
   13   13    1    1    1    1    1    1    1    1  2.52131E+09 0.37331 
   14   14    1    1    1    1    1    1    1    1  7.83476E+09 0.27363 
   15   15    1    1    1    1    1    1    1    1  8.44956E+09 0.31949 
   16   16    1    1    1    1    1    1    1    1  3.10231E+09 0.26735 
   17   17    1    1    1    1    1    1    1    1  8.76518E+09 0.11118 
   18   18    1    1    1    1    1    1    1    1  1.39000E+10 0.19670 
   19   19    1    1    1    1    1    1    1    1  1.94160E+10 0.13570 
   20   20    1    1    1    1    1    1    1    1  4.99039E+10 0.11138 
   21   21    1    1    1    1    1    1    1    1  6.04075E+10 0.05909 
   22   22    1    1    1    1    1    1    1    1  2.10417E+11 0.04035 
   23   23    1    1    1    1    1    1    1    1  6.72813E+11 0.02259 
   24   24    1    1    1    1    1    1    1    1  1.72372E+12 0.01583 
   25   25    1    1    1    1    1    1    1    1  2.85529E+12 0.01066 
   26   26    1    1    1    1    1    1    1    1  5.84603E+12 0.00990 
   27   27    1    1    1    1    1    1    1    1  1.08492E+13 0.00735 
   28   28    1    1    1    1    1    1    1    1  2.21011E+13 0.00417 
   29   29    1    1    1    1    1    1    1    1  3.03848E+13 0.00297 
   30   30    1    1    1    1    1    1    1    1  5.64926E+13 0.00320 
   31   31    1    1    1    1    1    1    1    1  1.11200E+14 0.00314 
   32   32    1    1    1    1    1    1    1    1  1.42685E+14 0.00224 
   33   33    1    1    1    1    1    1    1    1  2.50911E+14 0.00212 
   34   34    1    1    1    1    1    1    1    1  2.74253E+14 0.00146 
   35   35    1    1    1    1    1    1    1    1  3.44260E+14 0.00121 
   36   36    1    1    1    1    1    1    1    1  2.85728E+14 0.00118 
   37   37    1    1    1    1    1    1    1    1  8.73028E+13 0.00107 
   38   38    1    1    1    1    1    1    1    1  3.95708E+14 0.00083 
   39   39    1    1    1    1    1    1    1    1  4.51811E+14 0.00103 
   40   40    1    1    1    1    1    1    1    1  7.46691E+14 0.00103 
   41   41    1    1    1    1    1    1    1    1  6.78847E+14 0.00082 
   42   42    1    1    1    1    1    1    1    1  1.14736E+15 0.00090 
   43   43    1    1    1    1    1    1    1    1  1.18924E+15 0.00069 
   44   44    1    1    1    1    1    1    1    1  1.48341E+15 0.00078 
   45   45    1    1    1    1    1    1    1    1  2.45946E+15 0.00063 
   46   46    1    1    1    1    1    1    1    1  1.39999E+15 0.00048 
   47   47    1    1    1    1    1    1    1    1  1.85277E+15 0.00056 
   48   48    1    1    1    1    1    1    1    1  2.59320E+15 0.00064 
   49   49    1    1    1    1    1    1    1    1  2.23558E+15 0.00072 
   50   50    1    1    1    1    1    1    1    1  3.45540E+15 0.00072 
   51   51    1    1    1    1    1    1    1    1  2.68677E+15 0.00071 
   52   52    1    1    1    1    1    1    1    1  3.01102E+15 0.00057 
   53   53    1    1    1    1    1    1    1    1  2.18160E+15 0.00061 
   54   54    1    1    1    1    1    1    1    1  2.66827E+15 0.00066 
   55   55    1    1    1    1    1    1    1    1  1.93618E+15 0.00059 
   56   56    1    1    1    1    1    1    1    1  2.69340E+14 0.00088 
   57   57    1    1    1    1    1    1    1    1  3.71052E+15 0.00065 
   58   58    1    1    1    1    1    1    1    1  1.64671E+15 0.00087 
   59   59    1    1    1    1    1    1    1    1  1.80511E+15 0.00059 
   60   60    1    1    1    1    1    1    1    1  1.48063E+15 0.00082 
   61   61    1    1    1    1    1    1    1    1  1.48280E+15 0.00085 
   62   62    1    1    1    1    1    1    1    1  1.46371E+15 0.00077 
   63   63    1    1    1    1    1    1    1    1  1.22686E+15 0.00094 
   64   64    1    1    1    1    1    1    1    1  9.63170E+14 0.00087 
   65   65    1    1    1    1    1    1    1    1  9.29360E+14 0.00099 
   66   66    1    1    1    1    1    1    1    1  7.95103E+14 0.00072 
   67   67    1    1    1    1    1    1    1    1  6.57113E+14 0.00095 
   68   68    1    1    1    1    1    1    1    1  5.73142E+14 0.00094 
   69   69    1    1    1    1    1    1    1    1  7.02080E+14 0.00106 
   70   70    1    1    1    1    1    1    1    1  6.05717E+14 0.00096 
   71   71    1    1    1    1    1    1    1    1  1.13636E+15 0.00110 
   72   72    1    1    1    1    1    1    1    1  8.40379E+14 0.00081 
   73   73    1    1    1    1    1    1    1    1  6.61935E+14 0.00106 
   74   74    1    1    1    1    1    1    1    1  5.44641E+14 0.00128 
   75   75    1    1    1    1    1    1    1    1  4.48867E+14 0.00128 
   76   76    1    1    1    1    1    1    1    1  5.15989E+14 0.00081 
   77   77    1    1    1    1    1    1    1    1  4.06294E+14 0.00101 
   78   78    1    1    1    1    1    1    1    1  3.09832E+14 0.00132 
   79   79    1    1    1    1    1    1    1    1  3.22304E+14 0.00142 
   80   80    1    1    1    1    1    1    1    1  2.43100E+14 0.00142 
   81   81    1    1    1    1    1    1    1    1  1.88965E+14 0.00222 
   82   82    1    1    1    1    1    1    1    1  1.46996E+14 0.00237 
   83   83    1    1    1    1    1    1    1    1  1.37046E+14 0.00224 
   84   84    1    1    1    1    1    1    1    1  9.84120E+13 0.00310 
   85   85    1    1    1    1    1    1    1    1  7.09129E+13 0.00297 
   86   86    1    1    1    1    1    1    1    1  6.62859E+13 0.00289 
   87   87    1    1    1    1    1    1    1    1  4.12336E+13 0.00511 
   88   88    1    1    1    1    1    1    1    1  2.80211E+13 0.00439 
   89   89    1    1    1    1    1    1    1    1  1.59099E+13 0.00561 
   90   90    1    1    1    1    1    1    1    1  1.05563E+13 0.00634 
   91   91    1    1    1    1    1    1    1    1  5.21859E+12 0.01188 
   92   92    1    1    1    1    1    1    1    1  2.53744E+12 0.01854 
   93   93    1    1    1    1    1    1    1    1  1.23217E+12 0.02371 
   94   94    1    1    1    1    1    1    1    1  6.03133E+11 0.03239 
   95   95    1    1    1    1    1    1    1    1  2.67900E+11 0.04919 
   96   96    1    1    1    1    1    1    1    1  1.41287E+11 0.07887 
   97   97    1    1    1    1    1    1    1    1  6.01024E+10 0.10989 
   98   98    1    1    1    1    1    1    1    1  3.54843E+10 0.15933 
   99   99    1    1    1    1    1    1    1    1  1.75726E+10 0.16182 
  100  100    1    1    1    1    1    1    1    1  1.61787E+10 0.19714 
];


