
DETdpaspec = [
    1    1    1    1    1    1    1    1    1    1  0.00000E+00 0.00000 
    2    2    1    1    1    1    1    1    1    1  0.00000E+00 0.00000 
    3    3    1    1    1    1    1    1    1    1  0.00000E+00 0.00000 
    4    4    1    1    1    1    1    1    1    1  0.00000E+00 0.00000 
    5    5    1    1    1    1    1    1    1    1  2.30965E+07 1.00000 
    6    6    1    1    1    1    1    1    1    1  2.18004E+07 1.00000 
    7    7    1    1    1    1    1    1    1    1  0.00000E+00 0.00000 
    8    8    1    1    1    1    1    1    1    1  1.54547E+07 1.00000 
    9    9    1    1    1    1    1    1    1    1  3.02157E+07 0.57241 
   10   10    1    1    1    1    1    1    1    1  1.85699E+08 0.40677 
   11   11    1    1    1    1    1    1    1    1  3.20752E+08 0.51232 
   12   12    1    1    1    1    1    1    1    1  1.71186E+08 0.33132 
   13   13    1    1    1    1    1    1    1    1  2.99062E+09 0.31413 
   14   14    1    1    1    1    1    1    1    1  5.62947E+09 0.24468 
   15   15    1    1    1    1    1    1    1    1  8.67076E+09 0.23866 
   16   16    1    1    1    1    1    1    1    1  4.13437E+09 0.24019 
   17   17    1    1    1    1    1    1    1    1  5.93909E+09 0.20413 
   18   18    1    1    1    1    1    1    1    1  2.16398E+10 0.12238 
   19   19    1    1    1    1    1    1    1    1  2.43325E+10 0.08155 
   20   20    1    1    1    1    1    1    1    1  6.45449E+10 0.09083 
   21   21    1    1    1    1    1    1    1    1  5.56475E+10 0.07611 
   22   22    1    1    1    1    1    1    1    1  1.76111E+11 0.04732 
   23   23    1    1    1    1    1    1    1    1  3.50020E+11 0.03221 
   24   24    1    1    1    1    1    1    1    1  8.17982E+11 0.02011 
   25   25    1    1    1    1    1    1    1    1  1.37922E+12 0.01301 
   26   26    1    1    1    1    1    1    1    1  2.91876E+12 0.01440 
   27   27    1    1    1    1    1    1    1    1  5.80062E+12 0.00871 
   28   28    1    1    1    1    1    1    1    1  1.21588E+13 0.00442 
   29   29    1    1    1    1    1    1    1    1  1.61680E+13 0.00607 
   30   30    1    1    1    1    1    1    1    1  3.43599E+13 0.00377 
   31   31    1    1    1    1    1    1    1    1  7.15784E+13 0.00261 
   32   32    1    1    1    1    1    1    1    1  9.50030E+13 0.00243 
   33   33    1    1    1    1    1    1    1    1  1.73608E+14 0.00176 
   34   34    1    1    1    1    1    1    1    1  1.84653E+14 0.00193 
   35   35    1    1    1    1    1    1    1    1  2.49787E+14 0.00217 
   36   36    1    1    1    1    1    1    1    1  2.13256E+14 0.00187 
   37   37    1    1    1    1    1    1    1    1  6.66834E+13 0.00172 
   38   38    1    1    1    1    1    1    1    1  2.98096E+14 0.00134 
   39   39    1    1    1    1    1    1    1    1  3.42025E+14 0.00155 
   40   40    1    1    1    1    1    1    1    1  5.61020E+14 0.00132 
   41   41    1    1    1    1    1    1    1    1  5.21511E+14 0.00126 
   42   42    1    1    1    1    1    1    1    1  8.74922E+14 0.00140 
   43   43    1    1    1    1    1    1    1    1  9.10435E+14 0.00143 
   44   44    1    1    1    1    1    1    1    1  1.13401E+15 0.00139 
   45   45    1    1    1    1    1    1    1    1  1.88269E+15 0.00113 
   46   46    1    1    1    1    1    1    1    1  1.06901E+15 0.00123 
   47   47    1    1    1    1    1    1    1    1  1.42650E+15 0.00116 
   48   48    1    1    1    1    1    1    1    1  1.99164E+15 0.00115 
   49   49    1    1    1    1    1    1    1    1  1.73107E+15 0.00116 
   50   50    1    1    1    1    1    1    1    1  2.64725E+15 0.00095 
   51   51    1    1    1    1    1    1    1    1  2.07407E+15 0.00111 
   52   52    1    1    1    1    1    1    1    1  2.30391E+15 0.00106 
   53   53    1    1    1    1    1    1    1    1  1.67074E+15 0.00132 
   54   54    1    1    1    1    1    1    1    1  2.02080E+15 0.00128 
   55   55    1    1    1    1    1    1    1    1  1.46795E+15 0.00126 
   56   56    1    1    1    1    1    1    1    1  2.04662E+14 0.00159 
   57   57    1    1    1    1    1    1    1    1  2.81186E+15 0.00147 
   58   58    1    1    1    1    1    1    1    1  1.23007E+15 0.00135 
   59   59    1    1    1    1    1    1    1    1  1.35504E+15 0.00157 
   60   60    1    1    1    1    1    1    1    1  1.09708E+15 0.00144 
   61   61    1    1    1    1    1    1    1    1  1.09959E+15 0.00137 
   62   62    1    1    1    1    1    1    1    1  1.08338E+15 0.00148 
   63   63    1    1    1    1    1    1    1    1  9.02375E+14 0.00168 
   64   64    1    1    1    1    1    1    1    1  7.06960E+14 0.00180 
   65   65    1    1    1    1    1    1    1    1  6.82529E+14 0.00149 
   66   66    1    1    1    1    1    1    1    1  5.81338E+14 0.00155 
   67   67    1    1    1    1    1    1    1    1  4.82047E+14 0.00154 
   68   68    1    1    1    1    1    1    1    1  4.20915E+14 0.00164 
   69   69    1    1    1    1    1    1    1    1  5.16459E+14 0.00169 
   70   70    1    1    1    1    1    1    1    1  4.45050E+14 0.00159 
   71   71    1    1    1    1    1    1    1    1  8.42454E+14 0.00154 
   72   72    1    1    1    1    1    1    1    1  6.26897E+14 0.00161 
   73   73    1    1    1    1    1    1    1    1  4.92528E+14 0.00147 
   74   74    1    1    1    1    1    1    1    1  4.02054E+14 0.00203 
   75   75    1    1    1    1    1    1    1    1  3.26905E+14 0.00141 
   76   76    1    1    1    1    1    1    1    1  3.73652E+14 0.00139 
   77   77    1    1    1    1    1    1    1    1  2.89777E+14 0.00184 
   78   78    1    1    1    1    1    1    1    1  2.19696E+14 0.00215 
   79   79    1    1    1    1    1    1    1    1  2.27545E+14 0.00156 
   80   80    1    1    1    1    1    1    1    1  1.70819E+14 0.00222 
   81   81    1    1    1    1    1    1    1    1  1.32058E+14 0.00262 
   82   82    1    1    1    1    1    1    1    1  1.02248E+14 0.00304 
   83   83    1    1    1    1    1    1    1    1  9.58188E+13 0.00294 
   84   84    1    1    1    1    1    1    1    1  6.89036E+13 0.00387 
   85   85    1    1    1    1    1    1    1    1  4.95011E+13 0.00332 
   86   86    1    1    1    1    1    1    1    1  4.64843E+13 0.00386 
   87   87    1    1    1    1    1    1    1    1  2.89420E+13 0.00449 
   88   88    1    1    1    1    1    1    1    1  1.96667E+13 0.00480 
   89   89    1    1    1    1    1    1    1    1  1.10536E+13 0.00739 
   90   90    1    1    1    1    1    1    1    1  7.50697E+12 0.01137 
   91   91    1    1    1    1    1    1    1    1  3.66598E+12 0.01461 
   92   92    1    1    1    1    1    1    1    1  1.83149E+12 0.02009 
   93   93    1    1    1    1    1    1    1    1  9.08103E+11 0.02525 
   94   94    1    1    1    1    1    1    1    1  4.23350E+11 0.03777 
   95   95    1    1    1    1    1    1    1    1  2.05553E+11 0.05388 
   96   96    1    1    1    1    1    1    1    1  9.41817E+10 0.09259 
   97   97    1    1    1    1    1    1    1    1  4.80928E+10 0.12235 
   98   98    1    1    1    1    1    1    1    1  2.19143E+10 0.12807 
   99   99    1    1    1    1    1    1    1    1  9.57288E+09 0.24355 
  100  100    1    1    1    1    1    1    1    1  1.12188E+10 0.30148 
];


