
DETdpaspec = [
    1    1    1    1    1    1    1    1    1    1  0.00000E+00 0.00000 
    2    2    1    1    1    1    1    1    1    1  0.00000E+00 0.00000 
    3    3    1    1    1    1    1    1    1    1  0.00000E+00 0.00000 
    4    4    1    1    1    1    1    1    1    1  0.00000E+00 0.00000 
    5    5    1    1    1    1    1    1    1    1  0.00000E+00 0.00000 
    6    6    1    1    1    1    1    1    1    1  8.79110E+06 1.00000 
    7    7    1    1    1    1    1    1    1    1  0.00000E+00 0.00000 
    8    8    1    1    1    1    1    1    1    1  1.75094E+07 1.00000 
    9    9    1    1    1    1    1    1    1    1  1.66566E+07 0.69057 
   10   10    1    1    1    1    1    1    1    1  3.04310E+08 0.47827 
   11   11    1    1    1    1    1    1    1    1  5.93327E+08 0.43004 
   12   12    1    1    1    1    1    1    1    1  3.07588E+08 0.29807 
   13   13    1    1    1    1    1    1    1    1  3.73053E+09 0.35135 
   14   14    1    1    1    1    1    1    1    1  5.85654E+09 0.18922 
   15   15    1    1    1    1    1    1    1    1  9.62189E+09 0.15456 
   16   16    1    1    1    1    1    1    1    1  4.15153E+09 0.18364 
   17   17    1    1    1    1    1    1    1    1  7.99485E+09 0.11690 
   18   18    1    1    1    1    1    1    1    1  2.54623E+10 0.11511 
   19   19    1    1    1    1    1    1    1    1  2.77912E+10 0.08945 
   20   20    1    1    1    1    1    1    1    1  7.93015E+10 0.05586 
   21   21    1    1    1    1    1    1    1    1  6.56701E+10 0.07456 
   22   22    1    1    1    1    1    1    1    1  2.00799E+11 0.03664 
   23   23    1    1    1    1    1    1    1    1  3.51083E+11 0.03365 
   24   24    1    1    1    1    1    1    1    1  7.12085E+11 0.02520 
   25   25    1    1    1    1    1    1    1    1  1.13579E+12 0.02029 
   26   26    1    1    1    1    1    1    1    1  2.33449E+12 0.01465 
   27   27    1    1    1    1    1    1    1    1  4.60859E+12 0.00944 
   28   28    1    1    1    1    1    1    1    1  9.40024E+12 0.00755 
   29   29    1    1    1    1    1    1    1    1  1.18591E+13 0.00652 
   30   30    1    1    1    1    1    1    1    1  2.69030E+13 0.00448 
   31   31    1    1    1    1    1    1    1    1  5.59038E+13 0.00252 
   32   32    1    1    1    1    1    1    1    1  7.41845E+13 0.00212 
   33   33    1    1    1    1    1    1    1    1  1.34824E+14 0.00222 
   34   34    1    1    1    1    1    1    1    1  1.40963E+14 0.00167 
   35   35    1    1    1    1    1    1    1    1  1.96370E+14 0.00193 
   36   36    1    1    1    1    1    1    1    1  1.68262E+14 0.00180 
   37   37    1    1    1    1    1    1    1    1  5.31573E+13 0.00206 
   38   38    1    1    1    1    1    1    1    1  2.34493E+14 0.00192 
   39   39    1    1    1    1    1    1    1    1  2.69306E+14 0.00141 
   40   40    1    1    1    1    1    1    1    1  4.35616E+14 0.00109 
   41   41    1    1    1    1    1    1    1    1  4.08974E+14 0.00127 
   42   42    1    1    1    1    1    1    1    1  6.77901E+14 0.00118 
   43   43    1    1    1    1    1    1    1    1  7.02697E+14 0.00094 
   44   44    1    1    1    1    1    1    1    1  8.72989E+14 0.00133 
   45   45    1    1    1    1    1    1    1    1  1.43942E+15 0.00119 
   46   46    1    1    1    1    1    1    1    1  8.12652E+14 0.00144 
   47   47    1    1    1    1    1    1    1    1  1.08947E+15 0.00132 
   48   48    1    1    1    1    1    1    1    1  1.51235E+15 0.00127 
   49   49    1    1    1    1    1    1    1    1  1.31685E+15 0.00124 
   50   50    1    1    1    1    1    1    1    1  1.99328E+15 0.00117 
   51   51    1    1    1    1    1    1    1    1  1.56354E+15 0.00123 
   52   52    1    1    1    1    1    1    1    1  1.72177E+15 0.00105 
   53   53    1    1    1    1    1    1    1    1  1.24777E+15 0.00103 
   54   54    1    1    1    1    1    1    1    1  1.49984E+15 0.00101 
   55   55    1    1    1    1    1    1    1    1  1.08776E+15 0.00102 
   56   56    1    1    1    1    1    1    1    1  1.51592E+14 0.00134 
   57   57    1    1    1    1    1    1    1    1  2.07859E+15 0.00103 
   58   58    1    1    1    1    1    1    1    1  9.00606E+14 0.00147 
   59   59    1    1    1    1    1    1    1    1  9.94555E+14 0.00113 
   60   60    1    1    1    1    1    1    1    1  7.98962E+14 0.00130 
   61   61    1    1    1    1    1    1    1    1  7.99331E+14 0.00132 
   62   62    1    1    1    1    1    1    1    1  7.85159E+14 0.00141 
   63   63    1    1    1    1    1    1    1    1  6.52897E+14 0.00163 
   64   64    1    1    1    1    1    1    1    1  5.08506E+14 0.00148 
   65   65    1    1    1    1    1    1    1    1  4.92411E+14 0.00131 
   66   66    1    1    1    1    1    1    1    1  4.17858E+14 0.00144 
   67   67    1    1    1    1    1    1    1    1  3.47195E+14 0.00177 
   68   68    1    1    1    1    1    1    1    1  3.02913E+14 0.00174 
   69   69    1    1    1    1    1    1    1    1  3.70628E+14 0.00158 
   70   70    1    1    1    1    1    1    1    1  3.19354E+14 0.00167 
   71   71    1    1    1    1    1    1    1    1  6.08438E+14 0.00156 
   72   72    1    1    1    1    1    1    1    1  4.52809E+14 0.00147 
   73   73    1    1    1    1    1    1    1    1  3.55988E+14 0.00118 
   74   74    1    1    1    1    1    1    1    1  2.88119E+14 0.00193 
   75   75    1    1    1    1    1    1    1    1  2.33455E+14 0.00166 
   76   76    1    1    1    1    1    1    1    1  2.63964E+14 0.00166 
   77   77    1    1    1    1    1    1    1    1  2.03159E+14 0.00259 
   78   78    1    1    1    1    1    1    1    1  1.53579E+14 0.00272 
   79   79    1    1    1    1    1    1    1    1  1.58420E+14 0.00210 
   80   80    1    1    1    1    1    1    1    1  1.18455E+14 0.00255 
   81   81    1    1    1    1    1    1    1    1  9.18414E+13 0.00271 
   82   82    1    1    1    1    1    1    1    1  7.08644E+13 0.00302 
   83   83    1    1    1    1    1    1    1    1  6.62619E+13 0.00242 
   84   84    1    1    1    1    1    1    1    1  4.74375E+13 0.00413 
   85   85    1    1    1    1    1    1    1    1  3.41384E+13 0.00256 
   86   86    1    1    1    1    1    1    1    1  3.19255E+13 0.00406 
   87   87    1    1    1    1    1    1    1    1  1.98943E+13 0.00659 
   88   88    1    1    1    1    1    1    1    1  1.35761E+13 0.00779 
   89   89    1    1    1    1    1    1    1    1  7.93098E+12 0.00968 
   90   90    1    1    1    1    1    1    1    1  5.12353E+12 0.01134 
   91   91    1    1    1    1    1    1    1    1  2.65942E+12 0.01541 
   92   92    1    1    1    1    1    1    1    1  1.27451E+12 0.01668 
   93   93    1    1    1    1    1    1    1    1  6.23462E+11 0.03640 
   94   94    1    1    1    1    1    1    1    1  2.82981E+11 0.05293 
   95   95    1    1    1    1    1    1    1    1  1.51809E+11 0.06183 
   96   96    1    1    1    1    1    1    1    1  7.84305E+10 0.07503 
   97   97    1    1    1    1    1    1    1    1  3.39033E+10 0.15864 
   98   98    1    1    1    1    1    1    1    1  1.70064E+10 0.18512 
   99   99    1    1    1    1    1    1    1    1  9.31097E+09 0.23291 
  100  100    1    1    1    1    1    1    1    1  7.27866E+09 0.24530 
];


