
DETdpaspec = [
    1    1    1    1    1    1    1    1    1    1  0.00000E+00 0.00000 
    2    2    1    1    1    1    1    1    1    1  0.00000E+00 0.00000 
    3    3    1    1    1    1    1    1    1    1  0.00000E+00 0.00000 
    4    4    1    1    1    1    1    1    1    1  0.00000E+00 0.00000 
    5    5    1    1    1    1    1    1    1    1  2.42010E+07 0.68825 
    6    6    1    1    1    1    1    1    1    1  1.05729E+07 1.00000 
    7    7    1    1    1    1    1    1    1    1  0.00000E+00 0.00000 
    8    8    1    1    1    1    1    1    1    1  4.90063E+07 0.55073 
    9    9    1    1    1    1    1    1    1    1  2.33720E+07 1.00000 
   10   10    1    1    1    1    1    1    1    1  9.34495E+07 0.71098 
   11   11    1    1    1    1    1    1    1    1  8.88269E+07 1.00000 
   12   12    1    1    1    1    1    1    1    1  2.74463E+08 0.46420 
   13   13    1    1    1    1    1    1    1    1  5.26985E+09 0.33104 
   14   14    1    1    1    1    1    1    1    1  6.66503E+09 0.21045 
   15   15    1    1    1    1    1    1    1    1  6.91792E+09 0.30130 
   16   16    1    1    1    1    1    1    1    1  3.49945E+09 0.21997 
   17   17    1    1    1    1    1    1    1    1  5.70276E+09 0.20649 
   18   18    1    1    1    1    1    1    1    1  1.51141E+10 0.16371 
   19   19    1    1    1    1    1    1    1    1  2.16383E+10 0.10838 
   20   20    1    1    1    1    1    1    1    1  7.20676E+10 0.08753 
   21   21    1    1    1    1    1    1    1    1  5.83583E+10 0.07084 
   22   22    1    1    1    1    1    1    1    1  1.58073E+11 0.05356 
   23   23    1    1    1    1    1    1    1    1  4.29178E+11 0.02243 
   24   24    1    1    1    1    1    1    1    1  1.00740E+12 0.02195 
   25   25    1    1    1    1    1    1    1    1  1.73438E+12 0.01655 
   26   26    1    1    1    1    1    1    1    1  3.75305E+12 0.01520 
   27   27    1    1    1    1    1    1    1    1  7.26924E+12 0.00734 
   28   28    1    1    1    1    1    1    1    1  1.51933E+13 0.00638 
   29   29    1    1    1    1    1    1    1    1  2.05126E+13 0.00497 
   30   30    1    1    1    1    1    1    1    1  4.16588E+13 0.00406 
   31   31    1    1    1    1    1    1    1    1  8.54773E+13 0.00277 
   32   32    1    1    1    1    1    1    1    1  1.12238E+14 0.00245 
   33   33    1    1    1    1    1    1    1    1  2.03766E+14 0.00143 
   34   34    1    1    1    1    1    1    1    1  2.19848E+14 0.00180 
   35   35    1    1    1    1    1    1    1    1  2.88828E+14 0.00140 
   36   36    1    1    1    1    1    1    1    1  2.44644E+14 0.00119 
   37   37    1    1    1    1    1    1    1    1  7.58476E+13 0.00122 
   38   38    1    1    1    1    1    1    1    1  3.41344E+14 0.00114 
   39   39    1    1    1    1    1    1    1    1  3.91140E+14 0.00101 
   40   40    1    1    1    1    1    1    1    1  6.44447E+14 0.00100 
   41   41    1    1    1    1    1    1    1    1  5.94060E+14 0.00076 
   42   42    1    1    1    1    1    1    1    1  1.00026E+15 0.00086 
   43   43    1    1    1    1    1    1    1    1  1.04086E+15 0.00077 
   44   44    1    1    1    1    1    1    1    1  1.30041E+15 0.00081 
   45   45    1    1    1    1    1    1    1    1  2.15851E+15 0.00072 
   46   46    1    1    1    1    1    1    1    1  1.23036E+15 0.00087 
   47   47    1    1    1    1    1    1    1    1  1.63465E+15 0.00070 
   48   48    1    1    1    1    1    1    1    1  2.28992E+15 0.00086 
   49   49    1    1    1    1    1    1    1    1  1.98439E+15 0.00090 
   50   50    1    1    1    1    1    1    1    1  3.05167E+15 0.00082 
   51   51    1    1    1    1    1    1    1    1  2.38380E+15 0.00068 
   52   52    1    1    1    1    1    1    1    1  2.65638E+15 0.00077 
   53   53    1    1    1    1    1    1    1    1  1.93073E+15 0.00078 
   54   54    1    1    1    1    1    1    1    1  2.34709E+15 0.00089 
   55   55    1    1    1    1    1    1    1    1  1.70539E+15 0.00098 
   56   56    1    1    1    1    1    1    1    1  2.37717E+14 0.00122 
   57   57    1    1    1    1    1    1    1    1  3.26825E+15 0.00087 
   58   58    1    1    1    1    1    1    1    1  1.43960E+15 0.00099 
   59   59    1    1    1    1    1    1    1    1  1.58390E+15 0.00079 
   60   60    1    1    1    1    1    1    1    1  1.29151E+15 0.00097 
   61   61    1    1    1    1    1    1    1    1  1.29343E+15 0.00087 
   62   62    1    1    1    1    1    1    1    1  1.27598E+15 0.00091 
   63   63    1    1    1    1    1    1    1    1  1.06647E+15 0.00079 
   64   64    1    1    1    1    1    1    1    1  8.36285E+14 0.00100 
   65   65    1    1    1    1    1    1    1    1  8.07963E+14 0.00080 
   66   66    1    1    1    1    1    1    1    1  6.90071E+14 0.00119 
   67   67    1    1    1    1    1    1    1    1  5.71504E+14 0.00113 
   68   68    1    1    1    1    1    1    1    1  4.98672E+14 0.00132 
   69   69    1    1    1    1    1    1    1    1  6.11042E+14 0.00121 
   70   70    1    1    1    1    1    1    1    1  5.27110E+14 0.00097 
   71   71    1    1    1    1    1    1    1    1  9.94317E+14 0.00107 
   72   72    1    1    1    1    1    1    1    1  7.38211E+14 0.00110 
   73   73    1    1    1    1    1    1    1    1  5.80864E+14 0.00141 
   74   74    1    1    1    1    1    1    1    1  4.74340E+14 0.00104 
   75   75    1    1    1    1    1    1    1    1  3.90108E+14 0.00157 
   76   76    1    1    1    1    1    1    1    1  4.45277E+14 0.00141 
   77   77    1    1    1    1    1    1    1    1  3.48052E+14 0.00141 
   78   78    1    1    1    1    1    1    1    1  2.64844E+14 0.00180 
   79   79    1    1    1    1    1    1    1    1  2.74857E+14 0.00206 
   80   80    1    1    1    1    1    1    1    1  2.06407E+14 0.00238 
   81   81    1    1    1    1    1    1    1    1  1.60709E+14 0.00161 
   82   82    1    1    1    1    1    1    1    1  1.23967E+14 0.00208 
   83   83    1    1    1    1    1    1    1    1  1.15966E+14 0.00315 
   84   84    1    1    1    1    1    1    1    1  8.36063E+13 0.00274 
   85   85    1    1    1    1    1    1    1    1  6.03771E+13 0.00316 
   86   86    1    1    1    1    1    1    1    1  5.63575E+13 0.00245 
   87   87    1    1    1    1    1    1    1    1  3.50605E+13 0.00423 
   88   88    1    1    1    1    1    1    1    1  2.38758E+13 0.00525 
   89   89    1    1    1    1    1    1    1    1  1.36258E+13 0.00647 
   90   90    1    1    1    1    1    1    1    1  9.06070E+12 0.00705 
   91   91    1    1    1    1    1    1    1    1  4.51077E+12 0.00830 
   92   92    1    1    1    1    1    1    1    1  2.18713E+12 0.01608 
   93   93    1    1    1    1    1    1    1    1  1.09360E+12 0.02314 
   94   94    1    1    1    1    1    1    1    1  5.31561E+11 0.03392 
   95   95    1    1    1    1    1    1    1    1  2.32218E+11 0.05465 
   96   96    1    1    1    1    1    1    1    1  1.05503E+11 0.05549 
   97   97    1    1    1    1    1    1    1    1  5.38036E+10 0.08770 
   98   98    1    1    1    1    1    1    1    1  2.55545E+10 0.14466 
   99   99    1    1    1    1    1    1    1    1  1.10584E+10 0.18290 
  100  100    1    1    1    1    1    1    1    1  1.34554E+10 0.25081 
];


