
DETdpaspec = [
    1    1    1    1    1    1    1    1    1    1  0.00000E+00 0.00000 
    2    2    1    1    1    1    1    1    1    1  0.00000E+00 0.00000 
    3    3    1    1    1    1    1    1    1    1  0.00000E+00 0.00000 
    4    4    1    1    1    1    1    1    1    1  0.00000E+00 0.00000 
    5    5    1    1    1    1    1    1    1    1  0.00000E+00 0.00000 
    6    6    1    1    1    1    1    1    1    1  9.75267E+06 1.00000 
    7    7    1    1    1    1    1    1    1    1  1.31828E+07 1.00000 
    8    8    1    1    1    1    1    1    1    1  6.63372E+07 0.57255 
    9    9    1    1    1    1    1    1    1    1  6.58979E+07 0.60067 
   10   10    1    1    1    1    1    1    1    1  2.03472E+08 0.47870 
   11   11    1    1    1    1    1    1    1    1  5.29750E+08 0.39899 
   12   12    1    1    1    1    1    1    1    1  1.75118E+08 0.33661 
   13   13    1    1    1    1    1    1    1    1  4.43647E+09 0.26407 
   14   14    1    1    1    1    1    1    1    1  9.97547E+09 0.18533 
   15   15    1    1    1    1    1    1    1    1  1.10749E+10 0.21547 
   16   16    1    1    1    1    1    1    1    1  4.11974E+09 0.25968 
   17   17    1    1    1    1    1    1    1    1  8.64995E+09 0.18602 
   18   18    1    1    1    1    1    1    1    1  2.05660E+10 0.10833 
   19   19    1    1    1    1    1    1    1    1  2.74963E+10 0.12341 
   20   20    1    1    1    1    1    1    1    1  7.68889E+10 0.06944 
   21   21    1    1    1    1    1    1    1    1  6.98042E+10 0.06158 
   22   22    1    1    1    1    1    1    1    1  2.03779E+11 0.04972 
   23   23    1    1    1    1    1    1    1    1  3.60377E+11 0.03351 
   24   24    1    1    1    1    1    1    1    1  7.37020E+11 0.02702 
   25   25    1    1    1    1    1    1    1    1  1.10993E+12 0.01996 
   26   26    1    1    1    1    1    1    1    1  2.34894E+12 0.01895 
   27   27    1    1    1    1    1    1    1    1  4.63226E+12 0.01236 
   28   28    1    1    1    1    1    1    1    1  9.50838E+12 0.00562 
   29   29    1    1    1    1    1    1    1    1  1.20429E+13 0.00548 
   30   30    1    1    1    1    1    1    1    1  2.74413E+13 0.00394 
   31   31    1    1    1    1    1    1    1    1  5.67236E+13 0.00402 
   32   32    1    1    1    1    1    1    1    1  7.55902E+13 0.00289 
   33   33    1    1    1    1    1    1    1    1  1.37527E+14 0.00230 
   34   34    1    1    1    1    1    1    1    1  1.44358E+14 0.00204 
   35   35    1    1    1    1    1    1    1    1  2.00765E+14 0.00211 
   36   36    1    1    1    1    1    1    1    1  1.71568E+14 0.00153 
   37   37    1    1    1    1    1    1    1    1  5.40845E+13 0.00183 
   38   38    1    1    1    1    1    1    1    1  2.38667E+14 0.00139 
   39   39    1    1    1    1    1    1    1    1  2.73857E+14 0.00152 
   40   40    1    1    1    1    1    1    1    1  4.44682E+14 0.00111 
   41   41    1    1    1    1    1    1    1    1  4.17159E+14 0.00127 
   42   42    1    1    1    1    1    1    1    1  6.92628E+14 0.00134 
   43   43    1    1    1    1    1    1    1    1  7.18345E+14 0.00131 
   44   44    1    1    1    1    1    1    1    1  8.92943E+14 0.00129 
   45   45    1    1    1    1    1    1    1    1  1.47160E+15 0.00120 
   46   46    1    1    1    1    1    1    1    1  8.30962E+14 0.00138 
   47   47    1    1    1    1    1    1    1    1  1.11260E+15 0.00130 
   48   48    1    1    1    1    1    1    1    1  1.54365E+15 0.00122 
   49   49    1    1    1    1    1    1    1    1  1.34652E+15 0.00097 
   50   50    1    1    1    1    1    1    1    1  2.03922E+15 0.00100 
   51   51    1    1    1    1    1    1    1    1  1.59756E+15 0.00115 
   52   52    1    1    1    1    1    1    1    1  1.76262E+15 0.00112 
   53   53    1    1    1    1    1    1    1    1  1.27877E+15 0.00099 
   54   54    1    1    1    1    1    1    1    1  1.53472E+15 0.00128 
   55   55    1    1    1    1    1    1    1    1  1.11386E+15 0.00136 
   56   56    1    1    1    1    1    1    1    1  1.54965E+14 0.00147 
   57   57    1    1    1    1    1    1    1    1  2.12946E+15 0.00140 
   58   58    1    1    1    1    1    1    1    1  9.21995E+14 0.00118 
   59   59    1    1    1    1    1    1    1    1  1.01912E+15 0.00146 
   60   60    1    1    1    1    1    1    1    1  8.18281E+14 0.00137 
   61   61    1    1    1    1    1    1    1    1  8.19653E+14 0.00144 
   62   62    1    1    1    1    1    1    1    1  8.05276E+14 0.00134 
   63   63    1    1    1    1    1    1    1    1  6.68975E+14 0.00142 
   64   64    1    1    1    1    1    1    1    1  5.21710E+14 0.00132 
   65   65    1    1    1    1    1    1    1    1  5.05542E+14 0.00128 
   66   66    1    1    1    1    1    1    1    1  4.28299E+14 0.00151 
   67   67    1    1    1    1    1    1    1    1  3.55221E+14 0.00177 
   68   68    1    1    1    1    1    1    1    1  3.10474E+14 0.00195 
   69   69    1    1    1    1    1    1    1    1  3.80717E+14 0.00191 
   70   70    1    1    1    1    1    1    1    1  3.27575E+14 0.00135 
   71   71    1    1    1    1    1    1    1    1  6.23667E+14 0.00095 
   72   72    1    1    1    1    1    1    1    1  4.64484E+14 0.00170 
   73   73    1    1    1    1    1    1    1    1  3.65948E+14 0.00180 
   74   74    1    1    1    1    1    1    1    1  2.95078E+14 0.00144 
   75   75    1    1    1    1    1    1    1    1  2.38976E+14 0.00210 
   76   76    1    1    1    1    1    1    1    1  2.70608E+14 0.00119 
   77   77    1    1    1    1    1    1    1    1  2.08839E+14 0.00173 
   78   78    1    1    1    1    1    1    1    1  1.57495E+14 0.00178 
   79   79    1    1    1    1    1    1    1    1  1.62610E+14 0.00198 
   80   80    1    1    1    1    1    1    1    1  1.21568E+14 0.00191 
   81   81    1    1    1    1    1    1    1    1  9.39055E+13 0.00380 
   82   82    1    1    1    1    1    1    1    1  7.29572E+13 0.00299 
   83   83    1    1    1    1    1    1    1    1  6.81823E+13 0.00297 
   84   84    1    1    1    1    1    1    1    1  4.87827E+13 0.00410 
   85   85    1    1    1    1    1    1    1    1  3.53338E+13 0.00477 
   86   86    1    1    1    1    1    1    1    1  3.29283E+13 0.00554 
   87   87    1    1    1    1    1    1    1    1  2.05346E+13 0.00345 
   88   88    1    1    1    1    1    1    1    1  1.38390E+13 0.00744 
   89   89    1    1    1    1    1    1    1    1  7.93579E+12 0.00721 
   90   90    1    1    1    1    1    1    1    1  5.32444E+12 0.01039 
   91   91    1    1    1    1    1    1    1    1  2.68922E+12 0.01626 
   92   92    1    1    1    1    1    1    1    1  1.30402E+12 0.02939 
   93   93    1    1    1    1    1    1    1    1  6.41089E+11 0.02519 
   94   94    1    1    1    1    1    1    1    1  3.14413E+11 0.04958 
   95   95    1    1    1    1    1    1    1    1  1.45236E+11 0.05627 
   96   96    1    1    1    1    1    1    1    1  6.93447E+10 0.09145 
   97   97    1    1    1    1    1    1    1    1  3.32314E+10 0.11111 
   98   98    1    1    1    1    1    1    1    1  1.50359E+10 0.22241 
   99   99    1    1    1    1    1    1    1    1  5.46001E+09 0.29006 
  100  100    1    1    1    1    1    1    1    1  7.55281E+09 0.26235 
];


