
DETdpaspec = [
    1    1    1    1    1    1    1    1    1    1  0.00000E+00 0.00000 
    2    2    1    1    1    1    1    1    1    1  0.00000E+00 0.00000 
    3    3    1    1    1    1    1    1    1    1  0.00000E+00 0.00000 
    4    4    1    1    1    1    1    1    1    1  0.00000E+00 0.00000 
    5    5    1    1    1    1    1    1    1    1  0.00000E+00 0.00000 
    6    6    1    1    1    1    1    1    1    1  0.00000E+00 0.00000 
    7    7    1    1    1    1    1    1    1    1  0.00000E+00 0.00000 
    8    8    1    1    1    1    1    1    1    1  4.82126E+07 0.74474 
    9    9    1    1    1    1    1    1    1    1  1.75056E+07 0.69028 
   10   10    1    1    1    1    1    1    1    1  3.39598E+08 0.55856 
   11   11    1    1    1    1    1    1    1    1  2.19654E+08 0.51273 
   12   12    1    1    1    1    1    1    1    1  2.09097E+08 0.32583 
   13   13    1    1    1    1    1    1    1    1  5.39812E+09 0.21725 
   14   14    1    1    1    1    1    1    1    1  8.60430E+09 0.26449 
   15   15    1    1    1    1    1    1    1    1  1.10940E+10 0.19339 
   16   16    1    1    1    1    1    1    1    1  2.55340E+09 0.25103 
   17   17    1    1    1    1    1    1    1    1  7.64196E+09 0.16569 
   18   18    1    1    1    1    1    1    1    1  1.82776E+10 0.12403 
   19   19    1    1    1    1    1    1    1    1  2.58783E+10 0.10447 
   20   20    1    1    1    1    1    1    1    1  5.89744E+10 0.06666 
   21   21    1    1    1    1    1    1    1    1  6.07642E+10 0.06415 
   22   22    1    1    1    1    1    1    1    1  1.82353E+11 0.03639 
   23   23    1    1    1    1    1    1    1    1  3.55692E+11 0.04447 
   24   24    1    1    1    1    1    1    1    1  7.31548E+11 0.02743 
   25   25    1    1    1    1    1    1    1    1  1.22669E+12 0.02278 
   26   26    1    1    1    1    1    1    1    1  2.58984E+12 0.01273 
   27   27    1    1    1    1    1    1    1    1  5.07247E+12 0.01001 
   28   28    1    1    1    1    1    1    1    1  1.06518E+13 0.00955 
   29   29    1    1    1    1    1    1    1    1  1.37247E+13 0.00773 
   30   30    1    1    1    1    1    1    1    1  3.06478E+13 0.00414 
   31   31    1    1    1    1    1    1    1    1  6.36701E+13 0.00371 
   32   32    1    1    1    1    1    1    1    1  8.44248E+13 0.00291 
   33   33    1    1    1    1    1    1    1    1  1.54121E+14 0.00226 
   34   34    1    1    1    1    1    1    1    1  1.62925E+14 0.00215 
   35   35    1    1    1    1    1    1    1    1  2.23896E+14 0.00137 
   36   36    1    1    1    1    1    1    1    1  1.91498E+14 0.00154 
   37   37    1    1    1    1    1    1    1    1  6.03183E+13 0.00163 
   38   38    1    1    1    1    1    1    1    1  2.67190E+14 0.00147 
   39   39    1    1    1    1    1    1    1    1  3.06824E+14 0.00148 
   40   40    1    1    1    1    1    1    1    1  5.00304E+14 0.00121 
   41   41    1    1    1    1    1    1    1    1  4.66648E+14 0.00118 
   42   42    1    1    1    1    1    1    1    1  7.78617E+14 0.00116 
   43   43    1    1    1    1    1    1    1    1  8.07675E+14 0.00114 
   44   44    1    1    1    1    1    1    1    1  1.00531E+15 0.00092 
   45   45    1    1    1    1    1    1    1    1  1.66280E+15 0.00112 
   46   46    1    1    1    1    1    1    1    1  9.42598E+14 0.00095 
   47   47    1    1    1    1    1    1    1    1  1.25838E+15 0.00082 
   48   48    1    1    1    1    1    1    1    1  1.75285E+15 0.00089 
   49   49    1    1    1    1    1    1    1    1  1.52852E+15 0.00115 
   50   50    1    1    1    1    1    1    1    1  2.32473E+15 0.00118 
   51   51    1    1    1    1    1    1    1    1  1.82017E+15 0.00089 
   52   52    1    1    1    1    1    1    1    1  2.01257E+15 0.00098 
   53   53    1    1    1    1    1    1    1    1  1.45949E+15 0.00082 
   54   54    1    1    1    1    1    1    1    1  1.76021E+15 0.00102 
   55   55    1    1    1    1    1    1    1    1  1.27755E+15 0.00116 
   56   56    1    1    1    1    1    1    1    1  1.78183E+14 0.00113 
   57   57    1    1    1    1    1    1    1    1  2.44554E+15 0.00117 
   58   58    1    1    1    1    1    1    1    1  1.06374E+15 0.00100 
   59   59    1    1    1    1    1    1    1    1  1.17391E+15 0.00094 
   60   60    1    1    1    1    1    1    1    1  9.47872E+14 0.00123 
   61   61    1    1    1    1    1    1    1    1  9.48663E+14 0.00111 
   62   62    1    1    1    1    1    1    1    1  9.33894E+14 0.00115 
   63   63    1    1    1    1    1    1    1    1  7.76545E+14 0.00103 
   64   64    1    1    1    1    1    1    1    1  6.08216E+14 0.00119 
   65   65    1    1    1    1    1    1    1    1  5.87562E+14 0.00121 
   66   66    1    1    1    1    1    1    1    1  4.97921E+14 0.00138 
   67   67    1    1    1    1    1    1    1    1  4.13995E+14 0.00137 
   68   68    1    1    1    1    1    1    1    1  3.61329E+14 0.00149 
   69   69    1    1    1    1    1    1    1    1  4.42570E+14 0.00151 
   70   70    1    1    1    1    1    1    1    1  3.81794E+14 0.00181 
   71   71    1    1    1    1    1    1    1    1  7.25775E+14 0.00144 
   72   72    1    1    1    1    1    1    1    1  5.38801E+14 0.00166 
   73   73    1    1    1    1    1    1    1    1  4.24182E+14 0.00110 
   74   74    1    1    1    1    1    1    1    1  3.44117E+14 0.00132 
   75   75    1    1    1    1    1    1    1    1  2.80129E+14 0.00166 
   76   76    1    1    1    1    1    1    1    1  3.18113E+14 0.00144 
   77   77    1    1    1    1    1    1    1    1  2.46029E+14 0.00160 
   78   78    1    1    1    1    1    1    1    1  1.86685E+14 0.00126 
   79   79    1    1    1    1    1    1    1    1  1.92193E+14 0.00242 
   80   80    1    1    1    1    1    1    1    1  1.43704E+14 0.00235 
   81   81    1    1    1    1    1    1    1    1  1.11621E+14 0.00285 
   82   82    1    1    1    1    1    1    1    1  8.61361E+13 0.00230 
   83   83    1    1    1    1    1    1    1    1  8.07076E+13 0.00272 
   84   84    1    1    1    1    1    1    1    1  5.77282E+13 0.00318 
   85   85    1    1    1    1    1    1    1    1  4.19444E+13 0.00452 
   86   86    1    1    1    1    1    1    1    1  3.89258E+13 0.00294 
   87   87    1    1    1    1    1    1    1    1  2.42196E+13 0.00381 
   88   88    1    1    1    1    1    1    1    1  1.63657E+13 0.00461 
   89   89    1    1    1    1    1    1    1    1  9.45265E+12 0.01041 
   90   90    1    1    1    1    1    1    1    1  6.24193E+12 0.01065 
   91   91    1    1    1    1    1    1    1    1  3.04151E+12 0.01719 
   92   92    1    1    1    1    1    1    1    1  1.55607E+12 0.01858 
   93   93    1    1    1    1    1    1    1    1  7.53883E+11 0.02356 
   94   94    1    1    1    1    1    1    1    1  3.60486E+11 0.02948 
   95   95    1    1    1    1    1    1    1    1  1.71587E+11 0.03927 
   96   96    1    1    1    1    1    1    1    1  7.57439E+10 0.08067 
   97   97    1    1    1    1    1    1    1    1  4.25201E+10 0.11133 
   98   98    1    1    1    1    1    1    1    1  2.44038E+10 0.20918 
   99   99    1    1    1    1    1    1    1    1  1.10802E+10 0.24556 
  100  100    1    1    1    1    1    1    1    1  7.95159E+09 0.25355 
];


