
DETdpaspec = [
    1    1    1    1    1    1    1    1    1    1  0.00000E+00 0.00000 
    2    2    1    1    1    1    1    1    1    1  0.00000E+00 0.00000 
    3    3    1    1    1    1    1    1    1    1  0.00000E+00 0.00000 
    4    4    1    1    1    1    1    1    1    1  0.00000E+00 0.00000 
    5    5    1    1    1    1    1    1    1    1  0.00000E+00 0.00000 
    6    6    1    1    1    1    1    1    1    1  8.46717E+06 1.00000 
    7    7    1    1    1    1    1    1    1    1  0.00000E+00 0.00000 
    8    8    1    1    1    1    1    1    1    1  5.04502E+07 0.54614 
    9    9    1    1    1    1    1    1    1    1  4.98483E+07 0.66061 
   10   10    1    1    1    1    1    1    1    1  2.89413E+08 0.44572 
   11   11    1    1    1    1    1    1    1    1  5.30753E+08 0.41321 
   12   12    1    1    1    1    1    1    1    1  1.09307E+08 0.31415 
   13   13    1    1    1    1    1    1    1    1  2.92190E+09 0.25756 
   14   14    1    1    1    1    1    1    1    1  7.44516E+09 0.21166 
   15   15    1    1    1    1    1    1    1    1  1.20183E+10 0.17994 
   16   16    1    1    1    1    1    1    1    1  5.49251E+09 0.15622 
   17   17    1    1    1    1    1    1    1    1  1.13241E+10 0.12722 
   18   18    1    1    1    1    1    1    1    1  2.93386E+10 0.09974 
   19   19    1    1    1    1    1    1    1    1  3.45605E+10 0.06070 
   20   20    1    1    1    1    1    1    1    1  1.00273E+11 0.07248 
   21   21    1    1    1    1    1    1    1    1  8.23735E+10 0.07036 
   22   22    1    1    1    1    1    1    1    1  2.48361E+11 0.03729 
   23   23    1    1    1    1    1    1    1    1  4.02607E+11 0.03216 
   24   24    1    1    1    1    1    1    1    1  7.39320E+11 0.02884 
   25   25    1    1    1    1    1    1    1    1  1.06788E+12 0.02718 
   26   26    1    1    1    1    1    1    1    1  2.17800E+12 0.01465 
   27   27    1    1    1    1    1    1    1    1  4.18589E+12 0.01152 
   28   28    1    1    1    1    1    1    1    1  8.07906E+12 0.00541 
   29   29    1    1    1    1    1    1    1    1  9.83100E+12 0.00584 
   30   30    1    1    1    1    1    1    1    1  2.29492E+13 0.00336 
   31   31    1    1    1    1    1    1    1    1  4.69540E+13 0.00382 
   32   32    1    1    1    1    1    1    1    1  6.22103E+13 0.00223 
   33   33    1    1    1    1    1    1    1    1  1.12668E+14 0.00245 
   34   34    1    1    1    1    1    1    1    1  1.15754E+14 0.00254 
   35   35    1    1    1    1    1    1    1    1  1.63202E+14 0.00203 
   36   36    1    1    1    1    1    1    1    1  1.39698E+14 0.00201 
   37   37    1    1    1    1    1    1    1    1  4.42239E+13 0.00222 
   38   38    1    1    1    1    1    1    1    1  1.92805E+14 0.00165 
   39   39    1    1    1    1    1    1    1    1  2.20630E+14 0.00171 
   40   40    1    1    1    1    1    1    1    1  3.54532E+14 0.00206 
   41   41    1    1    1    1    1    1    1    1  3.33098E+14 0.00159 
   42   42    1    1    1    1    1    1    1    1  5.49420E+14 0.00196 
   43   43    1    1    1    1    1    1    1    1  5.67327E+14 0.00156 
   44   44    1    1    1    1    1    1    1    1  7.00828E+14 0.00161 
   45   45    1    1    1    1    1    1    1    1  1.15013E+15 0.00141 
   46   46    1    1    1    1    1    1    1    1  6.46255E+14 0.00147 
   47   47    1    1    1    1    1    1    1    1  8.65887E+14 0.00154 
   48   48    1    1    1    1    1    1    1    1  1.19897E+15 0.00148 
   49   49    1    1    1    1    1    1    1    1  1.04519E+15 0.00143 
   50   50    1    1    1    1    1    1    1    1  1.57135E+15 0.00138 
   51   51    1    1    1    1    1    1    1    1  1.23192E+15 0.00151 
   52   52    1    1    1    1    1    1    1    1  1.35174E+15 0.00153 
   53   53    1    1    1    1    1    1    1    1  9.78712E+14 0.00136 
   54   54    1    1    1    1    1    1    1    1  1.16895E+15 0.00133 
   55   55    1    1    1    1    1    1    1    1  8.46851E+14 0.00170 
   56   56    1    1    1    1    1    1    1    1  1.18318E+14 0.00177 
   57   57    1    1    1    1    1    1    1    1  1.62018E+15 0.00137 
   58   58    1    1    1    1    1    1    1    1  6.96543E+14 0.00153 
   59   59    1    1    1    1    1    1    1    1  7.70637E+14 0.00160 
   60   60    1    1    1    1    1    1    1    1  6.14324E+14 0.00179 
   61   61    1    1    1    1    1    1    1    1  6.15299E+14 0.00126 
   62   62    1    1    1    1    1    1    1    1  6.03283E+14 0.00156 
   63   63    1    1    1    1    1    1    1    1  4.99665E+14 0.00180 
   64   64    1    1    1    1    1    1    1    1  3.89912E+14 0.00210 
   65   65    1    1    1    1    1    1    1    1  3.76247E+14 0.00167 
   66   66    1    1    1    1    1    1    1    1  3.18634E+14 0.00153 
   67   67    1    1    1    1    1    1    1    1  2.65019E+14 0.00205 
   68   68    1    1    1    1    1    1    1    1  2.31230E+14 0.00212 
   69   69    1    1    1    1    1    1    1    1  2.82272E+14 0.00195 
   70   70    1    1    1    1    1    1    1    1  2.43869E+14 0.00243 
   71   71    1    1    1    1    1    1    1    1  4.66211E+14 0.00166 
   72   72    1    1    1    1    1    1    1    1  3.46940E+14 0.00189 
   73   73    1    1    1    1    1    1    1    1  2.72061E+14 0.00272 
   74   74    1    1    1    1    1    1    1    1  2.18869E+14 0.00230 
   75   75    1    1    1    1    1    1    1    1  1.76468E+14 0.00154 
   76   76    1    1    1    1    1    1    1    1  1.98908E+14 0.00234 
   77   77    1    1    1    1    1    1    1    1  1.52696E+14 0.00266 
   78   78    1    1    1    1    1    1    1    1  1.14635E+14 0.00231 
   79   79    1    1    1    1    1    1    1    1  1.17833E+14 0.00271 
   80   80    1    1    1    1    1    1    1    1  8.80178E+13 0.00311 
   81   81    1    1    1    1    1    1    1    1  6.77478E+13 0.00337 
   82   82    1    1    1    1    1    1    1    1  5.25023E+13 0.00407 
   83   83    1    1    1    1    1    1    1    1  4.91563E+13 0.00461 
   84   84    1    1    1    1    1    1    1    1  3.54426E+13 0.00575 
   85   85    1    1    1    1    1    1    1    1  2.55973E+13 0.00637 
   86   86    1    1    1    1    1    1    1    1  2.36064E+13 0.00495 
   87   87    1    1    1    1    1    1    1    1  1.48289E+13 0.00666 
   88   88    1    1    1    1    1    1    1    1  9.97182E+12 0.00813 
   89   89    1    1    1    1    1    1    1    1  5.70576E+12 0.00886 
   90   90    1    1    1    1    1    1    1    1  3.90758E+12 0.01275 
   91   91    1    1    1    1    1    1    1    1  2.01044E+12 0.01565 
   92   92    1    1    1    1    1    1    1    1  1.01361E+12 0.02689 
   93   93    1    1    1    1    1    1    1    1  4.60912E+11 0.03083 
   94   94    1    1    1    1    1    1    1    1  2.18613E+11 0.06392 
   95   95    1    1    1    1    1    1    1    1  1.13652E+11 0.07241 
   96   96    1    1    1    1    1    1    1    1  5.55740E+10 0.11318 
   97   97    1    1    1    1    1    1    1    1  2.93086E+10 0.13280 
   98   98    1    1    1    1    1    1    1    1  1.30335E+10 0.25110 
   99   99    1    1    1    1    1    1    1    1  7.58336E+09 0.23044 
  100  100    1    1    1    1    1    1    1    1  7.32935E+09 0.29012 
];


