
DETdpaspec = [
    1    1    1    1    1    1    1    1    1    1  0.00000E+00 0.00000 
    2    2    1    1    1    1    1    1    1    1  0.00000E+00 0.00000 
    3    3    1    1    1    1    1    1    1    1  0.00000E+00 0.00000 
    4    4    1    1    1    1    1    1    1    1  0.00000E+00 0.00000 
    5    5    1    1    1    1    1    1    1    1  0.00000E+00 0.00000 
    6    6    1    1    1    1    1    1    1    1  0.00000E+00 0.00000 
    7    7    1    1    1    1    1    1    1    1  0.00000E+00 0.00000 
    8    8    1    1    1    1    1    1    1    1  0.00000E+00 0.00000 
    9    9    1    1    1    1    1    1    1    1  0.00000E+00 0.00000 
   10   10    1    1    1    1    1    1    1    1  0.00000E+00 0.00000 
   11   11    1    1    1    1    1    1    1    1  8.67784E+07 1.00000 
   12   12    1    1    1    1    1    1    1    1  2.43926E+09 0.37224 
   13   13    1    1    1    1    1    1    1    1  6.36527E+09 0.24964 
   14   14    1    1    1    1    1    1    1    1  9.11836E+09 0.22569 
   15   15    1    1    1    1    1    1    1    1  7.17416E+09 0.23378 
   16   16    1    1    1    1    1    1    1    1  5.24248E+09 0.24104 
   17   17    1    1    1    1    1    1    1    1  3.78550E+10 0.10390 
   18   18    1    1    1    1    1    1    1    1  9.38281E+10 0.06468 
   19   19    1    1    1    1    1    1    1    1  2.62402E+11 0.04751 
   20   20    1    1    1    1    1    1    1    1  1.18332E+12 0.01996 
   21   21    1    1    1    1    1    1    1    1  2.59626E+12 0.01118 
   22   22    1    1    1    1    1    1    1    1  8.20059E+12 0.00990 
   23   23    1    1    1    1    1    1    1    1  1.88826E+13 0.00554 
   24   24    1    1    1    1    1    1    1    1  3.12292E+13 0.00386 
   25   25    1    1    1    1    1    1    1    1  3.77287E+13 0.00333 
   26   26    1    1    1    1    1    1    1    1  5.76676E+13 0.00237 
   27   27    1    1    1    1    1    1    1    1  7.90168E+13 0.00266 
   28   28    1    1    1    1    1    1    1    1  1.15718E+14 0.00190 
   29   29    1    1    1    1    1    1    1    1  1.36366E+14 0.00194 
   30   30    1    1    1    1    1    1    1    1  1.97744E+14 0.00196 
   31   31    1    1    1    1    1    1    1    1  2.99272E+14 0.00162 
   32   32    1    1    1    1    1    1    1    1  3.34378E+14 0.00139 
   33   33    1    1    1    1    1    1    1    1  5.08971E+14 0.00134 
   34   34    1    1    1    1    1    1    1    1  5.24540E+14 0.00120 
   35   35    1    1    1    1    1    1    1    1  5.66962E+14 0.00089 
   36   36    1    1    1    1    1    1    1    1  4.30643E+14 0.00096 
   37   37    1    1    1    1    1    1    1    1  1.25959E+14 0.00099 
   38   38    1    1    1    1    1    1    1    1  5.71514E+14 0.00105 
   39   39    1    1    1    1    1    1    1    1  6.33404E+14 0.00079 
   40   40    1    1    1    1    1    1    1    1  1.02422E+15 0.00082 
   41   41    1    1    1    1    1    1    1    1  8.89865E+14 0.00084 
   42   42    1    1    1    1    1    1    1    1  1.48037E+15 0.00112 
   43   43    1    1    1    1    1    1    1    1  1.49774E+15 0.00093 
   44   44    1    1    1    1    1    1    1    1  1.82397E+15 0.00092 
   45   45    1    1    1    1    1    1    1    1  2.94330E+15 0.00089 
   46   46    1    1    1    1    1    1    1    1  1.63511E+15 0.00081 
   47   47    1    1    1    1    1    1    1    1  2.11981E+15 0.00084 
   48   48    1    1    1    1    1    1    1    1  2.91581E+15 0.00079 
   49   49    1    1    1    1    1    1    1    1  2.45574E+15 0.00061 
   50   50    1    1    1    1    1    1    1    1  3.76026E+15 0.00064 
   51   51    1    1    1    1    1    1    1    1  2.85129E+15 0.00079 
   52   52    1    1    1    1    1    1    1    1  3.17858E+15 0.00084 
   53   53    1    1    1    1    1    1    1    1  2.27535E+15 0.00063 
   54   54    1    1    1    1    1    1    1    1  2.77713E+15 0.00082 
   55   55    1    1    1    1    1    1    1    1  1.99647E+15 0.00080 
   56   56    1    1    1    1    1    1    1    1  2.76699E+14 0.00130 
   57   57    1    1    1    1    1    1    1    1  3.78307E+15 0.00080 
   58   58    1    1    1    1    1    1    1    1  1.68273E+15 0.00103 
   59   59    1    1    1    1    1    1    1    1  1.82215E+15 0.00082 
   60   60    1    1    1    1    1    1    1    1  1.49909E+15 0.00096 
   61   61    1    1    1    1    1    1    1    1  1.49405E+15 0.00107 
   62   62    1    1    1    1    1    1    1    1  1.46557E+15 0.00104 
   63   63    1    1    1    1    1    1    1    1  1.22206E+15 0.00098 
   64   64    1    1    1    1    1    1    1    1  9.55876E+14 0.00110 
   65   65    1    1    1    1    1    1    1    1  9.16538E+14 0.00100 
   66   66    1    1    1    1    1    1    1    1  7.79791E+14 0.00129 
   67   67    1    1    1    1    1    1    1    1  6.40281E+14 0.00135 
   68   68    1    1    1    1    1    1    1    1  5.54548E+14 0.00111 
   69   69    1    1    1    1    1    1    1    1  6.78217E+14 0.00119 
   70   70    1    1    1    1    1    1    1    1  5.79821E+14 0.00167 
   71   71    1    1    1    1    1    1    1    1  1.06705E+15 0.00108 
   72   72    1    1    1    1    1    1    1    1  7.79422E+14 0.00133 
   73   73    1    1    1    1    1    1    1    1  6.09505E+14 0.00163 
   74   74    1    1    1    1    1    1    1    1  5.02501E+14 0.00125 
   75   75    1    1    1    1    1    1    1    1  4.16613E+14 0.00136 
   76   76    1    1    1    1    1    1    1    1  4.81727E+14 0.00133 
   77   77    1    1    1    1    1    1    1    1  3.79580E+14 0.00154 
   78   78    1    1    1    1    1    1    1    1  2.91236E+14 0.00186 
   79   79    1    1    1    1    1    1    1    1  3.03324E+14 0.00187 
   80   80    1    1    1    1    1    1    1    1  2.28195E+14 0.00137 
   81   81    1    1    1    1    1    1    1    1  1.77361E+14 0.00170 
   82   82    1    1    1    1    1    1    1    1  1.36624E+14 0.00208 
   83   83    1    1    1    1    1    1    1    1  1.27453E+14 0.00229 
   84   84    1    1    1    1    1    1    1    1  9.11157E+13 0.00261 
   85   85    1    1    1    1    1    1    1    1  6.55690E+13 0.00250 
   86   86    1    1    1    1    1    1    1    1  6.13435E+13 0.00278 
   87   87    1    1    1    1    1    1    1    1  3.71689E+13 0.00303 
   88   88    1    1    1    1    1    1    1    1  2.48436E+13 0.00615 
   89   89    1    1    1    1    1    1    1    1  1.38937E+13 0.00665 
   90   90    1    1    1    1    1    1    1    1  9.03260E+12 0.00650 
   91   91    1    1    1    1    1    1    1    1  4.48493E+12 0.01066 
   92   92    1    1    1    1    1    1    1    1  2.14712E+12 0.01963 
   93   93    1    1    1    1    1    1    1    1  1.01310E+12 0.02422 
   94   94    1    1    1    1    1    1    1    1  5.02956E+11 0.04751 
   95   95    1    1    1    1    1    1    1    1  2.30590E+11 0.04194 
   96   96    1    1    1    1    1    1    1    1  1.12111E+11 0.07671 
   97   97    1    1    1    1    1    1    1    1  5.09248E+10 0.09797 
   98   98    1    1    1    1    1    1    1    1  2.62001E+10 0.09670 
   99   99    1    1    1    1    1    1    1    1  7.89153E+09 0.15452 
  100  100    1    1    1    1    1    1    1    1  1.14219E+10 0.20689 
];


