
DETdpaspec = [
    1    1    1    1    1    1    1    1    1    1  0.00000E+00 0.00000 
    2    2    1    1    1    1    1    1    1    1  0.00000E+00 0.00000 
    3    3    1    1    1    1    1    1    1    1  1.63186E+07 1.00000 
    4    4    1    1    1    1    1    1    1    1  0.00000E+00 0.00000 
    5    5    1    1    1    1    1    1    1    1  0.00000E+00 0.00000 
    6    6    1    1    1    1    1    1    1    1  0.00000E+00 0.00000 
    7    7    1    1    1    1    1    1    1    1  0.00000E+00 0.00000 
    8    8    1    1    1    1    1    1    1    1  4.54183E+07 0.68978 
    9    9    1    1    1    1    1    1    1    1  0.00000E+00 0.00000 
   10   10    1    1    1    1    1    1    1    1  8.58692E+07 0.73746 
   11   11    1    1    1    1    1    1    1    1  6.85895E+07 1.00000 
   12   12    1    1    1    1    1    1    1    1  1.91650E+08 0.43167 
   13   13    1    1    1    1    1    1    1    1  6.04426E+09 0.30081 
   14   14    1    1    1    1    1    1    1    1  1.08335E+10 0.27086 
   15   15    1    1    1    1    1    1    1    1  9.17478E+09 0.25843 
   16   16    1    1    1    1    1    1    1    1  2.80702E+09 0.40229 
   17   17    1    1    1    1    1    1    1    1  7.17824E+09 0.22587 
   18   18    1    1    1    1    1    1    1    1  1.46767E+10 0.16412 
   19   19    1    1    1    1    1    1    1    1  1.88673E+10 0.11949 
   20   20    1    1    1    1    1    1    1    1  7.75646E+10 0.06507 
   21   21    1    1    1    1    1    1    1    1  1.09821E+11 0.07591 
   22   22    1    1    1    1    1    1    1    1  5.06850E+11 0.03171 
   23   23    1    1    1    1    1    1    1    1  1.74239E+12 0.01883 
   24   24    1    1    1    1    1    1    1    1  4.12131E+12 0.01012 
   25   25    1    1    1    1    1    1    1    1  6.50266E+12 0.00968 
   26   26    1    1    1    1    1    1    1    1  1.22802E+13 0.00647 
   27   27    1    1    1    1    1    1    1    1  2.05814E+13 0.00428 
   28   28    1    1    1    1    1    1    1    1  3.79891E+13 0.00348 
   29   29    1    1    1    1    1    1    1    1  5.09749E+13 0.00367 
   30   30    1    1    1    1    1    1    1    1  8.56701E+13 0.00261 
   31   31    1    1    1    1    1    1    1    1  1.56451E+14 0.00235 
   32   32    1    1    1    1    1    1    1    1  1.92854E+14 0.00157 
   33   33    1    1    1    1    1    1    1    1  3.24181E+14 0.00152 
   34   34    1    1    1    1    1    1    1    1  3.52139E+14 0.00143 
   35   35    1    1    1    1    1    1    1    1  4.17698E+14 0.00083 
   36   36    1    1    1    1    1    1    1    1  3.37616E+14 0.00080 
   37   37    1    1    1    1    1    1    1    1  1.01575E+14 0.00082 
   38   38    1    1    1    1    1    1    1    1  4.62181E+14 0.00074 
   39   39    1    1    1    1    1    1    1    1  5.22678E+14 0.00087 
   40   40    1    1    1    1    1    1    1    1  8.60453E+14 0.00109 
   41   41    1    1    1    1    1    1    1    1  7.70293E+14 0.00086 
   42   42    1    1    1    1    1    1    1    1  1.29750E+15 0.00066 
   43   43    1    1    1    1    1    1    1    1  1.33511E+15 0.00089 
   44   44    1    1    1    1    1    1    1    1  1.65663E+15 0.00072 
   45   45    1    1    1    1    1    1    1    1  2.72927E+15 0.00057 
   46   46    1    1    1    1    1    1    1    1  1.54615E+15 0.00059 
   47   47    1    1    1    1    1    1    1    1  2.02966E+15 0.00060 
   48   48    1    1    1    1    1    1    1    1  2.83479E+15 0.00052 
   49   49    1    1    1    1    1    1    1    1  2.42402E+15 0.00050 
   50   50    1    1    1    1    1    1    1    1  3.74963E+15 0.00059 
   51   51    1    1    1    1    1    1    1    1  2.89686E+15 0.00048 
   52   52    1    1    1    1    1    1    1    1  3.24548E+15 0.00074 
   53   53    1    1    1    1    1    1    1    1  2.34862E+15 0.00075 
   54   54    1    1    1    1    1    1    1    1  2.87845E+15 0.00064 
   55   55    1    1    1    1    1    1    1    1  2.08413E+15 0.00074 
   56   56    1    1    1    1    1    1    1    1  2.89020E+14 0.00109 
   57   57    1    1    1    1    1    1    1    1  3.98214E+15 0.00075 
   58   58    1    1    1    1    1    1    1    1  1.77538E+15 0.00053 
   59   59    1    1    1    1    1    1    1    1  1.93979E+15 0.00077 
   60   60    1    1    1    1    1    1    1    1  1.59933E+15 0.00075 
   61   61    1    1    1    1    1    1    1    1  1.59748E+15 0.00082 
   62   62    1    1    1    1    1    1    1    1  1.57539E+15 0.00080 
   63   63    1    1    1    1    1    1    1    1  1.31908E+15 0.00069 
   64   64    1    1    1    1    1    1    1    1  1.03651E+15 0.00080 
   65   65    1    1    1    1    1    1    1    1  9.96891E+14 0.00060 
   66   66    1    1    1    1    1    1    1    1  8.53542E+14 0.00127 
   67   67    1    1    1    1    1    1    1    1  7.03364E+14 0.00106 
   68   68    1    1    1    1    1    1    1    1  6.11190E+14 0.00135 
   69   69    1    1    1    1    1    1    1    1  7.50399E+14 0.00112 
   70   70    1    1    1    1    1    1    1    1  6.45690E+14 0.00121 
   71   71    1    1    1    1    1    1    1    1  1.20493E+15 0.00079 
   72   72    1    1    1    1    1    1    1    1  8.87269E+14 0.00085 
   73   73    1    1    1    1    1    1    1    1  6.99151E+14 0.00126 
   74   74    1    1    1    1    1    1    1    1  5.77189E+14 0.00107 
   75   75    1    1    1    1    1    1    1    1  4.77560E+14 0.00129 
   76   76    1    1    1    1    1    1    1    1  5.50731E+14 0.00123 
   77   77    1    1    1    1    1    1    1    1  4.35138E+14 0.00132 
   78   78    1    1    1    1    1    1    1    1  3.33190E+14 0.00133 
   79   79    1    1    1    1    1    1    1    1  3.47257E+14 0.00106 
   80   80    1    1    1    1    1    1    1    1  2.62350E+14 0.00120 
   81   81    1    1    1    1    1    1    1    1  2.03650E+14 0.00160 
   82   82    1    1    1    1    1    1    1    1  1.57742E+14 0.00183 
   83   83    1    1    1    1    1    1    1    1  1.47593E+14 0.00167 
   84   84    1    1    1    1    1    1    1    1  1.05973E+14 0.00222 
   85   85    1    1    1    1    1    1    1    1  7.68017E+13 0.00286 
   86   86    1    1    1    1    1    1    1    1  7.20494E+13 0.00210 
   87   87    1    1    1    1    1    1    1    1  4.41106E+13 0.00287 
   88   88    1    1    1    1    1    1    1    1  2.97505E+13 0.00451 
   89   89    1    1    1    1    1    1    1    1  1.71806E+13 0.00648 
   90   90    1    1    1    1    1    1    1    1  1.12216E+13 0.00745 
   91   91    1    1    1    1    1    1    1    1  5.71627E+12 0.01362 
   92   92    1    1    1    1    1    1    1    1  2.70413E+12 0.01416 
   93   93    1    1    1    1    1    1    1    1  1.32520E+12 0.01690 
   94   94    1    1    1    1    1    1    1    1  6.24421E+11 0.03162 
   95   95    1    1    1    1    1    1    1    1  2.98397E+11 0.04964 
   96   96    1    1    1    1    1    1    1    1  1.24703E+11 0.07259 
   97   97    1    1    1    1    1    1    1    1  6.63363E+10 0.09648 
   98   98    1    1    1    1    1    1    1    1  3.03493E+10 0.13427 
   99   99    1    1    1    1    1    1    1    1  1.43876E+10 0.21474 
  100  100    1    1    1    1    1    1    1    1  1.31544E+10 0.19996 
];


