
DETdpaspec = [
    1    1    1    1    1    1    1    1    1    1  0.00000E+00 0.00000 
    2    2    1    1    1    1    1    1    1    1  0.00000E+00 0.00000 
    3    3    1    1    1    1    1    1    1    1  0.00000E+00 0.00000 
    4    4    1    1    1    1    1    1    1    1  0.00000E+00 0.00000 
    5    5    1    1    1    1    1    1    1    1  0.00000E+00 0.00000 
    6    6    1    1    1    1    1    1    1    1  0.00000E+00 0.00000 
    7    7    1    1    1    1    1    1    1    1  1.65594E+07 1.00000 
    8    8    1    1    1    1    1    1    1    1  0.00000E+00 0.00000 
    9    9    1    1    1    1    1    1    1    1  1.78358E+07 0.68864 
   10   10    1    1    1    1    1    1    1    1  3.88187E+08 0.37729 
   11   11    1    1    1    1    1    1    1    1  3.05041E+08 0.50046 
   12   12    1    1    1    1    1    1    1    1  4.99161E+07 0.60046 
   13   13    1    1    1    1    1    1    1    1  3.34409E+09 0.27954 
   14   14    1    1    1    1    1    1    1    1  4.83424E+09 0.31436 
   15   15    1    1    1    1    1    1    1    1  9.00911E+09 0.23039 
   16   16    1    1    1    1    1    1    1    1  4.71443E+09 0.22627 
   17   17    1    1    1    1    1    1    1    1  7.29474E+09 0.12328 
   18   18    1    1    1    1    1    1    1    1  2.27165E+10 0.11498 
   19   19    1    1    1    1    1    1    1    1  2.67944E+10 0.11466 
   20   20    1    1    1    1    1    1    1    1  6.96271E+10 0.09433 
   21   21    1    1    1    1    1    1    1    1  5.35547E+10 0.09200 
   22   22    1    1    1    1    1    1    1    1  1.73980E+11 0.06005 
   23   23    1    1    1    1    1    1    1    1  3.67430E+11 0.02693 
   24   24    1    1    1    1    1    1    1    1  7.62783E+11 0.01717 
   25   25    1    1    1    1    1    1    1    1  1.29703E+12 0.01115 
   26   26    1    1    1    1    1    1    1    1  2.78305E+12 0.01143 
   27   27    1    1    1    1    1    1    1    1  5.47843E+12 0.00614 
   28   28    1    1    1    1    1    1    1    1  1.13449E+13 0.00533 
   29   29    1    1    1    1    1    1    1    1  1.50618E+13 0.00507 
   30   30    1    1    1    1    1    1    1    1  3.24383E+13 0.00263 
   31   31    1    1    1    1    1    1    1    1  6.76951E+13 0.00308 
   32   32    1    1    1    1    1    1    1    1  9.00524E+13 0.00282 
   33   33    1    1    1    1    1    1    1    1  1.64675E+14 0.00205 
   34   34    1    1    1    1    1    1    1    1  1.75203E+14 0.00149 
   35   35    1    1    1    1    1    1    1    1  2.38120E+14 0.00172 
   36   36    1    1    1    1    1    1    1    1  2.02980E+14 0.00157 
   37   37    1    1    1    1    1    1    1    1  6.36621E+13 0.00123 
   38   38    1    1    1    1    1    1    1    1  2.83483E+14 0.00145 
   39   39    1    1    1    1    1    1    1    1  3.25943E+14 0.00141 
   40   40    1    1    1    1    1    1    1    1  5.32696E+14 0.00090 
   41   41    1    1    1    1    1    1    1    1  4.96360E+14 0.00111 
   42   42    1    1    1    1    1    1    1    1  8.31132E+14 0.00087 
   43   43    1    1    1    1    1    1    1    1  8.64154E+14 0.00086 
   44   44    1    1    1    1    1    1    1    1  1.07772E+15 0.00082 
   45   45    1    1    1    1    1    1    1    1  1.78441E+15 0.00070 
   46   46    1    1    1    1    1    1    1    1  1.01120E+15 0.00092 
   47   47    1    1    1    1    1    1    1    1  1.35037E+15 0.00108 
   48   48    1    1    1    1    1    1    1    1  1.88369E+15 0.00106 
   49   49    1    1    1    1    1    1    1    1  1.63931E+15 0.00100 
   50   50    1    1    1    1    1    1    1    1  2.50096E+15 0.00078 
   51   51    1    1    1    1    1    1    1    1  1.95788E+15 0.00098 
   52   52    1    1    1    1    1    1    1    1  2.16935E+15 0.00090 
   53   53    1    1    1    1    1    1    1    1  1.57331E+15 0.00078 
   54   54    1    1    1    1    1    1    1    1  1.90405E+15 0.00061 
   55   55    1    1    1    1    1    1    1    1  1.38126E+15 0.00088 
   56   56    1    1    1    1    1    1    1    1  1.92692E+14 0.00111 
   57   57    1    1    1    1    1    1    1    1  2.64360E+15 0.00071 
   58   58    1    1    1    1    1    1    1    1  1.15336E+15 0.00098 
   59   59    1    1    1    1    1    1    1    1  1.27222E+15 0.00079 
   60   60    1    1    1    1    1    1    1    1  1.02890E+15 0.00094 
   61   61    1    1    1    1    1    1    1    1  1.03078E+15 0.00081 
   62   62    1    1    1    1    1    1    1    1  1.01338E+15 0.00096 
   63   63    1    1    1    1    1    1    1    1  8.44760E+14 0.00138 
   64   64    1    1    1    1    1    1    1    1  6.60804E+14 0.00117 
   65   65    1    1    1    1    1    1    1    1  6.38260E+14 0.00114 
   66   66    1    1    1    1    1    1    1    1  5.43195E+14 0.00084 
   67   67    1    1    1    1    1    1    1    1  4.50282E+14 0.00115 
   68   68    1    1    1    1    1    1    1    1  3.94095E+14 0.00135 
   69   69    1    1    1    1    1    1    1    1  4.82504E+14 0.00167 
   70   70    1    1    1    1    1    1    1    1  4.16062E+14 0.00143 
   71   71    1    1    1    1    1    1    1    1  7.88683E+14 0.00139 
   72   72    1    1    1    1    1    1    1    1  5.87527E+14 0.00158 
   73   73    1    1    1    1    1    1    1    1  4.60935E+14 0.00126 
   74   74    1    1    1    1    1    1    1    1  3.75917E+14 0.00129 
   75   75    1    1    1    1    1    1    1    1  3.06303E+14 0.00157 
   76   76    1    1    1    1    1    1    1    1  3.47844E+14 0.00118 
   77   77    1    1    1    1    1    1    1    1  2.69161E+14 0.00170 
   78   78    1    1    1    1    1    1    1    1  2.04184E+14 0.00177 
   79   79    1    1    1    1    1    1    1    1  2.10911E+14 0.00196 
   80   80    1    1    1    1    1    1    1    1  1.58403E+14 0.00178 
   81   81    1    1    1    1    1    1    1    1  1.22555E+14 0.00197 
   82   82    1    1    1    1    1    1    1    1  9.48669E+13 0.00272 
   83   83    1    1    1    1    1    1    1    1  8.86889E+13 0.00296 
   84   84    1    1    1    1    1    1    1    1  6.38061E+13 0.00285 
   85   85    1    1    1    1    1    1    1    1  4.58725E+13 0.00375 
   86   86    1    1    1    1    1    1    1    1  4.33303E+13 0.00392 
   87   87    1    1    1    1    1    1    1    1  2.66760E+13 0.00458 
   88   88    1    1    1    1    1    1    1    1  1.80147E+13 0.00582 
   89   89    1    1    1    1    1    1    1    1  1.04125E+13 0.00952 
   90   90    1    1    1    1    1    1    1    1  6.89905E+12 0.00885 
   91   91    1    1    1    1    1    1    1    1  3.45421E+12 0.01639 
   92   92    1    1    1    1    1    1    1    1  1.66916E+12 0.01620 
   93   93    1    1    1    1    1    1    1    1  8.04555E+11 0.02687 
   94   94    1    1    1    1    1    1    1    1  4.10942E+11 0.04589 
   95   95    1    1    1    1    1    1    1    1  1.85665E+11 0.05716 
   96   96    1    1    1    1    1    1    1    1  8.82818E+10 0.09424 
   97   97    1    1    1    1    1    1    1    1  4.34233E+10 0.11040 
   98   98    1    1    1    1    1    1    1    1  1.82075E+10 0.20728 
   99   99    1    1    1    1    1    1    1    1  8.22831E+09 0.39617 
  100  100    1    1    1    1    1    1    1    1  1.07931E+10 0.26118 
];


