
DETdpaspec = [
    1    1    1    1    1    1    1    1    1    1  0.00000E+00 0.00000 
    2    2    1    1    1    1    1    1    1    1  0.00000E+00 0.00000 
    3    3    1    1    1    1    1    1    1    1  0.00000E+00 0.00000 
    4    4    1    1    1    1    1    1    1    1  0.00000E+00 0.00000 
    5    5    1    1    1    1    1    1    1    1  0.00000E+00 0.00000 
    6    6    1    1    1    1    1    1    1    1  9.40353E+06 1.00000 
    7    7    1    1    1    1    1    1    1    1  0.00000E+00 0.00000 
    8    8    1    1    1    1    1    1    1    1  3.55755E+07 0.68825 
    9    9    1    1    1    1    1    1    1    1  4.07626E+07 0.57339 
   10   10    1    1    1    1    1    1    1    1  0.00000E+00 0.00000 
   11   11    1    1    1    1    1    1    1    1  5.66046E+08 0.36830 
   12   12    1    1    1    1    1    1    1    1  2.49334E+08 0.33033 
   13   13    1    1    1    1    1    1    1    1  3.35870E+09 0.28597 
   14   14    1    1    1    1    1    1    1    1  8.38222E+09 0.18141 
   15   15    1    1    1    1    1    1    1    1  1.21779E+10 0.18128 
   16   16    1    1    1    1    1    1    1    1  4.01654E+09 0.19778 
   17   17    1    1    1    1    1    1    1    1  8.36127E+09 0.10746 
   18   18    1    1    1    1    1    1    1    1  2.33652E+10 0.11231 
   19   19    1    1    1    1    1    1    1    1  3.14124E+10 0.06942 
   20   20    1    1    1    1    1    1    1    1  8.53025E+10 0.07889 
   21   21    1    1    1    1    1    1    1    1  7.84491E+10 0.05152 
   22   22    1    1    1    1    1    1    1    1  2.30231E+11 0.04065 
   23   23    1    1    1    1    1    1    1    1  3.64950E+11 0.02738 
   24   24    1    1    1    1    1    1    1    1  7.01881E+11 0.02321 
   25   25    1    1    1    1    1    1    1    1  1.11635E+12 0.01385 
   26   26    1    1    1    1    1    1    1    1  2.20937E+12 0.01624 
   27   27    1    1    1    1    1    1    1    1  4.40658E+12 0.00891 
   28   28    1    1    1    1    1    1    1    1  8.89138E+12 0.00670 
   29   29    1    1    1    1    1    1    1    1  1.11238E+13 0.00551 
   30   30    1    1    1    1    1    1    1    1  2.53431E+13 0.00555 
   31   31    1    1    1    1    1    1    1    1  5.23724E+13 0.00326 
   32   32    1    1    1    1    1    1    1    1  6.95547E+13 0.00302 
   33   33    1    1    1    1    1    1    1    1  1.26038E+14 0.00221 
   34   34    1    1    1    1    1    1    1    1  1.31005E+14 0.00243 
   35   35    1    1    1    1    1    1    1    1  1.83083E+14 0.00220 
   36   36    1    1    1    1    1    1    1    1  1.56903E+14 0.00168 
   37   37    1    1    1    1    1    1    1    1  4.96908E+13 0.00173 
   38   38    1    1    1    1    1    1    1    1  2.17783E+14 0.00163 
   39   39    1    1    1    1    1    1    1    1  2.49945E+14 0.00181 
   40   40    1    1    1    1    1    1    1    1  4.03969E+14 0.00160 
   41   41    1    1    1    1    1    1    1    1  3.79087E+14 0.00145 
   42   42    1    1    1    1    1    1    1    1  6.27489E+14 0.00123 
   43   43    1    1    1    1    1    1    1    1  6.49949E+14 0.00141 
   44   44    1    1    1    1    1    1    1    1  8.05919E+14 0.00126 
   45   45    1    1    1    1    1    1    1    1  1.32587E+15 0.00111 
   46   46    1    1    1    1    1    1    1    1  7.46815E+14 0.00129 
   47   47    1    1    1    1    1    1    1    1  1.00266E+15 0.00136 
   48   48    1    1    1    1    1    1    1    1  1.38746E+15 0.00110 
   49   49    1    1    1    1    1    1    1    1  1.21011E+15 0.00114 
   50   50    1    1    1    1    1    1    1    1  1.82641E+15 0.00125 
   51   51    1    1    1    1    1    1    1    1  1.43350E+15 0.00124 
   52   52    1    1    1    1    1    1    1    1  1.57586E+15 0.00111 
   53   53    1    1    1    1    1    1    1    1  1.14197E+15 0.00126 
   54   54    1    1    1    1    1    1    1    1  1.36869E+15 0.00117 
   55   55    1    1    1    1    1    1    1    1  9.93227E+14 0.00126 
   56   56    1    1    1    1    1    1    1    1  1.38680E+14 0.00167 
   57   57    1    1    1    1    1    1    1    1  1.89662E+15 0.00110 
   58   58    1    1    1    1    1    1    1    1  8.18823E+14 0.00144 
   59   59    1    1    1    1    1    1    1    1  9.04553E+14 0.00128 
   60   60    1    1    1    1    1    1    1    1  7.25331E+14 0.00137 
   61   61    1    1    1    1    1    1    1    1  7.25279E+14 0.00165 
   62   62    1    1    1    1    1    1    1    1  7.12365E+14 0.00170 
   63   63    1    1    1    1    1    1    1    1  5.91255E+14 0.00148 
   64   64    1    1    1    1    1    1    1    1  4.60388E+14 0.00178 
   65   65    1    1    1    1    1    1    1    1  4.46461E+14 0.00178 
   66   66    1    1    1    1    1    1    1    1  3.77702E+14 0.00207 
   67   67    1    1    1    1    1    1    1    1  3.14428E+14 0.00224 
   68   68    1    1    1    1    1    1    1    1  2.73998E+14 0.00191 
   69   69    1    1    1    1    1    1    1    1  3.35356E+14 0.00210 
   70   70    1    1    1    1    1    1    1    1  2.89338E+14 0.00217 
   71   71    1    1    1    1    1    1    1    1  5.50795E+14 0.00185 
   72   72    1    1    1    1    1    1    1    1  4.10930E+14 0.00206 
   73   73    1    1    1    1    1    1    1    1  3.22288E+14 0.00173 
   74   74    1    1    1    1    1    1    1    1  2.60471E+14 0.00169 
   75   75    1    1    1    1    1    1    1    1  2.10521E+14 0.00192 
   76   76    1    1    1    1    1    1    1    1  2.37598E+14 0.00203 
   77   77    1    1    1    1    1    1    1    1  1.83103E+14 0.00174 
   78   78    1    1    1    1    1    1    1    1  1.37569E+14 0.00342 
   79   79    1    1    1    1    1    1    1    1  1.42209E+14 0.00187 
   80   80    1    1    1    1    1    1    1    1  1.05987E+14 0.00282 
   81   81    1    1    1    1    1    1    1    1  8.21099E+13 0.00306 
   82   82    1    1    1    1    1    1    1    1  6.33183E+13 0.00302 
   83   83    1    1    1    1    1    1    1    1  5.92131E+13 0.00417 
   84   84    1    1    1    1    1    1    1    1  4.25290E+13 0.00492 
   85   85    1    1    1    1    1    1    1    1  3.05954E+13 0.00432 
   86   86    1    1    1    1    1    1    1    1  2.87958E+13 0.00470 
   87   87    1    1    1    1    1    1    1    1  1.79442E+13 0.00503 
   88   88    1    1    1    1    1    1    1    1  1.20145E+13 0.00872 
   89   89    1    1    1    1    1    1    1    1  7.01008E+12 0.01303 
   90   90    1    1    1    1    1    1    1    1  4.68830E+12 0.01403 
   91   91    1    1    1    1    1    1    1    1  2.30235E+12 0.01610 
   92   92    1    1    1    1    1    1    1    1  1.11096E+12 0.02034 
   93   93    1    1    1    1    1    1    1    1  5.36521E+11 0.03112 
   94   94    1    1    1    1    1    1    1    1  2.77920E+11 0.03939 
   95   95    1    1    1    1    1    1    1    1  1.35068E+11 0.07920 
   96   96    1    1    1    1    1    1    1    1  6.28539E+10 0.14237 
   97   97    1    1    1    1    1    1    1    1  3.24985E+10 0.15302 
   98   98    1    1    1    1    1    1    1    1  1.41004E+10 0.17595 
   99   99    1    1    1    1    1    1    1    1  6.94928E+09 0.34396 
  100  100    1    1    1    1    1    1    1    1  9.14534E+09 0.27542 
];


