
DETdpaspec = [
    1    1    1    1    1    1    1    1    1    1  0.00000E+00 0.00000 
    2    2    1    1    1    1    1    1    1    1  0.00000E+00 0.00000 
    3    3    1    1    1    1    1    1    1    1  0.00000E+00 0.00000 
    4    4    1    1    1    1    1    1    1    1  0.00000E+00 0.00000 
    5    5    1    1    1    1    1    1    1    1  8.88718E+06 1.00000 
    6    6    1    1    1    1    1    1    1    1  0.00000E+00 0.00000 
    7    7    1    1    1    1    1    1    1    1  4.56632E+07 0.54997 
    8    8    1    1    1    1    1    1    1    1  0.00000E+00 0.00000 
    9    9    1    1    1    1    1    1    1    1  3.07133E+07 0.72072 
   10   10    1    1    1    1    1    1    1    1  2.65935E+08 0.50855 
   11   11    1    1    1    1    1    1    1    1  5.32830E+08 0.30959 
   12   12    1    1    1    1    1    1    1    1  2.87773E+08 0.40441 
   13   13    1    1    1    1    1    1    1    1  3.50477E+09 0.33501 
   14   14    1    1    1    1    1    1    1    1  5.95250E+09 0.18145 
   15   15    1    1    1    1    1    1    1    1  1.30658E+10 0.18048 
   16   16    1    1    1    1    1    1    1    1  4.45802E+09 0.23426 
   17   17    1    1    1    1    1    1    1    1  5.96430E+09 0.16168 
   18   18    1    1    1    1    1    1    1    1  1.90633E+10 0.13233 
   19   19    1    1    1    1    1    1    1    1  2.86052E+10 0.09804 
   20   20    1    1    1    1    1    1    1    1  8.70821E+10 0.07062 
   21   21    1    1    1    1    1    1    1    1  7.41840E+10 0.05760 
   22   22    1    1    1    1    1    1    1    1  1.99079E+11 0.04208 
   23   23    1    1    1    1    1    1    1    1  3.62770E+11 0.03971 
   24   24    1    1    1    1    1    1    1    1  6.93911E+11 0.02385 
   25   25    1    1    1    1    1    1    1    1  1.14589E+12 0.01963 
   26   26    1    1    1    1    1    1    1    1  2.31011E+12 0.01330 
   27   27    1    1    1    1    1    1    1    1  4.59493E+12 0.00743 
   28   28    1    1    1    1    1    1    1    1  9.11223E+12 0.00605 
   29   29    1    1    1    1    1    1    1    1  1.15844E+13 0.00538 
   30   30    1    1    1    1    1    1    1    1  2.62537E+13 0.00460 
   31   31    1    1    1    1    1    1    1    1  5.48755E+13 0.00334 
   32   32    1    1    1    1    1    1    1    1  7.26030E+13 0.00213 
   33   33    1    1    1    1    1    1    1    1  1.32513E+14 0.00185 
   34   34    1    1    1    1    1    1    1    1  1.38281E+14 0.00227 
   35   35    1    1    1    1    1    1    1    1  1.92024E+14 0.00213 
   36   36    1    1    1    1    1    1    1    1  1.64752E+14 0.00159 
   37   37    1    1    1    1    1    1    1    1  5.19311E+13 0.00149 
   38   38    1    1    1    1    1    1    1    1  2.28445E+14 0.00170 
   39   39    1    1    1    1    1    1    1    1  2.62395E+14 0.00158 
   40   40    1    1    1    1    1    1    1    1  4.25022E+14 0.00151 
   41   41    1    1    1    1    1    1    1    1  3.98567E+14 0.00123 
   42   42    1    1    1    1    1    1    1    1  6.60952E+14 0.00122 
   43   43    1    1    1    1    1    1    1    1  6.85130E+14 0.00134 
   44   44    1    1    1    1    1    1    1    1  8.51115E+14 0.00140 
   45   45    1    1    1    1    1    1    1    1  1.40018E+15 0.00134 
   46   46    1    1    1    1    1    1    1    1  7.88799E+14 0.00121 
   47   47    1    1    1    1    1    1    1    1  1.05846E+15 0.00118 
   48   48    1    1    1    1    1    1    1    1  1.46928E+15 0.00103 
   49   49    1    1    1    1    1    1    1    1  1.27979E+15 0.00110 
   50   50    1    1    1    1    1    1    1    1  1.93591E+15 0.00100 
   51   51    1    1    1    1    1    1    1    1  1.51675E+15 0.00127 
   52   52    1    1    1    1    1    1    1    1  1.66928E+15 0.00128 
   53   53    1    1    1    1    1    1    1    1  1.21027E+15 0.00128 
   54   54    1    1    1    1    1    1    1    1  1.45331E+15 0.00116 
   55   55    1    1    1    1    1    1    1    1  1.05467E+15 0.00123 
   56   56    1    1    1    1    1    1    1    1  1.46605E+14 0.00177 
   57   57    1    1    1    1    1    1    1    1  2.01375E+15 0.00099 
   58   58    1    1    1    1    1    1    1    1  8.70497E+14 0.00123 
   59   59    1    1    1    1    1    1    1    1  9.62023E+14 0.00127 
   60   60    1    1    1    1    1    1    1    1  7.71037E+14 0.00161 
   61   61    1    1    1    1    1    1    1    1  7.72867E+14 0.00137 
   62   62    1    1    1    1    1    1    1    1  7.58976E+14 0.00119 
   63   63    1    1    1    1    1    1    1    1  6.30661E+14 0.00145 
   64   64    1    1    1    1    1    1    1    1  4.92266E+14 0.00155 
   65   65    1    1    1    1    1    1    1    1  4.75537E+14 0.00170 
   66   66    1    1    1    1    1    1    1    1  4.02978E+14 0.00188 
   67   67    1    1    1    1    1    1    1    1  3.34795E+14 0.00169 
   68   68    1    1    1    1    1    1    1    1  2.92634E+14 0.00177 
   69   69    1    1    1    1    1    1    1    1  3.57505E+14 0.00185 
   70   70    1    1    1    1    1    1    1    1  3.08077E+14 0.00182 
   71   71    1    1    1    1    1    1    1    1  5.88405E+14 0.00175 
   72   72    1    1    1    1    1    1    1    1  4.38085E+14 0.00229 
   73   73    1    1    1    1    1    1    1    1  3.43599E+14 0.00177 
   74   74    1    1    1    1    1    1    1    1  2.78601E+14 0.00177 
   75   75    1    1    1    1    1    1    1    1  2.25206E+14 0.00185 
   76   76    1    1    1    1    1    1    1    1  2.53895E+14 0.00180 
   77   77    1    1    1    1    1    1    1    1  1.95975E+14 0.00286 
   78   78    1    1    1    1    1    1    1    1  1.47643E+14 0.00173 
   79   79    1    1    1    1    1    1    1    1  1.52682E+14 0.00280 
   80   80    1    1    1    1    1    1    1    1  1.14187E+14 0.00258 
   81   81    1    1    1    1    1    1    1    1  8.78251E+13 0.00301 
   82   82    1    1    1    1    1    1    1    1  6.81943E+13 0.00221 
   83   83    1    1    1    1    1    1    1    1  6.37497E+13 0.00362 
   84   84    1    1    1    1    1    1    1    1  4.55279E+13 0.00433 
   85   85    1    1    1    1    1    1    1    1  3.27596E+13 0.00362 
   86   86    1    1    1    1    1    1    1    1  3.08513E+13 0.00460 
   87   87    1    1    1    1    1    1    1    1  1.92437E+13 0.00569 
   88   88    1    1    1    1    1    1    1    1  1.29223E+13 0.00728 
   89   89    1    1    1    1    1    1    1    1  7.46047E+12 0.00941 
   90   90    1    1    1    1    1    1    1    1  4.96359E+12 0.00695 
   91   91    1    1    1    1    1    1    1    1  2.55096E+12 0.01573 
   92   92    1    1    1    1    1    1    1    1  1.19869E+12 0.02661 
   93   93    1    1    1    1    1    1    1    1  5.91685E+11 0.03829 
   94   94    1    1    1    1    1    1    1    1  2.81230E+11 0.02961 
   95   95    1    1    1    1    1    1    1    1  1.19307E+11 0.09443 
   96   96    1    1    1    1    1    1    1    1  7.40305E+10 0.07617 
   97   97    1    1    1    1    1    1    1    1  4.14883E+10 0.12999 
   98   98    1    1    1    1    1    1    1    1  1.51936E+10 0.18173 
   99   99    1    1    1    1    1    1    1    1  4.92051E+09 0.31279 
  100  100    1    1    1    1    1    1    1    1  7.05671E+09 0.33776 
];


