
DETdpaspec = [
    1    1    1    1    1    1    1    1    1    1  0.00000E+00 0.00000 
    2    2    1    1    1    1    1    1    1    1  0.00000E+00 0.00000 
    3    3    1    1    1    1    1    1    1    1  0.00000E+00 0.00000 
    4    4    1    1    1    1    1    1    1    1  3.16809E+07 0.54689 
    5    5    1    1    1    1    1    1    1    1  3.11885E+07 0.54617 
    6    6    1    1    1    1    1    1    1    1  9.14318E+06 1.00000 
    7    7    1    1    1    1    1    1    1    1  0.00000E+00 0.00000 
    8    8    1    1    1    1    1    1    1    1  4.19916E+07 0.70965 
    9    9    1    1    1    1    1    1    1    1  1.80180E+07 0.70244 
   10   10    1    1    1    1    1    1    1    1  1.55166E+08 0.57553 
   11   11    1    1    1    1    1    1    1    1  4.36749E+08 0.45884 
   12   12    1    1    1    1    1    1    1    1  1.98557E+08 0.33183 
   13   13    1    1    1    1    1    1    1    1  2.77093E+09 0.30783 
   14   14    1    1    1    1    1    1    1    1  3.22793E+09 0.27898 
   15   15    1    1    1    1    1    1    1    1  7.81920E+09 0.21154 
   16   16    1    1    1    1    1    1    1    1  6.21918E+09 0.18167 
   17   17    1    1    1    1    1    1    1    1  5.79541E+09 0.18699 
   18   18    1    1    1    1    1    1    1    1  1.68662E+10 0.09506 
   19   19    1    1    1    1    1    1    1    1  2.73886E+10 0.07754 
   20   20    1    1    1    1    1    1    1    1  8.19127E+10 0.07028 
   21   21    1    1    1    1    1    1    1    1  6.50123E+10 0.07532 
   22   22    1    1    1    1    1    1    1    1  1.96439E+11 0.04134 
   23   23    1    1    1    1    1    1    1    1  3.49021E+11 0.02949 
   24   24    1    1    1    1    1    1    1    1  7.68670E+11 0.02233 
   25   25    1    1    1    1    1    1    1    1  1.25006E+12 0.01645 
   26   26    1    1    1    1    1    1    1    1  2.64413E+12 0.01089 
   27   27    1    1    1    1    1    1    1    1  5.14738E+12 0.01104 
   28   28    1    1    1    1    1    1    1    1  1.06722E+13 0.00752 
   29   29    1    1    1    1    1    1    1    1  1.36452E+13 0.00442 
   30   30    1    1    1    1    1    1    1    1  3.03536E+13 0.00340 
   31   31    1    1    1    1    1    1    1    1  6.30023E+13 0.00331 
   32   32    1    1    1    1    1    1    1    1  8.38365E+13 0.00221 
   33   33    1    1    1    1    1    1    1    1  1.53068E+14 0.00190 
   34   34    1    1    1    1    1    1    1    1  1.61938E+14 0.00181 
   35   35    1    1    1    1    1    1    1    1  2.22232E+14 0.00171 
   36   36    1    1    1    1    1    1    1    1  1.90229E+14 0.00182 
   37   37    1    1    1    1    1    1    1    1  5.98613E+13 0.00218 
   38   38    1    1    1    1    1    1    1    1  2.65248E+14 0.00140 
   39   39    1    1    1    1    1    1    1    1  3.04972E+14 0.00131 
   40   40    1    1    1    1    1    1    1    1  4.96063E+14 0.00130 
   41   41    1    1    1    1    1    1    1    1  4.63544E+14 0.00121 
   42   42    1    1    1    1    1    1    1    1  7.73288E+14 0.00119 
   43   43    1    1    1    1    1    1    1    1  8.03929E+14 0.00128 
   44   44    1    1    1    1    1    1    1    1  1.00144E+15 0.00099 
   45   45    1    1    1    1    1    1    1    1  1.65323E+15 0.00113 
   46   46    1    1    1    1    1    1    1    1  9.35651E+14 0.00110 
   47   47    1    1    1    1    1    1    1    1  1.25167E+15 0.00108 
   48   48    1    1    1    1    1    1    1    1  1.74335E+15 0.00104 
   49   49    1    1    1    1    1    1    1    1  1.51888E+15 0.00099 
   50   50    1    1    1    1    1    1    1    1  2.30818E+15 0.00105 
   51   51    1    1    1    1    1    1    1    1  1.80900E+15 0.00092 
   52   52    1    1    1    1    1    1    1    1  2.00108E+15 0.00099 
   53   53    1    1    1    1    1    1    1    1  1.45031E+15 0.00084 
   54   54    1    1    1    1    1    1    1    1  1.74734E+15 0.00113 
   55   55    1    1    1    1    1    1    1    1  1.26870E+15 0.00087 
   56   56    1    1    1    1    1    1    1    1  1.76879E+14 0.00145 
   57   57    1    1    1    1    1    1    1    1  2.42721E+15 0.00109 
   58   58    1    1    1    1    1    1    1    1  1.05612E+15 0.00120 
   59   59    1    1    1    1    1    1    1    1  1.16613E+15 0.00122 
   60   60    1    1    1    1    1    1    1    1  9.39357E+14 0.00125 
   61   61    1    1    1    1    1    1    1    1  9.41211E+14 0.00117 
   62   62    1    1    1    1    1    1    1    1  9.25868E+14 0.00134 
   63   63    1    1    1    1    1    1    1    1  7.69937E+14 0.00125 
   64   64    1    1    1    1    1    1    1    1  6.03112E+14 0.00135 
   65   65    1    1    1    1    1    1    1    1  5.82965E+14 0.00129 
   66   66    1    1    1    1    1    1    1    1  4.94962E+14 0.00130 
   67   67    1    1    1    1    1    1    1    1  4.10434E+14 0.00123 
   68   68    1    1    1    1    1    1    1    1  3.59199E+14 0.00169 
   69   69    1    1    1    1    1    1    1    1  4.39934E+14 0.00171 
   70   70    1    1    1    1    1    1    1    1  3.79497E+14 0.00181 
   71   71    1    1    1    1    1    1    1    1  7.20315E+14 0.00165 
   72   72    1    1    1    1    1    1    1    1  5.34790E+14 0.00181 
   73   73    1    1    1    1    1    1    1    1  4.21224E+14 0.00205 
   74   74    1    1    1    1    1    1    1    1  3.42247E+14 0.00149 
   75   75    1    1    1    1    1    1    1    1  2.77657E+14 0.00232 
   76   76    1    1    1    1    1    1    1    1  3.14874E+14 0.00242 
   77   77    1    1    1    1    1    1    1    1  2.44080E+14 0.00205 
   78   78    1    1    1    1    1    1    1    1  1.84513E+14 0.00259 
   79   79    1    1    1    1    1    1    1    1  1.90668E+14 0.00261 
   80   80    1    1    1    1    1    1    1    1  1.42524E+14 0.00232 
   81   81    1    1    1    1    1    1    1    1  1.10470E+14 0.00255 
   82   82    1    1    1    1    1    1    1    1  8.53728E+13 0.00312 
   83   83    1    1    1    1    1    1    1    1  7.93226E+13 0.00263 
   84   84    1    1    1    1    1    1    1    1  5.73347E+13 0.00257 
   85   85    1    1    1    1    1    1    1    1  4.12274E+13 0.00392 
   86   86    1    1    1    1    1    1    1    1  3.88372E+13 0.00441 
   87   87    1    1    1    1    1    1    1    1  2.39526E+13 0.00562 
   88   88    1    1    1    1    1    1    1    1  1.63179E+13 0.00577 
   89   89    1    1    1    1    1    1    1    1  9.41218E+12 0.00842 
   90   90    1    1    1    1    1    1    1    1  6.25819E+12 0.00849 
   91   91    1    1    1    1    1    1    1    1  3.11347E+12 0.01618 
   92   92    1    1    1    1    1    1    1    1  1.55864E+12 0.02163 
   93   93    1    1    1    1    1    1    1    1  7.11297E+11 0.03294 
   94   94    1    1    1    1    1    1    1    1  3.49406E+11 0.04094 
   95   95    1    1    1    1    1    1    1    1  1.89477E+11 0.07314 
   96   96    1    1    1    1    1    1    1    1  7.97627E+10 0.07979 
   97   97    1    1    1    1    1    1    1    1  5.04256E+10 0.12905 
   98   98    1    1    1    1    1    1    1    1  1.44329E+10 0.18503 
   99   99    1    1    1    1    1    1    1    1  5.73887E+09 0.32327 
  100  100    1    1    1    1    1    1    1    1  7.64426E+09 0.18535 
];


