
DETdpaspec = [
    1    1    1    1    1    1    1    1    1    1  0.00000E+00 0.00000 
    2    2    1    1    1    1    1    1    1    1  0.00000E+00 0.00000 
    3    3    1    1    1    1    1    1    1    1  0.00000E+00 0.00000 
    4    4    1    1    1    1    1    1    1    1  1.90166E+07 0.68880 
    5    5    1    1    1    1    1    1    1    1  0.00000E+00 0.00000 
    6    6    1    1    1    1    1    1    1    1  9.10943E+06 1.00000 
    7    7    1    1    1    1    1    1    1    1  1.71647E+07 1.00000 
    8    8    1    1    1    1    1    1    1    1  6.61142E+07 0.46037 
    9    9    1    1    1    1    1    1    1    1  2.85714E+07 1.00000 
   10   10    1    1    1    1    1    1    1    1  7.44842E+07 0.69223 
   11   11    1    1    1    1    1    1    1    1  5.59322E+08 0.52432 
   12   12    1    1    1    1    1    1    1    1  1.01113E+08 0.58201 
   13   13    1    1    1    1    1    1    1    1  4.13027E+09 0.34977 
   14   14    1    1    1    1    1    1    1    1  5.66101E+09 0.26619 
   15   15    1    1    1    1    1    1    1    1  1.08185E+10 0.17886 
   16   16    1    1    1    1    1    1    1    1  3.94258E+09 0.20979 
   17   17    1    1    1    1    1    1    1    1  8.40981E+09 0.16044 
   18   18    1    1    1    1    1    1    1    1  2.08449E+10 0.17168 
   19   19    1    1    1    1    1    1    1    1  2.67705E+10 0.10388 
   20   20    1    1    1    1    1    1    1    1  8.76220E+10 0.05954 
   21   21    1    1    1    1    1    1    1    1  7.77342E+10 0.06060 
   22   22    1    1    1    1    1    1    1    1  1.77571E+11 0.04183 
   23   23    1    1    1    1    1    1    1    1  3.48656E+11 0.02593 
   24   24    1    1    1    1    1    1    1    1  7.38724E+11 0.02606 
   25   25    1    1    1    1    1    1    1    1  1.16430E+12 0.01703 
   26   26    1    1    1    1    1    1    1    1  2.52239E+12 0.01719 
   27   27    1    1    1    1    1    1    1    1  4.89949E+12 0.00874 
   28   28    1    1    1    1    1    1    1    1  1.00599E+13 0.00530 
   29   29    1    1    1    1    1    1    1    1  1.29992E+13 0.00461 
   30   30    1    1    1    1    1    1    1    1  2.90024E+13 0.00341 
   31   31    1    1    1    1    1    1    1    1  6.01661E+13 0.00277 
   32   32    1    1    1    1    1    1    1    1  7.99915E+13 0.00264 
   33   33    1    1    1    1    1    1    1    1  1.46181E+14 0.00215 
   34   34    1    1    1    1    1    1    1    1  1.54250E+14 0.00231 
   35   35    1    1    1    1    1    1    1    1  2.13016E+14 0.00165 
   36   36    1    1    1    1    1    1    1    1  1.82011E+14 0.00119 
   37   37    1    1    1    1    1    1    1    1  5.73689E+13 0.00141 
   38   38    1    1    1    1    1    1    1    1  2.53875E+14 0.00097 
   39   39    1    1    1    1    1    1    1    1  2.91493E+14 0.00113 
   40   40    1    1    1    1    1    1    1    1  4.74694E+14 0.00118 
   41   41    1    1    1    1    1    1    1    1  4.43912E+14 0.00107 
   42   42    1    1    1    1    1    1    1    1  7.39157E+14 0.00076 
   43   43    1    1    1    1    1    1    1    1  7.67494E+14 0.00083 
   44   44    1    1    1    1    1    1    1    1  9.54576E+14 0.00101 
   45   45    1    1    1    1    1    1    1    1  1.57639E+15 0.00099 
   46   46    1    1    1    1    1    1    1    1  8.90886E+14 0.00091 
   47   47    1    1    1    1    1    1    1    1  1.19152E+15 0.00078 
   48   48    1    1    1    1    1    1    1    1  1.65923E+15 0.00062 
   49   49    1    1    1    1    1    1    1    1  1.44518E+15 0.00084 
   50   50    1    1    1    1    1    1    1    1  2.19432E+15 0.00071 
   51   51    1    1    1    1    1    1    1    1  1.72035E+15 0.00088 
   52   52    1    1    1    1    1    1    1    1  1.89796E+15 0.00092 
   53   53    1    1    1    1    1    1    1    1  1.37657E+15 0.00074 
   54   54    1    1    1    1    1    1    1    1  1.65720E+15 0.00088 
   55   55    1    1    1    1    1    1    1    1  1.20304E+15 0.00091 
   56   56    1    1    1    1    1    1    1    1  1.67746E+14 0.00165 
   57   57    1    1    1    1    1    1    1    1  2.30109E+15 0.00111 
   58   58    1    1    1    1    1    1    1    1  9.98271E+14 0.00104 
   59   59    1    1    1    1    1    1    1    1  1.10212E+15 0.00082 
   60   60    1    1    1    1    1    1    1    1  8.88193E+14 0.00104 
   61   61    1    1    1    1    1    1    1    1  8.89508E+14 0.00094 
   62   62    1    1    1    1    1    1    1    1  8.73591E+14 0.00079 
   63   63    1    1    1    1    1    1    1    1  7.26797E+14 0.00127 
   64   64    1    1    1    1    1    1    1    1  5.68029E+14 0.00150 
   65   65    1    1    1    1    1    1    1    1  5.48776E+14 0.00088 
   66   66    1    1    1    1    1    1    1    1  4.65528E+14 0.00104 
   67   67    1    1    1    1    1    1    1    1  3.86753E+14 0.00135 
   68   68    1    1    1    1    1    1    1    1  3.38120E+14 0.00144 
   69   69    1    1    1    1    1    1    1    1  4.14029E+14 0.00107 
   70   70    1    1    1    1    1    1    1    1  3.56689E+14 0.00154 
   71   71    1    1    1    1    1    1    1    1  6.78861E+14 0.00123 
   72   72    1    1    1    1    1    1    1    1  5.05603E+14 0.00137 
   73   73    1    1    1    1    1    1    1    1  3.96488E+14 0.00145 
   74   74    1    1    1    1    1    1    1    1  3.21681E+14 0.00184 
   75   75    1    1    1    1    1    1    1    1  2.61197E+14 0.00125 
   76   76    1    1    1    1    1    1    1    1  2.95548E+14 0.00136 
   77   77    1    1    1    1    1    1    1    1  2.28867E+14 0.00165 
   78   78    1    1    1    1    1    1    1    1  1.72498E+14 0.00152 
   79   79    1    1    1    1    1    1    1    1  1.78106E+14 0.00222 
   80   80    1    1    1    1    1    1    1    1  1.33505E+14 0.00213 
   81   81    1    1    1    1    1    1    1    1  1.02953E+14 0.00252 
   82   82    1    1    1    1    1    1    1    1  7.99494E+13 0.00255 
   83   83    1    1    1    1    1    1    1    1  7.45373E+13 0.00332 
   84   84    1    1    1    1    1    1    1    1  5.38383E+13 0.00348 
   85   85    1    1    1    1    1    1    1    1  3.85748E+13 0.00384 
   86   86    1    1    1    1    1    1    1    1  3.62189E+13 0.00419 
   87   87    1    1    1    1    1    1    1    1  2.22667E+13 0.00727 
   88   88    1    1    1    1    1    1    1    1  1.52094E+13 0.00698 
   89   89    1    1    1    1    1    1    1    1  8.76169E+12 0.00661 
   90   90    1    1    1    1    1    1    1    1  5.81644E+12 0.01296 
   91   91    1    1    1    1    1    1    1    1  2.93876E+12 0.01260 
   92   92    1    1    1    1    1    1    1    1  1.43166E+12 0.01903 
   93   93    1    1    1    1    1    1    1    1  6.47505E+11 0.03718 
   94   94    1    1    1    1    1    1    1    1  3.43375E+11 0.04401 
   95   95    1    1    1    1    1    1    1    1  1.60939E+11 0.05645 
   96   96    1    1    1    1    1    1    1    1  7.55328E+10 0.10974 
   97   97    1    1    1    1    1    1    1    1  4.06658E+10 0.11386 
   98   98    1    1    1    1    1    1    1    1  1.89450E+10 0.20176 
   99   99    1    1    1    1    1    1    1    1  1.13562E+10 0.20796 
  100  100    1    1    1    1    1    1    1    1  9.37486E+09 0.23012 
];


