
DETdpaspec = [
    1    1    1    1    1    1    1    1    1    1  0.00000E+00 0.00000 
    2    2    1    1    1    1    1    1    1    1  0.00000E+00 0.00000 
    3    3    1    1    1    1    1    1    1    1  0.00000E+00 0.00000 
    4    4    1    1    1    1    1    1    1    1  1.76184E+07 0.68825 
    5    5    1    1    1    1    1    1    1    1  2.77790E+07 0.71697 
    6    6    1    1    1    1    1    1    1    1  2.73910E+07 0.54826 
    7    7    1    1    1    1    1    1    1    1  3.14410E+07 1.00000 
    8    8    1    1    1    1    1    1    1    1  3.03759E+07 0.68880 
    9    9    1    1    1    1    1    1    1    1  8.49438E+07 0.42192 
   10   10    1    1    1    1    1    1    1    1  3.40984E+08 0.45283 
   11   11    1    1    1    1    1    1    1    1  2.79020E+08 0.43755 
   12   12    1    1    1    1    1    1    1    1  3.51269E+08 0.31471 
   13   13    1    1    1    1    1    1    1    1  2.92923E+09 0.28081 
   14   14    1    1    1    1    1    1    1    1  4.82641E+09 0.24686 
   15   15    1    1    1    1    1    1    1    1  1.33218E+10 0.16903 
   16   16    1    1    1    1    1    1    1    1  4.08722E+09 0.17163 
   17   17    1    1    1    1    1    1    1    1  7.39344E+09 0.12720 
   18   18    1    1    1    1    1    1    1    1  1.96220E+10 0.11681 
   19   19    1    1    1    1    1    1    1    1  3.86398E+10 0.09752 
   20   20    1    1    1    1    1    1    1    1  8.23647E+10 0.06596 
   21   21    1    1    1    1    1    1    1    1  7.56396E+10 0.04834 
   22   22    1    1    1    1    1    1    1    1  2.11629E+11 0.04423 
   23   23    1    1    1    1    1    1    1    1  3.75587E+11 0.03401 
   24   24    1    1    1    1    1    1    1    1  6.95949E+11 0.02175 
   25   25    1    1    1    1    1    1    1    1  1.07898E+12 0.02493 
   26   26    1    1    1    1    1    1    1    1  2.24608E+12 0.01013 
   27   27    1    1    1    1    1    1    1    1  4.41081E+12 0.00690 
   28   28    1    1    1    1    1    1    1    1  8.82180E+12 0.00564 
   29   29    1    1    1    1    1    1    1    1  1.11617E+13 0.00566 
   30   30    1    1    1    1    1    1    1    1  2.52052E+13 0.00447 
   31   31    1    1    1    1    1    1    1    1  5.24481E+13 0.00389 
   32   32    1    1    1    1    1    1    1    1  6.98171E+13 0.00438 
   33   33    1    1    1    1    1    1    1    1  1.26811E+14 0.00268 
   34   34    1    1    1    1    1    1    1    1  1.31989E+14 0.00306 
   35   35    1    1    1    1    1    1    1    1  1.84058E+14 0.00187 
   36   36    1    1    1    1    1    1    1    1  1.57014E+14 0.00176 
   37   37    1    1    1    1    1    1    1    1  4.96991E+13 0.00194 
   38   38    1    1    1    1    1    1    1    1  2.17903E+14 0.00167 
   39   39    1    1    1    1    1    1    1    1  2.50354E+14 0.00197 
   40   40    1    1    1    1    1    1    1    1  4.04225E+14 0.00196 
   41   41    1    1    1    1    1    1    1    1  3.79821E+14 0.00182 
   42   42    1    1    1    1    1    1    1    1  6.28889E+14 0.00147 
   43   43    1    1    1    1    1    1    1    1  6.51138E+14 0.00181 
   44   44    1    1    1    1    1    1    1    1  8.07158E+14 0.00129 
   45   45    1    1    1    1    1    1    1    1  1.32787E+15 0.00126 
   46   46    1    1    1    1    1    1    1    1  7.47628E+14 0.00136 
   47   47    1    1    1    1    1    1    1    1  1.00293E+15 0.00133 
   48   48    1    1    1    1    1    1    1    1  1.38943E+15 0.00139 
   49   49    1    1    1    1    1    1    1    1  1.21093E+15 0.00137 
   50   50    1    1    1    1    1    1    1    1  1.82659E+15 0.00108 
   51   51    1    1    1    1    1    1    1    1  1.43537E+15 0.00129 
   52   52    1    1    1    1    1    1    1    1  1.57930E+15 0.00134 
   53   53    1    1    1    1    1    1    1    1  1.14434E+15 0.00131 
   54   54    1    1    1    1    1    1    1    1  1.37163E+15 0.00140 
   55   55    1    1    1    1    1    1    1    1  9.93985E+14 0.00175 
   56   56    1    1    1    1    1    1    1    1  1.38920E+14 0.00242 
   57   57    1    1    1    1    1    1    1    1  1.89988E+15 0.00167 
   58   58    1    1    1    1    1    1    1    1  8.20435E+14 0.00161 
   59   59    1    1    1    1    1    1    1    1  9.05663E+14 0.00160 
   60   60    1    1    1    1    1    1    1    1  7.26453E+14 0.00170 
   61   61    1    1    1    1    1    1    1    1  7.26329E+14 0.00181 
   62   62    1    1    1    1    1    1    1    1  7.13192E+14 0.00160 
   63   63    1    1    1    1    1    1    1    1  5.92091E+14 0.00179 
   64   64    1    1    1    1    1    1    1    1  4.62938E+14 0.00209 
   65   65    1    1    1    1    1    1    1    1  4.47077E+14 0.00217 
   66   66    1    1    1    1    1    1    1    1  3.78690E+14 0.00245 
   67   67    1    1    1    1    1    1    1    1  3.14343E+14 0.00223 
   68   68    1    1    1    1    1    1    1    1  2.74556E+14 0.00231 
   69   69    1    1    1    1    1    1    1    1  3.36044E+14 0.00215 
   70   70    1    1    1    1    1    1    1    1  2.89347E+14 0.00190 
   71   71    1    1    1    1    1    1    1    1  5.52528E+14 0.00208 
   72   72    1    1    1    1    1    1    1    1  4.11399E+14 0.00196 
   73   73    1    1    1    1    1    1    1    1  3.21704E+14 0.00213 
   74   74    1    1    1    1    1    1    1    1  2.60461E+14 0.00187 
   75   75    1    1    1    1    1    1    1    1  2.11024E+14 0.00252 
   76   76    1    1    1    1    1    1    1    1  2.38068E+14 0.00222 
   77   77    1    1    1    1    1    1    1    1  1.83374E+14 0.00192 
   78   78    1    1    1    1    1    1    1    1  1.37978E+14 0.00352 
   79   79    1    1    1    1    1    1    1    1  1.42107E+14 0.00195 
   80   80    1    1    1    1    1    1    1    1  1.06047E+14 0.00252 
   81   81    1    1    1    1    1    1    1    1  8.21575E+13 0.00233 
   82   82    1    1    1    1    1    1    1    1  6.36147E+13 0.00296 
   83   83    1    1    1    1    1    1    1    1  5.95928E+13 0.00323 
   84   84    1    1    1    1    1    1    1    1  4.26352E+13 0.00411 
   85   85    1    1    1    1    1    1    1    1  3.05588E+13 0.00477 
   86   86    1    1    1    1    1    1    1    1  2.85582E+13 0.00435 
   87   87    1    1    1    1    1    1    1    1  1.79444E+13 0.00621 
   88   88    1    1    1    1    1    1    1    1  1.22109E+13 0.00644 
   89   89    1    1    1    1    1    1    1    1  6.88603E+12 0.00983 
   90   90    1    1    1    1    1    1    1    1  4.69944E+12 0.01331 
   91   91    1    1    1    1    1    1    1    1  2.42865E+12 0.01192 
   92   92    1    1    1    1    1    1    1    1  1.14070E+12 0.02310 
   93   93    1    1    1    1    1    1    1    1  5.33852E+11 0.03621 
   94   94    1    1    1    1    1    1    1    1  2.65707E+11 0.04469 
   95   95    1    1    1    1    1    1    1    1  1.24665E+11 0.05553 
   96   96    1    1    1    1    1    1    1    1  5.45230E+10 0.09430 
   97   97    1    1    1    1    1    1    1    1  2.94460E+10 0.13236 
   98   98    1    1    1    1    1    1    1    1  1.12958E+10 0.24946 
   99   99    1    1    1    1    1    1    1    1  7.82321E+09 0.46270 
  100  100    1    1    1    1    1    1    1    1  7.04679E+09 0.26019 
];


