
DETdpaspec = [
    1    1    1    1    1    1    1    1    1    1  0.00000E+00 0.00000 
    2    2    1    1    1    1    1    1    1    1  0.00000E+00 0.00000 
    3    3    1    1    1    1    1    1    1    1  0.00000E+00 0.00000 
    4    4    1    1    1    1    1    1    1    1  1.76083E+07 1.00000 
    5    5    1    1    1    1    1    1    1    1  8.87406E+06 1.00000 
    6    6    1    1    1    1    1    1    1    1  8.78448E+06 1.00000 
    7    7    1    1    1    1    1    1    1    1  1.11707E+07 1.00000 
    8    8    1    1    1    1    1    1    1    1  5.26998E+07 0.56723 
    9    9    1    1    1    1    1    1    1    1  5.62885E+07 0.41682 
   10   10    1    1    1    1    1    1    1    1  3.39094E+08 0.59216 
   11   11    1    1    1    1    1    1    1    1  6.69059E+08 0.41934 
   12   12    1    1    1    1    1    1    1    1  2.64421E+08 0.26813 
   13   13    1    1    1    1    1    1    1    1  3.61497E+09 0.27811 
   14   14    1    1    1    1    1    1    1    1  4.78408E+09 0.21411 
   15   15    1    1    1    1    1    1    1    1  1.09466E+10 0.18556 
   16   16    1    1    1    1    1    1    1    1  2.90113E+09 0.17771 
   17   17    1    1    1    1    1    1    1    1  6.20702E+09 0.15784 
   18   18    1    1    1    1    1    1    1    1  2.48177E+10 0.12044 
   19   19    1    1    1    1    1    1    1    1  3.54397E+10 0.08777 
   20   20    1    1    1    1    1    1    1    1  9.31632E+10 0.06980 
   21   21    1    1    1    1    1    1    1    1  8.10216E+10 0.03745 
   22   22    1    1    1    1    1    1    1    1  2.22651E+11 0.03485 
   23   23    1    1    1    1    1    1    1    1  3.97448E+11 0.03937 
   24   24    1    1    1    1    1    1    1    1  7.08512E+11 0.02211 
   25   25    1    1    1    1    1    1    1    1  1.13073E+12 0.02490 
   26   26    1    1    1    1    1    1    1    1  2.26030E+12 0.01224 
   27   27    1    1    1    1    1    1    1    1  4.30436E+12 0.01092 
   28   28    1    1    1    1    1    1    1    1  8.67722E+12 0.00657 
   29   29    1    1    1    1    1    1    1    1  1.07814E+13 0.00757 
   30   30    1    1    1    1    1    1    1    1  2.48191E+13 0.00304 
   31   31    1    1    1    1    1    1    1    1  5.14057E+13 0.00413 
   32   32    1    1    1    1    1    1    1    1  6.77597E+13 0.00332 
   33   33    1    1    1    1    1    1    1    1  1.23628E+14 0.00303 
   34   34    1    1    1    1    1    1    1    1  1.28272E+14 0.00201 
   35   35    1    1    1    1    1    1    1    1  1.80175E+14 0.00177 
   36   36    1    1    1    1    1    1    1    1  1.53758E+14 0.00207 
   37   37    1    1    1    1    1    1    1    1  4.86581E+13 0.00211 
   38   38    1    1    1    1    1    1    1    1  2.13556E+14 0.00187 
   39   39    1    1    1    1    1    1    1    1  2.43982E+14 0.00171 
   40   40    1    1    1    1    1    1    1    1  3.94383E+14 0.00148 
   41   41    1    1    1    1    1    1    1    1  3.70069E+14 0.00173 
   42   42    1    1    1    1    1    1    1    1  6.12659E+14 0.00160 
   43   43    1    1    1    1    1    1    1    1  6.32760E+14 0.00147 
   44   44    1    1    1    1    1    1    1    1  7.85306E+14 0.00148 
   45   45    1    1    1    1    1    1    1    1  1.28955E+15 0.00153 
   46   46    1    1    1    1    1    1    1    1  7.26987E+14 0.00126 
   47   47    1    1    1    1    1    1    1    1  9.73597E+14 0.00121 
   48   48    1    1    1    1    1    1    1    1  1.34911E+15 0.00151 
   49   49    1    1    1    1    1    1    1    1  1.17744E+15 0.00155 
   50   50    1    1    1    1    1    1    1    1  1.77590E+15 0.00150 
   51   51    1    1    1    1    1    1    1    1  1.39341E+15 0.00128 
   52   52    1    1    1    1    1    1    1    1  1.52975E+15 0.00141 
   53   53    1    1    1    1    1    1    1    1  1.10816E+15 0.00155 
   54   54    1    1    1    1    1    1    1    1  1.32749E+15 0.00142 
   55   55    1    1    1    1    1    1    1    1  9.62374E+14 0.00142 
   56   56    1    1    1    1    1    1    1    1  1.34263E+14 0.00161 
   57   57    1    1    1    1    1    1    1    1  1.83862E+15 0.00144 
   58   58    1    1    1    1    1    1    1    1  7.94256E+14 0.00150 
   59   59    1    1    1    1    1    1    1    1  8.76267E+14 0.00166 
   60   60    1    1    1    1    1    1    1    1  7.00638E+14 0.00153 
   61   61    1    1    1    1    1    1    1    1  7.01664E+14 0.00156 
   62   62    1    1    1    1    1    1    1    1  6.89530E+14 0.00176 
   63   63    1    1    1    1    1    1    1    1  5.72226E+14 0.00191 
   64   64    1    1    1    1    1    1    1    1  4.46349E+14 0.00137 
   65   65    1    1    1    1    1    1    1    1  4.31767E+14 0.00162 
   66   66    1    1    1    1    1    1    1    1  3.66015E+14 0.00218 
   67   67    1    1    1    1    1    1    1    1  3.03686E+14 0.00237 
   68   68    1    1    1    1    1    1    1    1  2.65370E+14 0.00207 
   69   69    1    1    1    1    1    1    1    1  3.24342E+14 0.00188 
   70   70    1    1    1    1    1    1    1    1  2.79587E+14 0.00237 
   71   71    1    1    1    1    1    1    1    1  5.32719E+14 0.00160 
   72   72    1    1    1    1    1    1    1    1  3.97115E+14 0.00170 
   73   73    1    1    1    1    1    1    1    1  3.11591E+14 0.00211 
   74   74    1    1    1    1    1    1    1    1  2.51970E+14 0.00221 
   75   75    1    1    1    1    1    1    1    1  2.03885E+14 0.00227 
   76   76    1    1    1    1    1    1    1    1  2.29274E+14 0.00224 
   77   77    1    1    1    1    1    1    1    1  1.76455E+14 0.00238 
   78   78    1    1    1    1    1    1    1    1  1.33298E+14 0.00193 
   79   79    1    1    1    1    1    1    1    1  1.36921E+14 0.00183 
   80   80    1    1    1    1    1    1    1    1  1.02304E+14 0.00313 
   81   81    1    1    1    1    1    1    1    1  7.89872E+13 0.00288 
   82   82    1    1    1    1    1    1    1    1  6.10999E+13 0.00287 
   83   83    1    1    1    1    1    1    1    1  5.73610E+13 0.00368 
   84   84    1    1    1    1    1    1    1    1  4.09324E+13 0.00429 
   85   85    1    1    1    1    1    1    1    1  2.95237E+13 0.00325 
   86   86    1    1    1    1    1    1    1    1  2.76728E+13 0.00474 
   87   87    1    1    1    1    1    1    1    1  1.71566E+13 0.00505 
   88   88    1    1    1    1    1    1    1    1  1.16580E+13 0.00696 
   89   89    1    1    1    1    1    1    1    1  6.70308E+12 0.00940 
   90   90    1    1    1    1    1    1    1    1  4.50037E+12 0.00922 
   91   91    1    1    1    1    1    1    1    1  2.31536E+12 0.01727 
   92   92    1    1    1    1    1    1    1    1  1.12306E+12 0.02903 
   93   93    1    1    1    1    1    1    1    1  5.35377E+11 0.03397 
   94   94    1    1    1    1    1    1    1    1  2.79133E+11 0.05299 
   95   95    1    1    1    1    1    1    1    1  1.26701E+11 0.07139 
   96   96    1    1    1    1    1    1    1    1  6.54507E+10 0.09117 
   97   97    1    1    1    1    1    1    1    1  2.99883E+10 0.14465 
   98   98    1    1    1    1    1    1    1    1  1.39300E+10 0.22206 
   99   99    1    1    1    1    1    1    1    1  6.44079E+09 0.23921 
  100  100    1    1    1    1    1    1    1    1  6.43922E+09 0.36679 
];


