
DETdpaspec = [
    1    1    1    1    1    1    1    1    1    1  0.00000E+00 0.00000 
    2    2    1    1    1    1    1    1    1    1  0.00000E+00 0.00000 
    3    3    1    1    1    1    1    1    1    1  3.04863E+07 1.00000 
    4    4    1    1    1    1    1    1    1    1  0.00000E+00 0.00000 
    5    5    1    1    1    1    1    1    1    1  0.00000E+00 0.00000 
    6    6    1    1    1    1    1    1    1    1  0.00000E+00 0.00000 
    7    7    1    1    1    1    1    1    1    1  7.98748E+07 1.00000 
    8    8    1    1    1    1    1    1    1    1  3.34698E+07 1.00000 
    9    9    1    1    1    1    1    1    1    1  1.44986E+07 1.00000 
   10   10    1    1    1    1    1    1    1    1  0.00000E+00 0.00000 
   11   11    1    1    1    1    1    1    1    1  3.49134E+08 0.78487 
   12   12    1    1    1    1    1    1    1    1  2.82961E+08 0.65375 
   13   13    1    1    1    1    1    1    1    1  3.26406E+09 0.33883 
   14   14    1    1    1    1    1    1    1    1  9.36274E+09 0.30185 
   15   15    1    1    1    1    1    1    1    1  7.50599E+09 0.27214 
   16   16    1    1    1    1    1    1    1    1  3.40385E+09 0.27095 
   17   17    1    1    1    1    1    1    1    1  9.76767E+09 0.23894 
   18   18    1    1    1    1    1    1    1    1  3.64782E+10 0.11025 
   19   19    1    1    1    1    1    1    1    1  1.06277E+11 0.07712 
   20   20    1    1    1    1    1    1    1    1  5.13965E+11 0.04248 
   21   21    1    1    1    1    1    1    1    1  1.20087E+12 0.01405 
   22   22    1    1    1    1    1    1    1    1  4.30424E+12 0.00989 
   23   23    1    1    1    1    1    1    1    1  1.12887E+13 0.00771 
   24   24    1    1    1    1    1    1    1    1  2.04218E+13 0.00379 
   25   25    1    1    1    1    1    1    1    1  2.63577E+13 0.00436 
   26   26    1    1    1    1    1    1    1    1  4.22043E+13 0.00322 
   27   27    1    1    1    1    1    1    1    1  6.05279E+13 0.00344 
   28   28    1    1    1    1    1    1    1    1  9.36735E+13 0.00286 
   29   29    1    1    1    1    1    1    1    1  1.14218E+14 0.00223 
   30   30    1    1    1    1    1    1    1    1  1.69987E+14 0.00146 
   31   31    1    1    1    1    1    1    1    1  2.67973E+14 0.00128 
   32   32    1    1    1    1    1    1    1    1  3.05965E+14 0.00144 
   33   33    1    1    1    1    1    1    1    1  4.74676E+14 0.00110 
   34   34    1    1    1    1    1    1    1    1  4.95999E+14 0.00123 
   35   35    1    1    1    1    1    1    1    1  5.43756E+14 0.00105 
   36   36    1    1    1    1    1    1    1    1  4.19073E+14 0.00084 
   37   37    1    1    1    1    1    1    1    1  1.23164E+14 0.00079 
   38   38    1    1    1    1    1    1    1    1  5.59342E+14 0.00078 
   39   39    1    1    1    1    1    1    1    1  6.22770E+14 0.00083 
   40   40    1    1    1    1    1    1    1    1  1.01046E+15 0.00094 
   41   41    1    1    1    1    1    1    1    1  8.84170E+14 0.00061 
   42   42    1    1    1    1    1    1    1    1  1.47245E+15 0.00063 
   43   43    1    1    1    1    1    1    1    1  1.49558E+15 0.00074 
   44   44    1    1    1    1    1    1    1    1  1.83242E+15 0.00056 
   45   45    1    1    1    1    1    1    1    1  2.96988E+15 0.00067 
   46   46    1    1    1    1    1    1    1    1  1.65777E+15 0.00075 
   47   47    1    1    1    1    1    1    1    1  2.15332E+15 0.00076 
   48   48    1    1    1    1    1    1    1    1  2.97065E+15 0.00062 
   49   49    1    1    1    1    1    1    1    1  2.51336E+15 0.00069 
   50   50    1    1    1    1    1    1    1    1  3.85696E+15 0.00062 
   51   51    1    1    1    1    1    1    1    1  2.93740E+15 0.00066 
   52   52    1    1    1    1    1    1    1    1  3.28115E+15 0.00071 
   53   53    1    1    1    1    1    1    1    1  2.35395E+15 0.00073 
   54   54    1    1    1    1    1    1    1    1  2.87773E+15 0.00072 
   55   55    1    1    1    1    1    1    1    1  2.07329E+15 0.00070 
   56   56    1    1    1    1    1    1    1    1  2.86751E+14 0.00119 
   57   57    1    1    1    1    1    1    1    1  3.93639E+15 0.00077 
   58   58    1    1    1    1    1    1    1    1  1.75173E+15 0.00075 
   59   59    1    1    1    1    1    1    1    1  1.90365E+15 0.00071 
   60   60    1    1    1    1    1    1    1    1  1.56699E+15 0.00084 
   61   61    1    1    1    1    1    1    1    1  1.56343E+15 0.00084 
   62   62    1    1    1    1    1    1    1    1  1.53490E+15 0.00109 
   63   63    1    1    1    1    1    1    1    1  1.28347E+15 0.00092 
   64   64    1    1    1    1    1    1    1    1  1.00497E+15 0.00103 
   65   65    1    1    1    1    1    1    1    1  9.63652E+14 0.00081 
   66   66    1    1    1    1    1    1    1    1  8.22280E+14 0.00103 
   67   67    1    1    1    1    1    1    1    1  6.74644E+14 0.00093 
   68   68    1    1    1    1    1    1    1    1  5.85860E+14 0.00122 
   69   69    1    1    1    1    1    1    1    1  7.16371E+14 0.00140 
   70   70    1    1    1    1    1    1    1    1  6.13571E+14 0.00138 
   71   71    1    1    1    1    1    1    1    1  1.13207E+15 0.00097 
   72   72    1    1    1    1    1    1    1    1  8.28797E+14 0.00112 
   73   73    1    1    1    1    1    1    1    1  6.49177E+14 0.00131 
   74   74    1    1    1    1    1    1    1    1  5.36640E+14 0.00112 
   75   75    1    1    1    1    1    1    1    1  4.44416E+14 0.00111 
   76   76    1    1    1    1    1    1    1    1  5.14040E+14 0.00108 
   77   77    1    1    1    1    1    1    1    1  4.06089E+14 0.00112 
   78   78    1    1    1    1    1    1    1    1  3.12021E+14 0.00147 
   79   79    1    1    1    1    1    1    1    1  3.25763E+14 0.00163 
   80   80    1    1    1    1    1    1    1    1  2.44360E+14 0.00164 
   81   81    1    1    1    1    1    1    1    1  1.89348E+14 0.00117 
   82   82    1    1    1    1    1    1    1    1  1.46566E+14 0.00210 
   83   83    1    1    1    1    1    1    1    1  1.37113E+14 0.00181 
   84   84    1    1    1    1    1    1    1    1  9.82648E+13 0.00266 
   85   85    1    1    1    1    1    1    1    1  7.07139E+13 0.00351 
   86   86    1    1    1    1    1    1    1    1  6.64579E+13 0.00211 
   87   87    1    1    1    1    1    1    1    1  4.03350E+13 0.00346 
   88   88    1    1    1    1    1    1    1    1  2.70423E+13 0.00417 
   89   89    1    1    1    1    1    1    1    1  1.53297E+13 0.00437 
   90   90    1    1    1    1    1    1    1    1  1.00666E+13 0.00614 
   91   91    1    1    1    1    1    1    1    1  4.95107E+12 0.00859 
   92   92    1    1    1    1    1    1    1    1  2.41083E+12 0.01144 
   93   93    1    1    1    1    1    1    1    1  1.21423E+12 0.02522 
   94   94    1    1    1    1    1    1    1    1  5.78270E+11 0.03235 
   95   95    1    1    1    1    1    1    1    1  2.71078E+11 0.04667 
   96   96    1    1    1    1    1    1    1    1  1.26909E+11 0.07182 
   97   97    1    1    1    1    1    1    1    1  6.20233E+10 0.12137 
   98   98    1    1    1    1    1    1    1    1  2.79289E+10 0.11326 
   99   99    1    1    1    1    1    1    1    1  9.08734E+09 0.16739 
  100  100    1    1    1    1    1    1    1    1  9.80552E+09 0.19489 
];


