
DETdpaspec = [
    1    1    1    1    1    1    1    1    1    1  0.00000E+00 0.00000 
    2    2    1    1    1    1    1    1    1    1  0.00000E+00 0.00000 
    3    3    1    1    1    1    1    1    1    1  0.00000E+00 0.00000 
    4    4    1    1    1    1    1    1    1    1  2.69078E+07 0.54612 
    5    5    1    1    1    1    1    1    1    1  1.78665E+07 0.68846 
    6    6    1    1    1    1    1    1    1    1  0.00000E+00 0.00000 
    7    7    1    1    1    1    1    1    1    1  1.57867E+07 1.00000 
    8    8    1    1    1    1    1    1    1    1  4.26919E+07 0.55413 
    9    9    1    1    1    1    1    1    1    1  6.47603E+07 0.63118 
   10   10    1    1    1    1    1    1    1    1  2.88895E+08 0.50331 
   11   11    1    1    1    1    1    1    1    1  3.91698E+08 0.44806 
   12   12    1    1    1    1    1    1    1    1  3.04511E+08 0.29589 
   13   13    1    1    1    1    1    1    1    1  5.49621E+09 0.21389 
   14   14    1    1    1    1    1    1    1    1  7.60800E+09 0.27818 
   15   15    1    1    1    1    1    1    1    1  1.04019E+10 0.16560 
   16   16    1    1    1    1    1    1    1    1  3.88654E+09 0.16292 
   17   17    1    1    1    1    1    1    1    1  1.03974E+10 0.13532 
   18   18    1    1    1    1    1    1    1    1  3.25414E+10 0.11179 
   19   19    1    1    1    1    1    1    1    1  3.79856E+10 0.07880 
   20   20    1    1    1    1    1    1    1    1  9.45648E+10 0.06480 
   21   21    1    1    1    1    1    1    1    1  8.94727E+10 0.04931 
   22   22    1    1    1    1    1    1    1    1  2.40339E+11 0.03982 
   23   23    1    1    1    1    1    1    1    1  3.92464E+11 0.02985 
   24   24    1    1    1    1    1    1    1    1  7.21961E+11 0.02420 
   25   25    1    1    1    1    1    1    1    1  1.06251E+12 0.02038 
   26   26    1    1    1    1    1    1    1    1  2.12423E+12 0.01291 
   27   27    1    1    1    1    1    1    1    1  4.04978E+12 0.01156 
   28   28    1    1    1    1    1    1    1    1  7.73333E+12 0.00619 
   29   29    1    1    1    1    1    1    1    1  9.34104E+12 0.00577 
   30   30    1    1    1    1    1    1    1    1  2.20884E+13 0.00505 
   31   31    1    1    1    1    1    1    1    1  4.49577E+13 0.00383 
   32   32    1    1    1    1    1    1    1    1  5.92765E+13 0.00350 
   33   33    1    1    1    1    1    1    1    1  1.06631E+14 0.00306 
   34   34    1    1    1    1    1    1    1    1  1.08661E+14 0.00231 
   35   35    1    1    1    1    1    1    1    1  1.53943E+14 0.00271 
   36   36    1    1    1    1    1    1    1    1  1.31348E+14 0.00241 
   37   37    1    1    1    1    1    1    1    1  4.16547E+13 0.00217 
   38   38    1    1    1    1    1    1    1    1  1.80682E+14 0.00219 
   39   39    1    1    1    1    1    1    1    1  2.06572E+14 0.00193 
   40   40    1    1    1    1    1    1    1    1  3.30003E+14 0.00232 
   41   41    1    1    1    1    1    1    1    1  3.10855E+14 0.00232 
   42   42    1    1    1    1    1    1    1    1  5.10752E+14 0.00209 
   43   43    1    1    1    1    1    1    1    1  5.26132E+14 0.00220 
   44   44    1    1    1    1    1    1    1    1  6.49921E+14 0.00188 
   45   45    1    1    1    1    1    1    1    1  1.06300E+15 0.00195 
   46   46    1    1    1    1    1    1    1    1  5.96659E+14 0.00202 
   47   47    1    1    1    1    1    1    1    1  7.98952E+14 0.00192 
   48   48    1    1    1    1    1    1    1    1  1.10199E+15 0.00200 
   49   49    1    1    1    1    1    1    1    1  9.63250E+14 0.00219 
   50   50    1    1    1    1    1    1    1    1  1.44275E+15 0.00231 
   51   51    1    1    1    1    1    1    1    1  1.13456E+15 0.00217 
   52   52    1    1    1    1    1    1    1    1  1.23898E+15 0.00232 
   53   53    1    1    1    1    1    1    1    1  8.99029E+14 0.00233 
   54   54    1    1    1    1    1    1    1    1  1.07134E+15 0.00224 
   55   55    1    1    1    1    1    1    1    1  7.77580E+14 0.00199 
   56   56    1    1    1    1    1    1    1    1  1.08422E+14 0.00282 
   57   57    1    1    1    1    1    1    1    1  1.48512E+15 0.00213 
   58   58    1    1    1    1    1    1    1    1  6.36784E+14 0.00232 
   59   59    1    1    1    1    1    1    1    1  7.04237E+14 0.00225 
   60   60    1    1    1    1    1    1    1    1  5.61402E+14 0.00242 
   61   61    1    1    1    1    1    1    1    1  5.62576E+14 0.00226 
   62   62    1    1    1    1    1    1    1    1  5.51370E+14 0.00232 
   63   63    1    1    1    1    1    1    1    1  4.55312E+14 0.00250 
   64   64    1    1    1    1    1    1    1    1  3.54815E+14 0.00256 
   65   65    1    1    1    1    1    1    1    1  3.43791E+14 0.00234 
   66   66    1    1    1    1    1    1    1    1  2.90033E+14 0.00289 
   67   67    1    1    1    1    1    1    1    1  2.41174E+14 0.00248 
   68   68    1    1    1    1    1    1    1    1  2.11547E+14 0.00286 
   69   69    1    1    1    1    1    1    1    1  2.58019E+14 0.00274 
   70   70    1    1    1    1    1    1    1    1  2.21828E+14 0.00276 
   71   71    1    1    1    1    1    1    1    1  4.24782E+14 0.00283 
   72   72    1    1    1    1    1    1    1    1  3.16630E+14 0.00237 
   73   73    1    1    1    1    1    1    1    1  2.47784E+14 0.00313 
   74   74    1    1    1    1    1    1    1    1  1.99516E+14 0.00305 
   75   75    1    1    1    1    1    1    1    1  1.60583E+14 0.00300 
   76   76    1    1    1    1    1    1    1    1  1.81296E+14 0.00356 
   77   77    1    1    1    1    1    1    1    1  1.38703E+14 0.00389 
   78   78    1    1    1    1    1    1    1    1  1.04097E+14 0.00313 
   79   79    1    1    1    1    1    1    1    1  1.07369E+14 0.00348 
   80   80    1    1    1    1    1    1    1    1  7.95967E+13 0.00275 
   81   81    1    1    1    1    1    1    1    1  6.15262E+13 0.00322 
   82   82    1    1    1    1    1    1    1    1  4.74554E+13 0.00405 
   83   83    1    1    1    1    1    1    1    1  4.42752E+13 0.00496 
   84   84    1    1    1    1    1    1    1    1  3.20191E+13 0.00395 
   85   85    1    1    1    1    1    1    1    1  2.28414E+13 0.00384 
   86   86    1    1    1    1    1    1    1    1  2.15117E+13 0.00716 
   87   87    1    1    1    1    1    1    1    1  1.33590E+13 0.00617 
   88   88    1    1    1    1    1    1    1    1  9.06301E+12 0.00883 
   89   89    1    1    1    1    1    1    1    1  5.24796E+12 0.01206 
   90   90    1    1    1    1    1    1    1    1  3.59227E+12 0.01052 
   91   91    1    1    1    1    1    1    1    1  1.74464E+12 0.01727 
   92   92    1    1    1    1    1    1    1    1  9.13126E+11 0.02178 
   93   93    1    1    1    1    1    1    1    1  4.45008E+11 0.05160 
   94   94    1    1    1    1    1    1    1    1  2.03391E+11 0.04331 
   95   95    1    1    1    1    1    1    1    1  1.19599E+11 0.06438 
   96   96    1    1    1    1    1    1    1    1  4.91699E+10 0.09733 
   97   97    1    1    1    1    1    1    1    1  2.13985E+10 0.18077 
   98   98    1    1    1    1    1    1    1    1  9.63257E+09 0.23367 
   99   99    1    1    1    1    1    1    1    1  4.37390E+09 0.28740 
  100  100    1    1    1    1    1    1    1    1  3.18903E+09 0.33177 
];


