
DETdpaspec = [
    1    1    1    1    1    1    1    1    1    1  0.00000E+00 0.00000 
    2    2    1    1    1    1    1    1    1    1  0.00000E+00 0.00000 
    3    3    1    1    1    1    1    1    1    1  0.00000E+00 0.00000 
    4    4    1    1    1    1    1    1    1    1  1.01933E+07 1.00000 
    5    5    1    1    1    1    1    1    1    1  1.04903E+07 1.00000 
    6    6    1    1    1    1    1    1    1    1  9.10294E+06 1.00000 
    7    7    1    1    1    1    1    1    1    1  1.68198E+07 1.00000 
    8    8    1    1    1    1    1    1    1    1  0.00000E+00 0.00000 
    9    9    1    1    1    1    1    1    1    1  5.05987E+07 0.58707 
   10   10    1    1    1    1    1    1    1    1  2.33262E+08 0.48986 
   11   11    1    1    1    1    1    1    1    1  5.74635E+08 0.50558 
   12   12    1    1    1    1    1    1    1    1  1.59444E+08 0.33092 
   13   13    1    1    1    1    1    1    1    1  3.76044E+09 0.24608 
   14   14    1    1    1    1    1    1    1    1  6.51220E+09 0.17056 
   15   15    1    1    1    1    1    1    1    1  1.00985E+10 0.17703 
   16   16    1    1    1    1    1    1    1    1  4.17948E+09 0.15737 
   17   17    1    1    1    1    1    1    1    1  9.22800E+09 0.13089 
   18   18    1    1    1    1    1    1    1    1  2.25391E+10 0.13320 
   19   19    1    1    1    1    1    1    1    1  2.49679E+10 0.08832 
   20   20    1    1    1    1    1    1    1    1  7.14058E+10 0.07507 
   21   21    1    1    1    1    1    1    1    1  7.47204E+10 0.07366 
   22   22    1    1    1    1    1    1    1    1  1.91712E+11 0.04601 
   23   23    1    1    1    1    1    1    1    1  3.50847E+11 0.03470 
   24   24    1    1    1    1    1    1    1    1  7.46454E+11 0.02541 
   25   25    1    1    1    1    1    1    1    1  1.23686E+12 0.02410 
   26   26    1    1    1    1    1    1    1    1  2.54510E+12 0.01536 
   27   27    1    1    1    1    1    1    1    1  5.05534E+12 0.00866 
   28   28    1    1    1    1    1    1    1    1  1.06276E+13 0.00708 
   29   29    1    1    1    1    1    1    1    1  1.38367E+13 0.00476 
   30   30    1    1    1    1    1    1    1    1  3.06993E+13 0.00414 
   31   31    1    1    1    1    1    1    1    1  6.41551E+13 0.00362 
   32   32    1    1    1    1    1    1    1    1  8.51139E+13 0.00289 
   33   33    1    1    1    1    1    1    1    1  1.55792E+14 0.00218 
   34   34    1    1    1    1    1    1    1    1  1.64586E+14 0.00180 
   35   35    1    1    1    1    1    1    1    1  2.26118E+14 0.00145 
   36   36    1    1    1    1    1    1    1    1  1.92766E+14 0.00133 
   37   37    1    1    1    1    1    1    1    1  6.06419E+13 0.00159 
   38   38    1    1    1    1    1    1    1    1  2.69497E+14 0.00135 
   39   39    1    1    1    1    1    1    1    1  3.09367E+14 0.00140 
   40   40    1    1    1    1    1    1    1    1  5.04354E+14 0.00134 
   41   41    1    1    1    1    1    1    1    1  4.70765E+14 0.00117 
   42   42    1    1    1    1    1    1    1    1  7.86714E+14 0.00079 
   43   43    1    1    1    1    1    1    1    1  8.18040E+14 0.00085 
   44   44    1    1    1    1    1    1    1    1  1.01837E+15 0.00096 
   45   45    1    1    1    1    1    1    1    1  1.68464E+15 0.00090 
   46   46    1    1    1    1    1    1    1    1  9.53241E+14 0.00106 
   47   47    1    1    1    1    1    1    1    1  1.27591E+15 0.00108 
   48   48    1    1    1    1    1    1    1    1  1.77684E+15 0.00105 
   49   49    1    1    1    1    1    1    1    1  1.54804E+15 0.00114 
   50   50    1    1    1    1    1    1    1    1  2.35348E+15 0.00122 
   51   51    1    1    1    1    1    1    1    1  1.84436E+15 0.00113 
   52   52    1    1    1    1    1    1    1    1  2.03751E+15 0.00107 
   53   53    1    1    1    1    1    1    1    1  1.47867E+15 0.00121 
   54   54    1    1    1    1    1    1    1    1  1.78440E+15 0.00097 
   55   55    1    1    1    1    1    1    1    1  1.29467E+15 0.00093 
   56   56    1    1    1    1    1    1    1    1  1.80665E+14 0.00126 
   57   57    1    1    1    1    1    1    1    1  2.47820E+15 0.00083 
   58   58    1    1    1    1    1    1    1    1  1.08001E+15 0.00103 
   59   59    1    1    1    1    1    1    1    1  1.18935E+15 0.00111 
   60   60    1    1    1    1    1    1    1    1  9.61148E+14 0.00126 
   61   61    1    1    1    1    1    1    1    1  9.61876E+14 0.00112 
   62   62    1    1    1    1    1    1    1    1  9.45322E+14 0.00117 
   63   63    1    1    1    1    1    1    1    1  7.86242E+14 0.00122 
   64   64    1    1    1    1    1    1    1    1  6.14821E+14 0.00133 
   65   65    1    1    1    1    1    1    1    1  5.94327E+14 0.00137 
   66   66    1    1    1    1    1    1    1    1  5.05114E+14 0.00153 
   67   67    1    1    1    1    1    1    1    1  4.19186E+14 0.00152 
   68   68    1    1    1    1    1    1    1    1  3.66378E+14 0.00107 
   69   69    1    1    1    1    1    1    1    1  4.48271E+14 0.00126 
   70   70    1    1    1    1    1    1    1    1  3.86571E+14 0.00126 
   71   71    1    1    1    1    1    1    1    1  7.34883E+14 0.00106 
   72   72    1    1    1    1    1    1    1    1  5.45830E+14 0.00170 
   73   73    1    1    1    1    1    1    1    1  4.29889E+14 0.00166 
   74   74    1    1    1    1    1    1    1    1  3.48997E+14 0.00182 
   75   75    1    1    1    1    1    1    1    1  2.84164E+14 0.00144 
   76   76    1    1    1    1    1    1    1    1  3.22511E+14 0.00186 
   77   77    1    1    1    1    1    1    1    1  2.49223E+14 0.00198 
   78   78    1    1    1    1    1    1    1    1  1.88663E+14 0.00168 
   79   79    1    1    1    1    1    1    1    1  1.95205E+14 0.00174 
   80   80    1    1    1    1    1    1    1    1  1.46194E+14 0.00170 
   81   81    1    1    1    1    1    1    1    1  1.12987E+14 0.00282 
   82   82    1    1    1    1    1    1    1    1  8.75002E+13 0.00279 
   83   83    1    1    1    1    1    1    1    1  8.16196E+13 0.00267 
   84   84    1    1    1    1    1    1    1    1  5.84856E+13 0.00261 
   85   85    1    1    1    1    1    1    1    1  4.23827E+13 0.00359 
   86   86    1    1    1    1    1    1    1    1  3.97282E+13 0.00362 
   87   87    1    1    1    1    1    1    1    1  2.47385E+13 0.00461 
   88   88    1    1    1    1    1    1    1    1  1.66442E+13 0.00679 
   89   89    1    1    1    1    1    1    1    1  9.58224E+12 0.00563 
   90   90    1    1    1    1    1    1    1    1  6.32897E+12 0.01027 
   91   91    1    1    1    1    1    1    1    1  3.22921E+12 0.00844 
   92   92    1    1    1    1    1    1    1    1  1.57164E+12 0.02072 
   93   93    1    1    1    1    1    1    1    1  7.51417E+11 0.02437 
   94   94    1    1    1    1    1    1    1    1  3.76437E+11 0.04523 
   95   95    1    1    1    1    1    1    1    1  1.66567E+11 0.04380 
   96   96    1    1    1    1    1    1    1    1  9.23390E+10 0.10823 
   97   97    1    1    1    1    1    1    1    1  3.66653E+10 0.12056 
   98   98    1    1    1    1    1    1    1    1  1.62262E+10 0.24214 
   99   99    1    1    1    1    1    1    1    1  9.27710E+09 0.30410 
  100  100    1    1    1    1    1    1    1    1  6.40178E+09 0.32356 
];


