
DETdpaspec = [
    1    1    1    1    1    1    1    1    1    1  0.00000E+00 0.00000 
    2    2    1    1    1    1    1    1    1    1  0.00000E+00 0.00000 
    3    3    1    1    1    1    1    1    1    1  1.38702E+07 1.00000 
    4    4    1    1    1    1    1    1    1    1  0.00000E+00 0.00000 
    5    5    1    1    1    1    1    1    1    1  0.00000E+00 0.00000 
    6    6    1    1    1    1    1    1    1    1  8.74160E+06 1.00000 
    7    7    1    1    1    1    1    1    1    1  0.00000E+00 0.00000 
    8    8    1    1    1    1    1    1    1    1  2.79646E+07 0.69449 
    9    9    1    1    1    1    1    1    1    1  8.58900E+07 0.49586 
   10   10    1    1    1    1    1    1    1    1  5.04727E+08 0.37023 
   11   11    1    1    1    1    1    1    1    1  4.23469E+08 0.39193 
   12   12    1    1    1    1    1    1    1    1  2.08235E+08 0.36014 
   13   13    1    1    1    1    1    1    1    1  4.08721E+09 0.21729 
   14   14    1    1    1    1    1    1    1    1  7.88707E+09 0.21754 
   15   15    1    1    1    1    1    1    1    1  1.25403E+10 0.15805 
   16   16    1    1    1    1    1    1    1    1  4.66174E+09 0.16502 
   17   17    1    1    1    1    1    1    1    1  9.47405E+09 0.13039 
   18   18    1    1    1    1    1    1    1    1  2.77078E+10 0.09488 
   19   19    1    1    1    1    1    1    1    1  3.72271E+10 0.08414 
   20   20    1    1    1    1    1    1    1    1  1.07632E+11 0.06389 
   21   21    1    1    1    1    1    1    1    1  8.51693E+10 0.06136 
   22   22    1    1    1    1    1    1    1    1  2.36559E+11 0.03645 
   23   23    1    1    1    1    1    1    1    1  3.95042E+11 0.02183 
   24   24    1    1    1    1    1    1    1    1  6.76295E+11 0.01949 
   25   25    1    1    1    1    1    1    1    1  1.08428E+12 0.01682 
   26   26    1    1    1    1    1    1    1    1  2.12731E+12 0.01157 
   27   27    1    1    1    1    1    1    1    1  4.15406E+12 0.00837 
   28   28    1    1    1    1    1    1    1    1  8.03549E+12 0.00724 
   29   29    1    1    1    1    1    1    1    1  9.72632E+12 0.00510 
   30   30    1    1    1    1    1    1    1    1  2.25527E+13 0.00329 
   31   31    1    1    1    1    1    1    1    1  4.64379E+13 0.00313 
   32   32    1    1    1    1    1    1    1    1  6.07894E+13 0.00250 
   33   33    1    1    1    1    1    1    1    1  1.10166E+14 0.00249 
   34   34    1    1    1    1    1    1    1    1  1.13196E+14 0.00145 
   35   35    1    1    1    1    1    1    1    1  1.59827E+14 0.00180 
   36   36    1    1    1    1    1    1    1    1  1.36391E+14 0.00204 
   37   37    1    1    1    1    1    1    1    1  4.32024E+13 0.00181 
   38   38    1    1    1    1    1    1    1    1  1.88487E+14 0.00193 
   39   39    1    1    1    1    1    1    1    1  2.15561E+14 0.00178 
   40   40    1    1    1    1    1    1    1    1  3.45665E+14 0.00204 
   41   41    1    1    1    1    1    1    1    1  3.24892E+14 0.00154 
   42   42    1    1    1    1    1    1    1    1  5.34250E+14 0.00179 
   43   43    1    1    1    1    1    1    1    1  5.51396E+14 0.00181 
   44   44    1    1    1    1    1    1    1    1  6.81448E+14 0.00166 
   45   45    1    1    1    1    1    1    1    1  1.11634E+15 0.00151 
   46   46    1    1    1    1    1    1    1    1  6.26625E+14 0.00144 
   47   47    1    1    1    1    1    1    1    1  8.41341E+14 0.00171 
   48   48    1    1    1    1    1    1    1    1  1.16165E+15 0.00144 
   49   49    1    1    1    1    1    1    1    1  1.01403E+15 0.00159 
   50   50    1    1    1    1    1    1    1    1  1.52532E+15 0.00149 
   51   51    1    1    1    1    1    1    1    1  1.19497E+15 0.00152 
   52   52    1    1    1    1    1    1    1    1  1.30917E+15 0.00186 
   53   53    1    1    1    1    1    1    1    1  9.47822E+14 0.00200 
   54   54    1    1    1    1    1    1    1    1  1.13357E+15 0.00189 
   55   55    1    1    1    1    1    1    1    1  8.22099E+14 0.00199 
   56   56    1    1    1    1    1    1    1    1  1.14722E+14 0.00240 
   57   57    1    1    1    1    1    1    1    1  1.56871E+15 0.00183 
   58   58    1    1    1    1    1    1    1    1  6.73564E+14 0.00168 
   59   59    1    1    1    1    1    1    1    1  7.45088E+14 0.00176 
   60   60    1    1    1    1    1    1    1    1  5.94281E+14 0.00177 
   61   61    1    1    1    1    1    1    1    1  5.93892E+14 0.00211 
   62   62    1    1    1    1    1    1    1    1  5.83333E+14 0.00222 
   63   63    1    1    1    1    1    1    1    1  4.81921E+14 0.00205 
   64   64    1    1    1    1    1    1    1    1  3.75339E+14 0.00235 
   65   65    1    1    1    1    1    1    1    1  3.63443E+14 0.00228 
   66   66    1    1    1    1    1    1    1    1  3.07386E+14 0.00149 
   67   67    1    1    1    1    1    1    1    1  2.55531E+14 0.00200 
   68   68    1    1    1    1    1    1    1    1  2.23529E+14 0.00238 
   69   69    1    1    1    1    1    1    1    1  2.73197E+14 0.00281 
   70   70    1    1    1    1    1    1    1    1  2.34558E+14 0.00261 
   71   71    1    1    1    1    1    1    1    1  4.48778E+14 0.00243 
   72   72    1    1    1    1    1    1    1    1  3.35514E+14 0.00285 
   73   73    1    1    1    1    1    1    1    1  2.62726E+14 0.00325 
   74   74    1    1    1    1    1    1    1    1  2.12170E+14 0.00303 
   75   75    1    1    1    1    1    1    1    1  1.71166E+14 0.00244 
   76   76    1    1    1    1    1    1    1    1  1.92172E+14 0.00236 
   77   77    1    1    1    1    1    1    1    1  1.47239E+14 0.00311 
   78   78    1    1    1    1    1    1    1    1  1.10475E+14 0.00319 
   79   79    1    1    1    1    1    1    1    1  1.13794E+14 0.00317 
   80   80    1    1    1    1    1    1    1    1  8.45848E+13 0.00341 
   81   81    1    1    1    1    1    1    1    1  6.55154E+13 0.00363 
   82   82    1    1    1    1    1    1    1    1  5.05535E+13 0.00359 
   83   83    1    1    1    1    1    1    1    1  4.73002E+13 0.00453 
   84   84    1    1    1    1    1    1    1    1  3.37461E+13 0.00473 
   85   85    1    1    1    1    1    1    1    1  2.46272E+13 0.00551 
   86   86    1    1    1    1    1    1    1    1  2.26066E+13 0.00595 
   87   87    1    1    1    1    1    1    1    1  1.42683E+13 0.00603 
   88   88    1    1    1    1    1    1    1    1  9.68785E+12 0.00768 
   89   89    1    1    1    1    1    1    1    1  5.57197E+12 0.01074 
   90   90    1    1    1    1    1    1    1    1  3.72596E+12 0.01313 
   91   91    1    1    1    1    1    1    1    1  1.91357E+12 0.01705 
   92   92    1    1    1    1    1    1    1    1  9.19230E+11 0.03291 
   93   93    1    1    1    1    1    1    1    1  4.67453E+11 0.03277 
   94   94    1    1    1    1    1    1    1    1  2.31442E+11 0.05519 
   95   95    1    1    1    1    1    1    1    1  1.08547E+11 0.07813 
   96   96    1    1    1    1    1    1    1    1  4.70268E+10 0.10669 
   97   97    1    1    1    1    1    1    1    1  2.55988E+10 0.17145 
   98   98    1    1    1    1    1    1    1    1  1.03604E+10 0.21484 
   99   99    1    1    1    1    1    1    1    1  7.56480E+09 0.34275 
  100  100    1    1    1    1    1    1    1    1  2.08554E+09 0.51749 
];


