
DETdpaspec = [
    1    1    1    1    1    1    1    1    1    1  0.00000E+00 0.00000 
    2    2    1    1    1    1    1    1    1    1  0.00000E+00 0.00000 
    3    3    1    1    1    1    1    1    1    1  0.00000E+00 0.00000 
    4    4    1    1    1    1    1    1    1    1  0.00000E+00 0.00000 
    5    5    1    1    1    1    1    1    1    1  0.00000E+00 0.00000 
    6    6    1    1    1    1    1    1    1    1  0.00000E+00 0.00000 
    7    7    1    1    1    1    1    1    1    1  5.55726E+07 0.68826 
    8    8    1    1    1    1    1    1    1    1  2.10381E+07 1.00000 
    9    9    1    1    1    1    1    1    1    1  8.21736E+06 1.00000 
   10   10    1    1    1    1    1    1    1    1  6.23131E+07 1.00000 
   11   11    1    1    1    1    1    1    1    1  6.65550E+08 0.56407 
   12   12    1    1    1    1    1    1    1    1  2.71041E+08 0.73072 
   13   13    1    1    1    1    1    1    1    1  3.28450E+09 0.30958 
   14   14    1    1    1    1    1    1    1    1  5.45558E+09 0.22547 
   15   15    1    1    1    1    1    1    1    1  8.54109E+09 0.27043 
   16   16    1    1    1    1    1    1    1    1  4.03450E+09 0.26324 
   17   17    1    1    1    1    1    1    1    1  7.13877E+09 0.24958 
   18   18    1    1    1    1    1    1    1    1  1.22431E+10 0.18416 
   19   19    1    1    1    1    1    1    1    1  2.67671E+10 0.12696 
   20   20    1    1    1    1    1    1    1    1  1.10329E+11 0.07342 
   21   21    1    1    1    1    1    1    1    1  2.01755E+11 0.05817 
   22   22    1    1    1    1    1    1    1    1  9.52972E+11 0.02085 
   23   23    1    1    1    1    1    1    1    1  3.15223E+12 0.01033 
   24   24    1    1    1    1    1    1    1    1  7.05782E+12 0.00966 
   25   25    1    1    1    1    1    1    1    1  1.02836E+13 0.00417 
   26   26    1    1    1    1    1    1    1    1  1.83923E+13 0.00560 
   27   27    1    1    1    1    1    1    1    1  2.94954E+13 0.00330 
   28   28    1    1    1    1    1    1    1    1  5.16636E+13 0.00198 
   29   29    1    1    1    1    1    1    1    1  6.78669E+13 0.00305 
   30   30    1    1    1    1    1    1    1    1  1.08528E+14 0.00228 
   31   31    1    1    1    1    1    1    1    1  1.89672E+14 0.00213 
   32   32    1    1    1    1    1    1    1    1  2.27947E+14 0.00147 
   33   33    1    1    1    1    1    1    1    1  3.72822E+14 0.00084 
   34   34    1    1    1    1    1    1    1    1  4.01656E+14 0.00119 
   35   35    1    1    1    1    1    1    1    1  4.62670E+14 0.00090 
   36   36    1    1    1    1    1    1    1    1  3.67892E+14 0.00077 
   37   37    1    1    1    1    1    1    1    1  1.09592E+14 0.00098 
   38   38    1    1    1    1    1    1    1    1  4.98383E+14 0.00114 
   39   39    1    1    1    1    1    1    1    1  5.60669E+14 0.00072 
   40   40    1    1    1    1    1    1    1    1  9.18371E+14 0.00084 
   41   41    1    1    1    1    1    1    1    1  8.15261E+14 0.00085 
   42   42    1    1    1    1    1    1    1    1  1.37019E+15 0.00082 
   43   43    1    1    1    1    1    1    1    1  1.40586E+15 0.00083 
   44   44    1    1    1    1    1    1    1    1  1.73942E+15 0.00075 
   45   45    1    1    1    1    1    1    1    1  2.84639E+15 0.00071 
   46   46    1    1    1    1    1    1    1    1  1.60651E+15 0.00075 
   47   47    1    1    1    1    1    1    1    1  2.10060E+15 0.00080 
   48   48    1    1    1    1    1    1    1    1  2.92193E+15 0.00063 
   49   49    1    1    1    1    1    1    1    1  2.48926E+15 0.00081 
   50   50    1    1    1    1    1    1    1    1  3.84510E+15 0.00081 
   51   51    1    1    1    1    1    1    1    1  2.95420E+15 0.00081 
   52   52    1    1    1    1    1    1    1    1  3.31084E+15 0.00076 
   53   53    1    1    1    1    1    1    1    1  2.39069E+15 0.00050 
   54   54    1    1    1    1    1    1    1    1  2.92801E+15 0.00079 
   55   55    1    1    1    1    1    1    1    1  2.11686E+15 0.00087 
   56   56    1    1    1    1    1    1    1    1  2.93801E+14 0.00132 
   57   57    1    1    1    1    1    1    1    1  4.04259E+15 0.00077 
   58   58    1    1    1    1    1    1    1    1  1.80173E+15 0.00096 
   59   59    1    1    1    1    1    1    1    1  1.96479E+15 0.00066 
   60   60    1    1    1    1    1    1    1    1  1.61996E+15 0.00076 
   61   61    1    1    1    1    1    1    1    1  1.61960E+15 0.00095 
   62   62    1    1    1    1    1    1    1    1  1.59314E+15 0.00085 
   63   63    1    1    1    1    1    1    1    1  1.33508E+15 0.00089 
   64   64    1    1    1    1    1    1    1    1  1.04816E+15 0.00079 
   65   65    1    1    1    1    1    1    1    1  1.00722E+15 0.00111 
   66   66    1    1    1    1    1    1    1    1  8.60327E+14 0.00095 
   67   67    1    1    1    1    1    1    1    1  7.09375E+14 0.00106 
   68   68    1    1    1    1    1    1    1    1  6.16222E+14 0.00107 
   69   69    1    1    1    1    1    1    1    1  7.55882E+14 0.00107 
   70   70    1    1    1    1    1    1    1    1  6.48994E+14 0.00104 
   71   71    1    1    1    1    1    1    1    1  1.20662E+15 0.00113 
   72   72    1    1    1    1    1    1    1    1  8.86067E+14 0.00113 
   73   73    1    1    1    1    1    1    1    1  6.96912E+14 0.00113 
   74   74    1    1    1    1    1    1    1    1  5.76945E+14 0.00119 
   75   75    1    1    1    1    1    1    1    1  4.77497E+14 0.00130 
   76   76    1    1    1    1    1    1    1    1  5.51313E+14 0.00154 
   77   77    1    1    1    1    1    1    1    1  4.36222E+14 0.00115 
   78   78    1    1    1    1    1    1    1    1  3.33989E+14 0.00135 
   79   79    1    1    1    1    1    1    1    1  3.48465E+14 0.00111 
   80   80    1    1    1    1    1    1    1    1  2.63049E+14 0.00157 
   81   81    1    1    1    1    1    1    1    1  2.04504E+14 0.00247 
   82   82    1    1    1    1    1    1    1    1  1.57995E+14 0.00232 
   83   83    1    1    1    1    1    1    1    1  1.48188E+14 0.00229 
   84   84    1    1    1    1    1    1    1    1  1.06208E+14 0.00272 
   85   85    1    1    1    1    1    1    1    1  7.68982E+13 0.00304 
   86   86    1    1    1    1    1    1    1    1  7.18041E+13 0.00304 
   87   87    1    1    1    1    1    1    1    1  4.37719E+13 0.00313 
   88   88    1    1    1    1    1    1    1    1  2.96231E+13 0.00440 
   89   89    1    1    1    1    1    1    1    1  1.69504E+13 0.00504 
   90   90    1    1    1    1    1    1    1    1  1.11901E+13 0.00752 
   91   91    1    1    1    1    1    1    1    1  5.59112E+12 0.01264 
   92   92    1    1    1    1    1    1    1    1  2.71410E+12 0.01159 
   93   93    1    1    1    1    1    1    1    1  1.29151E+12 0.02249 
   94   94    1    1    1    1    1    1    1    1  6.63554E+11 0.02576 
   95   95    1    1    1    1    1    1    1    1  3.13628E+11 0.04050 
   96   96    1    1    1    1    1    1    1    1  1.36733E+11 0.05022 
   97   97    1    1    1    1    1    1    1    1  6.21773E+10 0.09520 
   98   98    1    1    1    1    1    1    1    1  3.35054E+10 0.11926 
   99   99    1    1    1    1    1    1    1    1  1.59534E+10 0.14874 
  100  100    1    1    1    1    1    1    1    1  1.24899E+10 0.20151 
];


