
DETdpaspec = [
    1    1    1    1    1    1    1    1    1    1  0.00000E+00 0.00000 
    2    2    1    1    1    1    1    1    1    1  0.00000E+00 0.00000 
    3    3    1    1    1    1    1    1    1    1  0.00000E+00 0.00000 
    4    4    1    1    1    1    1    1    1    1  0.00000E+00 0.00000 
    5    5    1    1    1    1    1    1    1    1  0.00000E+00 0.00000 
    6    6    1    1    1    1    1    1    1    1  0.00000E+00 0.00000 
    7    7    1    1    1    1    1    1    1    1  2.01127E+07 1.00000 
    8    8    1    1    1    1    1    1    1    1  0.00000E+00 0.00000 
    9    9    1    1    1    1    1    1    1    1  3.17860E+07 0.59001 
   10   10    1    1    1    1    1    1    1    1  6.41780E+07 0.68832 
   11   11    1    1    1    1    1    1    1    1  5.65022E+07 1.00000 
   12   12    1    1    1    1    1    1    1    1  1.63001E+08 0.36880 
   13   13    1    1    1    1    1    1    1    1  1.55654E+09 0.29169 
   14   14    1    1    1    1    1    1    1    1  5.42770E+09 0.18798 
   15   15    1    1    1    1    1    1    1    1  1.08329E+10 0.16128 
   16   16    1    1    1    1    1    1    1    1  3.57332E+09 0.27506 
   17   17    1    1    1    1    1    1    1    1  4.31180E+09 0.21347 
   18   18    1    1    1    1    1    1    1    1  1.14132E+10 0.19876 
   19   19    1    1    1    1    1    1    1    1  2.21792E+10 0.10999 
   20   20    1    1    1    1    1    1    1    1  5.75229E+10 0.10051 
   21   21    1    1    1    1    1    1    1    1  5.81514E+10 0.07011 
   22   22    1    1    1    1    1    1    1    1  2.11113E+11 0.04079 
   23   23    1    1    1    1    1    1    1    1  6.69641E+11 0.02499 
   24   24    1    1    1    1    1    1    1    1  1.70468E+12 0.01743 
   25   25    1    1    1    1    1    1    1    1  2.88824E+12 0.01258 
   26   26    1    1    1    1    1    1    1    1  5.88714E+12 0.01032 
   27   27    1    1    1    1    1    1    1    1  1.08884E+13 0.00681 
   28   28    1    1    1    1    1    1    1    1  2.20611E+13 0.00479 
   29   29    1    1    1    1    1    1    1    1  2.99400E+13 0.00394 
   30   30    1    1    1    1    1    1    1    1  5.59353E+13 0.00349 
   31   31    1    1    1    1    1    1    1    1  1.10341E+14 0.00166 
   32   32    1    1    1    1    1    1    1    1  1.42006E+14 0.00148 
   33   33    1    1    1    1    1    1    1    1  2.49597E+14 0.00222 
   34   34    1    1    1    1    1    1    1    1  2.72363E+14 0.00151 
   35   35    1    1    1    1    1    1    1    1  3.42212E+14 0.00125 
   36   36    1    1    1    1    1    1    1    1  2.84724E+14 0.00117 
   37   37    1    1    1    1    1    1    1    1  8.70319E+13 0.00104 
   38   38    1    1    1    1    1    1    1    1  3.94612E+14 0.00109 
   39   39    1    1    1    1    1    1    1    1  4.50076E+14 0.00085 
   40   40    1    1    1    1    1    1    1    1  7.43431E+14 0.00089 
   41   41    1    1    1    1    1    1    1    1  6.76283E+14 0.00094 
   42   42    1    1    1    1    1    1    1    1  1.14171E+15 0.00090 
   43   43    1    1    1    1    1    1    1    1  1.18563E+15 0.00065 
   44   44    1    1    1    1    1    1    1    1  1.47947E+15 0.00107 
   45   45    1    1    1    1    1    1    1    1  2.45260E+15 0.00083 
   46   46    1    1    1    1    1    1    1    1  1.39649E+15 0.00060 
   47   47    1    1    1    1    1    1    1    1  1.84802E+15 0.00062 
   48   48    1    1    1    1    1    1    1    1  2.58703E+15 0.00052 
   49   49    1    1    1    1    1    1    1    1  2.22907E+15 0.00062 
   50   50    1    1    1    1    1    1    1    1  3.44744E+15 0.00056 
   51   51    1    1    1    1    1    1    1    1  2.68035E+15 0.00061 
   52   52    1    1    1    1    1    1    1    1  3.00032E+15 0.00049 
   53   53    1    1    1    1    1    1    1    1  2.17774E+15 0.00066 
   54   54    1    1    1    1    1    1    1    1  2.66006E+15 0.00066 
   55   55    1    1    1    1    1    1    1    1  1.93113E+15 0.00065 
   56   56    1    1    1    1    1    1    1    1  2.68480E+14 0.00083 
   57   57    1    1    1    1    1    1    1    1  3.70358E+15 0.00065 
   58   58    1    1    1    1    1    1    1    1  1.64008E+15 0.00103 
   59   59    1    1    1    1    1    1    1    1  1.79978E+15 0.00093 
   60   60    1    1    1    1    1    1    1    1  1.47619E+15 0.00101 
   61   61    1    1    1    1    1    1    1    1  1.47928E+15 0.00085 
   62   62    1    1    1    1    1    1    1    1  1.45834E+15 0.00074 
   63   63    1    1    1    1    1    1    1    1  1.22221E+15 0.00079 
   64   64    1    1    1    1    1    1    1    1  9.59346E+14 0.00074 
   65   65    1    1    1    1    1    1    1    1  9.26511E+14 0.00103 
   66   66    1    1    1    1    1    1    1    1  7.92056E+14 0.00088 
   67   67    1    1    1    1    1    1    1    1  6.54087E+14 0.00100 
   68   68    1    1    1    1    1    1    1    1  5.69902E+14 0.00120 
   69   69    1    1    1    1    1    1    1    1  6.99264E+14 0.00083 
   70   70    1    1    1    1    1    1    1    1  6.02751E+14 0.00111 
   71   71    1    1    1    1    1    1    1    1  1.13058E+15 0.00093 
   72   72    1    1    1    1    1    1    1    1  8.37295E+14 0.00086 
   73   73    1    1    1    1    1    1    1    1  6.59564E+14 0.00111 
   74   74    1    1    1    1    1    1    1    1  5.42813E+14 0.00116 
   75   75    1    1    1    1    1    1    1    1  4.46304E+14 0.00144 
   76   76    1    1    1    1    1    1    1    1  5.14533E+14 0.00128 
   77   77    1    1    1    1    1    1    1    1  4.03902E+14 0.00093 
   78   78    1    1    1    1    1    1    1    1  3.08623E+14 0.00155 
   79   79    1    1    1    1    1    1    1    1  3.21429E+14 0.00103 
   80   80    1    1    1    1    1    1    1    1  2.42268E+14 0.00131 
   81   81    1    1    1    1    1    1    1    1  1.88234E+14 0.00159 
   82   82    1    1    1    1    1    1    1    1  1.45990E+14 0.00179 
   83   83    1    1    1    1    1    1    1    1  1.36005E+14 0.00167 
   84   84    1    1    1    1    1    1    1    1  9.75135E+13 0.00224 
   85   85    1    1    1    1    1    1    1    1  7.08462E+13 0.00306 
   86   86    1    1    1    1    1    1    1    1  6.62544E+13 0.00327 
   87   87    1    1    1    1    1    1    1    1  4.08902E+13 0.00405 
   88   88    1    1    1    1    1    1    1    1  2.76892E+13 0.00441 
   89   89    1    1    1    1    1    1    1    1  1.56425E+13 0.00418 
   90   90    1    1    1    1    1    1    1    1  1.05301E+13 0.00733 
   91   91    1    1    1    1    1    1    1    1  5.21287E+12 0.00815 
   92   92    1    1    1    1    1    1    1    1  2.52722E+12 0.01516 
   93   93    1    1    1    1    1    1    1    1  1.21388E+12 0.02436 
   94   94    1    1    1    1    1    1    1    1  6.11774E+11 0.03274 
   95   95    1    1    1    1    1    1    1    1  2.86827E+11 0.05071 
   96   96    1    1    1    1    1    1    1    1  1.34733E+11 0.06479 
   97   97    1    1    1    1    1    1    1    1  6.28409E+10 0.09866 
   98   98    1    1    1    1    1    1    1    1  3.41419E+10 0.11359 
   99   99    1    1    1    1    1    1    1    1  1.84873E+10 0.18522 
  100  100    1    1    1    1    1    1    1    1  1.78565E+10 0.16690 
];


