
DETdpaspec = [
    1    1    1    1    1    1    1    1    1    1  0.00000E+00 0.00000 
    2    2    1    1    1    1    1    1    1    1  0.00000E+00 0.00000 
    3    3    1    1    1    1    1    1    1    1  1.36443E+07 0.68865 
    4    4    1    1    1    1    1    1    1    1  0.00000E+00 0.00000 
    5    5    1    1    1    1    1    1    1    1  0.00000E+00 0.00000 
    6    6    1    1    1    1    1    1    1    1  8.66922E+06 1.00000 
    7    7    1    1    1    1    1    1    1    1  0.00000E+00 0.00000 
    8    8    1    1    1    1    1    1    1    1  1.64796E+07 1.00000 
    9    9    1    1    1    1    1    1    1    1  1.78488E+07 0.68900 
   10   10    1    1    1    1    1    1    1    1  2.50754E+08 0.44711 
   11   11    1    1    1    1    1    1    1    1  4.69042E+08 0.30719 
   12   12    1    1    1    1    1    1    1    1  2.04863E+08 0.34947 
   13   13    1    1    1    1    1    1    1    1  3.71531E+09 0.27802 
   14   14    1    1    1    1    1    1    1    1  6.85778E+09 0.17245 
   15   15    1    1    1    1    1    1    1    1  1.38476E+10 0.24276 
   16   16    1    1    1    1    1    1    1    1  3.53115E+09 0.27653 
   17   17    1    1    1    1    1    1    1    1  1.07007E+10 0.17017 
   18   18    1    1    1    1    1    1    1    1  2.20955E+10 0.10982 
   19   19    1    1    1    1    1    1    1    1  3.29276E+10 0.07750 
   20   20    1    1    1    1    1    1    1    1  1.02133E+11 0.06361 
   21   21    1    1    1    1    1    1    1    1  8.28661E+10 0.05825 
   22   22    1    1    1    1    1    1    1    1  2.32295E+11 0.04792 
   23   23    1    1    1    1    1    1    1    1  3.80843E+11 0.03793 
   24   24    1    1    1    1    1    1    1    1  7.08087E+11 0.02281 
   25   25    1    1    1    1    1    1    1    1  1.09260E+12 0.01884 
   26   26    1    1    1    1    1    1    1    1  2.12452E+12 0.01194 
   27   27    1    1    1    1    1    1    1    1  4.15505E+12 0.01164 
   28   28    1    1    1    1    1    1    1    1  8.17572E+12 0.00715 
   29   29    1    1    1    1    1    1    1    1  9.87705E+12 0.00667 
   30   30    1    1    1    1    1    1    1    1  2.30139E+13 0.00344 
   31   31    1    1    1    1    1    1    1    1  4.71019E+13 0.00263 
   32   32    1    1    1    1    1    1    1    1  6.27470E+13 0.00302 
   33   33    1    1    1    1    1    1    1    1  1.13807E+14 0.00197 
   34   34    1    1    1    1    1    1    1    1  1.17005E+14 0.00197 
   35   35    1    1    1    1    1    1    1    1  1.65073E+14 0.00217 
   36   36    1    1    1    1    1    1    1    1  1.40851E+14 0.00135 
   37   37    1    1    1    1    1    1    1    1  4.45972E+13 0.00175 
   38   38    1    1    1    1    1    1    1    1  1.94379E+14 0.00141 
   39   39    1    1    1    1    1    1    1    1  2.22556E+14 0.00197 
   40   40    1    1    1    1    1    1    1    1  3.57856E+14 0.00172 
   41   41    1    1    1    1    1    1    1    1  3.35703E+14 0.00219 
   42   42    1    1    1    1    1    1    1    1  5.54065E+14 0.00165 
   43   43    1    1    1    1    1    1    1    1  5.71883E+14 0.00145 
   44   44    1    1    1    1    1    1    1    1  7.08709E+14 0.00168 
   45   45    1    1    1    1    1    1    1    1  1.16033E+15 0.00176 
   46   46    1    1    1    1    1    1    1    1  6.52108E+14 0.00182 
   47   47    1    1    1    1    1    1    1    1  8.74491E+14 0.00164 
   48   48    1    1    1    1    1    1    1    1  1.21164E+15 0.00145 
   49   49    1    1    1    1    1    1    1    1  1.05565E+15 0.00182 
   50   50    1    1    1    1    1    1    1    1  1.58762E+15 0.00153 
   51   51    1    1    1    1    1    1    1    1  1.24693E+15 0.00159 
   52   52    1    1    1    1    1    1    1    1  1.36590E+15 0.00150 
   53   53    1    1    1    1    1    1    1    1  9.89568E+14 0.00152 
   54   54    1    1    1    1    1    1    1    1  1.18299E+15 0.00131 
   55   55    1    1    1    1    1    1    1    1  8.58023E+14 0.00153 
   56   56    1    1    1    1    1    1    1    1  1.19861E+14 0.00180 
   57   57    1    1    1    1    1    1    1    1  1.63764E+15 0.00148 
   58   58    1    1    1    1    1    1    1    1  7.04213E+14 0.00180 
   59   59    1    1    1    1    1    1    1    1  7.78787E+14 0.00204 
   60   60    1    1    1    1    1    1    1    1  6.21860E+14 0.00182 
   61   61    1    1    1    1    1    1    1    1  6.21114E+14 0.00164 
   62   62    1    1    1    1    1    1    1    1  6.09342E+14 0.00211 
   63   63    1    1    1    1    1    1    1    1  5.05836E+14 0.00195 
   64   64    1    1    1    1    1    1    1    1  3.93843E+14 0.00182 
   65   65    1    1    1    1    1    1    1    1  3.81125E+14 0.00212 
   66   66    1    1    1    1    1    1    1    1  3.22313E+14 0.00252 
   67   67    1    1    1    1    1    1    1    1  2.67678E+14 0.00213 
   68   68    1    1    1    1    1    1    1    1  2.33488E+14 0.00225 
   69   69    1    1    1    1    1    1    1    1  2.85685E+14 0.00259 
   70   70    1    1    1    1    1    1    1    1  2.46429E+14 0.00296 
   71   71    1    1    1    1    1    1    1    1  4.70140E+14 0.00241 
   72   72    1    1    1    1    1    1    1    1  3.50800E+14 0.00285 
   73   73    1    1    1    1    1    1    1    1  2.74844E+14 0.00268 
   74   74    1    1    1    1    1    1    1    1  2.21471E+14 0.00301 
   75   75    1    1    1    1    1    1    1    1  1.78294E+14 0.00319 
   76   76    1    1    1    1    1    1    1    1  2.01271E+14 0.00342 
   77   77    1    1    1    1    1    1    1    1  1.54068E+14 0.00269 
   78   78    1    1    1    1    1    1    1    1  1.16180E+14 0.00396 
   79   79    1    1    1    1    1    1    1    1  1.19297E+14 0.00341 
   80   80    1    1    1    1    1    1    1    1  8.89966E+13 0.00390 
   81   81    1    1    1    1    1    1    1    1  6.89130E+13 0.00373 
   82   82    1    1    1    1    1    1    1    1  5.34836E+13 0.00400 
   83   83    1    1    1    1    1    1    1    1  4.95633E+13 0.00387 
   84   84    1    1    1    1    1    1    1    1  3.57875E+13 0.00439 
   85   85    1    1    1    1    1    1    1    1  2.58139E+13 0.00520 
   86   86    1    1    1    1    1    1    1    1  2.42281E+13 0.00667 
   87   87    1    1    1    1    1    1    1    1  1.48662E+13 0.00629 
   88   88    1    1    1    1    1    1    1    1  1.01375E+13 0.00703 
   89   89    1    1    1    1    1    1    1    1  5.78456E+12 0.00893 
   90   90    1    1    1    1    1    1    1    1  3.85090E+12 0.01321 
   91   91    1    1    1    1    1    1    1    1  1.95003E+12 0.01972 
   92   92    1    1    1    1    1    1    1    1  9.74299E+11 0.03294 
   93   93    1    1    1    1    1    1    1    1  4.81633E+11 0.04513 
   94   94    1    1    1    1    1    1    1    1  2.21505E+11 0.06173 
   95   95    1    1    1    1    1    1    1    1  1.34544E+11 0.05637 
   96   96    1    1    1    1    1    1    1    1  5.34800E+10 0.10282 
   97   97    1    1    1    1    1    1    1    1  1.79612E+10 0.20595 
   98   98    1    1    1    1    1    1    1    1  9.54614E+09 0.31845 
   99   99    1    1    1    1    1    1    1    1  5.54342E+09 0.38361 
  100  100    1    1    1    1    1    1    1    1  1.02274E+10 0.30817 
];


