
DETdpaspec = [
    1    1    1    1    1    1    1    1    1    1  0.00000E+00 0.00000 
    2    2    1    1    1    1    1    1    1    1  0.00000E+00 0.00000 
    3    3    1    1    1    1    1    1    1    1  0.00000E+00 0.00000 
    4    4    1    1    1    1    1    1    1    1  0.00000E+00 0.00000 
    5    5    1    1    1    1    1    1    1    1  0.00000E+00 0.00000 
    6    6    1    1    1    1    1    1    1    1  0.00000E+00 0.00000 
    7    7    1    1    1    1    1    1    1    1  0.00000E+00 0.00000 
    8    8    1    1    1    1    1    1    1    1  0.00000E+00 0.00000 
    9    9    1    1    1    1    1    1    1    1  0.00000E+00 0.00000 
   10   10    1    1    1    1    1    1    1    1  2.02659E+08 0.48902 
   11   11    1    1    1    1    1    1    1    1  4.26553E+08 0.45170 
   12   12    1    1    1    1    1    1    1    1  1.17854E+08 0.55957 
   13   13    1    1    1    1    1    1    1    1  1.65288E+09 0.50026 
   14   14    1    1    1    1    1    1    1    1  1.04017E+10 0.29413 
   15   15    1    1    1    1    1    1    1    1  1.25983E+10 0.19996 
   16   16    1    1    1    1    1    1    1    1  4.26768E+09 0.42452 
   17   17    1    1    1    1    1    1    1    1  4.66659E+09 0.18153 
   18   18    1    1    1    1    1    1    1    1  1.02756E+10 0.19387 
   19   19    1    1    1    1    1    1    1    1  1.87777E+10 0.19425 
   20   20    1    1    1    1    1    1    1    1  5.66375E+10 0.10620 
   21   21    1    1    1    1    1    1    1    1  6.16982E+10 0.05263 
   22   22    1    1    1    1    1    1    1    1  2.20760E+11 0.04794 
   23   23    1    1    1    1    1    1    1    1  7.09702E+11 0.01837 
   24   24    1    1    1    1    1    1    1    1  1.87681E+12 0.01892 
   25   25    1    1    1    1    1    1    1    1  3.07170E+12 0.01102 
   26   26    1    1    1    1    1    1    1    1  6.23175E+12 0.00791 
   27   27    1    1    1    1    1    1    1    1  1.13303E+13 0.00532 
   28   28    1    1    1    1    1    1    1    1  2.28934E+13 0.00517 
   29   29    1    1    1    1    1    1    1    1  3.12466E+13 0.00487 
   30   30    1    1    1    1    1    1    1    1  5.79897E+13 0.00294 
   31   31    1    1    1    1    1    1    1    1  1.13732E+14 0.00259 
   32   32    1    1    1    1    1    1    1    1  1.45715E+14 0.00251 
   33   33    1    1    1    1    1    1    1    1  2.55749E+14 0.00170 
   34   34    1    1    1    1    1    1    1    1  2.79063E+14 0.00174 
   35   35    1    1    1    1    1    1    1    1  3.48821E+14 0.00129 
   36   36    1    1    1    1    1    1    1    1  2.89445E+14 0.00084 
   37   37    1    1    1    1    1    1    1    1  8.84142E+13 0.00101 
   38   38    1    1    1    1    1    1    1    1  4.00388E+14 0.00121 
   39   39    1    1    1    1    1    1    1    1  4.56560E+14 0.00102 
   40   40    1    1    1    1    1    1    1    1  7.54450E+14 0.00082 
   41   41    1    1    1    1    1    1    1    1  6.86414E+14 0.00088 
   42   42    1    1    1    1    1    1    1    1  1.15629E+15 0.00099 
   43   43    1    1    1    1    1    1    1    1  1.19868E+15 0.00084 
   44   44    1    1    1    1    1    1    1    1  1.49711E+15 0.00081 
   45   45    1    1    1    1    1    1    1    1  2.47757E+15 0.00087 
   46   46    1    1    1    1    1    1    1    1  1.41163E+15 0.00077 
   47   47    1    1    1    1    1    1    1    1  1.86615E+15 0.00083 
   48   48    1    1    1    1    1    1    1    1  2.61129E+15 0.00085 
   49   49    1    1    1    1    1    1    1    1  2.25075E+15 0.00074 
   50   50    1    1    1    1    1    1    1    1  3.47880E+15 0.00073 
   51   51    1    1    1    1    1    1    1    1  2.70280E+15 0.00062 
   52   52    1    1    1    1    1    1    1    1  3.02988E+15 0.00071 
   53   53    1    1    1    1    1    1    1    1  2.19847E+15 0.00079 
   54   54    1    1    1    1    1    1    1    1  2.68938E+15 0.00091 
   55   55    1    1    1    1    1    1    1    1  1.95130E+15 0.00071 
   56   56    1    1    1    1    1    1    1    1  2.71567E+14 0.00138 
   57   57    1    1    1    1    1    1    1    1  3.73850E+15 0.00081 
   58   58    1    1    1    1    1    1    1    1  1.65869E+15 0.00080 
   59   59    1    1    1    1    1    1    1    1  1.81845E+15 0.00081 
   60   60    1    1    1    1    1    1    1    1  1.49263E+15 0.00080 
   61   61    1    1    1    1    1    1    1    1  1.49579E+15 0.00077 
   62   62    1    1    1    1    1    1    1    1  1.47637E+15 0.00055 
   63   63    1    1    1    1    1    1    1    1  1.23710E+15 0.00079 
   64   64    1    1    1    1    1    1    1    1  9.70041E+14 0.00086 
   65   65    1    1    1    1    1    1    1    1  9.36088E+14 0.00117 
   66   66    1    1    1    1    1    1    1    1  8.01418E+14 0.00096 
   67   67    1    1    1    1    1    1    1    1  6.61310E+14 0.00107 
   68   68    1    1    1    1    1    1    1    1  5.76261E+14 0.00143 
   69   69    1    1    1    1    1    1    1    1  7.07016E+14 0.00084 
   70   70    1    1    1    1    1    1    1    1  6.09263E+14 0.00144 
   71   71    1    1    1    1    1    1    1    1  1.14343E+15 0.00123 
   72   72    1    1    1    1    1    1    1    1  8.44694E+14 0.00097 
   73   73    1    1    1    1    1    1    1    1  6.66067E+14 0.00093 
   74   74    1    1    1    1    1    1    1    1  5.48907E+14 0.00114 
   75   75    1    1    1    1    1    1    1    1  4.51985E+14 0.00134 
   76   76    1    1    1    1    1    1    1    1  5.20153E+14 0.00146 
   77   77    1    1    1    1    1    1    1    1  4.07983E+14 0.00132 
   78   78    1    1    1    1    1    1    1    1  3.11517E+14 0.00122 
   79   79    1    1    1    1    1    1    1    1  3.24966E+14 0.00120 
   80   80    1    1    1    1    1    1    1    1  2.45495E+14 0.00145 
   81   81    1    1    1    1    1    1    1    1  1.90453E+14 0.00196 
   82   82    1    1    1    1    1    1    1    1  1.47814E+14 0.00272 
   83   83    1    1    1    1    1    1    1    1  1.38397E+14 0.00219 
   84   84    1    1    1    1    1    1    1    1  9.91552E+13 0.00208 
   85   85    1    1    1    1    1    1    1    1  7.16067E+13 0.00291 
   86   86    1    1    1    1    1    1    1    1  6.70998E+13 0.00240 
   87   87    1    1    1    1    1    1    1    1  4.13562E+13 0.00328 
   88   88    1    1    1    1    1    1    1    1  2.79521E+13 0.00348 
   89   89    1    1    1    1    1    1    1    1  1.59101E+13 0.00881 
   90   90    1    1    1    1    1    1    1    1  1.04590E+13 0.00643 
   91   91    1    1    1    1    1    1    1    1  5.28748E+12 0.01090 
   92   92    1    1    1    1    1    1    1    1  2.56123E+12 0.01322 
   93   93    1    1    1    1    1    1    1    1  1.30670E+12 0.02649 
   94   94    1    1    1    1    1    1    1    1  6.40720E+11 0.04375 
   95   95    1    1    1    1    1    1    1    1  3.07031E+11 0.04554 
   96   96    1    1    1    1    1    1    1    1  1.45044E+11 0.06455 
   97   97    1    1    1    1    1    1    1    1  7.66313E+10 0.10618 
   98   98    1    1    1    1    1    1    1    1  3.27005E+10 0.15845 
   99   99    1    1    1    1    1    1    1    1  1.95602E+10 0.17361 
  100  100    1    1    1    1    1    1    1    1  1.15693E+10 0.21892 
];


