
DETdpaspec = [
    1    1    1    1    1    1    1    1    1    1  0.00000E+00 0.00000 
    2    2    1    1    1    1    1    1    1    1  0.00000E+00 0.00000 
    3    3    1    1    1    1    1    1    1    1  0.00000E+00 0.00000 
    4    4    1    1    1    1    1    1    1    1  0.00000E+00 0.00000 
    5    5    1    1    1    1    1    1    1    1  0.00000E+00 0.00000 
    6    6    1    1    1    1    1    1    1    1  0.00000E+00 0.00000 
    7    7    1    1    1    1    1    1    1    1  0.00000E+00 0.00000 
    8    8    1    1    1    1    1    1    1    1  2.76384E+07 1.00000 
    9    9    1    1    1    1    1    1    1    1  7.05048E+07 0.48995 
   10   10    1    1    1    1    1    1    1    1  1.21109E+08 0.75474 
   11   11    1    1    1    1    1    1    1    1  9.15480E+08 0.68889 
   12   12    1    1    1    1    1    1    1    1  2.81674E+08 0.35659 
   13   13    1    1    1    1    1    1    1    1  4.13822E+09 0.36438 
   14   14    1    1    1    1    1    1    1    1  2.55371E+09 0.44776 
   15   15    1    1    1    1    1    1    1    1  4.42270E+09 0.38433 
   16   16    1    1    1    1    1    1    1    1  2.85920E+09 0.40443 
   17   17    1    1    1    1    1    1    1    1  6.40890E+09 0.18523 
   18   18    1    1    1    1    1    1    1    1  1.24408E+10 0.16618 
   19   19    1    1    1    1    1    1    1    1  2.43889E+10 0.13543 
   20   20    1    1    1    1    1    1    1    1  1.19672E+11 0.05699 
   21   21    1    1    1    1    1    1    1    1  2.42409E+11 0.03778 
   22   22    1    1    1    1    1    1    1    1  1.12068E+12 0.02173 
   23   23    1    1    1    1    1    1    1    1  3.64571E+12 0.01250 
   24   24    1    1    1    1    1    1    1    1  7.91721E+12 0.01071 
   25   25    1    1    1    1    1    1    1    1  1.15665E+13 0.00747 
   26   26    1    1    1    1    1    1    1    1  2.03261E+13 0.00414 
   27   27    1    1    1    1    1    1    1    1  3.21642E+13 0.00351 
   28   28    1    1    1    1    1    1    1    1  5.56185E+13 0.00321 
   29   29    1    1    1    1    1    1    1    1  7.24642E+13 0.00318 
   30   30    1    1    1    1    1    1    1    1  1.14621E+14 0.00227 
   31   31    1    1    1    1    1    1    1    1  1.98017E+14 0.00160 
   32   32    1    1    1    1    1    1    1    1  2.35970E+14 0.00204 
   33   33    1    1    1    1    1    1    1    1  3.83363E+14 0.00135 
   34   34    1    1    1    1    1    1    1    1  4.10966E+14 0.00136 
   35   35    1    1    1    1    1    1    1    1  4.70985E+14 0.00123 
   36   36    1    1    1    1    1    1    1    1  3.73317E+14 0.00105 
   37   37    1    1    1    1    1    1    1    1  1.11149E+14 0.00124 
   38   38    1    1    1    1    1    1    1    1  5.05709E+14 0.00089 
   39   39    1    1    1    1    1    1    1    1  5.68609E+14 0.00104 
   40   40    1    1    1    1    1    1    1    1  9.30884E+14 0.00092 
   41   41    1    1    1    1    1    1    1    1  8.24134E+14 0.00070 
   42   42    1    1    1    1    1    1    1    1  1.38321E+15 0.00072 
   43   43    1    1    1    1    1    1    1    1  1.41841E+15 0.00078 
   44   44    1    1    1    1    1    1    1    1  1.75089E+15 0.00067 
   45   45    1    1    1    1    1    1    1    1  2.86528E+15 0.00070 
   46   46    1    1    1    1    1    1    1    1  1.61449E+15 0.00075 
   47   47    1    1    1    1    1    1    1    1  2.11006E+15 0.00090 
   48   48    1    1    1    1    1    1    1    1  2.93145E+15 0.00075 
   49   49    1    1    1    1    1    1    1    1  2.49934E+15 0.00082 
   50   50    1    1    1    1    1    1    1    1  3.85480E+15 0.00069 
   51   51    1    1    1    1    1    1    1    1  2.96282E+15 0.00069 
   52   52    1    1    1    1    1    1    1    1  3.31590E+15 0.00074 
   53   53    1    1    1    1    1    1    1    1  2.39412E+15 0.00072 
   54   54    1    1    1    1    1    1    1    1  2.93095E+15 0.00070 
   55   55    1    1    1    1    1    1    1    1  2.11961E+15 0.00086 
   56   56    1    1    1    1    1    1    1    1  2.94228E+14 0.00159 
   57   57    1    1    1    1    1    1    1    1  4.04022E+15 0.00075 
   58   58    1    1    1    1    1    1    1    1  1.80118E+15 0.00071 
   59   59    1    1    1    1    1    1    1    1  1.96355E+15 0.00077 
   60   60    1    1    1    1    1    1    1    1  1.61898E+15 0.00099 
   61   61    1    1    1    1    1    1    1    1  1.61589E+15 0.00087 
   62   62    1    1    1    1    1    1    1    1  1.59298E+15 0.00089 
   63   63    1    1    1    1    1    1    1    1  1.33269E+15 0.00073 
   64   64    1    1    1    1    1    1    1    1  1.04599E+15 0.00072 
   65   65    1    1    1    1    1    1    1    1  1.00594E+15 0.00092 
   66   66    1    1    1    1    1    1    1    1  8.59458E+14 0.00114 
   67   67    1    1    1    1    1    1    1    1  7.07698E+14 0.00118 
   68   68    1    1    1    1    1    1    1    1  6.15631E+14 0.00141 
   69   69    1    1    1    1    1    1    1    1  7.53849E+14 0.00142 
   70   70    1    1    1    1    1    1    1    1  6.48608E+14 0.00147 
   71   71    1    1    1    1    1    1    1    1  1.20034E+15 0.00101 
   72   72    1    1    1    1    1    1    1    1  8.84320E+14 0.00149 
   73   73    1    1    1    1    1    1    1    1  6.93689E+14 0.00144 
   74   74    1    1    1    1    1    1    1    1  5.74256E+14 0.00125 
   75   75    1    1    1    1    1    1    1    1  4.76107E+14 0.00133 
   76   76    1    1    1    1    1    1    1    1  5.49579E+14 0.00107 
   77   77    1    1    1    1    1    1    1    1  4.34292E+14 0.00144 
   78   78    1    1    1    1    1    1    1    1  3.32266E+14 0.00195 
   79   79    1    1    1    1    1    1    1    1  3.47713E+14 0.00184 
   80   80    1    1    1    1    1    1    1    1  2.62424E+14 0.00144 
   81   81    1    1    1    1    1    1    1    1  2.03421E+14 0.00225 
   82   82    1    1    1    1    1    1    1    1  1.57384E+14 0.00257 
   83   83    1    1    1    1    1    1    1    1  1.47793E+14 0.00213 
   84   84    1    1    1    1    1    1    1    1  1.06006E+14 0.00264 
   85   85    1    1    1    1    1    1    1    1  7.66359E+13 0.00270 
   86   86    1    1    1    1    1    1    1    1  7.15533E+13 0.00255 
   87   87    1    1    1    1    1    1    1    1  4.38646E+13 0.00308 
   88   88    1    1    1    1    1    1    1    1  2.96195E+13 0.00564 
   89   89    1    1    1    1    1    1    1    1  1.67393E+13 0.00615 
   90   90    1    1    1    1    1    1    1    1  1.10812E+13 0.00796 
   91   91    1    1    1    1    1    1    1    1  5.47560E+12 0.01015 
   92   92    1    1    1    1    1    1    1    1  2.69406E+12 0.01500 
   93   93    1    1    1    1    1    1    1    1  1.28154E+12 0.01923 
   94   94    1    1    1    1    1    1    1    1  5.98920E+11 0.03690 
   95   95    1    1    1    1    1    1    1    1  2.93864E+11 0.04865 
   96   96    1    1    1    1    1    1    1    1  1.27403E+11 0.06541 
   97   97    1    1    1    1    1    1    1    1  7.16402E+10 0.07087 
   98   98    1    1    1    1    1    1    1    1  3.57253E+10 0.13263 
   99   99    1    1    1    1    1    1    1    1  1.36621E+10 0.17814 
  100  100    1    1    1    1    1    1    1    1  1.44749E+10 0.22768 
];


