
DETdpaspec = [
    1    1    1    1    1    1    1    1    1    1  0.00000E+00 0.00000 
    2    2    1    1    1    1    1    1    1    1  0.00000E+00 0.00000 
    3    3    1    1    1    1    1    1    1    1  7.14806E+06 1.00000 
    4    4    1    1    1    1    1    1    1    1  0.00000E+00 0.00000 
    5    5    1    1    1    1    1    1    1    1  0.00000E+00 0.00000 
    6    6    1    1    1    1    1    1    1    1  8.18925E+06 1.00000 
    7    7    1    1    1    1    1    1    1    1  1.14779E+07 1.00000 
    8    8    1    1    1    1    1    1    1    1  7.97896E+07 0.48378 
    9    9    1    1    1    1    1    1    1    1  8.93972E+07 0.51599 
   10   10    1    1    1    1    1    1    1    1  8.58507E+07 0.54621 
   11   11    1    1    1    1    1    1    1    1  3.50556E+08 0.38438 
   12   12    1    1    1    1    1    1    1    1  2.79243E+08 0.40764 
   13   13    1    1    1    1    1    1    1    1  3.54500E+09 0.25656 
   14   14    1    1    1    1    1    1    1    1  5.75904E+09 0.20300 
   15   15    1    1    1    1    1    1    1    1  1.14180E+10 0.23495 
   16   16    1    1    1    1    1    1    1    1  4.27719E+09 0.21271 
   17   17    1    1    1    1    1    1    1    1  1.00831E+10 0.14585 
   18   18    1    1    1    1    1    1    1    1  2.41301E+10 0.13100 
   19   19    1    1    1    1    1    1    1    1  3.09824E+10 0.08498 
   20   20    1    1    1    1    1    1    1    1  8.75897E+10 0.09883 
   21   21    1    1    1    1    1    1    1    1  7.80819E+10 0.04109 
   22   22    1    1    1    1    1    1    1    1  2.23942E+11 0.03940 
   23   23    1    1    1    1    1    1    1    1  3.55899E+11 0.02826 
   24   24    1    1    1    1    1    1    1    1  6.86329E+11 0.02390 
   25   25    1    1    1    1    1    1    1    1  1.08005E+12 0.02023 
   26   26    1    1    1    1    1    1    1    1  2.18028E+12 0.01123 
   27   27    1    1    1    1    1    1    1    1  4.25843E+12 0.00773 
   28   28    1    1    1    1    1    1    1    1  8.31751E+12 0.00564 
   29   29    1    1    1    1    1    1    1    1  1.02872E+13 0.00727 
   30   30    1    1    1    1    1    1    1    1  2.38000E+13 0.00515 
   31   31    1    1    1    1    1    1    1    1  4.90153E+13 0.00380 
   32   32    1    1    1    1    1    1    1    1  6.48062E+13 0.00348 
   33   33    1    1    1    1    1    1    1    1  1.17732E+14 0.00276 
   34   34    1    1    1    1    1    1    1    1  1.21905E+14 0.00231 
   35   35    1    1    1    1    1    1    1    1  1.71077E+14 0.00201 
   36   36    1    1    1    1    1    1    1    1  1.46627E+14 0.00188 
   37   37    1    1    1    1    1    1    1    1  4.63824E+13 0.00186 
   38   38    1    1    1    1    1    1    1    1  2.02910E+14 0.00135 
   39   39    1    1    1    1    1    1    1    1  2.32295E+14 0.00165 
   40   40    1    1    1    1    1    1    1    1  3.74453E+14 0.00166 
   41   41    1    1    1    1    1    1    1    1  3.51535E+14 0.00164 
   42   42    1    1    1    1    1    1    1    1  5.79840E+14 0.00157 
   43   43    1    1    1    1    1    1    1    1  5.99305E+14 0.00155 
   44   44    1    1    1    1    1    1    1    1  7.42816E+14 0.00152 
   45   45    1    1    1    1    1    1    1    1  1.21960E+15 0.00129 
   46   46    1    1    1    1    1    1    1    1  6.85724E+14 0.00123 
   47   47    1    1    1    1    1    1    1    1  9.19774E+14 0.00148 
   48   48    1    1    1    1    1    1    1    1  1.27318E+15 0.00156 
   49   49    1    1    1    1    1    1    1    1  1.10998E+15 0.00170 
   50   50    1    1    1    1    1    1    1    1  1.67257E+15 0.00141 
   51   51    1    1    1    1    1    1    1    1  1.31180E+15 0.00175 
   52   52    1    1    1    1    1    1    1    1  1.43925E+15 0.00179 
   53   53    1    1    1    1    1    1    1    1  1.04281E+15 0.00168 
   54   54    1    1    1    1    1    1    1    1  1.24676E+15 0.00184 
   55   55    1    1    1    1    1    1    1    1  9.05423E+14 0.00192 
   56   56    1    1    1    1    1    1    1    1  1.26263E+14 0.00189 
   57   57    1    1    1    1    1    1    1    1  1.73119E+15 0.00191 
   58   58    1    1    1    1    1    1    1    1  7.44877E+14 0.00204 
   59   59    1    1    1    1    1    1    1    1  8.23112E+14 0.00207 
   60   60    1    1    1    1    1    1    1    1  6.57580E+14 0.00199 
   61   61    1    1    1    1    1    1    1    1  6.58018E+14 0.00197 
   62   62    1    1    1    1    1    1    1    1  6.45036E+14 0.00193 
   63   63    1    1    1    1    1    1    1    1  5.35559E+14 0.00231 
   64   64    1    1    1    1    1    1    1    1  4.18099E+14 0.00230 
   65   65    1    1    1    1    1    1    1    1  4.03902E+14 0.00227 
   66   66    1    1    1    1    1    1    1    1  3.41950E+14 0.00237 
   67   67    1    1    1    1    1    1    1    1  2.83443E+14 0.00162 
   68   68    1    1    1    1    1    1    1    1  2.48185E+14 0.00187 
   69   69    1    1    1    1    1    1    1    1  3.03289E+14 0.00246 
   70   70    1    1    1    1    1    1    1    1  2.61633E+14 0.00232 
   71   71    1    1    1    1    1    1    1    1  5.00053E+14 0.00251 
   72   72    1    1    1    1    1    1    1    1  3.71810E+14 0.00256 
   73   73    1    1    1    1    1    1    1    1  2.91297E+14 0.00250 
   74   74    1    1    1    1    1    1    1    1  2.35192E+14 0.00260 
   75   75    1    1    1    1    1    1    1    1  1.90564E+14 0.00274 
   76   76    1    1    1    1    1    1    1    1  2.13772E+14 0.00280 
   77   77    1    1    1    1    1    1    1    1  1.64538E+14 0.00235 
   78   78    1    1    1    1    1    1    1    1  1.24008E+14 0.00316 
   79   79    1    1    1    1    1    1    1    1  1.27369E+14 0.00281 
   80   80    1    1    1    1    1    1    1    1  9.53103E+13 0.00378 
   81   81    1    1    1    1    1    1    1    1  7.36435E+13 0.00358 
   82   82    1    1    1    1    1    1    1    1  5.68372E+13 0.00457 
   83   83    1    1    1    1    1    1    1    1  5.28624E+13 0.00353 
   84   84    1    1    1    1    1    1    1    1  3.83813E+13 0.00522 
   85   85    1    1    1    1    1    1    1    1  2.74487E+13 0.00493 
   86   86    1    1    1    1    1    1    1    1  2.57406E+13 0.00582 
   87   87    1    1    1    1    1    1    1    1  1.62056E+13 0.00738 
   88   88    1    1    1    1    1    1    1    1  1.08453E+13 0.00761 
   89   89    1    1    1    1    1    1    1    1  6.31362E+12 0.01066 
   90   90    1    1    1    1    1    1    1    1  4.17929E+12 0.01155 
   91   91    1    1    1    1    1    1    1    1  2.06927E+12 0.01890 
   92   92    1    1    1    1    1    1    1    1  1.00983E+12 0.02208 
   93   93    1    1    1    1    1    1    1    1  4.83688E+11 0.03439 
   94   94    1    1    1    1    1    1    1    1  2.37177E+11 0.05838 
   95   95    1    1    1    1    1    1    1    1  1.24957E+11 0.06275 
   96   96    1    1    1    1    1    1    1    1  5.95297E+10 0.11228 
   97   97    1    1    1    1    1    1    1    1  1.95583E+10 0.16685 
   98   98    1    1    1    1    1    1    1    1  1.52571E+10 0.20968 
   99   99    1    1    1    1    1    1    1    1  8.15195E+09 0.24569 
  100  100    1    1    1    1    1    1    1    1  4.66349E+09 0.30807 
];


