
DETdpaspec = [
    1    1    1    1    1    1    1    1    1    1  0.00000E+00 0.00000 
    2    2    1    1    1    1    1    1    1    1  0.00000E+00 0.00000 
    3    3    1    1    1    1    1    1    1    1  0.00000E+00 0.00000 
    4    4    1    1    1    1    1    1    1    1  2.39285E+07 1.00000 
    5    5    1    1    1    1    1    1    1    1  0.00000E+00 0.00000 
    6    6    1    1    1    1    1    1    1    1  4.44909E+07 0.68829 
    7    7    1    1    1    1    1    1    1    1  0.00000E+00 0.00000 
    8    8    1    1    1    1    1    1    1    1  0.00000E+00 0.00000 
    9    9    1    1    1    1    1    1    1    1  0.00000E+00 0.00000 
   10   10    1    1    1    1    1    1    1    1  0.00000E+00 0.00000 
   11   11    1    1    1    1    1    1    1    1  0.00000E+00 0.00000 
   12   12    1    1    1    1    1    1    1    1  1.88097E+08 0.42750 
   13   13    1    1    1    1    1    1    1    1  5.57987E+09 0.34384 
   14   14    1    1    1    1    1    1    1    1  6.50872E+09 0.32944 
   15   15    1    1    1    1    1    1    1    1  5.47041E+09 0.34231 
   16   16    1    1    1    1    1    1    1    1  3.15281E+09 0.22352 
   17   17    1    1    1    1    1    1    1    1  5.73216E+09 0.28417 
   18   18    1    1    1    1    1    1    1    1  1.63198E+10 0.23733 
   19   19    1    1    1    1    1    1    1    1  3.00445E+10 0.15906 
   20   20    1    1    1    1    1    1    1    1  1.07287E+11 0.07118 
   21   21    1    1    1    1    1    1    1    1  2.16588E+11 0.03815 
   22   22    1    1    1    1    1    1    1    1  8.78792E+11 0.02427 
   23   23    1    1    1    1    1    1    1    1  2.95436E+12 0.01166 
   24   24    1    1    1    1    1    1    1    1  6.55886E+12 0.01225 
   25   25    1    1    1    1    1    1    1    1  9.75230E+12 0.00688 
   26   26    1    1    1    1    1    1    1    1  1.75791E+13 0.00493 
   27   27    1    1    1    1    1    1    1    1  2.81704E+13 0.00421 
   28   28    1    1    1    1    1    1    1    1  4.99454E+13 0.00408 
   29   29    1    1    1    1    1    1    1    1  6.56087E+13 0.00221 
   30   30    1    1    1    1    1    1    1    1  1.05752E+14 0.00283 
   31   31    1    1    1    1    1    1    1    1  1.85614E+14 0.00201 
   32   32    1    1    1    1    1    1    1    1  2.23397E+14 0.00175 
   33   33    1    1    1    1    1    1    1    1  3.66904E+14 0.00135 
   34   34    1    1    1    1    1    1    1    1  3.94923E+14 0.00115 
   35   35    1    1    1    1    1    1    1    1  4.57465E+14 0.00116 
   36   36    1    1    1    1    1    1    1    1  3.64045E+14 0.00115 
   37   37    1    1    1    1    1    1    1    1  1.08713E+14 0.00118 
   38   38    1    1    1    1    1    1    1    1  4.94422E+14 0.00097 
   39   39    1    1    1    1    1    1    1    1  5.56424E+14 0.00101 
   40   40    1    1    1    1    1    1    1    1  9.13239E+14 0.00065 
   41   41    1    1    1    1    1    1    1    1  8.10544E+14 0.00081 
   42   42    1    1    1    1    1    1    1    1  1.36248E+15 0.00056 
   43   43    1    1    1    1    1    1    1    1  1.39835E+15 0.00061 
   44   44    1    1    1    1    1    1    1    1  1.72735E+15 0.00074 
   45   45    1    1    1    1    1    1    1    1  2.83313E+15 0.00054 
   46   46    1    1    1    1    1    1    1    1  1.59859E+15 0.00069 
   47   47    1    1    1    1    1    1    1    1  2.09316E+15 0.00070 
   48   48    1    1    1    1    1    1    1    1  2.91323E+15 0.00058 
   49   49    1    1    1    1    1    1    1    1  2.48624E+15 0.00057 
   50   50    1    1    1    1    1    1    1    1  3.83672E+15 0.00057 
   51   51    1    1    1    1    1    1    1    1  2.95400E+15 0.00050 
   52   52    1    1    1    1    1    1    1    1  3.30789E+15 0.00057 
   53   53    1    1    1    1    1    1    1    1  2.38851E+15 0.00065 
   54   54    1    1    1    1    1    1    1    1  2.92311E+15 0.00078 
   55   55    1    1    1    1    1    1    1    1  2.11495E+15 0.00082 
   56   56    1    1    1    1    1    1    1    1  2.93793E+14 0.00115 
   57   57    1    1    1    1    1    1    1    1  4.03755E+15 0.00063 
   58   58    1    1    1    1    1    1    1    1  1.80009E+15 0.00058 
   59   59    1    1    1    1    1    1    1    1  1.96459E+15 0.00060 
   60   60    1    1    1    1    1    1    1    1  1.61883E+15 0.00072 
   61   61    1    1    1    1    1    1    1    1  1.61859E+15 0.00060 
   62   62    1    1    1    1    1    1    1    1  1.59453E+15 0.00085 
   63   63    1    1    1    1    1    1    1    1  1.33467E+15 0.00094 
   64   64    1    1    1    1    1    1    1    1  1.04832E+15 0.00077 
   65   65    1    1    1    1    1    1    1    1  1.00807E+15 0.00077 
   66   66    1    1    1    1    1    1    1    1  8.62306E+14 0.00081 
   67   67    1    1    1    1    1    1    1    1  7.10269E+14 0.00097 
   68   68    1    1    1    1    1    1    1    1  6.16889E+14 0.00097 
   69   69    1    1    1    1    1    1    1    1  7.55818E+14 0.00084 
   70   70    1    1    1    1    1    1    1    1  6.49737E+14 0.00110 
   71   71    1    1    1    1    1    1    1    1  1.20664E+15 0.00098 
   72   72    1    1    1    1    1    1    1    1  8.86923E+14 0.00125 
   73   73    1    1    1    1    1    1    1    1  6.96575E+14 0.00123 
   74   74    1    1    1    1    1    1    1    1  5.77499E+14 0.00125 
   75   75    1    1    1    1    1    1    1    1  4.78893E+14 0.00083 
   76   76    1    1    1    1    1    1    1    1  5.52744E+14 0.00110 
   77   77    1    1    1    1    1    1    1    1  4.35908E+14 0.00112 
   78   78    1    1    1    1    1    1    1    1  3.34411E+14 0.00108 
   79   79    1    1    1    1    1    1    1    1  3.50166E+14 0.00123 
   80   80    1    1    1    1    1    1    1    1  2.62809E+14 0.00164 
   81   81    1    1    1    1    1    1    1    1  2.05236E+14 0.00149 
   82   82    1    1    1    1    1    1    1    1  1.58846E+14 0.00221 
   83   83    1    1    1    1    1    1    1    1  1.48006E+14 0.00192 
   84   84    1    1    1    1    1    1    1    1  1.06565E+14 0.00223 
   85   85    1    1    1    1    1    1    1    1  7.71236E+13 0.00309 
   86   86    1    1    1    1    1    1    1    1  7.22975E+13 0.00231 
   87   87    1    1    1    1    1    1    1    1  4.43613E+13 0.00400 
   88   88    1    1    1    1    1    1    1    1  2.93722E+13 0.00330 
   89   89    1    1    1    1    1    1    1    1  1.67563E+13 0.00707 
   90   90    1    1    1    1    1    1    1    1  1.11850E+13 0.00746 
   91   91    1    1    1    1    1    1    1    1  5.62234E+12 0.01028 
   92   92    1    1    1    1    1    1    1    1  2.70776E+12 0.01753 
   93   93    1    1    1    1    1    1    1    1  1.31973E+12 0.01496 
   94   94    1    1    1    1    1    1    1    1  6.57559E+11 0.03231 
   95   95    1    1    1    1    1    1    1    1  3.07248E+11 0.04581 
   96   96    1    1    1    1    1    1    1    1  1.26487E+11 0.08471 
   97   97    1    1    1    1    1    1    1    1  6.43539E+10 0.09914 
   98   98    1    1    1    1    1    1    1    1  3.46096E+10 0.14188 
   99   99    1    1    1    1    1    1    1    1  1.29692E+10 0.21940 
  100  100    1    1    1    1    1    1    1    1  1.20277E+10 0.30299 
];


