
DETdpaspec = [
    1    1    1    1    1    1    1    1    1    1  0.00000E+00 0.00000 
    2    2    1    1    1    1    1    1    1    1  7.41257E+06 1.00000 
    3    3    1    1    1    1    1    1    1    1  0.00000E+00 0.00000 
    4    4    1    1    1    1    1    1    1    1  0.00000E+00 0.00000 
    5    5    1    1    1    1    1    1    1    1  0.00000E+00 0.00000 
    6    6    1    1    1    1    1    1    1    1  1.05665E+07 1.00000 
    7    7    1    1    1    1    1    1    1    1  1.41762E+07 1.00000 
    8    8    1    1    1    1    1    1    1    1  0.00000E+00 0.00000 
    9    9    1    1    1    1    1    1    1    1  2.11099E+07 0.70714 
   10   10    1    1    1    1    1    1    1    1  2.11442E+08 0.52083 
   11   11    1    1    1    1    1    1    1    1  2.37201E+08 0.65825 
   12   12    1    1    1    1    1    1    1    1  1.75140E+08 0.39742 
   13   13    1    1    1    1    1    1    1    1  3.61034E+09 0.26635 
   14   14    1    1    1    1    1    1    1    1  1.06951E+10 0.21280 
   15   15    1    1    1    1    1    1    1    1  9.35591E+09 0.27851 
   16   16    1    1    1    1    1    1    1    1  3.37104E+09 0.26510 
   17   17    1    1    1    1    1    1    1    1  7.70286E+09 0.15497 
   18   18    1    1    1    1    1    1    1    1  1.47475E+10 0.15595 
   19   19    1    1    1    1    1    1    1    1  2.05109E+10 0.11935 
   20   20    1    1    1    1    1    1    1    1  6.01255E+10 0.09198 
   21   21    1    1    1    1    1    1    1    1  5.13727E+10 0.06407 
   22   22    1    1    1    1    1    1    1    1  1.68532E+11 0.04739 
   23   23    1    1    1    1    1    1    1    1  4.22188E+11 0.02554 
   24   24    1    1    1    1    1    1    1    1  9.23998E+11 0.02565 
   25   25    1    1    1    1    1    1    1    1  1.60075E+12 0.01253 
   26   26    1    1    1    1    1    1    1    1  3.45284E+12 0.01201 
   27   27    1    1    1    1    1    1    1    1  6.64924E+12 0.00797 
   28   28    1    1    1    1    1    1    1    1  1.42243E+13 0.00648 
   29   29    1    1    1    1    1    1    1    1  1.90920E+13 0.00589 
   30   30    1    1    1    1    1    1    1    1  3.93922E+13 0.00344 
   31   31    1    1    1    1    1    1    1    1  8.09386E+13 0.00278 
   32   32    1    1    1    1    1    1    1    1  1.07118E+14 0.00213 
   33   33    1    1    1    1    1    1    1    1  1.94865E+14 0.00174 
   34   34    1    1    1    1    1    1    1    1  2.09417E+14 0.00214 
   35   35    1    1    1    1    1    1    1    1  2.77956E+14 0.00156 
   36   36    1    1    1    1    1    1    1    1  2.35900E+14 0.00129 
   37   37    1    1    1    1    1    1    1    1  7.34411E+13 0.00160 
   38   38    1    1    1    1    1    1    1    1  3.29019E+14 0.00121 
   39   39    1    1    1    1    1    1    1    1  3.77502E+14 0.00108 
   40   40    1    1    1    1    1    1    1    1  6.21002E+14 0.00100 
   41   41    1    1    1    1    1    1    1    1  5.74059E+14 0.00125 
   42   42    1    1    1    1    1    1    1    1  9.65637E+14 0.00082 
   43   43    1    1    1    1    1    1    1    1  1.00401E+15 0.00070 
   44   44    1    1    1    1    1    1    1    1  1.25480E+15 0.00079 
   45   45    1    1    1    1    1    1    1    1  2.08548E+15 0.00083 
   46   46    1    1    1    1    1    1    1    1  1.18654E+15 0.00083 
   47   47    1    1    1    1    1    1    1    1  1.58037E+15 0.00104 
   48   48    1    1    1    1    1    1    1    1  2.20895E+15 0.00075 
   49   49    1    1    1    1    1    1    1    1  1.91607E+15 0.00071 
   50   50    1    1    1    1    1    1    1    1  2.94076E+15 0.00077 
   51   51    1    1    1    1    1    1    1    1  2.29892E+15 0.00068 
   52   52    1    1    1    1    1    1    1    1  2.56334E+15 0.00082 
   53   53    1    1    1    1    1    1    1    1  1.85981E+15 0.00068 
   54   54    1    1    1    1    1    1    1    1  2.25843E+15 0.00071 
   55   55    1    1    1    1    1    1    1    1  1.63989E+15 0.00088 
   56   56    1    1    1    1    1    1    1    1  2.28138E+14 0.00101 
   57   57    1    1    1    1    1    1    1    1  3.14424E+15 0.00064 
   58   58    1    1    1    1    1    1    1    1  1.38326E+15 0.00076 
   59   59    1    1    1    1    1    1    1    1  1.52350E+15 0.00078 
   60   60    1    1    1    1    1    1    1    1  1.23928E+15 0.00106 
   61   61    1    1    1    1    1    1    1    1  1.24161E+15 0.00099 
   62   62    1    1    1    1    1    1    1    1  1.22239E+15 0.00103 
   63   63    1    1    1    1    1    1    1    1  1.02134E+15 0.00094 
   64   64    1    1    1    1    1    1    1    1  8.00691E+14 0.00109 
   65   65    1    1    1    1    1    1    1    1  7.74500E+14 0.00136 
   66   66    1    1    1    1    1    1    1    1  6.59765E+14 0.00128 
   67   67    1    1    1    1    1    1    1    1  5.46230E+14 0.00131 
   68   68    1    1    1    1    1    1    1    1  4.76288E+14 0.00152 
   69   69    1    1    1    1    1    1    1    1  5.84527E+14 0.00125 
   70   70    1    1    1    1    1    1    1    1  5.03652E+14 0.00133 
   71   71    1    1    1    1    1    1    1    1  9.51544E+14 0.00079 
   72   72    1    1    1    1    1    1    1    1  7.08067E+14 0.00108 
   73   73    1    1    1    1    1    1    1    1  5.56895E+14 0.00127 
   74   74    1    1    1    1    1    1    1    1  4.54957E+14 0.00178 
   75   75    1    1    1    1    1    1    1    1  3.72758E+14 0.00135 
   76   76    1    1    1    1    1    1    1    1  4.26263E+14 0.00126 
   77   77    1    1    1    1    1    1    1    1  3.33348E+14 0.00141 
   78   78    1    1    1    1    1    1    1    1  2.53034E+14 0.00193 
   79   79    1    1    1    1    1    1    1    1  2.62036E+14 0.00138 
   80   80    1    1    1    1    1    1    1    1  1.96906E+14 0.00223 
   81   81    1    1    1    1    1    1    1    1  1.52412E+14 0.00188 
   82   82    1    1    1    1    1    1    1    1  1.17741E+14 0.00256 
   83   83    1    1    1    1    1    1    1    1  1.10597E+14 0.00267 
   84   84    1    1    1    1    1    1    1    1  7.92667E+13 0.00235 
   85   85    1    1    1    1    1    1    1    1  5.73209E+13 0.00342 
   86   86    1    1    1    1    1    1    1    1  5.39596E+13 0.00366 
   87   87    1    1    1    1    1    1    1    1  3.32556E+13 0.00410 
   88   88    1    1    1    1    1    1    1    1  2.25823E+13 0.00514 
   89   89    1    1    1    1    1    1    1    1  1.27841E+13 0.00763 
   90   90    1    1    1    1    1    1    1    1  8.58943E+12 0.00797 
   91   91    1    1    1    1    1    1    1    1  4.39426E+12 0.01101 
   92   92    1    1    1    1    1    1    1    1  2.10353E+12 0.01928 
   93   93    1    1    1    1    1    1    1    1  9.69875E+11 0.02419 
   94   94    1    1    1    1    1    1    1    1  4.45475E+11 0.02758 
   95   95    1    1    1    1    1    1    1    1  2.52133E+11 0.03930 
   96   96    1    1    1    1    1    1    1    1  1.27276E+11 0.07266 
   97   97    1    1    1    1    1    1    1    1  6.72816E+10 0.09168 
   98   98    1    1    1    1    1    1    1    1  2.17659E+10 0.15218 
   99   99    1    1    1    1    1    1    1    1  1.59317E+10 0.18650 
  100  100    1    1    1    1    1    1    1    1  8.06431E+09 0.29023 
];


