
DETdpaspec = [
    1    1    1    1    1    1    1    1    1    1  0.00000E+00 0.00000 
    2    2    1    1    1    1    1    1    1    1  0.00000E+00 0.00000 
    3    3    1    1    1    1    1    1    1    1  0.00000E+00 0.00000 
    4    4    1    1    1    1    1    1    1    1  0.00000E+00 0.00000 
    5    5    1    1    1    1    1    1    1    1  0.00000E+00 0.00000 
    6    6    1    1    1    1    1    1    1    1  0.00000E+00 0.00000 
    7    7    1    1    1    1    1    1    1    1  0.00000E+00 0.00000 
    8    8    1    1    1    1    1    1    1    1  3.17034E+07 0.72341 
    9    9    1    1    1    1    1    1    1    1  1.74049E+07 1.00000 
   10   10    1    1    1    1    1    1    1    1  3.06813E+07 1.00000 
   11   11    1    1    1    1    1    1    1    1  6.77635E+08 0.70325 
   12   12    1    1    1    1    1    1    1    1  5.81277E+08 0.31976 
   13   13    1    1    1    1    1    1    1    1  5.64108E+09 0.31774 
   14   14    1    1    1    1    1    1    1    1  8.94876E+09 0.26522 
   15   15    1    1    1    1    1    1    1    1  8.57110E+09 0.37363 
   16   16    1    1    1    1    1    1    1    1  2.74391E+09 0.20562 
   17   17    1    1    1    1    1    1    1    1  4.15540E+09 0.22221 
   18   18    1    1    1    1    1    1    1    1  1.36004E+10 0.25220 
   19   19    1    1    1    1    1    1    1    1  2.07818E+10 0.14775 
   20   20    1    1    1    1    1    1    1    1  5.71670E+10 0.10910 
   21   21    1    1    1    1    1    1    1    1  9.06156E+10 0.06554 
   22   22    1    1    1    1    1    1    1    1  4.27976E+11 0.02935 
   23   23    1    1    1    1    1    1    1    1  1.49570E+12 0.02293 
   24   24    1    1    1    1    1    1    1    1  3.69983E+12 0.01082 
   25   25    1    1    1    1    1    1    1    1  5.76571E+12 0.00824 
   26   26    1    1    1    1    1    1    1    1  1.08391E+13 0.00501 
   27   27    1    1    1    1    1    1    1    1  1.86879E+13 0.00505 
   28   28    1    1    1    1    1    1    1    1  3.52527E+13 0.00401 
   29   29    1    1    1    1    1    1    1    1  4.75873E+13 0.00292 
   30   30    1    1    1    1    1    1    1    1  8.05535E+13 0.00220 
   31   31    1    1    1    1    1    1    1    1  1.49503E+14 0.00222 
   32   32    1    1    1    1    1    1    1    1  1.85249E+14 0.00169 
   33   33    1    1    1    1    1    1    1    1  3.13754E+14 0.00113 
   34   34    1    1    1    1    1    1    1    1  3.40890E+14 0.00121 
   35   35    1    1    1    1    1    1    1    1  4.07051E+14 0.00096 
   36   36    1    1    1    1    1    1    1    1  3.30706E+14 0.00080 
   37   37    1    1    1    1    1    1    1    1  9.97280E+13 0.00114 
   38   38    1    1    1    1    1    1    1    1  4.53025E+14 0.00086 
   39   39    1    1    1    1    1    1    1    1  5.13307E+14 0.00051 
   40   40    1    1    1    1    1    1    1    1  8.45685E+14 0.00064 
   41   41    1    1    1    1    1    1    1    1  7.58335E+14 0.00077 
   42   42    1    1    1    1    1    1    1    1  1.27874E+15 0.00077 
   43   43    1    1    1    1    1    1    1    1  1.31845E+15 0.00064 
   44   44    1    1    1    1    1    1    1    1  1.63908E+15 0.00060 
   45   45    1    1    1    1    1    1    1    1  2.70026E+15 0.00051 
   46   46    1    1    1    1    1    1    1    1  1.53104E+15 0.00066 
   47   47    1    1    1    1    1    1    1    1  2.01404E+15 0.00052 
   48   48    1    1    1    1    1    1    1    1  2.81066E+15 0.00070 
   49   49    1    1    1    1    1    1    1    1  2.40863E+15 0.00053 
   50   50    1    1    1    1    1    1    1    1  3.72604E+15 0.00055 
   51   51    1    1    1    1    1    1    1    1  2.87982E+15 0.00055 
   52   52    1    1    1    1    1    1    1    1  3.23009E+15 0.00052 
   53   53    1    1    1    1    1    1    1    1  2.33864E+15 0.00052 
   54   54    1    1    1    1    1    1    1    1  2.86575E+15 0.00059 
   55   55    1    1    1    1    1    1    1    1  2.07442E+15 0.00070 
   56   56    1    1    1    1    1    1    1    1  2.88395E+14 0.00104 
   57   57    1    1    1    1    1    1    1    1  3.97004E+15 0.00063 
   58   58    1    1    1    1    1    1    1    1  1.76845E+15 0.00085 
   59   59    1    1    1    1    1    1    1    1  1.93342E+15 0.00073 
   60   60    1    1    1    1    1    1    1    1  1.59095E+15 0.00091 
   61   61    1    1    1    1    1    1    1    1  1.59203E+15 0.00080 
   62   62    1    1    1    1    1    1    1    1  1.56949E+15 0.00098 
   63   63    1    1    1    1    1    1    1    1  1.31525E+15 0.00066 
   64   64    1    1    1    1    1    1    1    1  1.03319E+15 0.00072 
   65   65    1    1    1    1    1    1    1    1  9.95109E+14 0.00063 
   66   66    1    1    1    1    1    1    1    1  8.51112E+14 0.00092 
   67   67    1    1    1    1    1    1    1    1  7.02273E+14 0.00090 
   68   68    1    1    1    1    1    1    1    1  6.11207E+14 0.00105 
   69   69    1    1    1    1    1    1    1    1  7.48940E+14 0.00095 
   70   70    1    1    1    1    1    1    1    1  6.44873E+14 0.00100 
   71   71    1    1    1    1    1    1    1    1  1.20261E+15 0.00093 
   72   72    1    1    1    1    1    1    1    1  8.87931E+14 0.00112 
   73   73    1    1    1    1    1    1    1    1  6.99076E+14 0.00088 
   74   74    1    1    1    1    1    1    1    1  5.77148E+14 0.00093 
   75   75    1    1    1    1    1    1    1    1  4.77736E+14 0.00087 
   76   76    1    1    1    1    1    1    1    1  5.51315E+14 0.00143 
   77   77    1    1    1    1    1    1    1    1  4.34747E+14 0.00126 
   78   78    1    1    1    1    1    1    1    1  3.32489E+14 0.00195 
   79   79    1    1    1    1    1    1    1    1  3.47491E+14 0.00115 
   80   80    1    1    1    1    1    1    1    1  2.62148E+14 0.00147 
   81   81    1    1    1    1    1    1    1    1  2.04332E+14 0.00168 
   82   82    1    1    1    1    1    1    1    1  1.57630E+14 0.00208 
   83   83    1    1    1    1    1    1    1    1  1.47579E+14 0.00213 
   84   84    1    1    1    1    1    1    1    1  1.06229E+14 0.00227 
   85   85    1    1    1    1    1    1    1    1  7.66311E+13 0.00306 
   86   86    1    1    1    1    1    1    1    1  7.18325E+13 0.00365 
   87   87    1    1    1    1    1    1    1    1  4.40015E+13 0.00375 
   88   88    1    1    1    1    1    1    1    1  2.96356E+13 0.00491 
   89   89    1    1    1    1    1    1    1    1  1.69304E+13 0.00499 
   90   90    1    1    1    1    1    1    1    1  1.11189E+13 0.00660 
   91   91    1    1    1    1    1    1    1    1  5.50599E+12 0.01062 
   92   92    1    1    1    1    1    1    1    1  2.75947E+12 0.01413 
   93   93    1    1    1    1    1    1    1    1  1.30552E+12 0.01691 
   94   94    1    1    1    1    1    1    1    1  5.80092E+11 0.03171 
   95   95    1    1    1    1    1    1    1    1  3.04198E+11 0.04936 
   96   96    1    1    1    1    1    1    1    1  1.51320E+11 0.05197 
   97   97    1    1    1    1    1    1    1    1  6.82046E+10 0.08346 
   98   98    1    1    1    1    1    1    1    1  3.65678E+10 0.20879 
   99   99    1    1    1    1    1    1    1    1  1.22809E+10 0.26902 
  100  100    1    1    1    1    1    1    1    1  1.44707E+10 0.23911 
];


