
DETdpaspec = [
    1    1    1    1    1    1    1    1    1    1  0.00000E+00 0.00000 
    2    2    1    1    1    1    1    1    1    1  0.00000E+00 0.00000 
    3    3    1    1    1    1    1    1    1    1  0.00000E+00 0.00000 
    4    4    1    1    1    1    1    1    1    1  1.48205E+07 1.00000 
    5    5    1    1    1    1    1    1    1    1  0.00000E+00 0.00000 
    6    6    1    1    1    1    1    1    1    1  0.00000E+00 0.00000 
    7    7    1    1    1    1    1    1    1    1  3.93682E+07 1.00000 
    8    8    1    1    1    1    1    1    1    1  0.00000E+00 0.00000 
    9    9    1    1    1    1    1    1    1    1  6.63776E+06 1.00000 
   10   10    1    1    1    1    1    1    1    1  1.04417E+08 0.68826 
   11   11    1    1    1    1    1    1    1    1  4.91193E+08 0.43353 
   12   12    1    1    1    1    1    1    1    1  1.43419E+08 0.49263 
   13   13    1    1    1    1    1    1    1    1  3.46239E+09 0.38120 
   14   14    1    1    1    1    1    1    1    1  5.70671E+09 0.23525 
   15   15    1    1    1    1    1    1    1    1  5.99025E+09 0.28775 
   16   16    1    1    1    1    1    1    1    1  3.03921E+09 0.28428 
   17   17    1    1    1    1    1    1    1    1  4.55505E+09 0.22264 
   18   18    1    1    1    1    1    1    1    1  1.35787E+10 0.15309 
   19   19    1    1    1    1    1    1    1    1  1.81173E+10 0.12663 
   20   20    1    1    1    1    1    1    1    1  5.35748E+10 0.10871 
   21   21    1    1    1    1    1    1    1    1  5.40268E+10 0.08230 
   22   22    1    1    1    1    1    1    1    1  1.74339E+11 0.05098 
   23   23    1    1    1    1    1    1    1    1  5.37881E+11 0.02646 
   24   24    1    1    1    1    1    1    1    1  1.43340E+12 0.01781 
   25   25    1    1    1    1    1    1    1    1  2.45813E+12 0.01127 
   26   26    1    1    1    1    1    1    1    1  5.06705E+12 0.00968 
   27   27    1    1    1    1    1    1    1    1  9.48776E+12 0.00724 
   28   28    1    1    1    1    1    1    1    1  1.94339E+13 0.00449 
   29   29    1    1    1    1    1    1    1    1  2.67024E+13 0.00525 
   30   30    1    1    1    1    1    1    1    1  5.07585E+13 0.00314 
   31   31    1    1    1    1    1    1    1    1  1.02532E+14 0.00229 
   32   32    1    1    1    1    1    1    1    1  1.32688E+14 0.00191 
   33   33    1    1    1    1    1    1    1    1  2.35441E+14 0.00160 
   34   34    1    1    1    1    1    1    1    1  2.55950E+14 0.00175 
   35   35    1    1    1    1    1    1    1    1  3.26223E+14 0.00158 
   36   36    1    1    1    1    1    1    1    1  2.72751E+14 0.00116 
   37   37    1    1    1    1    1    1    1    1  8.38192E+13 0.00127 
   38   38    1    1    1    1    1    1    1    1  3.79024E+14 0.00103 
   39   39    1    1    1    1    1    1    1    1  4.32875E+14 0.00094 
   40   40    1    1    1    1    1    1    1    1  7.14813E+14 0.00107 
   41   41    1    1    1    1    1    1    1    1  6.52769E+14 0.00101 
   42   42    1    1    1    1    1    1    1    1  1.10167E+15 0.00085 
   43   43    1    1    1    1    1    1    1    1  1.14501E+15 0.00076 
   44   44    1    1    1    1    1    1    1    1  1.42923E+15 0.00077 
   45   45    1    1    1    1    1    1    1    1  2.37206E+15 0.00071 
   46   46    1    1    1    1    1    1    1    1  1.35129E+15 0.00070 
   47   47    1    1    1    1    1    1    1    1  1.78938E+15 0.00066 
   48   48    1    1    1    1    1    1    1    1  2.50980E+15 0.00060 
   49   49    1    1    1    1    1    1    1    1  2.16543E+15 0.00064 
   50   50    1    1    1    1    1    1    1    1  3.34353E+15 0.00051 
   51   51    1    1    1    1    1    1    1    1  2.60512E+15 0.00054 
   52   52    1    1    1    1    1    1    1    1  2.91305E+15 0.00080 
   53   53    1    1    1    1    1    1    1    1  2.11624E+15 0.00052 
   54   54    1    1    1    1    1    1    1    1  2.58462E+15 0.00070 
   55   55    1    1    1    1    1    1    1    1  1.87552E+15 0.00091 
   56   56    1    1    1    1    1    1    1    1  2.61204E+14 0.00143 
   57   57    1    1    1    1    1    1    1    1  3.59664E+15 0.00066 
   58   58    1    1    1    1    1    1    1    1  1.59177E+15 0.00089 
   59   59    1    1    1    1    1    1    1    1  1.74823E+15 0.00082 
   60   60    1    1    1    1    1    1    1    1  1.43176E+15 0.00070 
   61   61    1    1    1    1    1    1    1    1  1.43305E+15 0.00070 
   62   62    1    1    1    1    1    1    1    1  1.41441E+15 0.00070 
   63   63    1    1    1    1    1    1    1    1  1.18394E+15 0.00066 
   64   64    1    1    1    1    1    1    1    1  9.31200E+14 0.00088 
   65   65    1    1    1    1    1    1    1    1  8.96795E+14 0.00105 
   66   66    1    1    1    1    1    1    1    1  7.66057E+14 0.00083 
   67   67    1    1    1    1    1    1    1    1  6.33851E+14 0.00111 
   68   68    1    1    1    1    1    1    1    1  5.52065E+14 0.00106 
   69   69    1    1    1    1    1    1    1    1  6.78408E+14 0.00102 
   70   70    1    1    1    1    1    1    1    1  5.85324E+14 0.00112 
   71   71    1    1    1    1    1    1    1    1  1.10185E+15 0.00087 
   72   72    1    1    1    1    1    1    1    1  8.14655E+14 0.00096 
   73   73    1    1    1    1    1    1    1    1  6.41620E+14 0.00136 
   74   74    1    1    1    1    1    1    1    1  5.28155E+14 0.00123 
   75   75    1    1    1    1    1    1    1    1  4.33887E+14 0.00135 
   76   76    1    1    1    1    1    1    1    1  4.98799E+14 0.00122 
   77   77    1    1    1    1    1    1    1    1  3.90355E+14 0.00160 
   78   78    1    1    1    1    1    1    1    1  2.97382E+14 0.00178 
   79   79    1    1    1    1    1    1    1    1  3.10606E+14 0.00137 
   80   80    1    1    1    1    1    1    1    1  2.33572E+14 0.00153 
   81   81    1    1    1    1    1    1    1    1  1.81629E+14 0.00156 
   82   82    1    1    1    1    1    1    1    1  1.40410E+14 0.00252 
   83   83    1    1    1    1    1    1    1    1  1.31467E+14 0.00167 
   84   84    1    1    1    1    1    1    1    1  9.43120E+13 0.00276 
   85   85    1    1    1    1    1    1    1    1  6.82511E+13 0.00240 
   86   86    1    1    1    1    1    1    1    1  6.41226E+13 0.00335 
   87   87    1    1    1    1    1    1    1    1  3.94367E+13 0.00337 
   88   88    1    1    1    1    1    1    1    1  2.66806E+13 0.00560 
   89   89    1    1    1    1    1    1    1    1  1.53537E+13 0.00573 
   90   90    1    1    1    1    1    1    1    1  1.01625E+13 0.00875 
   91   91    1    1    1    1    1    1    1    1  5.07254E+12 0.00917 
   92   92    1    1    1    1    1    1    1    1  2.38641E+12 0.01392 
   93   93    1    1    1    1    1    1    1    1  1.19169E+12 0.02116 
   94   94    1    1    1    1    1    1    1    1  5.82257E+11 0.03415 
   95   95    1    1    1    1    1    1    1    1  2.97375E+11 0.04740 
   96   96    1    1    1    1    1    1    1    1  1.35888E+11 0.07452 
   97   97    1    1    1    1    1    1    1    1  7.18748E+10 0.11074 
   98   98    1    1    1    1    1    1    1    1  3.38373E+10 0.15046 
   99   99    1    1    1    1    1    1    1    1  1.32951E+10 0.24054 
  100  100    1    1    1    1    1    1    1    1  1.25617E+10 0.19812 
];


