
DETdpaspec = [
    1    1    1    1    1    1    1    1    1    1  0.00000E+00 0.00000 
    2    2    1    1    1    1    1    1    1    1  0.00000E+00 0.00000 
    3    3    1    1    1    1    1    1    1    1  0.00000E+00 0.00000 
    4    4    1    1    1    1    1    1    1    1  1.00909E+07 1.00000 
    5    5    1    1    1    1    1    1    1    1  9.85086E+06 1.00000 
    6    6    1    1    1    1    1    1    1    1  8.61863E+06 1.00000 
    7    7    1    1    1    1    1    1    1    1  5.01459E+07 0.54690 
    8    8    1    1    1    1    1    1    1    1  6.70252E+07 0.60185 
    9    9    1    1    1    1    1    1    1    1  4.97462E+07 0.63824 
   10   10    1    1    1    1    1    1    1    1  2.69647E+08 0.54021 
   11   11    1    1    1    1    1    1    1    1  5.94632E+08 0.40896 
   12   12    1    1    1    1    1    1    1    1  1.76292E+08 0.48361 
   13   13    1    1    1    1    1    1    1    1  3.33872E+09 0.20807 
   14   14    1    1    1    1    1    1    1    1  8.06640E+09 0.26010 
   15   15    1    1    1    1    1    1    1    1  1.39188E+10 0.17241 
   16   16    1    1    1    1    1    1    1    1  4.65786E+09 0.19354 
   17   17    1    1    1    1    1    1    1    1  1.00572E+10 0.11645 
   18   18    1    1    1    1    1    1    1    1  2.56645E+10 0.13901 
   19   19    1    1    1    1    1    1    1    1  3.15528E+10 0.08871 
   20   20    1    1    1    1    1    1    1    1  9.33810E+10 0.06259 
   21   21    1    1    1    1    1    1    1    1  7.12355E+10 0.06027 
   22   22    1    1    1    1    1    1    1    1  2.14934E+11 0.03141 
   23   23    1    1    1    1    1    1    1    1  3.63577E+11 0.04036 
   24   24    1    1    1    1    1    1    1    1  6.75748E+11 0.02794 
   25   25    1    1    1    1    1    1    1    1  1.07438E+12 0.01975 
   26   26    1    1    1    1    1    1    1    1  2.21331E+12 0.01359 
   27   27    1    1    1    1    1    1    1    1  4.43785E+12 0.00932 
   28   28    1    1    1    1    1    1    1    1  8.77868E+12 0.00709 
   29   29    1    1    1    1    1    1    1    1  1.10783E+13 0.00441 
   30   30    1    1    1    1    1    1    1    1  2.52989E+13 0.00376 
   31   31    1    1    1    1    1    1    1    1  5.29045E+13 0.00364 
   32   32    1    1    1    1    1    1    1    1  7.03813E+13 0.00302 
   33   33    1    1    1    1    1    1    1    1  1.27958E+14 0.00210 
   34   34    1    1    1    1    1    1    1    1  1.33006E+14 0.00249 
   35   35    1    1    1    1    1    1    1    1  1.86240E+14 0.00198 
   36   36    1    1    1    1    1    1    1    1  1.58921E+14 0.00163 
   37   37    1    1    1    1    1    1    1    1  5.03913E+13 0.00204 
   38   38    1    1    1    1    1    1    1    1  2.21113E+14 0.00107 
   39   39    1    1    1    1    1    1    1    1  2.53479E+14 0.00135 
   40   40    1    1    1    1    1    1    1    1  4.09669E+14 0.00123 
   41   41    1    1    1    1    1    1    1    1  3.83647E+14 0.00154 
   42   42    1    1    1    1    1    1    1    1  6.36499E+14 0.00134 
   43   43    1    1    1    1    1    1    1    1  6.57476E+14 0.00124 
   44   44    1    1    1    1    1    1    1    1  8.16608E+14 0.00140 
   45   45    1    1    1    1    1    1    1    1  1.34420E+15 0.00120 
   46   46    1    1    1    1    1    1    1    1  7.57502E+14 0.00136 
   47   47    1    1    1    1    1    1    1    1  1.01286E+15 0.00141 
   48   48    1    1    1    1    1    1    1    1  1.40626E+15 0.00135 
   49   49    1    1    1    1    1    1    1    1  1.22547E+15 0.00144 
   50   50    1    1    1    1    1    1    1    1  1.85335E+15 0.00117 
   51   51    1    1    1    1    1    1    1    1  1.45482E+15 0.00121 
   52   52    1    1    1    1    1    1    1    1  1.59876E+15 0.00137 
   53   53    1    1    1    1    1    1    1    1  1.15930E+15 0.00153 
   54   54    1    1    1    1    1    1    1    1  1.38971E+15 0.00135 
   55   55    1    1    1    1    1    1    1    1  1.00751E+15 0.00121 
   56   56    1    1    1    1    1    1    1    1  1.40655E+14 0.00136 
   57   57    1    1    1    1    1    1    1    1  1.92601E+15 0.00122 
   58   58    1    1    1    1    1    1    1    1  8.31482E+14 0.00168 
   59   59    1    1    1    1    1    1    1    1  9.17632E+14 0.00144 
   60   60    1    1    1    1    1    1    1    1  7.35605E+14 0.00131 
   61   61    1    1    1    1    1    1    1    1  7.38039E+14 0.00124 
   62   62    1    1    1    1    1    1    1    1  7.23619E+14 0.00149 
   63   63    1    1    1    1    1    1    1    1  6.01480E+14 0.00160 
   64   64    1    1    1    1    1    1    1    1  4.68832E+14 0.00153 
   65   65    1    1    1    1    1    1    1    1  4.53013E+14 0.00199 
   66   66    1    1    1    1    1    1    1    1  3.83779E+14 0.00168 
   67   67    1    1    1    1    1    1    1    1  3.19608E+14 0.00203 
   68   68    1    1    1    1    1    1    1    1  2.78451E+14 0.00187 
   69   69    1    1    1    1    1    1    1    1  3.40383E+14 0.00217 
   70   70    1    1    1    1    1    1    1    1  2.93700E+14 0.00253 
   71   71    1    1    1    1    1    1    1    1  5.60775E+14 0.00178 
   72   72    1    1    1    1    1    1    1    1  4.16307E+14 0.00218 
   73   73    1    1    1    1    1    1    1    1  3.27211E+14 0.00216 
   74   74    1    1    1    1    1    1    1    1  2.64108E+14 0.00280 
   75   75    1    1    1    1    1    1    1    1  2.13722E+14 0.00194 
   76   76    1    1    1    1    1    1    1    1  2.41554E+14 0.00244 
   77   77    1    1    1    1    1    1    1    1  1.86003E+14 0.00183 
   78   78    1    1    1    1    1    1    1    1  1.40652E+14 0.00232 
   79   79    1    1    1    1    1    1    1    1  1.44368E+14 0.00154 
   80   80    1    1    1    1    1    1    1    1  1.07971E+14 0.00294 
   81   81    1    1    1    1    1    1    1    1  8.39016E+13 0.00241 
   82   82    1    1    1    1    1    1    1    1  6.46136E+13 0.00399 
   83   83    1    1    1    1    1    1    1    1  6.03216E+13 0.00200 
   84   84    1    1    1    1    1    1    1    1  4.36879E+13 0.00394 
   85   85    1    1    1    1    1    1    1    1  3.12634E+13 0.00438 
   86   86    1    1    1    1    1    1    1    1  2.92721E+13 0.00402 
   87   87    1    1    1    1    1    1    1    1  1.82843E+13 0.00661 
   88   88    1    1    1    1    1    1    1    1  1.23662E+13 0.00808 
   89   89    1    1    1    1    1    1    1    1  7.06038E+12 0.00808 
   90   90    1    1    1    1    1    1    1    1  4.69575E+12 0.00976 
   91   91    1    1    1    1    1    1    1    1  2.37870E+12 0.01728 
   92   92    1    1    1    1    1    1    1    1  1.15920E+12 0.01991 
   93   93    1    1    1    1    1    1    1    1  5.64478E+11 0.01999 
   94   94    1    1    1    1    1    1    1    1  2.71262E+11 0.05516 
   95   95    1    1    1    1    1    1    1    1  1.30254E+11 0.07618 
   96   96    1    1    1    1    1    1    1    1  5.35358E+10 0.11900 
   97   97    1    1    1    1    1    1    1    1  2.88864E+10 0.12746 
   98   98    1    1    1    1    1    1    1    1  1.98513E+10 0.18746 
   99   99    1    1    1    1    1    1    1    1  1.24123E+10 0.28458 
  100  100    1    1    1    1    1    1    1    1  4.90856E+09 0.30778 
];


