
DETdpaspec = [
    1    1    1    1    1    1    1    1    1    1  0.00000E+00 0.00000 
    2    2    1    1    1    1    1    1    1    1  0.00000E+00 0.00000 
    3    3    1    1    1    1    1    1    1    1  0.00000E+00 0.00000 
    4    4    1    1    1    1    1    1    1    1  0.00000E+00 0.00000 
    5    5    1    1    1    1    1    1    1    1  0.00000E+00 0.00000 
    6    6    1    1    1    1    1    1    1    1  9.95342E+06 1.00000 
    7    7    1    1    1    1    1    1    1    1  1.86063E+07 1.00000 
    8    8    1    1    1    1    1    1    1    1  3.13555E+07 0.70226 
    9    9    1    1    1    1    1    1    1    1  1.74500E+07 1.00000 
   10   10    1    1    1    1    1    1    1    1  1.10576E+08 0.55491 
   11   11    1    1    1    1    1    1    1    1  3.35906E+08 0.39647 
   12   12    1    1    1    1    1    1    1    1  1.91951E+08 0.48308 
   13   13    1    1    1    1    1    1    1    1  3.80614E+09 0.35392 
   14   14    1    1    1    1    1    1    1    1  5.88414E+09 0.26951 
   15   15    1    1    1    1    1    1    1    1  9.37495E+09 0.22028 
   16   16    1    1    1    1    1    1    1    1  2.88791E+09 0.22996 
   17   17    1    1    1    1    1    1    1    1  6.90579E+09 0.15584 
   18   18    1    1    1    1    1    1    1    1  1.37624E+10 0.14833 
   19   19    1    1    1    1    1    1    1    1  2.09340E+10 0.11204 
   20   20    1    1    1    1    1    1    1    1  6.39919E+10 0.07916 
   21   21    1    1    1    1    1    1    1    1  5.80099E+10 0.07207 
   22   22    1    1    1    1    1    1    1    1  1.56172E+11 0.05309 
   23   23    1    1    1    1    1    1    1    1  3.72954E+11 0.02947 
   24   24    1    1    1    1    1    1    1    1  9.24173E+11 0.01616 
   25   25    1    1    1    1    1    1    1    1  1.55845E+12 0.01655 
   26   26    1    1    1    1    1    1    1    1  3.28180E+12 0.01056 
   27   27    1    1    1    1    1    1    1    1  6.42782E+12 0.00903 
   28   28    1    1    1    1    1    1    1    1  1.36659E+13 0.00597 
   29   29    1    1    1    1    1    1    1    1  1.82625E+13 0.00456 
   30   30    1    1    1    1    1    1    1    1  3.81946E+13 0.00345 
   31   31    1    1    1    1    1    1    1    1  7.84651E+13 0.00261 
   32   32    1    1    1    1    1    1    1    1  1.04025E+14 0.00183 
   33   33    1    1    1    1    1    1    1    1  1.89074E+14 0.00213 
   34   34    1    1    1    1    1    1    1    1  2.02974E+14 0.00200 
   35   35    1    1    1    1    1    1    1    1  2.71197E+14 0.00126 
   36   36    1    1    1    1    1    1    1    1  2.30818E+14 0.00130 
   37   37    1    1    1    1    1    1    1    1  7.17031E+13 0.00153 
   38   38    1    1    1    1    1    1    1    1  3.21296E+14 0.00156 
   39   39    1    1    1    1    1    1    1    1  3.68909E+14 0.00120 
   40   40    1    1    1    1    1    1    1    1  6.06429E+14 0.00115 
   41   41    1    1    1    1    1    1    1    1  5.60740E+14 0.00089 
   42   42    1    1    1    1    1    1    1    1  9.43239E+14 0.00111 
   43   43    1    1    1    1    1    1    1    1  9.81607E+14 0.00098 
   44   44    1    1    1    1    1    1    1    1  1.22636E+15 0.00091 
   45   45    1    1    1    1    1    1    1    1  2.03615E+15 0.00089 
   46   46    1    1    1    1    1    1    1    1  1.15819E+15 0.00078 
   47   47    1    1    1    1    1    1    1    1  1.54372E+15 0.00104 
   48   48    1    1    1    1    1    1    1    1  2.15848E+15 0.00074 
   49   49    1    1    1    1    1    1    1    1  1.87309E+15 0.00092 
   50   50    1    1    1    1    1    1    1    1  2.86969E+15 0.00081 
   51   51    1    1    1    1    1    1    1    1  2.24281E+15 0.00081 
   52   52    1    1    1    1    1    1    1    1  2.49860E+15 0.00073 
   53   53    1    1    1    1    1    1    1    1  1.81117E+15 0.00062 
   54   54    1    1    1    1    1    1    1    1  2.20198E+15 0.00074 
   55   55    1    1    1    1    1    1    1    1  1.59901E+15 0.00073 
   56   56    1    1    1    1    1    1    1    1  2.22599E+14 0.00094 
   57   57    1    1    1    1    1    1    1    1  3.06060E+15 0.00077 
   58   58    1    1    1    1    1    1    1    1  1.34525E+15 0.00080 
   59   59    1    1    1    1    1    1    1    1  1.47933E+15 0.00117 
   60   60    1    1    1    1    1    1    1    1  1.20367E+15 0.00109 
   61   61    1    1    1    1    1    1    1    1  1.20631E+15 0.00084 
   62   62    1    1    1    1    1    1    1    1  1.18892E+15 0.00099 
   63   63    1    1    1    1    1    1    1    1  9.92366E+14 0.00110 
   64   64    1    1    1    1    1    1    1    1  7.78403E+14 0.00086 
   65   65    1    1    1    1    1    1    1    1  7.53134E+14 0.00115 
   66   66    1    1    1    1    1    1    1    1  6.39990E+14 0.00135 
   67   67    1    1    1    1    1    1    1    1  5.30958E+14 0.00150 
   68   68    1    1    1    1    1    1    1    1  4.62692E+14 0.00155 
   69   69    1    1    1    1    1    1    1    1  5.67252E+14 0.00116 
   70   70    1    1    1    1    1    1    1    1  4.89967E+14 0.00109 
   71   71    1    1    1    1    1    1    1    1  9.26120E+14 0.00114 
   72   72    1    1    1    1    1    1    1    1  6.88287E+14 0.00106 
   73   73    1    1    1    1    1    1    1    1  5.41232E+14 0.00158 
   74   74    1    1    1    1    1    1    1    1  4.42053E+14 0.00107 
   75   75    1    1    1    1    1    1    1    1  3.61666E+14 0.00155 
   76   76    1    1    1    1    1    1    1    1  4.13393E+14 0.00111 
   77   77    1    1    1    1    1    1    1    1  3.20639E+14 0.00176 
   78   78    1    1    1    1    1    1    1    1  2.44359E+14 0.00153 
   79   79    1    1    1    1    1    1    1    1  2.54035E+14 0.00179 
   80   80    1    1    1    1    1    1    1    1  1.90565E+14 0.00246 
   81   81    1    1    1    1    1    1    1    1  1.47077E+14 0.00238 
   82   82    1    1    1    1    1    1    1    1  1.14119E+14 0.00297 
   83   83    1    1    1    1    1    1    1    1  1.06803E+14 0.00294 
   84   84    1    1    1    1    1    1    1    1  7.65885E+13 0.00330 
   85   85    1    1    1    1    1    1    1    1  5.50815E+13 0.00298 
   86   86    1    1    1    1    1    1    1    1  5.18331E+13 0.00391 
   87   87    1    1    1    1    1    1    1    1  3.20617E+13 0.00504 
   88   88    1    1    1    1    1    1    1    1  2.15694E+13 0.00670 
   89   89    1    1    1    1    1    1    1    1  1.26179E+13 0.00701 
   90   90    1    1    1    1    1    1    1    1  8.32423E+12 0.00854 
   91   91    1    1    1    1    1    1    1    1  4.26559E+12 0.01205 
   92   92    1    1    1    1    1    1    1    1  2.03220E+12 0.01779 
   93   93    1    1    1    1    1    1    1    1  1.03066E+12 0.02605 
   94   94    1    1    1    1    1    1    1    1  4.77154E+11 0.03599 
   95   95    1    1    1    1    1    1    1    1  2.19416E+11 0.05534 
   96   96    1    1    1    1    1    1    1    1  1.12773E+11 0.06780 
   97   97    1    1    1    1    1    1    1    1  6.00085E+10 0.10127 
   98   98    1    1    1    1    1    1    1    1  2.28243E+10 0.15912 
   99   99    1    1    1    1    1    1    1    1  1.12320E+10 0.24762 
  100  100    1    1    1    1    1    1    1    1  1.05201E+10 0.23336 
];


