
DETdpaspec = [
    1    1    1    1    1    1    1    1    1    1  0.00000E+00 0.00000 
    2    2    1    1    1    1    1    1    1    1  0.00000E+00 0.00000 
    3    3    1    1    1    1    1    1    1    1  0.00000E+00 0.00000 
    4    4    1    1    1    1    1    1    1    1  1.10447E+07 1.00000 
    5    5    1    1    1    1    1    1    1    1  0.00000E+00 0.00000 
    6    6    1    1    1    1    1    1    1    1  1.87866E+07 0.68908 
    7    7    1    1    1    1    1    1    1    1  0.00000E+00 0.00000 
    8    8    1    1    1    1    1    1    1    1  7.29942E+07 0.69389 
    9    9    1    1    1    1    1    1    1    1  6.95519E+07 0.38990 
   10   10    1    1    1    1    1    1    1    1  2.05294E+08 0.47176 
   11   11    1    1    1    1    1    1    1    1  4.43246E+08 0.33682 
   12   12    1    1    1    1    1    1    1    1  1.77250E+08 0.37450 
   13   13    1    1    1    1    1    1    1    1  3.89811E+09 0.23489 
   14   14    1    1    1    1    1    1    1    1  9.34373E+09 0.26508 
   15   15    1    1    1    1    1    1    1    1  1.36783E+10 0.22695 
   16   16    1    1    1    1    1    1    1    1  3.73870E+09 0.25394 
   17   17    1    1    1    1    1    1    1    1  7.01472E+09 0.12533 
   18   18    1    1    1    1    1    1    1    1  1.91869E+10 0.12228 
   19   19    1    1    1    1    1    1    1    1  3.04277E+10 0.08690 
   20   20    1    1    1    1    1    1    1    1  6.45655E+10 0.07093 
   21   21    1    1    1    1    1    1    1    1  6.22045E+10 0.08355 
   22   22    1    1    1    1    1    1    1    1  1.64588E+11 0.05659 
   23   23    1    1    1    1    1    1    1    1  3.53061E+11 0.03594 
   24   24    1    1    1    1    1    1    1    1  7.73223E+11 0.02194 
   25   25    1    1    1    1    1    1    1    1  1.32732E+12 0.01675 
   26   26    1    1    1    1    1    1    1    1  2.84968E+12 0.01296 
   27   27    1    1    1    1    1    1    1    1  5.58718E+12 0.00573 
   28   28    1    1    1    1    1    1    1    1  1.17039E+13 0.00525 
   29   29    1    1    1    1    1    1    1    1  1.54270E+13 0.00409 
   30   30    1    1    1    1    1    1    1    1  3.32603E+13 0.00371 
   31   31    1    1    1    1    1    1    1    1  6.90965E+13 0.00287 
   32   32    1    1    1    1    1    1    1    1  9.14936E+13 0.00261 
   33   33    1    1    1    1    1    1    1    1  1.67503E+14 0.00201 
   34   34    1    1    1    1    1    1    1    1  1.78406E+14 0.00225 
   35   35    1    1    1    1    1    1    1    1  2.42338E+14 0.00176 
   36   36    1    1    1    1    1    1    1    1  2.06727E+14 0.00165 
   37   37    1    1    1    1    1    1    1    1  6.47675E+13 0.00158 
   38   38    1    1    1    1    1    1    1    1  2.89014E+14 0.00124 
   39   39    1    1    1    1    1    1    1    1  3.32257E+14 0.00157 
   40   40    1    1    1    1    1    1    1    1  5.43476E+14 0.00141 
   41   41    1    1    1    1    1    1    1    1  5.05805E+14 0.00124 
   42   42    1    1    1    1    1    1    1    1  8.46717E+14 0.00131 
   43   43    1    1    1    1    1    1    1    1  8.80349E+14 0.00101 
   44   44    1    1    1    1    1    1    1    1  1.09845E+15 0.00129 
   45   45    1    1    1    1    1    1    1    1  1.82030E+15 0.00107 
   46   46    1    1    1    1    1    1    1    1  1.03336E+15 0.00126 
   47   47    1    1    1    1    1    1    1    1  1.37978E+15 0.00104 
   48   48    1    1    1    1    1    1    1    1  1.92374E+15 0.00125 
   49   49    1    1    1    1    1    1    1    1  1.67406E+15 0.00117 
   50   50    1    1    1    1    1    1    1    1  2.55244E+15 0.00120 
   51   51    1    1    1    1    1    1    1    1  1.99826E+15 0.00112 
   52   52    1    1    1    1    1    1    1    1  2.21704E+15 0.00109 
   53   53    1    1    1    1    1    1    1    1  1.60929E+15 0.00108 
   54   54    1    1    1    1    1    1    1    1  1.94554E+15 0.00121 
   55   55    1    1    1    1    1    1    1    1  1.41309E+15 0.00125 
   56   56    1    1    1    1    1    1    1    1  1.96914E+14 0.00123 
   57   57    1    1    1    1    1    1    1    1  2.70465E+15 0.00112 
   58   58    1    1    1    1    1    1    1    1  1.18174E+15 0.00119 
   59   59    1    1    1    1    1    1    1    1  1.30145E+15 0.00133 
   60   60    1    1    1    1    1    1    1    1  1.05237E+15 0.00122 
   61   61    1    1    1    1    1    1    1    1  1.05373E+15 0.00122 
   62   62    1    1    1    1    1    1    1    1  1.03913E+15 0.00134 
   63   63    1    1    1    1    1    1    1    1  8.65165E+14 0.00153 
   64   64    1    1    1    1    1    1    1    1  6.77366E+14 0.00147 
   65   65    1    1    1    1    1    1    1    1  6.53870E+14 0.00141 
   66   66    1    1    1    1    1    1    1    1  5.56972E+14 0.00144 
   67   67    1    1    1    1    1    1    1    1  4.61963E+14 0.00116 
   68   68    1    1    1    1    1    1    1    1  4.03403E+14 0.00131 
   69   69    1    1    1    1    1    1    1    1  4.94596E+14 0.00120 
   70   70    1    1    1    1    1    1    1    1  4.27305E+14 0.00144 
   71   71    1    1    1    1    1    1    1    1  8.09972E+14 0.00135 
   72   72    1    1    1    1    1    1    1    1  6.01563E+14 0.00143 
   73   73    1    1    1    1    1    1    1    1  4.73708E+14 0.00147 
   74   74    1    1    1    1    1    1    1    1  3.85166E+14 0.00128 
   75   75    1    1    1    1    1    1    1    1  3.13371E+14 0.00207 
   76   76    1    1    1    1    1    1    1    1  3.57215E+14 0.00182 
   77   77    1    1    1    1    1    1    1    1  2.77020E+14 0.00160 
   78   78    1    1    1    1    1    1    1    1  2.09645E+14 0.00196 
   79   79    1    1    1    1    1    1    1    1  2.16246E+14 0.00175 
   80   80    1    1    1    1    1    1    1    1  1.62292E+14 0.00232 
   81   81    1    1    1    1    1    1    1    1  1.25955E+14 0.00292 
   82   82    1    1    1    1    1    1    1    1  9.78568E+13 0.00240 
   83   83    1    1    1    1    1    1    1    1  9.10968E+13 0.00233 
   84   84    1    1    1    1    1    1    1    1  6.59350E+13 0.00274 
   85   85    1    1    1    1    1    1    1    1  4.71361E+13 0.00337 
   86   86    1    1    1    1    1    1    1    1  4.45667E+13 0.00335 
   87   87    1    1    1    1    1    1    1    1  2.74779E+13 0.00591 
   88   88    1    1    1    1    1    1    1    1  1.86086E+13 0.00567 
   89   89    1    1    1    1    1    1    1    1  1.07003E+13 0.00899 
   90   90    1    1    1    1    1    1    1    1  7.21121E+12 0.01084 
   91   91    1    1    1    1    1    1    1    1  3.66819E+12 0.01474 
   92   92    1    1    1    1    1    1    1    1  1.70404E+12 0.01828 
   93   93    1    1    1    1    1    1    1    1  8.48336E+11 0.02644 
   94   94    1    1    1    1    1    1    1    1  4.20456E+11 0.03010 
   95   95    1    1    1    1    1    1    1    1  1.92301E+11 0.05643 
   96   96    1    1    1    1    1    1    1    1  9.47114E+10 0.08695 
   97   97    1    1    1    1    1    1    1    1  4.47605E+10 0.12006 
   98   98    1    1    1    1    1    1    1    1  2.72579E+10 0.13724 
   99   99    1    1    1    1    1    1    1    1  8.42255E+09 0.28056 
  100  100    1    1    1    1    1    1    1    1  7.84361E+09 0.23604 
];


