
DETdpaspec = [
    1    1    1    1    1    1    1    1    1    1  0.00000E+00 0.00000 
    2    2    1    1    1    1    1    1    1    1  0.00000E+00 0.00000 
    3    3    1    1    1    1    1    1    1    1  0.00000E+00 0.00000 
    4    4    1    1    1    1    1    1    1    1  0.00000E+00 0.00000 
    5    5    1    1    1    1    1    1    1    1  0.00000E+00 0.00000 
    6    6    1    1    1    1    1    1    1    1  1.72427E+07 0.68863 
    7    7    1    1    1    1    1    1    1    1  1.41439E+07 1.00000 
    8    8    1    1    1    1    1    1    1    1  3.50381E+07 1.00000 
    9    9    1    1    1    1    1    1    1    1  6.81480E+07 0.65754 
   10   10    1    1    1    1    1    1    1    1  9.93560E+07 0.55195 
   11   11    1    1    1    1    1    1    1    1  3.15136E+08 0.61034 
   12   12    1    1    1    1    1    1    1    1  2.06628E+08 0.38789 
   13   13    1    1    1    1    1    1    1    1  3.26146E+09 0.36297 
   14   14    1    1    1    1    1    1    1    1  6.47595E+09 0.26392 
   15   15    1    1    1    1    1    1    1    1  1.41651E+10 0.18482 
   16   16    1    1    1    1    1    1    1    1  4.81592E+09 0.28705 
   17   17    1    1    1    1    1    1    1    1  7.75175E+09 0.17849 
   18   18    1    1    1    1    1    1    1    1  2.21322E+10 0.14017 
   19   19    1    1    1    1    1    1    1    1  2.80172E+10 0.08911 
   20   20    1    1    1    1    1    1    1    1  8.51753E+10 0.08011 
   21   21    1    1    1    1    1    1    1    1  7.52856E+10 0.05661 
   22   22    1    1    1    1    1    1    1    1  2.01001E+11 0.04436 
   23   23    1    1    1    1    1    1    1    1  3.61891E+11 0.02712 
   24   24    1    1    1    1    1    1    1    1  7.01748E+11 0.02625 
   25   25    1    1    1    1    1    1    1    1  1.09238E+12 0.02258 
   26   26    1    1    1    1    1    1    1    1  2.21423E+12 0.01426 
   27   27    1    1    1    1    1    1    1    1  4.33418E+12 0.00918 
   28   28    1    1    1    1    1    1    1    1  8.72106E+12 0.00554 
   29   29    1    1    1    1    1    1    1    1  1.09286E+13 0.00474 
   30   30    1    1    1    1    1    1    1    1  2.49494E+13 0.00487 
   31   31    1    1    1    1    1    1    1    1  5.19444E+13 0.00323 
   32   32    1    1    1    1    1    1    1    1  6.89756E+13 0.00272 
   33   33    1    1    1    1    1    1    1    1  1.25726E+14 0.00284 
   34   34    1    1    1    1    1    1    1    1  1.30733E+14 0.00276 
   35   35    1    1    1    1    1    1    1    1  1.83013E+14 0.00192 
   36   36    1    1    1    1    1    1    1    1  1.56255E+14 0.00203 
   37   37    1    1    1    1    1    1    1    1  4.94397E+13 0.00171 
   38   38    1    1    1    1    1    1    1    1  2.17236E+14 0.00253 
   39   39    1    1    1    1    1    1    1    1  2.49197E+14 0.00236 
   40   40    1    1    1    1    1    1    1    1  4.02102E+14 0.00196 
   41   41    1    1    1    1    1    1    1    1  3.77166E+14 0.00181 
   42   42    1    1    1    1    1    1    1    1  6.24674E+14 0.00168 
   43   43    1    1    1    1    1    1    1    1  6.46513E+14 0.00192 
   44   44    1    1    1    1    1    1    1    1  8.01499E+14 0.00168 
   45   45    1    1    1    1    1    1    1    1  1.31797E+15 0.00160 
   46   46    1    1    1    1    1    1    1    1  7.42462E+14 0.00174 
   47   47    1    1    1    1    1    1    1    1  9.95252E+14 0.00141 
   48   48    1    1    1    1    1    1    1    1  1.37841E+15 0.00178 
   49   49    1    1    1    1    1    1    1    1  1.20246E+15 0.00207 
   50   50    1    1    1    1    1    1    1    1  1.81653E+15 0.00181 
   51   51    1    1    1    1    1    1    1    1  1.42360E+15 0.00159 
   52   52    1    1    1    1    1    1    1    1  1.56629E+15 0.00193 
   53   53    1    1    1    1    1    1    1    1  1.13438E+15 0.00175 
   54   54    1    1    1    1    1    1    1    1  1.36072E+15 0.00184 
   55   55    1    1    1    1    1    1    1    1  9.87171E+14 0.00187 
   56   56    1    1    1    1    1    1    1    1  1.37441E+14 0.00224 
   57   57    1    1    1    1    1    1    1    1  1.88526E+15 0.00223 
   58   58    1    1    1    1    1    1    1    1  8.13229E+14 0.00206 
   59   59    1    1    1    1    1    1    1    1  8.99023E+14 0.00212 
   60   60    1    1    1    1    1    1    1    1  7.21199E+14 0.00214 
   61   61    1    1    1    1    1    1    1    1  7.21316E+14 0.00229 
   62   62    1    1    1    1    1    1    1    1  7.07976E+14 0.00226 
   63   63    1    1    1    1    1    1    1    1  5.87378E+14 0.00216 
   64   64    1    1    1    1    1    1    1    1  4.57963E+14 0.00251 
   65   65    1    1    1    1    1    1    1    1  4.43287E+14 0.00221 
   66   66    1    1    1    1    1    1    1    1  3.74681E+14 0.00193 
   67   67    1    1    1    1    1    1    1    1  3.11423E+14 0.00217 
   68   68    1    1    1    1    1    1    1    1  2.72032E+14 0.00247 
   69   69    1    1    1    1    1    1    1    1  3.32150E+14 0.00277 
   70   70    1    1    1    1    1    1    1    1  2.86791E+14 0.00206 
   71   71    1    1    1    1    1    1    1    1  5.45919E+14 0.00271 
   72   72    1    1    1    1    1    1    1    1  4.07126E+14 0.00273 
   73   73    1    1    1    1    1    1    1    1  3.19745E+14 0.00220 
   74   74    1    1    1    1    1    1    1    1  2.58037E+14 0.00280 
   75   75    1    1    1    1    1    1    1    1  2.08563E+14 0.00263 
   76   76    1    1    1    1    1    1    1    1  2.35438E+14 0.00262 
   77   77    1    1    1    1    1    1    1    1  1.81362E+14 0.00327 
   78   78    1    1    1    1    1    1    1    1  1.36508E+14 0.00334 
   79   79    1    1    1    1    1    1    1    1  1.40565E+14 0.00344 
   80   80    1    1    1    1    1    1    1    1  1.05352E+14 0.00265 
   81   81    1    1    1    1    1    1    1    1  8.12989E+13 0.00454 
   82   82    1    1    1    1    1    1    1    1  6.31240E+13 0.00328 
   83   83    1    1    1    1    1    1    1    1  5.85723E+13 0.00384 
   84   84    1    1    1    1    1    1    1    1  4.20026E+13 0.00437 
   85   85    1    1    1    1    1    1    1    1  3.05076E+13 0.00546 
   86   86    1    1    1    1    1    1    1    1  2.86523E+13 0.00534 
   87   87    1    1    1    1    1    1    1    1  1.77597E+13 0.00725 
   88   88    1    1    1    1    1    1    1    1  1.19666E+13 0.00675 
   89   89    1    1    1    1    1    1    1    1  6.86311E+12 0.00951 
   90   90    1    1    1    1    1    1    1    1  4.63602E+12 0.01146 
   91   91    1    1    1    1    1    1    1    1  2.33727E+12 0.01451 
   92   92    1    1    1    1    1    1    1    1  1.11856E+12 0.02112 
   93   93    1    1    1    1    1    1    1    1  5.65746E+11 0.03097 
   94   94    1    1    1    1    1    1    1    1  3.10703E+11 0.03718 
   95   95    1    1    1    1    1    1    1    1  1.20237E+11 0.05800 
   96   96    1    1    1    1    1    1    1    1  5.50388E+10 0.11166 
   97   97    1    1    1    1    1    1    1    1  3.47367E+10 0.14461 
   98   98    1    1    1    1    1    1    1    1  1.23847E+10 0.26744 
   99   99    1    1    1    1    1    1    1    1  7.80112E+09 0.20428 
  100  100    1    1    1    1    1    1    1    1  4.99733E+09 0.34102 
];


