
DETdpaspec = [
    1    1    1    1    1    1    1    1    1    1  0.00000E+00 0.00000 
    2    2    1    1    1    1    1    1    1    1  0.00000E+00 0.00000 
    3    3    1    1    1    1    1    1    1    1  0.00000E+00 0.00000 
    4    4    1    1    1    1    1    1    1    1  1.18245E+07 1.00000 
    5    5    1    1    1    1    1    1    1    1  0.00000E+00 0.00000 
    6    6    1    1    1    1    1    1    1    1  1.10334E+07 1.00000 
    7    7    1    1    1    1    1    1    1    1  1.71172E+07 1.00000 
    8    8    1    1    1    1    1    1    1    1  2.80023E+07 0.71371 
    9    9    1    1    1    1    1    1    1    1  6.98914E+07 0.69789 
   10   10    1    1    1    1    1    1    1    1  2.08715E+08 0.69667 
   11   11    1    1    1    1    1    1    1    1  3.45197E+08 0.47892 
   12   12    1    1    1    1    1    1    1    1  2.51801E+08 0.32334 
   13   13    1    1    1    1    1    1    1    1  4.99347E+09 0.24837 
   14   14    1    1    1    1    1    1    1    1  7.99299E+09 0.18053 
   15   15    1    1    1    1    1    1    1    1  8.36082E+09 0.19509 
   16   16    1    1    1    1    1    1    1    1  2.24108E+09 0.26356 
   17   17    1    1    1    1    1    1    1    1  5.15050E+09 0.17138 
   18   18    1    1    1    1    1    1    1    1  1.84240E+10 0.10338 
   19   19    1    1    1    1    1    1    1    1  2.57204E+10 0.05901 
   20   20    1    1    1    1    1    1    1    1  7.58181E+10 0.05972 
   21   21    1    1    1    1    1    1    1    1  5.47618E+10 0.06916 
   22   22    1    1    1    1    1    1    1    1  1.52983E+11 0.04786 
   23   23    1    1    1    1    1    1    1    1  3.80392E+11 0.03489 
   24   24    1    1    1    1    1    1    1    1  8.61605E+11 0.02156 
   25   25    1    1    1    1    1    1    1    1  1.45942E+12 0.01195 
   26   26    1    1    1    1    1    1    1    1  3.06222E+12 0.01507 
   27   27    1    1    1    1    1    1    1    1  6.11067E+12 0.00708 
   28   28    1    1    1    1    1    1    1    1  1.29108E+13 0.00726 
   29   29    1    1    1    1    1    1    1    1  1.71997E+13 0.00474 
   30   30    1    1    1    1    1    1    1    1  3.66736E+13 0.00353 
   31   31    1    1    1    1    1    1    1    1  7.54530E+13 0.00309 
   32   32    1    1    1    1    1    1    1    1  1.00252E+14 0.00233 
   33   33    1    1    1    1    1    1    1    1  1.82796E+14 0.00198 
   34   34    1    1    1    1    1    1    1    1  1.95729E+14 0.00185 
   35   35    1    1    1    1    1    1    1    1  2.62754E+14 0.00178 
   36   36    1    1    1    1    1    1    1    1  2.23433E+14 0.00143 
   37   37    1    1    1    1    1    1    1    1  6.97580E+13 0.00134 
   38   38    1    1    1    1    1    1    1    1  3.11958E+14 0.00106 
   39   39    1    1    1    1    1    1    1    1  3.58827E+14 0.00118 
   40   40    1    1    1    1    1    1    1    1  5.88168E+14 0.00104 
   41   41    1    1    1    1    1    1    1    1  5.45238E+14 0.00109 
   42   42    1    1    1    1    1    1    1    1  9.17562E+14 0.00113 
   43   43    1    1    1    1    1    1    1    1  9.52531E+14 0.00082 
   44   44    1    1    1    1    1    1    1    1  1.18835E+15 0.00106 
   45   45    1    1    1    1    1    1    1    1  1.97360E+15 0.00097 
   46   46    1    1    1    1    1    1    1    1  1.12213E+15 0.00100 
   47   47    1    1    1    1    1    1    1    1  1.49646E+15 0.00089 
   48   48    1    1    1    1    1    1    1    1  2.09232E+15 0.00082 
   49   49    1    1    1    1    1    1    1    1  1.81530E+15 0.00079 
   50   50    1    1    1    1    1    1    1    1  2.78043E+15 0.00065 
   51   51    1    1    1    1    1    1    1    1  2.17662E+15 0.00075 
   52   52    1    1    1    1    1    1    1    1  2.42049E+15 0.00090 
   53   53    1    1    1    1    1    1    1    1  1.75708E+15 0.00082 
   54   54    1    1    1    1    1    1    1    1  2.12752E+15 0.00084 
   55   55    1    1    1    1    1    1    1    1  1.54560E+15 0.00088 
   56   56    1    1    1    1    1    1    1    1  2.15264E+14 0.00118 
   57   57    1    1    1    1    1    1    1    1  2.96247E+15 0.00083 
   58   58    1    1    1    1    1    1    1    1  1.29750E+15 0.00121 
   59   59    1    1    1    1    1    1    1    1  1.43026E+15 0.00082 
   60   60    1    1    1    1    1    1    1    1  1.16012E+15 0.00075 
   61   61    1    1    1    1    1    1    1    1  1.16151E+15 0.00096 
   62   62    1    1    1    1    1    1    1    1  1.14555E+15 0.00131 
   63   63    1    1    1    1    1    1    1    1  9.56134E+14 0.00105 
   64   64    1    1    1    1    1    1    1    1  7.48639E+14 0.00097 
   65   65    1    1    1    1    1    1    1    1  7.23413E+14 0.00130 
   66   66    1    1    1    1    1    1    1    1  6.17385E+14 0.00109 
   67   67    1    1    1    1    1    1    1    1  5.11402E+14 0.00084 
   68   68    1    1    1    1    1    1    1    1  4.46652E+14 0.00110 
   69   69    1    1    1    1    1    1    1    1  5.47909E+14 0.00125 
   70   70    1    1    1    1    1    1    1    1  4.71606E+14 0.00126 
   71   71    1    1    1    1    1    1    1    1  8.93198E+14 0.00090 
   72   72    1    1    1    1    1    1    1    1  6.63510E+14 0.00114 
   73   73    1    1    1    1    1    1    1    1  5.21962E+14 0.00117 
   74   74    1    1    1    1    1    1    1    1  4.26343E+14 0.00140 
   75   75    1    1    1    1    1    1    1    1  3.48403E+14 0.00211 
   76   76    1    1    1    1    1    1    1    1  3.96378E+14 0.00180 
   77   77    1    1    1    1    1    1    1    1  3.08800E+14 0.00176 
   78   78    1    1    1    1    1    1    1    1  2.34236E+14 0.00170 
   79   79    1    1    1    1    1    1    1    1  2.42023E+14 0.00166 
   80   80    1    1    1    1    1    1    1    1  1.82161E+14 0.00238 
   81   81    1    1    1    1    1    1    1    1  1.41436E+14 0.00205 
   82   82    1    1    1    1    1    1    1    1  1.09409E+14 0.00259 
   83   83    1    1    1    1    1    1    1    1  1.02107E+14 0.00301 
   84   84    1    1    1    1    1    1    1    1  7.34803E+13 0.00381 
   85   85    1    1    1    1    1    1    1    1  5.31729E+13 0.00339 
   86   86    1    1    1    1    1    1    1    1  4.97053E+13 0.00458 
   87   87    1    1    1    1    1    1    1    1  3.09049E+13 0.00365 
   88   88    1    1    1    1    1    1    1    1  2.08284E+13 0.00415 
   89   89    1    1    1    1    1    1    1    1  1.20511E+13 0.00746 
   90   90    1    1    1    1    1    1    1    1  8.00675E+12 0.00860 
   91   91    1    1    1    1    1    1    1    1  3.91845E+12 0.01004 
   92   92    1    1    1    1    1    1    1    1  2.00076E+12 0.01855 
   93   93    1    1    1    1    1    1    1    1  9.34003E+11 0.01754 
   94   94    1    1    1    1    1    1    1    1  4.63320E+11 0.02997 
   95   95    1    1    1    1    1    1    1    1  2.17550E+11 0.03884 
   96   96    1    1    1    1    1    1    1    1  1.16689E+11 0.05852 
   97   97    1    1    1    1    1    1    1    1  6.62596E+10 0.10747 
   98   98    1    1    1    1    1    1    1    1  1.97948E+10 0.16424 
   99   99    1    1    1    1    1    1    1    1  1.12803E+10 0.19952 
  100  100    1    1    1    1    1    1    1    1  1.22200E+10 0.20346 
];


