
DETdpaspec = [
    1    1    1    1    1    1    1    1    1    1  0.00000E+00 0.00000 
    2    2    1    1    1    1    1    1    1    1  0.00000E+00 0.00000 
    3    3    1    1    1    1    1    1    1    1  0.00000E+00 0.00000 
    4    4    1    1    1    1    1    1    1    1  0.00000E+00 0.00000 
    5    5    1    1    1    1    1    1    1    1  0.00000E+00 0.00000 
    6    6    1    1    1    1    1    1    1    1  0.00000E+00 0.00000 
    7    7    1    1    1    1    1    1    1    1  0.00000E+00 0.00000 
    8    8    1    1    1    1    1    1    1    1  0.00000E+00 0.00000 
    9    9    1    1    1    1    1    1    1    1  0.00000E+00 0.00000 
   10   10    1    1    1    1    1    1    1    1  2.93463E+08 1.00000 
   11   11    1    1    1    1    1    1    1    1  8.34740E+07 1.00000 
   12   12    1    1    1    1    1    1    1    1  7.79097E+07 1.00000 
   13   13    1    1    1    1    1    1    1    1  3.16892E+09 0.47794 
   14   14    1    1    1    1    1    1    1    1  3.54191E+09 0.37867 
   15   15    1    1    1    1    1    1    1    1  3.99073E+09 0.60471 
   16   16    1    1    1    1    1    1    1    1  3.85310E+09 0.38685 
   17   17    1    1    1    1    1    1    1    1  1.29497E+10 0.18410 
   18   18    1    1    1    1    1    1    1    1  3.37152E+10 0.15830 
   19   19    1    1    1    1    1    1    1    1  8.86027E+10 0.07086 
   20   20    1    1    1    1    1    1    1    1  4.47919E+11 0.03861 
   21   21    1    1    1    1    1    1    1    1  9.89456E+11 0.02417 
   22   22    1    1    1    1    1    1    1    1  3.70144E+12 0.01232 
   23   23    1    1    1    1    1    1    1    1  1.01214E+13 0.00531 
   24   24    1    1    1    1    1    1    1    1  1.88046E+13 0.00497 
   25   25    1    1    1    1    1    1    1    1  2.44898E+13 0.00475 
   26   26    1    1    1    1    1    1    1    1  3.93170E+13 0.00340 
   27   27    1    1    1    1    1    1    1    1  5.69699E+13 0.00311 
   28   28    1    1    1    1    1    1    1    1  8.92765E+13 0.00258 
   29   29    1    1    1    1    1    1    1    1  1.09532E+14 0.00234 
   30   30    1    1    1    1    1    1    1    1  1.63818E+14 0.00225 
   31   31    1    1    1    1    1    1    1    1  2.60535E+14 0.00159 
   32   32    1    1    1    1    1    1    1    1  2.98573E+14 0.00166 
   33   33    1    1    1    1    1    1    1    1  4.64708E+14 0.00109 
   34   34    1    1    1    1    1    1    1    1  4.87442E+14 0.00094 
   35   35    1    1    1    1    1    1    1    1  5.37548E+14 0.00087 
   36   36    1    1    1    1    1    1    1    1  4.15421E+14 0.00097 
   37   37    1    1    1    1    1    1    1    1  1.22255E+14 0.00109 
   38   38    1    1    1    1    1    1    1    1  5.55245E+14 0.00101 
   39   39    1    1    1    1    1    1    1    1  6.18161E+14 0.00086 
   40   40    1    1    1    1    1    1    1    1  1.00584E+15 0.00084 
   41   41    1    1    1    1    1    1    1    1  8.79945E+14 0.00095 
   42   42    1    1    1    1    1    1    1    1  1.46749E+15 0.00081 
   43   43    1    1    1    1    1    1    1    1  1.49232E+15 0.00078 
   44   44    1    1    1    1    1    1    1    1  1.82830E+15 0.00083 
   45   45    1    1    1    1    1    1    1    1  2.96559E+15 0.00055 
   46   46    1    1    1    1    1    1    1    1  1.65569E+15 0.00066 
   47   47    1    1    1    1    1    1    1    1  2.15579E+15 0.00059 
   48   48    1    1    1    1    1    1    1    1  2.97697E+15 0.00058 
   49   49    1    1    1    1    1    1    1    1  2.51737E+15 0.00055 
   50   50    1    1    1    1    1    1    1    1  3.86890E+15 0.00073 
   51   51    1    1    1    1    1    1    1    1  2.95010E+15 0.00071 
   52   52    1    1    1    1    1    1    1    1  3.29452E+15 0.00072 
   53   53    1    1    1    1    1    1    1    1  2.36746E+15 0.00084 
   54   54    1    1    1    1    1    1    1    1  2.89174E+15 0.00070 
   55   55    1    1    1    1    1    1    1    1  2.08421E+15 0.00089 
   56   56    1    1    1    1    1    1    1    1  2.88746E+14 0.00091 
   57   57    1    1    1    1    1    1    1    1  3.95812E+15 0.00073 
   58   58    1    1    1    1    1    1    1    1  1.76319E+15 0.00076 
   59   59    1    1    1    1    1    1    1    1  1.91605E+15 0.00071 
   60   60    1    1    1    1    1    1    1    1  1.57773E+15 0.00071 
   61   61    1    1    1    1    1    1    1    1  1.57442E+15 0.00063 
   62   62    1    1    1    1    1    1    1    1  1.54642E+15 0.00066 
   63   63    1    1    1    1    1    1    1    1  1.29288E+15 0.00065 
   64   64    1    1    1    1    1    1    1    1  1.01216E+15 0.00087 
   65   65    1    1    1    1    1    1    1    1  9.71298E+14 0.00080 
   66   66    1    1    1    1    1    1    1    1  8.27928E+14 0.00080 
   67   67    1    1    1    1    1    1    1    1  6.80037E+14 0.00070 
   68   68    1    1    1    1    1    1    1    1  5.90194E+14 0.00101 
   69   69    1    1    1    1    1    1    1    1  7.21807E+14 0.00135 
   70   70    1    1    1    1    1    1    1    1  6.19127E+14 0.00105 
   71   71    1    1    1    1    1    1    1    1  1.14291E+15 0.00064 
   72   72    1    1    1    1    1    1    1    1  8.36789E+14 0.00103 
   73   73    1    1    1    1    1    1    1    1  6.55791E+14 0.00121 
   74   74    1    1    1    1    1    1    1    1  5.43196E+14 0.00127 
   75   75    1    1    1    1    1    1    1    1  4.49772E+14 0.00149 
   76   76    1    1    1    1    1    1    1    1  5.18782E+14 0.00129 
   77   77    1    1    1    1    1    1    1    1  4.10026E+14 0.00120 
   78   78    1    1    1    1    1    1    1    1  3.14983E+14 0.00164 
   79   79    1    1    1    1    1    1    1    1  3.28027E+14 0.00141 
   80   80    1    1    1    1    1    1    1    1  2.47189E+14 0.00140 
   81   81    1    1    1    1    1    1    1    1  1.91458E+14 0.00163 
   82   82    1    1    1    1    1    1    1    1  1.48565E+14 0.00206 
   83   83    1    1    1    1    1    1    1    1  1.38836E+14 0.00228 
   84   84    1    1    1    1    1    1    1    1  9.94802E+13 0.00219 
   85   85    1    1    1    1    1    1    1    1  7.18044E+13 0.00225 
   86   86    1    1    1    1    1    1    1    1  6.70985E+13 0.00281 
   87   87    1    1    1    1    1    1    1    1  4.11946E+13 0.00473 
   88   88    1    1    1    1    1    1    1    1  2.73737E+13 0.00508 
   89   89    1    1    1    1    1    1    1    1  1.55154E+13 0.00596 
   90   90    1    1    1    1    1    1    1    1  1.02295E+13 0.00748 
   91   91    1    1    1    1    1    1    1    1  5.11111E+12 0.00953 
   92   92    1    1    1    1    1    1    1    1  2.42709E+12 0.01068 
   93   93    1    1    1    1    1    1    1    1  1.16399E+12 0.02415 
   94   94    1    1    1    1    1    1    1    1  5.61034E+11 0.03299 
   95   95    1    1    1    1    1    1    1    1  2.67614E+11 0.03587 
   96   96    1    1    1    1    1    1    1    1  1.39230E+11 0.05851 
   97   97    1    1    1    1    1    1    1    1  5.91863E+10 0.09047 
   98   98    1    1    1    1    1    1    1    1  2.86878E+10 0.14564 
   99   99    1    1    1    1    1    1    1    1  1.60583E+10 0.15005 
  100  100    1    1    1    1    1    1    1    1  1.25096E+10 0.24238 
];


