
DETdpaspec = [
    1    1    1    1    1    1    1    1    1    1  0.00000E+00 0.00000 
    2    2    1    1    1    1    1    1    1    1  4.42513E+06 1.00000 
    3    3    1    1    1    1    1    1    1    1  0.00000E+00 0.00000 
    4    4    1    1    1    1    1    1    1    1  0.00000E+00 0.00000 
    5    5    1    1    1    1    1    1    1    1  0.00000E+00 0.00000 
    6    6    1    1    1    1    1    1    1    1  8.76326E+06 1.00000 
    7    7    1    1    1    1    1    1    1    1  1.68212E+07 1.00000 
    8    8    1    1    1    1    1    1    1    1  0.00000E+00 0.00000 
    9    9    1    1    1    1    1    1    1    1  6.51357E+07 0.59212 
   10   10    1    1    1    1    1    1    1    1  4.34541E+08 0.55380 
   11   11    1    1    1    1    1    1    1    1  6.12597E+08 0.32979 
   12   12    1    1    1    1    1    1    1    1  1.94434E+08 0.37310 
   13   13    1    1    1    1    1    1    1    1  3.45790E+09 0.20030 
   14   14    1    1    1    1    1    1    1    1  7.65148E+09 0.15079 
   15   15    1    1    1    1    1    1    1    1  9.68652E+09 0.16529 
   16   16    1    1    1    1    1    1    1    1  3.98418E+09 0.25433 
   17   17    1    1    1    1    1    1    1    1  8.51323E+09 0.17064 
   18   18    1    1    1    1    1    1    1    1  2.39519E+10 0.09036 
   19   19    1    1    1    1    1    1    1    1  3.17077E+10 0.10526 
   20   20    1    1    1    1    1    1    1    1  7.79011E+10 0.05233 
   21   21    1    1    1    1    1    1    1    1  6.65505E+10 0.06325 
   22   22    1    1    1    1    1    1    1    1  2.08548E+11 0.04634 
   23   23    1    1    1    1    1    1    1    1  3.61110E+11 0.03493 
   24   24    1    1    1    1    1    1    1    1  6.88543E+11 0.02038 
   25   25    1    1    1    1    1    1    1    1  1.08705E+12 0.01469 
   26   26    1    1    1    1    1    1    1    1  2.28421E+12 0.01257 
   27   27    1    1    1    1    1    1    1    1  4.50364E+12 0.01002 
   28   28    1    1    1    1    1    1    1    1  9.05349E+12 0.00606 
   29   29    1    1    1    1    1    1    1    1  1.13154E+13 0.00593 
   30   30    1    1    1    1    1    1    1    1  2.58478E+13 0.00469 
   31   31    1    1    1    1    1    1    1    1  5.37327E+13 0.00336 
   32   32    1    1    1    1    1    1    1    1  7.11209E+13 0.00339 
   33   33    1    1    1    1    1    1    1    1  1.30127E+14 0.00299 
   34   34    1    1    1    1    1    1    1    1  1.35629E+14 0.00247 
   35   35    1    1    1    1    1    1    1    1  1.89298E+14 0.00207 
   36   36    1    1    1    1    1    1    1    1  1.61758E+14 0.00193 
   37   37    1    1    1    1    1    1    1    1  5.10595E+13 0.00148 
   38   38    1    1    1    1    1    1    1    1  2.24787E+14 0.00120 
   39   39    1    1    1    1    1    1    1    1  2.57906E+14 0.00159 
   40   40    1    1    1    1    1    1    1    1  4.18596E+14 0.00139 
   41   41    1    1    1    1    1    1    1    1  3.92014E+14 0.00167 
   42   42    1    1    1    1    1    1    1    1  6.50332E+14 0.00124 
   43   43    1    1    1    1    1    1    1    1  6.73458E+14 0.00129 
   44   44    1    1    1    1    1    1    1    1  8.36139E+14 0.00131 
   45   45    1    1    1    1    1    1    1    1  1.37528E+15 0.00144 
   46   46    1    1    1    1    1    1    1    1  7.75084E+14 0.00128 
   47   47    1    1    1    1    1    1    1    1  1.03862E+15 0.00144 
   48   48    1    1    1    1    1    1    1    1  1.44007E+15 0.00132 
   49   49    1    1    1    1    1    1    1    1  1.25661E+15 0.00154 
   50   50    1    1    1    1    1    1    1    1  1.89674E+15 0.00154 
   51   51    1    1    1    1    1    1    1    1  1.48769E+15 0.00145 
   52   52    1    1    1    1    1    1    1    1  1.63784E+15 0.00161 
   53   53    1    1    1    1    1    1    1    1  1.18701E+15 0.00168 
   54   54    1    1    1    1    1    1    1    1  1.42341E+15 0.00167 
   55   55    1    1    1    1    1    1    1    1  1.03368E+15 0.00168 
   56   56    1    1    1    1    1    1    1    1  1.44300E+14 0.00199 
   57   57    1    1    1    1    1    1    1    1  1.97404E+15 0.00164 
   58   58    1    1    1    1    1    1    1    1  8.54065E+14 0.00205 
   59   59    1    1    1    1    1    1    1    1  9.43051E+14 0.00200 
   60   60    1    1    1    1    1    1    1    1  7.56282E+14 0.00183 
   61   61    1    1    1    1    1    1    1    1  7.57708E+14 0.00182 
   62   62    1    1    1    1    1    1    1    1  7.42102E+14 0.00172 
   63   63    1    1    1    1    1    1    1    1  6.17821E+14 0.00173 
   64   64    1    1    1    1    1    1    1    1  4.82659E+14 0.00241 
   65   65    1    1    1    1    1    1    1    1  4.65734E+14 0.00198 
   66   66    1    1    1    1    1    1    1    1  3.94829E+14 0.00235 
   67   67    1    1    1    1    1    1    1    1  3.27666E+14 0.00210 
   68   68    1    1    1    1    1    1    1    1  2.85757E+14 0.00232 
   69   69    1    1    1    1    1    1    1    1  3.50158E+14 0.00192 
   70   70    1    1    1    1    1    1    1    1  3.02148E+14 0.00223 
   71   71    1    1    1    1    1    1    1    1  5.75798E+14 0.00213 
   72   72    1    1    1    1    1    1    1    1  4.28976E+14 0.00186 
   73   73    1    1    1    1    1    1    1    1  3.36938E+14 0.00221 
   74   74    1    1    1    1    1    1    1    1  2.72206E+14 0.00230 
   75   75    1    1    1    1    1    1    1    1  2.20301E+14 0.00170 
   76   76    1    1    1    1    1    1    1    1  2.49217E+14 0.00210 
   77   77    1    1    1    1    1    1    1    1  1.92002E+14 0.00269 
   78   78    1    1    1    1    1    1    1    1  1.44664E+14 0.00235 
   79   79    1    1    1    1    1    1    1    1  1.49035E+14 0.00241 
   80   80    1    1    1    1    1    1    1    1  1.11391E+14 0.00230 
   81   81    1    1    1    1    1    1    1    1  8.58109E+13 0.00322 
   82   82    1    1    1    1    1    1    1    1  6.66062E+13 0.00291 
   83   83    1    1    1    1    1    1    1    1  6.20322E+13 0.00362 
   84   84    1    1    1    1    1    1    1    1  4.48197E+13 0.00300 
   85   85    1    1    1    1    1    1    1    1  3.23772E+13 0.00386 
   86   86    1    1    1    1    1    1    1    1  3.01566E+13 0.00382 
   87   87    1    1    1    1    1    1    1    1  1.89374E+13 0.00583 
   88   88    1    1    1    1    1    1    1    1  1.26332E+13 0.00864 
   89   89    1    1    1    1    1    1    1    1  7.26954E+12 0.01041 
   90   90    1    1    1    1    1    1    1    1  4.76838E+12 0.00916 
   91   91    1    1    1    1    1    1    1    1  2.53665E+12 0.01511 
   92   92    1    1    1    1    1    1    1    1  1.22956E+12 0.02117 
   93   93    1    1    1    1    1    1    1    1  5.39052E+11 0.02491 
   94   94    1    1    1    1    1    1    1    1  3.18423E+11 0.04525 
   95   95    1    1    1    1    1    1    1    1  1.43944E+11 0.07252 
   96   96    1    1    1    1    1    1    1    1  6.23193E+10 0.09092 
   97   97    1    1    1    1    1    1    1    1  2.79973E+10 0.11482 
   98   98    1    1    1    1    1    1    1    1  1.54504E+10 0.25232 
   99   99    1    1    1    1    1    1    1    1  1.10612E+10 0.23622 
  100  100    1    1    1    1    1    1    1    1  3.81453E+09 0.31867 
];


