
DETdpaspec = [
    1    1    1    1    1    1    1    1    1    1  0.00000E+00 0.00000 
    2    2    1    1    1    1    1    1    1    1  0.00000E+00 0.00000 
    3    3    1    1    1    1    1    1    1    1  0.00000E+00 0.00000 
    4    4    1    1    1    1    1    1    1    1  0.00000E+00 0.00000 
    5    5    1    1    1    1    1    1    1    1  0.00000E+00 0.00000 
    6    6    1    1    1    1    1    1    1    1  1.01132E+07 1.00000 
    7    7    1    1    1    1    1    1    1    1  3.52206E+07 1.00000 
    8    8    1    1    1    1    1    1    1    1  0.00000E+00 0.00000 
    9    9    1    1    1    1    1    1    1    1  0.00000E+00 0.00000 
   10   10    1    1    1    1    1    1    1    1  1.62161E+08 0.59094 
   11   11    1    1    1    1    1    1    1    1  2.03037E+08 0.50036 
   12   12    1    1    1    1    1    1    1    1  8.41453E+07 0.48718 
   13   13    1    1    1    1    1    1    1    1  2.45078E+09 0.26521 
   14   14    1    1    1    1    1    1    1    1  7.01316E+09 0.32955 
   15   15    1    1    1    1    1    1    1    1  1.22116E+10 0.17180 
   16   16    1    1    1    1    1    1    1    1  3.74158E+09 0.18932 
   17   17    1    1    1    1    1    1    1    1  8.81968E+09 0.16280 
   18   18    1    1    1    1    1    1    1    1  2.36550E+10 0.14543 
   19   19    1    1    1    1    1    1    1    1  2.73713E+10 0.06620 
   20   20    1    1    1    1    1    1    1    1  6.80298E+10 0.08848 
   21   21    1    1    1    1    1    1    1    1  6.76275E+10 0.06741 
   22   22    1    1    1    1    1    1    1    1  1.68424E+11 0.04795 
   23   23    1    1    1    1    1    1    1    1  3.57859E+11 0.04214 
   24   24    1    1    1    1    1    1    1    1  7.52643E+11 0.02545 
   25   25    1    1    1    1    1    1    1    1  1.24296E+12 0.02027 
   26   26    1    1    1    1    1    1    1    1  2.58703E+12 0.01302 
   27   27    1    1    1    1    1    1    1    1  5.16226E+12 0.00962 
   28   28    1    1    1    1    1    1    1    1  1.06953E+13 0.00572 
   29   29    1    1    1    1    1    1    1    1  1.39363E+13 0.00575 
   30   30    1    1    1    1    1    1    1    1  3.07838E+13 0.00251 
   31   31    1    1    1    1    1    1    1    1  6.42134E+13 0.00305 
   32   32    1    1    1    1    1    1    1    1  8.57590E+13 0.00301 
   33   33    1    1    1    1    1    1    1    1  1.56653E+14 0.00220 
   34   34    1    1    1    1    1    1    1    1  1.66377E+14 0.00184 
   35   35    1    1    1    1    1    1    1    1  2.27727E+14 0.00090 
   36   36    1    1    1    1    1    1    1    1  1.94526E+14 0.00163 
   37   37    1    1    1    1    1    1    1    1  6.11758E+13 0.00091 
   38   38    1    1    1    1    1    1    1    1  2.71450E+14 0.00127 
   39   39    1    1    1    1    1    1    1    1  3.12367E+14 0.00145 
   40   40    1    1    1    1    1    1    1    1  5.09150E+14 0.00137 
   41   41    1    1    1    1    1    1    1    1  4.74792E+14 0.00130 
   42   42    1    1    1    1    1    1    1    1  7.93666E+14 0.00136 
   43   43    1    1    1    1    1    1    1    1  8.24357E+14 0.00107 
   44   44    1    1    1    1    1    1    1    1  1.02768E+15 0.00114 
   45   45    1    1    1    1    1    1    1    1  1.70098E+15 0.00096 
   46   46    1    1    1    1    1    1    1    1  9.64238E+14 0.00108 
   47   47    1    1    1    1    1    1    1    1  1.28883E+15 0.00108 
   48   48    1    1    1    1    1    1    1    1  1.79736E+15 0.00088 
   49   49    1    1    1    1    1    1    1    1  1.56313E+15 0.00094 
   50   50    1    1    1    1    1    1    1    1  2.37745E+15 0.00086 
   51   51    1    1    1    1    1    1    1    1  1.86399E+15 0.00133 
   52   52    1    1    1    1    1    1    1    1  2.06213E+15 0.00128 
   53   53    1    1    1    1    1    1    1    1  1.49835E+15 0.00119 
   54   54    1    1    1    1    1    1    1    1  1.80660E+15 0.00117 
   55   55    1    1    1    1    1    1    1    1  1.31190E+15 0.00113 
   56   56    1    1    1    1    1    1    1    1  1.82359E+14 0.00134 
   57   57    1    1    1    1    1    1    1    1  2.50731E+15 0.00105 
   58   58    1    1    1    1    1    1    1    1  1.09332E+15 0.00097 
   59   59    1    1    1    1    1    1    1    1  1.20462E+15 0.00105 
   60   60    1    1    1    1    1    1    1    1  9.72368E+14 0.00111 
   61   61    1    1    1    1    1    1    1    1  9.73980E+14 0.00128 
   62   62    1    1    1    1    1    1    1    1  9.58165E+14 0.00119 
   63   63    1    1    1    1    1    1    1    1  7.97556E+14 0.00117 
   64   64    1    1    1    1    1    1    1    1  6.24505E+14 0.00129 
   65   65    1    1    1    1    1    1    1    1  6.03884E+14 0.00143 
   66   66    1    1    1    1    1    1    1    1  5.11823E+14 0.00144 
   67   67    1    1    1    1    1    1    1    1  4.25103E+14 0.00136 
   68   68    1    1    1    1    1    1    1    1  3.70674E+14 0.00143 
   69   69    1    1    1    1    1    1    1    1  4.54271E+14 0.00110 
   70   70    1    1    1    1    1    1    1    1  3.91829E+14 0.00156 
   71   71    1    1    1    1    1    1    1    1  7.45230E+14 0.00146 
   72   72    1    1    1    1    1    1    1    1  5.54224E+14 0.00151 
   73   73    1    1    1    1    1    1    1    1  4.35708E+14 0.00155 
   74   74    1    1    1    1    1    1    1    1  3.54490E+14 0.00178 
   75   75    1    1    1    1    1    1    1    1  2.88273E+14 0.00242 
   76   76    1    1    1    1    1    1    1    1  3.26225E+14 0.00186 
   77   77    1    1    1    1    1    1    1    1  2.53935E+14 0.00153 
   78   78    1    1    1    1    1    1    1    1  1.91454E+14 0.00173 
   79   79    1    1    1    1    1    1    1    1  1.97924E+14 0.00203 
   80   80    1    1    1    1    1    1    1    1  1.48160E+14 0.00255 
   81   81    1    1    1    1    1    1    1    1  1.14963E+14 0.00263 
   82   82    1    1    1    1    1    1    1    1  8.89003E+13 0.00273 
   83   83    1    1    1    1    1    1    1    1  8.28121E+13 0.00251 
   84   84    1    1    1    1    1    1    1    1  5.93528E+13 0.00422 
   85   85    1    1    1    1    1    1    1    1  4.27804E+13 0.00383 
   86   86    1    1    1    1    1    1    1    1  4.00066E+13 0.00466 
   87   87    1    1    1    1    1    1    1    1  2.48837E+13 0.00499 
   88   88    1    1    1    1    1    1    1    1  1.68350E+13 0.00672 
   89   89    1    1    1    1    1    1    1    1  9.70450E+12 0.00784 
   90   90    1    1    1    1    1    1    1    1  6.47323E+12 0.01105 
   91   91    1    1    1    1    1    1    1    1  3.27145E+12 0.01420 
   92   92    1    1    1    1    1    1    1    1  1.64500E+12 0.01601 
   93   93    1    1    1    1    1    1    1    1  7.96313E+11 0.03717 
   94   94    1    1    1    1    1    1    1    1  3.89819E+11 0.03448 
   95   95    1    1    1    1    1    1    1    1  1.90077E+11 0.04744 
   96   96    1    1    1    1    1    1    1    1  9.85092E+10 0.08998 
   97   97    1    1    1    1    1    1    1    1  4.15489E+10 0.13050 
   98   98    1    1    1    1    1    1    1    1  1.88364E+10 0.16454 
   99   99    1    1    1    1    1    1    1    1  1.15659E+10 0.25680 
  100  100    1    1    1    1    1    1    1    1  7.58984E+09 0.23081 
];


