
DETdpaspec = [
    1    1    1    1    1    1    1    1    1    1  0.00000E+00 0.00000 
    2    2    1    1    1    1    1    1    1    1  0.00000E+00 0.00000 
    3    3    1    1    1    1    1    1    1    1  9.41905E+06 1.00000 
    4    4    1    1    1    1    1    1    1    1  0.00000E+00 0.00000 
    5    5    1    1    1    1    1    1    1    1  0.00000E+00 0.00000 
    6    6    1    1    1    1    1    1    1    1  2.02063E+07 0.69144 
    7    7    1    1    1    1    1    1    1    1  0.00000E+00 0.00000 
    8    8    1    1    1    1    1    1    1    1  0.00000E+00 0.00000 
    9    9    1    1    1    1    1    1    1    1  2.87936E+07 0.71859 
   10   10    1    1    1    1    1    1    1    1  1.86387E+08 0.64407 
   11   11    1    1    1    1    1    1    1    1  1.34550E+08 0.71036 
   12   12    1    1    1    1    1    1    1    1  2.02601E+08 0.48288 
   13   13    1    1    1    1    1    1    1    1  2.98365E+09 0.40709 
   14   14    1    1    1    1    1    1    1    1  4.87374E+09 0.33480 
   15   15    1    1    1    1    1    1    1    1  5.62269E+09 0.25583 
   16   16    1    1    1    1    1    1    1    1  3.91137E+09 0.19608 
   17   17    1    1    1    1    1    1    1    1  7.93520E+09 0.09765 
   18   18    1    1    1    1    1    1    1    1  2.24159E+10 0.13624 
   19   19    1    1    1    1    1    1    1    1  2.21561E+10 0.10118 
   20   20    1    1    1    1    1    1    1    1  6.30080E+10 0.06351 
   21   21    1    1    1    1    1    1    1    1  6.86123E+10 0.06524 
   22   22    1    1    1    1    1    1    1    1  1.69896E+11 0.03892 
   23   23    1    1    1    1    1    1    1    1  3.71605E+11 0.02900 
   24   24    1    1    1    1    1    1    1    1  7.71670E+11 0.02264 
   25   25    1    1    1    1    1    1    1    1  1.26478E+12 0.01591 
   26   26    1    1    1    1    1    1    1    1  2.75545E+12 0.00999 
   27   27    1    1    1    1    1    1    1    1  5.37079E+12 0.01005 
   28   28    1    1    1    1    1    1    1    1  1.12539E+13 0.00962 
   29   29    1    1    1    1    1    1    1    1  1.46514E+13 0.00551 
   30   30    1    1    1    1    1    1    1    1  3.19892E+13 0.00337 
   31   31    1    1    1    1    1    1    1    1  6.69669E+13 0.00294 
   32   32    1    1    1    1    1    1    1    1  8.89364E+13 0.00299 
   33   33    1    1    1    1    1    1    1    1  1.62457E+14 0.00192 
   34   34    1    1    1    1    1    1    1    1  1.71763E+14 0.00133 
   35   35    1    1    1    1    1    1    1    1  2.34753E+14 0.00142 
   36   36    1    1    1    1    1    1    1    1  2.00737E+14 0.00131 
   37   37    1    1    1    1    1    1    1    1  6.29538E+13 0.00165 
   38   38    1    1    1    1    1    1    1    1  2.80468E+14 0.00160 
   39   39    1    1    1    1    1    1    1    1  3.21743E+14 0.00153 
   40   40    1    1    1    1    1    1    1    1  5.26702E+14 0.00165 
   41   41    1    1    1    1    1    1    1    1  4.90799E+14 0.00153 
   42   42    1    1    1    1    1    1    1    1  8.20539E+14 0.00097 
   43   43    1    1    1    1    1    1    1    1  8.52630E+14 0.00124 
   44   44    1    1    1    1    1    1    1    1  1.06328E+15 0.00102 
   45   45    1    1    1    1    1    1    1    1  1.75931E+15 0.00110 
   46   46    1    1    1    1    1    1    1    1  9.99166E+14 0.00084 
   47   47    1    1    1    1    1    1    1    1  1.33412E+15 0.00103 
   48   48    1    1    1    1    1    1    1    1  1.86070E+15 0.00088 
   49   49    1    1    1    1    1    1    1    1  1.61797E+15 0.00107 
   50   50    1    1    1    1    1    1    1    1  2.46908E+15 0.00083 
   51   51    1    1    1    1    1    1    1    1  1.93270E+15 0.00078 
   52   52    1    1    1    1    1    1    1    1  2.14036E+15 0.00101 
   53   53    1    1    1    1    1    1    1    1  1.55138E+15 0.00087 
   54   54    1    1    1    1    1    1    1    1  1.87425E+15 0.00068 
   55   55    1    1    1    1    1    1    1    1  1.36181E+15 0.00106 
   56   56    1    1    1    1    1    1    1    1  1.89502E+14 0.00123 
   57   57    1    1    1    1    1    1    1    1  2.60449E+15 0.00087 
   58   58    1    1    1    1    1    1    1    1  1.13740E+15 0.00105 
   59   59    1    1    1    1    1    1    1    1  1.25407E+15 0.00099 
   60   60    1    1    1    1    1    1    1    1  1.01222E+15 0.00122 
   61   61    1    1    1    1    1    1    1    1  1.01422E+15 0.00141 
   62   62    1    1    1    1    1    1    1    1  9.98126E+14 0.00120 
   63   63    1    1    1    1    1    1    1    1  8.31813E+14 0.00147 
   64   64    1    1    1    1    1    1    1    1  6.49753E+14 0.00146 
   65   65    1    1    1    1    1    1    1    1  6.28233E+14 0.00165 
   66   66    1    1    1    1    1    1    1    1  5.34227E+14 0.00157 
   67   67    1    1    1    1    1    1    1    1  4.43127E+14 0.00125 
   68   68    1    1    1    1    1    1    1    1  3.87015E+14 0.00156 
   69   69    1    1    1    1    1    1    1    1  4.74782E+14 0.00158 
   70   70    1    1    1    1    1    1    1    1  4.10081E+14 0.00165 
   71   71    1    1    1    1    1    1    1    1  7.78164E+14 0.00116 
   72   72    1    1    1    1    1    1    1    1  5.78333E+14 0.00153 
   73   73    1    1    1    1    1    1    1    1  4.54279E+14 0.00146 
   74   74    1    1    1    1    1    1    1    1  3.68725E+14 0.00194 
   75   75    1    1    1    1    1    1    1    1  3.01350E+14 0.00170 
   76   76    1    1    1    1    1    1    1    1  3.41311E+14 0.00129 
   77   77    1    1    1    1    1    1    1    1  2.64762E+14 0.00212 
   78   78    1    1    1    1    1    1    1    1  2.00201E+14 0.00203 
   79   79    1    1    1    1    1    1    1    1  2.07305E+14 0.00256 
   80   80    1    1    1    1    1    1    1    1  1.55114E+14 0.00203 
   81   81    1    1    1    1    1    1    1    1  1.20196E+14 0.00298 
   82   82    1    1    1    1    1    1    1    1  9.33408E+13 0.00313 
   83   83    1    1    1    1    1    1    1    1  8.70423E+13 0.00234 
   84   84    1    1    1    1    1    1    1    1  6.25099E+13 0.00330 
   85   85    1    1    1    1    1    1    1    1  4.49221E+13 0.00293 
   86   86    1    1    1    1    1    1    1    1  4.23907E+13 0.00350 
   87   87    1    1    1    1    1    1    1    1  2.59869E+13 0.00443 
   88   88    1    1    1    1    1    1    1    1  1.77262E+13 0.00659 
   89   89    1    1    1    1    1    1    1    1  1.03091E+13 0.00541 
   90   90    1    1    1    1    1    1    1    1  6.74220E+12 0.00831 
   91   91    1    1    1    1    1    1    1    1  3.43916E+12 0.00996 
   92   92    1    1    1    1    1    1    1    1  1.70799E+12 0.02175 
   93   93    1    1    1    1    1    1    1    1  8.00916E+11 0.03167 
   94   94    1    1    1    1    1    1    1    1  3.76001E+11 0.04231 
   95   95    1    1    1    1    1    1    1    1  1.99080E+11 0.06643 
   96   96    1    1    1    1    1    1    1    1  9.93574E+10 0.08049 
   97   97    1    1    1    1    1    1    1    1  5.08988E+10 0.13428 
   98   98    1    1    1    1    1    1    1    1  1.93902E+10 0.15448 
   99   99    1    1    1    1    1    1    1    1  1.20924E+10 0.17262 
  100  100    1    1    1    1    1    1    1    1  8.22792E+09 0.21626 
];


