
DETdpaspec = [
    1    1    1    1    1    1    1    1    1    1  0.00000E+00 0.00000 
    2    2    1    1    1    1    1    1    1    1  0.00000E+00 0.00000 
    3    3    1    1    1    1    1    1    1    1  6.11311E+06 1.00000 
    4    4    1    1    1    1    1    1    1    1  7.95289E+06 1.00000 
    5    5    1    1    1    1    1    1    1    1  0.00000E+00 0.00000 
    6    6    1    1    1    1    1    1    1    1  0.00000E+00 0.00000 
    7    7    1    1    1    1    1    1    1    1  3.44651E+07 0.68879 
    8    8    1    1    1    1    1    1    1    1  3.00218E+07 0.70118 
    9    9    1    1    1    1    1    1    1    1  2.03105E+07 1.00000 
   10   10    1    1    1    1    1    1    1    1  2.99791E+08 0.54108 
   11   11    1    1    1    1    1    1    1    1  3.26675E+08 0.38453 
   12   12    1    1    1    1    1    1    1    1  2.16084E+08 0.31320 
   13   13    1    1    1    1    1    1    1    1  4.99830E+09 0.19143 
   14   14    1    1    1    1    1    1    1    1  7.13670E+09 0.19332 
   15   15    1    1    1    1    1    1    1    1  1.14394E+10 0.22118 
   16   16    1    1    1    1    1    1    1    1  5.24268E+09 0.13875 
   17   17    1    1    1    1    1    1    1    1  8.50273E+09 0.10402 
   18   18    1    1    1    1    1    1    1    1  2.94331E+10 0.07050 
   19   19    1    1    1    1    1    1    1    1  3.44690E+10 0.08467 
   20   20    1    1    1    1    1    1    1    1  1.02906E+11 0.06270 
   21   21    1    1    1    1    1    1    1    1  1.01122E+11 0.06212 
   22   22    1    1    1    1    1    1    1    1  2.35341E+11 0.04217 
   23   23    1    1    1    1    1    1    1    1  3.97645E+11 0.03764 
   24   24    1    1    1    1    1    1    1    1  7.16568E+11 0.01915 
   25   25    1    1    1    1    1    1    1    1  1.07578E+12 0.02289 
   26   26    1    1    1    1    1    1    1    1  2.11587E+12 0.01483 
   27   27    1    1    1    1    1    1    1    1  4.14472E+12 0.01355 
   28   28    1    1    1    1    1    1    1    1  7.92387E+12 0.00872 
   29   29    1    1    1    1    1    1    1    1  9.53103E+12 0.00451 
   30   30    1    1    1    1    1    1    1    1  2.21103E+13 0.00497 
   31   31    1    1    1    1    1    1    1    1  4.49179E+13 0.00513 
   32   32    1    1    1    1    1    1    1    1  5.90856E+13 0.00332 
   33   33    1    1    1    1    1    1    1    1  1.07308E+14 0.00302 
   34   34    1    1    1    1    1    1    1    1  1.10153E+14 0.00246 
   35   35    1    1    1    1    1    1    1    1  1.55596E+14 0.00249 
   36   36    1    1    1    1    1    1    1    1  1.33080E+14 0.00216 
   37   37    1    1    1    1    1    1    1    1  4.21146E+13 0.00221 
   38   38    1    1    1    1    1    1    1    1  1.83097E+14 0.00221 
   39   39    1    1    1    1    1    1    1    1  2.08996E+14 0.00238 
   40   40    1    1    1    1    1    1    1    1  3.34848E+14 0.00207 
   41   41    1    1    1    1    1    1    1    1  3.15029E+14 0.00160 
   42   42    1    1    1    1    1    1    1    1  5.17369E+14 0.00152 
   43   43    1    1    1    1    1    1    1    1  5.33870E+14 0.00148 
   44   44    1    1    1    1    1    1    1    1  6.59210E+14 0.00139 
   45   45    1    1    1    1    1    1    1    1  1.07822E+15 0.00121 
   46   46    1    1    1    1    1    1    1    1  6.05436E+14 0.00128 
   47   47    1    1    1    1    1    1    1    1  8.11779E+14 0.00121 
   48   48    1    1    1    1    1    1    1    1  1.12148E+15 0.00135 
   49   49    1    1    1    1    1    1    1    1  9.77111E+14 0.00122 
   50   50    1    1    1    1    1    1    1    1  1.46888E+15 0.00099 
   51   51    1    1    1    1    1    1    1    1  1.15290E+15 0.00100 
   52   52    1    1    1    1    1    1    1    1  1.26132E+15 0.00116 
   53   53    1    1    1    1    1    1    1    1  9.12489E+14 0.00107 
   54   54    1    1    1    1    1    1    1    1  1.09002E+15 0.00113 
   55   55    1    1    1    1    1    1    1    1  7.90730E+14 0.00133 
   56   56    1    1    1    1    1    1    1    1  1.10644E+14 0.00227 
   57   57    1    1    1    1    1    1    1    1  1.50971E+15 0.00156 
   58   58    1    1    1    1    1    1    1    1  6.48910E+14 0.00161 
   59   59    1    1    1    1    1    1    1    1  7.16006E+14 0.00159 
   60   60    1    1    1    1    1    1    1    1  5.70959E+14 0.00143 
   61   61    1    1    1    1    1    1    1    1  5.71661E+14 0.00133 
   62   62    1    1    1    1    1    1    1    1  5.59470E+14 0.00140 
   63   63    1    1    1    1    1    1    1    1  4.63555E+14 0.00172 
   64   64    1    1    1    1    1    1    1    1  3.61844E+14 0.00217 
   65   65    1    1    1    1    1    1    1    1  3.49976E+14 0.00211 
   66   66    1    1    1    1    1    1    1    1  2.95527E+14 0.00237 
   67   67    1    1    1    1    1    1    1    1  2.45354E+14 0.00147 
   68   68    1    1    1    1    1    1    1    1  2.14302E+14 0.00220 
   69   69    1    1    1    1    1    1    1    1  2.61996E+14 0.00184 
   70   70    1    1    1    1    1    1    1    1  2.25457E+14 0.00224 
   71   71    1    1    1    1    1    1    1    1  4.32215E+14 0.00206 
   72   72    1    1    1    1    1    1    1    1  3.21872E+14 0.00262 
   73   73    1    1    1    1    1    1    1    1  2.52885E+14 0.00205 
   74   74    1    1    1    1    1    1    1    1  2.03939E+14 0.00182 
   75   75    1    1    1    1    1    1    1    1  1.64042E+14 0.00219 
   76   76    1    1    1    1    1    1    1    1  1.84725E+14 0.00275 
   77   77    1    1    1    1    1    1    1    1  1.40972E+14 0.00277 
   78   78    1    1    1    1    1    1    1    1  1.06043E+14 0.00287 
   79   79    1    1    1    1    1    1    1    1  1.08813E+14 0.00341 
   80   80    1    1    1    1    1    1    1    1  8.18027E+13 0.00330 
   81   81    1    1    1    1    1    1    1    1  6.26237E+13 0.00281 
   82   82    1    1    1    1    1    1    1    1  4.85979E+13 0.00288 
   83   83    1    1    1    1    1    1    1    1  4.51990E+13 0.00395 
   84   84    1    1    1    1    1    1    1    1  3.25785E+13 0.00487 
   85   85    1    1    1    1    1    1    1    1  2.35134E+13 0.00432 
   86   86    1    1    1    1    1    1    1    1  2.19676E+13 0.00578 
   87   87    1    1    1    1    1    1    1    1  1.35405E+13 0.00539 
   88   88    1    1    1    1    1    1    1    1  9.33247E+12 0.00841 
   89   89    1    1    1    1    1    1    1    1  5.36803E+12 0.01322 
   90   90    1    1    1    1    1    1    1    1  3.63901E+12 0.01232 
   91   91    1    1    1    1    1    1    1    1  1.80997E+12 0.01904 
   92   92    1    1    1    1    1    1    1    1  8.54423E+11 0.03216 
   93   93    1    1    1    1    1    1    1    1  4.17841E+11 0.04303 
   94   94    1    1    1    1    1    1    1    1  2.08581E+11 0.07641 
   95   95    1    1    1    1    1    1    1    1  1.00420E+11 0.08030 
   96   96    1    1    1    1    1    1    1    1  5.18163E+10 0.12195 
   97   97    1    1    1    1    1    1    1    1  2.55860E+10 0.25898 
   98   98    1    1    1    1    1    1    1    1  1.28238E+10 0.19427 
   99   99    1    1    1    1    1    1    1    1  6.18657E+09 0.28382 
  100  100    1    1    1    1    1    1    1    1  3.85906E+09 0.29997 
];


