
DETdpaspec = [
    1    1    1    1    1    1    1    1    1    1  0.00000E+00 0.00000 
    2    2    1    1    1    1    1    1    1    1  0.00000E+00 0.00000 
    3    3    1    1    1    1    1    1    1    1  0.00000E+00 0.00000 
    4    4    1    1    1    1    1    1    1    1  0.00000E+00 0.00000 
    5    5    1    1    1    1    1    1    1    1  1.04679E+07 1.00000 
    6    6    1    1    1    1    1    1    1    1  0.00000E+00 0.00000 
    7    7    1    1    1    1    1    1    1    1  0.00000E+00 0.00000 
    8    8    1    1    1    1    1    1    1    1  3.36504E+07 0.68953 
    9    9    1    1    1    1    1    1    1    1  6.11031E+07 0.47842 
   10   10    1    1    1    1    1    1    1    1  2.12330E+08 0.49460 
   11   11    1    1    1    1    1    1    1    1  8.47956E+08 0.26524 
   12   12    1    1    1    1    1    1    1    1  1.97290E+08 0.38447 
   13   13    1    1    1    1    1    1    1    1  3.14387E+09 0.25164 
   14   14    1    1    1    1    1    1    1    1  7.83954E+09 0.20033 
   15   15    1    1    1    1    1    1    1    1  1.67372E+10 0.16584 
   16   16    1    1    1    1    1    1    1    1  3.24441E+09 0.20642 
   17   17    1    1    1    1    1    1    1    1  6.72678E+09 0.17595 
   18   18    1    1    1    1    1    1    1    1  1.81807E+10 0.10908 
   19   19    1    1    1    1    1    1    1    1  2.84808E+10 0.11179 
   20   20    1    1    1    1    1    1    1    1  9.63005E+10 0.05990 
   21   21    1    1    1    1    1    1    1    1  7.19049E+10 0.06962 
   22   22    1    1    1    1    1    1    1    1  1.98568E+11 0.04736 
   23   23    1    1    1    1    1    1    1    1  3.58547E+11 0.03130 
   24   24    1    1    1    1    1    1    1    1  7.27078E+11 0.02727 
   25   25    1    1    1    1    1    1    1    1  1.12515E+12 0.02307 
   26   26    1    1    1    1    1    1    1    1  2.32748E+12 0.00953 
   27   27    1    1    1    1    1    1    1    1  4.62329E+12 0.00941 
   28   28    1    1    1    1    1    1    1    1  9.23610E+12 0.00586 
   29   29    1    1    1    1    1    1    1    1  1.16803E+13 0.00598 
   30   30    1    1    1    1    1    1    1    1  2.65681E+13 0.00481 
   31   31    1    1    1    1    1    1    1    1  5.53226E+13 0.00236 
   32   32    1    1    1    1    1    1    1    1  7.38212E+13 0.00256 
   33   33    1    1    1    1    1    1    1    1  1.34326E+14 0.00224 
   34   34    1    1    1    1    1    1    1    1  1.40663E+14 0.00211 
   35   35    1    1    1    1    1    1    1    1  1.95309E+14 0.00199 
   36   36    1    1    1    1    1    1    1    1  1.67158E+14 0.00176 
   37   37    1    1    1    1    1    1    1    1  5.28370E+13 0.00225 
   38   38    1    1    1    1    1    1    1    1  2.32645E+14 0.00187 
   39   39    1    1    1    1    1    1    1    1  2.67025E+14 0.00222 
   40   40    1    1    1    1    1    1    1    1  4.32340E+14 0.00164 
   41   41    1    1    1    1    1    1    1    1  4.05263E+14 0.00202 
   42   42    1    1    1    1    1    1    1    1  6.73770E+14 0.00184 
   43   43    1    1    1    1    1    1    1    1  6.97720E+14 0.00198 
   44   44    1    1    1    1    1    1    1    1  8.66240E+14 0.00179 
   45   45    1    1    1    1    1    1    1    1  1.42743E+15 0.00186 
   46   46    1    1    1    1    1    1    1    1  8.05768E+14 0.00183 
   47   47    1    1    1    1    1    1    1    1  1.07988E+15 0.00203 
   48   48    1    1    1    1    1    1    1    1  1.49821E+15 0.00199 
   49   49    1    1    1    1    1    1    1    1  1.30588E+15 0.00171 
   50   50    1    1    1    1    1    1    1    1  1.97723E+15 0.00173 
   51   51    1    1    1    1    1    1    1    1  1.55099E+15 0.00198 
   52   52    1    1    1    1    1    1    1    1  1.70795E+15 0.00196 
   53   53    1    1    1    1    1    1    1    1  1.23812E+15 0.00180 
   54   54    1    1    1    1    1    1    1    1  1.48827E+15 0.00172 
   55   55    1    1    1    1    1    1    1    1  1.07864E+15 0.00203 
   56   56    1    1    1    1    1    1    1    1  1.50355E+14 0.00204 
   57   57    1    1    1    1    1    1    1    1  2.06284E+15 0.00215 
   58   58    1    1    1    1    1    1    1    1  8.93682E+14 0.00196 
   59   59    1    1    1    1    1    1    1    1  9.85862E+14 0.00207 
   60   60    1    1    1    1    1    1    1    1  7.91325E+14 0.00208 
   61   61    1    1    1    1    1    1    1    1  7.92458E+14 0.00204 
   62   62    1    1    1    1    1    1    1    1  7.77711E+14 0.00200 
   63   63    1    1    1    1    1    1    1    1  6.46645E+14 0.00228 
   64   64    1    1    1    1    1    1    1    1  5.04579E+14 0.00207 
   65   65    1    1    1    1    1    1    1    1  4.87875E+14 0.00251 
   66   66    1    1    1    1    1    1    1    1  4.13584E+14 0.00272 
   67   67    1    1    1    1    1    1    1    1  3.43120E+14 0.00193 
   68   68    1    1    1    1    1    1    1    1  2.99638E+14 0.00232 
   69   69    1    1    1    1    1    1    1    1  3.67510E+14 0.00233 
   70   70    1    1    1    1    1    1    1    1  3.16410E+14 0.00211 
   71   71    1    1    1    1    1    1    1    1  6.03778E+14 0.00207 
   72   72    1    1    1    1    1    1    1    1  4.48742E+14 0.00251 
   73   73    1    1    1    1    1    1    1    1  3.52343E+14 0.00364 
   74   74    1    1    1    1    1    1    1    1  2.84798E+14 0.00300 
   75   75    1    1    1    1    1    1    1    1  2.31152E+14 0.00291 
   76   76    1    1    1    1    1    1    1    1  2.61211E+14 0.00254 
   77   77    1    1    1    1    1    1    1    1  2.01152E+14 0.00260 
   78   78    1    1    1    1    1    1    1    1  1.52058E+14 0.00316 
   79   79    1    1    1    1    1    1    1    1  1.56366E+14 0.00361 
   80   80    1    1    1    1    1    1    1    1  1.17106E+14 0.00350 
   81   81    1    1    1    1    1    1    1    1  9.03357E+13 0.00303 
   82   82    1    1    1    1    1    1    1    1  7.02231E+13 0.00467 
   83   83    1    1    1    1    1    1    1    1  6.55099E+13 0.00442 
   84   84    1    1    1    1    1    1    1    1  4.71396E+13 0.00544 
   85   85    1    1    1    1    1    1    1    1  3.39862E+13 0.00594 
   86   86    1    1    1    1    1    1    1    1  3.17551E+13 0.00495 
   87   87    1    1    1    1    1    1    1    1  1.96120E+13 0.00806 
   88   88    1    1    1    1    1    1    1    1  1.34723E+13 0.00678 
   89   89    1    1    1    1    1    1    1    1  7.76934E+12 0.00789 
   90   90    1    1    1    1    1    1    1    1  5.13452E+12 0.01057 
   91   91    1    1    1    1    1    1    1    1  2.55638E+12 0.01225 
   92   92    1    1    1    1    1    1    1    1  1.25698E+12 0.02401 
   93   93    1    1    1    1    1    1    1    1  6.00910E+11 0.02579 
   94   94    1    1    1    1    1    1    1    1  3.01673E+11 0.04011 
   95   95    1    1    1    1    1    1    1    1  1.35308E+11 0.07185 
   96   96    1    1    1    1    1    1    1    1  7.33760E+10 0.10074 
   97   97    1    1    1    1    1    1    1    1  3.03621E+10 0.15808 
   98   98    1    1    1    1    1    1    1    1  1.47296E+10 0.21707 
   99   99    1    1    1    1    1    1    1    1  8.48010E+09 0.23862 
  100  100    1    1    1    1    1    1    1    1  5.48834E+09 0.36858 
];


