
DETdpaspec = [
    1    1    1    1    1    1    1    1    1    1  0.00000E+00 0.00000 
    2    2    1    1    1    1    1    1    1    1  0.00000E+00 0.00000 
    3    3    1    1    1    1    1    1    1    1  0.00000E+00 0.00000 
    4    4    1    1    1    1    1    1    1    1  0.00000E+00 0.00000 
    5    5    1    1    1    1    1    1    1    1  1.68406E+07 0.68859 
    6    6    1    1    1    1    1    1    1    1  7.60966E+06 1.00000 
    7    7    1    1    1    1    1    1    1    1  1.82241E+07 1.00000 
    8    8    1    1    1    1    1    1    1    1  4.73820E+07 0.54636 
    9    9    1    1    1    1    1    1    1    1  2.85239E+07 0.54640 
   10   10    1    1    1    1    1    1    1    1  3.39598E+08 0.76421 
   11   11    1    1    1    1    1    1    1    1  3.74690E+08 0.60627 
   12   12    1    1    1    1    1    1    1    1  2.96057E+08 0.26554 
   13   13    1    1    1    1    1    1    1    1  3.54886E+09 0.20884 
   14   14    1    1    1    1    1    1    1    1  1.01254E+10 0.26115 
   15   15    1    1    1    1    1    1    1    1  1.50967E+10 0.17484 
   16   16    1    1    1    1    1    1    1    1  4.60146E+09 0.20555 
   17   17    1    1    1    1    1    1    1    1  1.02767E+10 0.10346 
   18   18    1    1    1    1    1    1    1    1  2.67581E+10 0.10983 
   19   19    1    1    1    1    1    1    1    1  4.02592E+10 0.09338 
   20   20    1    1    1    1    1    1    1    1  1.10020E+11 0.06350 
   21   21    1    1    1    1    1    1    1    1  9.28875E+10 0.04688 
   22   22    1    1    1    1    1    1    1    1  2.43709E+11 0.02756 
   23   23    1    1    1    1    1    1    1    1  3.95615E+11 0.03237 
   24   24    1    1    1    1    1    1    1    1  7.31444E+11 0.02118 
   25   25    1    1    1    1    1    1    1    1  1.13092E+12 0.02465 
   26   26    1    1    1    1    1    1    1    1  2.13497E+12 0.01822 
   27   27    1    1    1    1    1    1    1    1  4.10374E+12 0.00999 
   28   28    1    1    1    1    1    1    1    1  7.88720E+12 0.00785 
   29   29    1    1    1    1    1    1    1    1  9.59884E+12 0.00599 
   30   30    1    1    1    1    1    1    1    1  2.22436E+13 0.00498 
   31   31    1    1    1    1    1    1    1    1  4.56768E+13 0.00321 
   32   32    1    1    1    1    1    1    1    1  6.00770E+13 0.00330 
   33   33    1    1    1    1    1    1    1    1  1.08464E+14 0.00264 
   34   34    1    1    1    1    1    1    1    1  1.10789E+14 0.00235 
   35   35    1    1    1    1    1    1    1    1  1.56798E+14 0.00228 
   36   36    1    1    1    1    1    1    1    1  1.34053E+14 0.00234 
   37   37    1    1    1    1    1    1    1    1  4.24618E+13 0.00240 
   38   38    1    1    1    1    1    1    1    1  1.84463E+14 0.00199 
   39   39    1    1    1    1    1    1    1    1  2.11127E+14 0.00167 
   40   40    1    1    1    1    1    1    1    1  3.38617E+14 0.00162 
   41   41    1    1    1    1    1    1    1    1  3.18056E+14 0.00149 
   42   42    1    1    1    1    1    1    1    1  5.22654E+14 0.00190 
   43   43    1    1    1    1    1    1    1    1  5.39011E+14 0.00210 
   44   44    1    1    1    1    1    1    1    1  6.67164E+14 0.00183 
   45   45    1    1    1    1    1    1    1    1  1.09066E+15 0.00177 
   46   46    1    1    1    1    1    1    1    1  6.12378E+14 0.00167 
   47   47    1    1    1    1    1    1    1    1  8.21765E+14 0.00163 
   48   48    1    1    1    1    1    1    1    1  1.13610E+15 0.00159 
   49   49    1    1    1    1    1    1    1    1  9.88394E+14 0.00172 
   50   50    1    1    1    1    1    1    1    1  1.48552E+15 0.00157 
   51   51    1    1    1    1    1    1    1    1  1.16615E+15 0.00181 
   52   52    1    1    1    1    1    1    1    1  1.27585E+15 0.00163 
   53   53    1    1    1    1    1    1    1    1  9.24645E+14 0.00160 
   54   54    1    1    1    1    1    1    1    1  1.10399E+15 0.00181 
   55   55    1    1    1    1    1    1    1    1  8.00169E+14 0.00138 
   56   56    1    1    1    1    1    1    1    1  1.11620E+14 0.00216 
   57   57    1    1    1    1    1    1    1    1  1.52911E+15 0.00161 
   58   58    1    1    1    1    1    1    1    1  6.56170E+14 0.00170 
   59   59    1    1    1    1    1    1    1    1  7.25518E+14 0.00175 
   60   60    1    1    1    1    1    1    1    1  5.77190E+14 0.00182 
   61   61    1    1    1    1    1    1    1    1  5.78061E+14 0.00208 
   62   62    1    1    1    1    1    1    1    1  5.65917E+14 0.00208 
   63   63    1    1    1    1    1    1    1    1  4.69161E+14 0.00194 
   64   64    1    1    1    1    1    1    1    1  3.65156E+14 0.00161 
   65   65    1    1    1    1    1    1    1    1  3.53401E+14 0.00215 
   66   66    1    1    1    1    1    1    1    1  2.99313E+14 0.00179 
   67   67    1    1    1    1    1    1    1    1  2.48510E+14 0.00199 
   68   68    1    1    1    1    1    1    1    1  2.17239E+14 0.00169 
   69   69    1    1    1    1    1    1    1    1  2.65045E+14 0.00211 
   70   70    1    1    1    1    1    1    1    1  2.28412E+14 0.00218 
   71   71    1    1    1    1    1    1    1    1  4.36692E+14 0.00211 
   72   72    1    1    1    1    1    1    1    1  3.24822E+14 0.00175 
   73   73    1    1    1    1    1    1    1    1  2.55259E+14 0.00252 
   74   74    1    1    1    1    1    1    1    1  2.05836E+14 0.00240 
   75   75    1    1    1    1    1    1    1    1  1.65502E+14 0.00269 
   76   76    1    1    1    1    1    1    1    1  1.87126E+14 0.00230 
   77   77    1    1    1    1    1    1    1    1  1.42869E+14 0.00261 
   78   78    1    1    1    1    1    1    1    1  1.07292E+14 0.00340 
   79   79    1    1    1    1    1    1    1    1  1.10734E+14 0.00263 
   80   80    1    1    1    1    1    1    1    1  8.23115E+13 0.00235 
   81   81    1    1    1    1    1    1    1    1  6.33791E+13 0.00426 
   82   82    1    1    1    1    1    1    1    1  4.89361E+13 0.00275 
   83   83    1    1    1    1    1    1    1    1  4.58885E+13 0.00272 
   84   84    1    1    1    1    1    1    1    1  3.29830E+13 0.00345 
   85   85    1    1    1    1    1    1    1    1  2.37330E+13 0.00659 
   86   86    1    1    1    1    1    1    1    1  2.23323E+13 0.00584 
   87   87    1    1    1    1    1    1    1    1  1.37572E+13 0.00721 
   88   88    1    1    1    1    1    1    1    1  9.45881E+12 0.00916 
   89   89    1    1    1    1    1    1    1    1  5.49782E+12 0.00913 
   90   90    1    1    1    1    1    1    1    1  3.67905E+12 0.01225 
   91   91    1    1    1    1    1    1    1    1  1.78416E+12 0.02046 
   92   92    1    1    1    1    1    1    1    1  8.96530E+11 0.02383 
   93   93    1    1    1    1    1    1    1    1  4.34971E+11 0.04829 
   94   94    1    1    1    1    1    1    1    1  2.07173E+11 0.04237 
   95   95    1    1    1    1    1    1    1    1  9.22302E+10 0.10755 
   96   96    1    1    1    1    1    1    1    1  5.31338E+10 0.13244 
   97   97    1    1    1    1    1    1    1    1  2.91260E+10 0.14809 
   98   98    1    1    1    1    1    1    1    1  8.35405E+09 0.26329 
   99   99    1    1    1    1    1    1    1    1  4.07656E+09 0.27531 
  100  100    1    1    1    1    1    1    1    1  2.66058E+09 0.37626 
];


