
DETdpaspec = [
    1    1    1    1    1    1    1    1    1    1  0.00000E+00 0.00000 
    2    2    1    1    1    1    1    1    1    1  0.00000E+00 0.00000 
    3    3    1    1    1    1    1    1    1    1  0.00000E+00 0.00000 
    4    4    1    1    1    1    1    1    1    1  3.55396E+07 1.00000 
    5    5    1    1    1    1    1    1    1    1  0.00000E+00 0.00000 
    6    6    1    1    1    1    1    1    1    1  0.00000E+00 0.00000 
    7    7    1    1    1    1    1    1    1    1  0.00000E+00 0.00000 
    8    8    1    1    1    1    1    1    1    1  0.00000E+00 0.00000 
    9    9    1    1    1    1    1    1    1    1  5.50644E+07 1.00000 
   10   10    1    1    1    1    1    1    1    1  0.00000E+00 0.00000 
   11   11    1    1    1    1    1    1    1    1  0.00000E+00 0.00000 
   12   12    1    1    1    1    1    1    1    1  4.08080E+08 0.67064 
   13   13    1    1    1    1    1    1    1    1  5.17707E+09 0.36162 
   14   14    1    1    1    1    1    1    1    1  1.16333E+10 0.32833 
   15   15    1    1    1    1    1    1    1    1  6.85668E+09 0.36490 
   16   16    1    1    1    1    1    1    1    1  3.28475E+09 0.30635 
   17   17    1    1    1    1    1    1    1    1  8.85028E+09 0.19150 
   18   18    1    1    1    1    1    1    1    1  2.17022E+10 0.14504 
   19   19    1    1    1    1    1    1    1    1  6.41740E+10 0.09429 
   20   20    1    1    1    1    1    1    1    1  3.32181E+11 0.03158 
   21   21    1    1    1    1    1    1    1    1  7.28216E+11 0.02305 
   22   22    1    1    1    1    1    1    1    1  2.86862E+12 0.01440 
   23   23    1    1    1    1    1    1    1    1  8.12896E+12 0.00701 
   24   24    1    1    1    1    1    1    1    1  1.57077E+13 0.00625 
   25   25    1    1    1    1    1    1    1    1  2.09618E+13 0.00619 
   26   26    1    1    1    1    1    1    1    1  3.44182E+13 0.00491 
   27   27    1    1    1    1    1    1    1    1  5.06164E+13 0.00382 
   28   28    1    1    1    1    1    1    1    1  8.13067E+13 0.00343 
   29   29    1    1    1    1    1    1    1    1  1.00963E+14 0.00299 
   30   30    1    1    1    1    1    1    1    1  1.52284E+14 0.00216 
   31   31    1    1    1    1    1    1    1    1  2.46248E+14 0.00219 
   32   32    1    1    1    1    1    1    1    1  2.85301E+14 0.00184 
   33   33    1    1    1    1    1    1    1    1  4.49294E+14 0.00149 
   34   34    1    1    1    1    1    1    1    1  4.72665E+14 0.00179 
   35   35    1    1    1    1    1    1    1    1  5.25220E+14 0.00139 
   36   36    1    1    1    1    1    1    1    1  4.07618E+14 0.00129 
   37   37    1    1    1    1    1    1    1    1  1.20148E+14 0.00148 
   38   38    1    1    1    1    1    1    1    1  5.46128E+14 0.00104 
   39   39    1    1    1    1    1    1    1    1  6.09103E+14 0.00135 
   40   40    1    1    1    1    1    1    1    1  9.92715E+14 0.00114 
   41   41    1    1    1    1    1    1    1    1  8.69714E+14 0.00094 
   42   42    1    1    1    1    1    1    1    1  1.45356E+15 0.00076 
   43   43    1    1    1    1    1    1    1    1  1.48023E+15 0.00070 
   44   44    1    1    1    1    1    1    1    1  1.81770E+15 0.00083 
   45   45    1    1    1    1    1    1    1    1  2.95287E+15 0.00050 
   46   46    1    1    1    1    1    1    1    1  1.65341E+15 0.00060 
   47   47    1    1    1    1    1    1    1    1  2.15362E+15 0.00056 
   48   48    1    1    1    1    1    1    1    1  2.97785E+15 0.00069 
   49   49    1    1    1    1    1    1    1    1  2.52412E+15 0.00069 
   50   50    1    1    1    1    1    1    1    1  3.88075E+15 0.00057 
   51   51    1    1    1    1    1    1    1    1  2.96374E+15 0.00067 
   52   52    1    1    1    1    1    1    1    1  3.31099E+15 0.00066 
   53   53    1    1    1    1    1    1    1    1  2.38123E+15 0.00056 
   54   54    1    1    1    1    1    1    1    1  2.91149E+15 0.00071 
   55   55    1    1    1    1    1    1    1    1  2.09995E+15 0.00070 
   56   56    1    1    1    1    1    1    1    1  2.90527E+14 0.00091 
   57   57    1    1    1    1    1    1    1    1  3.99456E+15 0.00067 
   58   58    1    1    1    1    1    1    1    1  1.77988E+15 0.00099 
   59   59    1    1    1    1    1    1    1    1  1.93221E+15 0.00096 
   60   60    1    1    1    1    1    1    1    1  1.59356E+15 0.00114 
   61   61    1    1    1    1    1    1    1    1  1.58939E+15 0.00084 
   62   62    1    1    1    1    1    1    1    1  1.56326E+15 0.00104 
   63   63    1    1    1    1    1    1    1    1  1.30649E+15 0.00093 
   64   64    1    1    1    1    1    1    1    1  1.02395E+15 0.00107 
   65   65    1    1    1    1    1    1    1    1  9.81191E+14 0.00085 
   66   66    1    1    1    1    1    1    1    1  8.38622E+14 0.00100 
   67   67    1    1    1    1    1    1    1    1  6.89065E+14 0.00105 
   68   68    1    1    1    1    1    1    1    1  5.98264E+14 0.00138 
   69   69    1    1    1    1    1    1    1    1  7.30490E+14 0.00151 
   70   70    1    1    1    1    1    1    1    1  6.26954E+14 0.00167 
   71   71    1    1    1    1    1    1    1    1  1.15959E+15 0.00113 
   72   72    1    1    1    1    1    1    1    1  8.48962E+14 0.00088 
   73   73    1    1    1    1    1    1    1    1  6.68085E+14 0.00145 
   74   74    1    1    1    1    1    1    1    1  5.51876E+14 0.00111 
   75   75    1    1    1    1    1    1    1    1  4.57269E+14 0.00181 
   76   76    1    1    1    1    1    1    1    1  5.28707E+14 0.00098 
   77   77    1    1    1    1    1    1    1    1  4.17633E+14 0.00165 
   78   78    1    1    1    1    1    1    1    1  3.19995E+14 0.00147 
   79   79    1    1    1    1    1    1    1    1  3.34254E+14 0.00172 
   80   80    1    1    1    1    1    1    1    1  2.51581E+14 0.00191 
   81   81    1    1    1    1    1    1    1    1  1.95604E+14 0.00190 
   82   82    1    1    1    1    1    1    1    1  1.51320E+14 0.00234 
   83   83    1    1    1    1    1    1    1    1  1.41334E+14 0.00158 
   84   84    1    1    1    1    1    1    1    1  1.01557E+14 0.00211 
   85   85    1    1    1    1    1    1    1    1  7.29170E+13 0.00289 
   86   86    1    1    1    1    1    1    1    1  6.80611E+13 0.00326 
   87   87    1    1    1    1    1    1    1    1  4.17391E+13 0.00422 
   88   88    1    1    1    1    1    1    1    1  2.78030E+13 0.00490 
   89   89    1    1    1    1    1    1    1    1  1.59294E+13 0.00644 
   90   90    1    1    1    1    1    1    1    1  1.04423E+13 0.00595 
   91   91    1    1    1    1    1    1    1    1  5.18786E+12 0.01008 
   92   92    1    1    1    1    1    1    1    1  2.56963E+12 0.01555 
   93   93    1    1    1    1    1    1    1    1  1.23105E+12 0.02605 
   94   94    1    1    1    1    1    1    1    1  5.61880E+11 0.03301 
   95   95    1    1    1    1    1    1    1    1  2.75910E+11 0.03893 
   96   96    1    1    1    1    1    1    1    1  1.43327E+11 0.06018 
   97   97    1    1    1    1    1    1    1    1  6.08558E+10 0.10278 
   98   98    1    1    1    1    1    1    1    1  2.51925E+10 0.13551 
   99   99    1    1    1    1    1    1    1    1  1.34831E+10 0.14016 
  100  100    1    1    1    1    1    1    1    1  7.66416E+09 0.27539 
];


