
DETdpaspec = [
    1    1    1    1    1    1    1    1    1    1  0.00000E+00 0.00000 
    2    2    1    1    1    1    1    1    1    1  0.00000E+00 0.00000 
    3    3    1    1    1    1    1    1    1    1  0.00000E+00 0.00000 
    4    4    1    1    1    1    1    1    1    1  0.00000E+00 0.00000 
    5    5    1    1    1    1    1    1    1    1  0.00000E+00 0.00000 
    6    6    1    1    1    1    1    1    1    1  9.53518E+06 1.00000 
    7    7    1    1    1    1    1    1    1    1  3.59035E+07 0.68825 
    8    8    1    1    1    1    1    1    1    1  0.00000E+00 0.00000 
    9    9    1    1    1    1    1    1    1    1  3.63787E+07 0.57182 
   10   10    1    1    1    1    1    1    1    1  2.30216E+08 0.61855 
   11   11    1    1    1    1    1    1    1    1  2.34095E+08 0.40149 
   12   12    1    1    1    1    1    1    1    1  1.64761E+08 0.45563 
   13   13    1    1    1    1    1    1    1    1  3.00947E+09 0.22431 
   14   14    1    1    1    1    1    1    1    1  6.24925E+09 0.29223 
   15   15    1    1    1    1    1    1    1    1  9.34292E+09 0.23622 
   16   16    1    1    1    1    1    1    1    1  3.61505E+09 0.27512 
   17   17    1    1    1    1    1    1    1    1  6.92896E+09 0.16185 
   18   18    1    1    1    1    1    1    1    1  1.47036E+10 0.12578 
   19   19    1    1    1    1    1    1    1    1  2.29095E+10 0.12842 
   20   20    1    1    1    1    1    1    1    1  6.26170E+10 0.07799 
   21   21    1    1    1    1    1    1    1    1  5.95426E+10 0.06338 
   22   22    1    1    1    1    1    1    1    1  1.80606E+11 0.05630 
   23   23    1    1    1    1    1    1    1    1  3.77596E+11 0.02923 
   24   24    1    1    1    1    1    1    1    1  8.44779E+11 0.02059 
   25   25    1    1    1    1    1    1    1    1  1.39339E+12 0.01851 
   26   26    1    1    1    1    1    1    1    1  3.07295E+12 0.01144 
   27   27    1    1    1    1    1    1    1    1  5.98085E+12 0.00741 
   28   28    1    1    1    1    1    1    1    1  1.26346E+13 0.00572 
   29   29    1    1    1    1    1    1    1    1  1.68454E+13 0.00399 
   30   30    1    1    1    1    1    1    1    1  3.55673E+13 0.00380 
   31   31    1    1    1    1    1    1    1    1  7.40257E+13 0.00223 
   32   32    1    1    1    1    1    1    1    1  9.81141E+13 0.00246 
   33   33    1    1    1    1    1    1    1    1  1.79786E+14 0.00193 
   34   34    1    1    1    1    1    1    1    1  1.92304E+14 0.00166 
   35   35    1    1    1    1    1    1    1    1  2.58405E+14 0.00146 
   36   36    1    1    1    1    1    1    1    1  2.19861E+14 0.00112 
   37   37    1    1    1    1    1    1    1    1  6.87798E+13 0.00122 
   38   38    1    1    1    1    1    1    1    1  3.07464E+14 0.00138 
   39   39    1    1    1    1    1    1    1    1  3.53099E+14 0.00161 
   40   40    1    1    1    1    1    1    1    1  5.78961E+14 0.00091 
   41   41    1    1    1    1    1    1    1    1  5.37652E+14 0.00100 
   42   42    1    1    1    1    1    1    1    1  9.02101E+14 0.00118 
   43   43    1    1    1    1    1    1    1    1  9.39106E+14 0.00141 
   44   44    1    1    1    1    1    1    1    1  1.17026E+15 0.00099 
   45   45    1    1    1    1    1    1    1    1  1.94382E+15 0.00087 
   46   46    1    1    1    1    1    1    1    1  1.10542E+15 0.00106 
   47   47    1    1    1    1    1    1    1    1  1.47453E+15 0.00098 
   48   48    1    1    1    1    1    1    1    1  2.05762E+15 0.00103 
   49   49    1    1    1    1    1    1    1    1  1.78643E+15 0.00097 
   50   50    1    1    1    1    1    1    1    1  2.73647E+15 0.00076 
   51   51    1    1    1    1    1    1    1    1  2.14191E+15 0.00099 
   52   52    1    1    1    1    1    1    1    1  2.38076E+15 0.00102 
   53   53    1    1    1    1    1    1    1    1  1.72654E+15 0.00097 
   54   54    1    1    1    1    1    1    1    1  2.09254E+15 0.00109 
   55   55    1    1    1    1    1    1    1    1  1.52115E+15 0.00092 
   56   56    1    1    1    1    1    1    1    1  2.11909E+14 0.00157 
   57   57    1    1    1    1    1    1    1    1  2.91335E+15 0.00096 
   58   58    1    1    1    1    1    1    1    1  1.27553E+15 0.00093 
   59   59    1    1    1    1    1    1    1    1  1.40540E+15 0.00085 
   60   60    1    1    1    1    1    1    1    1  1.13947E+15 0.00103 
   61   61    1    1    1    1    1    1    1    1  1.14272E+15 0.00118 
   62   62    1    1    1    1    1    1    1    1  1.12307E+15 0.00122 
   63   63    1    1    1    1    1    1    1    1  9.39666E+14 0.00141 
   64   64    1    1    1    1    1    1    1    1  7.34661E+14 0.00130 
   65   65    1    1    1    1    1    1    1    1  7.10872E+14 0.00124 
   66   66    1    1    1    1    1    1    1    1  6.06003E+14 0.00129 
   67   67    1    1    1    1    1    1    1    1  5.01846E+14 0.00158 
   68   68    1    1    1    1    1    1    1    1  4.38013E+14 0.00170 
   69   69    1    1    1    1    1    1    1    1  5.37094E+14 0.00151 
   70   70    1    1    1    1    1    1    1    1  4.63333E+14 0.00126 
   71   71    1    1    1    1    1    1    1    1  8.76870E+14 0.00123 
   72   72    1    1    1    1    1    1    1    1  6.50990E+14 0.00139 
   73   73    1    1    1    1    1    1    1    1  5.12343E+14 0.00157 
   74   74    1    1    1    1    1    1    1    1  4.17666E+14 0.00180 
   75   75    1    1    1    1    1    1    1    1  3.41679E+14 0.00188 
   76   76    1    1    1    1    1    1    1    1  3.89236E+14 0.00199 
   77   77    1    1    1    1    1    1    1    1  3.03104E+14 0.00159 
   78   78    1    1    1    1    1    1    1    1  2.29837E+14 0.00213 
   79   79    1    1    1    1    1    1    1    1  2.38529E+14 0.00166 
   80   80    1    1    1    1    1    1    1    1  1.78116E+14 0.00210 
   81   81    1    1    1    1    1    1    1    1  1.38523E+14 0.00213 
   82   82    1    1    1    1    1    1    1    1  1.06807E+14 0.00201 
   83   83    1    1    1    1    1    1    1    1  9.98686E+13 0.00248 
   84   84    1    1    1    1    1    1    1    1  7.18199E+13 0.00274 
   85   85    1    1    1    1    1    1    1    1  5.17694E+13 0.00278 
   86   86    1    1    1    1    1    1    1    1  4.84737E+13 0.00368 
   87   87    1    1    1    1    1    1    1    1  3.01199E+13 0.00472 
   88   88    1    1    1    1    1    1    1    1  2.03460E+13 0.00467 
   89   89    1    1    1    1    1    1    1    1  1.17379E+13 0.00521 
   90   90    1    1    1    1    1    1    1    1  7.89425E+12 0.00724 
   91   91    1    1    1    1    1    1    1    1  4.06120E+12 0.01390 
   92   92    1    1    1    1    1    1    1    1  1.92314E+12 0.02074 
   93   93    1    1    1    1    1    1    1    1  9.15723E+11 0.02802 
   94   94    1    1    1    1    1    1    1    1  4.64743E+11 0.04453 
   95   95    1    1    1    1    1    1    1    1  2.19972E+11 0.04821 
   96   96    1    1    1    1    1    1    1    1  1.06253E+11 0.06638 
   97   97    1    1    1    1    1    1    1    1  4.79713E+10 0.10906 
   98   98    1    1    1    1    1    1    1    1  2.42775E+10 0.11703 
   99   99    1    1    1    1    1    1    1    1  9.93608E+09 0.21855 
  100  100    1    1    1    1    1    1    1    1  3.82652E+09 0.28047 
];


