
DETdpaspec = [
    1    1    1    1    1    1    1    1    1    1  0.00000E+00 0.00000 
    2    2    1    1    1    1    1    1    1    1  0.00000E+00 0.00000 
    3    3    1    1    1    1    1    1    1    1  0.00000E+00 0.00000 
    4    4    1    1    1    1    1    1    1    1  0.00000E+00 0.00000 
    5    5    1    1    1    1    1    1    1    1  0.00000E+00 0.00000 
    6    6    1    1    1    1    1    1    1    1  0.00000E+00 0.00000 
    7    7    1    1    1    1    1    1    1    1  1.98520E+07 1.00000 
    8    8    1    1    1    1    1    1    1    1  1.71094E+07 1.00000 
    9    9    1    1    1    1    1    1    1    1  1.85147E+07 1.00000 
   10   10    1    1    1    1    1    1    1    1  9.20863E+07 0.68987 
   11   11    1    1    1    1    1    1    1    1  4.27512E+08 0.49429 
   12   12    1    1    1    1    1    1    1    1  1.49334E+08 0.64564 
   13   13    1    1    1    1    1    1    1    1  2.12603E+09 0.30261 
   14   14    1    1    1    1    1    1    1    1  3.76462E+09 0.42084 
   15   15    1    1    1    1    1    1    1    1  5.47493E+09 0.24346 
   16   16    1    1    1    1    1    1    1    1  3.79204E+09 0.20406 
   17   17    1    1    1    1    1    1    1    1  5.44237E+09 0.23401 
   18   18    1    1    1    1    1    1    1    1  1.40417E+10 0.16521 
   19   19    1    1    1    1    1    1    1    1  2.07257E+10 0.13601 
   20   20    1    1    1    1    1    1    1    1  4.73801E+10 0.14476 
   21   21    1    1    1    1    1    1    1    1  5.98743E+10 0.08916 
   22   22    1    1    1    1    1    1    1    1  1.64576E+11 0.05915 
   23   23    1    1    1    1    1    1    1    1  5.39149E+11 0.03146 
   24   24    1    1    1    1    1    1    1    1  1.33442E+12 0.01466 
   25   25    1    1    1    1    1    1    1    1  2.26386E+12 0.01414 
   26   26    1    1    1    1    1    1    1    1  4.70276E+12 0.00907 
   27   27    1    1    1    1    1    1    1    1  8.95176E+12 0.00732 
   28   28    1    1    1    1    1    1    1    1  1.84937E+13 0.00515 
   29   29    1    1    1    1    1    1    1    1  2.52808E+13 0.00381 
   30   30    1    1    1    1    1    1    1    1  4.86550E+13 0.00270 
   31   31    1    1    1    1    1    1    1    1  9.81449E+13 0.00299 
   32   32    1    1    1    1    1    1    1    1  1.27873E+14 0.00176 
   33   33    1    1    1    1    1    1    1    1  2.27702E+14 0.00150 
   34   34    1    1    1    1    1    1    1    1  2.47607E+14 0.00140 
   35   35    1    1    1    1    1    1    1    1  3.17730E+14 0.00103 
   36   36    1    1    1    1    1    1    1    1  2.66334E+14 0.00101 
   37   37    1    1    1    1    1    1    1    1  8.19428E+13 0.00115 
   38   38    1    1    1    1    1    1    1    1  3.70339E+14 0.00104 
   39   39    1    1    1    1    1    1    1    1  4.23795E+14 0.00114 
   40   40    1    1    1    1    1    1    1    1  6.98789E+14 0.00109 
   41   41    1    1    1    1    1    1    1    1  6.41264E+14 0.00095 
   42   42    1    1    1    1    1    1    1    1  1.08194E+15 0.00078 
   43   43    1    1    1    1    1    1    1    1  1.12388E+15 0.00071 
   44   44    1    1    1    1    1    1    1    1  1.40442E+15 0.00065 
   45   45    1    1    1    1    1    1    1    1  2.32934E+15 0.00080 
   46   46    1    1    1    1    1    1    1    1  1.32739E+15 0.00059 
   47   47    1    1    1    1    1    1    1    1  1.76318E+15 0.00084 
   48   48    1    1    1    1    1    1    1    1  2.46556E+15 0.00067 
   49   49    1    1    1    1    1    1    1    1  2.13249E+15 0.00072 
   50   50    1    1    1    1    1    1    1    1  3.28659E+15 0.00067 
   51   51    1    1    1    1    1    1    1    1  2.56326E+15 0.00060 
   52   52    1    1    1    1    1    1    1    1  2.86519E+15 0.00069 
   53   53    1    1    1    1    1    1    1    1  2.07974E+15 0.00052 
   54   54    1    1    1    1    1    1    1    1  2.53877E+15 0.00082 
   55   55    1    1    1    1    1    1    1    1  1.84400E+15 0.00080 
   56   56    1    1    1    1    1    1    1    1  2.56583E+14 0.00139 
   57   57    1    1    1    1    1    1    1    1  3.53166E+15 0.00068 
   58   58    1    1    1    1    1    1    1    1  1.56242E+15 0.00088 
   59   59    1    1    1    1    1    1    1    1  1.71610E+15 0.00093 
   60   60    1    1    1    1    1    1    1    1  1.40550E+15 0.00080 
   61   61    1    1    1    1    1    1    1    1  1.40702E+15 0.00066 
   62   62    1    1    1    1    1    1    1    1  1.38827E+15 0.00080 
   63   63    1    1    1    1    1    1    1    1  1.16139E+15 0.00097 
   64   64    1    1    1    1    1    1    1    1  9.12443E+14 0.00095 
   65   65    1    1    1    1    1    1    1    1  8.80918E+14 0.00119 
   66   66    1    1    1    1    1    1    1    1  7.52269E+14 0.00129 
   67   67    1    1    1    1    1    1    1    1  6.21718E+14 0.00103 
   68   68    1    1    1    1    1    1    1    1  5.41344E+14 0.00092 
   69   69    1    1    1    1    1    1    1    1  6.65254E+14 0.00090 
   70   70    1    1    1    1    1    1    1    1  5.74756E+14 0.00145 
   71   71    1    1    1    1    1    1    1    1  1.07912E+15 0.00122 
   72   72    1    1    1    1    1    1    1    1  8.00506E+14 0.00080 
   73   73    1    1    1    1    1    1    1    1  6.30625E+14 0.00123 
   74   74    1    1    1    1    1    1    1    1  5.17504E+14 0.00144 
   75   75    1    1    1    1    1    1    1    1  4.25738E+14 0.00129 
   76   76    1    1    1    1    1    1    1    1  4.88065E+14 0.00116 
   77   77    1    1    1    1    1    1    1    1  3.82480E+14 0.00160 
   78   78    1    1    1    1    1    1    1    1  2.91779E+14 0.00163 
   79   79    1    1    1    1    1    1    1    1  3.03599E+14 0.00127 
   80   80    1    1    1    1    1    1    1    1  2.28835E+14 0.00200 
   81   81    1    1    1    1    1    1    1    1  1.77635E+14 0.00202 
   82   82    1    1    1    1    1    1    1    1  1.37148E+14 0.00244 
   83   83    1    1    1    1    1    1    1    1  1.28572E+14 0.00228 
   84   84    1    1    1    1    1    1    1    1  9.25146E+13 0.00229 
   85   85    1    1    1    1    1    1    1    1  6.68095E+13 0.00224 
   86   86    1    1    1    1    1    1    1    1  6.22106E+13 0.00309 
   87   87    1    1    1    1    1    1    1    1  3.85063E+13 0.00414 
   88   88    1    1    1    1    1    1    1    1  2.61784E+13 0.00340 
   89   89    1    1    1    1    1    1    1    1  1.48971E+13 0.00619 
   90   90    1    1    1    1    1    1    1    1  1.00067E+13 0.00757 
   91   91    1    1    1    1    1    1    1    1  5.10044E+12 0.01157 
   92   92    1    1    1    1    1    1    1    1  2.51311E+12 0.01194 
   93   93    1    1    1    1    1    1    1    1  1.14062E+12 0.02076 
   94   94    1    1    1    1    1    1    1    1  5.27854E+11 0.03146 
   95   95    1    1    1    1    1    1    1    1  2.60860E+11 0.06435 
   96   96    1    1    1    1    1    1    1    1  1.13921E+11 0.06902 
   97   97    1    1    1    1    1    1    1    1  5.88769E+10 0.09243 
   98   98    1    1    1    1    1    1    1    1  2.86501E+10 0.18285 
   99   99    1    1    1    1    1    1    1    1  1.25157E+10 0.19246 
  100  100    1    1    1    1    1    1    1    1  1.01978E+10 0.22005 
];


