
DETdpaspec = [
    1    1    1    1    1    1    1    1    1    1  0.00000E+00 0.00000 
    2    2    1    1    1    1    1    1    1    1  0.00000E+00 0.00000 
    3    3    1    1    1    1    1    1    1    1  0.00000E+00 0.00000 
    4    4    1    1    1    1    1    1    1    1  1.19166E+07 1.00000 
    5    5    1    1    1    1    1    1    1    1  0.00000E+00 0.00000 
    6    6    1    1    1    1    1    1    1    1  0.00000E+00 0.00000 
    7    7    1    1    1    1    1    1    1    1  3.46725E+07 0.68829 
    8    8    1    1    1    1    1    1    1    1  1.53577E+07 1.00000 
    9    9    1    1    1    1    1    1    1    1  5.67556E+07 0.62072 
   10   10    1    1    1    1    1    1    1    1  6.13056E+07 0.69596 
   11   11    1    1    1    1    1    1    1    1  3.04471E+08 0.56167 
   12   12    1    1    1    1    1    1    1    1  2.44145E+08 0.30426 
   13   13    1    1    1    1    1    1    1    1  3.69526E+09 0.32292 
   14   14    1    1    1    1    1    1    1    1  7.99193E+09 0.23626 
   15   15    1    1    1    1    1    1    1    1  8.04988E+09 0.25352 
   16   16    1    1    1    1    1    1    1    1  3.73598E+09 0.25443 
   17   17    1    1    1    1    1    1    1    1  6.85165E+09 0.18187 
   18   18    1    1    1    1    1    1    1    1  1.85543E+10 0.14287 
   19   19    1    1    1    1    1    1    1    1  2.44607E+10 0.09475 
   20   20    1    1    1    1    1    1    1    1  5.38345E+10 0.08254 
   21   21    1    1    1    1    1    1    1    1  6.14826E+10 0.06621 
   22   22    1    1    1    1    1    1    1    1  1.58374E+11 0.06181 
   23   23    1    1    1    1    1    1    1    1  3.54073E+11 0.03424 
   24   24    1    1    1    1    1    1    1    1  8.03344E+11 0.01606 
   25   25    1    1    1    1    1    1    1    1  1.40406E+12 0.02320 
   26   26    1    1    1    1    1    1    1    1  2.91684E+12 0.01346 
   27   27    1    1    1    1    1    1    1    1  5.75080E+12 0.01119 
   28   28    1    1    1    1    1    1    1    1  1.21982E+13 0.00576 
   29   29    1    1    1    1    1    1    1    1  1.62089E+13 0.00508 
   30   30    1    1    1    1    1    1    1    1  3.48890E+13 0.00423 
   31   31    1    1    1    1    1    1    1    1  7.22414E+13 0.00376 
   32   32    1    1    1    1    1    1    1    1  9.54165E+13 0.00309 
   33   33    1    1    1    1    1    1    1    1  1.74285E+14 0.00224 
   34   34    1    1    1    1    1    1    1    1  1.86509E+14 0.00182 
   35   35    1    1    1    1    1    1    1    1  2.52337E+14 0.00157 
   36   36    1    1    1    1    1    1    1    1  2.14781E+14 0.00145 
   37   37    1    1    1    1    1    1    1    1  6.72411E+13 0.00138 
   38   38    1    1    1    1    1    1    1    1  2.99914E+14 0.00149 
   39   39    1    1    1    1    1    1    1    1  3.44858E+14 0.00101 
   40   40    1    1    1    1    1    1    1    1  5.64379E+14 0.00123 
   41   41    1    1    1    1    1    1    1    1  5.25280E+14 0.00122 
   42   42    1    1    1    1    1    1    1    1  8.79875E+14 0.00095 
   43   43    1    1    1    1    1    1    1    1  9.14782E+14 0.00133 
   44   44    1    1    1    1    1    1    1    1  1.14226E+15 0.00078 
   45   45    1    1    1    1    1    1    1    1  1.89345E+15 0.00093 
   46   46    1    1    1    1    1    1    1    1  1.07618E+15 0.00073 
   47   47    1    1    1    1    1    1    1    1  1.43653E+15 0.00084 
   48   48    1    1    1    1    1    1    1    1  2.00784E+15 0.00085 
   49   49    1    1    1    1    1    1    1    1  1.74399E+15 0.00100 
   50   50    1    1    1    1    1    1    1    1  2.66673E+15 0.00089 
   51   51    1    1    1    1    1    1    1    1  2.08583E+15 0.00104 
   52   52    1    1    1    1    1    1    1    1  2.31815E+15 0.00093 
   53   53    1    1    1    1    1    1    1    1  1.68132E+15 0.00101 
   54   54    1    1    1    1    1    1    1    1  2.03601E+15 0.00094 
   55   55    1    1    1    1    1    1    1    1  1.47777E+15 0.00089 
   56   56    1    1    1    1    1    1    1    1  2.05992E+14 0.00113 
   57   57    1    1    1    1    1    1    1    1  2.82999E+15 0.00086 
   58   58    1    1    1    1    1    1    1    1  1.23841E+15 0.00096 
   59   59    1    1    1    1    1    1    1    1  1.36578E+15 0.00091 
   60   60    1    1    1    1    1    1    1    1  1.10762E+15 0.00099 
   61   61    1    1    1    1    1    1    1    1  1.10915E+15 0.00092 
   62   62    1    1    1    1    1    1    1    1  1.09125E+15 0.00109 
   63   63    1    1    1    1    1    1    1    1  9.09976E+14 0.00092 
   64   64    1    1    1    1    1    1    1    1  7.12865E+14 0.00118 
   65   65    1    1    1    1    1    1    1    1  6.90080E+14 0.00123 
   66   66    1    1    1    1    1    1    1    1  5.86133E+14 0.00124 
   67   67    1    1    1    1    1    1    1    1  4.86176E+14 0.00142 
   68   68    1    1    1    1    1    1    1    1  4.24008E+14 0.00142 
   69   69    1    1    1    1    1    1    1    1  5.19693E+14 0.00161 
   70   70    1    1    1    1    1    1    1    1  4.48384E+14 0.00135 
   71   71    1    1    1    1    1    1    1    1  8.49176E+14 0.00119 
   72   72    1    1    1    1    1    1    1    1  6.31137E+14 0.00135 
   73   73    1    1    1    1    1    1    1    1  4.96700E+14 0.00157 
   74   74    1    1    1    1    1    1    1    1  4.04247E+14 0.00174 
   75   75    1    1    1    1    1    1    1    1  3.30550E+14 0.00136 
   76   76    1    1    1    1    1    1    1    1  3.76157E+14 0.00123 
   77   77    1    1    1    1    1    1    1    1  2.92598E+14 0.00162 
   78   78    1    1    1    1    1    1    1    1  2.22104E+14 0.00227 
   79   79    1    1    1    1    1    1    1    1  2.29413E+14 0.00195 
   80   80    1    1    1    1    1    1    1    1  1.71889E+14 0.00232 
   81   81    1    1    1    1    1    1    1    1  1.33705E+14 0.00211 
   82   82    1    1    1    1    1    1    1    1  1.03138E+14 0.00205 
   83   83    1    1    1    1    1    1    1    1  9.65465E+13 0.00279 
   84   84    1    1    1    1    1    1    1    1  6.91719E+13 0.00260 
   85   85    1    1    1    1    1    1    1    1  4.99758E+13 0.00271 
   86   86    1    1    1    1    1    1    1    1  4.71228E+13 0.00309 
   87   87    1    1    1    1    1    1    1    1  2.91513E+13 0.00612 
   88   88    1    1    1    1    1    1    1    1  1.97104E+13 0.00704 
   89   89    1    1    1    1    1    1    1    1  1.13112E+13 0.00584 
   90   90    1    1    1    1    1    1    1    1  7.51630E+12 0.00765 
   91   91    1    1    1    1    1    1    1    1  3.84704E+12 0.01310 
   92   92    1    1    1    1    1    1    1    1  1.85983E+12 0.01459 
   93   93    1    1    1    1    1    1    1    1  9.49819E+11 0.03436 
   94   94    1    1    1    1    1    1    1    1  4.29963E+11 0.03212 
   95   95    1    1    1    1    1    1    1    1  2.02089E+11 0.03861 
   96   96    1    1    1    1    1    1    1    1  9.82772E+10 0.08044 
   97   97    1    1    1    1    1    1    1    1  4.72615E+10 0.14106 
   98   98    1    1    1    1    1    1    1    1  1.70308E+10 0.15868 
   99   99    1    1    1    1    1    1    1    1  1.02071E+10 0.20252 
  100  100    1    1    1    1    1    1    1    1  1.02735E+10 0.28277 
];


