
DETdpaspec = [
    1    1    1    1    1    1    1    1    1    1  0.00000E+00 0.00000 
    2    2    1    1    1    1    1    1    1    1  0.00000E+00 0.00000 
    3    3    1    1    1    1    1    1    1    1  0.00000E+00 0.00000 
    4    4    1    1    1    1    1    1    1    1  0.00000E+00 0.00000 
    5    5    1    1    1    1    1    1    1    1  0.00000E+00 0.00000 
    6    6    1    1    1    1    1    1    1    1  0.00000E+00 0.00000 
    7    7    1    1    1    1    1    1    1    1  1.31686E+07 1.00000 
    8    8    1    1    1    1    1    1    1    1  0.00000E+00 0.00000 
    9    9    1    1    1    1    1    1    1    1  6.72574E+06 1.00000 
   10   10    1    1    1    1    1    1    1    1  2.18723E+08 0.81210 
   11   11    1    1    1    1    1    1    1    1  2.25957E+08 0.55521 
   12   12    1    1    1    1    1    1    1    1  1.45482E+08 0.50298 
   13   13    1    1    1    1    1    1    1    1  2.22690E+09 0.35339 
   14   14    1    1    1    1    1    1    1    1  4.30673E+09 0.23204 
   15   15    1    1    1    1    1    1    1    1  4.79647E+09 0.26404 
   16   16    1    1    1    1    1    1    1    1  2.35551E+09 0.22472 
   17   17    1    1    1    1    1    1    1    1  6.94950E+09 0.13455 
   18   18    1    1    1    1    1    1    1    1  1.76174E+10 0.12498 
   19   19    1    1    1    1    1    1    1    1  2.31089E+10 0.08621 
   20   20    1    1    1    1    1    1    1    1  5.45593E+10 0.08174 
   21   21    1    1    1    1    1    1    1    1  5.60678E+10 0.08881 
   22   22    1    1    1    1    1    1    1    1  1.73037E+11 0.03897 
   23   23    1    1    1    1    1    1    1    1  3.97524E+11 0.03422 
   24   24    1    1    1    1    1    1    1    1  9.02920E+11 0.02195 
   25   25    1    1    1    1    1    1    1    1  1.59792E+12 0.01330 
   26   26    1    1    1    1    1    1    1    1  3.28903E+12 0.00891 
   27   27    1    1    1    1    1    1    1    1  6.55069E+12 0.00574 
   28   28    1    1    1    1    1    1    1    1  1.39311E+13 0.00394 
   29   29    1    1    1    1    1    1    1    1  1.87013E+13 0.00411 
   30   30    1    1    1    1    1    1    1    1  3.87577E+13 0.00376 
   31   31    1    1    1    1    1    1    1    1  7.98954E+13 0.00307 
   32   32    1    1    1    1    1    1    1    1  1.05588E+14 0.00190 
   33   33    1    1    1    1    1    1    1    1  1.91268E+14 0.00145 
   34   34    1    1    1    1    1    1    1    1  2.06146E+14 0.00159 
   35   35    1    1    1    1    1    1    1    1  2.73808E+14 0.00168 
   36   36    1    1    1    1    1    1    1    1  2.32067E+14 0.00113 
   37   37    1    1    1    1    1    1    1    1  7.24664E+13 0.00130 
   38   38    1    1    1    1    1    1    1    1  3.24707E+14 0.00117 
   39   39    1    1    1    1    1    1    1    1  3.73277E+14 0.00148 
   40   40    1    1    1    1    1    1    1    1  6.13018E+14 0.00093 
   41   41    1    1    1    1    1    1    1    1  5.66555E+14 0.00119 
   42   42    1    1    1    1    1    1    1    1  9.51807E+14 0.00111 
   43   43    1    1    1    1    1    1    1    1  9.90514E+14 0.00123 
   44   44    1    1    1    1    1    1    1    1  1.23767E+15 0.00135 
   45   45    1    1    1    1    1    1    1    1  2.05519E+15 0.00079 
   46   46    1    1    1    1    1    1    1    1  1.16921E+15 0.00087 
   47   47    1    1    1    1    1    1    1    1  1.55823E+15 0.00069 
   48   48    1    1    1    1    1    1    1    1  2.18124E+15 0.00080 
   49   49    1    1    1    1    1    1    1    1  1.89257E+15 0.00086 
   50   50    1    1    1    1    1    1    1    1  2.90112E+15 0.00091 
   51   51    1    1    1    1    1    1    1    1  2.26836E+15 0.00084 
   52   52    1    1    1    1    1    1    1    1  2.52515E+15 0.00082 
   53   53    1    1    1    1    1    1    1    1  1.83225E+15 0.00101 
   54   54    1    1    1    1    1    1    1    1  2.22595E+15 0.00070 
   55   55    1    1    1    1    1    1    1    1  1.61589E+15 0.00121 
   56   56    1    1    1    1    1    1    1    1  2.25349E+14 0.00131 
   57   57    1    1    1    1    1    1    1    1  3.09846E+15 0.00089 
   58   58    1    1    1    1    1    1    1    1  1.36038E+15 0.00082 
   59   59    1    1    1    1    1    1    1    1  1.49720E+15 0.00100 
   60   60    1    1    1    1    1    1    1    1  1.21801E+15 0.00115 
   61   61    1    1    1    1    1    1    1    1  1.22016E+15 0.00097 
   62   62    1    1    1    1    1    1    1    1  1.20121E+15 0.00107 
   63   63    1    1    1    1    1    1    1    1  1.00507E+15 0.00123 
   64   64    1    1    1    1    1    1    1    1  7.86860E+14 0.00116 
   65   65    1    1    1    1    1    1    1    1  7.60607E+14 0.00090 
   66   66    1    1    1    1    1    1    1    1  6.49167E+14 0.00136 
   67   67    1    1    1    1    1    1    1    1  5.36783E+14 0.00160 
   68   68    1    1    1    1    1    1    1    1  4.68887E+14 0.00139 
   69   69    1    1    1    1    1    1    1    1  5.75263E+14 0.00130 
   70   70    1    1    1    1    1    1    1    1  4.95738E+14 0.00123 
   71   71    1    1    1    1    1    1    1    1  9.38165E+14 0.00097 
   72   72    1    1    1    1    1    1    1    1  6.96308E+14 0.00128 
   73   73    1    1    1    1    1    1    1    1  5.47876E+14 0.00175 
   74   74    1    1    1    1    1    1    1    1  4.48984E+14 0.00132 
   75   75    1    1    1    1    1    1    1    1  3.66530E+14 0.00171 
   76   76    1    1    1    1    1    1    1    1  4.19195E+14 0.00162 
   77   77    1    1    1    1    1    1    1    1  3.25960E+14 0.00133 
   78   78    1    1    1    1    1    1    1    1  2.47848E+14 0.00131 
   79   79    1    1    1    1    1    1    1    1  2.56848E+14 0.00179 
   80   80    1    1    1    1    1    1    1    1  1.93088E+14 0.00156 
   81   81    1    1    1    1    1    1    1    1  1.49385E+14 0.00236 
   82   82    1    1    1    1    1    1    1    1  1.16047E+14 0.00292 
   83   83    1    1    1    1    1    1    1    1  1.08510E+14 0.00304 
   84   84    1    1    1    1    1    1    1    1  7.77474E+13 0.00337 
   85   85    1    1    1    1    1    1    1    1  5.63808E+13 0.00393 
   86   86    1    1    1    1    1    1    1    1  5.27861E+13 0.00400 
   87   87    1    1    1    1    1    1    1    1  3.26351E+13 0.00348 
   88   88    1    1    1    1    1    1    1    1  2.19608E+13 0.00417 
   89   89    1    1    1    1    1    1    1    1  1.25393E+13 0.00635 
   90   90    1    1    1    1    1    1    1    1  8.46869E+12 0.00799 
   91   91    1    1    1    1    1    1    1    1  4.25469E+12 0.01123 
   92   92    1    1    1    1    1    1    1    1  2.06017E+12 0.01663 
   93   93    1    1    1    1    1    1    1    1  9.98783E+11 0.02306 
   94   94    1    1    1    1    1    1    1    1  4.55959E+11 0.03140 
   95   95    1    1    1    1    1    1    1    1  2.18181E+11 0.05776 
   96   96    1    1    1    1    1    1    1    1  1.23409E+11 0.06993 
   97   97    1    1    1    1    1    1    1    1  4.67029E+10 0.13918 
   98   98    1    1    1    1    1    1    1    1  2.57534E+10 0.18053 
   99   99    1    1    1    1    1    1    1    1  8.85566E+09 0.25173 
  100  100    1    1    1    1    1    1    1    1  9.14818E+09 0.29987 
];


