
DETdpaspec = [
    1    1    1    1    1    1    1    1    1    1  0.00000E+00 0.00000 
    2    2    1    1    1    1    1    1    1    1  0.00000E+00 0.00000 
    3    3    1    1    1    1    1    1    1    1  0.00000E+00 0.00000 
    4    4    1    1    1    1    1    1    1    1  0.00000E+00 0.00000 
    5    5    1    1    1    1    1    1    1    1  2.11683E+07 0.68854 
    6    6    1    1    1    1    1    1    1    1  0.00000E+00 0.00000 
    7    7    1    1    1    1    1    1    1    1  0.00000E+00 0.00000 
    8    8    1    1    1    1    1    1    1    1  3.26304E+07 0.54664 
    9    9    1    1    1    1    1    1    1    1  1.94489E+07 1.00000 
   10   10    1    1    1    1    1    1    1    1  1.92077E+08 0.57022 
   11   11    1    1    1    1    1    1    1    1  4.47853E+08 0.68937 
   12   12    1    1    1    1    1    1    1    1  1.50025E+08 0.35934 
   13   13    1    1    1    1    1    1    1    1  5.00764E+09 0.26251 
   14   14    1    1    1    1    1    1    1    1  1.00949E+10 0.16895 
   15   15    1    1    1    1    1    1    1    1  8.16001E+09 0.20499 
   16   16    1    1    1    1    1    1    1    1  4.05209E+09 0.18492 
   17   17    1    1    1    1    1    1    1    1  6.30493E+09 0.18692 
   18   18    1    1    1    1    1    1    1    1  1.74665E+10 0.10341 
   19   19    1    1    1    1    1    1    1    1  2.73488E+10 0.09586 
   20   20    1    1    1    1    1    1    1    1  6.66863E+10 0.04830 
   21   21    1    1    1    1    1    1    1    1  6.47507E+10 0.06741 
   22   22    1    1    1    1    1    1    1    1  1.84103E+11 0.03793 
   23   23    1    1    1    1    1    1    1    1  3.53457E+11 0.03352 
   24   24    1    1    1    1    1    1    1    1  7.60631E+11 0.02494 
   25   25    1    1    1    1    1    1    1    1  1.26455E+12 0.01897 
   26   26    1    1    1    1    1    1    1    1  2.69780E+12 0.01243 
   27   27    1    1    1    1    1    1    1    1  5.31027E+12 0.00729 
   28   28    1    1    1    1    1    1    1    1  1.11037E+13 0.00612 
   29   29    1    1    1    1    1    1    1    1  1.43912E+13 0.00468 
   30   30    1    1    1    1    1    1    1    1  3.17460E+13 0.00385 
   31   31    1    1    1    1    1    1    1    1  6.60599E+13 0.00274 
   32   32    1    1    1    1    1    1    1    1  8.77077E+13 0.00274 
   33   33    1    1    1    1    1    1    1    1  1.60367E+14 0.00166 
   34   34    1    1    1    1    1    1    1    1  1.70000E+14 0.00223 
   35   35    1    1    1    1    1    1    1    1  2.32450E+14 0.00148 
   36   36    1    1    1    1    1    1    1    1  1.98587E+14 0.00152 
   37   37    1    1    1    1    1    1    1    1  6.23714E+13 0.00160 
   38   38    1    1    1    1    1    1    1    1  2.77421E+14 0.00157 
   39   39    1    1    1    1    1    1    1    1  3.18834E+14 0.00155 
   40   40    1    1    1    1    1    1    1    1  5.20082E+14 0.00142 
   41   41    1    1    1    1    1    1    1    1  4.84675E+14 0.00127 
   42   42    1    1    1    1    1    1    1    1  8.11485E+14 0.00106 
   43   43    1    1    1    1    1    1    1    1  8.43402E+14 0.00113 
   44   44    1    1    1    1    1    1    1    1  1.05024E+15 0.00101 
   45   45    1    1    1    1    1    1    1    1  1.73827E+15 0.00089 
   46   46    1    1    1    1    1    1    1    1  9.86198E+14 0.00106 
   47   47    1    1    1    1    1    1    1    1  1.31788E+15 0.00102 
   48   48    1    1    1    1    1    1    1    1  1.83664E+15 0.00091 
   49   49    1    1    1    1    1    1    1    1  1.59642E+15 0.00104 
   50   50    1    1    1    1    1    1    1    1  2.43331E+15 0.00079 
   51   51    1    1    1    1    1    1    1    1  1.90765E+15 0.00077 
   52   52    1    1    1    1    1    1    1    1  2.11192E+15 0.00088 
   53   53    1    1    1    1    1    1    1    1  1.53109E+15 0.00091 
   54   54    1    1    1    1    1    1    1    1  1.84919E+15 0.00091 
   55   55    1    1    1    1    1    1    1    1  1.34283E+15 0.00126 
   56   56    1    1    1    1    1    1    1    1  1.87247E+14 0.00125 
   57   57    1    1    1    1    1    1    1    1  2.57197E+15 0.00095 
   58   58    1    1    1    1    1    1    1    1  1.12047E+15 0.00104 
   59   59    1    1    1    1    1    1    1    1  1.23757E+15 0.00089 
   60   60    1    1    1    1    1    1    1    1  9.98846E+14 0.00107 
   61   61    1    1    1    1    1    1    1    1  1.00096E+15 0.00133 
   62   62    1    1    1    1    1    1    1    1  9.83933E+14 0.00115 
   63   63    1    1    1    1    1    1    1    1  8.18779E+14 0.00133 
   64   64    1    1    1    1    1    1    1    1  6.39461E+14 0.00158 
   65   65    1    1    1    1    1    1    1    1  6.18850E+14 0.00122 
   66   66    1    1    1    1    1    1    1    1  5.26994E+14 0.00142 
   67   67    1    1    1    1    1    1    1    1  4.37445E+14 0.00134 
   68   68    1    1    1    1    1    1    1    1  3.81280E+14 0.00181 
   69   69    1    1    1    1    1    1    1    1  4.67544E+14 0.00161 
   70   70    1    1    1    1    1    1    1    1  4.02672E+14 0.00114 
   71   71    1    1    1    1    1    1    1    1  7.65395E+14 0.00095 
   72   72    1    1    1    1    1    1    1    1  5.68921E+14 0.00114 
   73   73    1    1    1    1    1    1    1    1  4.47646E+14 0.00125 
   74   74    1    1    1    1    1    1    1    1  3.63377E+14 0.00200 
   75   75    1    1    1    1    1    1    1    1  2.95687E+14 0.00165 
   76   76    1    1    1    1    1    1    1    1  3.36225E+14 0.00174 
   77   77    1    1    1    1    1    1    1    1  2.60073E+14 0.00172 
   78   78    1    1    1    1    1    1    1    1  1.96654E+14 0.00195 
   79   79    1    1    1    1    1    1    1    1  2.03367E+14 0.00184 
   80   80    1    1    1    1    1    1    1    1  1.53150E+14 0.00214 
   81   81    1    1    1    1    1    1    1    1  1.18311E+14 0.00216 
   82   82    1    1    1    1    1    1    1    1  9.14463E+13 0.00230 
   83   83    1    1    1    1    1    1    1    1  8.53906E+13 0.00299 
   84   84    1    1    1    1    1    1    1    1  6.16627E+13 0.00213 
   85   85    1    1    1    1    1    1    1    1  4.43354E+13 0.00370 
   86   86    1    1    1    1    1    1    1    1  4.15741E+13 0.00352 
   87   87    1    1    1    1    1    1    1    1  2.57692E+13 0.00396 
   88   88    1    1    1    1    1    1    1    1  1.74199E+13 0.00611 
   89   89    1    1    1    1    1    1    1    1  1.00130E+13 0.00776 
   90   90    1    1    1    1    1    1    1    1  6.63169E+12 0.00936 
   91   91    1    1    1    1    1    1    1    1  3.45047E+12 0.01401 
   92   92    1    1    1    1    1    1    1    1  1.69366E+12 0.01423 
   93   93    1    1    1    1    1    1    1    1  7.65907E+11 0.02318 
   94   94    1    1    1    1    1    1    1    1  4.03947E+11 0.02969 
   95   95    1    1    1    1    1    1    1    1  1.86481E+11 0.04789 
   96   96    1    1    1    1    1    1    1    1  8.95770E+10 0.09940 
   97   97    1    1    1    1    1    1    1    1  4.75941E+10 0.10544 
   98   98    1    1    1    1    1    1    1    1  2.38634E+10 0.11079 
   99   99    1    1    1    1    1    1    1    1  1.34385E+10 0.27545 
  100  100    1    1    1    1    1    1    1    1  1.07725E+10 0.20671 
];


