
DETdpaspec = [
    1    1    1    1    1    1    1    1    1    1  0.00000E+00 0.00000 
    2    2    1    1    1    1    1    1    1    1  0.00000E+00 0.00000 
    3    3    1    1    1    1    1    1    1    1  0.00000E+00 0.00000 
    4    4    1    1    1    1    1    1    1    1  0.00000E+00 0.00000 
    5    5    1    1    1    1    1    1    1    1  0.00000E+00 0.00000 
    6    6    1    1    1    1    1    1    1    1  5.36961E+07 0.49603 
    7    7    1    1    1    1    1    1    1    1  3.60056E+07 0.68841 
    8    8    1    1    1    1    1    1    1    1  0.00000E+00 0.00000 
    9    9    1    1    1    1    1    1    1    1  0.00000E+00 0.00000 
   10   10    1    1    1    1    1    1    1    1  2.72262E+08 0.59373 
   11   11    1    1    1    1    1    1    1    1  2.49393E+08 0.49719 
   12   12    1    1    1    1    1    1    1    1  1.57209E+08 0.43697 
   13   13    1    1    1    1    1    1    1    1  2.91738E+09 0.39655 
   14   14    1    1    1    1    1    1    1    1  6.15612E+09 0.22613 
   15   15    1    1    1    1    1    1    1    1  7.23286E+09 0.28920 
   16   16    1    1    1    1    1    1    1    1  3.29242E+09 0.21166 
   17   17    1    1    1    1    1    1    1    1  7.60348E+09 0.16696 
   18   18    1    1    1    1    1    1    1    1  1.63149E+10 0.11567 
   19   19    1    1    1    1    1    1    1    1  2.16015E+10 0.11259 
   20   20    1    1    1    1    1    1    1    1  6.28284E+10 0.07715 
   21   21    1    1    1    1    1    1    1    1  5.50723E+10 0.07117 
   22   22    1    1    1    1    1    1    1    1  1.57241E+11 0.04144 
   23   23    1    1    1    1    1    1    1    1  4.05092E+11 0.03540 
   24   24    1    1    1    1    1    1    1    1  9.71135E+11 0.01781 
   25   25    1    1    1    1    1    1    1    1  1.65698E+12 0.01290 
   26   26    1    1    1    1    1    1    1    1  3.51773E+12 0.01044 
   27   27    1    1    1    1    1    1    1    1  6.81671E+12 0.00656 
   28   28    1    1    1    1    1    1    1    1  1.43333E+13 0.00533 
   29   29    1    1    1    1    1    1    1    1  1.95208E+13 0.00516 
   30   30    1    1    1    1    1    1    1    1  4.00706E+13 0.00352 
   31   31    1    1    1    1    1    1    1    1  8.27327E+13 0.00275 
   32   32    1    1    1    1    1    1    1    1  1.08756E+14 0.00286 
   33   33    1    1    1    1    1    1    1    1  1.97707E+14 0.00178 
   34   34    1    1    1    1    1    1    1    1  2.12996E+14 0.00163 
   35   35    1    1    1    1    1    1    1    1  2.81343E+14 0.00156 
   36   36    1    1    1    1    1    1    1    1  2.38669E+14 0.00173 
   37   37    1    1    1    1    1    1    1    1  7.40871E+13 0.00183 
   38   38    1    1    1    1    1    1    1    1  3.32946E+14 0.00138 
   39   39    1    1    1    1    1    1    1    1  3.82175E+14 0.00134 
   40   40    1    1    1    1    1    1    1    1  6.28871E+14 0.00115 
   41   41    1    1    1    1    1    1    1    1  5.81561E+14 0.00106 
   42   42    1    1    1    1    1    1    1    1  9.77961E+14 0.00124 
   43   43    1    1    1    1    1    1    1    1  1.01613E+15 0.00088 
   44   44    1    1    1    1    1    1    1    1  1.26964E+15 0.00092 
   45   45    1    1    1    1    1    1    1    1  2.10767E+15 0.00092 
   46   46    1    1    1    1    1    1    1    1  1.19961E+15 0.00088 
   47   47    1    1    1    1    1    1    1    1  1.59713E+15 0.00097 
   48   48    1    1    1    1    1    1    1    1  2.23614E+15 0.00102 
   49   49    1    1    1    1    1    1    1    1  1.93999E+15 0.00092 
   50   50    1    1    1    1    1    1    1    1  2.97694E+15 0.00070 
   51   51    1    1    1    1    1    1    1    1  2.32383E+15 0.00084 
   52   52    1    1    1    1    1    1    1    1  2.59131E+15 0.00094 
   53   53    1    1    1    1    1    1    1    1  1.88191E+15 0.00083 
   54   54    1    1    1    1    1    1    1    1  2.28795E+15 0.00088 
   55   55    1    1    1    1    1    1    1    1  1.66178E+15 0.00104 
   56   56    1    1    1    1    1    1    1    1  2.31278E+14 0.00162 
   57   57    1    1    1    1    1    1    1    1  3.18559E+15 0.00106 
   58   58    1    1    1    1    1    1    1    1  1.40145E+15 0.00106 
   59   59    1    1    1    1    1    1    1    1  1.54160E+15 0.00113 
   60   60    1    1    1    1    1    1    1    1  1.25475E+15 0.00126 
   61   61    1    1    1    1    1    1    1    1  1.25724E+15 0.00102 
   62   62    1    1    1    1    1    1    1    1  1.24046E+15 0.00112 
   63   63    1    1    1    1    1    1    1    1  1.03672E+15 0.00099 
   64   64    1    1    1    1    1    1    1    1  8.11405E+14 0.00098 
   65   65    1    1    1    1    1    1    1    1  7.84130E+14 0.00125 
   66   66    1    1    1    1    1    1    1    1  6.70451E+14 0.00120 
   67   67    1    1    1    1    1    1    1    1  5.54655E+14 0.00136 
   68   68    1    1    1    1    1    1    1    1  4.83374E+14 0.00138 
   69   69    1    1    1    1    1    1    1    1  5.93047E+14 0.00152 
   70   70    1    1    1    1    1    1    1    1  5.12184E+14 0.00153 
   71   71    1    1    1    1    1    1    1    1  9.67945E+14 0.00130 
   72   72    1    1    1    1    1    1    1    1  7.17532E+14 0.00139 
   73   73    1    1    1    1    1    1    1    1  5.62675E+14 0.00119 
   74   74    1    1    1    1    1    1    1    1  4.61519E+14 0.00127 
   75   75    1    1    1    1    1    1    1    1  3.77989E+14 0.00161 
   76   76    1    1    1    1    1    1    1    1  4.32937E+14 0.00155 
   77   77    1    1    1    1    1    1    1    1  3.37277E+14 0.00184 
   78   78    1    1    1    1    1    1    1    1  2.56247E+14 0.00146 
   79   79    1    1    1    1    1    1    1    1  2.66211E+14 0.00155 
   80   80    1    1    1    1    1    1    1    1  1.99427E+14 0.00221 
   81   81    1    1    1    1    1    1    1    1  1.54857E+14 0.00184 
   82   82    1    1    1    1    1    1    1    1  1.20349E+14 0.00239 
   83   83    1    1    1    1    1    1    1    1  1.12474E+14 0.00263 
   84   84    1    1    1    1    1    1    1    1  8.05521E+13 0.00321 
   85   85    1    1    1    1    1    1    1    1  5.86290E+13 0.00351 
   86   86    1    1    1    1    1    1    1    1  5.52050E+13 0.00297 
   87   87    1    1    1    1    1    1    1    1  3.39708E+13 0.00254 
   88   88    1    1    1    1    1    1    1    1  2.28237E+13 0.00555 
   89   89    1    1    1    1    1    1    1    1  1.31777E+13 0.00645 
   90   90    1    1    1    1    1    1    1    1  8.80668E+12 0.00710 
   91   91    1    1    1    1    1    1    1    1  4.48894E+12 0.01031 
   92   92    1    1    1    1    1    1    1    1  2.05003E+12 0.01758 
   93   93    1    1    1    1    1    1    1    1  1.04887E+12 0.02476 
   94   94    1    1    1    1    1    1    1    1  5.00782E+11 0.03491 
   95   95    1    1    1    1    1    1    1    1  2.61814E+11 0.05033 
   96   96    1    1    1    1    1    1    1    1  1.27330E+11 0.06900 
   97   97    1    1    1    1    1    1    1    1  5.10345E+10 0.10472 
   98   98    1    1    1    1    1    1    1    1  2.14529E+10 0.15603 
   99   99    1    1    1    1    1    1    1    1  1.12680E+10 0.25831 
  100  100    1    1    1    1    1    1    1    1  1.42343E+10 0.21725 
];


