
DETdpaspec = [
    1    1    1    1    1    1    1    1    1    1  0.00000E+00 0.00000 
    2    2    1    1    1    1    1    1    1    1  0.00000E+00 0.00000 
    3    3    1    1    1    1    1    1    1    1  0.00000E+00 0.00000 
    4    4    1    1    1    1    1    1    1    1  0.00000E+00 0.00000 
    5    5    1    1    1    1    1    1    1    1  0.00000E+00 0.00000 
    6    6    1    1    1    1    1    1    1    1  0.00000E+00 0.00000 
    7    7    1    1    1    1    1    1    1    1  9.39134E+07 0.73255 
    8    8    1    1    1    1    1    1    1    1  0.00000E+00 0.00000 
    9    9    1    1    1    1    1    1    1    1  0.00000E+00 0.00000 
   10   10    1    1    1    1    1    1    1    1  0.00000E+00 0.00000 
   11   11    1    1    1    1    1    1    1    1  8.08598E+07 1.00000 
   12   12    1    1    1    1    1    1    1    1  4.41118E+08 0.45910 
   13   13    1    1    1    1    1    1    1    1  4.28379E+09 0.28802 
   14   14    1    1    1    1    1    1    1    1  7.27341E+09 0.37950 
   15   15    1    1    1    1    1    1    1    1  7.91396E+09 0.34396 
   16   16    1    1    1    1    1    1    1    1  2.10828E+09 0.30813 
   17   17    1    1    1    1    1    1    1    1  7.47536E+09 0.22504 
   18   18    1    1    1    1    1    1    1    1  1.71134E+10 0.21845 
   19   19    1    1    1    1    1    1    1    1  4.41998E+10 0.09814 
   20   20    1    1    1    1    1    1    1    1  1.88142E+11 0.05564 
   21   21    1    1    1    1    1    1    1    1  3.70500E+11 0.03146 
   22   22    1    1    1    1    1    1    1    1  1.63732E+12 0.01738 
   23   23    1    1    1    1    1    1    1    1  5.11394E+12 0.00764 
   24   24    1    1    1    1    1    1    1    1  1.06238E+13 0.00718 
   25   25    1    1    1    1    1    1    1    1  1.47253E+13 0.00644 
   26   26    1    1    1    1    1    1    1    1  2.51133E+13 0.00417 
   27   27    1    1    1    1    1    1    1    1  3.86927E+13 0.00407 
   28   28    1    1    1    1    1    1    1    1  6.49049E+13 0.00291 
   29   29    1    1    1    1    1    1    1    1  8.31325E+13 0.00237 
   30   30    1    1    1    1    1    1    1    1  1.28833E+14 0.00180 
   31   31    1    1    1    1    1    1    1    1  2.17496E+14 0.00144 
   32   32    1    1    1    1    1    1    1    1  2.56553E+14 0.00158 
   33   33    1    1    1    1    1    1    1    1  4.11248E+14 0.00131 
   34   34    1    1    1    1    1    1    1    1  4.37960E+14 0.00118 
   35   35    1    1    1    1    1    1    1    1  4.94650E+14 0.00084 
   36   36    1    1    1    1    1    1    1    1  3.89089E+14 0.00085 
   37   37    1    1    1    1    1    1    1    1  1.15280E+14 0.00074 
   38   38    1    1    1    1    1    1    1    1  5.24524E+14 0.00079 
   39   39    1    1    1    1    1    1    1    1  5.87137E+14 0.00078 
   40   40    1    1    1    1    1    1    1    1  9.59218E+14 0.00066 
   41   41    1    1    1    1    1    1    1    1  8.47270E+14 0.00065 
   42   42    1    1    1    1    1    1    1    1  1.41611E+15 0.00072 
   43   43    1    1    1    1    1    1    1    1  1.44913E+15 0.00055 
   44   44    1    1    1    1    1    1    1    1  1.78361E+15 0.00065 
   45   45    1    1    1    1    1    1    1    1  2.91165E+15 0.00042 
   46   46    1    1    1    1    1    1    1    1  1.63527E+15 0.00052 
   47   47    1    1    1    1    1    1    1    1  2.13665E+15 0.00063 
   48   48    1    1    1    1    1    1    1    1  2.96599E+15 0.00058 
   49   49    1    1    1    1    1    1    1    1  2.51985E+15 0.00045 
   50   50    1    1    1    1    1    1    1    1  3.88037E+15 0.00053 
   51   51    1    1    1    1    1    1    1    1  2.97659E+15 0.00056 
   52   52    1    1    1    1    1    1    1    1  3.32790E+15 0.00061 
   53   53    1    1    1    1    1    1    1    1  2.39844E+15 0.00067 
   54   54    1    1    1    1    1    1    1    1  2.93400E+15 0.00047 
   55   55    1    1    1    1    1    1    1    1  2.11923E+15 0.00068 
   56   56    1    1    1    1    1    1    1    1  2.93430E+14 0.00100 
   57   57    1    1    1    1    1    1    1    1  4.03746E+15 0.00062 
   58   58    1    1    1    1    1    1    1    1  1.80014E+15 0.00056 
   59   59    1    1    1    1    1    1    1    1  1.96037E+15 0.00064 
   60   60    1    1    1    1    1    1    1    1  1.61603E+15 0.00050 
   61   61    1    1    1    1    1    1    1    1  1.61345E+15 0.00070 
   62   62    1    1    1    1    1    1    1    1  1.58979E+15 0.00089 
   63   63    1    1    1    1    1    1    1    1  1.32990E+15 0.00084 
   64   64    1    1    1    1    1    1    1    1  1.04227E+15 0.00081 
   65   65    1    1    1    1    1    1    1    1  1.00122E+15 0.00079 
   66   66    1    1    1    1    1    1    1    1  8.56059E+14 0.00083 
   67   67    1    1    1    1    1    1    1    1  7.03981E+14 0.00063 
   68   68    1    1    1    1    1    1    1    1  6.11120E+14 0.00083 
   69   69    1    1    1    1    1    1    1    1  7.49069E+14 0.00098 
   70   70    1    1    1    1    1    1    1    1  6.43075E+14 0.00076 
   71   71    1    1    1    1    1    1    1    1  1.18982E+15 0.00079 
   72   72    1    1    1    1    1    1    1    1  8.73193E+14 0.00093 
   73   73    1    1    1    1    1    1    1    1  6.87422E+14 0.00097 
   74   74    1    1    1    1    1    1    1    1  5.67851E+14 0.00098 
   75   75    1    1    1    1    1    1    1    1  4.70533E+14 0.00152 
   76   76    1    1    1    1    1    1    1    1  5.42998E+14 0.00133 
   77   77    1    1    1    1    1    1    1    1  4.29506E+14 0.00129 
   78   78    1    1    1    1    1    1    1    1  3.30583E+14 0.00106 
   79   79    1    1    1    1    1    1    1    1  3.43916E+14 0.00088 
   80   80    1    1    1    1    1    1    1    1  2.59305E+14 0.00132 
   81   81    1    1    1    1    1    1    1    1  2.01867E+14 0.00201 
   82   82    1    1    1    1    1    1    1    1  1.56323E+14 0.00192 
   83   83    1    1    1    1    1    1    1    1  1.46082E+14 0.00182 
   84   84    1    1    1    1    1    1    1    1  1.04377E+14 0.00221 
   85   85    1    1    1    1    1    1    1    1  7.55959E+13 0.00242 
   86   86    1    1    1    1    1    1    1    1  7.06293E+13 0.00305 
   87   87    1    1    1    1    1    1    1    1  4.33932E+13 0.00386 
   88   88    1    1    1    1    1    1    1    1  2.90097E+13 0.00544 
   89   89    1    1    1    1    1    1    1    1  1.64843E+13 0.00530 
   90   90    1    1    1    1    1    1    1    1  1.09268E+13 0.00579 
   91   91    1    1    1    1    1    1    1    1  5.41327E+12 0.01008 
   92   92    1    1    1    1    1    1    1    1  2.63556E+12 0.01472 
   93   93    1    1    1    1    1    1    1    1  1.29694E+12 0.02154 
   94   94    1    1    1    1    1    1    1    1  6.02847E+11 0.02919 
   95   95    1    1    1    1    1    1    1    1  2.97370E+11 0.04146 
   96   96    1    1    1    1    1    1    1    1  1.15358E+11 0.05962 
   97   97    1    1    1    1    1    1    1    1  6.77719E+10 0.08283 
   98   98    1    1    1    1    1    1    1    1  3.49503E+10 0.10249 
   99   99    1    1    1    1    1    1    1    1  1.34043E+10 0.22285 
  100  100    1    1    1    1    1    1    1    1  1.13825E+10 0.23651 
];


