
DETdpaspec = [
    1    1    1    1    1    1    1    1    1    1  0.00000E+00 0.00000 
    2    2    1    1    1    1    1    1    1    1  6.12141E+06 1.00000 
    3    3    1    1    1    1    1    1    1    1  0.00000E+00 0.00000 
    4    4    1    1    1    1    1    1    1    1  0.00000E+00 0.00000 
    5    5    1    1    1    1    1    1    1    1  0.00000E+00 0.00000 
    6    6    1    1    1    1    1    1    1    1  1.18211E+07 1.00000 
    7    7    1    1    1    1    1    1    1    1  0.00000E+00 0.00000 
    8    8    1    1    1    1    1    1    1    1  0.00000E+00 0.00000 
    9    9    1    1    1    1    1    1    1    1  0.00000E+00 0.00000 
   10   10    1    1    1    1    1    1    1    1  9.42826E+07 1.00000 
   11   11    1    1    1    1    1    1    1    1  1.48124E+08 0.75081 
   12   12    1    1    1    1    1    1    1    1  1.07493E+08 0.64591 
   13   13    1    1    1    1    1    1    1    1  2.31829E+09 0.32851 
   14   14    1    1    1    1    1    1    1    1  4.12079E+09 0.27134 
   15   15    1    1    1    1    1    1    1    1  5.39871E+09 0.27596 
   16   16    1    1    1    1    1    1    1    1  2.87169E+09 0.23527 
   17   17    1    1    1    1    1    1    1    1  7.37951E+09 0.15793 
   18   18    1    1    1    1    1    1    1    1  1.91859E+10 0.14448 
   19   19    1    1    1    1    1    1    1    1  1.76827E+10 0.10591 
   20   20    1    1    1    1    1    1    1    1  5.42445E+10 0.09733 
   21   21    1    1    1    1    1    1    1    1  5.06879E+10 0.08184 
   22   22    1    1    1    1    1    1    1    1  1.91655E+11 0.03655 
   23   23    1    1    1    1    1    1    1    1  5.07929E+11 0.02258 
   24   24    1    1    1    1    1    1    1    1  1.30065E+12 0.01887 
   25   25    1    1    1    1    1    1    1    1  2.23071E+12 0.00915 
   26   26    1    1    1    1    1    1    1    1  4.64881E+12 0.00737 
   27   27    1    1    1    1    1    1    1    1  8.77737E+12 0.00549 
   28   28    1    1    1    1    1    1    1    1  1.83163E+13 0.00391 
   29   29    1    1    1    1    1    1    1    1  2.49498E+13 0.00389 
   30   30    1    1    1    1    1    1    1    1  4.84444E+13 0.00306 
   31   31    1    1    1    1    1    1    1    1  9.75472E+13 0.00242 
   32   32    1    1    1    1    1    1    1    1  1.27521E+14 0.00240 
   33   33    1    1    1    1    1    1    1    1  2.27640E+14 0.00198 
   34   34    1    1    1    1    1    1    1    1  2.47476E+14 0.00187 
   35   35    1    1    1    1    1    1    1    1  3.17201E+14 0.00208 
   36   36    1    1    1    1    1    1    1    1  2.66296E+14 0.00140 
   37   37    1    1    1    1    1    1    1    1  8.19882E+13 0.00158 
   38   38    1    1    1    1    1    1    1    1  3.69684E+14 0.00137 
   39   39    1    1    1    1    1    1    1    1  4.23555E+14 0.00123 
   40   40    1    1    1    1    1    1    1    1  6.99375E+14 0.00100 
   41   41    1    1    1    1    1    1    1    1  6.39364E+14 0.00102 
   42   42    1    1    1    1    1    1    1    1  1.07843E+15 0.00093 
   43   43    1    1    1    1    1    1    1    1  1.12092E+15 0.00115 
   44   44    1    1    1    1    1    1    1    1  1.39997E+15 0.00118 
   45   45    1    1    1    1    1    1    1    1  2.32077E+15 0.00098 
   46   46    1    1    1    1    1    1    1    1  1.32322E+15 0.00112 
   47   47    1    1    1    1    1    1    1    1  1.75492E+15 0.00109 
   48   48    1    1    1    1    1    1    1    1  2.45927E+15 0.00088 
   49   49    1    1    1    1    1    1    1    1  2.12535E+15 0.00098 
   50   50    1    1    1    1    1    1    1    1  3.27977E+15 0.00095 
   51   51    1    1    1    1    1    1    1    1  2.55592E+15 0.00106 
   52   52    1    1    1    1    1    1    1    1  2.85733E+15 0.00104 
   53   53    1    1    1    1    1    1    1    1  2.07503E+15 0.00100 
   54   54    1    1    1    1    1    1    1    1  2.53374E+15 0.00106 
   55   55    1    1    1    1    1    1    1    1  1.83908E+15 0.00109 
   56   56    1    1    1    1    1    1    1    1  2.55917E+14 0.00139 
   57   57    1    1    1    1    1    1    1    1  3.52146E+15 0.00089 
   58   58    1    1    1    1    1    1    1    1  1.55759E+15 0.00111 
   59   59    1    1    1    1    1    1    1    1  1.70999E+15 0.00119 
   60   60    1    1    1    1    1    1    1    1  1.39989E+15 0.00117 
   61   61    1    1    1    1    1    1    1    1  1.40202E+15 0.00117 
   62   62    1    1    1    1    1    1    1    1  1.38331E+15 0.00129 
   63   63    1    1    1    1    1    1    1    1  1.15795E+15 0.00133 
   64   64    1    1    1    1    1    1    1    1  9.09196E+14 0.00107 
   65   65    1    1    1    1    1    1    1    1  8.77910E+14 0.00107 
   66   66    1    1    1    1    1    1    1    1  7.49498E+14 0.00093 
   67   67    1    1    1    1    1    1    1    1  6.20230E+14 0.00101 
   68   68    1    1    1    1    1    1    1    1  5.39725E+14 0.00120 
   69   69    1    1    1    1    1    1    1    1  6.62952E+14 0.00121 
   70   70    1    1    1    1    1    1    1    1  5.71862E+14 0.00117 
   71   71    1    1    1    1    1    1    1    1  1.07711E+15 0.00145 
   72   72    1    1    1    1    1    1    1    1  7.97678E+14 0.00166 
   73   73    1    1    1    1    1    1    1    1  6.27567E+14 0.00149 
   74   74    1    1    1    1    1    1    1    1  5.15345E+14 0.00152 
   75   75    1    1    1    1    1    1    1    1  4.24472E+14 0.00137 
   76   76    1    1    1    1    1    1    1    1  4.86941E+14 0.00142 
   77   77    1    1    1    1    1    1    1    1  3.81353E+14 0.00152 
   78   78    1    1    1    1    1    1    1    1  2.90408E+14 0.00211 
   79   79    1    1    1    1    1    1    1    1  3.02189E+14 0.00148 
   80   80    1    1    1    1    1    1    1    1  2.27571E+14 0.00215 
   81   81    1    1    1    1    1    1    1    1  1.77055E+14 0.00175 
   82   82    1    1    1    1    1    1    1    1  1.37080E+14 0.00257 
   83   83    1    1    1    1    1    1    1    1  1.28070E+14 0.00159 
   84   84    1    1    1    1    1    1    1    1  9.22334E+13 0.00199 
   85   85    1    1    1    1    1    1    1    1  6.66511E+13 0.00270 
   86   86    1    1    1    1    1    1    1    1  6.22684E+13 0.00255 
   87   87    1    1    1    1    1    1    1    1  3.87844E+13 0.00387 
   88   88    1    1    1    1    1    1    1    1  2.59823E+13 0.00433 
   89   89    1    1    1    1    1    1    1    1  1.49100E+13 0.00803 
   90   90    1    1    1    1    1    1    1    1  9.89733E+12 0.00599 
   91   91    1    1    1    1    1    1    1    1  5.00271E+12 0.01022 
   92   92    1    1    1    1    1    1    1    1  2.44566E+12 0.01486 
   93   93    1    1    1    1    1    1    1    1  1.19800E+12 0.01763 
   94   94    1    1    1    1    1    1    1    1  5.54976E+11 0.03823 
   95   95    1    1    1    1    1    1    1    1  2.86350E+11 0.03896 
   96   96    1    1    1    1    1    1    1    1  1.40882E+11 0.06836 
   97   97    1    1    1    1    1    1    1    1  6.40081E+10 0.10025 
   98   98    1    1    1    1    1    1    1    1  2.88750E+10 0.17163 
   99   99    1    1    1    1    1    1    1    1  1.26452E+10 0.17101 
  100  100    1    1    1    1    1    1    1    1  1.30950E+10 0.19914 
];


