
DETdpaspec = [
    1    1    1    1    1    1    1    1    1    1  0.00000E+00 0.00000 
    2    2    1    1    1    1    1    1    1    1  0.00000E+00 0.00000 
    3    3    1    1    1    1    1    1    1    1  0.00000E+00 0.00000 
    4    4    1    1    1    1    1    1    1    1  1.34594E+07 1.00000 
    5    5    1    1    1    1    1    1    1    1  0.00000E+00 0.00000 
    6    6    1    1    1    1    1    1    1    1  0.00000E+00 0.00000 
    7    7    1    1    1    1    1    1    1    1  1.98790E+07 1.00000 
    8    8    1    1    1    1    1    1    1    1  0.00000E+00 0.00000 
    9    9    1    1    1    1    1    1    1    1  1.60870E+07 0.69741 
   10   10    1    1    1    1    1    1    1    1  9.56417E+07 0.69070 
   11   11    1    1    1    1    1    1    1    1  0.00000E+00 0.00000 
   12   12    1    1    1    1    1    1    1    1  1.76168E+08 0.42211 
   13   13    1    1    1    1    1    1    1    1  2.90603E+09 0.33445 
   14   14    1    1    1    1    1    1    1    1  6.95017E+09 0.24971 
   15   15    1    1    1    1    1    1    1    1  1.19434E+10 0.23229 
   16   16    1    1    1    1    1    1    1    1  2.59349E+09 0.28948 
   17   17    1    1    1    1    1    1    1    1  6.84660E+09 0.15989 
   18   18    1    1    1    1    1    1    1    1  1.09955E+10 0.20176 
   19   19    1    1    1    1    1    1    1    1  1.74472E+10 0.13071 
   20   20    1    1    1    1    1    1    1    1  4.54174E+10 0.11408 
   21   21    1    1    1    1    1    1    1    1  5.50564E+10 0.09031 
   22   22    1    1    1    1    1    1    1    1  1.81705E+11 0.06758 
   23   23    1    1    1    1    1    1    1    1  5.98890E+11 0.02931 
   24   24    1    1    1    1    1    1    1    1  1.57475E+12 0.01721 
   25   25    1    1    1    1    1    1    1    1  2.65558E+12 0.01247 
   26   26    1    1    1    1    1    1    1    1  5.47996E+12 0.00664 
   27   27    1    1    1    1    1    1    1    1  1.02293E+13 0.00547 
   28   28    1    1    1    1    1    1    1    1  2.09085E+13 0.00488 
   29   29    1    1    1    1    1    1    1    1  2.87971E+13 0.00434 
   30   30    1    1    1    1    1    1    1    1  5.41635E+13 0.00367 
   31   31    1    1    1    1    1    1    1    1  1.07059E+14 0.00349 
   32   32    1    1    1    1    1    1    1    1  1.38522E+14 0.00210 
   33   33    1    1    1    1    1    1    1    1  2.45111E+14 0.00164 
   34   34    1    1    1    1    1    1    1    1  2.67803E+14 0.00155 
   35   35    1    1    1    1    1    1    1    1  3.37360E+14 0.00141 
   36   36    1    1    1    1    1    1    1    1  2.81024E+14 0.00128 
   37   37    1    1    1    1    1    1    1    1  8.61806E+13 0.00106 
   38   38    1    1    1    1    1    1    1    1  3.90114E+14 0.00094 
   39   39    1    1    1    1    1    1    1    1  4.45399E+14 0.00087 
   40   40    1    1    1    1    1    1    1    1  7.34446E+14 0.00082 
   41   41    1    1    1    1    1    1    1    1  6.69902E+14 0.00099 
   42   42    1    1    1    1    1    1    1    1  1.13105E+15 0.00102 
   43   43    1    1    1    1    1    1    1    1  1.17386E+15 0.00100 
   44   44    1    1    1    1    1    1    1    1  1.46493E+15 0.00085 
   45   45    1    1    1    1    1    1    1    1  2.42765E+15 0.00082 
   46   46    1    1    1    1    1    1    1    1  1.38201E+15 0.00083 
   47   47    1    1    1    1    1    1    1    1  1.83056E+15 0.00083 
   48   48    1    1    1    1    1    1    1    1  2.56269E+15 0.00075 
   49   49    1    1    1    1    1    1    1    1  2.21278E+15 0.00082 
   50   50    1    1    1    1    1    1    1    1  3.41381E+15 0.00053 
   51   51    1    1    1    1    1    1    1    1  2.65761E+15 0.00079 
   52   52    1    1    1    1    1    1    1    1  2.97345E+15 0.00056 
   53   53    1    1    1    1    1    1    1    1  2.15921E+15 0.00059 
   54   54    1    1    1    1    1    1    1    1  2.63745E+15 0.00062 
   55   55    1    1    1    1    1    1    1    1  1.91616E+15 0.00067 
   56   56    1    1    1    1    1    1    1    1  2.66182E+14 0.00137 
   57   57    1    1    1    1    1    1    1    1  3.67019E+15 0.00055 
   58   58    1    1    1    1    1    1    1    1  1.62605E+15 0.00071 
   59   59    1    1    1    1    1    1    1    1  1.78436E+15 0.00059 
   60   60    1    1    1    1    1    1    1    1  1.46334E+15 0.00078 
   61   61    1    1    1    1    1    1    1    1  1.46665E+15 0.00073 
   62   62    1    1    1    1    1    1    1    1  1.44496E+15 0.00077 
   63   63    1    1    1    1    1    1    1    1  1.21060E+15 0.00090 
   64   64    1    1    1    1    1    1    1    1  9.49597E+14 0.00074 
   65   65    1    1    1    1    1    1    1    1  9.17225E+14 0.00098 
   66   66    1    1    1    1    1    1    1    1  7.83965E+14 0.00093 
   67   67    1    1    1    1    1    1    1    1  6.48846E+14 0.00102 
   68   68    1    1    1    1    1    1    1    1  5.64268E+14 0.00098 
   69   69    1    1    1    1    1    1    1    1  6.92438E+14 0.00098 
   70   70    1    1    1    1    1    1    1    1  5.97956E+14 0.00112 
   71   71    1    1    1    1    1    1    1    1  1.12301E+15 0.00098 
   72   72    1    1    1    1    1    1    1    1  8.30343E+14 0.00092 
   73   73    1    1    1    1    1    1    1    1  6.54578E+14 0.00130 
   74   74    1    1    1    1    1    1    1    1  5.38183E+14 0.00129 
   75   75    1    1    1    1    1    1    1    1  4.43217E+14 0.00132 
   76   76    1    1    1    1    1    1    1    1  5.09986E+14 0.00144 
   77   77    1    1    1    1    1    1    1    1  4.00022E+14 0.00144 
   78   78    1    1    1    1    1    1    1    1  3.05443E+14 0.00135 
   79   79    1    1    1    1    1    1    1    1  3.18254E+14 0.00158 
   80   80    1    1    1    1    1    1    1    1  2.39337E+14 0.00164 
   81   81    1    1    1    1    1    1    1    1  1.85883E+14 0.00205 
   82   82    1    1    1    1    1    1    1    1  1.44010E+14 0.00186 
   83   83    1    1    1    1    1    1    1    1  1.35025E+14 0.00142 
   84   84    1    1    1    1    1    1    1    1  9.63700E+13 0.00191 
   85   85    1    1    1    1    1    1    1    1  7.01676E+13 0.00288 
   86   86    1    1    1    1    1    1    1    1  6.54609E+13 0.00353 
   87   87    1    1    1    1    1    1    1    1  4.05422E+13 0.00384 
   88   88    1    1    1    1    1    1    1    1  2.74949E+13 0.00437 
   89   89    1    1    1    1    1    1    1    1  1.57094E+13 0.00657 
   90   90    1    1    1    1    1    1    1    1  1.03211E+13 0.00628 
   91   91    1    1    1    1    1    1    1    1  5.23729E+12 0.01642 
   92   92    1    1    1    1    1    1    1    1  2.54908E+12 0.01115 
   93   93    1    1    1    1    1    1    1    1  1.25005E+12 0.02338 
   94   94    1    1    1    1    1    1    1    1  6.02389E+11 0.03670 
   95   95    1    1    1    1    1    1    1    1  2.78800E+11 0.06220 
   96   96    1    1    1    1    1    1    1    1  1.56678E+11 0.07312 
   97   97    1    1    1    1    1    1    1    1  5.79696E+10 0.10246 
   98   98    1    1    1    1    1    1    1    1  2.58292E+10 0.14345 
   99   99    1    1    1    1    1    1    1    1  2.37463E+10 0.19280 
  100  100    1    1    1    1    1    1    1    1  1.26847E+10 0.22178 
];


