
DETdpaspec = [
    1    1    1    1    1    1    1    1    1    1  0.00000E+00 0.00000 
    2    2    1    1    1    1    1    1    1    1  0.00000E+00 0.00000 
    3    3    1    1    1    1    1    1    1    1  0.00000E+00 0.00000 
    4    4    1    1    1    1    1    1    1    1  0.00000E+00 0.00000 
    5    5    1    1    1    1    1    1    1    1  2.39693E+07 0.68830 
    6    6    1    1    1    1    1    1    1    1  0.00000E+00 0.00000 
    7    7    1    1    1    1    1    1    1    1  1.73604E+07 1.00000 
    8    8    1    1    1    1    1    1    1    1  0.00000E+00 0.00000 
    9    9    1    1    1    1    1    1    1    1  0.00000E+00 0.00000 
   10   10    1    1    1    1    1    1    1    1  8.30521E+07 0.68868 
   11   11    1    1    1    1    1    1    1    1  2.47428E+08 0.49183 
   12   12    1    1    1    1    1    1    1    1  1.81263E+08 0.30625 
   13   13    1    1    1    1    1    1    1    1  3.63736E+09 0.24310 
   14   14    1    1    1    1    1    1    1    1  7.13716E+09 0.22681 
   15   15    1    1    1    1    1    1    1    1  1.04912E+10 0.23508 
   16   16    1    1    1    1    1    1    1    1  3.76764E+09 0.24895 
   17   17    1    1    1    1    1    1    1    1  6.00483E+09 0.16601 
   18   18    1    1    1    1    1    1    1    1  1.60526E+10 0.16567 
   19   19    1    1    1    1    1    1    1    1  2.13744E+10 0.13104 
   20   20    1    1    1    1    1    1    1    1  6.12934E+10 0.07503 
   21   21    1    1    1    1    1    1    1    1  6.12154E+10 0.06336 
   22   22    1    1    1    1    1    1    1    1  1.61222E+11 0.06650 
   23   23    1    1    1    1    1    1    1    1  3.87012E+11 0.03396 
   24   24    1    1    1    1    1    1    1    1  9.39053E+11 0.02207 
   25   25    1    1    1    1    1    1    1    1  1.58966E+12 0.01528 
   26   26    1    1    1    1    1    1    1    1  3.37794E+12 0.01089 
   27   27    1    1    1    1    1    1    1    1  6.47287E+12 0.00838 
   28   28    1    1    1    1    1    1    1    1  1.36735E+13 0.00528 
   29   29    1    1    1    1    1    1    1    1  1.83287E+13 0.00434 
   30   30    1    1    1    1    1    1    1    1  3.82661E+13 0.00451 
   31   31    1    1    1    1    1    1    1    1  7.89040E+13 0.00251 
   32   32    1    1    1    1    1    1    1    1  1.04572E+14 0.00189 
   33   33    1    1    1    1    1    1    1    1  1.90238E+14 0.00214 
   34   34    1    1    1    1    1    1    1    1  2.03944E+14 0.00186 
   35   35    1    1    1    1    1    1    1    1  2.71498E+14 0.00155 
   36   36    1    1    1    1    1    1    1    1  2.30996E+14 0.00181 
   37   37    1    1    1    1    1    1    1    1  7.19856E+13 0.00144 
   38   38    1    1    1    1    1    1    1    1  3.22695E+14 0.00155 
   39   39    1    1    1    1    1    1    1    1  3.70691E+14 0.00166 
   40   40    1    1    1    1    1    1    1    1  6.08404E+14 0.00137 
   41   41    1    1    1    1    1    1    1    1  5.63224E+14 0.00112 
   42   42    1    1    1    1    1    1    1    1  9.47526E+14 0.00134 
   43   43    1    1    1    1    1    1    1    1  9.86356E+14 0.00101 
   44   44    1    1    1    1    1    1    1    1  1.23412E+15 0.00116 
   45   45    1    1    1    1    1    1    1    1  2.04720E+15 0.00118 
   46   46    1    1    1    1    1    1    1    1  1.16389E+15 0.00104 
   47   47    1    1    1    1    1    1    1    1  1.55082E+15 0.00107 
   48   48    1    1    1    1    1    1    1    1  2.16846E+15 0.00096 
   49   49    1    1    1    1    1    1    1    1  1.88188E+15 0.00089 
   50   50    1    1    1    1    1    1    1    1  2.88487E+15 0.00081 
   51   51    1    1    1    1    1    1    1    1  2.25803E+15 0.00067 
   52   52    1    1    1    1    1    1    1    1  2.51111E+15 0.00086 
   53   53    1    1    1    1    1    1    1    1  1.82301E+15 0.00080 
   54   54    1    1    1    1    1    1    1    1  2.21371E+15 0.00092 
   55   55    1    1    1    1    1    1    1    1  1.60708E+15 0.00108 
   56   56    1    1    1    1    1    1    1    1  2.24010E+14 0.00123 
   57   57    1    1    1    1    1    1    1    1  3.08165E+15 0.00098 
   58   58    1    1    1    1    1    1    1    1  1.35321E+15 0.00095 
   59   59    1    1    1    1    1    1    1    1  1.49004E+15 0.00129 
   60   60    1    1    1    1    1    1    1    1  1.21088E+15 0.00120 
   61   61    1    1    1    1    1    1    1    1  1.21490E+15 0.00123 
   62   62    1    1    1    1    1    1    1    1  1.19640E+15 0.00141 
   63   63    1    1    1    1    1    1    1    1  9.99719E+14 0.00127 
   64   64    1    1    1    1    1    1    1    1  7.82950E+14 0.00132 
   65   65    1    1    1    1    1    1    1    1  7.55848E+14 0.00146 
   66   66    1    1    1    1    1    1    1    1  6.44980E+14 0.00144 
   67   67    1    1    1    1    1    1    1    1  5.34260E+14 0.00133 
   68   68    1    1    1    1    1    1    1    1  4.66478E+14 0.00113 
   69   69    1    1    1    1    1    1    1    1  5.70273E+14 0.00128 
   70   70    1    1    1    1    1    1    1    1  4.92548E+14 0.00138 
   71   71    1    1    1    1    1    1    1    1  9.33085E+14 0.00142 
   72   72    1    1    1    1    1    1    1    1  6.93404E+14 0.00135 
   73   73    1    1    1    1    1    1    1    1  5.46392E+14 0.00143 
   74   74    1    1    1    1    1    1    1    1  4.45428E+14 0.00140 
   75   75    1    1    1    1    1    1    1    1  3.64784E+14 0.00182 
   76   76    1    1    1    1    1    1    1    1  4.16413E+14 0.00139 
   77   77    1    1    1    1    1    1    1    1  3.24507E+14 0.00169 
   78   78    1    1    1    1    1    1    1    1  2.46186E+14 0.00208 
   79   79    1    1    1    1    1    1    1    1  2.55737E+14 0.00156 
   80   80    1    1    1    1    1    1    1    1  1.91643E+14 0.00176 
   81   81    1    1    1    1    1    1    1    1  1.48804E+14 0.00199 
   82   82    1    1    1    1    1    1    1    1  1.15567E+14 0.00232 
   83   83    1    1    1    1    1    1    1    1  1.07544E+14 0.00274 
   84   84    1    1    1    1    1    1    1    1  7.73946E+13 0.00283 
   85   85    1    1    1    1    1    1    1    1  5.57446E+13 0.00393 
   86   86    1    1    1    1    1    1    1    1  5.24610E+13 0.00412 
   87   87    1    1    1    1    1    1    1    1  3.24606E+13 0.00329 
   88   88    1    1    1    1    1    1    1    1  2.19761E+13 0.00442 
   89   89    1    1    1    1    1    1    1    1  1.25848E+13 0.00719 
   90   90    1    1    1    1    1    1    1    1  8.23831E+12 0.00675 
   91   91    1    1    1    1    1    1    1    1  4.24890E+12 0.01378 
   92   92    1    1    1    1    1    1    1    1  2.01744E+12 0.01916 
   93   93    1    1    1    1    1    1    1    1  1.02418E+12 0.02623 
   94   94    1    1    1    1    1    1    1    1  5.00802E+11 0.02530 
   95   95    1    1    1    1    1    1    1    1  2.49629E+11 0.05739 
   96   96    1    1    1    1    1    1    1    1  1.08877E+11 0.07712 
   97   97    1    1    1    1    1    1    1    1  5.50500E+10 0.08734 
   98   98    1    1    1    1    1    1    1    1  2.12107E+10 0.15515 
   99   99    1    1    1    1    1    1    1    1  1.08275E+10 0.22167 
  100  100    1    1    1    1    1    1    1    1  8.25022E+09 0.25380 
];


