
DETdpaspec = [
    1    1    1    1    1    1    1    1    1    1  0.00000E+00 0.00000 
    2    2    1    1    1    1    1    1    1    1  0.00000E+00 0.00000 
    3    3    1    1    1    1    1    1    1    1  0.00000E+00 0.00000 
    4    4    1    1    1    1    1    1    1    1  0.00000E+00 0.00000 
    5    5    1    1    1    1    1    1    1    1  9.56710E+06 1.00000 
    6    6    1    1    1    1    1    1    1    1  0.00000E+00 0.00000 
    7    7    1    1    1    1    1    1    1    1  1.50632E+07 1.00000 
    8    8    1    1    1    1    1    1    1    1  0.00000E+00 0.00000 
    9    9    1    1    1    1    1    1    1    1  3.41421E+07 0.56427 
   10   10    1    1    1    1    1    1    1    1  2.21430E+08 0.50612 
   11   11    1    1    1    1    1    1    1    1  8.47915E+08 0.45711 
   12   12    1    1    1    1    1    1    1    1  1.82121E+08 0.29229 
   13   13    1    1    1    1    1    1    1    1  2.21130E+09 0.37913 
   14   14    1    1    1    1    1    1    1    1  9.58568E+09 0.12483 
   15   15    1    1    1    1    1    1    1    1  1.07861E+10 0.18656 
   16   16    1    1    1    1    1    1    1    1  4.59267E+09 0.20049 
   17   17    1    1    1    1    1    1    1    1  8.29906E+09 0.16545 
   18   18    1    1    1    1    1    1    1    1  2.44441E+10 0.11518 
   19   19    1    1    1    1    1    1    1    1  2.92153E+10 0.08975 
   20   20    1    1    1    1    1    1    1    1  8.13595E+10 0.07491 
   21   21    1    1    1    1    1    1    1    1  8.31868E+10 0.06025 
   22   22    1    1    1    1    1    1    1    1  2.14512E+11 0.02582 
   23   23    1    1    1    1    1    1    1    1  3.87661E+11 0.02685 
   24   24    1    1    1    1    1    1    1    1  6.94332E+11 0.02271 
   25   25    1    1    1    1    1    1    1    1  1.13012E+12 0.02082 
   26   26    1    1    1    1    1    1    1    1  2.25231E+12 0.01342 
   27   27    1    1    1    1    1    1    1    1  4.25848E+12 0.01175 
   28   28    1    1    1    1    1    1    1    1  8.54027E+12 0.00484 
   29   29    1    1    1    1    1    1    1    1  1.07430E+13 0.00379 
   30   30    1    1    1    1    1    1    1    1  2.46754E+13 0.00388 
   31   31    1    1    1    1    1    1    1    1  5.07893E+13 0.00290 
   32   32    1    1    1    1    1    1    1    1  6.72919E+13 0.00252 
   33   33    1    1    1    1    1    1    1    1  1.22071E+14 0.00216 
   34   34    1    1    1    1    1    1    1    1  1.26229E+14 0.00240 
   35   35    1    1    1    1    1    1    1    1  1.77018E+14 0.00200 
   36   36    1    1    1    1    1    1    1    1  1.51344E+14 0.00180 
   37   37    1    1    1    1    1    1    1    1  4.78215E+13 0.00195 
   38   38    1    1    1    1    1    1    1    1  2.09591E+14 0.00154 
   39   39    1    1    1    1    1    1    1    1  2.40452E+14 0.00167 
   40   40    1    1    1    1    1    1    1    1  3.87283E+14 0.00162 
   41   41    1    1    1    1    1    1    1    1  3.63700E+14 0.00133 
   42   42    1    1    1    1    1    1    1    1  6.01624E+14 0.00147 
   43   43    1    1    1    1    1    1    1    1  6.21239E+14 0.00122 
   44   44    1    1    1    1    1    1    1    1  7.69918E+14 0.00133 
   45   45    1    1    1    1    1    1    1    1  1.26453E+15 0.00138 
   46   46    1    1    1    1    1    1    1    1  7.11294E+14 0.00125 
   47   47    1    1    1    1    1    1    1    1  9.53543E+14 0.00102 
   48   48    1    1    1    1    1    1    1    1  1.32079E+15 0.00127 
   49   49    1    1    1    1    1    1    1    1  1.15242E+15 0.00103 
   50   50    1    1    1    1    1    1    1    1  1.73734E+15 0.00135 
   51   51    1    1    1    1    1    1    1    1  1.36411E+15 0.00153 
   52   52    1    1    1    1    1    1    1    1  1.49751E+15 0.00123 
   53   53    1    1    1    1    1    1    1    1  1.08686E+15 0.00154 
   54   54    1    1    1    1    1    1    1    1  1.29923E+15 0.00151 
   55   55    1    1    1    1    1    1    1    1  9.43227E+14 0.00125 
   56   56    1    1    1    1    1    1    1    1  1.31640E+14 0.00161 
   57   57    1    1    1    1    1    1    1    1  1.80114E+15 0.00116 
   58   58    1    1    1    1    1    1    1    1  7.77050E+14 0.00129 
   59   59    1    1    1    1    1    1    1    1  8.58966E+14 0.00136 
   60   60    1    1    1    1    1    1    1    1  6.86883E+14 0.00131 
   61   61    1    1    1    1    1    1    1    1  6.86670E+14 0.00146 
   62   62    1    1    1    1    1    1    1    1  6.74365E+14 0.00157 
   63   63    1    1    1    1    1    1    1    1  5.60224E+14 0.00152 
   64   64    1    1    1    1    1    1    1    1  4.36054E+14 0.00195 
   65   65    1    1    1    1    1    1    1    1  4.22835E+14 0.00184 
   66   66    1    1    1    1    1    1    1    1  3.56715E+14 0.00155 
   67   67    1    1    1    1    1    1    1    1  2.96455E+14 0.00181 
   68   68    1    1    1    1    1    1    1    1  2.59475E+14 0.00150 
   69   69    1    1    1    1    1    1    1    1  3.16909E+14 0.00178 
   70   70    1    1    1    1    1    1    1    1  2.72990E+14 0.00257 
   71   71    1    1    1    1    1    1    1    1  5.20415E+14 0.00195 
   72   72    1    1    1    1    1    1    1    1  3.87608E+14 0.00227 
   73   73    1    1    1    1    1    1    1    1  3.04823E+14 0.00236 
   74   74    1    1    1    1    1    1    1    1  2.45673E+14 0.00211 
   75   75    1    1    1    1    1    1    1    1  1.98638E+14 0.00248 
   76   76    1    1    1    1    1    1    1    1  2.23855E+14 0.00186 
   77   77    1    1    1    1    1    1    1    1  1.71995E+14 0.00257 
   78   78    1    1    1    1    1    1    1    1  1.29490E+14 0.00298 
   79   79    1    1    1    1    1    1    1    1  1.33601E+14 0.00251 
   80   80    1    1    1    1    1    1    1    1  9.96716E+13 0.00247 
   81   81    1    1    1    1    1    1    1    1  7.70342E+13 0.00299 
   82   82    1    1    1    1    1    1    1    1  5.98370E+13 0.00447 
   83   83    1    1    1    1    1    1    1    1  5.56637E+13 0.00326 
   84   84    1    1    1    1    1    1    1    1  4.01455E+13 0.00353 
   85   85    1    1    1    1    1    1    1    1  2.87407E+13 0.00489 
   86   86    1    1    1    1    1    1    1    1  2.71054E+13 0.00534 
   87   87    1    1    1    1    1    1    1    1  1.67285E+13 0.00716 
   88   88    1    1    1    1    1    1    1    1  1.14191E+13 0.00696 
   89   89    1    1    1    1    1    1    1    1  6.70860E+12 0.00609 
   90   90    1    1    1    1    1    1    1    1  4.36331E+12 0.01267 
   91   91    1    1    1    1    1    1    1    1  2.25906E+12 0.01732 
   92   92    1    1    1    1    1    1    1    1  1.12788E+12 0.02013 
   93   93    1    1    1    1    1    1    1    1  5.43905E+11 0.02996 
   94   94    1    1    1    1    1    1    1    1  2.46409E+11 0.04192 
   95   95    1    1    1    1    1    1    1    1  1.23797E+11 0.08636 
   96   96    1    1    1    1    1    1    1    1  6.56741E+10 0.08910 
   97   97    1    1    1    1    1    1    1    1  2.73062E+10 0.13287 
   98   98    1    1    1    1    1    1    1    1  1.47899E+10 0.19287 
   99   99    1    1    1    1    1    1    1    1  4.08022E+09 0.36046 
  100  100    1    1    1    1    1    1    1    1  4.69803E+09 0.42592 
];


