
DETdpaspec = [
    1    1    1    1    1    1    1    1    1    1  0.00000E+00 0.00000 
    2    2    1    1    1    1    1    1    1    1  0.00000E+00 0.00000 
    3    3    1    1    1    1    1    1    1    1  0.00000E+00 0.00000 
    4    4    1    1    1    1    1    1    1    1  1.05555E+07 1.00000 
    5    5    1    1    1    1    1    1    1    1  1.06217E+07 1.00000 
    6    6    1    1    1    1    1    1    1    1  0.00000E+00 0.00000 
    7    7    1    1    1    1    1    1    1    1  0.00000E+00 0.00000 
    8    8    1    1    1    1    1    1    1    1  1.73885E+07 1.00000 
    9    9    1    1    1    1    1    1    1    1  1.64196E+07 0.69316 
   10   10    1    1    1    1    1    1    1    1  3.49429E+08 0.46176 
   11   11    1    1    1    1    1    1    1    1  4.94838E+08 0.38779 
   12   12    1    1    1    1    1    1    1    1  1.77044E+08 0.40299 
   13   13    1    1    1    1    1    1    1    1  4.16504E+09 0.28460 
   14   14    1    1    1    1    1    1    1    1  5.91762E+09 0.19949 
   15   15    1    1    1    1    1    1    1    1  7.48923E+09 0.21107 
   16   16    1    1    1    1    1    1    1    1  2.82708E+09 0.28463 
   17   17    1    1    1    1    1    1    1    1  7.60482E+09 0.17373 
   18   18    1    1    1    1    1    1    1    1  2.10883E+10 0.16169 
   19   19    1    1    1    1    1    1    1    1  2.13380E+10 0.13383 
   20   20    1    1    1    1    1    1    1    1  7.27599E+10 0.08901 
   21   21    1    1    1    1    1    1    1    1  6.88302E+10 0.06844 
   22   22    1    1    1    1    1    1    1    1  1.98384E+11 0.05139 
   23   23    1    1    1    1    1    1    1    1  3.81436E+11 0.03157 
   24   24    1    1    1    1    1    1    1    1  7.53701E+11 0.01721 
   25   25    1    1    1    1    1    1    1    1  1.22567E+12 0.01782 
   26   26    1    1    1    1    1    1    1    1  2.65065E+12 0.01610 
   27   27    1    1    1    1    1    1    1    1  5.15674E+12 0.01281 
   28   28    1    1    1    1    1    1    1    1  1.08430E+13 0.00910 
   29   29    1    1    1    1    1    1    1    1  1.41333E+13 0.00717 
   30   30    1    1    1    1    1    1    1    1  3.08265E+13 0.00417 
   31   31    1    1    1    1    1    1    1    1  6.47088E+13 0.00312 
   32   32    1    1    1    1    1    1    1    1  8.58290E+13 0.00271 
   33   33    1    1    1    1    1    1    1    1  1.56305E+14 0.00194 
   34   34    1    1    1    1    1    1    1    1  1.65767E+14 0.00169 
   35   35    1    1    1    1    1    1    1    1  2.27096E+14 0.00156 
   36   36    1    1    1    1    1    1    1    1  1.94494E+14 0.00153 
   37   37    1    1    1    1    1    1    1    1  6.11731E+13 0.00128 
   38   38    1    1    1    1    1    1    1    1  2.71535E+14 0.00114 
   39   39    1    1    1    1    1    1    1    1  3.11594E+14 0.00154 
   40   40    1    1    1    1    1    1    1    1  5.08786E+14 0.00148 
   41   41    1    1    1    1    1    1    1    1  4.74772E+14 0.00125 
   42   42    1    1    1    1    1    1    1    1  7.92999E+14 0.00136 
   43   43    1    1    1    1    1    1    1    1  8.23651E+14 0.00104 
   44   44    1    1    1    1    1    1    1    1  1.02672E+15 0.00100 
   45   45    1    1    1    1    1    1    1    1  1.69853E+15 0.00101 
   46   46    1    1    1    1    1    1    1    1  9.61530E+14 0.00097 
   47   47    1    1    1    1    1    1    1    1  1.28669E+15 0.00096 
   48   48    1    1    1    1    1    1    1    1  1.78995E+15 0.00093 
   49   49    1    1    1    1    1    1    1    1  1.55949E+15 0.00108 
   50   50    1    1    1    1    1    1    1    1  2.37183E+15 0.00088 
   51   51    1    1    1    1    1    1    1    1  1.85808E+15 0.00099 
   52   52    1    1    1    1    1    1    1    1  2.05484E+15 0.00083 
   53   53    1    1    1    1    1    1    1    1  1.49101E+15 0.00096 
   54   54    1    1    1    1    1    1    1    1  1.79914E+15 0.00088 
   55   55    1    1    1    1    1    1    1    1  1.30671E+15 0.00076 
   56   56    1    1    1    1    1    1    1    1  1.81914E+14 0.00144 
   57   57    1    1    1    1    1    1    1    1  2.50049E+15 0.00087 
   58   58    1    1    1    1    1    1    1    1  1.08838E+15 0.00088 
   59   59    1    1    1    1    1    1    1    1  1.20145E+15 0.00118 
   60   60    1    1    1    1    1    1    1    1  9.70710E+14 0.00113 
   61   61    1    1    1    1    1    1    1    1  9.71576E+14 0.00094 
   62   62    1    1    1    1    1    1    1    1  9.55244E+14 0.00112 
   63   63    1    1    1    1    1    1    1    1  7.95908E+14 0.00137 
   64   64    1    1    1    1    1    1    1    1  6.21826E+14 0.00137 
   65   65    1    1    1    1    1    1    1    1  6.02002E+14 0.00119 
   66   66    1    1    1    1    1    1    1    1  5.11383E+14 0.00132 
   67   67    1    1    1    1    1    1    1    1  4.23981E+14 0.00149 
   68   68    1    1    1    1    1    1    1    1  3.70332E+14 0.00131 
   69   69    1    1    1    1    1    1    1    1  4.53673E+14 0.00133 
   70   70    1    1    1    1    1    1    1    1  3.91205E+14 0.00146 
   71   71    1    1    1    1    1    1    1    1  7.44505E+14 0.00118 
   72   72    1    1    1    1    1    1    1    1  5.52560E+14 0.00124 
   73   73    1    1    1    1    1    1    1    1  4.34198E+14 0.00192 
   74   74    1    1    1    1    1    1    1    1  3.52614E+14 0.00177 
   75   75    1    1    1    1    1    1    1    1  2.87175E+14 0.00134 
   76   76    1    1    1    1    1    1    1    1  3.26859E+14 0.00153 
   77   77    1    1    1    1    1    1    1    1  2.52220E+14 0.00178 
   78   78    1    1    1    1    1    1    1    1  1.91215E+14 0.00188 
   79   79    1    1    1    1    1    1    1    1  1.97505E+14 0.00202 
   80   80    1    1    1    1    1    1    1    1  1.47973E+14 0.00224 
   81   81    1    1    1    1    1    1    1    1  1.14701E+14 0.00181 
   82   82    1    1    1    1    1    1    1    1  8.85345E+13 0.00308 
   83   83    1    1    1    1    1    1    1    1  8.27559E+13 0.00269 
   84   84    1    1    1    1    1    1    1    1  5.95243E+13 0.00355 
   85   85    1    1    1    1    1    1    1    1  4.30246E+13 0.00347 
   86   86    1    1    1    1    1    1    1    1  4.01550E+13 0.00287 
   87   87    1    1    1    1    1    1    1    1  2.50999E+13 0.00510 
   88   88    1    1    1    1    1    1    1    1  1.67385E+13 0.00549 
   89   89    1    1    1    1    1    1    1    1  9.66802E+12 0.00728 
   90   90    1    1    1    1    1    1    1    1  6.39019E+12 0.00922 
   91   91    1    1    1    1    1    1    1    1  3.21769E+12 0.00927 
   92   92    1    1    1    1    1    1    1    1  1.58453E+12 0.02559 
   93   93    1    1    1    1    1    1    1    1  8.22757E+11 0.02371 
   94   94    1    1    1    1    1    1    1    1  3.76002E+11 0.03710 
   95   95    1    1    1    1    1    1    1    1  1.80667E+11 0.06591 
   96   96    1    1    1    1    1    1    1    1  8.21244E+10 0.07683 
   97   97    1    1    1    1    1    1    1    1  3.66893E+10 0.13211 
   98   98    1    1    1    1    1    1    1    1  1.83185E+10 0.20553 
   99   99    1    1    1    1    1    1    1    1  1.19425E+10 0.22328 
  100  100    1    1    1    1    1    1    1    1  8.73195E+09 0.30175 
];


