
DETdpaspec = [
    1    1    1    1    1    1    1    1    1    1  0.00000E+00 0.00000 
    2    2    1    1    1    1    1    1    1    1  0.00000E+00 0.00000 
    3    3    1    1    1    1    1    1    1    1  0.00000E+00 0.00000 
    4    4    1    1    1    1    1    1    1    1  0.00000E+00 0.00000 
    5    5    1    1    1    1    1    1    1    1  0.00000E+00 0.00000 
    6    6    1    1    1    1    1    1    1    1  0.00000E+00 0.00000 
    7    7    1    1    1    1    1    1    1    1  0.00000E+00 0.00000 
    8    8    1    1    1    1    1    1    1    1  2.84922E+07 0.70263 
    9    9    1    1    1    1    1    1    1    1  2.98188E+07 0.77579 
   10   10    1    1    1    1    1    1    1    1  2.01685E+08 0.40350 
   11   11    1    1    1    1    1    1    1    1  4.02968E+08 0.36807 
   12   12    1    1    1    1    1    1    1    1  2.66801E+08 0.31758 
   13   13    1    1    1    1    1    1    1    1  3.54317E+09 0.31707 
   14   14    1    1    1    1    1    1    1    1  6.44843E+09 0.18894 
   15   15    1    1    1    1    1    1    1    1  1.10073E+10 0.20774 
   16   16    1    1    1    1    1    1    1    1  5.51545E+09 0.17861 
   17   17    1    1    1    1    1    1    1    1  9.53180E+09 0.16701 
   18   18    1    1    1    1    1    1    1    1  1.91357E+10 0.13951 
   19   19    1    1    1    1    1    1    1    1  2.48779E+10 0.11963 
   20   20    1    1    1    1    1    1    1    1  6.61233E+10 0.07906 
   21   21    1    1    1    1    1    1    1    1  6.16952E+10 0.04117 
   22   22    1    1    1    1    1    1    1    1  1.89437E+11 0.04270 
   23   23    1    1    1    1    1    1    1    1  3.78811E+11 0.02423 
   24   24    1    1    1    1    1    1    1    1  7.27823E+11 0.02352 
   25   25    1    1    1    1    1    1    1    1  1.20985E+12 0.01653 
   26   26    1    1    1    1    1    1    1    1  2.51826E+12 0.01064 
   27   27    1    1    1    1    1    1    1    1  4.94098E+12 0.01204 
   28   28    1    1    1    1    1    1    1    1  1.01722E+13 0.00625 
   29   29    1    1    1    1    1    1    1    1  1.31739E+13 0.00624 
   30   30    1    1    1    1    1    1    1    1  2.93508E+13 0.00457 
   31   31    1    1    1    1    1    1    1    1  6.09984E+13 0.00335 
   32   32    1    1    1    1    1    1    1    1  8.12303E+13 0.00373 
   33   33    1    1    1    1    1    1    1    1  1.48547E+14 0.00210 
   34   34    1    1    1    1    1    1    1    1  1.56614E+14 0.00181 
   35   35    1    1    1    1    1    1    1    1  2.15565E+14 0.00182 
   36   36    1    1    1    1    1    1    1    1  1.84651E+14 0.00127 
   37   37    1    1    1    1    1    1    1    1  5.80838E+13 0.00150 
   38   38    1    1    1    1    1    1    1    1  2.57278E+14 0.00124 
   39   39    1    1    1    1    1    1    1    1  2.95976E+14 0.00132 
   40   40    1    1    1    1    1    1    1    1  4.81135E+14 0.00142 
   41   41    1    1    1    1    1    1    1    1  4.49741E+14 0.00086 
   42   42    1    1    1    1    1    1    1    1  7.49917E+14 0.00093 
   43   43    1    1    1    1    1    1    1    1  7.79342E+14 0.00085 
   44   44    1    1    1    1    1    1    1    1  9.68621E+14 0.00109 
   45   45    1    1    1    1    1    1    1    1  1.60192E+15 0.00105 
   46   46    1    1    1    1    1    1    1    1  9.06278E+14 0.00106 
   47   47    1    1    1    1    1    1    1    1  1.21308E+15 0.00103 
   48   48    1    1    1    1    1    1    1    1  1.68776E+15 0.00095 
   49   49    1    1    1    1    1    1    1    1  1.46871E+15 0.00112 
   50   50    1    1    1    1    1    1    1    1  2.23298E+15 0.00115 
   51   51    1    1    1    1    1    1    1    1  1.74778E+15 0.00109 
   52   52    1    1    1    1    1    1    1    1  1.93198E+15 0.00101 
   53   53    1    1    1    1    1    1    1    1  1.40090E+15 0.00100 
   54   54    1    1    1    1    1    1    1    1  1.68693E+15 0.00096 
   55   55    1    1    1    1    1    1    1    1  1.22507E+15 0.00108 
   56   56    1    1    1    1    1    1    1    1  1.70895E+14 0.00167 
   57   57    1    1    1    1    1    1    1    1  2.34077E+15 0.00089 
   58   58    1    1    1    1    1    1    1    1  1.01702E+15 0.00120 
   59   59    1    1    1    1    1    1    1    1  1.12322E+15 0.00104 
   60   60    1    1    1    1    1    1    1    1  9.05131E+14 0.00123 
   61   61    1    1    1    1    1    1    1    1  9.06052E+14 0.00115 
   62   62    1    1    1    1    1    1    1    1  8.91131E+14 0.00122 
   63   63    1    1    1    1    1    1    1    1  7.41030E+14 0.00124 
   64   64    1    1    1    1    1    1    1    1  5.78344E+14 0.00140 
   65   65    1    1    1    1    1    1    1    1  5.60597E+14 0.00142 
   66   66    1    1    1    1    1    1    1    1  4.75489E+14 0.00150 
   67   67    1    1    1    1    1    1    1    1  3.94207E+14 0.00182 
   68   68    1    1    1    1    1    1    1    1  3.44129E+14 0.00199 
   69   69    1    1    1    1    1    1    1    1  4.21459E+14 0.00175 
   70   70    1    1    1    1    1    1    1    1  3.63244E+14 0.00164 
   71   71    1    1    1    1    1    1    1    1  6.92836E+14 0.00155 
   72   72    1    1    1    1    1    1    1    1  5.13901E+14 0.00135 
   73   73    1    1    1    1    1    1    1    1  4.03985E+14 0.00162 
   74   74    1    1    1    1    1    1    1    1  3.27368E+14 0.00197 
   75   75    1    1    1    1    1    1    1    1  2.66939E+14 0.00186 
   76   76    1    1    1    1    1    1    1    1  3.01549E+14 0.00130 
   77   77    1    1    1    1    1    1    1    1  2.33174E+14 0.00177 
   78   78    1    1    1    1    1    1    1    1  1.76501E+14 0.00165 
   79   79    1    1    1    1    1    1    1    1  1.82493E+14 0.00244 
   80   80    1    1    1    1    1    1    1    1  1.36170E+14 0.00288 
   81   81    1    1    1    1    1    1    1    1  1.05928E+14 0.00198 
   82   82    1    1    1    1    1    1    1    1  8.14504E+13 0.00247 
   83   83    1    1    1    1    1    1    1    1  7.61046E+13 0.00330 
   84   84    1    1    1    1    1    1    1    1  5.50065E+13 0.00317 
   85   85    1    1    1    1    1    1    1    1  3.95674E+13 0.00340 
   86   86    1    1    1    1    1    1    1    1  3.69754E+13 0.00390 
   87   87    1    1    1    1    1    1    1    1  2.29130E+13 0.00468 
   88   88    1    1    1    1    1    1    1    1  1.55972E+13 0.00628 
   89   89    1    1    1    1    1    1    1    1  8.84243E+12 0.00972 
   90   90    1    1    1    1    1    1    1    1  5.90899E+12 0.01187 
   91   91    1    1    1    1    1    1    1    1  3.09570E+12 0.01889 
   92   92    1    1    1    1    1    1    1    1  1.39616E+12 0.02246 
   93   93    1    1    1    1    1    1    1    1  7.34048E+11 0.02187 
   94   94    1    1    1    1    1    1    1    1  3.53563E+11 0.03167 
   95   95    1    1    1    1    1    1    1    1  1.71580E+11 0.06969 
   96   96    1    1    1    1    1    1    1    1  7.57635E+10 0.10488 
   97   97    1    1    1    1    1    1    1    1  3.17659E+10 0.13900 
   98   98    1    1    1    1    1    1    1    1  2.37443E+10 0.20075 
   99   99    1    1    1    1    1    1    1    1  8.09102E+09 0.28021 
  100  100    1    1    1    1    1    1    1    1  9.06975E+09 0.26160 
];


