
DETdpaspec = [
    1    1    1    1    1    1    1    1    1    1  0.00000E+00 0.00000 
    2    2    1    1    1    1    1    1    1    1  0.00000E+00 0.00000 
    3    3    1    1    1    1    1    1    1    1  0.00000E+00 0.00000 
    4    4    1    1    1    1    1    1    1    1  1.35461E+07 0.68834 
    5    5    1    1    1    1    1    1    1    1  1.53108E+07 0.68826 
    6    6    1    1    1    1    1    1    1    1  2.99226E+07 0.77606 
    7    7    1    1    1    1    1    1    1    1  1.43290E+07 1.00000 
    8    8    1    1    1    1    1    1    1    1  6.87561E+07 0.59586 
    9    9    1    1    1    1    1    1    1    1  1.25777E+08 0.42857 
   10   10    1    1    1    1    1    1    1    1  5.64743E+08 0.35387 
   11   11    1    1    1    1    1    1    1    1  9.24052E+08 0.29983 
   12   12    1    1    1    1    1    1    1    1  3.49624E+08 0.24706 
   13   13    1    1    1    1    1    1    1    1  4.58716E+09 0.18517 
   14   14    1    1    1    1    1    1    1    1  1.19546E+10 0.13723 
   15   15    1    1    1    1    1    1    1    1  2.67745E+10 0.10429 
   16   16    1    1    1    1    1    1    1    1  1.01560E+10 0.15731 
   17   17    1    1    1    1    1    1    1    1  1.95991E+10 0.08259 
   18   18    1    1    1    1    1    1    1    1  5.86132E+10 0.06163 
   19   19    1    1    1    1    1    1    1    1  7.41507E+10 0.06139 
   20   20    1    1    1    1    1    1    1    1  1.99777E+11 0.04923 
   21   21    1    1    1    1    1    1    1    1  1.77649E+11 0.04189 
   22   22    1    1    1    1    1    1    1    1  5.14145E+11 0.03091 
   23   23    1    1    1    1    1    1    1    1  7.68279E+11 0.02438 
   24   24    1    1    1    1    1    1    1    1  1.22939E+12 0.01723 
   25   25    1    1    1    1    1    1    1    1  1.64931E+12 0.01145 
   26   26    1    1    1    1    1    1    1    1  2.96948E+12 0.01374 
   27   27    1    1    1    1    1    1    1    1  5.42623E+12 0.00813 
   28   28    1    1    1    1    1    1    1    1  9.21062E+12 0.00572 
   29   29    1    1    1    1    1    1    1    1  1.00925E+13 0.00654 
   30   30    1    1    1    1    1    1    1    1  2.40113E+13 0.00404 
   31   31    1    1    1    1    1    1    1    1  4.67455E+13 0.00368 
   32   32    1    1    1    1    1    1    1    1  6.00393E+13 0.00304 
   33   33    1    1    1    1    1    1    1    1  1.04821E+14 0.00328 
   34   34    1    1    1    1    1    1    1    1  1.03298E+14 0.00318 
   35   35    1    1    1    1    1    1    1    1  1.48611E+14 0.00297 
   36   36    1    1    1    1    1    1    1    1  1.25965E+14 0.00254 
   37   37    1    1    1    1    1    1    1    1  3.98514E+13 0.00244 
   38   38    1    1    1    1    1    1    1    1  1.67765E+14 0.00266 
   39   39    1    1    1    1    1    1    1    1  1.90056E+14 0.00217 
   40   40    1    1    1    1    1    1    1    1  2.98122E+14 0.00208 
   41   41    1    1    1    1    1    1    1    1  2.80282E+14 0.00228 
   42   42    1    1    1    1    1    1    1    1  4.50169E+14 0.00214 
   43   43    1    1    1    1    1    1    1    1  4.61255E+14 0.00259 
   44   44    1    1    1    1    1    1    1    1  5.65060E+14 0.00265 
   45   45    1    1    1    1    1    1    1    1  9.15410E+14 0.00240 
   46   46    1    1    1    1    1    1    1    1  5.12302E+14 0.00229 
   47   47    1    1    1    1    1    1    1    1  6.87870E+14 0.00260 
   48   48    1    1    1    1    1    1    1    1  9.43606E+14 0.00225 
   49   49    1    1    1    1    1    1    1    1  8.28078E+14 0.00244 
   50   50    1    1    1    1    1    1    1    1  1.23292E+15 0.00221 
   51   51    1    1    1    1    1    1    1    1  9.74161E+14 0.00245 
   52   52    1    1    1    1    1    1    1    1  1.05998E+15 0.00232 
   53   53    1    1    1    1    1    1    1    1  7.72453E+14 0.00231 
   54   54    1    1    1    1    1    1    1    1  9.16222E+14 0.00226 
   55   55    1    1    1    1    1    1    1    1  6.67439E+14 0.00168 
   56   56    1    1    1    1    1    1    1    1  9.35628E+13 0.00226 
   57   57    1    1    1    1    1    1    1    1  1.27636E+15 0.00215 
   58   58    1    1    1    1    1    1    1    1  5.44133E+14 0.00247 
   59   59    1    1    1    1    1    1    1    1  6.04224E+14 0.00257 
   60   60    1    1    1    1    1    1    1    1  4.78351E+14 0.00265 
   61   61    1    1    1    1    1    1    1    1  4.80584E+14 0.00250 
   62   62    1    1    1    1    1    1    1    1  4.69299E+14 0.00265 
   63   63    1    1    1    1    1    1    1    1  3.87766E+14 0.00281 
   64   64    1    1    1    1    1    1    1    1  3.02403E+14 0.00262 
   65   65    1    1    1    1    1    1    1    1  2.92651E+14 0.00275 
   66   66    1    1    1    1    1    1    1    1  2.47135E+14 0.00287 
   67   67    1    1    1    1    1    1    1    1  2.05887E+14 0.00316 
   68   68    1    1    1    1    1    1    1    1  1.80227E+14 0.00347 
   69   69    1    1    1    1    1    1    1    1  2.19982E+14 0.00354 
   70   70    1    1    1    1    1    1    1    1  1.89350E+14 0.00385 
   71   71    1    1    1    1    1    1    1    1  3.64822E+14 0.00315 
   72   72    1    1    1    1    1    1    1    1  2.73737E+14 0.00326 
   73   73    1    1    1    1    1    1    1    1  2.14205E+14 0.00301 
   74   74    1    1    1    1    1    1    1    1  1.72077E+14 0.00357 
   75   75    1    1    1    1    1    1    1    1  1.37630E+14 0.00411 
   76   76    1    1    1    1    1    1    1    1  1.54428E+14 0.00315 
   77   77    1    1    1    1    1    1    1    1  1.16659E+14 0.00360 
   78   78    1    1    1    1    1    1    1    1  8.74431E+13 0.00427 
   79   79    1    1    1    1    1    1    1    1  8.93780E+13 0.00344 
   80   80    1    1    1    1    1    1    1    1  6.62148E+13 0.00440 
   81   81    1    1    1    1    1    1    1    1  5.12464E+13 0.00483 
   82   82    1    1    1    1    1    1    1    1  3.95608E+13 0.00530 
   83   83    1    1    1    1    1    1    1    1  3.68033E+13 0.00311 
   84   84    1    1    1    1    1    1    1    1  2.64380E+13 0.00359 
   85   85    1    1    1    1    1    1    1    1  1.89442E+13 0.00666 
   86   86    1    1    1    1    1    1    1    1  1.77369E+13 0.00789 
   87   87    1    1    1    1    1    1    1    1  1.10545E+13 0.00778 
   88   88    1    1    1    1    1    1    1    1  7.60088E+12 0.00846 
   89   89    1    1    1    1    1    1    1    1  4.42370E+12 0.01693 
   90   90    1    1    1    1    1    1    1    1  2.87476E+12 0.01035 
   91   91    1    1    1    1    1    1    1    1  1.47098E+12 0.01726 
   92   92    1    1    1    1    1    1    1    1  7.24268E+11 0.03199 
   93   93    1    1    1    1    1    1    1    1  3.45518E+11 0.04451 
   94   94    1    1    1    1    1    1    1    1  1.69702E+11 0.04245 
   95   95    1    1    1    1    1    1    1    1  8.09633E+10 0.08845 
   96   96    1    1    1    1    1    1    1    1  3.81571E+10 0.11302 
   97   97    1    1    1    1    1    1    1    1  1.86660E+10 0.14605 
   98   98    1    1    1    1    1    1    1    1  7.41427E+09 0.25708 
   99   99    1    1    1    1    1    1    1    1  7.12883E+09 0.33302 
  100  100    1    1    1    1    1    1    1    1  2.63578E+09 0.29994 
];


