
DETdpaspec = [
    1    1    1    1    1    1    1    1    1    1  0.00000E+00 0.00000 
    2    2    1    1    1    1    1    1    1    1  0.00000E+00 0.00000 
    3    3    1    1    1    1    1    1    1    1  9.09270E+06 1.00000 
    4    4    1    1    1    1    1    1    1    1  0.00000E+00 0.00000 
    5    5    1    1    1    1    1    1    1    1  0.00000E+00 0.00000 
    6    6    1    1    1    1    1    1    1    1  1.12761E+07 1.00000 
    7    7    1    1    1    1    1    1    1    1  1.51204E+07 1.00000 
    8    8    1    1    1    1    1    1    1    1  0.00000E+00 0.00000 
    9    9    1    1    1    1    1    1    1    1  2.73246E+07 0.73636 
   10   10    1    1    1    1    1    1    1    1  9.30948E+07 1.00000 
   11   11    1    1    1    1    1    1    1    1  2.49589E+08 0.81454 
   12   12    1    1    1    1    1    1    1    1  5.93967E+07 0.95271 
   13   13    1    1    1    1    1    1    1    1  2.85053E+09 0.35156 
   14   14    1    1    1    1    1    1    1    1  4.24496E+09 0.21999 
   15   15    1    1    1    1    1    1    1    1  8.02547E+09 0.27326 
   16   16    1    1    1    1    1    1    1    1  3.76696E+09 0.26526 
   17   17    1    1    1    1    1    1    1    1  6.98294E+09 0.14445 
   18   18    1    1    1    1    1    1    1    1  1.70141E+10 0.13334 
   19   19    1    1    1    1    1    1    1    1  1.92235E+10 0.08986 
   20   20    1    1    1    1    1    1    1    1  5.95090E+10 0.08852 
   21   21    1    1    1    1    1    1    1    1  5.72469E+10 0.07877 
   22   22    1    1    1    1    1    1    1    1  1.72455E+11 0.04754 
   23   23    1    1    1    1    1    1    1    1  4.60042E+11 0.03688 
   24   24    1    1    1    1    1    1    1    1  1.09904E+12 0.01717 
   25   25    1    1    1    1    1    1    1    1  1.90240E+12 0.01793 
   26   26    1    1    1    1    1    1    1    1  4.08939E+12 0.00905 
   27   27    1    1    1    1    1    1    1    1  7.83774E+12 0.00915 
   28   28    1    1    1    1    1    1    1    1  1.64511E+13 0.00556 
   29   29    1    1    1    1    1    1    1    1  2.24423E+13 0.00488 
   30   30    1    1    1    1    1    1    1    1  4.42658E+13 0.00372 
   31   31    1    1    1    1    1    1    1    1  9.07621E+13 0.00269 
   32   32    1    1    1    1    1    1    1    1  1.18937E+14 0.00263 
   33   33    1    1    1    1    1    1    1    1  2.13990E+14 0.00199 
   34   34    1    1    1    1    1    1    1    1  2.32113E+14 0.00153 
   35   35    1    1    1    1    1    1    1    1  3.01728E+14 0.00114 
   36   36    1    1    1    1    1    1    1    1  2.54281E+14 0.00099 
   37   37    1    1    1    1    1    1    1    1  7.85282E+13 0.00097 
   38   38    1    1    1    1    1    1    1    1  3.54460E+14 0.00092 
   39   39    1    1    1    1    1    1    1    1  4.06013E+14 0.00080 
   40   40    1    1    1    1    1    1    1    1  6.69247E+14 0.00101 
   41   41    1    1    1    1    1    1    1    1  6.15591E+14 0.00078 
   42   42    1    1    1    1    1    1    1    1  1.03857E+15 0.00085 
   43   43    1    1    1    1    1    1    1    1  1.07952E+15 0.00050 
   44   44    1    1    1    1    1    1    1    1  1.34857E+15 0.00063 
   45   45    1    1    1    1    1    1    1    1  2.23793E+15 0.00074 
   46   46    1    1    1    1    1    1    1    1  1.27304E+15 0.00069 
   47   47    1    1    1    1    1    1    1    1  1.69450E+15 0.00071 
   48   48    1    1    1    1    1    1    1    1  2.37239E+15 0.00074 
   49   49    1    1    1    1    1    1    1    1  2.05495E+15 0.00067 
   50   50    1    1    1    1    1    1    1    1  3.16098E+15 0.00067 
   51   51    1    1    1    1    1    1    1    1  2.46635E+15 0.00077 
   52   52    1    1    1    1    1    1    1    1  2.75349E+15 0.00077 
   53   53    1    1    1    1    1    1    1    1  2.00084E+15 0.00074 
   54   54    1    1    1    1    1    1    1    1  2.43798E+15 0.00091 
   55   55    1    1    1    1    1    1    1    1  1.77065E+15 0.00090 
   56   56    1    1    1    1    1    1    1    1  2.46240E+14 0.00100 
   57   57    1    1    1    1    1    1    1    1  3.39013E+15 0.00067 
   58   58    1    1    1    1    1    1    1    1  1.49734E+15 0.00080 
   59   59    1    1    1    1    1    1    1    1  1.64550E+15 0.00090 
   60   60    1    1    1    1    1    1    1    1  1.34362E+15 0.00081 
   61   61    1    1    1    1    1    1    1    1  1.34636E+15 0.00083 
   62   62    1    1    1    1    1    1    1    1  1.32906E+15 0.00107 
   63   63    1    1    1    1    1    1    1    1  1.11158E+15 0.00106 
   64   64    1    1    1    1    1    1    1    1  8.72399E+14 0.00106 
   65   65    1    1    1    1    1    1    1    1  8.42116E+14 0.00088 
   66   66    1    1    1    1    1    1    1    1  7.17800E+14 0.00138 
   67   67    1    1    1    1    1    1    1    1  5.94502E+14 0.00108 
   68   68    1    1    1    1    1    1    1    1  5.18571E+14 0.00114 
   69   69    1    1    1    1    1    1    1    1  6.36471E+14 0.00084 
   70   70    1    1    1    1    1    1    1    1  5.48742E+14 0.00134 
   71   71    1    1    1    1    1    1    1    1  1.03540E+15 0.00135 
   72   72    1    1    1    1    1    1    1    1  7.67678E+14 0.00102 
   73   73    1    1    1    1    1    1    1    1  6.02992E+14 0.00123 
   74   74    1    1    1    1    1    1    1    1  4.95878E+14 0.00128 
   75   75    1    1    1    1    1    1    1    1  4.07190E+14 0.00154 
   76   76    1    1    1    1    1    1    1    1  4.66604E+14 0.00091 
   77   77    1    1    1    1    1    1    1    1  3.64360E+14 0.00197 
   78   78    1    1    1    1    1    1    1    1  2.77548E+14 0.00214 
   79   79    1    1    1    1    1    1    1    1  2.88077E+14 0.00140 
   80   80    1    1    1    1    1    1    1    1  2.16716E+14 0.00150 
   81   81    1    1    1    1    1    1    1    1  1.68380E+14 0.00154 
   82   82    1    1    1    1    1    1    1    1  1.30616E+14 0.00222 
   83   83    1    1    1    1    1    1    1    1  1.21926E+14 0.00232 
   84   84    1    1    1    1    1    1    1    1  8.76874E+13 0.00242 
   85   85    1    1    1    1    1    1    1    1  6.29855E+13 0.00298 
   86   86    1    1    1    1    1    1    1    1  5.94753E+13 0.00309 
   87   87    1    1    1    1    1    1    1    1  3.65617E+13 0.00409 
   88   88    1    1    1    1    1    1    1    1  2.47225E+13 0.00648 
   89   89    1    1    1    1    1    1    1    1  1.42153E+13 0.00691 
   90   90    1    1    1    1    1    1    1    1  9.41869E+12 0.01151 
   91   91    1    1    1    1    1    1    1    1  4.74321E+12 0.01097 
   92   92    1    1    1    1    1    1    1    1  2.33768E+12 0.01780 
   93   93    1    1    1    1    1    1    1    1  1.15578E+12 0.02381 
   94   94    1    1    1    1    1    1    1    1  5.34911E+11 0.03086 
   95   95    1    1    1    1    1    1    1    1  2.42488E+11 0.04256 
   96   96    1    1    1    1    1    1    1    1  1.42168E+11 0.06575 
   97   97    1    1    1    1    1    1    1    1  6.23022E+10 0.09220 
   98   98    1    1    1    1    1    1    1    1  2.82119E+10 0.14315 
   99   99    1    1    1    1    1    1    1    1  1.13027E+10 0.19118 
  100  100    1    1    1    1    1    1    1    1  9.81853E+09 0.24809 
];


