
DETdpaspec = [
    1    1    1    1    1    1    1    1    1    1  0.00000E+00 0.00000 
    2    2    1    1    1    1    1    1    1    1  0.00000E+00 0.00000 
    3    3    1    1    1    1    1    1    1    1  0.00000E+00 0.00000 
    4    4    1    1    1    1    1    1    1    1  0.00000E+00 0.00000 
    5    5    1    1    1    1    1    1    1    1  0.00000E+00 0.00000 
    6    6    1    1    1    1    1    1    1    1  0.00000E+00 0.00000 
    7    7    1    1    1    1    1    1    1    1  3.05416E+07 0.69396 
    8    8    1    1    1    1    1    1    1    1  0.00000E+00 0.00000 
    9    9    1    1    1    1    1    1    1    1  2.46398E+07 0.69017 
   10   10    1    1    1    1    1    1    1    1  2.22044E+08 0.55784 
   11   11    1    1    1    1    1    1    1    1  7.53519E+08 0.38054 
   12   12    1    1    1    1    1    1    1    1  2.19695E+08 0.28620 
   13   13    1    1    1    1    1    1    1    1  4.10973E+09 0.23785 
   14   14    1    1    1    1    1    1    1    1  6.91554E+09 0.28004 
   15   15    1    1    1    1    1    1    1    1  9.47130E+09 0.21415 
   16   16    1    1    1    1    1    1    1    1  5.19051E+09 0.14085 
   17   17    1    1    1    1    1    1    1    1  8.87677E+09 0.11250 
   18   18    1    1    1    1    1    1    1    1  2.17862E+10 0.10202 
   19   19    1    1    1    1    1    1    1    1  3.63009E+10 0.09828 
   20   20    1    1    1    1    1    1    1    1  9.13533E+10 0.05468 
   21   21    1    1    1    1    1    1    1    1  7.60587E+10 0.05481 
   22   22    1    1    1    1    1    1    1    1  2.08779E+11 0.04900 
   23   23    1    1    1    1    1    1    1    1  3.65297E+11 0.03233 
   24   24    1    1    1    1    1    1    1    1  7.06646E+11 0.02391 
   25   25    1    1    1    1    1    1    1    1  1.11104E+12 0.01888 
   26   26    1    1    1    1    1    1    1    1  2.18339E+12 0.01630 
   27   27    1    1    1    1    1    1    1    1  4.26610E+12 0.00978 
   28   28    1    1    1    1    1    1    1    1  8.50014E+12 0.00548 
   29   29    1    1    1    1    1    1    1    1  1.06623E+13 0.00546 
   30   30    1    1    1    1    1    1    1    1  2.43813E+13 0.00387 
   31   31    1    1    1    1    1    1    1    1  5.04788E+13 0.00277 
   32   32    1    1    1    1    1    1    1    1  6.66877E+13 0.00273 
   33   33    1    1    1    1    1    1    1    1  1.20950E+14 0.00198 
   34   34    1    1    1    1    1    1    1    1  1.25305E+14 0.00250 
   35   35    1    1    1    1    1    1    1    1  1.75715E+14 0.00242 
   36   36    1    1    1    1    1    1    1    1  1.50215E+14 0.00200 
   37   37    1    1    1    1    1    1    1    1  4.74893E+13 0.00178 
   38   38    1    1    1    1    1    1    1    1  2.08244E+14 0.00186 
   39   39    1    1    1    1    1    1    1    1  2.38495E+14 0.00144 
   40   40    1    1    1    1    1    1    1    1  3.84212E+14 0.00130 
   41   41    1    1    1    1    1    1    1    1  3.60233E+14 0.00132 
   42   42    1    1    1    1    1    1    1    1  5.97125E+14 0.00130 
   43   43    1    1    1    1    1    1    1    1  6.17547E+14 0.00126 
   44   44    1    1    1    1    1    1    1    1  7.64661E+14 0.00153 
   45   45    1    1    1    1    1    1    1    1  1.25530E+15 0.00165 
   46   46    1    1    1    1    1    1    1    1  7.07098E+14 0.00157 
   47   47    1    1    1    1    1    1    1    1  9.48403E+14 0.00190 
   48   48    1    1    1    1    1    1    1    1  1.31197E+15 0.00163 
   49   49    1    1    1    1    1    1    1    1  1.14403E+15 0.00151 
   50   50    1    1    1    1    1    1    1    1  1.72431E+15 0.00149 
   51   51    1    1    1    1    1    1    1    1  1.35256E+15 0.00140 
   52   52    1    1    1    1    1    1    1    1  1.48451E+15 0.00153 
   53   53    1    1    1    1    1    1    1    1  1.07490E+15 0.00125 
   54   54    1    1    1    1    1    1    1    1  1.28664E+15 0.00142 
   55   55    1    1    1    1    1    1    1    1  9.33252E+14 0.00154 
   56   56    1    1    1    1    1    1    1    1  1.30243E+14 0.00227 
   57   57    1    1    1    1    1    1    1    1  1.78230E+15 0.00147 
   58   58    1    1    1    1    1    1    1    1  7.68606E+14 0.00134 
   59   59    1    1    1    1    1    1    1    1  8.49845E+14 0.00127 
   60   60    1    1    1    1    1    1    1    1  6.78517E+14 0.00138 
   61   61    1    1    1    1    1    1    1    1  6.79908E+14 0.00132 
   62   62    1    1    1    1    1    1    1    1  6.67855E+14 0.00152 
   63   63    1    1    1    1    1    1    1    1  5.54766E+14 0.00144 
   64   64    1    1    1    1    1    1    1    1  4.31223E+14 0.00206 
   65   65    1    1    1    1    1    1    1    1  4.16973E+14 0.00165 
   66   66    1    1    1    1    1    1    1    1  3.53583E+14 0.00180 
   67   67    1    1    1    1    1    1    1    1  2.93284E+14 0.00211 
   68   68    1    1    1    1    1    1    1    1  2.56102E+14 0.00237 
   69   69    1    1    1    1    1    1    1    1  3.13460E+14 0.00183 
   70   70    1    1    1    1    1    1    1    1  2.70500E+14 0.00220 
   71   71    1    1    1    1    1    1    1    1  5.16739E+14 0.00202 
   72   72    1    1    1    1    1    1    1    1  3.84098E+14 0.00212 
   73   73    1    1    1    1    1    1    1    1  3.01032E+14 0.00236 
   74   74    1    1    1    1    1    1    1    1  2.43141E+14 0.00220 
   75   75    1    1    1    1    1    1    1    1  1.96563E+14 0.00237 
   76   76    1    1    1    1    1    1    1    1  2.22440E+14 0.00232 
   77   77    1    1    1    1    1    1    1    1  1.71082E+14 0.00200 
   78   78    1    1    1    1    1    1    1    1  1.28334E+14 0.00148 
   79   79    1    1    1    1    1    1    1    1  1.32434E+14 0.00239 
   80   80    1    1    1    1    1    1    1    1  9.87088E+13 0.00411 
   81   81    1    1    1    1    1    1    1    1  7.62898E+13 0.00307 
   82   82    1    1    1    1    1    1    1    1  5.88552E+13 0.00255 
   83   83    1    1    1    1    1    1    1    1  5.48155E+13 0.00314 
   84   84    1    1    1    1    1    1    1    1  3.95721E+13 0.00386 
   85   85    1    1    1    1    1    1    1    1  2.86638E+13 0.00394 
   86   86    1    1    1    1    1    1    1    1  2.66456E+13 0.00527 
   87   87    1    1    1    1    1    1    1    1  1.66569E+13 0.00762 
   88   88    1    1    1    1    1    1    1    1  1.12308E+13 0.00515 
   89   89    1    1    1    1    1    1    1    1  6.47975E+12 0.00953 
   90   90    1    1    1    1    1    1    1    1  4.32451E+12 0.01061 
   91   91    1    1    1    1    1    1    1    1  2.14898E+12 0.01850 
   92   92    1    1    1    1    1    1    1    1  1.06863E+12 0.01993 
   93   93    1    1    1    1    1    1    1    1  5.45273E+11 0.02632 
   94   94    1    1    1    1    1    1    1    1  2.36853E+11 0.04070 
   95   95    1    1    1    1    1    1    1    1  1.11837E+11 0.09415 
   96   96    1    1    1    1    1    1    1    1  6.56456E+10 0.08639 
   97   97    1    1    1    1    1    1    1    1  2.39977E+10 0.17962 
   98   98    1    1    1    1    1    1    1    1  1.10058E+10 0.22410 
   99   99    1    1    1    1    1    1    1    1  9.30932E+09 0.33029 
  100  100    1    1    1    1    1    1    1    1  3.26067E+09 0.31137 
];


