
DETdpaspec = [
    1    1    1    1    1    1    1    1    1    1  0.00000E+00 0.00000 
    2    2    1    1    1    1    1    1    1    1  0.00000E+00 0.00000 
    3    3    1    1    1    1    1    1    1    1  0.00000E+00 0.00000 
    4    4    1    1    1    1    1    1    1    1  2.70265E+07 0.71350 
    5    5    1    1    1    1    1    1    1    1  9.77104E+06 1.00000 
    6    6    1    1    1    1    1    1    1    1  0.00000E+00 0.00000 
    7    7    1    1    1    1    1    1    1    1  1.55568E+07 1.00000 
    8    8    1    1    1    1    1    1    1    1  1.40390E+07 1.00000 
    9    9    1    1    1    1    1    1    1    1  8.00650E+06 1.00000 
   10   10    1    1    1    1    1    1    1    1  1.61540E+08 0.75910 
   11   11    1    1    1    1    1    1    1    1  1.15048E+08 0.54948 
   12   12    1    1    1    1    1    1    1    1  1.70666E+08 0.43828 
   13   13    1    1    1    1    1    1    1    1  4.12445E+09 0.27489 
   14   14    1    1    1    1    1    1    1    1  7.70320E+09 0.21736 
   15   15    1    1    1    1    1    1    1    1  1.49600E+10 0.19243 
   16   16    1    1    1    1    1    1    1    1  2.16870E+09 0.21387 
   17   17    1    1    1    1    1    1    1    1  6.65717E+09 0.18745 
   18   18    1    1    1    1    1    1    1    1  2.11275E+10 0.12548 
   19   19    1    1    1    1    1    1    1    1  3.24211E+10 0.08904 
   20   20    1    1    1    1    1    1    1    1  8.26732E+10 0.06441 
   21   21    1    1    1    1    1    1    1    1  6.69729E+10 0.06984 
   22   22    1    1    1    1    1    1    1    1  2.00745E+11 0.03959 
   23   23    1    1    1    1    1    1    1    1  3.72018E+11 0.02724 
   24   24    1    1    1    1    1    1    1    1  7.27270E+11 0.02436 
   25   25    1    1    1    1    1    1    1    1  1.14941E+12 0.01852 
   26   26    1    1    1    1    1    1    1    1  2.40883E+12 0.01657 
   27   27    1    1    1    1    1    1    1    1  4.74310E+12 0.00747 
   28   28    1    1    1    1    1    1    1    1  9.67940E+12 0.00749 
   29   29    1    1    1    1    1    1    1    1  1.24630E+13 0.00486 
   30   30    1    1    1    1    1    1    1    1  2.80902E+13 0.00325 
   31   31    1    1    1    1    1    1    1    1  5.82586E+13 0.00349 
   32   32    1    1    1    1    1    1    1    1  7.75446E+13 0.00279 
   33   33    1    1    1    1    1    1    1    1  1.41920E+14 0.00276 
   34   34    1    1    1    1    1    1    1    1  1.49127E+14 0.00204 
   35   35    1    1    1    1    1    1    1    1  2.06160E+14 0.00218 
   36   36    1    1    1    1    1    1    1    1  1.75922E+14 0.00152 
   37   37    1    1    1    1    1    1    1    1  5.56312E+13 0.00207 
   38   38    1    1    1    1    1    1    1    1  2.45529E+14 0.00160 
   39   39    1    1    1    1    1    1    1    1  2.81760E+14 0.00161 
   40   40    1    1    1    1    1    1    1    1  4.57319E+14 0.00144 
   41   41    1    1    1    1    1    1    1    1  4.28038E+14 0.00154 
   42   42    1    1    1    1    1    1    1    1  7.13795E+14 0.00159 
   43   43    1    1    1    1    1    1    1    1  7.40107E+14 0.00145 
   44   44    1    1    1    1    1    1    1    1  9.21238E+14 0.00140 
   45   45    1    1    1    1    1    1    1    1  1.51836E+15 0.00148 
   46   46    1    1    1    1    1    1    1    1  8.58482E+14 0.00128 
   47   47    1    1    1    1    1    1    1    1  1.14881E+15 0.00100 
   48   48    1    1    1    1    1    1    1    1  1.59580E+15 0.00139 
   49   49    1    1    1    1    1    1    1    1  1.39009E+15 0.00123 
   50   50    1    1    1    1    1    1    1    1  2.10660E+15 0.00127 
   51   51    1    1    1    1    1    1    1    1  1.65234E+15 0.00126 
   52   52    1    1    1    1    1    1    1    1  1.82305E+15 0.00124 
   53   53    1    1    1    1    1    1    1    1  1.31951E+15 0.00125 
   54   54    1    1    1    1    1    1    1    1  1.58857E+15 0.00137 
   55   55    1    1    1    1    1    1    1    1  1.15165E+15 0.00116 
   56   56    1    1    1    1    1    1    1    1  1.60625E+14 0.00192 
   57   57    1    1    1    1    1    1    1    1  2.20825E+15 0.00136 
   58   58    1    1    1    1    1    1    1    1  9.57323E+14 0.00128 
   59   59    1    1    1    1    1    1    1    1  1.05569E+15 0.00152 
   60   60    1    1    1    1    1    1    1    1  8.49468E+14 0.00147 
   61   61    1    1    1    1    1    1    1    1  8.51430E+14 0.00155 
   62   62    1    1    1    1    1    1    1    1  8.36401E+14 0.00157 
   63   63    1    1    1    1    1    1    1    1  6.95307E+14 0.00149 
   64   64    1    1    1    1    1    1    1    1  5.43545E+14 0.00166 
   65   65    1    1    1    1    1    1    1    1  5.25202E+14 0.00175 
   66   66    1    1    1    1    1    1    1    1  4.44994E+14 0.00179 
   67   67    1    1    1    1    1    1    1    1  3.69163E+14 0.00153 
   68   68    1    1    1    1    1    1    1    1  3.22741E+14 0.00154 
   69   69    1    1    1    1    1    1    1    1  3.95449E+14 0.00130 
   70   70    1    1    1    1    1    1    1    1  3.40649E+14 0.00174 
   71   71    1    1    1    1    1    1    1    1  6.48979E+14 0.00142 
   72   72    1    1    1    1    1    1    1    1  4.82563E+14 0.00185 
   73   73    1    1    1    1    1    1    1    1  3.78234E+14 0.00220 
   74   74    1    1    1    1    1    1    1    1  3.06892E+14 0.00243 
   75   75    1    1    1    1    1    1    1    1  2.49189E+14 0.00232 
   76   76    1    1    1    1    1    1    1    1  2.81164E+14 0.00196 
   77   77    1    1    1    1    1    1    1    1  2.17943E+14 0.00199 
   78   78    1    1    1    1    1    1    1    1  1.63585E+14 0.00210 
   79   79    1    1    1    1    1    1    1    1  1.69132E+14 0.00195 
   80   80    1    1    1    1    1    1    1    1  1.27169E+14 0.00206 
   81   81    1    1    1    1    1    1    1    1  9.79759E+13 0.00323 
   82   82    1    1    1    1    1    1    1    1  7.57349E+13 0.00259 
   83   83    1    1    1    1    1    1    1    1  7.06762E+13 0.00464 
   84   84    1    1    1    1    1    1    1    1  5.07876E+13 0.00335 
   85   85    1    1    1    1    1    1    1    1  3.64978E+13 0.00351 
   86   86    1    1    1    1    1    1    1    1  3.44896E+13 0.00394 
   87   87    1    1    1    1    1    1    1    1  2.14216E+13 0.00607 
   88   88    1    1    1    1    1    1    1    1  1.46774E+13 0.00624 
   89   89    1    1    1    1    1    1    1    1  8.25588E+12 0.00713 
   90   90    1    1    1    1    1    1    1    1  5.56896E+12 0.00700 
   91   91    1    1    1    1    1    1    1    1  2.84410E+12 0.01146 
   92   92    1    1    1    1    1    1    1    1  1.42633E+12 0.01840 
   93   93    1    1    1    1    1    1    1    1  6.76001E+11 0.03285 
   94   94    1    1    1    1    1    1    1    1  3.19876E+11 0.05241 
   95   95    1    1    1    1    1    1    1    1  1.48448E+11 0.08290 
   96   96    1    1    1    1    1    1    1    1  8.72199E+10 0.11636 
   97   97    1    1    1    1    1    1    1    1  3.37480E+10 0.12732 
   98   98    1    1    1    1    1    1    1    1  1.87638E+10 0.14325 
   99   99    1    1    1    1    1    1    1    1  9.93168E+09 0.27065 
  100  100    1    1    1    1    1    1    1    1  7.87409E+09 0.30000 
];


