
DETdpaspec = [
    1    1    1    1    1    1    1    1    1    1  0.00000E+00 0.00000 
    2    2    1    1    1    1    1    1    1    1  4.13403E+06 1.00000 
    3    3    1    1    1    1    1    1    1    1  9.69040E+06 1.00000 
    4    4    1    1    1    1    1    1    1    1  0.00000E+00 0.00000 
    5    5    1    1    1    1    1    1    1    1  1.15885E+07 1.00000 
    6    6    1    1    1    1    1    1    1    1  0.00000E+00 0.00000 
    7    7    1    1    1    1    1    1    1    1  0.00000E+00 0.00000 
    8    8    1    1    1    1    1    1    1    1  3.59837E+07 0.68852 
    9    9    1    1    1    1    1    1    1    1  7.55621E+06 1.00000 
   10   10    1    1    1    1    1    1    1    1  1.32059E+08 0.74202 
   11   11    1    1    1    1    1    1    1    1  5.53110E+07 1.00000 
   12   12    1    1    1    1    1    1    1    1  1.92699E+08 0.41129 
   13   13    1    1    1    1    1    1    1    1  1.85583E+09 0.31457 
   14   14    1    1    1    1    1    1    1    1  5.86698E+09 0.31877 
   15   15    1    1    1    1    1    1    1    1  8.55107E+09 0.20293 
   16   16    1    1    1    1    1    1    1    1  4.40315E+09 0.20735 
   17   17    1    1    1    1    1    1    1    1  6.98034E+09 0.16998 
   18   18    1    1    1    1    1    1    1    1  1.88712E+10 0.10897 
   19   19    1    1    1    1    1    1    1    1  2.69182E+10 0.08097 
   20   20    1    1    1    1    1    1    1    1  6.03404E+10 0.08719 
   21   21    1    1    1    1    1    1    1    1  5.80771E+10 0.05681 
   22   22    1    1    1    1    1    1    1    1  1.59413E+11 0.05272 
   23   23    1    1    1    1    1    1    1    1  4.06453E+11 0.03845 
   24   24    1    1    1    1    1    1    1    1  8.82061E+11 0.01998 
   25   25    1    1    1    1    1    1    1    1  1.47311E+12 0.01737 
   26   26    1    1    1    1    1    1    1    1  3.18213E+12 0.01134 
   27   27    1    1    1    1    1    1    1    1  6.36857E+12 0.00730 
   28   28    1    1    1    1    1    1    1    1  1.31062E+13 0.00554 
   29   29    1    1    1    1    1    1    1    1  1.77522E+13 0.00472 
   30   30    1    1    1    1    1    1    1    1  3.73360E+13 0.00269 
   31   31    1    1    1    1    1    1    1    1  7.74611E+13 0.00290 
   32   32    1    1    1    1    1    1    1    1  1.02466E+14 0.00194 
   33   33    1    1    1    1    1    1    1    1  1.86692E+14 0.00110 
   34   34    1    1    1    1    1    1    1    1  1.99727E+14 0.00185 
   35   35    1    1    1    1    1    1    1    1  2.67118E+14 0.00123 
   36   36    1    1    1    1    1    1    1    1  2.27338E+14 0.00122 
   37   37    1    1    1    1    1    1    1    1  7.08177E+13 0.00146 
   38   38    1    1    1    1    1    1    1    1  3.17623E+14 0.00121 
   39   39    1    1    1    1    1    1    1    1  3.64803E+14 0.00138 
   40   40    1    1    1    1    1    1    1    1  5.99431E+14 0.00100 
   41   41    1    1    1    1    1    1    1    1  5.55313E+14 0.00074 
   42   42    1    1    1    1    1    1    1    1  9.33539E+14 0.00076 
   43   43    1    1    1    1    1    1    1    1  9.71160E+14 0.00089 
   44   44    1    1    1    1    1    1    1    1  1.21270E+15 0.00058 
   45   45    1    1    1    1    1    1    1    1  2.01179E+15 0.00069 
   46   46    1    1    1    1    1    1    1    1  1.14371E+15 0.00077 
   47   47    1    1    1    1    1    1    1    1  1.52450E+15 0.00080 
   48   48    1    1    1    1    1    1    1    1  2.13170E+15 0.00071 
   49   49    1    1    1    1    1    1    1    1  1.84990E+15 0.00064 
   50   50    1    1    1    1    1    1    1    1  2.83531E+15 0.00064 
   51   51    1    1    1    1    1    1    1    1  2.21851E+15 0.00072 
   52   52    1    1    1    1    1    1    1    1  2.46674E+15 0.00068 
   53   53    1    1    1    1    1    1    1    1  1.79155E+15 0.00070 
   54   54    1    1    1    1    1    1    1    1  2.17448E+15 0.00066 
   55   55    1    1    1    1    1    1    1    1  1.57889E+15 0.00086 
   56   56    1    1    1    1    1    1    1    1  2.19677E+14 0.00132 
   57   57    1    1    1    1    1    1    1    1  3.02505E+15 0.00069 
   58   58    1    1    1    1    1    1    1    1  1.32789E+15 0.00111 
   59   59    1    1    1    1    1    1    1    1  1.46442E+15 0.00107 
   60   60    1    1    1    1    1    1    1    1  1.18981E+15 0.00075 
   61   61    1    1    1    1    1    1    1    1  1.19106E+15 0.00095 
   62   62    1    1    1    1    1    1    1    1  1.17377E+15 0.00087 
   63   63    1    1    1    1    1    1    1    1  9.79438E+14 0.00105 
   64   64    1    1    1    1    1    1    1    1  7.67105E+14 0.00095 
   65   65    1    1    1    1    1    1    1    1  7.40876E+14 0.00091 
   66   66    1    1    1    1    1    1    1    1  6.31548E+14 0.00120 
   67   67    1    1    1    1    1    1    1    1  5.23614E+14 0.00140 
   68   68    1    1    1    1    1    1    1    1  4.57005E+14 0.00117 
   69   69    1    1    1    1    1    1    1    1  5.60521E+14 0.00125 
   70   70    1    1    1    1    1    1    1    1  4.84543E+14 0.00134 
   71   71    1    1    1    1    1    1    1    1  9.15338E+14 0.00140 
   72   72    1    1    1    1    1    1    1    1  6.78901E+14 0.00111 
   73   73    1    1    1    1    1    1    1    1  5.34151E+14 0.00160 
   74   74    1    1    1    1    1    1    1    1  4.36202E+14 0.00158 
   75   75    1    1    1    1    1    1    1    1  3.57920E+14 0.00153 
   76   76    1    1    1    1    1    1    1    1  4.06804E+14 0.00173 
   77   77    1    1    1    1    1    1    1    1  3.16494E+14 0.00169 
   78   78    1    1    1    1    1    1    1    1  2.40234E+14 0.00194 
   79   79    1    1    1    1    1    1    1    1  2.49205E+14 0.00192 
   80   80    1    1    1    1    1    1    1    1  1.86950E+14 0.00171 
   81   81    1    1    1    1    1    1    1    1  1.45237E+14 0.00216 
   82   82    1    1    1    1    1    1    1    1  1.12439E+14 0.00219 
   83   83    1    1    1    1    1    1    1    1  1.04940E+14 0.00199 
   84   84    1    1    1    1    1    1    1    1  7.56730E+13 0.00286 
   85   85    1    1    1    1    1    1    1    1  5.43160E+13 0.00360 
   86   86    1    1    1    1    1    1    1    1  5.12356E+13 0.00362 
   87   87    1    1    1    1    1    1    1    1  3.15149E+13 0.00237 
   88   88    1    1    1    1    1    1    1    1  2.15483E+13 0.00482 
   89   89    1    1    1    1    1    1    1    1  1.22448E+13 0.00858 
   90   90    1    1    1    1    1    1    1    1  8.24549E+12 0.00823 
   91   91    1    1    1    1    1    1    1    1  4.03855E+12 0.01102 
   92   92    1    1    1    1    1    1    1    1  1.96019E+12 0.01882 
   93   93    1    1    1    1    1    1    1    1  9.93211E+11 0.03167 
   94   94    1    1    1    1    1    1    1    1  5.00228E+11 0.03486 
   95   95    1    1    1    1    1    1    1    1  2.14449E+11 0.05740 
   96   96    1    1    1    1    1    1    1    1  1.08114E+11 0.06304 
   97   97    1    1    1    1    1    1    1    1  5.70532E+10 0.08042 
   98   98    1    1    1    1    1    1    1    1  3.12713E+10 0.15539 
   99   99    1    1    1    1    1    1    1    1  8.70311E+09 0.26405 
  100  100    1    1    1    1    1    1    1    1  1.16773E+10 0.25165 
];


