
DETdpaspec = [
    1    1    1    1    1    1    1    1    1    1  0.00000E+00 0.00000 
    2    2    1    1    1    1    1    1    1    1  0.00000E+00 0.00000 
    3    3    1    1    1    1    1    1    1    1  7.62488E+06 1.00000 
    4    4    1    1    1    1    1    1    1    1  1.07024E+07 1.00000 
    5    5    1    1    1    1    1    1    1    1  0.00000E+00 0.00000 
    6    6    1    1    1    1    1    1    1    1  1.13395E+07 1.00000 
    7    7    1    1    1    1    1    1    1    1  2.94286E+07 0.70821 
    8    8    1    1    1    1    1    1    1    1  3.87669E+07 0.56036 
    9    9    1    1    1    1    1    1    1    1  5.29760E+07 0.62145 
   10   10    1    1    1    1    1    1    1    1  8.44348E+07 0.68889 
   11   11    1    1    1    1    1    1    1    1  3.20512E+08 0.60632 
   12   12    1    1    1    1    1    1    1    1  8.96381E+07 0.44152 
   13   13    1    1    1    1    1    1    1    1  2.66738E+09 0.26279 
   14   14    1    1    1    1    1    1    1    1  6.38162E+09 0.19240 
   15   15    1    1    1    1    1    1    1    1  8.55570E+09 0.24656 
   16   16    1    1    1    1    1    1    1    1  3.03280E+09 0.17111 
   17   17    1    1    1    1    1    1    1    1  6.09813E+09 0.15092 
   18   18    1    1    1    1    1    1    1    1  2.26167E+10 0.13783 
   19   19    1    1    1    1    1    1    1    1  2.76270E+10 0.09313 
   20   20    1    1    1    1    1    1    1    1  7.30343E+10 0.07257 
   21   21    1    1    1    1    1    1    1    1  6.39021E+10 0.07318 
   22   22    1    1    1    1    1    1    1    1  1.78062E+11 0.04140 
   23   23    1    1    1    1    1    1    1    1  3.64633E+11 0.03710 
   24   24    1    1    1    1    1    1    1    1  7.40699E+11 0.02166 
   25   25    1    1    1    1    1    1    1    1  1.19892E+12 0.01895 
   26   26    1    1    1    1    1    1    1    1  2.58053E+12 0.01080 
   27   27    1    1    1    1    1    1    1    1  5.26315E+12 0.00920 
   28   28    1    1    1    1    1    1    1    1  1.09267E+13 0.00610 
   29   29    1    1    1    1    1    1    1    1  1.42724E+13 0.00493 
   30   30    1    1    1    1    1    1    1    1  3.12874E+13 0.00453 
   31   31    1    1    1    1    1    1    1    1  6.51898E+13 0.00344 
   32   32    1    1    1    1    1    1    1    1  8.67205E+13 0.00272 
   33   33    1    1    1    1    1    1    1    1  1.58568E+14 0.00145 
   34   34    1    1    1    1    1    1    1    1  1.67455E+14 0.00191 
   35   35    1    1    1    1    1    1    1    1  2.29181E+14 0.00137 
   36   36    1    1    1    1    1    1    1    1  1.95884E+14 0.00120 
   37   37    1    1    1    1    1    1    1    1  6.15559E+13 0.00138 
   38   38    1    1    1    1    1    1    1    1  2.73529E+14 0.00125 
   39   39    1    1    1    1    1    1    1    1  3.14596E+14 0.00117 
   40   40    1    1    1    1    1    1    1    1  5.12647E+14 0.00136 
   41   41    1    1    1    1    1    1    1    1  4.78298E+14 0.00130 
   42   42    1    1    1    1    1    1    1    1  7.98665E+14 0.00111 
   43   43    1    1    1    1    1    1    1    1  8.29627E+14 0.00119 
   44   44    1    1    1    1    1    1    1    1  1.03337E+15 0.00096 
   45   45    1    1    1    1    1    1    1    1  1.70971E+15 0.00098 
   46   46    1    1    1    1    1    1    1    1  9.68884E+14 0.00096 
   47   47    1    1    1    1    1    1    1    1  1.29509E+15 0.00100 
   48   48    1    1    1    1    1    1    1    1  1.80424E+15 0.00081 
   49   49    1    1    1    1    1    1    1    1  1.57039E+15 0.00107 
   50   50    1    1    1    1    1    1    1    1  2.39078E+15 0.00096 
   51   51    1    1    1    1    1    1    1    1  1.87396E+15 0.00084 
   52   52    1    1    1    1    1    1    1    1  2.07232E+15 0.00104 
   53   53    1    1    1    1    1    1    1    1  1.50518E+15 0.00105 
   54   54    1    1    1    1    1    1    1    1  1.81648E+15 0.00095 
   55   55    1    1    1    1    1    1    1    1  1.31698E+15 0.00110 
   56   56    1    1    1    1    1    1    1    1  1.83645E+14 0.00149 
   57   57    1    1    1    1    1    1    1    1  2.52254E+15 0.00106 
   58   58    1    1    1    1    1    1    1    1  1.09868E+15 0.00102 
   59   59    1    1    1    1    1    1    1    1  1.21068E+15 0.00096 
   60   60    1    1    1    1    1    1    1    1  9.77759E+14 0.00121 
   61   61    1    1    1    1    1    1    1    1  9.78790E+14 0.00120 
   62   62    1    1    1    1    1    1    1    1  9.63671E+14 0.00119 
   63   63    1    1    1    1    1    1    1    1  8.03852E+14 0.00097 
   64   64    1    1    1    1    1    1    1    1  6.27595E+14 0.00101 
   65   65    1    1    1    1    1    1    1    1  6.07037E+14 0.00080 
   66   66    1    1    1    1    1    1    1    1  5.15997E+14 0.00081 
   67   67    1    1    1    1    1    1    1    1  4.28588E+14 0.00116 
   68   68    1    1    1    1    1    1    1    1  3.74836E+14 0.00130 
   69   69    1    1    1    1    1    1    1    1  4.58419E+14 0.00116 
   70   70    1    1    1    1    1    1    1    1  3.95279E+14 0.00163 
   71   71    1    1    1    1    1    1    1    1  7.50919E+14 0.00133 
   72   72    1    1    1    1    1    1    1    1  5.57719E+14 0.00126 
   73   73    1    1    1    1    1    1    1    1  4.37140E+14 0.00170 
   74   74    1    1    1    1    1    1    1    1  3.56796E+14 0.00137 
   75   75    1    1    1    1    1    1    1    1  2.90491E+14 0.00173 
   76   76    1    1    1    1    1    1    1    1  3.28885E+14 0.00199 
   77   77    1    1    1    1    1    1    1    1  2.54310E+14 0.00202 
   78   78    1    1    1    1    1    1    1    1  1.92793E+14 0.00231 
   79   79    1    1    1    1    1    1    1    1  1.99033E+14 0.00249 
   80   80    1    1    1    1    1    1    1    1  1.48897E+14 0.00282 
   81   81    1    1    1    1    1    1    1    1  1.15276E+14 0.00195 
   82   82    1    1    1    1    1    1    1    1  8.97801E+13 0.00253 
   83   83    1    1    1    1    1    1    1    1  8.35998E+13 0.00240 
   84   84    1    1    1    1    1    1    1    1  5.99524E+13 0.00313 
   85   85    1    1    1    1    1    1    1    1  4.33143E+13 0.00382 
   86   86    1    1    1    1    1    1    1    1  4.08780E+13 0.00398 
   87   87    1    1    1    1    1    1    1    1  2.51464E+13 0.00494 
   88   88    1    1    1    1    1    1    1    1  1.70798E+13 0.00580 
   89   89    1    1    1    1    1    1    1    1  9.79501E+12 0.00657 
   90   90    1    1    1    1    1    1    1    1  6.48656E+12 0.01054 
   91   91    1    1    1    1    1    1    1    1  3.43692E+12 0.01588 
   92   92    1    1    1    1    1    1    1    1  1.65049E+12 0.01769 
   93   93    1    1    1    1    1    1    1    1  7.83120E+11 0.02782 
   94   94    1    1    1    1    1    1    1    1  3.84145E+11 0.04503 
   95   95    1    1    1    1    1    1    1    1  1.81118E+11 0.06385 
   96   96    1    1    1    1    1    1    1    1  8.63411E+10 0.07707 
   97   97    1    1    1    1    1    1    1    1  5.14306E+10 0.09540 
   98   98    1    1    1    1    1    1    1    1  1.46795E+10 0.17654 
   99   99    1    1    1    1    1    1    1    1  1.33538E+10 0.23246 
  100  100    1    1    1    1    1    1    1    1  9.63879E+09 0.24237 
];


