
DETdpaspec = [
    1    1    1    1    1    1    1    1    1    1  0.00000E+00 0.00000 
    2    2    1    1    1    1    1    1    1    1  0.00000E+00 0.00000 
    3    3    1    1    1    1    1    1    1    1  0.00000E+00 0.00000 
    4    4    1    1    1    1    1    1    1    1  0.00000E+00 0.00000 
    5    5    1    1    1    1    1    1    1    1  0.00000E+00 0.00000 
    6    6    1    1    1    1    1    1    1    1  0.00000E+00 0.00000 
    7    7    1    1    1    1    1    1    1    1  1.46620E+07 1.00000 
    8    8    1    1    1    1    1    1    1    1  1.66261E+07 1.00000 
    9    9    1    1    1    1    1    1    1    1  1.42259E+07 1.00000 
   10   10    1    1    1    1    1    1    1    1  2.14996E+08 0.80298 
   11   11    1    1    1    1    1    1    1    1  3.65673E+08 0.69821 
   12   12    1    1    1    1    1    1    1    1  2.08842E+08 0.33300 
   13   13    1    1    1    1    1    1    1    1  2.11528E+09 0.35187 
   14   14    1    1    1    1    1    1    1    1  8.61457E+09 0.24714 
   15   15    1    1    1    1    1    1    1    1  1.21499E+10 0.25701 
   16   16    1    1    1    1    1    1    1    1  5.26108E+09 0.23384 
   17   17    1    1    1    1    1    1    1    1  8.51955E+09 0.17573 
   18   18    1    1    1    1    1    1    1    1  1.82916E+10 0.13751 
   19   19    1    1    1    1    1    1    1    1  1.72642E+10 0.11066 
   20   20    1    1    1    1    1    1    1    1  5.92483E+10 0.07855 
   21   21    1    1    1    1    1    1    1    1  6.45704E+10 0.06625 
   22   22    1    1    1    1    1    1    1    1  1.61410E+11 0.03964 
   23   23    1    1    1    1    1    1    1    1  3.80410E+11 0.03625 
   24   24    1    1    1    1    1    1    1    1  8.55920E+11 0.01907 
   25   25    1    1    1    1    1    1    1    1  1.48608E+12 0.01959 
   26   26    1    1    1    1    1    1    1    1  3.11603E+12 0.01475 
   27   27    1    1    1    1    1    1    1    1  6.24767E+12 0.00609 
   28   28    1    1    1    1    1    1    1    1  1.31748E+13 0.00689 
   29   29    1    1    1    1    1    1    1    1  1.76804E+13 0.00440 
   30   30    1    1    1    1    1    1    1    1  3.67739E+13 0.00410 
   31   31    1    1    1    1    1    1    1    1  7.67135E+13 0.00274 
   32   32    1    1    1    1    1    1    1    1  1.01512E+14 0.00274 
   33   33    1    1    1    1    1    1    1    1  1.85524E+14 0.00219 
   34   34    1    1    1    1    1    1    1    1  1.98670E+14 0.00161 
   35   35    1    1    1    1    1    1    1    1  2.65664E+14 0.00136 
   36   36    1    1    1    1    1    1    1    1  2.25821E+14 0.00096 
   37   37    1    1    1    1    1    1    1    1  7.04209E+13 0.00112 
   38   38    1    1    1    1    1    1    1    1  3.14648E+14 0.00100 
   39   39    1    1    1    1    1    1    1    1  3.61954E+14 0.00114 
   40   40    1    1    1    1    1    1    1    1  5.94147E+14 0.00093 
   41   41    1    1    1    1    1    1    1    1  5.50824E+14 0.00108 
   42   42    1    1    1    1    1    1    1    1  9.25312E+14 0.00092 
   43   43    1    1    1    1    1    1    1    1  9.63659E+14 0.00106 
   44   44    1    1    1    1    1    1    1    1  1.20187E+15 0.00081 
   45   45    1    1    1    1    1    1    1    1  1.99549E+15 0.00086 
   46   46    1    1    1    1    1    1    1    1  1.13273E+15 0.00057 
   47   47    1    1    1    1    1    1    1    1  1.51127E+15 0.00094 
   48   48    1    1    1    1    1    1    1    1  2.11115E+15 0.00068 
   49   49    1    1    1    1    1    1    1    1  1.83566E+15 0.00073 
   50   50    1    1    1    1    1    1    1    1  2.80904E+15 0.00055 
   51   51    1    1    1    1    1    1    1    1  2.19669E+15 0.00062 
   52   52    1    1    1    1    1    1    1    1  2.44616E+15 0.00062 
   53   53    1    1    1    1    1    1    1    1  1.77514E+15 0.00081 
   54   54    1    1    1    1    1    1    1    1  2.15317E+15 0.00068 
   55   55    1    1    1    1    1    1    1    1  1.56262E+15 0.00065 
   56   56    1    1    1    1    1    1    1    1  2.17649E+14 0.00120 
   57   57    1    1    1    1    1    1    1    1  2.99388E+15 0.00063 
   58   58    1    1    1    1    1    1    1    1  1.31234E+15 0.00082 
   59   59    1    1    1    1    1    1    1    1  1.44599E+15 0.00095 
   60   60    1    1    1    1    1    1    1    1  1.17500E+15 0.00076 
   61   61    1    1    1    1    1    1    1    1  1.17782E+15 0.00079 
   62   62    1    1    1    1    1    1    1    1  1.16001E+15 0.00076 
   63   63    1    1    1    1    1    1    1    1  9.68313E+14 0.00098 
   64   64    1    1    1    1    1    1    1    1  7.58845E+14 0.00121 
   65   65    1    1    1    1    1    1    1    1  7.33374E+14 0.00099 
   66   66    1    1    1    1    1    1    1    1  6.25862E+14 0.00086 
   67   67    1    1    1    1    1    1    1    1  5.17664E+14 0.00128 
   68   68    1    1    1    1    1    1    1    1  4.52527E+14 0.00106 
   69   69    1    1    1    1    1    1    1    1  5.54928E+14 0.00104 
   70   70    1    1    1    1    1    1    1    1  4.77966E+14 0.00108 
   71   71    1    1    1    1    1    1    1    1  9.03986E+14 0.00103 
   72   72    1    1    1    1    1    1    1    1  6.71859E+14 0.00155 
   73   73    1    1    1    1    1    1    1    1  5.27594E+14 0.00149 
   74   74    1    1    1    1    1    1    1    1  4.30987E+14 0.00159 
   75   75    1    1    1    1    1    1    1    1  3.52441E+14 0.00142 
   76   76    1    1    1    1    1    1    1    1  4.02230E+14 0.00136 
   77   77    1    1    1    1    1    1    1    1  3.13063E+14 0.00199 
   78   78    1    1    1    1    1    1    1    1  2.37683E+14 0.00153 
   79   79    1    1    1    1    1    1    1    1  2.46410E+14 0.00163 
   80   80    1    1    1    1    1    1    1    1  1.85002E+14 0.00258 
   81   81    1    1    1    1    1    1    1    1  1.43628E+14 0.00225 
   82   82    1    1    1    1    1    1    1    1  1.11617E+14 0.00229 
   83   83    1    1    1    1    1    1    1    1  1.03665E+14 0.00313 
   84   84    1    1    1    1    1    1    1    1  7.48767E+13 0.00231 
   85   85    1    1    1    1    1    1    1    1  5.41304E+13 0.00340 
   86   86    1    1    1    1    1    1    1    1  5.05689E+13 0.00386 
   87   87    1    1    1    1    1    1    1    1  3.14967E+13 0.00493 
   88   88    1    1    1    1    1    1    1    1  2.11827E+13 0.00422 
   89   89    1    1    1    1    1    1    1    1  1.21991E+13 0.00793 
   90   90    1    1    1    1    1    1    1    1  8.10178E+12 0.00741 
   91   91    1    1    1    1    1    1    1    1  4.07461E+12 0.01358 
   92   92    1    1    1    1    1    1    1    1  2.00174E+12 0.01053 
   93   93    1    1    1    1    1    1    1    1  9.62770E+11 0.02822 
   94   94    1    1    1    1    1    1    1    1  4.71858E+11 0.03301 
   95   95    1    1    1    1    1    1    1    1  1.92160E+11 0.05597 
   96   96    1    1    1    1    1    1    1    1  1.14413E+11 0.07539 
   97   97    1    1    1    1    1    1    1    1  5.20053E+10 0.13496 
   98   98    1    1    1    1    1    1    1    1  2.64487E+10 0.12934 
   99   99    1    1    1    1    1    1    1    1  7.33757E+09 0.19421 
  100  100    1    1    1    1    1    1    1    1  1.35547E+10 0.25546 
];


