
DETdpaspec = [
    1    1    1    1    1    1    1    1    1    1  0.00000E+00 0.00000 
    2    2    1    1    1    1    1    1    1    1  0.00000E+00 0.00000 
    3    3    1    1    1    1    1    1    1    1  0.00000E+00 0.00000 
    4    4    1    1    1    1    1    1    1    1  0.00000E+00 0.00000 
    5    5    1    1    1    1    1    1    1    1  1.36627E+07 1.00000 
    6    6    1    1    1    1    1    1    1    1  0.00000E+00 0.00000 
    7    7    1    1    1    1    1    1    1    1  3.84663E+07 0.68922 
    8    8    1    1    1    1    1    1    1    1  0.00000E+00 0.00000 
    9    9    1    1    1    1    1    1    1    1  1.04717E+07 1.00000 
   10   10    1    1    1    1    1    1    1    1  1.68231E+08 0.69265 
   11   11    1    1    1    1    1    1    1    1  1.04080E+08 0.69217 
   12   12    1    1    1    1    1    1    1    1  1.16825E+08 0.57066 
   13   13    1    1    1    1    1    1    1    1  1.02181E+09 0.69296 
   14   14    1    1    1    1    1    1    1    1  8.36882E+09 0.35359 
   15   15    1    1    1    1    1    1    1    1  8.02920E+09 0.27821 
   16   16    1    1    1    1    1    1    1    1  1.73221E+09 0.24735 
   17   17    1    1    1    1    1    1    1    1  4.56524E+09 0.21804 
   18   18    1    1    1    1    1    1    1    1  1.24553E+10 0.18023 
   19   19    1    1    1    1    1    1    1    1  2.10927E+10 0.13250 
   20   20    1    1    1    1    1    1    1    1  6.36034E+10 0.08858 
   21   21    1    1    1    1    1    1    1    1  6.08926E+10 0.08188 
   22   22    1    1    1    1    1    1    1    1  1.69163E+11 0.05661 
   23   23    1    1    1    1    1    1    1    1  4.84355E+11 0.02868 
   24   24    1    1    1    1    1    1    1    1  1.16732E+12 0.02107 
   25   25    1    1    1    1    1    1    1    1  2.03375E+12 0.01539 
   26   26    1    1    1    1    1    1    1    1  4.21761E+12 0.00991 
   27   27    1    1    1    1    1    1    1    1  8.05522E+12 0.00744 
   28   28    1    1    1    1    1    1    1    1  1.69093E+13 0.00685 
   29   29    1    1    1    1    1    1    1    1  2.28662E+13 0.00523 
   30   30    1    1    1    1    1    1    1    1  4.49825E+13 0.00262 
   31   31    1    1    1    1    1    1    1    1  9.22338E+13 0.00268 
   32   32    1    1    1    1    1    1    1    1  1.20361E+14 0.00193 
   33   33    1    1    1    1    1    1    1    1  2.15559E+14 0.00179 
   34   34    1    1    1    1    1    1    1    1  2.33351E+14 0.00122 
   35   35    1    1    1    1    1    1    1    1  3.03439E+14 0.00152 
   36   36    1    1    1    1    1    1    1    1  2.55411E+14 0.00147 
   37   37    1    1    1    1    1    1    1    1  7.90407E+13 0.00145 
   38   38    1    1    1    1    1    1    1    1  3.56111E+14 0.00151 
   39   39    1    1    1    1    1    1    1    1  4.07699E+14 0.00111 
   40   40    1    1    1    1    1    1    1    1  6.72326E+14 0.00127 
   41   41    1    1    1    1    1    1    1    1  6.18183E+14 0.00107 
   42   42    1    1    1    1    1    1    1    1  1.04298E+15 0.00074 
   43   43    1    1    1    1    1    1    1    1  1.08546E+15 0.00108 
   44   44    1    1    1    1    1    1    1    1  1.35459E+15 0.00101 
   45   45    1    1    1    1    1    1    1    1  2.24844E+15 0.00062 
   46   46    1    1    1    1    1    1    1    1  1.28219E+15 0.00085 
   47   47    1    1    1    1    1    1    1    1  1.70281E+15 0.00092 
   48   48    1    1    1    1    1    1    1    1  2.38327E+15 0.00079 
   49   49    1    1    1    1    1    1    1    1  2.06265E+15 0.00082 
   50   50    1    1    1    1    1    1    1    1  3.17537E+15 0.00090 
   51   51    1    1    1    1    1    1    1    1  2.47670E+15 0.00079 
   52   52    1    1    1    1    1    1    1    1  2.76786E+15 0.00062 
   53   53    1    1    1    1    1    1    1    1  2.00912E+15 0.00077 
   54   54    1    1    1    1    1    1    1    1  2.44877E+15 0.00079 
   55   55    1    1    1    1    1    1    1    1  1.77796E+15 0.00058 
   56   56    1    1    1    1    1    1    1    1  2.47460E+14 0.00126 
   57   57    1    1    1    1    1    1    1    1  3.40969E+15 0.00076 
   58   58    1    1    1    1    1    1    1    1  1.50379E+15 0.00074 
   59   59    1    1    1    1    1    1    1    1  1.65230E+15 0.00094 
   60   60    1    1    1    1    1    1    1    1  1.35165E+15 0.00096 
   61   61    1    1    1    1    1    1    1    1  1.35320E+15 0.00108 
   62   62    1    1    1    1    1    1    1    1  1.33437E+15 0.00128 
   63   63    1    1    1    1    1    1    1    1  1.11681E+15 0.00074 
   64   64    1    1    1    1    1    1    1    1  8.75875E+14 0.00105 
   65   65    1    1    1    1    1    1    1    1  8.45820E+14 0.00083 
   66   66    1    1    1    1    1    1    1    1  7.22301E+14 0.00090 
   67   67    1    1    1    1    1    1    1    1  5.98219E+14 0.00090 
   68   68    1    1    1    1    1    1    1    1  5.20825E+14 0.00108 
   69   69    1    1    1    1    1    1    1    1  6.40673E+14 0.00116 
   70   70    1    1    1    1    1    1    1    1  5.52116E+14 0.00127 
   71   71    1    1    1    1    1    1    1    1  1.04020E+15 0.00106 
   72   72    1    1    1    1    1    1    1    1  7.70914E+14 0.00074 
   73   73    1    1    1    1    1    1    1    1  6.07510E+14 0.00092 
   74   74    1    1    1    1    1    1    1    1  4.97297E+14 0.00118 
   75   75    1    1    1    1    1    1    1    1  4.08820E+14 0.00118 
   76   76    1    1    1    1    1    1    1    1  4.68829E+14 0.00150 
   77   77    1    1    1    1    1    1    1    1  3.66568E+14 0.00142 
   78   78    1    1    1    1    1    1    1    1  2.78756E+14 0.00147 
   79   79    1    1    1    1    1    1    1    1  2.90297E+14 0.00145 
   80   80    1    1    1    1    1    1    1    1  2.18206E+14 0.00224 
   81   81    1    1    1    1    1    1    1    1  1.69756E+14 0.00228 
   82   82    1    1    1    1    1    1    1    1  1.31143E+14 0.00198 
   83   83    1    1    1    1    1    1    1    1  1.22964E+14 0.00179 
   84   84    1    1    1    1    1    1    1    1  8.81949E+13 0.00231 
   85   85    1    1    1    1    1    1    1    1  6.36051E+13 0.00213 
   86   86    1    1    1    1    1    1    1    1  5.95183E+13 0.00327 
   87   87    1    1    1    1    1    1    1    1  3.66918E+13 0.00349 
   88   88    1    1    1    1    1    1    1    1  2.46927E+13 0.00540 
   89   89    1    1    1    1    1    1    1    1  1.42038E+13 0.00748 
   90   90    1    1    1    1    1    1    1    1  9.47644E+12 0.00656 
   91   91    1    1    1    1    1    1    1    1  4.71360E+12 0.00985 
   92   92    1    1    1    1    1    1    1    1  2.36418E+12 0.01338 
   93   93    1    1    1    1    1    1    1    1  1.08844E+12 0.02664 
   94   94    1    1    1    1    1    1    1    1  5.37737E+11 0.03330 
   95   95    1    1    1    1    1    1    1    1  2.77946E+11 0.05041 
   96   96    1    1    1    1    1    1    1    1  1.27969E+11 0.06934 
   97   97    1    1    1    1    1    1    1    1  5.52531E+10 0.10393 
   98   98    1    1    1    1    1    1    1    1  2.95699E+10 0.11010 
   99   99    1    1    1    1    1    1    1    1  1.79349E+10 0.14351 
  100  100    1    1    1    1    1    1    1    1  1.14876E+10 0.19100 
];


