
DETdpaspec = [
    1    1    1    1    1    1    1    1    1    1  0.00000E+00 0.00000 
    2    2    1    1    1    1    1    1    1    1  0.00000E+00 0.00000 
    3    3    1    1    1    1    1    1    1    1  0.00000E+00 0.00000 
    4    4    1    1    1    1    1    1    1    1  0.00000E+00 0.00000 
    5    5    1    1    1    1    1    1    1    1  0.00000E+00 0.00000 
    6    6    1    1    1    1    1    1    1    1  2.13656E+07 0.68834 
    7    7    1    1    1    1    1    1    1    1  1.64377E+07 1.00000 
    8    8    1    1    1    1    1    1    1    1  2.62160E+07 0.70637 
    9    9    1    1    1    1    1    1    1    1  3.47161E+07 0.82001 
   10   10    1    1    1    1    1    1    1    1  1.10344E+08 0.69395 
   11   11    1    1    1    1    1    1    1    1  4.09689E+08 0.49550 
   12   12    1    1    1    1    1    1    1    1  2.48699E+08 0.40954 
   13   13    1    1    1    1    1    1    1    1  2.73360E+09 0.35043 
   14   14    1    1    1    1    1    1    1    1  8.56135E+09 0.19610 
   15   15    1    1    1    1    1    1    1    1  8.32444E+09 0.23725 
   16   16    1    1    1    1    1    1    1    1  2.84070E+09 0.17665 
   17   17    1    1    1    1    1    1    1    1  4.66743E+09 0.19742 
   18   18    1    1    1    1    1    1    1    1  1.49461E+10 0.13589 
   19   19    1    1    1    1    1    1    1    1  2.34779E+10 0.10300 
   20   20    1    1    1    1    1    1    1    1  5.90249E+10 0.08293 
   21   21    1    1    1    1    1    1    1    1  5.76985E+10 0.07858 
   22   22    1    1    1    1    1    1    1    1  1.65359E+11 0.05002 
   23   23    1    1    1    1    1    1    1    1  4.00877E+11 0.02497 
   24   24    1    1    1    1    1    1    1    1  9.39144E+11 0.01862 
   25   25    1    1    1    1    1    1    1    1  1.60722E+12 0.01682 
   26   26    1    1    1    1    1    1    1    1  3.47708E+12 0.01176 
   27   27    1    1    1    1    1    1    1    1  6.73510E+12 0.00505 
   28   28    1    1    1    1    1    1    1    1  1.43454E+13 0.00374 
   29   29    1    1    1    1    1    1    1    1  1.93660E+13 0.00446 
   30   30    1    1    1    1    1    1    1    1  3.98747E+13 0.00315 
   31   31    1    1    1    1    1    1    1    1  8.21172E+13 0.00286 
   32   32    1    1    1    1    1    1    1    1  1.08427E+14 0.00203 
   33   33    1    1    1    1    1    1    1    1  1.95978E+14 0.00167 
   34   34    1    1    1    1    1    1    1    1  2.11399E+14 0.00175 
   35   35    1    1    1    1    1    1    1    1  2.79705E+14 0.00133 
   36   36    1    1    1    1    1    1    1    1  2.37406E+14 0.00110 
   37   37    1    1    1    1    1    1    1    1  7.37548E+13 0.00113 
   38   38    1    1    1    1    1    1    1    1  3.30940E+14 0.00123 
   39   39    1    1    1    1    1    1    1    1  3.79902E+14 0.00075 
   40   40    1    1    1    1    1    1    1    1  6.25040E+14 0.00085 
   41   41    1    1    1    1    1    1    1    1  5.78210E+14 0.00099 
   42   42    1    1    1    1    1    1    1    1  9.73694E+14 0.00078 
   43   43    1    1    1    1    1    1    1    1  1.01252E+15 0.00091 
   44   44    1    1    1    1    1    1    1    1  1.26496E+15 0.00072 
   45   45    1    1    1    1    1    1    1    1  2.10112E+15 0.00079 
   46   46    1    1    1    1    1    1    1    1  1.19638E+15 0.00083 
   47   47    1    1    1    1    1    1    1    1  1.59312E+15 0.00065 
   48   48    1    1    1    1    1    1    1    1  2.22653E+15 0.00089 
   49   49    1    1    1    1    1    1    1    1  1.93391E+15 0.00090 
   50   50    1    1    1    1    1    1    1    1  2.96805E+15 0.00101 
   51   51    1    1    1    1    1    1    1    1  2.32029E+15 0.00076 
   52   52    1    1    1    1    1    1    1    1  2.58697E+15 0.00099 
   53   53    1    1    1    1    1    1    1    1  1.87773E+15 0.00102 
   54   54    1    1    1    1    1    1    1    1  2.28348E+15 0.00090 
   55   55    1    1    1    1    1    1    1    1  1.65875E+15 0.00080 
   56   56    1    1    1    1    1    1    1    1  2.31442E+14 0.00103 
   57   57    1    1    1    1    1    1    1    1  3.17867E+15 0.00086 
   58   58    1    1    1    1    1    1    1    1  1.39719E+15 0.00087 
   59   59    1    1    1    1    1    1    1    1  1.53816E+15 0.00096 
   60   60    1    1    1    1    1    1    1    1  1.25312E+15 0.00126 
   61   61    1    1    1    1    1    1    1    1  1.25606E+15 0.00103 
   62   62    1    1    1    1    1    1    1    1  1.23626E+15 0.00101 
   63   63    1    1    1    1    1    1    1    1  1.03359E+15 0.00077 
   64   64    1    1    1    1    1    1    1    1  8.10555E+14 0.00104 
   65   65    1    1    1    1    1    1    1    1  7.84179E+14 0.00103 
   66   66    1    1    1    1    1    1    1    1  6.68271E+14 0.00114 
   67   67    1    1    1    1    1    1    1    1  5.53191E+14 0.00105 
   68   68    1    1    1    1    1    1    1    1  4.82891E+14 0.00116 
   69   69    1    1    1    1    1    1    1    1  5.93034E+14 0.00128 
   70   70    1    1    1    1    1    1    1    1  5.11157E+14 0.00147 
   71   71    1    1    1    1    1    1    1    1  9.64533E+14 0.00110 
   72   72    1    1    1    1    1    1    1    1  7.17065E+14 0.00138 
   73   73    1    1    1    1    1    1    1    1  5.63960E+14 0.00153 
   74   74    1    1    1    1    1    1    1    1  4.60131E+14 0.00155 
   75   75    1    1    1    1    1    1    1    1  3.78158E+14 0.00131 
   76   76    1    1    1    1    1    1    1    1  4.32274E+14 0.00124 
   77   77    1    1    1    1    1    1    1    1  3.36307E+14 0.00181 
   78   78    1    1    1    1    1    1    1    1  2.55247E+14 0.00162 
   79   79    1    1    1    1    1    1    1    1  2.65582E+14 0.00148 
   80   80    1    1    1    1    1    1    1    1  1.99300E+14 0.00191 
   81   81    1    1    1    1    1    1    1    1  1.54210E+14 0.00202 
   82   82    1    1    1    1    1    1    1    1  1.19608E+14 0.00134 
   83   83    1    1    1    1    1    1    1    1  1.11910E+14 0.00294 
   84   84    1    1    1    1    1    1    1    1  8.03180E+13 0.00268 
   85   85    1    1    1    1    1    1    1    1  5.81109E+13 0.00258 
   86   86    1    1    1    1    1    1    1    1  5.44443E+13 0.00273 
   87   87    1    1    1    1    1    1    1    1  3.35564E+13 0.00451 
   88   88    1    1    1    1    1    1    1    1  2.26243E+13 0.00573 
   89   89    1    1    1    1    1    1    1    1  1.30737E+13 0.00759 
   90   90    1    1    1    1    1    1    1    1  8.75194E+12 0.00723 
   91   91    1    1    1    1    1    1    1    1  4.39099E+12 0.00956 
   92   92    1    1    1    1    1    1    1    1  2.15003E+12 0.02085 
   93   93    1    1    1    1    1    1    1    1  1.07313E+12 0.03107 
   94   94    1    1    1    1    1    1    1    1  5.14037E+11 0.03163 
   95   95    1    1    1    1    1    1    1    1  2.25294E+11 0.06622 
   96   96    1    1    1    1    1    1    1    1  1.15883E+11 0.07880 
   97   97    1    1    1    1    1    1    1    1  4.45839E+10 0.12380 
   98   98    1    1    1    1    1    1    1    1  1.97303E+10 0.12764 
   99   99    1    1    1    1    1    1    1    1  1.25257E+10 0.18188 
  100  100    1    1    1    1    1    1    1    1  6.10280E+09 0.25517 
];


