
DETdpaspec = [
    1    1    1    1    1    1    1    1    1    1  0.00000E+00 0.00000 
    2    2    1    1    1    1    1    1    1    1  0.00000E+00 0.00000 
    3    3    1    1    1    1    1    1    1    1  0.00000E+00 0.00000 
    4    4    1    1    1    1    1    1    1    1  0.00000E+00 0.00000 
    5    5    1    1    1    1    1    1    1    1  0.00000E+00 0.00000 
    6    6    1    1    1    1    1    1    1    1  8.40569E+06 1.00000 
    7    7    1    1    1    1    1    1    1    1  1.33762E+07 1.00000 
    8    8    1    1    1    1    1    1    1    1  3.01573E+07 0.69432 
    9    9    1    1    1    1    1    1    1    1  7.16507E+07 0.45059 
   10   10    1    1    1    1    1    1    1    1  1.71806E+08 0.68835 
   11   11    1    1    1    1    1    1    1    1  5.48274E+08 0.52303 
   12   12    1    1    1    1    1    1    1    1  1.67600E+08 0.31727 
   13   13    1    1    1    1    1    1    1    1  3.04158E+09 0.26542 
   14   14    1    1    1    1    1    1    1    1  6.03642E+09 0.26830 
   15   15    1    1    1    1    1    1    1    1  6.05941E+09 0.26978 
   16   16    1    1    1    1    1    1    1    1  5.26426E+09 0.23987 
   17   17    1    1    1    1    1    1    1    1  1.06739E+10 0.13428 
   18   18    1    1    1    1    1    1    1    1  1.95825E+10 0.11215 
   19   19    1    1    1    1    1    1    1    1  2.93838E+10 0.07976 
   20   20    1    1    1    1    1    1    1    1  8.41336E+10 0.07534 
   21   21    1    1    1    1    1    1    1    1  7.20470E+10 0.05602 
   22   22    1    1    1    1    1    1    1    1  1.79725E+11 0.04715 
   23   23    1    1    1    1    1    1    1    1  3.54395E+11 0.03361 
   24   24    1    1    1    1    1    1    1    1  7.24376E+11 0.02562 
   25   25    1    1    1    1    1    1    1    1  1.10745E+12 0.01924 
   26   26    1    1    1    1    1    1    1    1  2.32311E+12 0.01325 
   27   27    1    1    1    1    1    1    1    1  4.54658E+12 0.01002 
   28   28    1    1    1    1    1    1    1    1  9.26851E+12 0.00684 
   29   29    1    1    1    1    1    1    1    1  1.18166E+13 0.00461 
   30   30    1    1    1    1    1    1    1    1  2.70245E+13 0.00342 
   31   31    1    1    1    1    1    1    1    1  5.62744E+13 0.00352 
   32   32    1    1    1    1    1    1    1    1  7.41865E+13 0.00350 
   33   33    1    1    1    1    1    1    1    1  1.35975E+14 0.00240 
   34   34    1    1    1    1    1    1    1    1  1.42093E+14 0.00187 
   35   35    1    1    1    1    1    1    1    1  1.97936E+14 0.00176 
   36   36    1    1    1    1    1    1    1    1  1.69660E+14 0.00174 
   37   37    1    1    1    1    1    1    1    1  5.35786E+13 0.00176 
   38   38    1    1    1    1    1    1    1    1  2.36468E+14 0.00206 
   39   39    1    1    1    1    1    1    1    1  2.70895E+14 0.00191 
   40   40    1    1    1    1    1    1    1    1  4.38974E+14 0.00133 
   41   41    1    1    1    1    1    1    1    1  4.10838E+14 0.00162 
   42   42    1    1    1    1    1    1    1    1  6.82292E+14 0.00143 
   43   43    1    1    1    1    1    1    1    1  7.07653E+14 0.00122 
   44   44    1    1    1    1    1    1    1    1  8.79423E+14 0.00119 
   45   45    1    1    1    1    1    1    1    1  1.45026E+15 0.00120 
   46   46    1    1    1    1    1    1    1    1  8.18080E+14 0.00133 
   47   47    1    1    1    1    1    1    1    1  1.09525E+15 0.00109 
   48   48    1    1    1    1    1    1    1    1  1.52074E+15 0.00091 
   49   49    1    1    1    1    1    1    1    1  1.32503E+15 0.00114 
   50   50    1    1    1    1    1    1    1    1  2.00484E+15 0.00106 
   51   51    1    1    1    1    1    1    1    1  1.57235E+15 0.00140 
   52   52    1    1    1    1    1    1    1    1  1.73356E+15 0.00114 
   53   53    1    1    1    1    1    1    1    1  1.25601E+15 0.00146 
   54   54    1    1    1    1    1    1    1    1  1.50834E+15 0.00169 
   55   55    1    1    1    1    1    1    1    1  1.09549E+15 0.00138 
   56   56    1    1    1    1    1    1    1    1  1.52913E+14 0.00154 
   57   57    1    1    1    1    1    1    1    1  2.09533E+15 0.00135 
   58   58    1    1    1    1    1    1    1    1  9.08162E+14 0.00161 
   59   59    1    1    1    1    1    1    1    1  1.00176E+15 0.00137 
   60   60    1    1    1    1    1    1    1    1  8.04613E+14 0.00127 
   61   61    1    1    1    1    1    1    1    1  8.04998E+14 0.00158 
   62   62    1    1    1    1    1    1    1    1  7.91372E+14 0.00146 
   63   63    1    1    1    1    1    1    1    1  6.58011E+14 0.00186 
   64   64    1    1    1    1    1    1    1    1  5.13684E+14 0.00149 
   65   65    1    1    1    1    1    1    1    1  4.96311E+14 0.00169 
   66   66    1    1    1    1    1    1    1    1  4.20852E+14 0.00161 
   67   67    1    1    1    1    1    1    1    1  3.49601E+14 0.00202 
   68   68    1    1    1    1    1    1    1    1  3.05265E+14 0.00191 
   69   69    1    1    1    1    1    1    1    1  3.73899E+14 0.00168 
   70   70    1    1    1    1    1    1    1    1  3.22003E+14 0.00173 
   71   71    1    1    1    1    1    1    1    1  6.13185E+14 0.00164 
   72   72    1    1    1    1    1    1    1    1  4.57237E+14 0.00132 
   73   73    1    1    1    1    1    1    1    1  3.57384E+14 0.00203 
   74   74    1    1    1    1    1    1    1    1  2.90052E+14 0.00184 
   75   75    1    1    1    1    1    1    1    1  2.35608E+14 0.00183 
   76   76    1    1    1    1    1    1    1    1  2.66186E+14 0.00235 
   77   77    1    1    1    1    1    1    1    1  2.04939E+14 0.00184 
   78   78    1    1    1    1    1    1    1    1  1.55063E+14 0.00215 
   79   79    1    1    1    1    1    1    1    1  1.59440E+14 0.00217 
   80   80    1    1    1    1    1    1    1    1  1.19465E+14 0.00248 
   81   81    1    1    1    1    1    1    1    1  9.23171E+13 0.00326 
   82   82    1    1    1    1    1    1    1    1  7.17380E+13 0.00193 
   83   83    1    1    1    1    1    1    1    1  6.68611E+13 0.00200 
   84   84    1    1    1    1    1    1    1    1  4.77992E+13 0.00337 
   85   85    1    1    1    1    1    1    1    1  3.42590E+13 0.00305 
   86   86    1    1    1    1    1    1    1    1  3.23878E+13 0.00363 
   87   87    1    1    1    1    1    1    1    1  1.99737E+13 0.00641 
   88   88    1    1    1    1    1    1    1    1  1.34711E+13 0.00749 
   89   89    1    1    1    1    1    1    1    1  7.91014E+12 0.00927 
   90   90    1    1    1    1    1    1    1    1  5.28308E+12 0.00820 
   91   91    1    1    1    1    1    1    1    1  2.63666E+12 0.01382 
   92   92    1    1    1    1    1    1    1    1  1.29953E+12 0.02230 
   93   93    1    1    1    1    1    1    1    1  6.29553E+11 0.04087 
   94   94    1    1    1    1    1    1    1    1  3.04337E+11 0.04488 
   95   95    1    1    1    1    1    1    1    1  1.34111E+11 0.05203 
   96   96    1    1    1    1    1    1    1    1  6.74277E+10 0.08321 
   97   97    1    1    1    1    1    1    1    1  3.19031E+10 0.11711 
   98   98    1    1    1    1    1    1    1    1  1.75730E+10 0.16757 
   99   99    1    1    1    1    1    1    1    1  6.37493E+09 0.25628 
  100  100    1    1    1    1    1    1    1    1  3.83188E+09 0.28081 
];


