
DETdpaspec = [
    1    1    1    1    1    1    1    1    1    1  0.00000E+00 0.00000 
    2    2    1    1    1    1    1    1    1    1  0.00000E+00 0.00000 
    3    3    1    1    1    1    1    1    1    1  0.00000E+00 0.00000 
    4    4    1    1    1    1    1    1    1    1  1.57639E+07 0.68826 
    5    5    1    1    1    1    1    1    1    1  0.00000E+00 0.00000 
    6    6    1    1    1    1    1    1    1    1  9.80840E+06 1.00000 
    7    7    1    1    1    1    1    1    1    1  3.84523E+07 0.70440 
    8    8    1    1    1    1    1    1    1    1  1.62981E+07 1.00000 
    9    9    1    1    1    1    1    1    1    1  4.86412E+07 0.58226 
   10   10    1    1    1    1    1    1    1    1  5.22239E+08 0.38045 
   11   11    1    1    1    1    1    1    1    1  5.41575E+08 0.43322 
   12   12    1    1    1    1    1    1    1    1  1.44541E+08 0.38375 
   13   13    1    1    1    1    1    1    1    1  4.24943E+09 0.25504 
   14   14    1    1    1    1    1    1    1    1  5.17766E+09 0.27505 
   15   15    1    1    1    1    1    1    1    1  1.32276E+10 0.18391 
   16   16    1    1    1    1    1    1    1    1  4.08736E+09 0.14729 
   17   17    1    1    1    1    1    1    1    1  7.72554E+09 0.19002 
   18   18    1    1    1    1    1    1    1    1  2.83096E+10 0.08328 
   19   19    1    1    1    1    1    1    1    1  3.69198E+10 0.07772 
   20   20    1    1    1    1    1    1    1    1  1.13482E+11 0.05685 
   21   21    1    1    1    1    1    1    1    1  9.05457E+10 0.04967 
   22   22    1    1    1    1    1    1    1    1  2.54119E+11 0.04501 
   23   23    1    1    1    1    1    1    1    1  4.12353E+11 0.02534 
   24   24    1    1    1    1    1    1    1    1  7.42864E+11 0.01648 
   25   25    1    1    1    1    1    1    1    1  1.12753E+12 0.01481 
   26   26    1    1    1    1    1    1    1    1  2.18684E+12 0.01331 
   27   27    1    1    1    1    1    1    1    1  4.10263E+12 0.00968 
   28   28    1    1    1    1    1    1    1    1  7.80871E+12 0.00676 
   29   29    1    1    1    1    1    1    1    1  9.39235E+12 0.00698 
   30   30    1    1    1    1    1    1    1    1  2.16845E+13 0.00553 
   31   31    1    1    1    1    1    1    1    1  4.41783E+13 0.00386 
   32   32    1    1    1    1    1    1    1    1  5.75235E+13 0.00340 
   33   33    1    1    1    1    1    1    1    1  1.03801E+14 0.00286 
   34   34    1    1    1    1    1    1    1    1  1.05666E+14 0.00237 
   35   35    1    1    1    1    1    1    1    1  1.50351E+14 0.00201 
   36   36    1    1    1    1    1    1    1    1  1.28291E+14 0.00150 
   37   37    1    1    1    1    1    1    1    1  4.06268E+13 0.00163 
   38   38    1    1    1    1    1    1    1    1  1.76372E+14 0.00111 
   39   39    1    1    1    1    1    1    1    1  2.01599E+14 0.00158 
   40   40    1    1    1    1    1    1    1    1  3.22212E+14 0.00164 
   41   41    1    1    1    1    1    1    1    1  3.02736E+14 0.00138 
   42   42    1    1    1    1    1    1    1    1  4.95566E+14 0.00120 
   43   43    1    1    1    1    1    1    1    1  5.11410E+14 0.00106 
   44   44    1    1    1    1    1    1    1    1  6.31606E+14 0.00116 
   45   45    1    1    1    1    1    1    1    1  1.03032E+15 0.00092 
   46   46    1    1    1    1    1    1    1    1  5.78812E+14 0.00144 
   47   47    1    1    1    1    1    1    1    1  7.75821E+14 0.00140 
   48   48    1    1    1    1    1    1    1    1  1.07056E+15 0.00126 
   49   49    1    1    1    1    1    1    1    1  9.34230E+14 0.00128 
   50   50    1    1    1    1    1    1    1    1  1.39978E+15 0.00141 
   51   51    1    1    1    1    1    1    1    1  1.09870E+15 0.00143 
   52   52    1    1    1    1    1    1    1    1  1.20218E+15 0.00169 
   53   53    1    1    1    1    1    1    1    1  8.70348E+14 0.00183 
   54   54    1    1    1    1    1    1    1    1  1.03705E+15 0.00157 
   55   55    1    1    1    1    1    1    1    1  7.53473E+14 0.00157 
   56   56    1    1    1    1    1    1    1    1  1.05111E+14 0.00251 
   57   57    1    1    1    1    1    1    1    1  1.43861E+15 0.00151 
   58   58    1    1    1    1    1    1    1    1  6.16652E+14 0.00164 
   59   59    1    1    1    1    1    1    1    1  6.81880E+14 0.00166 
   60   60    1    1    1    1    1    1    1    1  5.42785E+14 0.00164 
   61   61    1    1    1    1    1    1    1    1  5.43548E+14 0.00157 
   62   62    1    1    1    1    1    1    1    1  5.32278E+14 0.00174 
   63   63    1    1    1    1    1    1    1    1  4.40441E+14 0.00150 
   64   64    1    1    1    1    1    1    1    1  3.42949E+14 0.00149 
   65   65    1    1    1    1    1    1    1    1  3.31669E+14 0.00150 
   66   66    1    1    1    1    1    1    1    1  2.80119E+14 0.00171 
   67   67    1    1    1    1    1    1    1    1  2.33078E+14 0.00233 
   68   68    1    1    1    1    1    1    1    1  2.03396E+14 0.00263 
   69   69    1    1    1    1    1    1    1    1  2.48842E+14 0.00191 
   70   70    1    1    1    1    1    1    1    1  2.15413E+14 0.00179 
   71   71    1    1    1    1    1    1    1    1  4.12060E+14 0.00202 
   72   72    1    1    1    1    1    1    1    1  3.06352E+14 0.00201 
   73   73    1    1    1    1    1    1    1    1  2.40024E+14 0.00229 
   74   74    1    1    1    1    1    1    1    1  1.93058E+14 0.00249 
   75   75    1    1    1    1    1    1    1    1  1.55274E+14 0.00221 
   76   76    1    1    1    1    1    1    1    1  1.74673E+14 0.00235 
   77   77    1    1    1    1    1    1    1    1  1.34069E+14 0.00308 
   78   78    1    1    1    1    1    1    1    1  1.00019E+14 0.00355 
   79   79    1    1    1    1    1    1    1    1  1.03309E+14 0.00274 
   80   80    1    1    1    1    1    1    1    1  7.69801E+13 0.00372 
   81   81    1    1    1    1    1    1    1    1  5.94115E+13 0.00309 
   82   82    1    1    1    1    1    1    1    1  4.58064E+13 0.00430 
   83   83    1    1    1    1    1    1    1    1  4.29148E+13 0.00525 
   84   84    1    1    1    1    1    1    1    1  3.05313E+13 0.00308 
   85   85    1    1    1    1    1    1    1    1  2.21308E+13 0.00563 
   86   86    1    1    1    1    1    1    1    1  2.06682E+13 0.00592 
   87   87    1    1    1    1    1    1    1    1  1.29831E+13 0.00476 
   88   88    1    1    1    1    1    1    1    1  8.75988E+12 0.00888 
   89   89    1    1    1    1    1    1    1    1  5.05760E+12 0.00919 
   90   90    1    1    1    1    1    1    1    1  3.41292E+12 0.01283 
   91   91    1    1    1    1    1    1    1    1  1.68874E+12 0.01676 
   92   92    1    1    1    1    1    1    1    1  8.50906E+11 0.02216 
   93   93    1    1    1    1    1    1    1    1  3.85388E+11 0.04134 
   94   94    1    1    1    1    1    1    1    1  1.98013E+11 0.04711 
   95   95    1    1    1    1    1    1    1    1  1.00704E+11 0.09647 
   96   96    1    1    1    1    1    1    1    1  5.06729E+10 0.11000 
   97   97    1    1    1    1    1    1    1    1  2.03063E+10 0.15879 
   98   98    1    1    1    1    1    1    1    1  1.36608E+10 0.25264 
   99   99    1    1    1    1    1    1    1    1  5.86088E+09 0.26285 
  100  100    1    1    1    1    1    1    1    1  4.39533E+09 0.34492 
];


