
DETdpaspec = [
    1    1    1    1    1    1    1    1    1    1  0.00000E+00 0.00000 
    2    2    1    1    1    1    1    1    1    1  0.00000E+00 0.00000 
    3    3    1    1    1    1    1    1    1    1  0.00000E+00 0.00000 
    4    4    1    1    1    1    1    1    1    1  8.87604E+06 1.00000 
    5    5    1    1    1    1    1    1    1    1  0.00000E+00 0.00000 
    6    6    1    1    1    1    1    1    1    1  8.91221E+06 1.00000 
    7    7    1    1    1    1    1    1    1    1  5.91916E+07 1.00000 
    8    8    1    1    1    1    1    1    1    1  1.76650E+07 1.00000 
    9    9    1    1    1    1    1    1    1    1  4.21994E+07 0.49782 
   10   10    1    1    1    1    1    1    1    1  1.76226E+08 0.81067 
   11   11    1    1    1    1    1    1    1    1  4.71021E+08 0.40364 
   12   12    1    1    1    1    1    1    1    1  2.15792E+08 0.63040 
   13   13    1    1    1    1    1    1    1    1  3.88168E+09 0.25879 
   14   14    1    1    1    1    1    1    1    1  7.91902E+09 0.20648 
   15   15    1    1    1    1    1    1    1    1  1.16187E+10 0.18462 
   16   16    1    1    1    1    1    1    1    1  2.58176E+09 0.16962 
   17   17    1    1    1    1    1    1    1    1  7.61207E+09 0.15652 
   18   18    1    1    1    1    1    1    1    1  2.07598E+10 0.10868 
   19   19    1    1    1    1    1    1    1    1  3.16808E+10 0.07076 
   20   20    1    1    1    1    1    1    1    1  8.30980E+10 0.10196 
   21   21    1    1    1    1    1    1    1    1  7.08335E+10 0.08652 
   22   22    1    1    1    1    1    1    1    1  1.94720E+11 0.04208 
   23   23    1    1    1    1    1    1    1    1  3.59053E+11 0.02700 
   24   24    1    1    1    1    1    1    1    1  7.15368E+11 0.02453 
   25   25    1    1    1    1    1    1    1    1  1.16215E+12 0.01718 
   26   26    1    1    1    1    1    1    1    1  2.40855E+12 0.01511 
   27   27    1    1    1    1    1    1    1    1  4.73095E+12 0.00916 
   28   28    1    1    1    1    1    1    1    1  9.87758E+12 0.00633 
   29   29    1    1    1    1    1    1    1    1  1.28113E+13 0.00577 
   30   30    1    1    1    1    1    1    1    1  2.86961E+13 0.00377 
   31   31    1    1    1    1    1    1    1    1  5.93843E+13 0.00283 
   32   32    1    1    1    1    1    1    1    1  7.93975E+13 0.00297 
   33   33    1    1    1    1    1    1    1    1  1.45175E+14 0.00190 
   34   34    1    1    1    1    1    1    1    1  1.52627E+14 0.00202 
   35   35    1    1    1    1    1    1    1    1  2.10485E+14 0.00188 
   36   36    1    1    1    1    1    1    1    1  1.80465E+14 0.00119 
   37   37    1    1    1    1    1    1    1    1  5.68553E+13 0.00160 
   38   38    1    1    1    1    1    1    1    1  2.51621E+14 0.00129 
   39   39    1    1    1    1    1    1    1    1  2.89125E+14 0.00137 
   40   40    1    1    1    1    1    1    1    1  4.69658E+14 0.00133 
   41   41    1    1    1    1    1    1    1    1  4.40341E+14 0.00127 
   42   42    1    1    1    1    1    1    1    1  7.33497E+14 0.00106 
   43   43    1    1    1    1    1    1    1    1  7.60660E+14 0.00105 
   44   44    1    1    1    1    1    1    1    1  9.46297E+14 0.00103 
   45   45    1    1    1    1    1    1    1    1  1.56353E+15 0.00093 
   46   46    1    1    1    1    1    1    1    1  8.83569E+14 0.00090 
   47   47    1    1    1    1    1    1    1    1  1.18364E+15 0.00079 
   48   48    1    1    1    1    1    1    1    1  1.64599E+15 0.00097 
   49   49    1    1    1    1    1    1    1    1  1.43199E+15 0.00112 
   50   50    1    1    1    1    1    1    1    1  2.17463E+15 0.00096 
   51   51    1    1    1    1    1    1    1    1  1.70518E+15 0.00105 
   52   52    1    1    1    1    1    1    1    1  1.88349E+15 0.00104 
   53   53    1    1    1    1    1    1    1    1  1.36577E+15 0.00100 
   54   54    1    1    1    1    1    1    1    1  1.64405E+15 0.00123 
   55   55    1    1    1    1    1    1    1    1  1.19246E+15 0.00114 
   56   56    1    1    1    1    1    1    1    1  1.66340E+14 0.00161 
   57   57    1    1    1    1    1    1    1    1  2.28170E+15 0.00104 
   58   58    1    1    1    1    1    1    1    1  9.92027E+14 0.00103 
   59   59    1    1    1    1    1    1    1    1  1.09272E+15 0.00085 
   60   60    1    1    1    1    1    1    1    1  8.79685E+14 0.00121 
   61   61    1    1    1    1    1    1    1    1  8.79835E+14 0.00118 
   62   62    1    1    1    1    1    1    1    1  8.65499E+14 0.00135 
   63   63    1    1    1    1    1    1    1    1  7.20953E+14 0.00144 
   64   64    1    1    1    1    1    1    1    1  5.62583E+14 0.00125 
   65   65    1    1    1    1    1    1    1    1  5.44002E+14 0.00146 
   66   66    1    1    1    1    1    1    1    1  4.61741E+14 0.00169 
   67   67    1    1    1    1    1    1    1    1  3.82772E+14 0.00193 
   68   68    1    1    1    1    1    1    1    1  3.35225E+14 0.00210 
   69   69    1    1    1    1    1    1    1    1  4.09816E+14 0.00120 
   70   70    1    1    1    1    1    1    1    1  3.53329E+14 0.00187 
   71   71    1    1    1    1    1    1    1    1  6.72867E+14 0.00169 
   72   72    1    1    1    1    1    1    1    1  5.00226E+14 0.00174 
   73   73    1    1    1    1    1    1    1    1  3.93038E+14 0.00132 
   74   74    1    1    1    1    1    1    1    1  3.18934E+14 0.00158 
   75   75    1    1    1    1    1    1    1    1  2.58485E+14 0.00120 
   76   76    1    1    1    1    1    1    1    1  2.93317E+14 0.00203 
   77   77    1    1    1    1    1    1    1    1  2.27065E+14 0.00211 
   78   78    1    1    1    1    1    1    1    1  1.71123E+14 0.00225 
   79   79    1    1    1    1    1    1    1    1  1.76425E+14 0.00197 
   80   80    1    1    1    1    1    1    1    1  1.32155E+14 0.00262 
   81   81    1    1    1    1    1    1    1    1  1.02109E+14 0.00255 
   82   82    1    1    1    1    1    1    1    1  7.90761E+13 0.00340 
   83   83    1    1    1    1    1    1    1    1  7.36985E+13 0.00269 
   84   84    1    1    1    1    1    1    1    1  5.29805E+13 0.00309 
   85   85    1    1    1    1    1    1    1    1  3.83781E+13 0.00442 
   86   86    1    1    1    1    1    1    1    1  3.61929E+13 0.00474 
   87   87    1    1    1    1    1    1    1    1  2.24059E+13 0.00520 
   88   88    1    1    1    1    1    1    1    1  1.52094E+13 0.00722 
   89   89    1    1    1    1    1    1    1    1  8.61169E+12 0.00866 
   90   90    1    1    1    1    1    1    1    1  5.77069E+12 0.00891 
   91   91    1    1    1    1    1    1    1    1  2.85954E+12 0.01458 
   92   92    1    1    1    1    1    1    1    1  1.45310E+12 0.02000 
   93   93    1    1    1    1    1    1    1    1  6.84329E+11 0.03473 
   94   94    1    1    1    1    1    1    1    1  3.36324E+11 0.04183 
   95   95    1    1    1    1    1    1    1    1  1.71345E+11 0.05795 
   96   96    1    1    1    1    1    1    1    1  6.38522E+10 0.08046 
   97   97    1    1    1    1    1    1    1    1  4.31695E+10 0.14566 
   98   98    1    1    1    1    1    1    1    1  1.55276E+10 0.21747 
   99   99    1    1    1    1    1    1    1    1  7.57276E+09 0.25638 
  100  100    1    1    1    1    1    1    1    1  9.55114E+09 0.31285 
];


