
DETdpaspec = [
    1    1    1    1    1    1    1    1    1    1  0.00000E+00 0.00000 
    2    2    1    1    1    1    1    1    1    1  3.66833E+06 1.00000 
    3    3    1    1    1    1    1    1    1    1  0.00000E+00 0.00000 
    4    4    1    1    1    1    1    1    1    1  0.00000E+00 0.00000 
    5    5    1    1    1    1    1    1    1    1  0.00000E+00 0.00000 
    6    6    1    1    1    1    1    1    1    1  8.65409E+06 1.00000 
    7    7    1    1    1    1    1    1    1    1  1.03618E+07 1.00000 
    8    8    1    1    1    1    1    1    1    1  1.50304E+07 1.00000 
    9    9    1    1    1    1    1    1    1    1  6.55754E+07 0.38279 
   10   10    1    1    1    1    1    1    1    1  2.41635E+08 0.65587 
   11   11    1    1    1    1    1    1    1    1  4.25611E+08 0.61220 
   12   12    1    1    1    1    1    1    1    1  1.71325E+08 0.40598 
   13   13    1    1    1    1    1    1    1    1  4.02664E+09 0.20494 
   14   14    1    1    1    1    1    1    1    1  9.85148E+09 0.23099 
   15   15    1    1    1    1    1    1    1    1  7.45774E+09 0.21632 
   16   16    1    1    1    1    1    1    1    1  3.99570E+09 0.22824 
   17   17    1    1    1    1    1    1    1    1  7.86601E+09 0.16378 
   18   18    1    1    1    1    1    1    1    1  2.12659E+10 0.13642 
   19   19    1    1    1    1    1    1    1    1  2.69131E+10 0.09889 
   20   20    1    1    1    1    1    1    1    1  8.40407E+10 0.07936 
   21   21    1    1    1    1    1    1    1    1  7.08976E+10 0.06976 
   22   22    1    1    1    1    1    1    1    1  2.03697E+11 0.03485 
   23   23    1    1    1    1    1    1    1    1  3.71150E+11 0.03559 
   24   24    1    1    1    1    1    1    1    1  7.31922E+11 0.02369 
   25   25    1    1    1    1    1    1    1    1  1.20739E+12 0.01763 
   26   26    1    1    1    1    1    1    1    1  2.45311E+12 0.01125 
   27   27    1    1    1    1    1    1    1    1  4.75151E+12 0.00987 
   28   28    1    1    1    1    1    1    1    1  9.74032E+12 0.00444 
   29   29    1    1    1    1    1    1    1    1  1.26829E+13 0.00409 
   30   30    1    1    1    1    1    1    1    1  2.82586E+13 0.00404 
   31   31    1    1    1    1    1    1    1    1  5.88267E+13 0.00267 
   32   32    1    1    1    1    1    1    1    1  7.83750E+13 0.00263 
   33   33    1    1    1    1    1    1    1    1  1.42688E+14 0.00243 
   34   34    1    1    1    1    1    1    1    1  1.49811E+14 0.00210 
   35   35    1    1    1    1    1    1    1    1  2.07559E+14 0.00129 
   36   36    1    1    1    1    1    1    1    1  1.77688E+14 0.00156 
   37   37    1    1    1    1    1    1    1    1  5.60230E+13 0.00169 
   38   38    1    1    1    1    1    1    1    1  2.47243E+14 0.00177 
   39   39    1    1    1    1    1    1    1    1  2.84419E+14 0.00179 
   40   40    1    1    1    1    1    1    1    1  4.61262E+14 0.00128 
   41   41    1    1    1    1    1    1    1    1  4.31545E+14 0.00168 
   42   42    1    1    1    1    1    1    1    1  7.18302E+14 0.00143 
   43   43    1    1    1    1    1    1    1    1  7.46519E+14 0.00137 
   44   44    1    1    1    1    1    1    1    1  9.28092E+14 0.00104 
   45   45    1    1    1    1    1    1    1    1  1.53050E+15 0.00131 
   46   46    1    1    1    1    1    1    1    1  8.64687E+14 0.00129 
   47   47    1    1    1    1    1    1    1    1  1.15892E+15 0.00112 
   48   48    1    1    1    1    1    1    1    1  1.60939E+15 0.00123 
   49   49    1    1    1    1    1    1    1    1  1.40134E+15 0.00096 
   50   50    1    1    1    1    1    1    1    1  2.12552E+15 0.00123 
   51   51    1    1    1    1    1    1    1    1  1.66577E+15 0.00105 
   52   52    1    1    1    1    1    1    1    1  1.83945E+15 0.00127 
   53   53    1    1    1    1    1    1    1    1  1.33290E+15 0.00128 
   54   54    1    1    1    1    1    1    1    1  1.60417E+15 0.00126 
   55   55    1    1    1    1    1    1    1    1  1.16265E+15 0.00127 
   56   56    1    1    1    1    1    1    1    1  1.62167E+14 0.00147 
   57   57    1    1    1    1    1    1    1    1  2.22438E+15 0.00131 
   58   58    1    1    1    1    1    1    1    1  9.64086E+14 0.00134 
   59   59    1    1    1    1    1    1    1    1  1.06507E+15 0.00148 
   60   60    1    1    1    1    1    1    1    1  8.57885E+14 0.00150 
   61   61    1    1    1    1    1    1    1    1  8.58526E+14 0.00145 
   62   62    1    1    1    1    1    1    1    1  8.43868E+14 0.00153 
   63   63    1    1    1    1    1    1    1    1  7.01862E+14 0.00158 
   64   64    1    1    1    1    1    1    1    1  5.48280E+14 0.00165 
   65   65    1    1    1    1    1    1    1    1  5.29766E+14 0.00196 
   66   66    1    1    1    1    1    1    1    1  4.50064E+14 0.00149 
   67   67    1    1    1    1    1    1    1    1  3.72930E+14 0.00135 
   68   68    1    1    1    1    1    1    1    1  3.25337E+14 0.00184 
   69   69    1    1    1    1    1    1    1    1  3.99042E+14 0.00177 
   70   70    1    1    1    1    1    1    1    1  3.43829E+14 0.00166 
   71   71    1    1    1    1    1    1    1    1  6.55694E+14 0.00146 
   72   72    1    1    1    1    1    1    1    1  4.87282E+14 0.00197 
   73   73    1    1    1    1    1    1    1    1  3.82259E+14 0.00187 
   74   74    1    1    1    1    1    1    1    1  3.10288E+14 0.00199 
   75   75    1    1    1    1    1    1    1    1  2.52202E+14 0.00191 
   76   76    1    1    1    1    1    1    1    1  2.84874E+14 0.00210 
   77   77    1    1    1    1    1    1    1    1  2.20806E+14 0.00223 
   78   78    1    1    1    1    1    1    1    1  1.66148E+14 0.00243 
   79   79    1    1    1    1    1    1    1    1  1.71604E+14 0.00228 
   80   80    1    1    1    1    1    1    1    1  1.28854E+14 0.00235 
   81   81    1    1    1    1    1    1    1    1  9.92175E+13 0.00331 
   82   82    1    1    1    1    1    1    1    1  7.69979E+13 0.00289 
   83   83    1    1    1    1    1    1    1    1  7.20692E+13 0.00367 
   84   84    1    1    1    1    1    1    1    1  5.16369E+13 0.00476 
   85   85    1    1    1    1    1    1    1    1  3.73948E+13 0.00529 
   86   86    1    1    1    1    1    1    1    1  3.50178E+13 0.00331 
   87   87    1    1    1    1    1    1    1    1  2.16495E+13 0.00520 
   88   88    1    1    1    1    1    1    1    1  1.46896E+13 0.00760 
   89   89    1    1    1    1    1    1    1    1  8.41525E+12 0.00865 
   90   90    1    1    1    1    1    1    1    1  5.65028E+12 0.01097 
   91   91    1    1    1    1    1    1    1    1  2.84458E+12 0.01080 
   92   92    1    1    1    1    1    1    1    1  1.40581E+12 0.01896 
   93   93    1    1    1    1    1    1    1    1  6.84099E+11 0.03242 
   94   94    1    1    1    1    1    1    1    1  3.49182E+11 0.03663 
   95   95    1    1    1    1    1    1    1    1  1.57507E+11 0.05608 
   96   96    1    1    1    1    1    1    1    1  7.00516E+10 0.10491 
   97   97    1    1    1    1    1    1    1    1  3.61461E+10 0.16251 
   98   98    1    1    1    1    1    1    1    1  1.49361E+10 0.16776 
   99   99    1    1    1    1    1    1    1    1  1.18196E+10 0.20204 
  100  100    1    1    1    1    1    1    1    1  7.73898E+09 0.36310 
];


