
DETdpaspec = [
    1    1    1    1    1    1    1    1    1    1  0.00000E+00 0.00000 
    2    2    1    1    1    1    1    1    1    1  0.00000E+00 0.00000 
    3    3    1    1    1    1    1    1    1    1  0.00000E+00 0.00000 
    4    4    1    1    1    1    1    1    1    1  0.00000E+00 0.00000 
    5    5    1    1    1    1    1    1    1    1  9.69206E+06 1.00000 
    6    6    1    1    1    1    1    1    1    1  0.00000E+00 0.00000 
    7    7    1    1    1    1    1    1    1    1  0.00000E+00 0.00000 
    8    8    1    1    1    1    1    1    1    1  5.16408E+07 0.62412 
    9    9    1    1    1    1    1    1    1    1  1.50136E+07 1.00000 
   10   10    1    1    1    1    1    1    1    1  1.45283E+08 0.65130 
   11   11    1    1    1    1    1    1    1    1  2.70998E+08 0.41865 
   12   12    1    1    1    1    1    1    1    1  9.11841E+07 0.52167 
   13   13    1    1    1    1    1    1    1    1  4.25504E+09 0.34933 
   14   14    1    1    1    1    1    1    1    1  5.10133E+09 0.27271 
   15   15    1    1    1    1    1    1    1    1  1.33518E+10 0.24028 
   16   16    1    1    1    1    1    1    1    1  4.43015E+09 0.28066 
   17   17    1    1    1    1    1    1    1    1  7.37506E+09 0.16353 
   18   18    1    1    1    1    1    1    1    1  1.80725E+10 0.10747 
   19   19    1    1    1    1    1    1    1    1  2.85765E+10 0.08059 
   20   20    1    1    1    1    1    1    1    1  8.41982E+10 0.06998 
   21   21    1    1    1    1    1    1    1    1  6.22241E+10 0.05794 
   22   22    1    1    1    1    1    1    1    1  1.78413E+11 0.03622 
   23   23    1    1    1    1    1    1    1    1  3.59567E+11 0.02873 
   24   24    1    1    1    1    1    1    1    1  7.53100E+11 0.02121 
   25   25    1    1    1    1    1    1    1    1  1.24325E+12 0.01588 
   26   26    1    1    1    1    1    1    1    1  2.57260E+12 0.01178 
   27   27    1    1    1    1    1    1    1    1  5.16354E+12 0.00899 
   28   28    1    1    1    1    1    1    1    1  1.06112E+13 0.00704 
   29   29    1    1    1    1    1    1    1    1  1.38074E+13 0.00508 
   30   30    1    1    1    1    1    1    1    1  3.01522E+13 0.00454 
   31   31    1    1    1    1    1    1    1    1  6.29871E+13 0.00414 
   32   32    1    1    1    1    1    1    1    1  8.39061E+13 0.00275 
   33   33    1    1    1    1    1    1    1    1  1.53192E+14 0.00163 
   34   34    1    1    1    1    1    1    1    1  1.62018E+14 0.00183 
   35   35    1    1    1    1    1    1    1    1  2.22458E+14 0.00136 
   36   36    1    1    1    1    1    1    1    1  1.90158E+14 0.00158 
   37   37    1    1    1    1    1    1    1    1  5.99406E+13 0.00161 
   38   38    1    1    1    1    1    1    1    1  2.65250E+14 0.00174 
   39   39    1    1    1    1    1    1    1    1  3.04571E+14 0.00171 
   40   40    1    1    1    1    1    1    1    1  4.97042E+14 0.00146 
   41   41    1    1    1    1    1    1    1    1  4.64164E+14 0.00134 
   42   42    1    1    1    1    1    1    1    1  7.75961E+14 0.00120 
   43   43    1    1    1    1    1    1    1    1  8.05130E+14 0.00122 
   44   44    1    1    1    1    1    1    1    1  1.00218E+15 0.00127 
   45   45    1    1    1    1    1    1    1    1  1.65565E+15 0.00115 
   46   46    1    1    1    1    1    1    1    1  9.38176E+14 0.00106 
   47   47    1    1    1    1    1    1    1    1  1.25416E+15 0.00118 
   48   48    1    1    1    1    1    1    1    1  1.74725E+15 0.00112 
   49   49    1    1    1    1    1    1    1    1  1.51983E+15 0.00124 
   50   50    1    1    1    1    1    1    1    1  2.31235E+15 0.00086 
   51   51    1    1    1    1    1    1    1    1  1.81187E+15 0.00094 
   52   52    1    1    1    1    1    1    1    1  2.00303E+15 0.00105 
   53   53    1    1    1    1    1    1    1    1  1.45515E+15 0.00089 
   54   54    1    1    1    1    1    1    1    1  1.75199E+15 0.00095 
   55   55    1    1    1    1    1    1    1    1  1.27297E+15 0.00121 
   56   56    1    1    1    1    1    1    1    1  1.77615E+14 0.00171 
   57   57    1    1    1    1    1    1    1    1  2.43400E+15 0.00100 
   58   58    1    1    1    1    1    1    1    1  1.05819E+15 0.00112 
   59   59    1    1    1    1    1    1    1    1  1.16842E+15 0.00123 
   60   60    1    1    1    1    1    1    1    1  9.43134E+14 0.00125 
   61   61    1    1    1    1    1    1    1    1  9.44314E+14 0.00107 
   62   62    1    1    1    1    1    1    1    1  9.28494E+14 0.00138 
   63   63    1    1    1    1    1    1    1    1  7.72821E+14 0.00136 
   64   64    1    1    1    1    1    1    1    1  6.05072E+14 0.00127 
   65   65    1    1    1    1    1    1    1    1  5.84421E+14 0.00164 
   66   66    1    1    1    1    1    1    1    1  4.96304E+14 0.00156 
   67   67    1    1    1    1    1    1    1    1  4.12030E+14 0.00148 
   68   68    1    1    1    1    1    1    1    1  3.59039E+14 0.00164 
   69   69    1    1    1    1    1    1    1    1  4.39833E+14 0.00141 
   70   70    1    1    1    1    1    1    1    1  3.79679E+14 0.00174 
   71   71    1    1    1    1    1    1    1    1  7.21113E+14 0.00129 
   72   72    1    1    1    1    1    1    1    1  5.37319E+14 0.00119 
   73   73    1    1    1    1    1    1    1    1  4.21865E+14 0.00165 
   74   74    1    1    1    1    1    1    1    1  3.42137E+14 0.00152 
   75   75    1    1    1    1    1    1    1    1  2.78069E+14 0.00163 
   76   76    1    1    1    1    1    1    1    1  3.15535E+14 0.00168 
   77   77    1    1    1    1    1    1    1    1  2.44398E+14 0.00161 
   78   78    1    1    1    1    1    1    1    1  1.84550E+14 0.00207 
   79   79    1    1    1    1    1    1    1    1  1.91334E+14 0.00145 
   80   80    1    1    1    1    1    1    1    1  1.42982E+14 0.00219 
   81   81    1    1    1    1    1    1    1    1  1.10622E+14 0.00248 
   82   82    1    1    1    1    1    1    1    1  8.55269E+13 0.00271 
   83   83    1    1    1    1    1    1    1    1  7.97409E+13 0.00339 
   84   84    1    1    1    1    1    1    1    1  5.73882E+13 0.00334 
   85   85    1    1    1    1    1    1    1    1  4.15502E+13 0.00265 
   86   86    1    1    1    1    1    1    1    1  3.89025E+13 0.00385 
   87   87    1    1    1    1    1    1    1    1  2.39110E+13 0.00446 
   88   88    1    1    1    1    1    1    1    1  1.63589E+13 0.00654 
   89   89    1    1    1    1    1    1    1    1  9.30005E+12 0.00913 
   90   90    1    1    1    1    1    1    1    1  6.34098E+12 0.01079 
   91   91    1    1    1    1    1    1    1    1  3.18740E+12 0.01195 
   92   92    1    1    1    1    1    1    1    1  1.50091E+12 0.02472 
   93   93    1    1    1    1    1    1    1    1  7.52583E+11 0.02507 
   94   94    1    1    1    1    1    1    1    1  3.41312E+11 0.04624 
   95   95    1    1    1    1    1    1    1    1  1.77792E+11 0.06087 
   96   96    1    1    1    1    1    1    1    1  8.67481E+10 0.08049 
   97   97    1    1    1    1    1    1    1    1  4.14932E+10 0.11520 
   98   98    1    1    1    1    1    1    1    1  1.91447E+10 0.18687 
   99   99    1    1    1    1    1    1    1    1  7.91891E+09 0.28003 
  100  100    1    1    1    1    1    1    1    1  7.03313E+09 0.23276 
];


