
DETdpaspec = [
    1    1    1    1    1    1    1    1    1    1  0.00000E+00 0.00000 
    2    2    1    1    1    1    1    1    1    1  0.00000E+00 0.00000 
    3    3    1    1    1    1    1    1    1    1  0.00000E+00 0.00000 
    4    4    1    1    1    1    1    1    1    1  0.00000E+00 0.00000 
    5    5    1    1    1    1    1    1    1    1  0.00000E+00 0.00000 
    6    6    1    1    1    1    1    1    1    1  0.00000E+00 0.00000 
    7    7    1    1    1    1    1    1    1    1  0.00000E+00 0.00000 
    8    8    1    1    1    1    1    1    1    1  0.00000E+00 0.00000 
    9    9    1    1    1    1    1    1    1    1  1.78007E+07 0.69447 
   10   10    1    1    1    1    1    1    1    1  0.00000E+00 0.00000 
   11   11    1    1    1    1    1    1    1    1  7.11369E+07 1.00000 
   12   12    1    1    1    1    1    1    1    1  7.09542E+08 0.39646 
   13   13    1    1    1    1    1    1    1    1  3.80626E+09 0.39086 
   14   14    1    1    1    1    1    1    1    1  5.59253E+09 0.37434 
   15   15    1    1    1    1    1    1    1    1  5.49208E+09 0.30069 
   16   16    1    1    1    1    1    1    1    1  2.54119E+09 0.39268 
   17   17    1    1    1    1    1    1    1    1  6.17180E+09 0.24893 
   18   18    1    1    1    1    1    1    1    1  1.07757E+10 0.17357 
   19   19    1    1    1    1    1    1    1    1  1.74800E+10 0.14688 
   20   20    1    1    1    1    1    1    1    1  7.37558E+10 0.09467 
   21   21    1    1    1    1    1    1    1    1  1.36881E+11 0.05097 
   22   22    1    1    1    1    1    1    1    1  6.84457E+11 0.02489 
   23   23    1    1    1    1    1    1    1    1  2.22378E+12 0.01282 
   24   24    1    1    1    1    1    1    1    1  5.23894E+12 0.01114 
   25   25    1    1    1    1    1    1    1    1  8.04764E+12 0.00961 
   26   26    1    1    1    1    1    1    1    1  1.45984E+13 0.00507 
   27   27    1    1    1    1    1    1    1    1  2.40144E+13 0.00298 
   28   28    1    1    1    1    1    1    1    1  4.34017E+13 0.00301 
   29   29    1    1    1    1    1    1    1    1  5.79588E+13 0.00363 
   30   30    1    1    1    1    1    1    1    1  9.49271E+13 0.00285 
   31   31    1    1    1    1    1    1    1    1  1.70740E+14 0.00258 
   32   32    1    1    1    1    1    1    1    1  2.07804E+14 0.00160 
   33   33    1    1    1    1    1    1    1    1  3.45714E+14 0.00150 
   34   34    1    1    1    1    1    1    1    1  3.73876E+14 0.00095 
   35   35    1    1    1    1    1    1    1    1  4.37070E+14 0.00127 
   36   36    1    1    1    1    1    1    1    1  3.50984E+14 0.00119 
   37   37    1    1    1    1    1    1    1    1  1.05133E+14 0.00135 
   38   38    1    1    1    1    1    1    1    1  4.77736E+14 0.00101 
   39   39    1    1    1    1    1    1    1    1  5.39723E+14 0.00117 
   40   40    1    1    1    1    1    1    1    1  8.87701E+14 0.00094 
   41   41    1    1    1    1    1    1    1    1  7.92086E+14 0.00082 
   42   42    1    1    1    1    1    1    1    1  1.33164E+15 0.00075 
   43   43    1    1    1    1    1    1    1    1  1.36910E+15 0.00071 
   44   44    1    1    1    1    1    1    1    1  1.69779E+15 0.00059 
   45   45    1    1    1    1    1    1    1    1  2.78554E+15 0.00070 
   46   46    1    1    1    1    1    1    1    1  1.57564E+15 0.00059 
   47   47    1    1    1    1    1    1    1    1  2.06566E+15 0.00067 
   48   48    1    1    1    1    1    1    1    1  2.88028E+15 0.00066 
   49   49    1    1    1    1    1    1    1    1  2.45827E+15 0.00082 
   50   50    1    1    1    1    1    1    1    1  3.80127E+15 0.00074 
   51   51    1    1    1    1    1    1    1    1  2.92934E+15 0.00075 
   52   52    1    1    1    1    1    1    1    1  3.28085E+15 0.00082 
   53   53    1    1    1    1    1    1    1    1  2.37358E+15 0.00093 
   54   54    1    1    1    1    1    1    1    1  2.90680E+15 0.00077 
   55   55    1    1    1    1    1    1    1    1  2.10315E+15 0.00098 
   56   56    1    1    1    1    1    1    1    1  2.91868E+14 0.00128 
   57   57    1    1    1    1    1    1    1    1  4.01995E+15 0.00085 
   58   58    1    1    1    1    1    1    1    1  1.79232E+15 0.00096 
   59   59    1    1    1    1    1    1    1    1  1.95615E+15 0.00083 
   60   60    1    1    1    1    1    1    1    1  1.61138E+15 0.00082 
   61   61    1    1    1    1    1    1    1    1  1.61221E+15 0.00089 
   62   62    1    1    1    1    1    1    1    1  1.58877E+15 0.00098 
   63   63    1    1    1    1    1    1    1    1  1.33173E+15 0.00118 
   64   64    1    1    1    1    1    1    1    1  1.04426E+15 0.00100 
   65   65    1    1    1    1    1    1    1    1  1.00546E+15 0.00097 
   66   66    1    1    1    1    1    1    1    1  8.59121E+14 0.00106 
   67   67    1    1    1    1    1    1    1    1  7.08423E+14 0.00107 
   68   68    1    1    1    1    1    1    1    1  6.15578E+14 0.00128 
   69   69    1    1    1    1    1    1    1    1  7.55081E+14 0.00112 
   70   70    1    1    1    1    1    1    1    1  6.49811E+14 0.00132 
   71   71    1    1    1    1    1    1    1    1  1.20778E+15 0.00104 
   72   72    1    1    1    1    1    1    1    1  8.88644E+14 0.00128 
   73   73    1    1    1    1    1    1    1    1  6.98944E+14 0.00127 
   74   74    1    1    1    1    1    1    1    1  5.78238E+14 0.00127 
   75   75    1    1    1    1    1    1    1    1  4.78444E+14 0.00113 
   76   76    1    1    1    1    1    1    1    1  5.52776E+14 0.00088 
   77   77    1    1    1    1    1    1    1    1  4.36444E+14 0.00120 
   78   78    1    1    1    1    1    1    1    1  3.34247E+14 0.00082 
   79   79    1    1    1    1    1    1    1    1  3.49553E+14 0.00119 
   80   80    1    1    1    1    1    1    1    1  2.62903E+14 0.00142 
   81   81    1    1    1    1    1    1    1    1  2.04564E+14 0.00108 
   82   82    1    1    1    1    1    1    1    1  1.58266E+14 0.00238 
   83   83    1    1    1    1    1    1    1    1  1.47965E+14 0.00199 
   84   84    1    1    1    1    1    1    1    1  1.06286E+14 0.00318 
   85   85    1    1    1    1    1    1    1    1  7.71172E+13 0.00278 
   86   86    1    1    1    1    1    1    1    1  7.19086E+13 0.00347 
   87   87    1    1    1    1    1    1    1    1  4.41366E+13 0.00435 
   88   88    1    1    1    1    1    1    1    1  2.97503E+13 0.00345 
   89   89    1    1    1    1    1    1    1    1  1.69802E+13 0.00622 
   90   90    1    1    1    1    1    1    1    1  1.10726E+13 0.00701 
   91   91    1    1    1    1    1    1    1    1  5.59618E+12 0.00827 
   92   92    1    1    1    1    1    1    1    1  2.73267E+12 0.01315 
   93   93    1    1    1    1    1    1    1    1  1.26942E+12 0.01663 
   94   94    1    1    1    1    1    1    1    1  6.12101E+11 0.02594 
   95   95    1    1    1    1    1    1    1    1  3.04500E+11 0.05274 
   96   96    1    1    1    1    1    1    1    1  1.38010E+11 0.05348 
   97   97    1    1    1    1    1    1    1    1  7.24965E+10 0.09912 
   98   98    1    1    1    1    1    1    1    1  3.23777E+10 0.15630 
   99   99    1    1    1    1    1    1    1    1  1.29258E+10 0.20550 
  100  100    1    1    1    1    1    1    1    1  1.81211E+10 0.15935 
];


