
DETdpaspec = [
    1    1    1    1    1    1    1    1    1    1  0.00000E+00 0.00000 
    2    2    1    1    1    1    1    1    1    1  0.00000E+00 0.00000 
    3    3    1    1    1    1    1    1    1    1  0.00000E+00 0.00000 
    4    4    1    1    1    1    1    1    1    1  0.00000E+00 0.00000 
    5    5    1    1    1    1    1    1    1    1  1.10971E+07 1.00000 
    6    6    1    1    1    1    1    1    1    1  0.00000E+00 0.00000 
    7    7    1    1    1    1    1    1    1    1  1.51874E+07 1.00000 
    8    8    1    1    1    1    1    1    1    1  1.51569E+07 1.00000 
    9    9    1    1    1    1    1    1    1    1  1.44037E+07 0.68882 
   10   10    1    1    1    1    1    1    1    1  6.89166E+07 0.72783 
   11   11    1    1    1    1    1    1    1    1  3.65070E+08 0.42857 
   12   12    1    1    1    1    1    1    1    1  9.52756E+07 0.56850 
   13   13    1    1    1    1    1    1    1    1  2.41806E+09 0.27947 
   14   14    1    1    1    1    1    1    1    1  5.32127E+09 0.24015 
   15   15    1    1    1    1    1    1    1    1  1.30899E+10 0.18313 
   16   16    1    1    1    1    1    1    1    1  3.92239E+09 0.18120 
   17   17    1    1    1    1    1    1    1    1  7.13239E+09 0.14874 
   18   18    1    1    1    1    1    1    1    1  1.68756E+10 0.10969 
   19   19    1    1    1    1    1    1    1    1  2.22977E+10 0.13548 
   20   20    1    1    1    1    1    1    1    1  6.77176E+10 0.07050 
   21   21    1    1    1    1    1    1    1    1  6.06186E+10 0.07664 
   22   22    1    1    1    1    1    1    1    1  1.84389E+11 0.05785 
   23   23    1    1    1    1    1    1    1    1  3.67195E+11 0.02886 
   24   24    1    1    1    1    1    1    1    1  8.06804E+11 0.01823 
   25   25    1    1    1    1    1    1    1    1  1.38085E+12 0.01471 
   26   26    1    1    1    1    1    1    1    1  2.96701E+12 0.01266 
   27   27    1    1    1    1    1    1    1    1  5.87076E+12 0.01011 
   28   28    1    1    1    1    1    1    1    1  1.22873E+13 0.00513 
   29   29    1    1    1    1    1    1    1    1  1.64154E+13 0.00394 
   30   30    1    1    1    1    1    1    1    1  3.48409E+13 0.00377 
   31   31    1    1    1    1    1    1    1    1  7.23173E+13 0.00276 
   32   32    1    1    1    1    1    1    1    1  9.62752E+13 0.00215 
   33   33    1    1    1    1    1    1    1    1  1.75629E+14 0.00208 
   34   34    1    1    1    1    1    1    1    1  1.87161E+14 0.00167 
   35   35    1    1    1    1    1    1    1    1  2.52697E+14 0.00165 
   36   36    1    1    1    1    1    1    1    1  2.15405E+14 0.00127 
   37   37    1    1    1    1    1    1    1    1  6.73269E+13 0.00159 
   38   38    1    1    1    1    1    1    1    1  3.01163E+14 0.00133 
   39   39    1    1    1    1    1    1    1    1  3.45765E+14 0.00109 
   40   40    1    1    1    1    1    1    1    1  5.66542E+14 0.00105 
   41   41    1    1    1    1    1    1    1    1  5.25976E+14 0.00117 
   42   42    1    1    1    1    1    1    1    1  8.82427E+14 0.00120 
   43   43    1    1    1    1    1    1    1    1  9.17634E+14 0.00084 
   44   44    1    1    1    1    1    1    1    1  1.14636E+15 0.00077 
   45   45    1    1    1    1    1    1    1    1  1.89918E+15 0.00055 
   46   46    1    1    1    1    1    1    1    1  1.07921E+15 0.00080 
   47   47    1    1    1    1    1    1    1    1  1.44114E+15 0.00074 
   48   48    1    1    1    1    1    1    1    1  2.01174E+15 0.00079 
   49   49    1    1    1    1    1    1    1    1  1.74918E+15 0.00063 
   50   50    1    1    1    1    1    1    1    1  2.67194E+15 0.00088 
   51   51    1    1    1    1    1    1    1    1  2.09133E+15 0.00079 
   52   52    1    1    1    1    1    1    1    1  2.32230E+15 0.00076 
   53   53    1    1    1    1    1    1    1    1  1.68569E+15 0.00087 
   54   54    1    1    1    1    1    1    1    1  2.04205E+15 0.00080 
   55   55    1    1    1    1    1    1    1    1  1.48322E+15 0.00080 
   56   56    1    1    1    1    1    1    1    1  2.06671E+14 0.00163 
   57   57    1    1    1    1    1    1    1    1  2.83710E+15 0.00083 
   58   58    1    1    1    1    1    1    1    1  1.24166E+15 0.00096 
   59   59    1    1    1    1    1    1    1    1  1.36926E+15 0.00078 
   60   60    1    1    1    1    1    1    1    1  1.10969E+15 0.00090 
   61   61    1    1    1    1    1    1    1    1  1.11100E+15 0.00088 
   62   62    1    1    1    1    1    1    1    1  1.09398E+15 0.00095 
   63   63    1    1    1    1    1    1    1    1  9.13966E+14 0.00121 
   64   64    1    1    1    1    1    1    1    1  7.16243E+14 0.00128 
   65   65    1    1    1    1    1    1    1    1  6.91508E+14 0.00116 
   66   66    1    1    1    1    1    1    1    1  5.88835E+14 0.00128 
   67   67    1    1    1    1    1    1    1    1  4.87255E+14 0.00152 
   68   68    1    1    1    1    1    1    1    1  4.25926E+14 0.00115 
   69   69    1    1    1    1    1    1    1    1  5.21974E+14 0.00126 
   70   70    1    1    1    1    1    1    1    1  4.50965E+14 0.00131 
   71   71    1    1    1    1    1    1    1    1  8.53280E+14 0.00122 
   72   72    1    1    1    1    1    1    1    1  6.32849E+14 0.00128 
   73   73    1    1    1    1    1    1    1    1  4.98821E+14 0.00126 
   74   74    1    1    1    1    1    1    1    1  4.06523E+14 0.00149 
   75   75    1    1    1    1    1    1    1    1  3.31911E+14 0.00153 
   76   76    1    1    1    1    1    1    1    1  3.77492E+14 0.00163 
   77   77    1    1    1    1    1    1    1    1  2.93621E+14 0.00149 
   78   78    1    1    1    1    1    1    1    1  2.22701E+14 0.00158 
   79   79    1    1    1    1    1    1    1    1  2.31046E+14 0.00197 
   80   80    1    1    1    1    1    1    1    1  1.72979E+14 0.00195 
   81   81    1    1    1    1    1    1    1    1  1.34464E+14 0.00269 
   82   82    1    1    1    1    1    1    1    1  1.04108E+14 0.00202 
   83   83    1    1    1    1    1    1    1    1  9.65553E+13 0.00191 
   84   84    1    1    1    1    1    1    1    1  6.94287E+13 0.00216 
   85   85    1    1    1    1    1    1    1    1  5.02101E+13 0.00272 
   86   86    1    1    1    1    1    1    1    1  4.70345E+13 0.00409 
   87   87    1    1    1    1    1    1    1    1  2.90853E+13 0.00378 
   88   88    1    1    1    1    1    1    1    1  1.97573E+13 0.00688 
   89   89    1    1    1    1    1    1    1    1  1.13808E+13 0.00692 
   90   90    1    1    1    1    1    1    1    1  7.59159E+12 0.00808 
   91   91    1    1    1    1    1    1    1    1  3.79615E+12 0.01135 
   92   92    1    1    1    1    1    1    1    1  1.83027E+12 0.01633 
   93   93    1    1    1    1    1    1    1    1  8.74487E+11 0.02044 
   94   94    1    1    1    1    1    1    1    1  4.13839E+11 0.03954 
   95   95    1    1    1    1    1    1    1    1  2.13477E+11 0.05359 
   96   96    1    1    1    1    1    1    1    1  1.17188E+11 0.08253 
   97   97    1    1    1    1    1    1    1    1  4.85338E+10 0.13320 
   98   98    1    1    1    1    1    1    1    1  2.17120E+10 0.11520 
   99   99    1    1    1    1    1    1    1    1  1.10955E+10 0.25511 
  100  100    1    1    1    1    1    1    1    1  1.14279E+10 0.17625 
];


