
DETdpaspec = [
    1    1    1    1    1    1    1    1    1    1  0.00000E+00 0.00000 
    2    2    1    1    1    1    1    1    1    1  0.00000E+00 0.00000 
    3    3    1    1    1    1    1    1    1    1  0.00000E+00 0.00000 
    4    4    1    1    1    1    1    1    1    1  1.76321E+07 0.68827 
    5    5    1    1    1    1    1    1    1    1  0.00000E+00 0.00000 
    6    6    1    1    1    1    1    1    1    1  0.00000E+00 0.00000 
    7    7    1    1    1    1    1    1    1    1  6.28788E+07 0.76919 
    8    8    1    1    1    1    1    1    1    1  5.29637E+07 0.54617 
    9    9    1    1    1    1    1    1    1    1  3.27140E+07 0.68825 
   10   10    1    1    1    1    1    1    1    1  1.15713E+08 0.55596 
   11   11    1    1    1    1    1    1    1    1  6.83149E+08 0.42475 
   12   12    1    1    1    1    1    1    1    1  1.07779E+08 0.33320 
   13   13    1    1    1    1    1    1    1    1  3.64629E+09 0.32365 
   14   14    1    1    1    1    1    1    1    1  6.90189E+09 0.15791 
   15   15    1    1    1    1    1    1    1    1  1.79215E+10 0.17607 
   16   16    1    1    1    1    1    1    1    1  4.43109E+09 0.18766 
   17   17    1    1    1    1    1    1    1    1  9.39845E+09 0.13315 
   18   18    1    1    1    1    1    1    1    1  2.66629E+10 0.11611 
   19   19    1    1    1    1    1    1    1    1  3.59846E+10 0.09731 
   20   20    1    1    1    1    1    1    1    1  9.61921E+10 0.07497 
   21   21    1    1    1    1    1    1    1    1  7.08181E+10 0.06387 
   22   22    1    1    1    1    1    1    1    1  2.01202E+11 0.03240 
   23   23    1    1    1    1    1    1    1    1  3.61052E+11 0.03285 
   24   24    1    1    1    1    1    1    1    1  7.30507E+11 0.02414 
   25   25    1    1    1    1    1    1    1    1  1.10366E+12 0.01872 
   26   26    1    1    1    1    1    1    1    1  2.28854E+12 0.01342 
   27   27    1    1    1    1    1    1    1    1  4.42808E+12 0.01020 
   28   28    1    1    1    1    1    1    1    1  9.00231E+12 0.00613 
   29   29    1    1    1    1    1    1    1    1  1.13257E+13 0.00530 
   30   30    1    1    1    1    1    1    1    1  2.59152E+13 0.00422 
   31   31    1    1    1    1    1    1    1    1  5.40066E+13 0.00332 
   32   32    1    1    1    1    1    1    1    1  7.11599E+13 0.00299 
   33   33    1    1    1    1    1    1    1    1  1.29890E+14 0.00221 
   34   34    1    1    1    1    1    1    1    1  1.35236E+14 0.00165 
   35   35    1    1    1    1    1    1    1    1  1.88115E+14 0.00175 
   36   36    1    1    1    1    1    1    1    1  1.61154E+14 0.00169 
   37   37    1    1    1    1    1    1    1    1  5.10443E+13 0.00159 
   38   38    1    1    1    1    1    1    1    1  2.24210E+14 0.00150 
   39   39    1    1    1    1    1    1    1    1  2.56902E+14 0.00140 
   40   40    1    1    1    1    1    1    1    1  4.16273E+14 0.00160 
   41   41    1    1    1    1    1    1    1    1  3.90113E+14 0.00115 
   42   42    1    1    1    1    1    1    1    1  6.46591E+14 0.00107 
   43   43    1    1    1    1    1    1    1    1  6.69174E+14 0.00127 
   44   44    1    1    1    1    1    1    1    1  8.29757E+14 0.00140 
   45   45    1    1    1    1    1    1    1    1  1.36825E+15 0.00125 
   46   46    1    1    1    1    1    1    1    1  7.70875E+14 0.00122 
   47   47    1    1    1    1    1    1    1    1  1.03335E+15 0.00107 
   48   48    1    1    1    1    1    1    1    1  1.43233E+15 0.00128 
   49   49    1    1    1    1    1    1    1    1  1.24879E+15 0.00126 
   50   50    1    1    1    1    1    1    1    1  1.88662E+15 0.00113 
   51   51    1    1    1    1    1    1    1    1  1.48109E+15 0.00125 
   52   52    1    1    1    1    1    1    1    1  1.62771E+15 0.00137 
   53   53    1    1    1    1    1    1    1    1  1.17802E+15 0.00121 
   54   54    1    1    1    1    1    1    1    1  1.41558E+15 0.00103 
   55   55    1    1    1    1    1    1    1    1  1.02644E+15 0.00127 
   56   56    1    1    1    1    1    1    1    1  1.43491E+14 0.00144 
   57   57    1    1    1    1    1    1    1    1  1.96133E+15 0.00153 
   58   58    1    1    1    1    1    1    1    1  8.48574E+14 0.00103 
   59   59    1    1    1    1    1    1    1    1  9.36260E+14 0.00153 
   60   60    1    1    1    1    1    1    1    1  7.51087E+14 0.00169 
   61   61    1    1    1    1    1    1    1    1  7.52752E+14 0.00156 
   62   62    1    1    1    1    1    1    1    1  7.37630E+14 0.00124 
   63   63    1    1    1    1    1    1    1    1  6.13047E+14 0.00133 
   64   64    1    1    1    1    1    1    1    1  4.78642E+14 0.00169 
   65   65    1    1    1    1    1    1    1    1  4.63115E+14 0.00160 
   66   66    1    1    1    1    1    1    1    1  3.91526E+14 0.00188 
   67   67    1    1    1    1    1    1    1    1  3.25269E+14 0.00184 
   68   68    1    1    1    1    1    1    1    1  2.84096E+14 0.00177 
   69   69    1    1    1    1    1    1    1    1  3.47191E+14 0.00169 
   70   70    1    1    1    1    1    1    1    1  2.99097E+14 0.00176 
   71   71    1    1    1    1    1    1    1    1  5.70722E+14 0.00210 
   72   72    1    1    1    1    1    1    1    1  4.25040E+14 0.00180 
   73   73    1    1    1    1    1    1    1    1  3.34024E+14 0.00213 
   74   74    1    1    1    1    1    1    1    1  2.69950E+14 0.00176 
   75   75    1    1    1    1    1    1    1    1  2.18330E+14 0.00189 
   76   76    1    1    1    1    1    1    1    1  2.46880E+14 0.00291 
   77   77    1    1    1    1    1    1    1    1  1.89935E+14 0.00320 
   78   78    1    1    1    1    1    1    1    1  1.43168E+14 0.00254 
   79   79    1    1    1    1    1    1    1    1  1.47064E+14 0.00271 
   80   80    1    1    1    1    1    1    1    1  1.10554E+14 0.00316 
   81   81    1    1    1    1    1    1    1    1  8.51803E+13 0.00244 
   82   82    1    1    1    1    1    1    1    1  6.57147E+13 0.00320 
   83   83    1    1    1    1    1    1    1    1  6.16564E+13 0.00370 
   84   84    1    1    1    1    1    1    1    1  4.45399E+13 0.00356 
   85   85    1    1    1    1    1    1    1    1  3.18549E+13 0.00443 
   86   86    1    1    1    1    1    1    1    1  2.98357E+13 0.00460 
   87   87    1    1    1    1    1    1    1    1  1.84609E+13 0.00635 
   88   88    1    1    1    1    1    1    1    1  1.25970E+13 0.00595 
   89   89    1    1    1    1    1    1    1    1  7.21761E+12 0.00710 
   90   90    1    1    1    1    1    1    1    1  4.86713E+12 0.00988 
   91   91    1    1    1    1    1    1    1    1  2.45044E+12 0.01368 
   92   92    1    1    1    1    1    1    1    1  1.19714E+12 0.02053 
   93   93    1    1    1    1    1    1    1    1  5.33693E+11 0.03196 
   94   94    1    1    1    1    1    1    1    1  2.79288E+11 0.04952 
   95   95    1    1    1    1    1    1    1    1  1.47198E+11 0.05474 
   96   96    1    1    1    1    1    1    1    1  7.10154E+10 0.11814 
   97   97    1    1    1    1    1    1    1    1  3.20074E+10 0.17291 
   98   98    1    1    1    1    1    1    1    1  1.43519E+10 0.22137 
   99   99    1    1    1    1    1    1    1    1  6.27282E+09 0.30053 
  100  100    1    1    1    1    1    1    1    1  9.11935E+09 0.25347 
];


