
DETdpaspec = [
    1    1    1    1    1    1    1    1    1    1  0.00000E+00 0.00000 
    2    2    1    1    1    1    1    1    1    1  0.00000E+00 0.00000 
    3    3    1    1    1    1    1    1    1    1  0.00000E+00 0.00000 
    4    4    1    1    1    1    1    1    1    1  0.00000E+00 0.00000 
    5    5    1    1    1    1    1    1    1    1  0.00000E+00 0.00000 
    6    6    1    1    1    1    1    1    1    1  0.00000E+00 0.00000 
    7    7    1    1    1    1    1    1    1    1  0.00000E+00 0.00000 
    8    8    1    1    1    1    1    1    1    1  0.00000E+00 0.00000 
    9    9    1    1    1    1    1    1    1    1  0.00000E+00 0.00000 
   10   10    1    1    1    1    1    1    1    1  1.33724E+08 0.72078 
   11   11    1    1    1    1    1    1    1    1  3.28981E+08 0.43890 
   12   12    1    1    1    1    1    1    1    1  5.47591E+07 0.51370 
   13   13    1    1    1    1    1    1    1    1  2.02482E+09 0.41791 
   14   14    1    1    1    1    1    1    1    1  8.47813E+09 0.27531 
   15   15    1    1    1    1    1    1    1    1  7.68234E+09 0.20642 
   16   16    1    1    1    1    1    1    1    1  3.07827E+09 0.17629 
   17   17    1    1    1    1    1    1    1    1  7.39954E+09 0.15898 
   18   18    1    1    1    1    1    1    1    1  1.42363E+10 0.14650 
   19   19    1    1    1    1    1    1    1    1  2.13364E+10 0.10203 
   20   20    1    1    1    1    1    1    1    1  6.82208E+10 0.10584 
   21   21    1    1    1    1    1    1    1    1  6.15765E+10 0.05692 
   22   22    1    1    1    1    1    1    1    1  1.57554E+11 0.03943 
   23   23    1    1    1    1    1    1    1    1  3.98976E+11 0.03620 
   24   24    1    1    1    1    1    1    1    1  1.02487E+12 0.02480 
   25   25    1    1    1    1    1    1    1    1  1.69974E+12 0.01751 
   26   26    1    1    1    1    1    1    1    1  3.61242E+12 0.00983 
   27   27    1    1    1    1    1    1    1    1  7.05656E+12 0.00919 
   28   28    1    1    1    1    1    1    1    1  1.48013E+13 0.00684 
   29   29    1    1    1    1    1    1    1    1  1.98689E+13 0.00488 
   30   30    1    1    1    1    1    1    1    1  4.09992E+13 0.00362 
   31   31    1    1    1    1    1    1    1    1  8.39485E+13 0.00333 
   32   32    1    1    1    1    1    1    1    1  1.10505E+14 0.00185 
   33   33    1    1    1    1    1    1    1    1  2.00444E+14 0.00166 
   34   34    1    1    1    1    1    1    1    1  2.15758E+14 0.00152 
   35   35    1    1    1    1    1    1    1    1  2.84040E+14 0.00134 
   36   36    1    1    1    1    1    1    1    1  2.41025E+14 0.00118 
   37   37    1    1    1    1    1    1    1    1  7.48778E+13 0.00101 
   38   38    1    1    1    1    1    1    1    1  3.36038E+14 0.00085 
   39   39    1    1    1    1    1    1    1    1  3.85749E+14 0.00095 
   40   40    1    1    1    1    1    1    1    1  6.35492E+14 0.00061 
   41   41    1    1    1    1    1    1    1    1  5.86630E+14 0.00065 
   42   42    1    1    1    1    1    1    1    1  9.88965E+14 0.00102 
   43   43    1    1    1    1    1    1    1    1  1.02809E+15 0.00067 
   44   44    1    1    1    1    1    1    1    1  1.28566E+15 0.00060 
   45   45    1    1    1    1    1    1    1    1  2.13246E+15 0.00075 
   46   46    1    1    1    1    1    1    1    1  1.21367E+15 0.00077 
   47   47    1    1    1    1    1    1    1    1  1.61569E+15 0.00077 
   48   48    1    1    1    1    1    1    1    1  2.26249E+15 0.00096 
   49   49    1    1    1    1    1    1    1    1  1.96003E+15 0.00084 
   50   50    1    1    1    1    1    1    1    1  3.01106E+15 0.00094 
   51   51    1    1    1    1    1    1    1    1  2.35164E+15 0.00102 
   52   52    1    1    1    1    1    1    1    1  2.62097E+15 0.00084 
   53   53    1    1    1    1    1    1    1    1  1.90320E+15 0.00078 
   54   54    1    1    1    1    1    1    1    1  2.31441E+15 0.00080 
   55   55    1    1    1    1    1    1    1    1  1.68261E+15 0.00084 
   56   56    1    1    1    1    1    1    1    1  2.34026E+14 0.00110 
   57   57    1    1    1    1    1    1    1    1  3.22253E+15 0.00087 
   58   58    1    1    1    1    1    1    1    1  1.41918E+15 0.00090 
   59   59    1    1    1    1    1    1    1    1  1.56175E+15 0.00125 
   60   60    1    1    1    1    1    1    1    1  1.27252E+15 0.00086 
   61   61    1    1    1    1    1    1    1    1  1.27498E+15 0.00108 
   62   62    1    1    1    1    1    1    1    1  1.25716E+15 0.00100 
   63   63    1    1    1    1    1    1    1    1  1.05017E+15 0.00102 
   64   64    1    1    1    1    1    1    1    1  8.23863E+14 0.00156 
   65   65    1    1    1    1    1    1    1    1  7.95255E+14 0.00131 
   66   66    1    1    1    1    1    1    1    1  6.79113E+14 0.00111 
   67   67    1    1    1    1    1    1    1    1  5.61370E+14 0.00107 
   68   68    1    1    1    1    1    1    1    1  4.90094E+14 0.00122 
   69   69    1    1    1    1    1    1    1    1  6.01436E+14 0.00118 
   70   70    1    1    1    1    1    1    1    1  5.18273E+14 0.00126 
   71   71    1    1    1    1    1    1    1    1  9.79146E+14 0.00107 
   72   72    1    1    1    1    1    1    1    1  7.26453E+14 0.00091 
   73   73    1    1    1    1    1    1    1    1  5.71822E+14 0.00122 
   74   74    1    1    1    1    1    1    1    1  4.67894E+14 0.00127 
   75   75    1    1    1    1    1    1    1    1  3.84353E+14 0.00145 
   76   76    1    1    1    1    1    1    1    1  4.39094E+14 0.00120 
   77   77    1    1    1    1    1    1    1    1  3.42510E+14 0.00105 
   78   78    1    1    1    1    1    1    1    1  2.60355E+14 0.00147 
   79   79    1    1    1    1    1    1    1    1  2.70307E+14 0.00123 
   80   80    1    1    1    1    1    1    1    1  2.02810E+14 0.00127 
   81   81    1    1    1    1    1    1    1    1  1.57430E+14 0.00243 
   82   82    1    1    1    1    1    1    1    1  1.21536E+14 0.00240 
   83   83    1    1    1    1    1    1    1    1  1.14274E+14 0.00192 
   84   84    1    1    1    1    1    1    1    1  8.17259E+13 0.00245 
   85   85    1    1    1    1    1    1    1    1  5.96043E+13 0.00255 
   86   86    1    1    1    1    1    1    1    1  5.57331E+13 0.00439 
   87   87    1    1    1    1    1    1    1    1  3.42197E+13 0.00367 
   88   88    1    1    1    1    1    1    1    1  2.32306E+13 0.00577 
   89   89    1    1    1    1    1    1    1    1  1.32869E+13 0.00600 
   90   90    1    1    1    1    1    1    1    1  8.88335E+12 0.00784 
   91   91    1    1    1    1    1    1    1    1  4.46826E+12 0.01261 
   92   92    1    1    1    1    1    1    1    1  2.13863E+12 0.02268 
   93   93    1    1    1    1    1    1    1    1  1.06263E+12 0.01669 
   94   94    1    1    1    1    1    1    1    1  4.90023E+11 0.03519 
   95   95    1    1    1    1    1    1    1    1  2.36544E+11 0.05407 
   96   96    1    1    1    1    1    1    1    1  1.14265E+11 0.06498 
   97   97    1    1    1    1    1    1    1    1  5.26684E+10 0.11794 
   98   98    1    1    1    1    1    1    1    1  3.33433E+10 0.13572 
   99   99    1    1    1    1    1    1    1    1  1.98243E+10 0.21297 
  100  100    1    1    1    1    1    1    1    1  1.43866E+10 0.22721 
];


