
DETdpaspec = [
    1    1    1    1    1    1    1    1    1    1  0.00000E+00 0.00000 
    2    2    1    1    1    1    1    1    1    1  0.00000E+00 0.00000 
    3    3    1    1    1    1    1    1    1    1  0.00000E+00 0.00000 
    4    4    1    1    1    1    1    1    1    1  0.00000E+00 0.00000 
    5    5    1    1    1    1    1    1    1    1  0.00000E+00 0.00000 
    6    6    1    1    1    1    1    1    1    1  0.00000E+00 0.00000 
    7    7    1    1    1    1    1    1    1    1  0.00000E+00 0.00000 
    8    8    1    1    1    1    1    1    1    1  0.00000E+00 0.00000 
    9    9    1    1    1    1    1    1    1    1  0.00000E+00 0.00000 
   10   10    1    1    1    1    1    1    1    1  0.00000E+00 0.00000 
   11   11    1    1    1    1    1    1    1    1  0.00000E+00 0.00000 
   12   12    1    1    1    1    1    1    1    1  0.00000E+00 0.00000 
   13   13    1    1    1    1    1    1    1    1  0.00000E+00 0.00000 
   14   14    1    1    1    1    1    1    1    1  0.00000E+00 0.00000 
   15   15    1    1    1    1    1    1    1    1  0.00000E+00 0.00000 
   16   16    1    1    1    1    1    1    1    1  0.00000E+00 0.00000 
   17   17    1    1    1    1    1    1    1    1  0.00000E+00 0.00000 
   18   18    1    1    1    1    1    1    1    1  0.00000E+00 0.00000 
   19   19    1    1    1    1    1    1    1    1  1.67802E+09 0.05375 
   20   20    1    1    1    1    1    1    1    1  2.21441E+08 0.05863 
   21   21    1    1    1    1    1    1    1    1  8.78447E+08 0.04974 
   22   22    1    1    1    1    1    1    1    1  6.14208E+08 0.06201 
   23   23    1    1    1    1    1    1    1    1  1.54779E+09 0.03012 
   24   24    1    1    1    1    1    1    1    1  2.26857E+09 0.03518 
   25   25    1    1    1    1    1    1    1    1  3.75264E+09 0.02430 
   26   26    1    1    1    1    1    1    1    1  4.67608E+09 0.01791 
   27   27    1    1    1    1    1    1    1    1  7.39553E+09 0.01796 
   28   28    1    1    1    1    1    1    1    1  1.29564E+10 0.01473 
   29   29    1    1    1    1    1    1    1    1  2.84223E+10 0.01087 
   30   30    1    1    1    1    1    1    1    1  4.66231E+10 0.00645 
   31   31    1    1    1    1    1    1    1    1  1.37083E+11 0.00340 
   32   32    1    1    1    1    1    1    1    1  4.39784E+11 0.00214 
   33   33    1    1    1    1    1    1    1    1  8.41036E+11 0.00184 
   34   34    1    1    1    1    1    1    1    1  2.03059E+12 0.00139 
   35   35    1    1    1    1    1    1    1    1  2.85779E+12 0.00074 
   36   36    1    1    1    1    1    1    1    1  3.81787E+12 0.00085 
   37   37    1    1    1    1    1    1    1    1  2.60331E+12 0.00070 
   38   38    1    1    1    1    1    1    1    1  8.02951E+11 0.00076 
   39   39    1    1    1    1    1    1    1    1  4.51031E+12 0.00057 
   40   40    1    1    1    1    1    1    1    1  6.11070E+12 0.00059 
   41   41    1    1    1    1    1    1    1    1  1.04924E+13 0.00055 
   42   42    1    1    1    1    1    1    1    1  1.07218E+13 0.00047 
   43   43    1    1    1    1    1    1    1    1  2.29834E+13 0.00038 
   44   44    1    1    1    1    1    1    1    1  2.80562E+13 0.00035 
   45   45    1    1    1    1    1    1    1    1  4.08575E+13 0.00033 
   46   46    1    1    1    1    1    1    1    1  8.16190E+13 0.00023 
   47   47    1    1    1    1    1    1    1    1  3.81952E+13 0.00024 
   48   48    1    1    1    1    1    1    1    1  6.19600E+13 0.00018 
   49   49    1    1    1    1    1    1    1    1  8.65311E+13 0.00015 
   50   50    1    1    1    1    1    1    1    1  8.59744E+13 0.00020 
   51   51    1    1    1    1    1    1    1    1  1.33579E+14 0.00014 
   52   52    1    1    1    1    1    1    1    1  1.06893E+14 0.00016 
   53   53    1    1    1    1    1    1    1    1  1.26633E+14 0.00014 
   54   54    1    1    1    1    1    1    1    1  8.80822E+13 0.00018 
   55   55    1    1    1    1    1    1    1    1  1.07258E+14 0.00013 
   56   56    1    1    1    1    1    1    1    1  7.38192E+13 0.00024 
   57   57    1    1    1    1    1    1    1    1  1.00474E+13 0.00041 
   58   58    1    1    1    1    1    1    1    1  1.46721E+14 0.00014 
   59   59    1    1    1    1    1    1    1    1  6.50201E+13 0.00021 
   60   60    1    1    1    1    1    1    1    1  6.90840E+13 0.00020 
   61   61    1    1    1    1    1    1    1    1  5.34798E+13 0.00014 
   62   62    1    1    1    1    1    1    1    1  5.37089E+13 0.00020 
   63   63    1    1    1    1    1    1    1    1  5.59408E+13 0.00021 
   64   64    1    1    1    1    1    1    1    1  4.70021E+13 0.00032 
   65   65    1    1    1    1    1    1    1    1  3.73547E+13 0.00019 
   66   66    1    1    1    1    1    1    1    1  3.70206E+13 0.00027 
   67   67    1    1    1    1    1    1    1    1  2.66293E+13 0.00036 
   68   68    1    1    1    1    1    1    1    1  2.17246E+13 0.00040 
   69   69    1    1    1    1    1    1    1    1  1.95275E+13 0.00036 
   70   70    1    1    1    1    1    1    1    1  2.34512E+13 0.00035 
   71   71    1    1    1    1    1    1    1    1  1.99594E+13 0.00048 
   72   72    1    1    1    1    1    1    1    1  3.63866E+13 0.00043 
   73   73    1    1    1    1    1    1    1    1  2.57298E+13 0.00030 
   74   74    1    1    1    1    1    1    1    1  1.93533E+13 0.00039 
   75   75    1    1    1    1    1    1    1    1  1.54956E+13 0.00053 
   76   76    1    1    1    1    1    1    1    1  1.28071E+13 0.00049 
   77   77    1    1    1    1    1    1    1    1  1.48040E+13 0.00041 
   78   78    1    1    1    1    1    1    1    1  1.16672E+13 0.00056 
   79   79    1    1    1    1    1    1    1    1  9.27485E+12 0.00076 
   80   80    1    1    1    1    1    1    1    1  9.54536E+12 0.00053 
   81   81    1    1    1    1    1    1    1    1  7.06419E+12 0.00079 
   82   82    1    1    1    1    1    1    1    1  5.44378E+12 0.00078 
   83   83    1    1    1    1    1    1    1    1  4.18070E+12 0.00064 
   84   84    1    1    1    1    1    1    1    1  3.91026E+12 0.00063 
   85   85    1    1    1    1    1    1    1    1  2.81386E+12 0.00115 
   86   86    1    1    1    1    1    1    1    1  2.02837E+12 0.00120 
   87   87    1    1    1    1    1    1    1    1  1.89791E+12 0.00157 
   88   88    1    1    1    1    1    1    1    1  1.17294E+12 0.00140 
   89   89    1    1    1    1    1    1    1    1  7.89279E+11 0.00181 
   90   90    1    1    1    1    1    1    1    1  4.59950E+11 0.00231 
   91   91    1    1    1    1    1    1    1    1  5.85242E+11 0.00262 
   92   92    1    1    1    1    1    1    1    1  0.00000E+00 0.00000 
   93   93    1    1    1    1    1    1    1    1  0.00000E+00 0.00000 
   94   94    1    1    1    1    1    1    1    1  0.00000E+00 0.00000 
   95   95    1    1    1    1    1    1    1    1  0.00000E+00 0.00000 
   96   96    1    1    1    1    1    1    1    1  0.00000E+00 0.00000 
   97   97    1    1    1    1    1    1    1    1  0.00000E+00 0.00000 
   98   98    1    1    1    1    1    1    1    1  0.00000E+00 0.00000 
   99   99    1    1    1    1    1    1    1    1  0.00000E+00 0.00000 
  100  100    1    1    1    1    1    1    1    1  0.00000E+00 0.00000 
];


