
DETdpaspec = [
    1    1    1    1    1    1    1    1    1    1  0.00000E+00 0.00000 
    2    2    1    1    1    1    1    1    1    1  0.00000E+00 0.00000 
    3    3    1    1    1    1    1    1    1    1  0.00000E+00 0.00000 
    4    4    1    1    1    1    1    1    1    1  0.00000E+00 0.00000 
    5    5    1    1    1    1    1    1    1    1  0.00000E+00 0.00000 
    6    6    1    1    1    1    1    1    1    1  0.00000E+00 0.00000 
    7    7    1    1    1    1    1    1    1    1  0.00000E+00 0.00000 
    8    8    1    1    1    1    1    1    1    1  0.00000E+00 0.00000 
    9    9    1    1    1    1    1    1    1    1  0.00000E+00 0.00000 
   10   10    1    1    1    1    1    1    1    1  0.00000E+00 0.00000 
   11   11    1    1    1    1    1    1    1    1  0.00000E+00 0.00000 
   12   12    1    1    1    1    1    1    1    1  0.00000E+00 0.00000 
   13   13    1    1    1    1    1    1    1    1  0.00000E+00 0.00000 
   14   14    1    1    1    1    1    1    1    1  0.00000E+00 0.00000 
   15   15    1    1    1    1    1    1    1    1  0.00000E+00 0.00000 
   16   16    1    1    1    1    1    1    1    1  0.00000E+00 0.00000 
   17   17    1    1    1    1    1    1    1    1  0.00000E+00 0.00000 
   18   18    1    1    1    1    1    1    1    1  0.00000E+00 0.00000 
   19   19    1    1    1    1    1    1    1    1  1.24081E+09 0.07947 
   20   20    1    1    1    1    1    1    1    1  1.68292E+08 0.12348 
   21   21    1    1    1    1    1    1    1    1  5.53284E+08 0.07537 
   22   22    1    1    1    1    1    1    1    1  3.81869E+08 0.07822 
   23   23    1    1    1    1    1    1    1    1  9.40006E+08 0.05262 
   24   24    1    1    1    1    1    1    1    1  1.58869E+09 0.03927 
   25   25    1    1    1    1    1    1    1    1  3.05033E+09 0.02782 
   26   26    1    1    1    1    1    1    1    1  4.37273E+09 0.03269 
   27   27    1    1    1    1    1    1    1    1  7.96858E+09 0.02103 
   28   28    1    1    1    1    1    1    1    1  1.79078E+10 0.01015 
   29   29    1    1    1    1    1    1    1    1  4.67410E+10 0.00886 
   30   30    1    1    1    1    1    1    1    1  8.69455E+10 0.00844 
   31   31    1    1    1    1    1    1    1    1  2.25282E+11 0.00531 
   32   32    1    1    1    1    1    1    1    1  6.55158E+11 0.00316 
   33   33    1    1    1    1    1    1    1    1  1.16450E+12 0.00257 
   34   34    1    1    1    1    1    1    1    1  2.73287E+12 0.00129 
   35   35    1    1    1    1    1    1    1    1  3.79148E+12 0.00085 
   36   36    1    1    1    1    1    1    1    1  4.48819E+12 0.00090 
   37   37    1    1    1    1    1    1    1    1  2.88923E+12 0.00093 
   38   38    1    1    1    1    1    1    1    1  8.65409E+11 0.00083 
   39   39    1    1    1    1    1    1    1    1  4.95542E+12 0.00068 
   40   40    1    1    1    1    1    1    1    1  6.69566E+12 0.00061 
   41   41    1    1    1    1    1    1    1    1  1.15242E+13 0.00069 
   42   42    1    1    1    1    1    1    1    1  1.14356E+13 0.00051 
   43   43    1    1    1    1    1    1    1    1  2.47990E+13 0.00036 
   44   44    1    1    1    1    1    1    1    1  3.01184E+13 0.00041 
   45   45    1    1    1    1    1    1    1    1  4.35795E+13 0.00041 
   46   46    1    1    1    1    1    1    1    1  8.70361E+13 0.00026 
   47   47    1    1    1    1    1    1    1    1  3.96882E+13 0.00021 
   48   48    1    1    1    1    1    1    1    1  6.36243E+13 0.00020 
   49   49    1    1    1    1    1    1    1    1  8.81377E+13 0.00014 
   50   50    1    1    1    1    1    1    1    1  8.65859E+13 0.00022 
   51   51    1    1    1    1    1    1    1    1  1.34891E+14 0.00020 
   52   52    1    1    1    1    1    1    1    1  1.05413E+14 0.00016 
   53   53    1    1    1    1    1    1    1    1  1.26194E+14 0.00011 
   54   54    1    1    1    1    1    1    1    1  8.66932E+13 0.00016 
   55   55    1    1    1    1    1    1    1    1  1.06775E+14 0.00015 
   56   56    1    1    1    1    1    1    1    1  7.28562E+13 0.00021 
   57   57    1    1    1    1    1    1    1    1  9.84374E+12 0.00035 
   58   58    1    1    1    1    1    1    1    1  1.43958E+14 0.00014 
   59   59    1    1    1    1    1    1    1    1  6.48358E+13 0.00016 
   60   60    1    1    1    1    1    1    1    1  6.81141E+13 0.00019 
   61   61    1    1    1    1    1    1    1    1  5.32808E+13 0.00024 
   62   62    1    1    1    1    1    1    1    1  5.31955E+13 0.00026 
   63   63    1    1    1    1    1    1    1    1  5.53925E+13 0.00030 
   64   64    1    1    1    1    1    1    1    1  4.64940E+13 0.00026 
   65   65    1    1    1    1    1    1    1    1  3.67705E+13 0.00028 
   66   66    1    1    1    1    1    1    1    1  3.63245E+13 0.00024 
   67   67    1    1    1    1    1    1    1    1  2.59936E+13 0.00025 
   68   68    1    1    1    1    1    1    1    1  2.10386E+13 0.00041 
   69   69    1    1    1    1    1    1    1    1  1.88276E+13 0.00039 
   70   70    1    1    1    1    1    1    1    1  2.25337E+13 0.00030 
   71   71    1    1    1    1    1    1    1    1  1.90831E+13 0.00048 
   72   72    1    1    1    1    1    1    1    1  3.41116E+13 0.00032 
   73   73    1    1    1    1    1    1    1    1  2.39178E+13 0.00035 
   74   74    1    1    1    1    1    1    1    1  1.79669E+13 0.00048 
   75   75    1    1    1    1    1    1    1    1  1.45161E+13 0.00029 
   76   76    1    1    1    1    1    1    1    1  1.21312E+13 0.00043 
   77   77    1    1    1    1    1    1    1    1  1.41173E+13 0.00042 
   78   78    1    1    1    1    1    1    1    1  1.12550E+13 0.00043 
   79   79    1    1    1    1    1    1    1    1  9.02590E+12 0.00066 
   80   80    1    1    1    1    1    1    1    1  9.34678E+12 0.00067 
   81   81    1    1    1    1    1    1    1    1  6.95496E+12 0.00059 
   82   82    1    1    1    1    1    1    1    1  5.36793E+12 0.00088 
   83   83    1    1    1    1    1    1    1    1  4.12692E+12 0.00075 
   84   84    1    1    1    1    1    1    1    1  3.85983E+12 0.00090 
   85   85    1    1    1    1    1    1    1    1  2.78661E+12 0.00095 
   86   86    1    1    1    1    1    1    1    1  2.01482E+12 0.00111 
   87   87    1    1    1    1    1    1    1    1  1.88181E+12 0.00131 
   88   88    1    1    1    1    1    1    1    1  1.15445E+12 0.00204 
   89   89    1    1    1    1    1    1    1    1  7.76142E+11 0.00172 
   90   90    1    1    1    1    1    1    1    1  4.48230E+11 0.00316 
   91   91    1    1    1    1    1    1    1    1  5.67982E+11 0.00306 
   92   92    1    1    1    1    1    1    1    1  0.00000E+00 0.00000 
   93   93    1    1    1    1    1    1    1    1  0.00000E+00 0.00000 
   94   94    1    1    1    1    1    1    1    1  0.00000E+00 0.00000 
   95   95    1    1    1    1    1    1    1    1  0.00000E+00 0.00000 
   96   96    1    1    1    1    1    1    1    1  0.00000E+00 0.00000 
   97   97    1    1    1    1    1    1    1    1  0.00000E+00 0.00000 
   98   98    1    1    1    1    1    1    1    1  0.00000E+00 0.00000 
   99   99    1    1    1    1    1    1    1    1  0.00000E+00 0.00000 
  100  100    1    1    1    1    1    1    1    1  0.00000E+00 0.00000 
];


