
DETdpaspec = [
    1    1    1    1    1    1    1    1    1    1  0.00000E+00 0.00000 
    2    2    1    1    1    1    1    1    1    1  0.00000E+00 0.00000 
    3    3    1    1    1    1    1    1    1    1  0.00000E+00 0.00000 
    4    4    1    1    1    1    1    1    1    1  0.00000E+00 0.00000 
    5    5    1    1    1    1    1    1    1    1  0.00000E+00 0.00000 
    6    6    1    1    1    1    1    1    1    1  0.00000E+00 0.00000 
    7    7    1    1    1    1    1    1    1    1  0.00000E+00 0.00000 
    8    8    1    1    1    1    1    1    1    1  0.00000E+00 0.00000 
    9    9    1    1    1    1    1    1    1    1  0.00000E+00 0.00000 
   10   10    1    1    1    1    1    1    1    1  0.00000E+00 0.00000 
   11   11    1    1    1    1    1    1    1    1  0.00000E+00 0.00000 
   12   12    1    1    1    1    1    1    1    1  0.00000E+00 0.00000 
   13   13    1    1    1    1    1    1    1    1  0.00000E+00 0.00000 
   14   14    1    1    1    1    1    1    1    1  0.00000E+00 0.00000 
   15   15    1    1    1    1    1    1    1    1  0.00000E+00 0.00000 
   16   16    1    1    1    1    1    1    1    1  0.00000E+00 0.00000 
   17   17    1    1    1    1    1    1    1    1  0.00000E+00 0.00000 
   18   18    1    1    1    1    1    1    1    1  0.00000E+00 0.00000 
   19   19    1    1    1    1    1    1    1    1  1.73334E+09 0.04597 
   20   20    1    1    1    1    1    1    1    1  2.83446E+08 0.05770 
   21   21    1    1    1    1    1    1    1    1  9.22690E+08 0.04200 
   22   22    1    1    1    1    1    1    1    1  7.54534E+08 0.03666 
   23   23    1    1    1    1    1    1    1    1  1.86031E+09 0.04000 
   24   24    1    1    1    1    1    1    1    1  2.74576E+09 0.02691 
   25   25    1    1    1    1    1    1    1    1  4.43975E+09 0.02341 
   26   26    1    1    1    1    1    1    1    1  5.39336E+09 0.02112 
   27   27    1    1    1    1    1    1    1    1  8.54431E+09 0.01586 
   28   28    1    1    1    1    1    1    1    1  1.52034E+10 0.01261 
   29   29    1    1    1    1    1    1    1    1  2.98430E+10 0.00811 
   30   30    1    1    1    1    1    1    1    1  4.56026E+10 0.00593 
   31   31    1    1    1    1    1    1    1    1  1.38714E+11 0.00386 
   32   32    1    1    1    1    1    1    1    1  4.43015E+11 0.00324 
   33   33    1    1    1    1    1    1    1    1  8.47504E+11 0.00251 
   34   34    1    1    1    1    1    1    1    1  1.99866E+12 0.00158 
   35   35    1    1    1    1    1    1    1    1  2.77872E+12 0.00101 
   36   36    1    1    1    1    1    1    1    1  3.84694E+12 0.00072 
   37   37    1    1    1    1    1    1    1    1  2.66607E+12 0.00094 
   38   38    1    1    1    1    1    1    1    1  8.31257E+11 0.00080 
   39   39    1    1    1    1    1    1    1    1  4.60797E+12 0.00083 
   40   40    1    1    1    1    1    1    1    1  6.23272E+12 0.00067 
   41   41    1    1    1    1    1    1    1    1  1.06371E+13 0.00057 
   42   42    1    1    1    1    1    1    1    1  1.09827E+13 0.00048 
   43   43    1    1    1    1    1    1    1    1  2.32460E+13 0.00043 
   44   44    1    1    1    1    1    1    1    1  2.82751E+13 0.00035 
   45   45    1    1    1    1    1    1    1    1  4.11042E+13 0.00031 
   46   46    1    1    1    1    1    1    1    1  8.14394E+13 0.00022 
   47   47    1    1    1    1    1    1    1    1  3.83477E+13 0.00022 
   48   48    1    1    1    1    1    1    1    1  6.23555E+13 0.00017 
   49   49    1    1    1    1    1    1    1    1  8.70884E+13 0.00019 
   50   50    1    1    1    1    1    1    1    1  8.66744E+13 0.00020 
   51   51    1    1    1    1    1    1    1    1  1.33971E+14 0.00016 
   52   52    1    1    1    1    1    1    1    1  1.07954E+14 0.00016 
   53   53    1    1    1    1    1    1    1    1  1.26870E+14 0.00019 
   54   54    1    1    1    1    1    1    1    1  8.85500E+13 0.00015 
   55   55    1    1    1    1    1    1    1    1  1.06982E+14 0.00015 
   56   56    1    1    1    1    1    1    1    1  7.38549E+13 0.00016 
   57   57    1    1    1    1    1    1    1    1  1.00834E+13 0.00032 
   58   58    1    1    1    1    1    1    1    1  1.46944E+14 0.00017 
   59   59    1    1    1    1    1    1    1    1  6.44613E+13 0.00020 
   60   60    1    1    1    1    1    1    1    1  6.87735E+13 0.00022 
   61   61    1    1    1    1    1    1    1    1  5.29158E+13 0.00018 
   62   62    1    1    1    1    1    1    1    1  5.32519E+13 0.00027 
   63   63    1    1    1    1    1    1    1    1  5.53729E+13 0.00026 
   64   64    1    1    1    1    1    1    1    1  4.64777E+13 0.00026 
   65   65    1    1    1    1    1    1    1    1  3.69877E+13 0.00037 
   66   66    1    1    1    1    1    1    1    1  3.66751E+13 0.00029 
   67   67    1    1    1    1    1    1    1    1  2.64288E+13 0.00029 
   68   68    1    1    1    1    1    1    1    1  2.16206E+13 0.00035 
   69   69    1    1    1    1    1    1    1    1  1.94447E+13 0.00044 
   70   70    1    1    1    1    1    1    1    1  2.33478E+13 0.00043 
   71   71    1    1    1    1    1    1    1    1  1.99195E+13 0.00048 
   72   72    1    1    1    1    1    1    1    1  3.65813E+13 0.00040 
   73   73    1    1    1    1    1    1    1    1  2.59463E+13 0.00053 
   74   74    1    1    1    1    1    1    1    1  1.94970E+13 0.00047 
   75   75    1    1    1    1    1    1    1    1  1.55331E+13 0.00044 
   76   76    1    1    1    1    1    1    1    1  1.27598E+13 0.00039 
   77   77    1    1    1    1    1    1    1    1  1.46756E+13 0.00060 
   78   78    1    1    1    1    1    1    1    1  1.14871E+13 0.00049 
   79   79    1    1    1    1    1    1    1    1  9.10104E+12 0.00060 
   80   80    1    1    1    1    1    1    1    1  9.33902E+12 0.00055 
   81   81    1    1    1    1    1    1    1    1  6.89779E+12 0.00071 
   82   82    1    1    1    1    1    1    1    1  5.30039E+12 0.00056 
   83   83    1    1    1    1    1    1    1    1  4.06763E+12 0.00083 
   84   84    1    1    1    1    1    1    1    1  3.79422E+12 0.00082 
   85   85    1    1    1    1    1    1    1    1  2.73231E+12 0.00089 
   86   86    1    1    1    1    1    1    1    1  1.96920E+12 0.00157 
   87   87    1    1    1    1    1    1    1    1  1.84347E+12 0.00131 
   88   88    1    1    1    1    1    1    1    1  1.14168E+12 0.00161 
   89   89    1    1    1    1    1    1    1    1  7.69806E+11 0.00180 
   90   90    1    1    1    1    1    1    1    1  4.45804E+11 0.00247 
   91   91    1    1    1    1    1    1    1    1  5.72346E+11 0.00220 
   92   92    1    1    1    1    1    1    1    1  0.00000E+00 0.00000 
   93   93    1    1    1    1    1    1    1    1  0.00000E+00 0.00000 
   94   94    1    1    1    1    1    1    1    1  0.00000E+00 0.00000 
   95   95    1    1    1    1    1    1    1    1  0.00000E+00 0.00000 
   96   96    1    1    1    1    1    1    1    1  0.00000E+00 0.00000 
   97   97    1    1    1    1    1    1    1    1  0.00000E+00 0.00000 
   98   98    1    1    1    1    1    1    1    1  0.00000E+00 0.00000 
   99   99    1    1    1    1    1    1    1    1  0.00000E+00 0.00000 
  100  100    1    1    1    1    1    1    1    1  0.00000E+00 0.00000 
];


