
DETdpaspec = [
    1    1    1    1    1    1    1    1    1    1  0.00000E+00 0.00000 
    2    2    1    1    1    1    1    1    1    1  0.00000E+00 0.00000 
    3    3    1    1    1    1    1    1    1    1  0.00000E+00 0.00000 
    4    4    1    1    1    1    1    1    1    1  0.00000E+00 0.00000 
    5    5    1    1    1    1    1    1    1    1  0.00000E+00 0.00000 
    6    6    1    1    1    1    1    1    1    1  0.00000E+00 0.00000 
    7    7    1    1    1    1    1    1    1    1  0.00000E+00 0.00000 
    8    8    1    1    1    1    1    1    1    1  0.00000E+00 0.00000 
    9    9    1    1    1    1    1    1    1    1  0.00000E+00 0.00000 
   10   10    1    1    1    1    1    1    1    1  0.00000E+00 0.00000 
   11   11    1    1    1    1    1    1    1    1  0.00000E+00 0.00000 
   12   12    1    1    1    1    1    1    1    1  0.00000E+00 0.00000 
   13   13    1    1    1    1    1    1    1    1  0.00000E+00 0.00000 
   14   14    1    1    1    1    1    1    1    1  0.00000E+00 0.00000 
   15   15    1    1    1    1    1    1    1    1  0.00000E+00 0.00000 
   16   16    1    1    1    1    1    1    1    1  0.00000E+00 0.00000 
   17   17    1    1    1    1    1    1    1    1  0.00000E+00 0.00000 
   18   18    1    1    1    1    1    1    1    1  0.00000E+00 0.00000 
   19   19    1    1    1    1    1    1    1    1  1.02849E+09 0.11296 
   20   20    1    1    1    1    1    1    1    1  1.06346E+08 0.13964 
   21   21    1    1    1    1    1    1    1    1  5.29060E+08 0.08481 
   22   22    1    1    1    1    1    1    1    1  4.27097E+08 0.04738 
   23   23    1    1    1    1    1    1    1    1  9.01974E+08 0.04740 
   24   24    1    1    1    1    1    1    1    1  1.54222E+09 0.04216 
   25   25    1    1    1    1    1    1    1    1  3.58634E+09 0.03009 
   26   26    1    1    1    1    1    1    1    1  5.43220E+09 0.02517 
   27   27    1    1    1    1    1    1    1    1  1.14932E+10 0.01746 
   28   28    1    1    1    1    1    1    1    1  2.67786E+10 0.01107 
   29   29    1    1    1    1    1    1    1    1  6.91102E+10 0.00529 
   30   30    1    1    1    1    1    1    1    1  1.29226E+11 0.00406 
   31   31    1    1    1    1    1    1    1    1  3.13640E+11 0.00331 
   32   32    1    1    1    1    1    1    1    1  8.55737E+11 0.00239 
   33   33    1    1    1    1    1    1    1    1  1.45148E+12 0.00155 
   34   34    1    1    1    1    1    1    1    1  3.28531E+12 0.00126 
   35   35    1    1    1    1    1    1    1    1  4.44746E+12 0.00104 
   36   36    1    1    1    1    1    1    1    1  5.02699E+12 0.00081 
   37   37    1    1    1    1    1    1    1    1  3.15999E+12 0.00074 
   38   38    1    1    1    1    1    1    1    1  9.38251E+11 0.00082 
   39   39    1    1    1    1    1    1    1    1  5.39071E+12 0.00040 
   40   40    1    1    1    1    1    1    1    1  7.24535E+12 0.00043 
   41   41    1    1    1    1    1    1    1    1  1.24255E+13 0.00050 
   42   42    1    1    1    1    1    1    1    1  1.21930E+13 0.00050 
   43   43    1    1    1    1    1    1    1    1  2.64196E+13 0.00033 
   44   44    1    1    1    1    1    1    1    1  3.18700E+13 0.00038 
   45   45    1    1    1    1    1    1    1    1  4.58304E+13 0.00028 
   46   46    1    1    1    1    1    1    1    1  9.07196E+13 0.00022 
   47   47    1    1    1    1    1    1    1    1  4.08745E+13 0.00019 
   48   48    1    1    1    1    1    1    1    1  6.52129E+13 0.00024 
   49   49    1    1    1    1    1    1    1    1  8.97680E+13 0.00023 
   50   50    1    1    1    1    1    1    1    1  8.76877E+13 0.00025 
   51   51    1    1    1    1    1    1    1    1  1.36172E+14 0.00018 
   52   52    1    1    1    1    1    1    1    1  1.05378E+14 0.00019 
   53   53    1    1    1    1    1    1    1    1  1.26054E+14 0.00012 
   54   54    1    1    1    1    1    1    1    1  8.61112E+13 0.00016 
   55   55    1    1    1    1    1    1    1    1  1.06082E+14 0.00014 
   56   56    1    1    1    1    1    1    1    1  7.21389E+13 0.00016 
   57   57    1    1    1    1    1    1    1    1  9.72288E+12 0.00029 
   58   58    1    1    1    1    1    1    1    1  1.42042E+14 0.00015 
   59   59    1    1    1    1    1    1    1    1  6.40655E+13 0.00021 
   60   60    1    1    1    1    1    1    1    1  6.70781E+13 0.00026 
   61   61    1    1    1    1    1    1    1    1  5.24993E+13 0.00019 
   62   62    1    1    1    1    1    1    1    1  5.23004E+13 0.00022 
   63   63    1    1    1    1    1    1    1    1  5.44364E+13 0.00021 
   64   64    1    1    1    1    1    1    1    1  4.55745E+13 0.00023 
   65   65    1    1    1    1    1    1    1    1  3.59700E+13 0.00024 
   66   66    1    1    1    1    1    1    1    1  3.54417E+13 0.00027 
   67   67    1    1    1    1    1    1    1    1  2.53069E+13 0.00023 
   68   68    1    1    1    1    1    1    1    1  2.04593E+13 0.00036 
   69   69    1    1    1    1    1    1    1    1  1.82614E+13 0.00032 
   70   70    1    1    1    1    1    1    1    1  2.18369E+13 0.00042 
   71   71    1    1    1    1    1    1    1    1  1.84188E+13 0.00046 
   72   72    1    1    1    1    1    1    1    1  3.27642E+13 0.00031 
   73   73    1    1    1    1    1    1    1    1  2.28768E+13 0.00042 
   74   74    1    1    1    1    1    1    1    1  1.71837E+13 0.00050 
   75   75    1    1    1    1    1    1    1    1  1.38953E+13 0.00039 
   76   76    1    1    1    1    1    1    1    1  1.16146E+13 0.00048 
   77   77    1    1    1    1    1    1    1    1  1.35565E+13 0.00040 
   78   78    1    1    1    1    1    1    1    1  1.08274E+13 0.00048 
   79   79    1    1    1    1    1    1    1    1  8.70008E+12 0.00058 
   80   80    1    1    1    1    1    1    1    1  9.01787E+12 0.00048 
   81   81    1    1    1    1    1    1    1    1  6.70001E+12 0.00067 
   82   82    1    1    1    1    1    1    1    1  5.18263E+12 0.00070 
   83   83    1    1    1    1    1    1    1    1  3.97712E+12 0.00116 
   84   84    1    1    1    1    1    1    1    1  3.71509E+12 0.00075 
   85   85    1    1    1    1    1    1    1    1  2.68422E+12 0.00108 
   86   86    1    1    1    1    1    1    1    1  1.93753E+12 0.00127 
   87   87    1    1    1    1    1    1    1    1  1.81279E+12 0.00105 
   88   88    1    1    1    1    1    1    1    1  1.11314E+12 0.00201 
   89   89    1    1    1    1    1    1    1    1  7.48645E+11 0.00238 
   90   90    1    1    1    1    1    1    1    1  4.31738E+11 0.00297 
   91   91    1    1    1    1    1    1    1    1  5.44999E+11 0.00238 
   92   92    1    1    1    1    1    1    1    1  0.00000E+00 0.00000 
   93   93    1    1    1    1    1    1    1    1  0.00000E+00 0.00000 
   94   94    1    1    1    1    1    1    1    1  0.00000E+00 0.00000 
   95   95    1    1    1    1    1    1    1    1  0.00000E+00 0.00000 
   96   96    1    1    1    1    1    1    1    1  0.00000E+00 0.00000 
   97   97    1    1    1    1    1    1    1    1  0.00000E+00 0.00000 
   98   98    1    1    1    1    1    1    1    1  0.00000E+00 0.00000 
   99   99    1    1    1    1    1    1    1    1  0.00000E+00 0.00000 
  100  100    1    1    1    1    1    1    1    1  0.00000E+00 0.00000 
];


