
DETdpaspec = [
    1    1    1    1    1    1    1    1    1    1  0.00000E+00 0.00000 
    2    2    1    1    1    1    1    1    1    1  0.00000E+00 0.00000 
    3    3    1    1    1    1    1    1    1    1  0.00000E+00 0.00000 
    4    4    1    1    1    1    1    1    1    1  0.00000E+00 0.00000 
    5    5    1    1    1    1    1    1    1    1  0.00000E+00 0.00000 
    6    6    1    1    1    1    1    1    1    1  0.00000E+00 0.00000 
    7    7    1    1    1    1    1    1    1    1  0.00000E+00 0.00000 
    8    8    1    1    1    1    1    1    1    1  0.00000E+00 0.00000 
    9    9    1    1    1    1    1    1    1    1  0.00000E+00 0.00000 
   10   10    1    1    1    1    1    1    1    1  0.00000E+00 0.00000 
   11   11    1    1    1    1    1    1    1    1  0.00000E+00 0.00000 
   12   12    1    1    1    1    1    1    1    1  0.00000E+00 0.00000 
   13   13    1    1    1    1    1    1    1    1  0.00000E+00 0.00000 
   14   14    1    1    1    1    1    1    1    1  0.00000E+00 0.00000 
   15   15    1    1    1    1    1    1    1    1  0.00000E+00 0.00000 
   16   16    1    1    1    1    1    1    1    1  0.00000E+00 0.00000 
   17   17    1    1    1    1    1    1    1    1  0.00000E+00 0.00000 
   18   18    1    1    1    1    1    1    1    1  0.00000E+00 0.00000 
   19   19    1    1    1    1    1    1    1    1  1.35702E+09 0.06585 
   20   20    1    1    1    1    1    1    1    1  2.17858E+08 0.09288 
   21   21    1    1    1    1    1    1    1    1  6.62963E+08 0.05936 
   22   22    1    1    1    1    1    1    1    1  4.98079E+08 0.06374 
   23   23    1    1    1    1    1    1    1    1  1.25358E+09 0.02916 
   24   24    1    1    1    1    1    1    1    1  1.93911E+09 0.03668 
   25   25    1    1    1    1    1    1    1    1  3.45531E+09 0.03597 
   26   26    1    1    1    1    1    1    1    1  4.17894E+09 0.02792 
   27   27    1    1    1    1    1    1    1    1  6.89054E+09 0.01920 
   28   28    1    1    1    1    1    1    1    1  1.35933E+10 0.00942 
   29   29    1    1    1    1    1    1    1    1  3.18226E+10 0.01157 
   30   30    1    1    1    1    1    1    1    1  5.66208E+10 0.00526 
   31   31    1    1    1    1    1    1    1    1  1.59631E+11 0.00369 
   32   32    1    1    1    1    1    1    1    1  4.98131E+11 0.00224 
   33   33    1    1    1    1    1    1    1    1  9.26038E+11 0.00175 
   34   34    1    1    1    1    1    1    1    1  2.23199E+12 0.00122 
   35   35    1    1    1    1    1    1    1    1  3.15301E+12 0.00075 
   36   36    1    1    1    1    1    1    1    1  3.98861E+12 0.00093 
   37   37    1    1    1    1    1    1    1    1  2.65042E+12 0.00072 
   38   38    1    1    1    1    1    1    1    1  8.06416E+11 0.00081 
   39   39    1    1    1    1    1    1    1    1  4.58051E+12 0.00070 
   40   40    1    1    1    1    1    1    1    1  6.20787E+12 0.00053 
   41   41    1    1    1    1    1    1    1    1  1.07132E+13 0.00051 
   42   42    1    1    1    1    1    1    1    1  1.07984E+13 0.00044 
   43   43    1    1    1    1    1    1    1    1  2.33625E+13 0.00041 
   44   44    1    1    1    1    1    1    1    1  2.84944E+13 0.00028 
   45   45    1    1    1    1    1    1    1    1  4.14974E+13 0.00030 
   46   46    1    1    1    1    1    1    1    1  8.32085E+13 0.00028 
   47   47    1    1    1    1    1    1    1    1  3.85248E+13 0.00026 
   48   48    1    1    1    1    1    1    1    1  6.21838E+13 0.00028 
   49   49    1    1    1    1    1    1    1    1  8.66968E+13 0.00027 
   50   50    1    1    1    1    1    1    1    1  8.57512E+13 0.00018 
   51   51    1    1    1    1    1    1    1    1  1.33765E+14 0.00014 
   52   52    1    1    1    1    1    1    1    1  1.05903E+14 0.00017 
   53   53    1    1    1    1    1    1    1    1  1.26359E+14 0.00019 
   54   54    1    1    1    1    1    1    1    1  8.74394E+13 0.00015 
   55   55    1    1    1    1    1    1    1    1  1.07250E+14 0.00011 
   56   56    1    1    1    1    1    1    1    1  7.35336E+13 0.00012 
   57   57    1    1    1    1    1    1    1    1  9.96660E+12 0.00023 
   58   58    1    1    1    1    1    1    1    1  1.45858E+14 0.00011 
   59   59    1    1    1    1    1    1    1    1  6.52752E+13 0.00019 
   60   60    1    1    1    1    1    1    1    1  6.90157E+13 0.00023 
   61   61    1    1    1    1    1    1    1    1  5.37657E+13 0.00021 
   62   62    1    1    1    1    1    1    1    1  5.38300E+13 0.00015 
   63   63    1    1    1    1    1    1    1    1  5.61119E+13 0.00028 
   64   64    1    1    1    1    1    1    1    1  4.71266E+13 0.00027 
   65   65    1    1    1    1    1    1    1    1  3.74027E+13 0.00027 
   66   66    1    1    1    1    1    1    1    1  3.70384E+13 0.00029 
   67   67    1    1    1    1    1    1    1    1  2.65795E+13 0.00027 
   68   68    1    1    1    1    1    1    1    1  2.15989E+13 0.00043 
   69   69    1    1    1    1    1    1    1    1  1.93688E+13 0.00044 
   70   70    1    1    1    1    1    1    1    1  2.32464E+13 0.00047 
   71   71    1    1    1    1    1    1    1    1  1.97387E+13 0.00030 
   72   72    1    1    1    1    1    1    1    1  3.56324E+13 0.00028 
   73   73    1    1    1    1    1    1    1    1  2.50871E+13 0.00036 
   74   74    1    1    1    1    1    1    1    1  1.88483E+13 0.00047 
   75   75    1    1    1    1    1    1    1    1  1.51854E+13 0.00040 
   76   76    1    1    1    1    1    1    1    1  1.26345E+13 0.00056 
   77   77    1    1    1    1    1    1    1    1  1.46724E+13 0.00047 
   78   78    1    1    1    1    1    1    1    1  1.16307E+13 0.00060 
   79   79    1    1    1    1    1    1    1    1  9.29113E+12 0.00068 
   80   80    1    1    1    1    1    1    1    1  9.61138E+12 0.00061 
   81   81    1    1    1    1    1    1    1    1  7.12719E+12 0.00056 
   82   82    1    1    1    1    1    1    1    1  5.50249E+12 0.00107 
   83   83    1    1    1    1    1    1    1    1  4.22854E+12 0.00089 
   84   84    1    1    1    1    1    1    1    1  3.96061E+12 0.00076 
   85   85    1    1    1    1    1    1    1    1  2.84432E+12 0.00091 
   86   86    1    1    1    1    1    1    1    1  2.05552E+12 0.00129 
   87   87    1    1    1    1    1    1    1    1  1.92739E+12 0.00146 
   88   88    1    1    1    1    1    1    1    1  1.18209E+12 0.00188 
   89   89    1    1    1    1    1    1    1    1  7.99056E+11 0.00212 
   90   90    1    1    1    1    1    1    1    1  4.61852E+11 0.00291 
   91   91    1    1    1    1    1    1    1    1  5.87907E+11 0.00275 
   92   92    1    1    1    1    1    1    1    1  0.00000E+00 0.00000 
   93   93    1    1    1    1    1    1    1    1  0.00000E+00 0.00000 
   94   94    1    1    1    1    1    1    1    1  0.00000E+00 0.00000 
   95   95    1    1    1    1    1    1    1    1  0.00000E+00 0.00000 
   96   96    1    1    1    1    1    1    1    1  0.00000E+00 0.00000 
   97   97    1    1    1    1    1    1    1    1  0.00000E+00 0.00000 
   98   98    1    1    1    1    1    1    1    1  0.00000E+00 0.00000 
   99   99    1    1    1    1    1    1    1    1  0.00000E+00 0.00000 
  100  100    1    1    1    1    1    1    1    1  0.00000E+00 0.00000 
];


