
DETdpaspec = [
    1    1    1    1    1    1    1    1    1    1  0.00000E+00 0.00000 
    2    2    1    1    1    1    1    1    1    1  0.00000E+00 0.00000 
    3    3    1    1    1    1    1    1    1    1  0.00000E+00 0.00000 
    4    4    1    1    1    1    1    1    1    1  0.00000E+00 0.00000 
    5    5    1    1    1    1    1    1    1    1  0.00000E+00 0.00000 
    6    6    1    1    1    1    1    1    1    1  0.00000E+00 0.00000 
    7    7    1    1    1    1    1    1    1    1  0.00000E+00 0.00000 
    8    8    1    1    1    1    1    1    1    1  0.00000E+00 0.00000 
    9    9    1    1    1    1    1    1    1    1  0.00000E+00 0.00000 
   10   10    1    1    1    1    1    1    1    1  0.00000E+00 0.00000 
   11   11    1    1    1    1    1    1    1    1  0.00000E+00 0.00000 
   12   12    1    1    1    1    1    1    1    1  0.00000E+00 0.00000 
   13   13    1    1    1    1    1    1    1    1  0.00000E+00 0.00000 
   14   14    1    1    1    1    1    1    1    1  0.00000E+00 0.00000 
   15   15    1    1    1    1    1    1    1    1  0.00000E+00 0.00000 
   16   16    1    1    1    1    1    1    1    1  0.00000E+00 0.00000 
   17   17    1    1    1    1    1    1    1    1  0.00000E+00 0.00000 
   18   18    1    1    1    1    1    1    1    1  0.00000E+00 0.00000 
   19   19    1    1    1    1    1    1    1    1  2.24621E+09 0.03358 
   20   20    1    1    1    1    1    1    1    1  3.63123E+08 0.05742 
   21   21    1    1    1    1    1    1    1    1  1.28181E+09 0.04955 
   22   22    1    1    1    1    1    1    1    1  9.92628E+08 0.04146 
   23   23    1    1    1    1    1    1    1    1  2.51970E+09 0.01883 
   24   24    1    1    1    1    1    1    1    1  3.56723E+09 0.02212 
   25   25    1    1    1    1    1    1    1    1  5.62704E+09 0.01372 
   26   26    1    1    1    1    1    1    1    1  6.98857E+09 0.01550 
   27   27    1    1    1    1    1    1    1    1  1.12464E+10 0.01232 
   28   28    1    1    1    1    1    1    1    1  1.96014E+10 0.01063 
   29   29    1    1    1    1    1    1    1    1  3.55197E+10 0.00807 
   30   30    1    1    1    1    1    1    1    1  5.01100E+10 0.00624 
   31   31    1    1    1    1    1    1    1    1  1.58498E+11 0.00342 
   32   32    1    1    1    1    1    1    1    1  4.94964E+11 0.00201 
   33   33    1    1    1    1    1    1    1    1  9.39315E+11 0.00161 
   34   34    1    1    1    1    1    1    1    1  2.12723E+12 0.00121 
   35   35    1    1    1    1    1    1    1    1  2.86974E+12 0.00118 
   36   36    1    1    1    1    1    1    1    1  4.11382E+12 0.00086 
   37   37    1    1    1    1    1    1    1    1  2.88470E+12 0.00076 
   38   38    1    1    1    1    1    1    1    1  9.12450E+11 0.00089 
   39   39    1    1    1    1    1    1    1    1  4.96561E+12 0.00079 
   40   40    1    1    1    1    1    1    1    1  6.66856E+12 0.00073 
   41   41    1    1    1    1    1    1    1    1  1.12140E+13 0.00057 
   42   42    1    1    1    1    1    1    1    1  1.16998E+13 0.00057 
   43   43    1    1    1    1    1    1    1    1  2.43016E+13 0.00047 
   44   44    1    1    1    1    1    1    1    1  2.93296E+13 0.00040 
   45   45    1    1    1    1    1    1    1    1  4.22732E+13 0.00037 
   46   46    1    1    1    1    1    1    1    1  8.22963E+13 0.00022 
   47   47    1    1    1    1    1    1    1    1  3.89644E+13 0.00024 
   48   48    1    1    1    1    1    1    1    1  6.34863E+13 0.00024 
   49   49    1    1    1    1    1    1    1    1  8.83122E+13 0.00017 
   50   50    1    1    1    1    1    1    1    1  8.80348E+13 0.00015 
   51   51    1    1    1    1    1    1    1    1  1.34822E+14 0.00012 
   52   52    1    1    1    1    1    1    1    1  1.09574E+14 0.00012 
   53   53    1    1    1    1    1    1    1    1  1.27090E+14 0.00014 
   54   54    1    1    1    1    1    1    1    1  8.90535E+13 0.00020 
   55   55    1    1    1    1    1    1    1    1  1.06294E+14 0.00016 
   56   56    1    1    1    1    1    1    1    1  7.36600E+13 0.00017 
   57   57    1    1    1    1    1    1    1    1  1.01017E+13 0.00027 
   58   58    1    1    1    1    1    1    1    1  1.46710E+14 0.00018 
   59   59    1    1    1    1    1    1    1    1  6.34325E+13 0.00027 
   60   60    1    1    1    1    1    1    1    1  6.79741E+13 0.00021 
   61   61    1    1    1    1    1    1    1    1  5.18148E+13 0.00017 
   62   62    1    1    1    1    1    1    1    1  5.23014E+13 0.00033 
   63   63    1    1    1    1    1    1    1    1  5.42354E+13 0.00021 
   64   64    1    1    1    1    1    1    1    1  4.53902E+13 0.00028 
   65   65    1    1    1    1    1    1    1    1  3.61808E+13 0.00030 
   66   66    1    1    1    1    1    1    1    1  3.58504E+13 0.00033 
   67   67    1    1    1    1    1    1    1    1  2.58499E+13 0.00028 
   68   68    1    1    1    1    1    1    1    1  2.12165E+13 0.00031 
   69   69    1    1    1    1    1    1    1    1  1.91132E+13 0.00051 
   70   70    1    1    1    1    1    1    1    1  2.29794E+13 0.00041 
   71   71    1    1    1    1    1    1    1    1  1.96244E+13 0.00048 
   72   72    1    1    1    1    1    1    1    1  3.64381E+13 0.00033 
   73   73    1    1    1    1    1    1    1    1  2.59310E+13 0.00034 
   74   74    1    1    1    1    1    1    1    1  1.94406E+13 0.00040 
   75   75    1    1    1    1    1    1    1    1  1.53664E+13 0.00042 
   76   76    1    1    1    1    1    1    1    1  1.25230E+13 0.00048 
   77   77    1    1    1    1    1    1    1    1  1.42813E+13 0.00046 
   78   78    1    1    1    1    1    1    1    1  1.10723E+13 0.00043 
   79   79    1    1    1    1    1    1    1    1  8.69827E+12 0.00052 
   80   80    1    1    1    1    1    1    1    1  8.89522E+12 0.00086 
   81   81    1    1    1    1    1    1    1    1  6.54315E+12 0.00079 
   82   82    1    1    1    1    1    1    1    1  5.00848E+12 0.00058 
   83   83    1    1    1    1    1    1    1    1  3.83751E+12 0.00082 
   84   84    1    1    1    1    1    1    1    1  3.58423E+12 0.00091 
   85   85    1    1    1    1    1    1    1    1  2.57746E+12 0.00098 
   86   86    1    1    1    1    1    1    1    1  1.85084E+12 0.00127 
   87   87    1    1    1    1    1    1    1    1  1.73508E+12 0.00137 
   88   88    1    1    1    1    1    1    1    1  1.07470E+12 0.00187 
   89   89    1    1    1    1    1    1    1    1  7.24219E+11 0.00221 
   90   90    1    1    1    1    1    1    1    1  4.21544E+11 0.00279 
   91   91    1    1    1    1    1    1    1    1  5.41091E+11 0.00328 
   92   92    1    1    1    1    1    1    1    1  0.00000E+00 0.00000 
   93   93    1    1    1    1    1    1    1    1  0.00000E+00 0.00000 
   94   94    1    1    1    1    1    1    1    1  0.00000E+00 0.00000 
   95   95    1    1    1    1    1    1    1    1  0.00000E+00 0.00000 
   96   96    1    1    1    1    1    1    1    1  0.00000E+00 0.00000 
   97   97    1    1    1    1    1    1    1    1  0.00000E+00 0.00000 
   98   98    1    1    1    1    1    1    1    1  0.00000E+00 0.00000 
   99   99    1    1    1    1    1    1    1    1  0.00000E+00 0.00000 
  100  100    1    1    1    1    1    1    1    1  0.00000E+00 0.00000 
];


