
DETdpaspec = [
    1    1    1    1    1    1    1    1    1    1  0.00000E+00 0.00000 
    2    2    1    1    1    1    1    1    1    1  0.00000E+00 0.00000 
    3    3    1    1    1    1    1    1    1    1  0.00000E+00 0.00000 
    4    4    1    1    1    1    1    1    1    1  0.00000E+00 0.00000 
    5    5    1    1    1    1    1    1    1    1  0.00000E+00 0.00000 
    6    6    1    1    1    1    1    1    1    1  0.00000E+00 0.00000 
    7    7    1    1    1    1    1    1    1    1  0.00000E+00 0.00000 
    8    8    1    1    1    1    1    1    1    1  0.00000E+00 0.00000 
    9    9    1    1    1    1    1    1    1    1  0.00000E+00 0.00000 
   10   10    1    1    1    1    1    1    1    1  0.00000E+00 0.00000 
   11   11    1    1    1    1    1    1    1    1  0.00000E+00 0.00000 
   12   12    1    1    1    1    1    1    1    1  0.00000E+00 0.00000 
   13   13    1    1    1    1    1    1    1    1  0.00000E+00 0.00000 
   14   14    1    1    1    1    1    1    1    1  0.00000E+00 0.00000 
   15   15    1    1    1    1    1    1    1    1  0.00000E+00 0.00000 
   16   16    1    1    1    1    1    1    1    1  0.00000E+00 0.00000 
   17   17    1    1    1    1    1    1    1    1  0.00000E+00 0.00000 
   18   18    1    1    1    1    1    1    1    1  0.00000E+00 0.00000 
   19   19    1    1    1    1    1    1    1    1  1.72807E+09 0.05474 
   20   20    1    1    1    1    1    1    1    1  2.65630E+08 0.07750 
   21   21    1    1    1    1    1    1    1    1  9.93185E+08 0.04786 
   22   22    1    1    1    1    1    1    1    1  7.48745E+08 0.03808 
   23   23    1    1    1    1    1    1    1    1  1.89121E+09 0.03384 
   24   24    1    1    1    1    1    1    1    1  2.63536E+09 0.02863 
   25   25    1    1    1    1    1    1    1    1  4.37612E+09 0.02376 
   26   26    1    1    1    1    1    1    1    1  5.48059E+09 0.01495 
   27   27    1    1    1    1    1    1    1    1  8.48825E+09 0.01681 
   28   28    1    1    1    1    1    1    1    1  1.48742E+10 0.00955 
   29   29    1    1    1    1    1    1    1    1  2.94123E+10 0.00819 
   30   30    1    1    1    1    1    1    1    1  4.59561E+10 0.00727 
   31   31    1    1    1    1    1    1    1    1  1.38787E+11 0.00341 
   32   32    1    1    1    1    1    1    1    1  4.42632E+11 0.00355 
   33   33    1    1    1    1    1    1    1    1  8.47398E+11 0.00248 
   34   34    1    1    1    1    1    1    1    1  2.00038E+12 0.00161 
   35   35    1    1    1    1    1    1    1    1  2.78232E+12 0.00096 
   36   36    1    1    1    1    1    1    1    1  3.83502E+12 0.00089 
   37   37    1    1    1    1    1    1    1    1  2.65242E+12 0.00108 
   38   38    1    1    1    1    1    1    1    1  8.26855E+11 0.00091 
   39   39    1    1    1    1    1    1    1    1  4.59076E+12 0.00079 
   40   40    1    1    1    1    1    1    1    1  6.21289E+12 0.00061 
   41   41    1    1    1    1    1    1    1    1  1.06163E+13 0.00040 
   42   42    1    1    1    1    1    1    1    1  1.09423E+13 0.00037 
   43   43    1    1    1    1    1    1    1    1  2.32139E+13 0.00047 
   44   44    1    1    1    1    1    1    1    1  2.82511E+13 0.00050 
   45   45    1    1    1    1    1    1    1    1  4.10668E+13 0.00036 
   46   46    1    1    1    1    1    1    1    1  8.14082E+13 0.00022 
   47   47    1    1    1    1    1    1    1    1  3.83243E+13 0.00029 
   48   48    1    1    1    1    1    1    1    1  6.22960E+13 0.00018 
   49   49    1    1    1    1    1    1    1    1  8.70043E+13 0.00018 
   50   50    1    1    1    1    1    1    1    1  8.66001E+13 0.00016 
   51   51    1    1    1    1    1    1    1    1  1.33945E+14 0.00015 
   52   52    1    1    1    1    1    1    1    1  1.07876E+14 0.00016 
   53   53    1    1    1    1    1    1    1    1  1.26875E+14 0.00017 
   54   54    1    1    1    1    1    1    1    1  8.85119E+13 0.00020 
   55   55    1    1    1    1    1    1    1    1  1.06989E+14 0.00019 
   56   56    1    1    1    1    1    1    1    1  7.38494E+13 0.00014 
   57   57    1    1    1    1    1    1    1    1  1.00790E+13 0.00031 
   58   58    1    1    1    1    1    1    1    1  1.46912E+14 0.00017 
   59   59    1    1    1    1    1    1    1    1  6.45448E+13 0.00019 
   60   60    1    1    1    1    1    1    1    1  6.88377E+13 0.00023 
   61   61    1    1    1    1    1    1    1    1  5.29805E+13 0.00020 
   62   62    1    1    1    1    1    1    1    1  5.33162E+13 0.00021 
   63   63    1    1    1    1    1    1    1    1  5.54566E+13 0.00026 
   64   64    1    1    1    1    1    1    1    1  4.65236E+13 0.00024 
   65   65    1    1    1    1    1    1    1    1  3.70364E+13 0.00025 
   66   66    1    1    1    1    1    1    1    1  3.67115E+13 0.00026 
   67   67    1    1    1    1    1    1    1    1  2.64357E+13 0.00036 
   68   68    1    1    1    1    1    1    1    1  2.16208E+13 0.00032 
   69   69    1    1    1    1    1    1    1    1  1.94383E+13 0.00047 
   70   70    1    1    1    1    1    1    1    1  2.33682E+13 0.00038 
   71   71    1    1    1    1    1    1    1    1  1.99116E+13 0.00049 
   72   72    1    1    1    1    1    1    1    1  3.65754E+13 0.00029 
   73   73    1    1    1    1    1    1    1    1  2.59346E+13 0.00030 
   74   74    1    1    1    1    1    1    1    1  1.94928E+13 0.00058 
   75   75    1    1    1    1    1    1    1    1  1.55277E+13 0.00050 
   76   76    1    1    1    1    1    1    1    1  1.27705E+13 0.00045 
   77   77    1    1    1    1    1    1    1    1  1.46919E+13 0.00049 
   78   78    1    1    1    1    1    1    1    1  1.15251E+13 0.00048 
   79   79    1    1    1    1    1    1    1    1  9.11589E+12 0.00061 
   80   80    1    1    1    1    1    1    1    1  9.36831E+12 0.00057 
   81   81    1    1    1    1    1    1    1    1  6.91475E+12 0.00079 
   82   82    1    1    1    1    1    1    1    1  5.31176E+12 0.00064 
   83   83    1    1    1    1    1    1    1    1  4.07616E+12 0.00075 
   84   84    1    1    1    1    1    1    1    1  3.80961E+12 0.00072 
   85   85    1    1    1    1    1    1    1    1  2.73746E+12 0.00129 
   86   86    1    1    1    1    1    1    1    1  1.97303E+12 0.00164 
   87   87    1    1    1    1    1    1    1    1  1.85211E+12 0.00074 
   88   88    1    1    1    1    1    1    1    1  1.14218E+12 0.00218 
   89   89    1    1    1    1    1    1    1    1  7.70956E+11 0.00208 
   90   90    1    1    1    1    1    1    1    1  4.47828E+11 0.00327 
   91   91    1    1    1    1    1    1    1    1  5.73964E+11 0.00321 
   92   92    1    1    1    1    1    1    1    1  0.00000E+00 0.00000 
   93   93    1    1    1    1    1    1    1    1  0.00000E+00 0.00000 
   94   94    1    1    1    1    1    1    1    1  0.00000E+00 0.00000 
   95   95    1    1    1    1    1    1    1    1  0.00000E+00 0.00000 
   96   96    1    1    1    1    1    1    1    1  0.00000E+00 0.00000 
   97   97    1    1    1    1    1    1    1    1  0.00000E+00 0.00000 
   98   98    1    1    1    1    1    1    1    1  0.00000E+00 0.00000 
   99   99    1    1    1    1    1    1    1    1  0.00000E+00 0.00000 
  100  100    1    1    1    1    1    1    1    1  0.00000E+00 0.00000 
];


