
DETdpaspec = [
    1    1    1    1    1    1    1    1    1    1  0.00000E+00 0.00000 
    2    2    1    1    1    1    1    1    1    1  0.00000E+00 0.00000 
    3    3    1    1    1    1    1    1    1    1  0.00000E+00 0.00000 
    4    4    1    1    1    1    1    1    1    1  0.00000E+00 0.00000 
    5    5    1    1    1    1    1    1    1    1  0.00000E+00 0.00000 
    6    6    1    1    1    1    1    1    1    1  0.00000E+00 0.00000 
    7    7    1    1    1    1    1    1    1    1  0.00000E+00 0.00000 
    8    8    1    1    1    1    1    1    1    1  0.00000E+00 0.00000 
    9    9    1    1    1    1    1    1    1    1  0.00000E+00 0.00000 
   10   10    1    1    1    1    1    1    1    1  0.00000E+00 0.00000 
   11   11    1    1    1    1    1    1    1    1  0.00000E+00 0.00000 
   12   12    1    1    1    1    1    1    1    1  0.00000E+00 0.00000 
   13   13    1    1    1    1    1    1    1    1  0.00000E+00 0.00000 
   14   14    1    1    1    1    1    1    1    1  0.00000E+00 0.00000 
   15   15    1    1    1    1    1    1    1    1  0.00000E+00 0.00000 
   16   16    1    1    1    1    1    1    1    1  0.00000E+00 0.00000 
   17   17    1    1    1    1    1    1    1    1  0.00000E+00 0.00000 
   18   18    1    1    1    1    1    1    1    1  0.00000E+00 0.00000 
   19   19    1    1    1    1    1    1    1    1  1.24853E+09 0.08847 
   20   20    1    1    1    1    1    1    1    1  1.94817E+08 0.12637 
   21   21    1    1    1    1    1    1    1    1  6.35928E+08 0.08950 
   22   22    1    1    1    1    1    1    1    1  4.35112E+08 0.07628 
   23   23    1    1    1    1    1    1    1    1  9.90386E+08 0.05271 
   24   24    1    1    1    1    1    1    1    1  1.67150E+09 0.04220 
   25   25    1    1    1    1    1    1    1    1  3.11884E+09 0.02246 
   26   26    1    1    1    1    1    1    1    1  4.14634E+09 0.03537 
   27   27    1    1    1    1    1    1    1    1  7.43806E+09 0.02467 
   28   28    1    1    1    1    1    1    1    1  1.55792E+10 0.01029 
   29   29    1    1    1    1    1    1    1    1  3.93060E+10 0.00812 
   30   30    1    1    1    1    1    1    1    1  7.19841E+10 0.00825 
   31   31    1    1    1    1    1    1    1    1  1.91818E+11 0.00537 
   32   32    1    1    1    1    1    1    1    1  5.79497E+11 0.00325 
   33   33    1    1    1    1    1    1    1    1  1.05146E+12 0.00236 
   34   34    1    1    1    1    1    1    1    1  2.50451E+12 0.00121 
   35   35    1    1    1    1    1    1    1    1  3.50590E+12 0.00083 
   36   36    1    1    1    1    1    1    1    1  4.25809E+12 0.00066 
   37   37    1    1    1    1    1    1    1    1  2.77547E+12 0.00072 
   38   38    1    1    1    1    1    1    1    1  8.36072E+11 0.00065 
   39   39    1    1    1    1    1    1    1    1  4.77503E+12 0.00067 
   40   40    1    1    1    1    1    1    1    1  6.46397E+12 0.00051 
   41   41    1    1    1    1    1    1    1    1  1.11393E+13 0.00054 
   42   42    1    1    1    1    1    1    1    1  1.11189E+13 0.00055 
   43   43    1    1    1    1    1    1    1    1  2.41326E+13 0.00054 
   44   44    1    1    1    1    1    1    1    1  2.93569E+13 0.00055 
   45   45    1    1    1    1    1    1    1    1  4.26272E+13 0.00036 
   46   46    1    1    1    1    1    1    1    1  8.53337E+13 0.00023 
   47   47    1    1    1    1    1    1    1    1  3.91511E+13 0.00025 
   48   48    1    1    1    1    1    1    1    1  6.29532E+13 0.00027 
   49   49    1    1    1    1    1    1    1    1  8.74450E+13 0.00023 
   50   50    1    1    1    1    1    1    1    1  8.61450E+13 0.00020 
   51   51    1    1    1    1    1    1    1    1  1.34378E+14 0.00019 
   52   52    1    1    1    1    1    1    1    1  1.05533E+14 0.00017 
   53   53    1    1    1    1    1    1    1    1  1.26265E+14 0.00013 
   54   54    1    1    1    1    1    1    1    1  8.69832E+13 0.00016 
   55   55    1    1    1    1    1    1    1    1  1.06995E+14 0.00015 
   56   56    1    1    1    1    1    1    1    1  7.31871E+13 0.00017 
   57   57    1    1    1    1    1    1    1    1  9.90425E+12 0.00038 
   58   58    1    1    1    1    1    1    1    1  1.44835E+14 0.00017 
   59   59    1    1    1    1    1    1    1    1  6.50791E+13 0.00021 
   60   60    1    1    1    1    1    1    1    1  6.85347E+13 0.00021 
   61   61    1    1    1    1    1    1    1    1  5.35389E+13 0.00018 
   62   62    1    1    1    1    1    1    1    1  5.35287E+13 0.00020 
   63   63    1    1    1    1    1    1    1    1  5.57761E+13 0.00020 
   64   64    1    1    1    1    1    1    1    1  4.68301E+13 0.00021 
   65   65    1    1    1    1    1    1    1    1  3.70959E+13 0.00024 
   66   66    1    1    1    1    1    1    1    1  3.66653E+13 0.00026 
   67   67    1    1    1    1    1    1    1    1  2.62710E+13 0.00032 
   68   68    1    1    1    1    1    1    1    1  2.13022E+13 0.00036 
   69   69    1    1    1    1    1    1    1    1  1.90709E+13 0.00047 
   70   70    1    1    1    1    1    1    1    1  2.28699E+13 0.00037 
   71   71    1    1    1    1    1    1    1    1  1.93644E+13 0.00039 
   72   72    1    1    1    1    1    1    1    1  3.47369E+13 0.00027 
   73   73    1    1    1    1    1    1    1    1  2.44023E+13 0.00043 
   74   74    1    1    1    1    1    1    1    1  1.83446E+13 0.00056 
   75   75    1    1    1    1    1    1    1    1  1.48129E+13 0.00051 
   76   76    1    1    1    1    1    1    1    1  1.23669E+13 0.00050 
   77   77    1    1    1    1    1    1    1    1  1.43870E+13 0.00054 
   78   78    1    1    1    1    1    1    1    1  1.14370E+13 0.00066 
   79   79    1    1    1    1    1    1    1    1  9.17027E+12 0.00065 
   80   80    1    1    1    1    1    1    1    1  9.49427E+12 0.00060 
   81   81    1    1    1    1    1    1    1    1  7.05880E+12 0.00076 
   82   82    1    1    1    1    1    1    1    1  5.43818E+12 0.00093 
   83   83    1    1    1    1    1    1    1    1  4.18161E+12 0.00106 
   84   84    1    1    1    1    1    1    1    1  3.90846E+12 0.00109 
   85   85    1    1    1    1    1    1    1    1  2.82427E+12 0.00124 
   86   86    1    1    1    1    1    1    1    1  2.03992E+12 0.00125 
   87   87    1    1    1    1    1    1    1    1  1.90357E+12 0.00140 
   88   88    1    1    1    1    1    1    1    1  1.16954E+12 0.00208 
   89   89    1    1    1    1    1    1    1    1  7.89407E+11 0.00234 
   90   90    1    1    1    1    1    1    1    1  4.55801E+11 0.00273 
   91   91    1    1    1    1    1    1    1    1  5.78363E+11 0.00253 
   92   92    1    1    1    1    1    1    1    1  0.00000E+00 0.00000 
   93   93    1    1    1    1    1    1    1    1  0.00000E+00 0.00000 
   94   94    1    1    1    1    1    1    1    1  0.00000E+00 0.00000 
   95   95    1    1    1    1    1    1    1    1  0.00000E+00 0.00000 
   96   96    1    1    1    1    1    1    1    1  0.00000E+00 0.00000 
   97   97    1    1    1    1    1    1    1    1  0.00000E+00 0.00000 
   98   98    1    1    1    1    1    1    1    1  0.00000E+00 0.00000 
   99   99    1    1    1    1    1    1    1    1  0.00000E+00 0.00000 
  100  100    1    1    1    1    1    1    1    1  0.00000E+00 0.00000 
];


