
DETdpaspec = [
    1    1    1    1    1    1    1    1    1    1  0.00000E+00 0.00000 
    2    2    1    1    1    1    1    1    1    1  0.00000E+00 0.00000 
    3    3    1    1    1    1    1    1    1    1  0.00000E+00 0.00000 
    4    4    1    1    1    1    1    1    1    1  0.00000E+00 0.00000 
    5    5    1    1    1    1    1    1    1    1  0.00000E+00 0.00000 
    6    6    1    1    1    1    1    1    1    1  0.00000E+00 0.00000 
    7    7    1    1    1    1    1    1    1    1  0.00000E+00 0.00000 
    8    8    1    1    1    1    1    1    1    1  0.00000E+00 0.00000 
    9    9    1    1    1    1    1    1    1    1  0.00000E+00 0.00000 
   10   10    1    1    1    1    1    1    1    1  0.00000E+00 0.00000 
   11   11    1    1    1    1    1    1    1    1  0.00000E+00 0.00000 
   12   12    1    1    1    1    1    1    1    1  0.00000E+00 0.00000 
   13   13    1    1    1    1    1    1    1    1  0.00000E+00 0.00000 
   14   14    1    1    1    1    1    1    1    1  0.00000E+00 0.00000 
   15   15    1    1    1    1    1    1    1    1  0.00000E+00 0.00000 
   16   16    1    1    1    1    1    1    1    1  0.00000E+00 0.00000 
   17   17    1    1    1    1    1    1    1    1  0.00000E+00 0.00000 
   18   18    1    1    1    1    1    1    1    1  0.00000E+00 0.00000 
   19   19    1    1    1    1    1    1    1    1  8.56333E+08 0.13249 
   20   20    1    1    1    1    1    1    1    1  1.12437E+08 0.10743 
   21   21    1    1    1    1    1    1    1    1  3.72347E+08 0.07539 
   22   22    1    1    1    1    1    1    1    1  3.90125E+08 0.07243 
   23   23    1    1    1    1    1    1    1    1  9.03807E+08 0.05473 
   24   24    1    1    1    1    1    1    1    1  2.13784E+09 0.03088 
   25   25    1    1    1    1    1    1    1    1  6.40085E+09 0.01874 
   26   26    1    1    1    1    1    1    1    1  1.09190E+10 0.01598 
   27   27    1    1    1    1    1    1    1    1  2.58182E+10 0.01116 
   28   28    1    1    1    1    1    1    1    1  5.96033E+10 0.00650 
   29   29    1    1    1    1    1    1    1    1  1.38844E+11 0.00586 
   30   30    1    1    1    1    1    1    1    1  2.43198E+11 0.00426 
   31   31    1    1    1    1    1    1    1    1  5.31195E+11 0.00295 
   32   32    1    1    1    1    1    1    1    1  1.28493E+12 0.00179 
   33   33    1    1    1    1    1    1    1    1  2.03808E+12 0.00135 
   34   34    1    1    1    1    1    1    1    1  4.34784E+12 0.00083 
   35   35    1    1    1    1    1    1    1    1  5.62399E+12 0.00093 
   36   36    1    1    1    1    1    1    1    1  6.00128E+12 0.00071 
   37   37    1    1    1    1    1    1    1    1  3.65340E+12 0.00069 
   38   38    1    1    1    1    1    1    1    1  1.07250E+12 0.00070 
   39   39    1    1    1    1    1    1    1    1  6.16947E+12 0.00059 
   40   40    1    1    1    1    1    1    1    1  8.21858E+12 0.00059 
   41   41    1    1    1    1    1    1    1    1  1.39686E+13 0.00045 
   42   42    1    1    1    1    1    1    1    1  1.35168E+13 0.00039 
   43   43    1    1    1    1    1    1    1    1  2.91315E+13 0.00042 
   44   44    1    1    1    1    1    1    1    1  3.47994E+13 0.00034 
   45   45    1    1    1    1    1    1    1    1  4.94808E+13 0.00025 
   46   46    1    1    1    1    1    1    1    1  9.65693E+13 0.00021 
   47   47    1    1    1    1    1    1    1    1  4.28137E+13 0.00017 
   48   48    1    1    1    1    1    1    1    1  6.77960E+13 0.00022 
   49   49    1    1    1    1    1    1    1    1  9.23891E+13 0.00015 
   50   50    1    1    1    1    1    1    1    1  8.95150E+13 0.00017 
   51   51    1    1    1    1    1    1    1    1  1.37942E+14 0.00015 
   52   52    1    1    1    1    1    1    1    1  1.05503E+14 0.00015 
   53   53    1    1    1    1    1    1    1    1  1.25847E+14 0.00013 
   54   54    1    1    1    1    1    1    1    1  8.52662E+13 0.00018 
   55   55    1    1    1    1    1    1    1    1  1.04822E+14 0.00019 
   56   56    1    1    1    1    1    1    1    1  7.08885E+13 0.00017 
   57   57    1    1    1    1    1    1    1    1  9.53255E+12 0.00022 
   58   58    1    1    1    1    1    1    1    1  1.38863E+14 0.00014 
   59   59    1    1    1    1    1    1    1    1  6.26139E+13 0.00020 
   60   60    1    1    1    1    1    1    1    1  6.52011E+13 0.00026 
   61   61    1    1    1    1    1    1    1    1  5.10426E+13 0.00019 
   62   62    1    1    1    1    1    1    1    1  5.06927E+13 0.00019 
   63   63    1    1    1    1    1    1    1    1  5.26177E+13 0.00021 
   64   64    1    1    1    1    1    1    1    1  4.39382E+13 0.00031 
   65   65    1    1    1    1    1    1    1    1  3.45509E+13 0.00028 
   66   66    1    1    1    1    1    1    1    1  3.39500E+13 0.00029 
   67   67    1    1    1    1    1    1    1    1  2.41734E+13 0.00031 
   68   68    1    1    1    1    1    1    1    1  1.94611E+13 0.00026 
   69   69    1    1    1    1    1    1    1    1  1.73469E+13 0.00035 
   70   70    1    1    1    1    1    1    1    1  2.07030E+13 0.00038 
   71   71    1    1    1    1    1    1    1    1  1.74317E+13 0.00054 
   72   72    1    1    1    1    1    1    1    1  3.07429E+13 0.00035 
   73   73    1    1    1    1    1    1    1    1  2.13647E+13 0.00037 
   74   74    1    1    1    1    1    1    1    1  1.59981E+13 0.00030 
   75   75    1    1    1    1    1    1    1    1  1.29359E+13 0.00050 
   76   76    1    1    1    1    1    1    1    1  1.08421E+13 0.00042 
   77   77    1    1    1    1    1    1    1    1  1.26732E+13 0.00037 
   78   78    1    1    1    1    1    1    1    1  1.01175E+13 0.00049 
   79   79    1    1    1    1    1    1    1    1  8.13264E+12 0.00054 
   80   80    1    1    1    1    1    1    1    1  8.44726E+12 0.00049 
   81   81    1    1    1    1    1    1    1    1  6.27229E+12 0.00066 
   82   82    1    1    1    1    1    1    1    1  4.84307E+12 0.00090 
   83   83    1    1    1    1    1    1    1    1  3.72059E+12 0.00051 
   84   84    1    1    1    1    1    1    1    1  3.47835E+12 0.00076 
   85   85    1    1    1    1    1    1    1    1  2.50457E+12 0.00069 
   86   86    1    1    1    1    1    1    1    1  1.80796E+12 0.00141 
   87   87    1    1    1    1    1    1    1    1  1.69307E+12 0.00136 
   88   88    1    1    1    1    1    1    1    1  1.03462E+12 0.00124 
   89   89    1    1    1    1    1    1    1    1  6.93098E+11 0.00177 
   90   90    1    1    1    1    1    1    1    1  3.99614E+11 0.00210 
   91   91    1    1    1    1    1    1    1    1  4.99726E+11 0.00275 
   92   92    1    1    1    1    1    1    1    1  0.00000E+00 0.00000 
   93   93    1    1    1    1    1    1    1    1  0.00000E+00 0.00000 
   94   94    1    1    1    1    1    1    1    1  0.00000E+00 0.00000 
   95   95    1    1    1    1    1    1    1    1  0.00000E+00 0.00000 
   96   96    1    1    1    1    1    1    1    1  0.00000E+00 0.00000 
   97   97    1    1    1    1    1    1    1    1  0.00000E+00 0.00000 
   98   98    1    1    1    1    1    1    1    1  0.00000E+00 0.00000 
   99   99    1    1    1    1    1    1    1    1  0.00000E+00 0.00000 
  100  100    1    1    1    1    1    1    1    1  0.00000E+00 0.00000 
];


