
DETdpaspec = [
    1    1    1    1    1    1    1    1    1    1  0.00000E+00 0.00000 
    2    2    1    1    1    1    1    1    1    1  0.00000E+00 0.00000 
    3    3    1    1    1    1    1    1    1    1  0.00000E+00 0.00000 
    4    4    1    1    1    1    1    1    1    1  0.00000E+00 0.00000 
    5    5    1    1    1    1    1    1    1    1  0.00000E+00 0.00000 
    6    6    1    1    1    1    1    1    1    1  0.00000E+00 0.00000 
    7    7    1    1    1    1    1    1    1    1  0.00000E+00 0.00000 
    8    8    1    1    1    1    1    1    1    1  0.00000E+00 0.00000 
    9    9    1    1    1    1    1    1    1    1  0.00000E+00 0.00000 
   10   10    1    1    1    1    1    1    1    1  0.00000E+00 0.00000 
   11   11    1    1    1    1    1    1    1    1  0.00000E+00 0.00000 
   12   12    1    1    1    1    1    1    1    1  0.00000E+00 0.00000 
   13   13    1    1    1    1    1    1    1    1  0.00000E+00 0.00000 
   14   14    1    1    1    1    1    1    1    1  0.00000E+00 0.00000 
   15   15    1    1    1    1    1    1    1    1  0.00000E+00 0.00000 
   16   16    1    1    1    1    1    1    1    1  0.00000E+00 0.00000 
   17   17    1    1    1    1    1    1    1    1  0.00000E+00 0.00000 
   18   18    1    1    1    1    1    1    1    1  0.00000E+00 0.00000 
   19   19    1    1    1    1    1    1    1    1  1.62785E+09 0.06732 
   20   20    1    1    1    1    1    1    1    1  2.56222E+08 0.06920 
   21   21    1    1    1    1    1    1    1    1  9.27526E+08 0.04886 
   22   22    1    1    1    1    1    1    1    1  7.00792E+08 0.05660 
   23   23    1    1    1    1    1    1    1    1  1.71636E+09 0.02544 
   24   24    1    1    1    1    1    1    1    1  2.34811E+09 0.04230 
   25   25    1    1    1    1    1    1    1    1  3.76347E+09 0.02456 
   26   26    1    1    1    1    1    1    1    1  4.97342E+09 0.01979 
   27   27    1    1    1    1    1    1    1    1  8.17252E+09 0.01327 
   28   28    1    1    1    1    1    1    1    1  1.40150E+10 0.01241 
   29   29    1    1    1    1    1    1    1    1  2.90010E+10 0.00864 
   30   30    1    1    1    1    1    1    1    1  4.61644E+10 0.00875 
   31   31    1    1    1    1    1    1    1    1  1.37109E+11 0.00574 
   32   32    1    1    1    1    1    1    1    1  4.39006E+11 0.00416 
   33   33    1    1    1    1    1    1    1    1  8.38063E+11 0.00298 
   34   34    1    1    1    1    1    1    1    1  2.00795E+12 0.00168 
   35   35    1    1    1    1    1    1    1    1  2.81773E+12 0.00128 
   36   36    1    1    1    1    1    1    1    1  3.80804E+12 0.00098 
   37   37    1    1    1    1    1    1    1    1  2.60988E+12 0.00083 
   38   38    1    1    1    1    1    1    1    1  8.08630E+11 0.00087 
   39   39    1    1    1    1    1    1    1    1  4.52198E+12 0.00074 
   40   40    1    1    1    1    1    1    1    1  6.12431E+12 0.00061 
   41   41    1    1    1    1    1    1    1    1  1.05117E+13 0.00062 
   42   42    1    1    1    1    1    1    1    1  1.07739E+13 0.00044 
   43   43    1    1    1    1    1    1    1    1  2.30238E+13 0.00048 
   44   44    1    1    1    1    1    1    1    1  2.80660E+13 0.00032 
   45   45    1    1    1    1    1    1    1    1  4.08685E+13 0.00024 
   46   46    1    1    1    1    1    1    1    1  8.14866E+13 0.00022 
   47   47    1    1    1    1    1    1    1    1  3.82266E+13 0.00022 
   48   48    1    1    1    1    1    1    1    1  6.20405E+13 0.00019 
   49   49    1    1    1    1    1    1    1    1  8.66842E+13 0.00019 
   50   50    1    1    1    1    1    1    1    1  8.61627E+13 0.00019 
   51   51    1    1    1    1    1    1    1    1  1.33697E+14 0.00019 
   52   52    1    1    1    1    1    1    1    1  1.07212E+14 0.00015 
   53   53    1    1    1    1    1    1    1    1  1.26744E+14 0.00014 
   54   54    1    1    1    1    1    1    1    1  8.82205E+13 0.00017 
   55   55    1    1    1    1    1    1    1    1  1.07143E+14 0.00014 
   56   56    1    1    1    1    1    1    1    1  7.38457E+13 0.00015 
   57   57    1    1    1    1    1    1    1    1  1.00598E+13 0.00038 
   58   58    1    1    1    1    1    1    1    1  1.46841E+14 0.00010 
   59   59    1    1    1    1    1    1    1    1  6.48536E+13 0.00018 
   60   60    1    1    1    1    1    1    1    1  6.90156E+13 0.00024 
   61   61    1    1    1    1    1    1    1    1  5.33253E+13 0.00021 
   62   62    1    1    1    1    1    1    1    1  5.35843E+13 0.00018 
   63   63    1    1    1    1    1    1    1    1  5.58075E+13 0.00025 
   64   64    1    1    1    1    1    1    1    1  4.68663E+13 0.00023 
   65   65    1    1    1    1    1    1    1    1  3.72688E+13 0.00026 
   66   66    1    1    1    1    1    1    1    1  3.69453E+13 0.00028 
   67   67    1    1    1    1    1    1    1    1  2.65955E+13 0.00037 
   68   68    1    1    1    1    1    1    1    1  2.17001E+13 0.00030 
   69   69    1    1    1    1    1    1    1    1  1.95063E+13 0.00039 
   70   70    1    1    1    1    1    1    1    1  2.34368E+13 0.00037 
   71   71    1    1    1    1    1    1    1    1  1.99530E+13 0.00055 
   72   72    1    1    1    1    1    1    1    1  3.64827E+13 0.00037 
   73   73    1    1    1    1    1    1    1    1  2.58226E+13 0.00040 
   74   74    1    1    1    1    1    1    1    1  1.94195E+13 0.00059 
   75   75    1    1    1    1    1    1    1    1  1.55321E+13 0.00059 
   76   76    1    1    1    1    1    1    1    1  1.28206E+13 0.00047 
   77   77    1    1    1    1    1    1    1    1  1.47788E+13 0.00052 
   78   78    1    1    1    1    1    1    1    1  1.16169E+13 0.00036 
   79   79    1    1    1    1    1    1    1    1  9.21772E+12 0.00057 
   80   80    1    1    1    1    1    1    1    1  9.49746E+12 0.00078 
   81   81    1    1    1    1    1    1    1    1  7.02694E+12 0.00081 
   82   82    1    1    1    1    1    1    1    1  5.40042E+12 0.00066 
   83   83    1    1    1    1    1    1    1    1  4.15218E+12 0.00074 
   84   84    1    1    1    1    1    1    1    1  3.87548E+12 0.00077 
   85   85    1    1    1    1    1    1    1    1  2.79029E+12 0.00142 
   86   86    1    1    1    1    1    1    1    1  2.01334E+12 0.00155 
   87   87    1    1    1    1    1    1    1    1  1.87722E+12 0.00139 
   88   88    1    1    1    1    1    1    1    1  1.16290E+12 0.00179 
   89   89    1    1    1    1    1    1    1    1  7.86101E+11 0.00208 
   90   90    1    1    1    1    1    1    1    1  4.54954E+11 0.00220 
   91   91    1    1    1    1    1    1    1    1  5.79125E+11 0.00197 
   92   92    1    1    1    1    1    1    1    1  0.00000E+00 0.00000 
   93   93    1    1    1    1    1    1    1    1  0.00000E+00 0.00000 
   94   94    1    1    1    1    1    1    1    1  0.00000E+00 0.00000 
   95   95    1    1    1    1    1    1    1    1  0.00000E+00 0.00000 
   96   96    1    1    1    1    1    1    1    1  0.00000E+00 0.00000 
   97   97    1    1    1    1    1    1    1    1  0.00000E+00 0.00000 
   98   98    1    1    1    1    1    1    1    1  0.00000E+00 0.00000 
   99   99    1    1    1    1    1    1    1    1  0.00000E+00 0.00000 
  100  100    1    1    1    1    1    1    1    1  0.00000E+00 0.00000 
];


