
DETdpaspec = [
    1    1    1    1    1    1    1    1    1    1  0.00000E+00 0.00000 
    2    2    1    1    1    1    1    1    1    1  0.00000E+00 0.00000 
    3    3    1    1    1    1    1    1    1    1  0.00000E+00 0.00000 
    4    4    1    1    1    1    1    1    1    1  0.00000E+00 0.00000 
    5    5    1    1    1    1    1    1    1    1  0.00000E+00 0.00000 
    6    6    1    1    1    1    1    1    1    1  0.00000E+00 0.00000 
    7    7    1    1    1    1    1    1    1    1  0.00000E+00 0.00000 
    8    8    1    1    1    1    1    1    1    1  0.00000E+00 0.00000 
    9    9    1    1    1    1    1    1    1    1  0.00000E+00 0.00000 
   10   10    1    1    1    1    1    1    1    1  0.00000E+00 0.00000 
   11   11    1    1    1    1    1    1    1    1  0.00000E+00 0.00000 
   12   12    1    1    1    1    1    1    1    1  0.00000E+00 0.00000 
   13   13    1    1    1    1    1    1    1    1  0.00000E+00 0.00000 
   14   14    1    1    1    1    1    1    1    1  0.00000E+00 0.00000 
   15   15    1    1    1    1    1    1    1    1  0.00000E+00 0.00000 
   16   16    1    1    1    1    1    1    1    1  0.00000E+00 0.00000 
   17   17    1    1    1    1    1    1    1    1  0.00000E+00 0.00000 
   18   18    1    1    1    1    1    1    1    1  0.00000E+00 0.00000 
   19   19    1    1    1    1    1    1    1    1  9.65603E+08 0.09560 
   20   20    1    1    1    1    1    1    1    1  1.11600E+08 0.12201 
   21   21    1    1    1    1    1    1    1    1  4.92659E+08 0.05218 
   22   22    1    1    1    1    1    1    1    1  4.32021E+08 0.06976 
   23   23    1    1    1    1    1    1    1    1  8.96942E+08 0.05158 
   24   24    1    1    1    1    1    1    1    1  1.74643E+09 0.04411 
   25   25    1    1    1    1    1    1    1    1  4.17081E+09 0.02695 
   26   26    1    1    1    1    1    1    1    1  6.94587E+09 0.02271 
   27   27    1    1    1    1    1    1    1    1  1.58229E+10 0.01769 
   28   28    1    1    1    1    1    1    1    1  3.80515E+10 0.00780 
   29   29    1    1    1    1    1    1    1    1  9.32195E+10 0.00672 
   30   30    1    1    1    1    1    1    1    1  1.71797E+11 0.00482 
   31   31    1    1    1    1    1    1    1    1  3.95954E+11 0.00242 
   32   32    1    1    1    1    1    1    1    1  1.02522E+12 0.00227 
   33   33    1    1    1    1    1    1    1    1  1.68941E+12 0.00170 
   34   34    1    1    1    1    1    1    1    1  3.72855E+12 0.00132 
   35   35    1    1    1    1    1    1    1    1  4.94130E+12 0.00109 
   36   36    1    1    1    1    1    1    1    1  5.43766E+12 0.00071 
   37   37    1    1    1    1    1    1    1    1  3.36875E+12 0.00071 
   38   38    1    1    1    1    1    1    1    1  9.94799E+11 0.00093 
   39   39    1    1    1    1    1    1    1    1  5.72483E+12 0.00067 
   40   40    1    1    1    1    1    1    1    1  7.65851E+12 0.00069 
   41   41    1    1    1    1    1    1    1    1  1.30832E+13 0.00049 
   42   42    1    1    1    1    1    1    1    1  1.27512E+13 0.00047 
   43   43    1    1    1    1    1    1    1    1  2.75807E+13 0.00034 
   44   44    1    1    1    1    1    1    1    1  3.31173E+13 0.00036 
   45   45    1    1    1    1    1    1    1    1  4.74087E+13 0.00036 
   46   46    1    1    1    1    1    1    1    1  9.33172E+13 0.00021 
   47   47    1    1    1    1    1    1    1    1  4.17270E+13 0.00017 
   48   48    1    1    1    1    1    1    1    1  6.63419E+13 0.00015 
   49   49    1    1    1    1    1    1    1    1  9.09359E+13 0.00020 
   50   50    1    1    1    1    1    1    1    1  8.84910E+13 0.00025 
   51   51    1    1    1    1    1    1    1    1  1.36958E+14 0.00019 
   52   52    1    1    1    1    1    1    1    1  1.05423E+14 0.00018 
   53   53    1    1    1    1    1    1    1    1  1.25988E+14 0.00017 
   54   54    1    1    1    1    1    1    1    1  8.57370E+13 0.00015 
   55   55    1    1    1    1    1    1    1    1  1.05590E+14 0.00017 
   56   56    1    1    1    1    1    1    1    1  7.16412E+13 0.00013 
   57   57    1    1    1    1    1    1    1    1  9.64517E+12 0.00038 
   58   58    1    1    1    1    1    1    1    1  1.40671E+14 0.00014 
   59   59    1    1    1    1    1    1    1    1  6.34534E+13 0.00028 
   60   60    1    1    1    1    1    1    1    1  6.62802E+13 0.00020 
   61   61    1    1    1    1    1    1    1    1  5.18721E+13 0.00027 
   62   62    1    1    1    1    1    1    1    1  5.16062E+13 0.00016 
   63   63    1    1    1    1    1    1    1    1  5.36640E+13 0.00022 
   64   64    1    1    1    1    1    1    1    1  4.48790E+13 0.00023 
   65   65    1    1    1    1    1    1    1    1  3.53585E+13 0.00020 
   66   66    1    1    1    1    1    1    1    1  3.47979E+13 0.00033 
   67   67    1    1    1    1    1    1    1    1  2.48052E+13 0.00038 
   68   68    1    1    1    1    1    1    1    1  2.00245E+13 0.00032 
   69   69    1    1    1    1    1    1    1    1  1.78632E+13 0.00033 
   70   70    1    1    1    1    1    1    1    1  2.13158E+13 0.00033 
   71   71    1    1    1    1    1    1    1    1  1.79840E+13 0.00048 
   72   72    1    1    1    1    1    1    1    1  3.18515E+13 0.00042 
   73   73    1    1    1    1    1    1    1    1  2.22058E+13 0.00042 
   74   74    1    1    1    1    1    1    1    1  1.66427E+13 0.00037 
   75   75    1    1    1    1    1    1    1    1  1.34700E+13 0.00033 
   76   76    1    1    1    1    1    1    1    1  1.12755E+13 0.00050 
   77   77    1    1    1    1    1    1    1    1  1.31646E+13 0.00045 
   78   78    1    1    1    1    1    1    1    1  1.05229E+13 0.00054 
   79   79    1    1    1    1    1    1    1    1  8.44325E+12 0.00071 
   80   80    1    1    1    1    1    1    1    1  8.77964E+12 0.00047 
   81   81    1    1    1    1    1    1    1    1  6.52040E+12 0.00049 
   82   82    1    1    1    1    1    1    1    1  5.03069E+12 0.00096 
   83   83    1    1    1    1    1    1    1    1  3.87146E+12 0.00074 
   84   84    1    1    1    1    1    1    1    1  3.61802E+12 0.00118 
   85   85    1    1    1    1    1    1    1    1  2.60329E+12 0.00120 
   86   86    1    1    1    1    1    1    1    1  1.88411E+12 0.00136 
   87   87    1    1    1    1    1    1    1    1  1.76135E+12 0.00132 
   88   88    1    1    1    1    1    1    1    1  1.07688E+12 0.00162 
   89   89    1    1    1    1    1    1    1    1  7.21989E+11 0.00244 
   90   90    1    1    1    1    1    1    1    1  4.17669E+11 0.00249 
   91   91    1    1    1    1    1    1    1    1  5.27232E+11 0.00233 
   92   92    1    1    1    1    1    1    1    1  0.00000E+00 0.00000 
   93   93    1    1    1    1    1    1    1    1  0.00000E+00 0.00000 
   94   94    1    1    1    1    1    1    1    1  0.00000E+00 0.00000 
   95   95    1    1    1    1    1    1    1    1  0.00000E+00 0.00000 
   96   96    1    1    1    1    1    1    1    1  0.00000E+00 0.00000 
   97   97    1    1    1    1    1    1    1    1  0.00000E+00 0.00000 
   98   98    1    1    1    1    1    1    1    1  0.00000E+00 0.00000 
   99   99    1    1    1    1    1    1    1    1  0.00000E+00 0.00000 
  100  100    1    1    1    1    1    1    1    1  0.00000E+00 0.00000 
];


