
DETdpaspec = [
    1    1    1    1    1    1    1    1    1    1  0.00000E+00 0.00000 
    2    2    1    1    1    1    1    1    1    1  0.00000E+00 0.00000 
    3    3    1    1    1    1    1    1    1    1  0.00000E+00 0.00000 
    4    4    1    1    1    1    1    1    1    1  0.00000E+00 0.00000 
    5    5    1    1    1    1    1    1    1    1  0.00000E+00 0.00000 
    6    6    1    1    1    1    1    1    1    1  0.00000E+00 0.00000 
    7    7    1    1    1    1    1    1    1    1  0.00000E+00 0.00000 
    8    8    1    1    1    1    1    1    1    1  0.00000E+00 0.00000 
    9    9    1    1    1    1    1    1    1    1  0.00000E+00 0.00000 
   10   10    1    1    1    1    1    1    1    1  0.00000E+00 0.00000 
   11   11    1    1    1    1    1    1    1    1  0.00000E+00 0.00000 
   12   12    1    1    1    1    1    1    1    1  0.00000E+00 0.00000 
   13   13    1    1    1    1    1    1    1    1  0.00000E+00 0.00000 
   14   14    1    1    1    1    1    1    1    1  0.00000E+00 0.00000 
   15   15    1    1    1    1    1    1    1    1  0.00000E+00 0.00000 
   16   16    1    1    1    1    1    1    1    1  0.00000E+00 0.00000 
   17   17    1    1    1    1    1    1    1    1  0.00000E+00 0.00000 
   18   18    1    1    1    1    1    1    1    1  0.00000E+00 0.00000 
   19   19    1    1    1    1    1    1    1    1  1.88238E+09 0.04629 
   20   20    1    1    1    1    1    1    1    1  2.77060E+08 0.08394 
   21   21    1    1    1    1    1    1    1    1  1.08479E+09 0.05030 
   22   22    1    1    1    1    1    1    1    1  7.52159E+08 0.05028 
   23   23    1    1    1    1    1    1    1    1  1.88612E+09 0.03284 
   24   24    1    1    1    1    1    1    1    1  2.66405E+09 0.03576 
   25   25    1    1    1    1    1    1    1    1  4.26167E+09 0.02434 
   26   26    1    1    1    1    1    1    1    1  5.37567E+09 0.01734 
   27   27    1    1    1    1    1    1    1    1  8.64860E+09 0.01940 
   28   28    1    1    1    1    1    1    1    1  1.50930E+10 0.01375 
   29   29    1    1    1    1    1    1    1    1  3.00905E+10 0.00834 
   30   30    1    1    1    1    1    1    1    1  4.54377E+10 0.00749 
   31   31    1    1    1    1    1    1    1    1  1.38946E+11 0.00421 
   32   32    1    1    1    1    1    1    1    1  4.44058E+11 0.00324 
   33   33    1    1    1    1    1    1    1    1  8.50503E+11 0.00202 
   34   34    1    1    1    1    1    1    1    1  2.00555E+12 0.00112 
   35   35    1    1    1    1    1    1    1    1  2.78685E+12 0.00098 
   36   36    1    1    1    1    1    1    1    1  3.85095E+12 0.00067 
   37   37    1    1    1    1    1    1    1    1  2.66446E+12 0.00059 
   38   38    1    1    1    1    1    1    1    1  8.30663E+11 0.00052 
   39   39    1    1    1    1    1    1    1    1  4.60817E+12 0.00064 
   40   40    1    1    1    1    1    1    1    1  6.23057E+12 0.00056 
   41   41    1    1    1    1    1    1    1    1  1.06380E+13 0.00055 
   42   42    1    1    1    1    1    1    1    1  1.09726E+13 0.00053 
   43   43    1    1    1    1    1    1    1    1  2.32581E+13 0.00034 
   44   44    1    1    1    1    1    1    1    1  2.82918E+13 0.00036 
   45   45    1    1    1    1    1    1    1    1  4.10913E+13 0.00031 
   46   46    1    1    1    1    1    1    1    1  8.14181E+13 0.00024 
   47   47    1    1    1    1    1    1    1    1  3.83517E+13 0.00028 
   48   48    1    1    1    1    1    1    1    1  6.23268E+13 0.00021 
   49   49    1    1    1    1    1    1    1    1  8.70668E+13 0.00018 
   50   50    1    1    1    1    1    1    1    1  8.66514E+13 0.00018 
   51   51    1    1    1    1    1    1    1    1  1.33973E+14 0.00017 
   52   52    1    1    1    1    1    1    1    1  1.07926E+14 0.00015 
   53   53    1    1    1    1    1    1    1    1  1.26852E+14 0.00017 
   54   54    1    1    1    1    1    1    1    1  8.85145E+13 0.00017 
   55   55    1    1    1    1    1    1    1    1  1.06954E+14 0.00017 
   56   56    1    1    1    1    1    1    1    1  7.38046E+13 0.00020 
   57   57    1    1    1    1    1    1    1    1  1.00767E+13 0.00029 
   58   58    1    1    1    1    1    1    1    1  1.46928E+14 0.00014 
   59   59    1    1    1    1    1    1    1    1  6.44746E+13 0.00023 
   60   60    1    1    1    1    1    1    1    1  6.87974E+13 0.00022 
   61   61    1    1    1    1    1    1    1    1  5.29287E+13 0.00021 
   62   62    1    1    1    1    1    1    1    1  5.32742E+13 0.00024 
   63   63    1    1    1    1    1    1    1    1  5.53904E+13 0.00023 
   64   64    1    1    1    1    1    1    1    1  4.64851E+13 0.00027 
   65   65    1    1    1    1    1    1    1    1  3.69927E+13 0.00024 
   66   66    1    1    1    1    1    1    1    1  3.67000E+13 0.00034 
   67   67    1    1    1    1    1    1    1    1  2.64345E+13 0.00029 
   68   68    1    1    1    1    1    1    1    1  2.16321E+13 0.00037 
   69   69    1    1    1    1    1    1    1    1  1.94508E+13 0.00032 
   70   70    1    1    1    1    1    1    1    1  2.33631E+13 0.00038 
   71   71    1    1    1    1    1    1    1    1  1.99075E+13 0.00044 
   72   72    1    1    1    1    1    1    1    1  3.65979E+13 0.00037 
   73   73    1    1    1    1    1    1    1    1  2.59468E+13 0.00038 
   74   74    1    1    1    1    1    1    1    1  1.94772E+13 0.00033 
   75   75    1    1    1    1    1    1    1    1  1.55327E+13 0.00055 
   76   76    1    1    1    1    1    1    1    1  1.27826E+13 0.00057 
   77   77    1    1    1    1    1    1    1    1  1.46927E+13 0.00054 
   78   78    1    1    1    1    1    1    1    1  1.15018E+13 0.00050 
   79   79    1    1    1    1    1    1    1    1  9.09802E+12 0.00057 
   80   80    1    1    1    1    1    1    1    1  9.34805E+12 0.00054 
   81   81    1    1    1    1    1    1    1    1  6.90979E+12 0.00080 
   82   82    1    1    1    1    1    1    1    1  5.30657E+12 0.00068 
   83   83    1    1    1    1    1    1    1    1  4.06875E+12 0.00080 
   84   84    1    1    1    1    1    1    1    1  3.80236E+12 0.00106 
   85   85    1    1    1    1    1    1    1    1  2.73535E+12 0.00104 
   86   86    1    1    1    1    1    1    1    1  1.97074E+12 0.00117 
   87   87    1    1    1    1    1    1    1    1  1.84330E+12 0.00132 
   88   88    1    1    1    1    1    1    1    1  1.14069E+12 0.00135 
   89   89    1    1    1    1    1    1    1    1  7.71505E+11 0.00202 
   90   90    1    1    1    1    1    1    1    1  4.48795E+11 0.00251 
   91   91    1    1    1    1    1    1    1    1  5.70230E+11 0.00294 
   92   92    1    1    1    1    1    1    1    1  0.00000E+00 0.00000 
   93   93    1    1    1    1    1    1    1    1  0.00000E+00 0.00000 
   94   94    1    1    1    1    1    1    1    1  0.00000E+00 0.00000 
   95   95    1    1    1    1    1    1    1    1  0.00000E+00 0.00000 
   96   96    1    1    1    1    1    1    1    1  0.00000E+00 0.00000 
   97   97    1    1    1    1    1    1    1    1  0.00000E+00 0.00000 
   98   98    1    1    1    1    1    1    1    1  0.00000E+00 0.00000 
   99   99    1    1    1    1    1    1    1    1  0.00000E+00 0.00000 
  100  100    1    1    1    1    1    1    1    1  0.00000E+00 0.00000 
];


