
DETdpaspec = [
    1    1    1    1    1    1    1    1    1    1  0.00000E+00 0.00000 
    2    2    1    1    1    1    1    1    1    1  0.00000E+00 0.00000 
    3    3    1    1    1    1    1    1    1    1  0.00000E+00 0.00000 
    4    4    1    1    1    1    1    1    1    1  0.00000E+00 0.00000 
    5    5    1    1    1    1    1    1    1    1  0.00000E+00 0.00000 
    6    6    1    1    1    1    1    1    1    1  0.00000E+00 0.00000 
    7    7    1    1    1    1    1    1    1    1  0.00000E+00 0.00000 
    8    8    1    1    1    1    1    1    1    1  0.00000E+00 0.00000 
    9    9    1    1    1    1    1    1    1    1  0.00000E+00 0.00000 
   10   10    1    1    1    1    1    1    1    1  0.00000E+00 0.00000 
   11   11    1    1    1    1    1    1    1    1  0.00000E+00 0.00000 
   12   12    1    1    1    1    1    1    1    1  0.00000E+00 0.00000 
   13   13    1    1    1    1    1    1    1    1  0.00000E+00 0.00000 
   14   14    1    1    1    1    1    1    1    1  0.00000E+00 0.00000 
   15   15    1    1    1    1    1    1    1    1  0.00000E+00 0.00000 
   16   16    1    1    1    1    1    1    1    1  0.00000E+00 0.00000 
   17   17    1    1    1    1    1    1    1    1  0.00000E+00 0.00000 
   18   18    1    1    1    1    1    1    1    1  0.00000E+00 0.00000 
   19   19    1    1    1    1    1    1    1    1  8.70129E+08 0.11453 
   20   20    1    1    1    1    1    1    1    1  9.13067E+07 0.17565 
   21   21    1    1    1    1    1    1    1    1  2.92869E+08 0.12303 
   22   22    1    1    1    1    1    1    1    1  2.65564E+08 0.12558 
   23   23    1    1    1    1    1    1    1    1  5.16719E+08 0.08430 
   24   24    1    1    1    1    1    1    1    1  9.97786E+08 0.05847 
   25   25    1    1    1    1    1    1    1    1  1.68885E+09 0.03888 
   26   26    1    1    1    1    1    1    1    1  2.41237E+09 0.03409 
   27   27    1    1    1    1    1    1    1    1  3.99452E+09 0.03240 
   28   28    1    1    1    1    1    1    1    1  8.46067E+09 0.02454 
   29   29    1    1    1    1    1    1    1    1  2.09932E+10 0.01625 
   30   30    1    1    1    1    1    1    1    1  3.88399E+10 0.01125 
   31   31    1    1    1    1    1    1    1    1  1.10207E+11 0.00753 
   32   32    1    1    1    1    1    1    1    1  3.56665E+11 0.00370 
   33   33    1    1    1    1    1    1    1    1  7.14147E+11 0.00255 
   34   34    1    1    1    1    1    1    1    1  1.82781E+12 0.00182 
   35   35    1    1    1    1    1    1    1    1  2.68956E+12 0.00117 
   36   36    1    1    1    1    1    1    1    1  3.39955E+12 0.00144 
   37   37    1    1    1    1    1    1    1    1  2.27756E+12 0.00110 
   38   38    1    1    1    1    1    1    1    1  6.93746E+11 0.00118 
   39   39    1    1    1    1    1    1    1    1  4.01391E+12 0.00091 
   40   40    1    1    1    1    1    1    1    1  5.51258E+12 0.00097 
   41   41    1    1    1    1    1    1    1    1  9.72480E+12 0.00069 
   42   42    1    1    1    1    1    1    1    1  9.80795E+12 0.00042 
   43   43    1    1    1    1    1    1    1    1  2.16718E+13 0.00051 
   44   44    1    1    1    1    1    1    1    1  2.68573E+13 0.00056 
   45   45    1    1    1    1    1    1    1    1  3.97346E+13 0.00037 
   46   46    1    1    1    1    1    1    1    1  8.11092E+13 0.00032 
   47   47    1    1    1    1    1    1    1    1  3.76925E+13 0.00025 
   48   48    1    1    1    1    1    1    1    1  6.09839E+13 0.00028 
   49   49    1    1    1    1    1    1    1    1  8.54115E+13 0.00020 
   50   50    1    1    1    1    1    1    1    1  8.49385E+13 0.00025 
   51   51    1    1    1    1    1    1    1    1  1.33793E+14 0.00021 
   52   52    1    1    1    1    1    1    1    1  1.05430E+14 0.00022 
   53   53    1    1    1    1    1    1    1    1  1.27151E+14 0.00024 
   54   54    1    1    1    1    1    1    1    1  8.77672E+13 0.00020 
   55   55    1    1    1    1    1    1    1    1  1.08456E+14 0.00017 
   56   56    1    1    1    1    1    1    1    1  7.42560E+13 0.00020 
   57   57    1    1    1    1    1    1    1    1  1.00518E+13 0.00044 
   58   58    1    1    1    1    1    1    1    1  1.47515E+14 0.00020 
   59   59    1    1    1    1    1    1    1    1  6.65988E+13 0.00023 
   60   60    1    1    1    1    1    1    1    1  7.03097E+13 0.00027 
   61   61    1    1    1    1    1    1    1    1  5.50655E+13 0.00026 
   62   62    1    1    1    1    1    1    1    1  5.51133E+13 0.00032 
   63   63    1    1    1    1    1    1    1    1  5.75715E+13 0.00028 
   64   64    1    1    1    1    1    1    1    1  4.83895E+13 0.00035 
   65   65    1    1    1    1    1    1    1    1  3.83748E+13 0.00031 
   66   66    1    1    1    1    1    1    1    1  3.79548E+13 0.00023 
   67   67    1    1    1    1    1    1    1    1  2.71654E+13 0.00028 
   68   68    1    1    1    1    1    1    1    1  2.20346E+13 0.00039 
   69   69    1    1    1    1    1    1    1    1  1.97123E+13 0.00047 
   70   70    1    1    1    1    1    1    1    1  2.35848E+13 0.00036 
   71   71    1    1    1    1    1    1    1    1  1.99965E+13 0.00043 
   72   72    1    1    1    1    1    1    1    1  3.58748E+13 0.00049 
   73   73    1    1    1    1    1    1    1    1  2.51858E+13 0.00051 
   74   74    1    1    1    1    1    1    1    1  1.89226E+13 0.00052 
   75   75    1    1    1    1    1    1    1    1  1.52544E+13 0.00050 
   76   76    1    1    1    1    1    1    1    1  1.27210E+13 0.00050 
   77   77    1    1    1    1    1    1    1    1  1.48069E+13 0.00063 
   78   78    1    1    1    1    1    1    1    1  1.17528E+13 0.00061 
   79   79    1    1    1    1    1    1    1    1  9.39019E+12 0.00067 
   80   80    1    1    1    1    1    1    1    1  9.70626E+12 0.00064 
   81   81    1    1    1    1    1    1    1    1  7.17651E+12 0.00072 
   82   82    1    1    1    1    1    1    1    1  5.50568E+12 0.00085 
   83   83    1    1    1    1    1    1    1    1  4.21689E+12 0.00142 
   84   84    1    1    1    1    1    1    1    1  3.93473E+12 0.00104 
   85   85    1    1    1    1    1    1    1    1  2.82812E+12 0.00113 
   86   86    1    1    1    1    1    1    1    1  2.03536E+12 0.00183 
   87   87    1    1    1    1    1    1    1    1  1.88969E+12 0.00253 
   88   88    1    1    1    1    1    1    1    1  1.14603E+12 0.00262 
   89   89    1    1    1    1    1    1    1    1  7.68153E+11 0.00301 
   90   90    1    1    1    1    1    1    1    1  4.38663E+11 0.00361 
   91   91    1    1    1    1    1    1    1    1  5.46009E+11 0.00265 
   92   92    1    1    1    1    1    1    1    1  0.00000E+00 0.00000 
   93   93    1    1    1    1    1    1    1    1  0.00000E+00 0.00000 
   94   94    1    1    1    1    1    1    1    1  0.00000E+00 0.00000 
   95   95    1    1    1    1    1    1    1    1  0.00000E+00 0.00000 
   96   96    1    1    1    1    1    1    1    1  0.00000E+00 0.00000 
   97   97    1    1    1    1    1    1    1    1  0.00000E+00 0.00000 
   98   98    1    1    1    1    1    1    1    1  0.00000E+00 0.00000 
   99   99    1    1    1    1    1    1    1    1  0.00000E+00 0.00000 
  100  100    1    1    1    1    1    1    1    1  0.00000E+00 0.00000 
];


