
DETdpaspec = [
    1    1    1    1    1    1    1    1    1    1  0.00000E+00 0.00000 
    2    2    1    1    1    1    1    1    1    1  0.00000E+00 0.00000 
    3    3    1    1    1    1    1    1    1    1  0.00000E+00 0.00000 
    4    4    1    1    1    1    1    1    1    1  0.00000E+00 0.00000 
    5    5    1    1    1    1    1    1    1    1  0.00000E+00 0.00000 
    6    6    1    1    1    1    1    1    1    1  0.00000E+00 0.00000 
    7    7    1    1    1    1    1    1    1    1  0.00000E+00 0.00000 
    8    8    1    1    1    1    1    1    1    1  0.00000E+00 0.00000 
    9    9    1    1    1    1    1    1    1    1  0.00000E+00 0.00000 
   10   10    1    1    1    1    1    1    1    1  0.00000E+00 0.00000 
   11   11    1    1    1    1    1    1    1    1  0.00000E+00 0.00000 
   12   12    1    1    1    1    1    1    1    1  0.00000E+00 0.00000 
   13   13    1    1    1    1    1    1    1    1  0.00000E+00 0.00000 
   14   14    1    1    1    1    1    1    1    1  0.00000E+00 0.00000 
   15   15    1    1    1    1    1    1    1    1  0.00000E+00 0.00000 
   16   16    1    1    1    1    1    1    1    1  0.00000E+00 0.00000 
   17   17    1    1    1    1    1    1    1    1  0.00000E+00 0.00000 
   18   18    1    1    1    1    1    1    1    1  0.00000E+00 0.00000 
   19   19    1    1    1    1    1    1    1    1  1.49425E+09 0.10549 
   20   20    1    1    1    1    1    1    1    1  2.31979E+08 0.09890 
   21   21    1    1    1    1    1    1    1    1  7.70453E+08 0.06429 
   22   22    1    1    1    1    1    1    1    1  5.59246E+08 0.08541 
   23   23    1    1    1    1    1    1    1    1  1.39566E+09 0.04546 
   24   24    1    1    1    1    1    1    1    1  2.29594E+09 0.03558 
   25   25    1    1    1    1    1    1    1    1  3.62323E+09 0.02851 
   26   26    1    1    1    1    1    1    1    1  4.82199E+09 0.01924 
   27   27    1    1    1    1    1    1    1    1  7.04875E+09 0.01834 
   28   28    1    1    1    1    1    1    1    1  1.26152E+10 0.01773 
   29   29    1    1    1    1    1    1    1    1  2.65676E+10 0.01256 
   30   30    1    1    1    1    1    1    1    1  4.19544E+10 0.00802 
   31   31    1    1    1    1    1    1    1    1  1.30603E+11 0.00588 
   32   32    1    1    1    1    1    1    1    1  4.23783E+11 0.00358 
   33   33    1    1    1    1    1    1    1    1  8.32490E+11 0.00278 
   34   34    1    1    1    1    1    1    1    1  1.96700E+12 0.00175 
   35   35    1    1    1    1    1    1    1    1  2.72850E+12 0.00140 
   36   36    1    1    1    1    1    1    1    1  3.75496E+12 0.00094 
   37   37    1    1    1    1    1    1    1    1  2.59921E+12 0.00086 
   38   38    1    1    1    1    1    1    1    1  8.10127E+11 0.00092 
   39   39    1    1    1    1    1    1    1    1  4.53036E+12 0.00073 
   40   40    1    1    1    1    1    1    1    1  6.14549E+12 0.00058 
   41   41    1    1    1    1    1    1    1    1  1.05683E+13 0.00062 
   42   42    1    1    1    1    1    1    1    1  1.08518E+13 0.00052 
   43   43    1    1    1    1    1    1    1    1  2.31635E+13 0.00059 
   44   44    1    1    1    1    1    1    1    1  2.82690E+13 0.00048 
   45   45    1    1    1    1    1    1    1    1  4.11646E+13 0.00039 
   46   46    1    1    1    1    1    1    1    1  8.16395E+13 0.00032 
   47   47    1    1    1    1    1    1    1    1  3.83530E+13 0.00024 
   48   48    1    1    1    1    1    1    1    1  6.23468E+13 0.00023 
   49   49    1    1    1    1    1    1    1    1  8.69057E+13 0.00024 
   50   50    1    1    1    1    1    1    1    1  8.65537E+13 0.00026 
   51   51    1    1    1    1    1    1    1    1  1.33842E+14 0.00023 
   52   52    1    1    1    1    1    1    1    1  1.07507E+14 0.00015 
   53   53    1    1    1    1    1    1    1    1  1.26701E+14 0.00019 
   54   54    1    1    1    1    1    1    1    1  8.82946E+13 0.00025 
   55   55    1    1    1    1    1    1    1    1  1.06893E+14 0.00022 
   56   56    1    1    1    1    1    1    1    1  7.37197E+13 0.00017 
   57   57    1    1    1    1    1    1    1    1  1.00553E+13 0.00044 
   58   58    1    1    1    1    1    1    1    1  1.46903E+14 0.00022 
   59   59    1    1    1    1    1    1    1    1  6.46562E+13 0.00028 
   60   60    1    1    1    1    1    1    1    1  6.89770E+13 0.00030 
   61   61    1    1    1    1    1    1    1    1  5.31865E+13 0.00029 
   62   62    1    1    1    1    1    1    1    1  5.35248E+13 0.00031 
   63   63    1    1    1    1    1    1    1    1  5.57544E+13 0.00036 
   64   64    1    1    1    1    1    1    1    1  4.67971E+13 0.00034 
   65   65    1    1    1    1    1    1    1    1  3.72608E+13 0.00024 
   66   66    1    1    1    1    1    1    1    1  3.69179E+13 0.00033 
   67   67    1    1    1    1    1    1    1    1  2.65188E+13 0.00036 
   68   68    1    1    1    1    1    1    1    1  2.16765E+13 0.00047 
   69   69    1    1    1    1    1    1    1    1  1.94768E+13 0.00043 
   70   70    1    1    1    1    1    1    1    1  2.33920E+13 0.00048 
   71   71    1    1    1    1    1    1    1    1  1.99229E+13 0.00046 
   72   72    1    1    1    1    1    1    1    1  3.65193E+13 0.00036 
   73   73    1    1    1    1    1    1    1    1  2.58544E+13 0.00052 
   74   74    1    1    1    1    1    1    1    1  1.94213E+13 0.00067 
   75   75    1    1    1    1    1    1    1    1  1.54648E+13 0.00054 
   76   76    1    1    1    1    1    1    1    1  1.27488E+13 0.00049 
   77   77    1    1    1    1    1    1    1    1  1.46508E+13 0.00059 
   78   78    1    1    1    1    1    1    1    1  1.14902E+13 0.00048 
   79   79    1    1    1    1    1    1    1    1  9.12500E+12 0.00080 
   80   80    1    1    1    1    1    1    1    1  9.35726E+12 0.00066 
   81   81    1    1    1    1    1    1    1    1  6.90990E+12 0.00074 
   82   82    1    1    1    1    1    1    1    1  5.30076E+12 0.00077 
   83   83    1    1    1    1    1    1    1    1  4.06881E+12 0.00107 
   84   84    1    1    1    1    1    1    1    1  3.80883E+12 0.00120 
   85   85    1    1    1    1    1    1    1    1  2.73508E+12 0.00094 
   86   86    1    1    1    1    1    1    1    1  1.96918E+12 0.00148 
   87   87    1    1    1    1    1    1    1    1  1.84350E+12 0.00169 
   88   88    1    1    1    1    1    1    1    1  1.13580E+12 0.00234 
   89   89    1    1    1    1    1    1    1    1  7.68437E+11 0.00281 
   90   90    1    1    1    1    1    1    1    1  4.43121E+11 0.00259 
   91   91    1    1    1    1    1    1    1    1  5.65764E+11 0.00277 
   92   92    1    1    1    1    1    1    1    1  0.00000E+00 0.00000 
   93   93    1    1    1    1    1    1    1    1  0.00000E+00 0.00000 
   94   94    1    1    1    1    1    1    1    1  0.00000E+00 0.00000 
   95   95    1    1    1    1    1    1    1    1  0.00000E+00 0.00000 
   96   96    1    1    1    1    1    1    1    1  0.00000E+00 0.00000 
   97   97    1    1    1    1    1    1    1    1  0.00000E+00 0.00000 
   98   98    1    1    1    1    1    1    1    1  0.00000E+00 0.00000 
   99   99    1    1    1    1    1    1    1    1  0.00000E+00 0.00000 
  100  100    1    1    1    1    1    1    1    1  0.00000E+00 0.00000 
];


