
DETdpaspec = [
    1    1    1    1    1    1    1    1    1    1  0.00000E+00 0.00000 
    2    2    1    1    1    1    1    1    1    1  0.00000E+00 0.00000 
    3    3    1    1    1    1    1    1    1    1  0.00000E+00 0.00000 
    4    4    1    1    1    1    1    1    1    1  0.00000E+00 0.00000 
    5    5    1    1    1    1    1    1    1    1  0.00000E+00 0.00000 
    6    6    1    1    1    1    1    1    1    1  0.00000E+00 0.00000 
    7    7    1    1    1    1    1    1    1    1  0.00000E+00 0.00000 
    8    8    1    1    1    1    1    1    1    1  0.00000E+00 0.00000 
    9    9    1    1    1    1    1    1    1    1  0.00000E+00 0.00000 
   10   10    1    1    1    1    1    1    1    1  0.00000E+00 0.00000 
   11   11    1    1    1    1    1    1    1    1  0.00000E+00 0.00000 
   12   12    1    1    1    1    1    1    1    1  0.00000E+00 0.00000 
   13   13    1    1    1    1    1    1    1    1  0.00000E+00 0.00000 
   14   14    1    1    1    1    1    1    1    1  0.00000E+00 0.00000 
   15   15    1    1    1    1    1    1    1    1  0.00000E+00 0.00000 
   16   16    1    1    1    1    1    1    1    1  0.00000E+00 0.00000 
   17   17    1    1    1    1    1    1    1    1  0.00000E+00 0.00000 
   18   18    1    1    1    1    1    1    1    1  0.00000E+00 0.00000 
   19   19    1    1    1    1    1    1    1    1  3.70906E+08 0.20706 
   20   20    1    1    1    1    1    1    1    1  5.72898E+07 0.17321 
   21   21    1    1    1    1    1    1    1    1  1.69154E+08 0.19779 
   22   22    1    1    1    1    1    1    1    1  1.63402E+08 0.12404 
   23   23    1    1    1    1    1    1    1    1  4.11387E+08 0.12064 
   24   24    1    1    1    1    1    1    1    1  7.02301E+08 0.06019 
   25   25    1    1    1    1    1    1    1    1  1.24740E+09 0.04483 
   26   26    1    1    1    1    1    1    1    1  1.73106E+09 0.05283 
   27   27    1    1    1    1    1    1    1    1  3.23103E+09 0.03956 
   28   28    1    1    1    1    1    1    1    1  7.22568E+09 0.02970 
   29   29    1    1    1    1    1    1    1    1  1.87860E+10 0.01569 
   30   30    1    1    1    1    1    1    1    1  3.69346E+10 0.01439 
   31   31    1    1    1    1    1    1    1    1  1.03062E+11 0.00900 
   32   32    1    1    1    1    1    1    1    1  3.30108E+11 0.00420 
   33   33    1    1    1    1    1    1    1    1  6.70902E+11 0.00408 
   34   34    1    1    1    1    1    1    1    1  1.74951E+12 0.00207 
   35   35    1    1    1    1    1    1    1    1  2.63753E+12 0.00149 
   36   36    1    1    1    1    1    1    1    1  3.27064E+12 0.00137 
   37   37    1    1    1    1    1    1    1    1  2.17924E+12 0.00132 
   38   38    1    1    1    1    1    1    1    1  6.61608E+11 0.00108 
   39   39    1    1    1    1    1    1    1    1  3.85976E+12 0.00094 
   40   40    1    1    1    1    1    1    1    1  5.32353E+12 0.00097 
   41   41    1    1    1    1    1    1    1    1  9.45364E+12 0.00061 
   42   42    1    1    1    1    1    1    1    1  9.52273E+12 0.00053 
   43   43    1    1    1    1    1    1    1    1  2.12290E+13 0.00058 
   44   44    1    1    1    1    1    1    1    1  2.64104E+13 0.00059 
   45   45    1    1    1    1    1    1    1    1  3.93319E+13 0.00048 
   46   46    1    1    1    1    1    1    1    1  8.08726E+13 0.00036 
   47   47    1    1    1    1    1    1    1    1  3.75127E+13 0.00028 
   48   48    1    1    1    1    1    1    1    1  6.06852E+13 0.00029 
   49   49    1    1    1    1    1    1    1    1  8.51296E+13 0.00024 
   50   50    1    1    1    1    1    1    1    1  8.47300E+13 0.00035 
   51   51    1    1    1    1    1    1    1    1  1.34099E+14 0.00018 
   52   52    1    1    1    1    1    1    1    1  1.05306E+14 0.00022 
   53   53    1    1    1    1    1    1    1    1  1.27658E+14 0.00021 
   54   54    1    1    1    1    1    1    1    1  8.79245E+13 0.00019 
   55   55    1    1    1    1    1    1    1    1  1.09003E+14 0.00020 
   56   56    1    1    1    1    1    1    1    1  7.45312E+13 0.00022 
   57   57    1    1    1    1    1    1    1    1  1.00700E+13 0.00028 
   58   58    1    1    1    1    1    1    1    1  1.47869E+14 0.00018 
   59   59    1    1    1    1    1    1    1    1  6.70554E+13 0.00026 
   60   60    1    1    1    1    1    1    1    1  7.06181E+13 0.00032 
   61   61    1    1    1    1    1    1    1    1  5.54540E+13 0.00027 
   62   62    1    1    1    1    1    1    1    1  5.54250E+13 0.00033 
   63   63    1    1    1    1    1    1    1    1  5.78946E+13 0.00036 
   64   64    1    1    1    1    1    1    1    1  4.87154E+13 0.00031 
   65   65    1    1    1    1    1    1    1    1  3.85803E+13 0.00038 
   66   66    1    1    1    1    1    1    1    1  3.81190E+13 0.00039 
   67   67    1    1    1    1    1    1    1    1  2.72712E+13 0.00047 
   68   68    1    1    1    1    1    1    1    1  2.20804E+13 0.00030 
   69   69    1    1    1    1    1    1    1    1  1.97303E+13 0.00052 
   70   70    1    1    1    1    1    1    1    1  2.36354E+13 0.00042 
   71   71    1    1    1    1    1    1    1    1  1.99748E+13 0.00051 
   72   72    1    1    1    1    1    1    1    1  3.56948E+13 0.00047 
   73   73    1    1    1    1    1    1    1    1  2.50063E+13 0.00040 
   74   74    1    1    1    1    1    1    1    1  1.87853E+13 0.00072 
   75   75    1    1    1    1    1    1    1    1  1.51621E+13 0.00062 
   76   76    1    1    1    1    1    1    1    1  1.26812E+13 0.00071 
   77   77    1    1    1    1    1    1    1    1  1.47742E+13 0.00054 
   78   78    1    1    1    1    1    1    1    1  1.17581E+13 0.00092 
   79   79    1    1    1    1    1    1    1    1  9.39875E+12 0.00068 
   80   80    1    1    1    1    1    1    1    1  9.69866E+12 0.00082 
   81   81    1    1    1    1    1    1    1    1  7.17107E+12 0.00070 
   82   82    1    1    1    1    1    1    1    1  5.50090E+12 0.00103 
   83   83    1    1    1    1    1    1    1    1  4.20462E+12 0.00137 
   84   84    1    1    1    1    1    1    1    1  3.90639E+12 0.00127 
   85   85    1    1    1    1    1    1    1    1  2.79848E+12 0.00147 
   86   86    1    1    1    1    1    1    1    1  2.01101E+12 0.00168 
   87   87    1    1    1    1    1    1    1    1  1.86066E+12 0.00140 
   88   88    1    1    1    1    1    1    1    1  1.13310E+12 0.00142 
   89   89    1    1    1    1    1    1    1    1  7.49875E+11 0.00202 
   90   90    1    1    1    1    1    1    1    1  4.30604E+11 0.00394 
   91   91    1    1    1    1    1    1    1    1  5.25294E+11 0.00346 
   92   92    1    1    1    1    1    1    1    1  0.00000E+00 0.00000 
   93   93    1    1    1    1    1    1    1    1  0.00000E+00 0.00000 
   94   94    1    1    1    1    1    1    1    1  0.00000E+00 0.00000 
   95   95    1    1    1    1    1    1    1    1  0.00000E+00 0.00000 
   96   96    1    1    1    1    1    1    1    1  0.00000E+00 0.00000 
   97   97    1    1    1    1    1    1    1    1  0.00000E+00 0.00000 
   98   98    1    1    1    1    1    1    1    1  0.00000E+00 0.00000 
   99   99    1    1    1    1    1    1    1    1  0.00000E+00 0.00000 
  100  100    1    1    1    1    1    1    1    1  0.00000E+00 0.00000 
];


