
DETdpaspec = [
    1    1    1    1    1    1    1    1    1    1  0.00000E+00 0.00000 
    2    2    1    1    1    1    1    1    1    1  0.00000E+00 0.00000 
    3    3    1    1    1    1    1    1    1    1  0.00000E+00 0.00000 
    4    4    1    1    1    1    1    1    1    1  0.00000E+00 0.00000 
    5    5    1    1    1    1    1    1    1    1  0.00000E+00 0.00000 
    6    6    1    1    1    1    1    1    1    1  0.00000E+00 0.00000 
    7    7    1    1    1    1    1    1    1    1  0.00000E+00 0.00000 
    8    8    1    1    1    1    1    1    1    1  0.00000E+00 0.00000 
    9    9    1    1    1    1    1    1    1    1  0.00000E+00 0.00000 
   10   10    1    1    1    1    1    1    1    1  0.00000E+00 0.00000 
   11   11    1    1    1    1    1    1    1    1  0.00000E+00 0.00000 
   12   12    1    1    1    1    1    1    1    1  0.00000E+00 0.00000 
   13   13    1    1    1    1    1    1    1    1  0.00000E+00 0.00000 
   14   14    1    1    1    1    1    1    1    1  0.00000E+00 0.00000 
   15   15    1    1    1    1    1    1    1    1  0.00000E+00 0.00000 
   16   16    1    1    1    1    1    1    1    1  0.00000E+00 0.00000 
   17   17    1    1    1    1    1    1    1    1  0.00000E+00 0.00000 
   18   18    1    1    1    1    1    1    1    1  0.00000E+00 0.00000 
   19   19    1    1    1    1    1    1    1    1  1.54462E+09 0.06182 
   20   20    1    1    1    1    1    1    1    1  2.95312E+08 0.08708 
   21   21    1    1    1    1    1    1    1    1  9.52881E+08 0.06151 
   22   22    1    1    1    1    1    1    1    1  6.80773E+08 0.05091 
   23   23    1    1    1    1    1    1    1    1  1.92518E+09 0.03908 
   24   24    1    1    1    1    1    1    1    1  2.54748E+09 0.02843 
   25   25    1    1    1    1    1    1    1    1  4.26164E+09 0.02840 
   26   26    1    1    1    1    1    1    1    1  5.42074E+09 0.02977 
   27   27    1    1    1    1    1    1    1    1  8.31165E+09 0.01881 
   28   28    1    1    1    1    1    1    1    1  1.51459E+10 0.01236 
   29   29    1    1    1    1    1    1    1    1  2.95481E+10 0.01326 
   30   30    1    1    1    1    1    1    1    1  4.32604E+10 0.01061 
   31   31    1    1    1    1    1    1    1    1  1.38788E+11 0.00579 
   32   32    1    1    1    1    1    1    1    1  4.47681E+11 0.00321 
   33   33    1    1    1    1    1    1    1    1  8.74535E+11 0.00244 
   34   34    1    1    1    1    1    1    1    1  2.01974E+12 0.00179 
   35   35    1    1    1    1    1    1    1    1  2.76291E+12 0.00123 
   36   36    1    1    1    1    1    1    1    1  3.89353E+12 0.00114 
   37   37    1    1    1    1    1    1    1    1  2.71643E+12 0.00089 
   38   38    1    1    1    1    1    1    1    1  8.55088E+11 0.00094 
   39   39    1    1    1    1    1    1    1    1  4.72577E+12 0.00081 
   40   40    1    1    1    1    1    1    1    1  6.38570E+12 0.00067 
   41   41    1    1    1    1    1    1    1    1  1.08797E+13 0.00050 
   42   42    1    1    1    1    1    1    1    1  1.12314E+13 0.00036 
   43   43    1    1    1    1    1    1    1    1  2.37071E+13 0.00031 
   44   44    1    1    1    1    1    1    1    1  2.87842E+13 0.00039 
   45   45    1    1    1    1    1    1    1    1  4.17501E+13 0.00036 
   46   46    1    1    1    1    1    1    1    1  8.20240E+13 0.00038 
   47   47    1    1    1    1    1    1    1    1  3.86853E+13 0.00032 
   48   48    1    1    1    1    1    1    1    1  6.29657E+13 0.00023 
   49   49    1    1    1    1    1    1    1    1  8.76191E+13 0.00020 
   50   50    1    1    1    1    1    1    1    1  8.73005E+13 0.00026 
   51   51    1    1    1    1    1    1    1    1  1.34229E+14 0.00017 
   52   52    1    1    1    1    1    1    1    1  1.08409E+14 0.00019 
   53   53    1    1    1    1    1    1    1    1  1.26842E+14 0.00025 
   54   54    1    1    1    1    1    1    1    1  8.85445E+13 0.00013 
   55   55    1    1    1    1    1    1    1    1  1.06469E+14 0.00017 
   56   56    1    1    1    1    1    1    1    1  7.36473E+13 0.00030 
   57   57    1    1    1    1    1    1    1    1  1.00668E+13 0.00048 
   58   58    1    1    1    1    1    1    1    1  1.46729E+14 0.00017 
   59   59    1    1    1    1    1    1    1    1  6.40037E+13 0.00028 
   60   60    1    1    1    1    1    1    1    1  6.85073E+13 0.00018 
   61   61    1    1    1    1    1    1    1    1  5.25281E+13 0.00028 
   62   62    1    1    1    1    1    1    1    1  5.30056E+13 0.00028 
   63   63    1    1    1    1    1    1    1    1  5.50968E+13 0.00022 
   64   64    1    1    1    1    1    1    1    1  4.61769E+13 0.00033 
   65   65    1    1    1    1    1    1    1    1  3.67879E+13 0.00035 
   66   66    1    1    1    1    1    1    1    1  3.64750E+13 0.00043 
   67   67    1    1    1    1    1    1    1    1  2.62431E+13 0.00036 
   68   68    1    1    1    1    1    1    1    1  2.14933E+13 0.00036 
   69   69    1    1    1    1    1    1    1    1  1.93321E+13 0.00036 
   70   70    1    1    1    1    1    1    1    1  2.32287E+13 0.00051 
   71   71    1    1    1    1    1    1    1    1  1.97935E+13 0.00041 
   72   72    1    1    1    1    1    1    1    1  3.64969E+13 0.00046 
   73   73    1    1    1    1    1    1    1    1  2.59047E+13 0.00052 
   74   74    1    1    1    1    1    1    1    1  1.94467E+13 0.00064 
   75   75    1    1    1    1    1    1    1    1  1.54340E+13 0.00060 
   76   76    1    1    1    1    1    1    1    1  1.26431E+13 0.00063 
   77   77    1    1    1    1    1    1    1    1  1.44829E+13 0.00066 
   78   78    1    1    1    1    1    1    1    1  1.12883E+13 0.00064 
   79   79    1    1    1    1    1    1    1    1  8.91419E+12 0.00077 
   80   80    1    1    1    1    1    1    1    1  9.13645E+12 0.00061 
   81   81    1    1    1    1    1    1    1    1  6.73199E+12 0.00073 
   82   82    1    1    1    1    1    1    1    1  5.16026E+12 0.00105 
   83   83    1    1    1    1    1    1    1    1  3.95661E+12 0.00116 
   84   84    1    1    1    1    1    1    1    1  3.71131E+12 0.00125 
   85   85    1    1    1    1    1    1    1    1  2.65334E+12 0.00104 
   86   86    1    1    1    1    1    1    1    1  1.90956E+12 0.00154 
   87   87    1    1    1    1    1    1    1    1  1.78802E+12 0.00185 
   88   88    1    1    1    1    1    1    1    1  1.10672E+12 0.00212 
   89   89    1    1    1    1    1    1    1    1  7.51946E+11 0.00288 
   90   90    1    1    1    1    1    1    1    1  4.35941E+11 0.00284 
   91   91    1    1    1    1    1    1    1    1  5.56777E+11 0.00343 
   92   92    1    1    1    1    1    1    1    1  0.00000E+00 0.00000 
   93   93    1    1    1    1    1    1    1    1  0.00000E+00 0.00000 
   94   94    1    1    1    1    1    1    1    1  0.00000E+00 0.00000 
   95   95    1    1    1    1    1    1    1    1  0.00000E+00 0.00000 
   96   96    1    1    1    1    1    1    1    1  0.00000E+00 0.00000 
   97   97    1    1    1    1    1    1    1    1  0.00000E+00 0.00000 
   98   98    1    1    1    1    1    1    1    1  0.00000E+00 0.00000 
   99   99    1    1    1    1    1    1    1    1  0.00000E+00 0.00000 
  100  100    1    1    1    1    1    1    1    1  0.00000E+00 0.00000 
];


