
DETdpaspec = [
    1    1    1    1    1    1    1    1    1    1  0.00000E+00 0.00000 
    2    2    1    1    1    1    1    1    1    1  0.00000E+00 0.00000 
    3    3    1    1    1    1    1    1    1    1  0.00000E+00 0.00000 
    4    4    1    1    1    1    1    1    1    1  0.00000E+00 0.00000 
    5    5    1    1    1    1    1    1    1    1  0.00000E+00 0.00000 
    6    6    1    1    1    1    1    1    1    1  0.00000E+00 0.00000 
    7    7    1    1    1    1    1    1    1    1  0.00000E+00 0.00000 
    8    8    1    1    1    1    1    1    1    1  0.00000E+00 0.00000 
    9    9    1    1    1    1    1    1    1    1  0.00000E+00 0.00000 
   10   10    1    1    1    1    1    1    1    1  0.00000E+00 0.00000 
   11   11    1    1    1    1    1    1    1    1  0.00000E+00 0.00000 
   12   12    1    1    1    1    1    1    1    1  0.00000E+00 0.00000 
   13   13    1    1    1    1    1    1    1    1  0.00000E+00 0.00000 
   14   14    1    1    1    1    1    1    1    1  0.00000E+00 0.00000 
   15   15    1    1    1    1    1    1    1    1  0.00000E+00 0.00000 
   16   16    1    1    1    1    1    1    1    1  0.00000E+00 0.00000 
   17   17    1    1    1    1    1    1    1    1  0.00000E+00 0.00000 
   18   18    1    1    1    1    1    1    1    1  0.00000E+00 0.00000 
   19   19    1    1    1    1    1    1    1    1  1.32857E+09 0.07782 
   20   20    1    1    1    1    1    1    1    1  2.29363E+08 0.10844 
   21   21    1    1    1    1    1    1    1    1  7.86266E+08 0.06673 
   22   22    1    1    1    1    1    1    1    1  5.79120E+08 0.05921 
   23   23    1    1    1    1    1    1    1    1  1.30910E+09 0.05591 
   24   24    1    1    1    1    1    1    1    1  1.86566E+09 0.04229 
   25   25    1    1    1    1    1    1    1    1  3.30965E+09 0.02859 
   26   26    1    1    1    1    1    1    1    1  4.38044E+09 0.02759 
   27   27    1    1    1    1    1    1    1    1  6.68093E+09 0.02342 
   28   28    1    1    1    1    1    1    1    1  1.19126E+10 0.02000 
   29   29    1    1    1    1    1    1    1    1  2.53795E+10 0.01290 
   30   30    1    1    1    1    1    1    1    1  4.02275E+10 0.00888 
   31   31    1    1    1    1    1    1    1    1  1.25833E+11 0.00600 
   32   32    1    1    1    1    1    1    1    1  4.11183E+11 0.00278 
   33   33    1    1    1    1    1    1    1    1  8.13233E+11 0.00233 
   34   34    1    1    1    1    1    1    1    1  1.95067E+12 0.00183 
   35   35    1    1    1    1    1    1    1    1  2.72444E+12 0.00131 
   36   36    1    1    1    1    1    1    1    1  3.70559E+12 0.00098 
   37   37    1    1    1    1    1    1    1    1  2.55323E+12 0.00110 
   38   38    1    1    1    1    1    1    1    1  7.92414E+11 0.00097 
   39   39    1    1    1    1    1    1    1    1  4.46084E+12 0.00082 
   40   40    1    1    1    1    1    1    1    1  6.05056E+12 0.00089 
   41   41    1    1    1    1    1    1    1    1  1.04495E+13 0.00071 
   42   42    1    1    1    1    1    1    1    1  1.06822E+13 0.00050 
   43   43    1    1    1    1    1    1    1    1  2.29306E+13 0.00045 
   44   44    1    1    1    1    1    1    1    1  2.80132E+13 0.00033 
   45   45    1    1    1    1    1    1    1    1  4.09316E+13 0.00031 
   46   46    1    1    1    1    1    1    1    1  8.15269E+13 0.00025 
   47   47    1    1    1    1    1    1    1    1  3.82286E+13 0.00027 
   48   48    1    1    1    1    1    1    1    1  6.20969E+13 0.00031 
   49   49    1    1    1    1    1    1    1    1  8.66225E+13 0.00021 
   50   50    1    1    1    1    1    1    1    1  8.62499E+13 0.00025 
   51   51    1    1    1    1    1    1    1    1  1.33667E+14 0.00018 
   52   52    1    1    1    1    1    1    1    1  1.07021E+14 0.00019 
   53   53    1    1    1    1    1    1    1    1  1.26664E+14 0.00019 
   54   54    1    1    1    1    1    1    1    1  8.81228E+13 0.00023 
   55   55    1    1    1    1    1    1    1    1  1.07072E+14 0.00018 
   56   56    1    1    1    1    1    1    1    1  7.38057E+13 0.00022 
   57   57    1    1    1    1    1    1    1    1  1.00537E+13 0.00034 
   58   58    1    1    1    1    1    1    1    1  1.46937E+14 0.00021 
   59   59    1    1    1    1    1    1    1    1  6.49045E+13 0.00032 
   60   60    1    1    1    1    1    1    1    1  6.91803E+13 0.00033 
   61   61    1    1    1    1    1    1    1    1  5.34731E+13 0.00021 
   62   62    1    1    1    1    1    1    1    1  5.38025E+13 0.00036 
   63   63    1    1    1    1    1    1    1    1  5.60823E+13 0.00033 
   64   64    1    1    1    1    1    1    1    1  4.70960E+13 0.00030 
   65   65    1    1    1    1    1    1    1    1  3.74564E+13 0.00029 
   66   66    1    1    1    1    1    1    1    1  3.71280E+13 0.00038 
   67   67    1    1    1    1    1    1    1    1  2.66641E+13 0.00044 
   68   68    1    1    1    1    1    1    1    1  2.17711E+13 0.00039 
   69   69    1    1    1    1    1    1    1    1  1.95420E+13 0.00040 
   70   70    1    1    1    1    1    1    1    1  2.34657E+13 0.00053 
   71   71    1    1    1    1    1    1    1    1  1.99575E+13 0.00065 
   72   72    1    1    1    1    1    1    1    1  3.64480E+13 0.00032 
   73   73    1    1    1    1    1    1    1    1  2.57857E+13 0.00062 
   74   74    1    1    1    1    1    1    1    1  1.93844E+13 0.00057 
   75   75    1    1    1    1    1    1    1    1  1.54931E+13 0.00066 
   76   76    1    1    1    1    1    1    1    1  1.27735E+13 0.00080 
   77   77    1    1    1    1    1    1    1    1  1.47287E+13 0.00048 
   78   78    1    1    1    1    1    1    1    1  1.15884E+13 0.00068 
   79   79    1    1    1    1    1    1    1    1  9.19138E+12 0.00057 
   80   80    1    1    1    1    1    1    1    1  9.44679E+12 0.00058 
   81   81    1    1    1    1    1    1    1    1  6.99390E+12 0.00089 
   82   82    1    1    1    1    1    1    1    1  5.36471E+12 0.00100 
   83   83    1    1    1    1    1    1    1    1  4.11228E+12 0.00118 
   84   84    1    1    1    1    1    1    1    1  3.83349E+12 0.00126 
   85   85    1    1    1    1    1    1    1    1  2.76602E+12 0.00161 
   86   86    1    1    1    1    1    1    1    1  1.99580E+12 0.00146 
   87   87    1    1    1    1    1    1    1    1  1.86758E+12 0.00124 
   88   88    1    1    1    1    1    1    1    1  1.14816E+12 0.00267 
   89   89    1    1    1    1    1    1    1    1  7.75039E+11 0.00225 
   90   90    1    1    1    1    1    1    1    1  4.47733E+11 0.00308 
   91   91    1    1    1    1    1    1    1    1  5.70741E+11 0.00357 
   92   92    1    1    1    1    1    1    1    1  0.00000E+00 0.00000 
   93   93    1    1    1    1    1    1    1    1  0.00000E+00 0.00000 
   94   94    1    1    1    1    1    1    1    1  0.00000E+00 0.00000 
   95   95    1    1    1    1    1    1    1    1  0.00000E+00 0.00000 
   96   96    1    1    1    1    1    1    1    1  0.00000E+00 0.00000 
   97   97    1    1    1    1    1    1    1    1  0.00000E+00 0.00000 
   98   98    1    1    1    1    1    1    1    1  0.00000E+00 0.00000 
   99   99    1    1    1    1    1    1    1    1  0.00000E+00 0.00000 
  100  100    1    1    1    1    1    1    1    1  0.00000E+00 0.00000 
];


