
DETdpaspec = [
    1    1    1    1    1    1    1    1    1    1  0.00000E+00 0.00000 
    2    2    1    1    1    1    1    1    1    1  0.00000E+00 0.00000 
    3    3    1    1    1    1    1    1    1    1  0.00000E+00 0.00000 
    4    4    1    1    1    1    1    1    1    1  0.00000E+00 0.00000 
    5    5    1    1    1    1    1    1    1    1  0.00000E+00 0.00000 
    6    6    1    1    1    1    1    1    1    1  0.00000E+00 0.00000 
    7    7    1    1    1    1    1    1    1    1  0.00000E+00 0.00000 
    8    8    1    1    1    1    1    1    1    1  0.00000E+00 0.00000 
    9    9    1    1    1    1    1    1    1    1  0.00000E+00 0.00000 
   10   10    1    1    1    1    1    1    1    1  0.00000E+00 0.00000 
   11   11    1    1    1    1    1    1    1    1  0.00000E+00 0.00000 
   12   12    1    1    1    1    1    1    1    1  0.00000E+00 0.00000 
   13   13    1    1    1    1    1    1    1    1  0.00000E+00 0.00000 
   14   14    1    1    1    1    1    1    1    1  0.00000E+00 0.00000 
   15   15    1    1    1    1    1    1    1    1  0.00000E+00 0.00000 
   16   16    1    1    1    1    1    1    1    1  0.00000E+00 0.00000 
   17   17    1    1    1    1    1    1    1    1  0.00000E+00 0.00000 
   18   18    1    1    1    1    1    1    1    1  0.00000E+00 0.00000 
   19   19    1    1    1    1    1    1    1    1  1.03079E+09 0.07623 
   20   20    1    1    1    1    1    1    1    1  1.16228E+08 0.15204 
   21   21    1    1    1    1    1    1    1    1  4.95226E+08 0.08535 
   22   22    1    1    1    1    1    1    1    1  4.03210E+08 0.08945 
   23   23    1    1    1    1    1    1    1    1  9.44910E+08 0.05234 
   24   24    1    1    1    1    1    1    1    1  1.57240E+09 0.04195 
   25   25    1    1    1    1    1    1    1    1  2.37357E+09 0.05232 
   26   26    1    1    1    1    1    1    1    1  3.22124E+09 0.03315 
   27   27    1    1    1    1    1    1    1    1  4.96910E+09 0.03211 
   28   28    1    1    1    1    1    1    1    1  1.00609E+10 0.01920 
   29   29    1    1    1    1    1    1    1    1  2.32546E+10 0.01538 
   30   30    1    1    1    1    1    1    1    1  4.06090E+10 0.00763 
   31   31    1    1    1    1    1    1    1    1  1.19637E+11 0.00600 
   32   32    1    1    1    1    1    1    1    1  3.86817E+11 0.00429 
   33   33    1    1    1    1    1    1    1    1  7.69677E+11 0.00323 
   34   34    1    1    1    1    1    1    1    1  1.90107E+12 0.00205 
   35   35    1    1    1    1    1    1    1    1  2.72476E+12 0.00148 
   36   36    1    1    1    1    1    1    1    1  3.56502E+12 0.00114 
   37   37    1    1    1    1    1    1    1    1  2.41518E+12 0.00088 
   38   38    1    1    1    1    1    1    1    1  7.40647E+11 0.00105 
   39   39    1    1    1    1    1    1    1    1  4.23532E+12 0.00073 
   40   40    1    1    1    1    1    1    1    1  5.78770E+12 0.00058 
   41   41    1    1    1    1    1    1    1    1  1.00993E+13 0.00041 
   42   42    1    1    1    1    1    1    1    1  1.02327E+13 0.00045 
   43   43    1    1    1    1    1    1    1    1  2.23061E+13 0.00045 
   44   44    1    1    1    1    1    1    1    1  2.74377E+13 0.00061 
   45   45    1    1    1    1    1    1    1    1  4.03474E+13 0.00034 
   46   46    1    1    1    1    1    1    1    1  8.13882E+13 0.00031 
   47   47    1    1    1    1    1    1    1    1  3.79286E+13 0.00028 
   48   48    1    1    1    1    1    1    1    1  6.14531E+13 0.00028 
   49   49    1    1    1    1    1    1    1    1  8.58849E+13 0.00024 
   50   50    1    1    1    1    1    1    1    1  8.54164E+13 0.00029 
   51   51    1    1    1    1    1    1    1    1  1.33518E+14 0.00025 
   52   52    1    1    1    1    1    1    1    1  1.05978E+14 0.00023 
   53   53    1    1    1    1    1    1    1    1  1.26726E+14 0.00023 
   54   54    1    1    1    1    1    1    1    1  8.78048E+13 0.00024 
   55   55    1    1    1    1    1    1    1    1  1.07679E+14 0.00027 
   56   56    1    1    1    1    1    1    1    1  7.39631E+13 0.00022 
   57   57    1    1    1    1    1    1    1    1  1.00460E+13 0.00033 
   58   58    1    1    1    1    1    1    1    1  1.47155E+14 0.00013 
   59   59    1    1    1    1    1    1    1    1  6.57937E+13 0.00029 
   60   60    1    1    1    1    1    1    1    1  6.97774E+13 0.00024 
   61   61    1    1    1    1    1    1    1    1  5.43104E+13 0.00031 
   62   62    1    1    1    1    1    1    1    1  5.45093E+13 0.00022 
   63   63    1    1    1    1    1    1    1    1  5.68701E+13 0.00023 
   64   64    1    1    1    1    1    1    1    1  4.77992E+13 0.00040 
   65   65    1    1    1    1    1    1    1    1  3.79793E+13 0.00028 
   66   66    1    1    1    1    1    1    1    1  3.75945E+13 0.00029 
   67   67    1    1    1    1    1    1    1    1  2.69451E+13 0.00028 
   68   68    1    1    1    1    1    1    1    1  2.19294E+13 0.00036 
   69   69    1    1    1    1    1    1    1    1  1.96605E+13 0.00046 
   70   70    1    1    1    1    1    1    1    1  2.36115E+13 0.00037 
   71   71    1    1    1    1    1    1    1    1  2.00381E+13 0.00047 
   72   72    1    1    1    1    1    1    1    1  3.61764E+13 0.00048 
   73   73    1    1    1    1    1    1    1    1  2.54935E+13 0.00049 
   74   74    1    1    1    1    1    1    1    1  1.91682E+13 0.00052 
   75   75    1    1    1    1    1    1    1    1  1.53911E+13 0.00051 
   76   76    1    1    1    1    1    1    1    1  1.27959E+13 0.00043 
   77   77    1    1    1    1    1    1    1    1  1.48228E+13 0.00051 
   78   78    1    1    1    1    1    1    1    1  1.17273E+13 0.00072 
   79   79    1    1    1    1    1    1    1    1  9.35594E+12 0.00064 
   80   80    1    1    1    1    1    1    1    1  9.65938E+12 0.00074 
   81   81    1    1    1    1    1    1    1    1  7.14053E+12 0.00102 
   82   82    1    1    1    1    1    1    1    1  5.49677E+12 0.00102 
   83   83    1    1    1    1    1    1    1    1  4.20989E+12 0.00080 
   84   84    1    1    1    1    1    1    1    1  3.92455E+12 0.00090 
   85   85    1    1    1    1    1    1    1    1  2.82694E+12 0.00160 
   86   86    1    1    1    1    1    1    1    1  2.03366E+12 0.00150 
   87   87    1    1    1    1    1    1    1    1  1.89621E+12 0.00193 
   88   88    1    1    1    1    1    1    1    1  1.16367E+12 0.00156 
   89   89    1    1    1    1    1    1    1    1  7.84946E+11 0.00315 
   90   90    1    1    1    1    1    1    1    1  4.50949E+11 0.00359 
   91   91    1    1    1    1    1    1    1    1  5.64339E+11 0.00389 
   92   92    1    1    1    1    1    1    1    1  0.00000E+00 0.00000 
   93   93    1    1    1    1    1    1    1    1  0.00000E+00 0.00000 
   94   94    1    1    1    1    1    1    1    1  0.00000E+00 0.00000 
   95   95    1    1    1    1    1    1    1    1  0.00000E+00 0.00000 
   96   96    1    1    1    1    1    1    1    1  0.00000E+00 0.00000 
   97   97    1    1    1    1    1    1    1    1  0.00000E+00 0.00000 
   98   98    1    1    1    1    1    1    1    1  0.00000E+00 0.00000 
   99   99    1    1    1    1    1    1    1    1  0.00000E+00 0.00000 
  100  100    1    1    1    1    1    1    1    1  0.00000E+00 0.00000 
];


