
DETdpaspec = [
    1    1    1    1    1    1    1    1    1    1  0.00000E+00 0.00000 
    2    2    1    1    1    1    1    1    1    1  0.00000E+00 0.00000 
    3    3    1    1    1    1    1    1    1    1  0.00000E+00 0.00000 
    4    4    1    1    1    1    1    1    1    1  0.00000E+00 0.00000 
    5    5    1    1    1    1    1    1    1    1  0.00000E+00 0.00000 
    6    6    1    1    1    1    1    1    1    1  0.00000E+00 0.00000 
    7    7    1    1    1    1    1    1    1    1  0.00000E+00 0.00000 
    8    8    1    1    1    1    1    1    1    1  0.00000E+00 0.00000 
    9    9    1    1    1    1    1    1    1    1  0.00000E+00 0.00000 
   10   10    1    1    1    1    1    1    1    1  0.00000E+00 0.00000 
   11   11    1    1    1    1    1    1    1    1  0.00000E+00 0.00000 
   12   12    1    1    1    1    1    1    1    1  0.00000E+00 0.00000 
   13   13    1    1    1    1    1    1    1    1  0.00000E+00 0.00000 
   14   14    1    1    1    1    1    1    1    1  0.00000E+00 0.00000 
   15   15    1    1    1    1    1    1    1    1  0.00000E+00 0.00000 
   16   16    1    1    1    1    1    1    1    1  0.00000E+00 0.00000 
   17   17    1    1    1    1    1    1    1    1  0.00000E+00 0.00000 
   18   18    1    1    1    1    1    1    1    1  0.00000E+00 0.00000 
   19   19    1    1    1    1    1    1    1    1  8.63413E+08 0.16136 
   20   20    1    1    1    1    1    1    1    1  1.25340E+08 0.12935 
   21   21    1    1    1    1    1    1    1    1  3.92138E+08 0.11336 
   22   22    1    1    1    1    1    1    1    1  2.99629E+08 0.07604 
   23   23    1    1    1    1    1    1    1    1  6.22545E+08 0.06026 
   24   24    1    1    1    1    1    1    1    1  1.19696E+09 0.05350 
   25   25    1    1    1    1    1    1    1    1  1.92948E+09 0.03355 
   26   26    1    1    1    1    1    1    1    1  2.62007E+09 0.03351 
   27   27    1    1    1    1    1    1    1    1  4.20541E+09 0.02969 
   28   28    1    1    1    1    1    1    1    1  8.65431E+09 0.02598 
   29   29    1    1    1    1    1    1    1    1  2.17494E+10 0.01416 
   30   30    1    1    1    1    1    1    1    1  3.99789E+10 0.01035 
   31   31    1    1    1    1    1    1    1    1  1.14142E+11 0.00548 
   32   32    1    1    1    1    1    1    1    1  3.66579E+11 0.00423 
   33   33    1    1    1    1    1    1    1    1  7.35335E+11 0.00318 
   34   34    1    1    1    1    1    1    1    1  1.86132E+12 0.00205 
   35   35    1    1    1    1    1    1    1    1  2.71665E+12 0.00139 
   36   36    1    1    1    1    1    1    1    1  3.46963E+12 0.00158 
   37   37    1    1    1    1    1    1    1    1  2.33448E+12 0.00121 
   38   38    1    1    1    1    1    1    1    1  7.12981E+11 0.00106 
   39   39    1    1    1    1    1    1    1    1  4.10371E+12 0.00107 
   40   40    1    1    1    1    1    1    1    1  5.62953E+12 0.00096 
   41   41    1    1    1    1    1    1    1    1  9.88775E+12 0.00078 
   42   42    1    1    1    1    1    1    1    1  9.98285E+12 0.00084 
   43   43    1    1    1    1    1    1    1    1  2.19444E+13 0.00075 
   44   44    1    1    1    1    1    1    1    1  2.70943E+13 0.00053 
   45   45    1    1    1    1    1    1    1    1  3.99837E+13 0.00031 
   46   46    1    1    1    1    1    1    1    1  8.12379E+13 0.00025 
   47   47    1    1    1    1    1    1    1    1  3.77791E+13 0.00027 
   48   48    1    1    1    1    1    1    1    1  6.11238E+13 0.00031 
   49   49    1    1    1    1    1    1    1    1  8.55470E+13 0.00021 
   50   50    1    1    1    1    1    1    1    1  8.50599E+13 0.00024 
   51   51    1    1    1    1    1    1    1    1  1.33617E+14 0.00018 
   52   52    1    1    1    1    1    1    1    1  1.05566E+14 0.00031 
   53   53    1    1    1    1    1    1    1    1  1.26935E+14 0.00018 
   54   54    1    1    1    1    1    1    1    1  8.77638E+13 0.00018 
   55   55    1    1    1    1    1    1    1    1  1.08142E+14 0.00018 
   56   56    1    1    1    1    1    1    1    1  7.41193E+13 0.00021 
   57   57    1    1    1    1    1    1    1    1  1.00475E+13 0.00054 
   58   58    1    1    1    1    1    1    1    1  1.47325E+14 0.00023 
   59   59    1    1    1    1    1    1    1    1  6.62903E+13 0.00033 
   60   60    1    1    1    1    1    1    1    1  7.01097E+13 0.00021 
   61   61    1    1    1    1    1    1    1    1  5.47826E+13 0.00023 
   62   62    1    1    1    1    1    1    1    1  5.48866E+13 0.00027 
   63   63    1    1    1    1    1    1    1    1  5.73279E+13 0.00024 
   64   64    1    1    1    1    1    1    1    1  4.82161E+13 0.00029 
   65   65    1    1    1    1    1    1    1    1  3.82407E+13 0.00035 
   66   66    1    1    1    1    1    1    1    1  3.78286E+13 0.00036 
   67   67    1    1    1    1    1    1    1    1  2.70902E+13 0.00033 
   68   68    1    1    1    1    1    1    1    1  2.20043E+13 0.00046 
   69   69    1    1    1    1    1    1    1    1  1.97092E+13 0.00063 
   70   70    1    1    1    1    1    1    1    1  2.36178E+13 0.00038 
   71   71    1    1    1    1    1    1    1    1  2.00146E+13 0.00057 
   72   72    1    1    1    1    1    1    1    1  3.59867E+13 0.00038 
   73   73    1    1    1    1    1    1    1    1  2.52878E+13 0.00039 
   74   74    1    1    1    1    1    1    1    1  1.90167E+13 0.00044 
   75   75    1    1    1    1    1    1    1    1  1.53209E+13 0.00061 
   76   76    1    1    1    1    1    1    1    1  1.27601E+13 0.00065 
   77   77    1    1    1    1    1    1    1    1  1.48208E+13 0.00058 
   78   78    1    1    1    1    1    1    1    1  1.17649E+13 0.00062 
   79   79    1    1    1    1    1    1    1    1  9.38897E+12 0.00081 
   80   80    1    1    1    1    1    1    1    1  9.68769E+12 0.00069 
   81   81    1    1    1    1    1    1    1    1  7.17485E+12 0.00083 
   82   82    1    1    1    1    1    1    1    1  5.51689E+12 0.00084 
   83   83    1    1    1    1    1    1    1    1  4.22525E+12 0.00104 
   84   84    1    1    1    1    1    1    1    1  3.94502E+12 0.00078 
   85   85    1    1    1    1    1    1    1    1  2.82488E+12 0.00109 
   86   86    1    1    1    1    1    1    1    1  2.03419E+12 0.00158 
   87   87    1    1    1    1    1    1    1    1  1.90592E+12 0.00218 
   88   88    1    1    1    1    1    1    1    1  1.15918E+12 0.00277 
   89   89    1    1    1    1    1    1    1    1  7.74941E+11 0.00271 
   90   90    1    1    1    1    1    1    1    1  4.44836E+11 0.00388 
   91   91    1    1    1    1    1    1    1    1  5.57804E+11 0.00268 
   92   92    1    1    1    1    1    1    1    1  0.00000E+00 0.00000 
   93   93    1    1    1    1    1    1    1    1  0.00000E+00 0.00000 
   94   94    1    1    1    1    1    1    1    1  0.00000E+00 0.00000 
   95   95    1    1    1    1    1    1    1    1  0.00000E+00 0.00000 
   96   96    1    1    1    1    1    1    1    1  0.00000E+00 0.00000 
   97   97    1    1    1    1    1    1    1    1  0.00000E+00 0.00000 
   98   98    1    1    1    1    1    1    1    1  0.00000E+00 0.00000 
   99   99    1    1    1    1    1    1    1    1  0.00000E+00 0.00000 
  100  100    1    1    1    1    1    1    1    1  0.00000E+00 0.00000 
];


