
DETdpaspec = [
    1    1    1    1    1    1    1    1    1    1  0.00000E+00 0.00000 
    2    2    1    1    1    1    1    1    1    1  0.00000E+00 0.00000 
    3    3    1    1    1    1    1    1    1    1  0.00000E+00 0.00000 
    4    4    1    1    1    1    1    1    1    1  0.00000E+00 0.00000 
    5    5    1    1    1    1    1    1    1    1  0.00000E+00 0.00000 
    6    6    1    1    1    1    1    1    1    1  0.00000E+00 0.00000 
    7    7    1    1    1    1    1    1    1    1  0.00000E+00 0.00000 
    8    8    1    1    1    1    1    1    1    1  0.00000E+00 0.00000 
    9    9    1    1    1    1    1    1    1    1  0.00000E+00 0.00000 
   10   10    1    1    1    1    1    1    1    1  0.00000E+00 0.00000 
   11   11    1    1    1    1    1    1    1    1  0.00000E+00 0.00000 
   12   12    1    1    1    1    1    1    1    1  0.00000E+00 0.00000 
   13   13    1    1    1    1    1    1    1    1  0.00000E+00 0.00000 
   14   14    1    1    1    1    1    1    1    1  0.00000E+00 0.00000 
   15   15    1    1    1    1    1    1    1    1  0.00000E+00 0.00000 
   16   16    1    1    1    1    1    1    1    1  0.00000E+00 0.00000 
   17   17    1    1    1    1    1    1    1    1  0.00000E+00 0.00000 
   18   18    1    1    1    1    1    1    1    1  0.00000E+00 0.00000 
   19   19    1    1    1    1    1    1    1    1  8.04162E+08 0.11176 
   20   20    1    1    1    1    1    1    1    1  1.21843E+08 0.11138 
   21   21    1    1    1    1    1    1    1    1  3.84052E+08 0.10375 
   22   22    1    1    1    1    1    1    1    1  3.10712E+08 0.09048 
   23   23    1    1    1    1    1    1    1    1  8.59457E+08 0.04944 
   24   24    1    1    1    1    1    1    1    1  1.29777E+09 0.04477 
   25   25    1    1    1    1    1    1    1    1  2.11376E+09 0.03213 
   26   26    1    1    1    1    1    1    1    1  2.85888E+09 0.03160 
   27   27    1    1    1    1    1    1    1    1  4.43794E+09 0.02195 
   28   28    1    1    1    1    1    1    1    1  9.26256E+09 0.01343 
   29   29    1    1    1    1    1    1    1    1  2.29142E+10 0.01217 
   30   30    1    1    1    1    1    1    1    1  3.96645E+10 0.01145 
   31   31    1    1    1    1    1    1    1    1  1.17445E+11 0.00722 
   32   32    1    1    1    1    1    1    1    1  3.79841E+11 0.00325 
   33   33    1    1    1    1    1    1    1    1  7.52257E+11 0.00223 
   34   34    1    1    1    1    1    1    1    1  1.88512E+12 0.00186 
   35   35    1    1    1    1    1    1    1    1  2.72455E+12 0.00168 
   36   36    1    1    1    1    1    1    1    1  3.51823E+12 0.00141 
   37   37    1    1    1    1    1    1    1    1  2.37503E+12 0.00118 
   38   38    1    1    1    1    1    1    1    1  7.25467E+11 0.00136 
   39   39    1    1    1    1    1    1    1    1  4.17234E+12 0.00088 
   40   40    1    1    1    1    1    1    1    1  5.70451E+12 0.00086 
   41   41    1    1    1    1    1    1    1    1  9.97874E+12 0.00070 
   42   42    1    1    1    1    1    1    1    1  1.00903E+13 0.00053 
   43   43    1    1    1    1    1    1    1    1  2.20980E+13 0.00073 
   44   44    1    1    1    1    1    1    1    1  2.72463E+13 0.00050 
   45   45    1    1    1    1    1    1    1    1  4.01275E+13 0.00043 
   46   46    1    1    1    1    1    1    1    1  8.12913E+13 0.00028 
   47   47    1    1    1    1    1    1    1    1  3.78439E+13 0.00029 
   48   48    1    1    1    1    1    1    1    1  6.12860E+13 0.00028 
   49   49    1    1    1    1    1    1    1    1  8.56911E+13 0.00025 
   50   50    1    1    1    1    1    1    1    1  8.52282E+13 0.00023 
   51   51    1    1    1    1    1    1    1    1  1.33591E+14 0.00018 
   52   52    1    1    1    1    1    1    1    1  1.05680E+14 0.00024 
   53   53    1    1    1    1    1    1    1    1  1.26825E+14 0.00021 
   54   54    1    1    1    1    1    1    1    1  8.77906E+13 0.00022 
   55   55    1    1    1    1    1    1    1    1  1.07959E+14 0.00024 
   56   56    1    1    1    1    1    1    1    1  7.40503E+13 0.00018 
   57   57    1    1    1    1    1    1    1    1  1.00431E+13 0.00038 
   58   58    1    1    1    1    1    1    1    1  1.47222E+14 0.00011 
   59   59    1    1    1    1    1    1    1    1  6.60578E+13 0.00027 
   60   60    1    1    1    1    1    1    1    1  6.99385E+13 0.00024 
   61   61    1    1    1    1    1    1    1    1  5.45775E+13 0.00025 
   62   62    1    1    1    1    1    1    1    1  5.47300E+13 0.00024 
   63   63    1    1    1    1    1    1    1    1  5.71686E+13 0.00027 
   64   64    1    1    1    1    1    1    1    1  4.80650E+13 0.00032 
   65   65    1    1    1    1    1    1    1    1  3.81258E+13 0.00029 
   66   66    1    1    1    1    1    1    1    1  3.77582E+13 0.00032 
   67   67    1    1    1    1    1    1    1    1  2.70256E+13 0.00031 
   68   68    1    1    1    1    1    1    1    1  2.19713E+13 0.00042 
   69   69    1    1    1    1    1    1    1    1  1.96809E+13 0.00045 
   70   70    1    1    1    1    1    1    1    1  2.35821E+13 0.00036 
   71   71    1    1    1    1    1    1    1    1  1.99971E+13 0.00044 
   72   72    1    1    1    1    1    1    1    1  3.60766E+13 0.00035 
   73   73    1    1    1    1    1    1    1    1  2.53559E+13 0.00050 
   74   74    1    1    1    1    1    1    1    1  1.90617E+13 0.00063 
   75   75    1    1    1    1    1    1    1    1  1.53531E+13 0.00072 
   76   76    1    1    1    1    1    1    1    1  1.27808E+13 0.00052 
   77   77    1    1    1    1    1    1    1    1  1.48430E+13 0.00058 
   78   78    1    1    1    1    1    1    1    1  1.17559E+13 0.00069 
   79   79    1    1    1    1    1    1    1    1  9.37820E+12 0.00091 
   80   80    1    1    1    1    1    1    1    1  9.68046E+12 0.00079 
   81   81    1    1    1    1    1    1    1    1  7.16652E+12 0.00091 
   82   82    1    1    1    1    1    1    1    1  5.50624E+12 0.00102 
   83   83    1    1    1    1    1    1    1    1  4.21693E+12 0.00146 
   84   84    1    1    1    1    1    1    1    1  3.94349E+12 0.00108 
   85   85    1    1    1    1    1    1    1    1  2.83291E+12 0.00118 
   86   86    1    1    1    1    1    1    1    1  2.03746E+12 0.00134 
   87   87    1    1    1    1    1    1    1    1  1.90325E+12 0.00191 
   88   88    1    1    1    1    1    1    1    1  1.15840E+12 0.00239 
   89   89    1    1    1    1    1    1    1    1  7.79181E+11 0.00280 
   90   90    1    1    1    1    1    1    1    1  4.47628E+11 0.00242 
   91   91    1    1    1    1    1    1    1    1  5.61032E+11 0.00317 
   92   92    1    1    1    1    1    1    1    1  0.00000E+00 0.00000 
   93   93    1    1    1    1    1    1    1    1  0.00000E+00 0.00000 
   94   94    1    1    1    1    1    1    1    1  0.00000E+00 0.00000 
   95   95    1    1    1    1    1    1    1    1  0.00000E+00 0.00000 
   96   96    1    1    1    1    1    1    1    1  0.00000E+00 0.00000 
   97   97    1    1    1    1    1    1    1    1  0.00000E+00 0.00000 
   98   98    1    1    1    1    1    1    1    1  0.00000E+00 0.00000 
   99   99    1    1    1    1    1    1    1    1  0.00000E+00 0.00000 
  100  100    1    1    1    1    1    1    1    1  0.00000E+00 0.00000 
];


