
DETdpaspec = [
    1    1    1    1    1    1    1    1    1    1  0.00000E+00 0.00000 
    2    2    1    1    1    1    1    1    1    1  0.00000E+00 0.00000 
    3    3    1    1    1    1    1    1    1    1  0.00000E+00 0.00000 
    4    4    1    1    1    1    1    1    1    1  0.00000E+00 0.00000 
    5    5    1    1    1    1    1    1    1    1  0.00000E+00 0.00000 
    6    6    1    1    1    1    1    1    1    1  0.00000E+00 0.00000 
    7    7    1    1    1    1    1    1    1    1  0.00000E+00 0.00000 
    8    8    1    1    1    1    1    1    1    1  0.00000E+00 0.00000 
    9    9    1    1    1    1    1    1    1    1  0.00000E+00 0.00000 
   10   10    1    1    1    1    1    1    1    1  0.00000E+00 0.00000 
   11   11    1    1    1    1    1    1    1    1  0.00000E+00 0.00000 
   12   12    1    1    1    1    1    1    1    1  0.00000E+00 0.00000 
   13   13    1    1    1    1    1    1    1    1  0.00000E+00 0.00000 
   14   14    1    1    1    1    1    1    1    1  0.00000E+00 0.00000 
   15   15    1    1    1    1    1    1    1    1  0.00000E+00 0.00000 
   16   16    1    1    1    1    1    1    1    1  0.00000E+00 0.00000 
   17   17    1    1    1    1    1    1    1    1  0.00000E+00 0.00000 
   18   18    1    1    1    1    1    1    1    1  0.00000E+00 0.00000 
   19   19    1    1    1    1    1    1    1    1  1.71329E+09 0.06088 
   20   20    1    1    1    1    1    1    1    1  3.03602E+08 0.09277 
   21   21    1    1    1    1    1    1    1    1  9.17802E+08 0.07319 
   22   22    1    1    1    1    1    1    1    1  7.10519E+08 0.05287 
   23   23    1    1    1    1    1    1    1    1  1.80465E+09 0.04336 
   24   24    1    1    1    1    1    1    1    1  2.49943E+09 0.04018 
   25   25    1    1    1    1    1    1    1    1  3.94804E+09 0.02700 
   26   26    1    1    1    1    1    1    1    1  5.38979E+09 0.02314 
   27   27    1    1    1    1    1    1    1    1  8.19565E+09 0.01554 
   28   28    1    1    1    1    1    1    1    1  1.49693E+10 0.01293 
   29   29    1    1    1    1    1    1    1    1  2.92267E+10 0.00929 
   30   30    1    1    1    1    1    1    1    1  4.34124E+10 0.00874 
   31   31    1    1    1    1    1    1    1    1  1.37670E+11 0.00616 
   32   32    1    1    1    1    1    1    1    1  4.44075E+11 0.00332 
   33   33    1    1    1    1    1    1    1    1  8.65362E+11 0.00258 
   34   34    1    1    1    1    1    1    1    1  2.00837E+12 0.00158 
   35   35    1    1    1    1    1    1    1    1  2.75180E+12 0.00156 
   36   36    1    1    1    1    1    1    1    1  3.86263E+12 0.00117 
   37   37    1    1    1    1    1    1    1    1  2.68720E+12 0.00093 
   38   38    1    1    1    1    1    1    1    1  8.43555E+11 0.00132 
   39   39    1    1    1    1    1    1    1    1  4.68015E+12 0.00094 
   40   40    1    1    1    1    1    1    1    1  6.32193E+12 0.00082 
   41   41    1    1    1    1    1    1    1    1  1.07982E+13 0.00046 
   42   42    1    1    1    1    1    1    1    1  1.11360E+13 0.00052 
   43   43    1    1    1    1    1    1    1    1  2.35806E+13 0.00058 
   44   44    1    1    1    1    1    1    1    1  2.86806E+13 0.00044 
   45   45    1    1    1    1    1    1    1    1  4.16482E+13 0.00043 
   46   46    1    1    1    1    1    1    1    1  8.19191E+13 0.00033 
   47   47    1    1    1    1    1    1    1    1  3.85904E+13 0.00027 
   48   48    1    1    1    1    1    1    1    1  6.28158E+13 0.00027 
   49   49    1    1    1    1    1    1    1    1  8.74631E+13 0.00021 
   50   50    1    1    1    1    1    1    1    1  8.71714E+13 0.00022 
   51   51    1    1    1    1    1    1    1    1  1.34180E+14 0.00020 
   52   52    1    1    1    1    1    1    1    1  1.08216E+14 0.00019 
   53   53    1    1    1    1    1    1    1    1  1.26828E+14 0.00012 
   54   54    1    1    1    1    1    1    1    1  8.85099E+13 0.00024 
   55   55    1    1    1    1    1    1    1    1  1.06557E+14 0.00016 
   56   56    1    1    1    1    1    1    1    1  7.36535E+13 0.00024 
   57   57    1    1    1    1    1    1    1    1  1.00736E+13 0.00039 
   58   58    1    1    1    1    1    1    1    1  1.46759E+14 0.00020 
   59   59    1    1    1    1    1    1    1    1  6.41276E+13 0.00023 
   60   60    1    1    1    1    1    1    1    1  6.86120E+13 0.00024 
   61   61    1    1    1    1    1    1    1    1  5.26515E+13 0.00020 
   62   62    1    1    1    1    1    1    1    1  5.30937E+13 0.00028 
   63   63    1    1    1    1    1    1    1    1  5.52312E+13 0.00030 
   64   64    1    1    1    1    1    1    1    1  4.63107E+13 0.00030 
   65   65    1    1    1    1    1    1    1    1  3.69109E+13 0.00040 
   66   66    1    1    1    1    1    1    1    1  3.65660E+13 0.00042 
   67   67    1    1    1    1    1    1    1    1  2.62992E+13 0.00048 
   68   68    1    1    1    1    1    1    1    1  2.15379E+13 0.00046 
   69   69    1    1    1    1    1    1    1    1  1.93824E+13 0.00043 
   70   70    1    1    1    1    1    1    1    1  2.32747E+13 0.00044 
   71   71    1    1    1    1    1    1    1    1  1.98369E+13 0.00051 
   72   72    1    1    1    1    1    1    1    1  3.64967E+13 0.00034 
   73   73    1    1    1    1    1    1    1    1  2.59074E+13 0.00045 
   74   74    1    1    1    1    1    1    1    1  1.94476E+13 0.00048 
   75   75    1    1    1    1    1    1    1    1  1.54422E+13 0.00049 
   76   76    1    1    1    1    1    1    1    1  1.26662E+13 0.00071 
   77   77    1    1    1    1    1    1    1    1  1.45246E+13 0.00046 
   78   78    1    1    1    1    1    1    1    1  1.13240E+13 0.00058 
   79   79    1    1    1    1    1    1    1    1  8.96510E+12 0.00065 
   80   80    1    1    1    1    1    1    1    1  9.17566E+12 0.00072 
   81   81    1    1    1    1    1    1    1    1  6.76925E+12 0.00083 
   82   82    1    1    1    1    1    1    1    1  5.19161E+12 0.00094 
   83   83    1    1    1    1    1    1    1    1  3.97688E+12 0.00089 
   84   84    1    1    1    1    1    1    1    1  3.71285E+12 0.00098 
   85   85    1    1    1    1    1    1    1    1  2.67593E+12 0.00102 
   86   86    1    1    1    1    1    1    1    1  1.92542E+12 0.00095 
   87   87    1    1    1    1    1    1    1    1  1.80155E+12 0.00185 
   88   88    1    1    1    1    1    1    1    1  1.11627E+12 0.00220 
   89   89    1    1    1    1    1    1    1    1  7.53457E+11 0.00186 
   90   90    1    1    1    1    1    1    1    1  4.37985E+11 0.00374 
   91   91    1    1    1    1    1    1    1    1  5.59295E+11 0.00367 
   92   92    1    1    1    1    1    1    1    1  0.00000E+00 0.00000 
   93   93    1    1    1    1    1    1    1    1  0.00000E+00 0.00000 
   94   94    1    1    1    1    1    1    1    1  0.00000E+00 0.00000 
   95   95    1    1    1    1    1    1    1    1  0.00000E+00 0.00000 
   96   96    1    1    1    1    1    1    1    1  0.00000E+00 0.00000 
   97   97    1    1    1    1    1    1    1    1  0.00000E+00 0.00000 
   98   98    1    1    1    1    1    1    1    1  0.00000E+00 0.00000 
   99   99    1    1    1    1    1    1    1    1  0.00000E+00 0.00000 
  100  100    1    1    1    1    1    1    1    1  0.00000E+00 0.00000 
];


