
DETdpaspec = [
    1    1    1    1    1    1    1    1    1    1  0.00000E+00 0.00000 
    2    2    1    1    1    1    1    1    1    1  0.00000E+00 0.00000 
    3    3    1    1    1    1    1    1    1    1  0.00000E+00 0.00000 
    4    4    1    1    1    1    1    1    1    1  0.00000E+00 0.00000 
    5    5    1    1    1    1    1    1    1    1  0.00000E+00 0.00000 
    6    6    1    1    1    1    1    1    1    1  0.00000E+00 0.00000 
    7    7    1    1    1    1    1    1    1    1  0.00000E+00 0.00000 
    8    8    1    1    1    1    1    1    1    1  0.00000E+00 0.00000 
    9    9    1    1    1    1    1    1    1    1  0.00000E+00 0.00000 
   10   10    1    1    1    1    1    1    1    1  0.00000E+00 0.00000 
   11   11    1    1    1    1    1    1    1    1  0.00000E+00 0.00000 
   12   12    1    1    1    1    1    1    1    1  0.00000E+00 0.00000 
   13   13    1    1    1    1    1    1    1    1  0.00000E+00 0.00000 
   14   14    1    1    1    1    1    1    1    1  0.00000E+00 0.00000 
   15   15    1    1    1    1    1    1    1    1  0.00000E+00 0.00000 
   16   16    1    1    1    1    1    1    1    1  0.00000E+00 0.00000 
   17   17    1    1    1    1    1    1    1    1  0.00000E+00 0.00000 
   18   18    1    1    1    1    1    1    1    1  0.00000E+00 0.00000 
   19   19    1    1    1    1    1    1    1    1  1.29836E+09 0.06447 
   20   20    1    1    1    1    1    1    1    1  2.39443E+08 0.10525 
   21   21    1    1    1    1    1    1    1    1  8.94078E+08 0.06626 
   22   22    1    1    1    1    1    1    1    1  6.11452E+08 0.06586 
   23   23    1    1    1    1    1    1    1    1  1.60044E+09 0.04007 
   24   24    1    1    1    1    1    1    1    1  2.29668E+09 0.03333 
   25   25    1    1    1    1    1    1    1    1  3.59956E+09 0.02548 
   26   26    1    1    1    1    1    1    1    1  4.61885E+09 0.03191 
   27   27    1    1    1    1    1    1    1    1  7.32647E+09 0.02495 
   28   28    1    1    1    1    1    1    1    1  1.31021E+10 0.01279 
   29   29    1    1    1    1    1    1    1    1  2.69642E+10 0.01322 
   30   30    1    1    1    1    1    1    1    1  4.19524E+10 0.00820 
   31   31    1    1    1    1    1    1    1    1  1.29767E+11 0.00536 
   32   32    1    1    1    1    1    1    1    1  4.19256E+11 0.00378 
   33   33    1    1    1    1    1    1    1    1  8.27508E+11 0.00269 
   34   34    1    1    1    1    1    1    1    1  1.96240E+12 0.00185 
   35   35    1    1    1    1    1    1    1    1  2.72154E+12 0.00151 
   36   36    1    1    1    1    1    1    1    1  3.76123E+12 0.00080 
   37   37    1    1    1    1    1    1    1    1  2.59967E+12 0.00074 
   38   38    1    1    1    1    1    1    1    1  8.11248E+11 0.00099 
   39   39    1    1    1    1    1    1    1    1  4.54148E+12 0.00094 
   40   40    1    1    1    1    1    1    1    1  6.15743E+12 0.00068 
   41   41    1    1    1    1    1    1    1    1  1.05832E+13 0.00060 
   42   42    1    1    1    1    1    1    1    1  1.08533E+13 0.00077 
   43   43    1    1    1    1    1    1    1    1  2.31910E+13 0.00069 
   44   44    1    1    1    1    1    1    1    1  2.82607E+13 0.00041 
   45   45    1    1    1    1    1    1    1    1  4.11849E+13 0.00041 
   46   46    1    1    1    1    1    1    1    1  8.16389E+13 0.00029 
   47   47    1    1    1    1    1    1    1    1  3.83622E+13 0.00029 
   48   48    1    1    1    1    1    1    1    1  6.23737E+13 0.00021 
   49   49    1    1    1    1    1    1    1    1  8.69466E+13 0.00023 
   50   50    1    1    1    1    1    1    1    1  8.65730E+13 0.00025 
   51   51    1    1    1    1    1    1    1    1  1.33825E+14 0.00026 
   52   52    1    1    1    1    1    1    1    1  1.07495E+14 0.00018 
   53   53    1    1    1    1    1    1    1    1  1.26737E+14 0.00023 
   54   54    1    1    1    1    1    1    1    1  8.82806E+13 0.00018 
   55   55    1    1    1    1    1    1    1    1  1.06871E+14 0.00025 
   56   56    1    1    1    1    1    1    1    1  7.37356E+13 0.00025 
   57   57    1    1    1    1    1    1    1    1  1.00654E+13 0.00038 
   58   58    1    1    1    1    1    1    1    1  1.46919E+14 0.00021 
   59   59    1    1    1    1    1    1    1    1  6.46040E+13 0.00018 
   60   60    1    1    1    1    1    1    1    1  6.89659E+13 0.00022 
   61   61    1    1    1    1    1    1    1    1  5.31631E+13 0.00019 
   62   62    1    1    1    1    1    1    1    1  5.35215E+13 0.00020 
   63   63    1    1    1    1    1    1    1    1  5.57343E+13 0.00028 
   64   64    1    1    1    1    1    1    1    1  4.67814E+13 0.00026 
   65   65    1    1    1    1    1    1    1    1  3.72769E+13 0.00029 
   66   66    1    1    1    1    1    1    1    1  3.69160E+13 0.00032 
   67   67    1    1    1    1    1    1    1    1  2.65344E+13 0.00035 
   68   68    1    1    1    1    1    1    1    1  2.16846E+13 0.00034 
   69   69    1    1    1    1    1    1    1    1  1.94878E+13 0.00048 
   70   70    1    1    1    1    1    1    1    1  2.33948E+13 0.00036 
   71   71    1    1    1    1    1    1    1    1  1.99105E+13 0.00042 
   72   72    1    1    1    1    1    1    1    1  3.64787E+13 0.00045 
   73   73    1    1    1    1    1    1    1    1  2.58335E+13 0.00036 
   74   74    1    1    1    1    1    1    1    1  1.94158E+13 0.00058 
   75   75    1    1    1    1    1    1    1    1  1.54911E+13 0.00054 
   76   76    1    1    1    1    1    1    1    1  1.27489E+13 0.00069 
   77   77    1    1    1    1    1    1    1    1  1.46630E+13 0.00068 
   78   78    1    1    1    1    1    1    1    1  1.14975E+13 0.00070 
   79   79    1    1    1    1    1    1    1    1  9.09500E+12 0.00064 
   80   80    1    1    1    1    1    1    1    1  9.36429E+12 0.00066 
   81   81    1    1    1    1    1    1    1    1  6.90170E+12 0.00080 
   82   82    1    1    1    1    1    1    1    1  5.28967E+12 0.00096 
   83   83    1    1    1    1    1    1    1    1  4.07305E+12 0.00106 
   84   84    1    1    1    1    1    1    1    1  3.79726E+12 0.00107 
   85   85    1    1    1    1    1    1    1    1  2.72781E+12 0.00147 
   86   86    1    1    1    1    1    1    1    1  1.96708E+12 0.00157 
   87   87    1    1    1    1    1    1    1    1  1.83905E+12 0.00170 
   88   88    1    1    1    1    1    1    1    1  1.13165E+12 0.00172 
   89   89    1    1    1    1    1    1    1    1  7.67132E+11 0.00253 
   90   90    1    1    1    1    1    1    1    1  4.44793E+11 0.00368 
   91   91    1    1    1    1    1    1    1    1  5.66712E+11 0.00251 
   92   92    1    1    1    1    1    1    1    1  0.00000E+00 0.00000 
   93   93    1    1    1    1    1    1    1    1  0.00000E+00 0.00000 
   94   94    1    1    1    1    1    1    1    1  0.00000E+00 0.00000 
   95   95    1    1    1    1    1    1    1    1  0.00000E+00 0.00000 
   96   96    1    1    1    1    1    1    1    1  0.00000E+00 0.00000 
   97   97    1    1    1    1    1    1    1    1  0.00000E+00 0.00000 
   98   98    1    1    1    1    1    1    1    1  0.00000E+00 0.00000 
   99   99    1    1    1    1    1    1    1    1  0.00000E+00 0.00000 
  100  100    1    1    1    1    1    1    1    1  0.00000E+00 0.00000 
];


