
DETdpaspec = [
    1    1    1    1    1    1    1    1    1    1  0.00000E+00 0.00000 
    2    2    1    1    1    1    1    1    1    1  0.00000E+00 0.00000 
    3    3    1    1    1    1    1    1    1    1  0.00000E+00 0.00000 
    4    4    1    1    1    1    1    1    1    1  0.00000E+00 0.00000 
    5    5    1    1    1    1    1    1    1    1  0.00000E+00 0.00000 
    6    6    1    1    1    1    1    1    1    1  0.00000E+00 0.00000 
    7    7    1    1    1    1    1    1    1    1  0.00000E+00 0.00000 
    8    8    1    1    1    1    1    1    1    1  0.00000E+00 0.00000 
    9    9    1    1    1    1    1    1    1    1  0.00000E+00 0.00000 
   10   10    1    1    1    1    1    1    1    1  0.00000E+00 0.00000 
   11   11    1    1    1    1    1    1    1    1  0.00000E+00 0.00000 
   12   12    1    1    1    1    1    1    1    1  0.00000E+00 0.00000 
   13   13    1    1    1    1    1    1    1    1  0.00000E+00 0.00000 
   14   14    1    1    1    1    1    1    1    1  0.00000E+00 0.00000 
   15   15    1    1    1    1    1    1    1    1  0.00000E+00 0.00000 
   16   16    1    1    1    1    1    1    1    1  0.00000E+00 0.00000 
   17   17    1    1    1    1    1    1    1    1  0.00000E+00 0.00000 
   18   18    1    1    1    1    1    1    1    1  0.00000E+00 0.00000 
   19   19    1    1    1    1    1    1    1    1  9.22867E+08 0.10045 
   20   20    1    1    1    1    1    1    1    1  1.12267E+08 0.10105 
   21   21    1    1    1    1    1    1    1    1  3.91055E+08 0.07284 
   22   22    1    1    1    1    1    1    1    1  2.69178E+08 0.07936 
   23   23    1    1    1    1    1    1    1    1  7.29937E+08 0.06884 
   24   24    1    1    1    1    1    1    1    1  1.27187E+09 0.04490 
   25   25    1    1    1    1    1    1    1    1  2.09929E+09 0.03715 
   26   26    1    1    1    1    1    1    1    1  2.69353E+09 0.04331 
   27   27    1    1    1    1    1    1    1    1  4.45839E+09 0.03406 
   28   28    1    1    1    1    1    1    1    1  9.42194E+09 0.01894 
   29   29    1    1    1    1    1    1    1    1  2.20072E+10 0.01402 
   30   30    1    1    1    1    1    1    1    1  4.01383E+10 0.01270 
   31   31    1    1    1    1    1    1    1    1  1.16028E+11 0.00881 
   32   32    1    1    1    1    1    1    1    1  3.77403E+11 0.00409 
   33   33    1    1    1    1    1    1    1    1  7.49580E+11 0.00290 
   34   34    1    1    1    1    1    1    1    1  1.87671E+12 0.00190 
   35   35    1    1    1    1    1    1    1    1  2.72184E+12 0.00132 
   36   36    1    1    1    1    1    1    1    1  3.50202E+12 0.00102 
   37   37    1    1    1    1    1    1    1    1  2.35480E+12 0.00104 
   38   38    1    1    1    1    1    1    1    1  7.20010E+11 0.00106 
   39   39    1    1    1    1    1    1    1    1  4.14442E+12 0.00080 
   40   40    1    1    1    1    1    1    1    1  5.67560E+12 0.00081 
   41   41    1    1    1    1    1    1    1    1  9.94862E+12 0.00075 
   42   42    1    1    1    1    1    1    1    1  1.00441E+13 0.00066 
   43   43    1    1    1    1    1    1    1    1  2.20386E+13 0.00065 
   44   44    1    1    1    1    1    1    1    1  2.71762E+13 0.00048 
   45   45    1    1    1    1    1    1    1    1  4.00643E+13 0.00050 
   46   46    1    1    1    1    1    1    1    1  8.12526E+13 0.00029 
   47   47    1    1    1    1    1    1    1    1  3.78116E+13 0.00033 
   48   48    1    1    1    1    1    1    1    1  6.12159E+13 0.00028 
   49   49    1    1    1    1    1    1    1    1  8.56233E+13 0.00029 
   50   50    1    1    1    1    1    1    1    1  8.51517E+13 0.00020 
   51   51    1    1    1    1    1    1    1    1  1.33530E+14 0.00020 
   52   52    1    1    1    1    1    1    1    1  1.05644E+14 0.00021 
   53   53    1    1    1    1    1    1    1    1  1.26885E+14 0.00021 
   54   54    1    1    1    1    1    1    1    1  8.77887E+13 0.00024 
   55   55    1    1    1    1    1    1    1    1  1.08045E+14 0.00021 
   56   56    1    1    1    1    1    1    1    1  7.40952E+13 0.00017 
   57   57    1    1    1    1    1    1    1    1  1.00459E+13 0.00033 
   58   58    1    1    1    1    1    1    1    1  1.47318E+14 0.00021 
   59   59    1    1    1    1    1    1    1    1  6.61537E+13 0.00024 
   60   60    1    1    1    1    1    1    1    1  7.00332E+13 0.00026 
   61   61    1    1    1    1    1    1    1    1  5.46738E+13 0.00019 
   62   62    1    1    1    1    1    1    1    1  5.47968E+13 0.00026 
   63   63    1    1    1    1    1    1    1    1  5.72067E+13 0.00030 
   64   64    1    1    1    1    1    1    1    1  4.80737E+13 0.00036 
   65   65    1    1    1    1    1    1    1    1  3.81821E+13 0.00047 
   66   66    1    1    1    1    1    1    1    1  3.77759E+13 0.00046 
   67   67    1    1    1    1    1    1    1    1  2.70462E+13 0.00033 
   68   68    1    1    1    1    1    1    1    1  2.19701E+13 0.00033 
   69   69    1    1    1    1    1    1    1    1  1.96793E+13 0.00039 
   70   70    1    1    1    1    1    1    1    1  2.35989E+13 0.00036 
   71   71    1    1    1    1    1    1    1    1  2.00010E+13 0.00058 
   72   72    1    1    1    1    1    1    1    1  3.60174E+13 0.00041 
   73   73    1    1    1    1    1    1    1    1  2.53649E+13 0.00048 
   74   74    1    1    1    1    1    1    1    1  1.90726E+13 0.00059 
   75   75    1    1    1    1    1    1    1    1  1.53450E+13 0.00044 
   76   76    1    1    1    1    1    1    1    1  1.27675E+13 0.00059 
   77   77    1    1    1    1    1    1    1    1  1.48332E+13 0.00044 
   78   78    1    1    1    1    1    1    1    1  1.17581E+13 0.00049 
   79   79    1    1    1    1    1    1    1    1  9.39476E+12 0.00055 
   80   80    1    1    1    1    1    1    1    1  9.68992E+12 0.00078 
   81   81    1    1    1    1    1    1    1    1  7.17253E+12 0.00087 
   82   82    1    1    1    1    1    1    1    1  5.51985E+12 0.00076 
   83   83    1    1    1    1    1    1    1    1  4.22934E+12 0.00084 
   84   84    1    1    1    1    1    1    1    1  3.94068E+12 0.00099 
   85   85    1    1    1    1    1    1    1    1  2.81832E+12 0.00117 
   86   86    1    1    1    1    1    1    1    1  2.03518E+12 0.00125 
   87   87    1    1    1    1    1    1    1    1  1.89984E+12 0.00127 
   88   88    1    1    1    1    1    1    1    1  1.16377E+12 0.00262 
   89   89    1    1    1    1    1    1    1    1  7.78298E+11 0.00257 
   90   90    1    1    1    1    1    1    1    1  4.46835E+11 0.00443 
   91   91    1    1    1    1    1    1    1    1  5.59488E+11 0.00272 
   92   92    1    1    1    1    1    1    1    1  0.00000E+00 0.00000 
   93   93    1    1    1    1    1    1    1    1  0.00000E+00 0.00000 
   94   94    1    1    1    1    1    1    1    1  0.00000E+00 0.00000 
   95   95    1    1    1    1    1    1    1    1  0.00000E+00 0.00000 
   96   96    1    1    1    1    1    1    1    1  0.00000E+00 0.00000 
   97   97    1    1    1    1    1    1    1    1  0.00000E+00 0.00000 
   98   98    1    1    1    1    1    1    1    1  0.00000E+00 0.00000 
   99   99    1    1    1    1    1    1    1    1  0.00000E+00 0.00000 
  100  100    1    1    1    1    1    1    1    1  0.00000E+00 0.00000 
];


