
DETdpaspec = [
    1    1    1    1    1    1    1    1    1    1  0.00000E+00 0.00000 
    2    2    1    1    1    1    1    1    1    1  0.00000E+00 0.00000 
    3    3    1    1    1    1    1    1    1    1  0.00000E+00 0.00000 
    4    4    1    1    1    1    1    1    1    1  0.00000E+00 0.00000 
    5    5    1    1    1    1    1    1    1    1  0.00000E+00 0.00000 
    6    6    1    1    1    1    1    1    1    1  0.00000E+00 0.00000 
    7    7    1    1    1    1    1    1    1    1  0.00000E+00 0.00000 
    8    8    1    1    1    1    1    1    1    1  0.00000E+00 0.00000 
    9    9    1    1    1    1    1    1    1    1  0.00000E+00 0.00000 
   10   10    1    1    1    1    1    1    1    1  0.00000E+00 0.00000 
   11   11    1    1    1    1    1    1    1    1  0.00000E+00 0.00000 
   12   12    1    1    1    1    1    1    1    1  0.00000E+00 0.00000 
   13   13    1    1    1    1    1    1    1    1  0.00000E+00 0.00000 
   14   14    1    1    1    1    1    1    1    1  0.00000E+00 0.00000 
   15   15    1    1    1    1    1    1    1    1  0.00000E+00 0.00000 
   16   16    1    1    1    1    1    1    1    1  0.00000E+00 0.00000 
   17   17    1    1    1    1    1    1    1    1  0.00000E+00 0.00000 
   18   18    1    1    1    1    1    1    1    1  0.00000E+00 0.00000 
   19   19    1    1    1    1    1    1    1    1  9.34521E+07 0.36545 
   20   20    1    1    1    1    1    1    1    1  1.74565E+07 0.34622 
   21   21    1    1    1    1    1    1    1    1  7.06598E+07 0.35242 
   22   22    1    1    1    1    1    1    1    1  5.25573E+07 0.16991 
   23   23    1    1    1    1    1    1    1    1  2.64328E+08 0.14802 
   24   24    1    1    1    1    1    1    1    1  4.78110E+08 0.08703 
   25   25    1    1    1    1    1    1    1    1  6.84990E+08 0.08555 
   26   26    1    1    1    1    1    1    1    1  9.98666E+08 0.06387 
   27   27    1    1    1    1    1    1    1    1  2.45483E+09 0.04742 
   28   28    1    1    1    1    1    1    1    1  6.05466E+09 0.03157 
   29   29    1    1    1    1    1    1    1    1  1.62372E+10 0.02486 
   30   30    1    1    1    1    1    1    1    1  3.31762E+10 0.01560 
   31   31    1    1    1    1    1    1    1    1  8.97628E+10 0.00974 
   32   32    1    1    1    1    1    1    1    1  2.75714E+11 0.00405 
   33   33    1    1    1    1    1    1    1    1  5.74944E+11 0.00314 
   34   34    1    1    1    1    1    1    1    1  1.56416E+12 0.00279 
   35   35    1    1    1    1    1    1    1    1  2.46191E+12 0.00159 
   36   36    1    1    1    1    1    1    1    1  2.98032E+12 0.00130 
   37   37    1    1    1    1    1    1    1    1  1.97805E+12 0.00104 
   38   38    1    1    1    1    1    1    1    1  5.98528E+11 0.00097 
   39   39    1    1    1    1    1    1    1    1  3.53804E+12 0.00108 
   40   40    1    1    1    1    1    1    1    1  4.92557E+12 0.00093 
   41   41    1    1    1    1    1    1    1    1  8.86346E+12 0.00060 
   42   42    1    1    1    1    1    1    1    1  8.94420E+12 0.00056 
   43   43    1    1    1    1    1    1    1    1  2.02611E+13 0.00055 
   44   44    1    1    1    1    1    1    1    1  2.55079E+13 0.00052 
   45   45    1    1    1    1    1    1    1    1  3.83963E+13 0.00046 
   46   46    1    1    1    1    1    1    1    1  8.00864E+13 0.00039 
   47   47    1    1    1    1    1    1    1    1  3.71938E+13 0.00034 
   48   48    1    1    1    1    1    1    1    1  6.02264E+13 0.00030 
   49   49    1    1    1    1    1    1    1    1  8.47508E+13 0.00028 
   50   50    1    1    1    1    1    1    1    1  8.45939E+13 0.00033 
   51   51    1    1    1    1    1    1    1    1  1.35026E+14 0.00021 
   52   52    1    1    1    1    1    1    1    1  1.05434E+14 0.00026 
   53   53    1    1    1    1    1    1    1    1  1.28851E+14 0.00021 
   54   54    1    1    1    1    1    1    1    1  8.84358E+13 0.00022 
   55   55    1    1    1    1    1    1    1    1  1.10201E+14 0.00020 
   56   56    1    1    1    1    1    1    1    1  7.51128E+13 0.00023 
   57   57    1    1    1    1    1    1    1    1  1.01306E+13 0.00058 
   58   58    1    1    1    1    1    1    1    1  1.48722E+14 0.00020 
   59   59    1    1    1    1    1    1    1    1  6.79287E+13 0.00031 
   60   60    1    1    1    1    1    1    1    1  7.12689E+13 0.00025 
   61   61    1    1    1    1    1    1    1    1  5.61564E+13 0.00018 
   62   62    1    1    1    1    1    1    1    1  5.59658E+13 0.00026 
   63   63    1    1    1    1    1    1    1    1  5.84586E+13 0.00022 
   64   64    1    1    1    1    1    1    1    1  4.91898E+13 0.00030 
   65   65    1    1    1    1    1    1    1    1  3.89017E+13 0.00024 
   66   66    1    1    1    1    1    1    1    1  3.84176E+13 0.00042 
   67   67    1    1    1    1    1    1    1    1  2.74228E+13 0.00041 
   68   68    1    1    1    1    1    1    1    1  2.21458E+13 0.00040 
   69   69    1    1    1    1    1    1    1    1  1.97730E+13 0.00048 
   70   70    1    1    1    1    1    1    1    1  2.36681E+13 0.00033 
   71   71    1    1    1    1    1    1    1    1  1.99739E+13 0.00061 
   72   72    1    1    1    1    1    1    1    1  3.54169E+13 0.00048 
   73   73    1    1    1    1    1    1    1    1  2.47106E+13 0.00041 
   74   74    1    1    1    1    1    1    1    1  1.85517E+13 0.00068 
   75   75    1    1    1    1    1    1    1    1  1.50127E+13 0.00054 
   76   76    1    1    1    1    1    1    1    1  1.25632E+13 0.00061 
   77   77    1    1    1    1    1    1    1    1  1.46496E+13 0.00066 
   78   78    1    1    1    1    1    1    1    1  1.16526E+13 0.00054 
   79   79    1    1    1    1    1    1    1    1  9.32785E+12 0.00087 
   80   80    1    1    1    1    1    1    1    1  9.59832E+12 0.00074 
   81   81    1    1    1    1    1    1    1    1  7.06917E+12 0.00079 
   82   82    1    1    1    1    1    1    1    1  5.40735E+12 0.00092 
   83   83    1    1    1    1    1    1    1    1  4.11677E+12 0.00143 
   84   84    1    1    1    1    1    1    1    1  3.81020E+12 0.00129 
   85   85    1    1    1    1    1    1    1    1  2.71439E+12 0.00144 
   86   86    1    1    1    1    1    1    1    1  1.93859E+12 0.00205 
   87   87    1    1    1    1    1    1    1    1  1.77791E+12 0.00179 
   88   88    1    1    1    1    1    1    1    1  1.06662E+12 0.00229 
   89   89    1    1    1    1    1    1    1    1  6.98820E+11 0.00352 
   90   90    1    1    1    1    1    1    1    1  3.90222E+11 0.00319 
   91   91    1    1    1    1    1    1    1    1  4.70416E+11 0.00357 
   92   92    1    1    1    1    1    1    1    1  0.00000E+00 0.00000 
   93   93    1    1    1    1    1    1    1    1  0.00000E+00 0.00000 
   94   94    1    1    1    1    1    1    1    1  0.00000E+00 0.00000 
   95   95    1    1    1    1    1    1    1    1  0.00000E+00 0.00000 
   96   96    1    1    1    1    1    1    1    1  0.00000E+00 0.00000 
   97   97    1    1    1    1    1    1    1    1  0.00000E+00 0.00000 
   98   98    1    1    1    1    1    1    1    1  0.00000E+00 0.00000 
   99   99    1    1    1    1    1    1    1    1  0.00000E+00 0.00000 
  100  100    1    1    1    1    1    1    1    1  0.00000E+00 0.00000 
];


