
DETdpaspec = [
    1    1    1    1    1    1    1    1    1    1  0.00000E+00 0.00000 
    2    2    1    1    1    1    1    1    1    1  0.00000E+00 0.00000 
    3    3    1    1    1    1    1    1    1    1  0.00000E+00 0.00000 
    4    4    1    1    1    1    1    1    1    1  0.00000E+00 0.00000 
    5    5    1    1    1    1    1    1    1    1  0.00000E+00 0.00000 
    6    6    1    1    1    1    1    1    1    1  0.00000E+00 0.00000 
    7    7    1    1    1    1    1    1    1    1  0.00000E+00 0.00000 
    8    8    1    1    1    1    1    1    1    1  0.00000E+00 0.00000 
    9    9    1    1    1    1    1    1    1    1  0.00000E+00 0.00000 
   10   10    1    1    1    1    1    1    1    1  0.00000E+00 0.00000 
   11   11    1    1    1    1    1    1    1    1  0.00000E+00 0.00000 
   12   12    1    1    1    1    1    1    1    1  0.00000E+00 0.00000 
   13   13    1    1    1    1    1    1    1    1  0.00000E+00 0.00000 
   14   14    1    1    1    1    1    1    1    1  0.00000E+00 0.00000 
   15   15    1    1    1    1    1    1    1    1  0.00000E+00 0.00000 
   16   16    1    1    1    1    1    1    1    1  0.00000E+00 0.00000 
   17   17    1    1    1    1    1    1    1    1  0.00000E+00 0.00000 
   18   18    1    1    1    1    1    1    1    1  0.00000E+00 0.00000 
   19   19    1    1    1    1    1    1    1    1  1.49476E+09 0.06195 
   20   20    1    1    1    1    1    1    1    1  2.46368E+08 0.11535 
   21   21    1    1    1    1    1    1    1    1  9.18913E+08 0.06698 
   22   22    1    1    1    1    1    1    1    1  6.76602E+08 0.05237 
   23   23    1    1    1    1    1    1    1    1  1.70633E+09 0.03633 
   24   24    1    1    1    1    1    1    1    1  2.40029E+09 0.04100 
   25   25    1    1    1    1    1    1    1    1  3.95568E+09 0.03105 
   26   26    1    1    1    1    1    1    1    1  5.02578E+09 0.02957 
   27   27    1    1    1    1    1    1    1    1  7.56411E+09 0.01742 
   28   28    1    1    1    1    1    1    1    1  1.40872E+10 0.01793 
   29   29    1    1    1    1    1    1    1    1  2.83385E+10 0.01199 
   30   30    1    1    1    1    1    1    1    1  4.22072E+10 0.01024 
   31   31    1    1    1    1    1    1    1    1  1.34296E+11 0.00533 
   32   32    1    1    1    1    1    1    1    1  4.35722E+11 0.00335 
   33   33    1    1    1    1    1    1    1    1  8.47501E+11 0.00319 
   34   34    1    1    1    1    1    1    1    1  1.98902E+12 0.00168 
   35   35    1    1    1    1    1    1    1    1  2.73978E+12 0.00109 
   36   36    1    1    1    1    1    1    1    1  3.81079E+12 0.00103 
   37   37    1    1    1    1    1    1    1    1  2.64489E+12 0.00118 
   38   38    1    1    1    1    1    1    1    1  8.26942E+11 0.00094 
   39   39    1    1    1    1    1    1    1    1  4.60917E+12 0.00092 
   40   40    1    1    1    1    1    1    1    1  6.23900E+12 0.00055 
   41   41    1    1    1    1    1    1    1    1  1.06917E+13 0.00051 
   42   42    1    1    1    1    1    1    1    1  1.10005E+13 0.00043 
   43   43    1    1    1    1    1    1    1    1  2.33872E+13 0.00030 
   44   44    1    1    1    1    1    1    1    1  2.84776E+13 0.00036 
   45   45    1    1    1    1    1    1    1    1  4.14177E+13 0.00031 
   46   46    1    1    1    1    1    1    1    1  8.18194E+13 0.00025 
   47   47    1    1    1    1    1    1    1    1  3.84889E+13 0.00028 
   48   48    1    1    1    1    1    1    1    1  6.25881E+13 0.00029 
   49   49    1    1    1    1    1    1    1    1  8.71840E+13 0.00020 
   50   50    1    1    1    1    1    1    1    1  8.68428E+13 0.00031 
   51   51    1    1    1    1    1    1    1    1  1.33940E+14 0.00020 
   52   52    1    1    1    1    1    1    1    1  1.07826E+14 0.00022 
   53   53    1    1    1    1    1    1    1    1  1.26788E+14 0.00017 
   54   54    1    1    1    1    1    1    1    1  8.83813E+13 0.00022 
   55   55    1    1    1    1    1    1    1    1  1.06684E+14 0.00021 
   56   56    1    1    1    1    1    1    1    1  7.36883E+13 0.00022 
   57   57    1    1    1    1    1    1    1    1  1.00565E+13 0.00044 
   58   58    1    1    1    1    1    1    1    1  1.46790E+14 0.00023 
   59   59    1    1    1    1    1    1    1    1  6.43919E+13 0.00030 
   60   60    1    1    1    1    1    1    1    1  6.87787E+13 0.00024 
   61   61    1    1    1    1    1    1    1    1  5.29113E+13 0.00027 
   62   62    1    1    1    1    1    1    1    1  5.33338E+13 0.00025 
   63   63    1    1    1    1    1    1    1    1  5.54919E+13 0.00028 
   64   64    1    1    1    1    1    1    1    1  4.65388E+13 0.00025 
   65   65    1    1    1    1    1    1    1    1  3.70846E+13 0.00031 
   66   66    1    1    1    1    1    1    1    1  3.67628E+13 0.00034 
   67   67    1    1    1    1    1    1    1    1  2.64402E+13 0.00030 
   68   68    1    1    1    1    1    1    1    1  2.16094E+13 0.00030 
   69   69    1    1    1    1    1    1    1    1  1.94261E+13 0.00056 
   70   70    1    1    1    1    1    1    1    1  2.33327E+13 0.00037 
   71   71    1    1    1    1    1    1    1    1  1.98714E+13 0.00051 
   72   72    1    1    1    1    1    1    1    1  3.65123E+13 0.00036 
   73   73    1    1    1    1    1    1    1    1  2.58793E+13 0.00044 
   74   74    1    1    1    1    1    1    1    1  1.94271E+13 0.00050 
   75   75    1    1    1    1    1    1    1    1  1.54629E+13 0.00040 
   76   76    1    1    1    1    1    1    1    1  1.27224E+13 0.00070 
   77   77    1    1    1    1    1    1    1    1  1.45930E+13 0.00077 
   78   78    1    1    1    1    1    1    1    1  1.14360E+13 0.00073 
   79   79    1    1    1    1    1    1    1    1  9.03827E+12 0.00057 
   80   80    1    1    1    1    1    1    1    1  9.27957E+12 0.00055 
   81   81    1    1    1    1    1    1    1    1  6.83668E+12 0.00075 
   82   82    1    1    1    1    1    1    1    1  5.24271E+12 0.00085 
   83   83    1    1    1    1    1    1    1    1  4.02961E+12 0.00125 
   84   84    1    1    1    1    1    1    1    1  3.75951E+12 0.00113 
   85   85    1    1    1    1    1    1    1    1  2.70922E+12 0.00173 
   86   86    1    1    1    1    1    1    1    1  1.95046E+12 0.00089 
   87   87    1    1    1    1    1    1    1    1  1.82542E+12 0.00150 
   88   88    1    1    1    1    1    1    1    1  1.11964E+12 0.00197 
   89   89    1    1    1    1    1    1    1    1  7.61484E+11 0.00214 
   90   90    1    1    1    1    1    1    1    1  4.41020E+11 0.00330 
   91   91    1    1    1    1    1    1    1    1  5.62336E+11 0.00349 
   92   92    1    1    1    1    1    1    1    1  0.00000E+00 0.00000 
   93   93    1    1    1    1    1    1    1    1  0.00000E+00 0.00000 
   94   94    1    1    1    1    1    1    1    1  0.00000E+00 0.00000 
   95   95    1    1    1    1    1    1    1    1  0.00000E+00 0.00000 
   96   96    1    1    1    1    1    1    1    1  0.00000E+00 0.00000 
   97   97    1    1    1    1    1    1    1    1  0.00000E+00 0.00000 
   98   98    1    1    1    1    1    1    1    1  0.00000E+00 0.00000 
   99   99    1    1    1    1    1    1    1    1  0.00000E+00 0.00000 
  100  100    1    1    1    1    1    1    1    1  0.00000E+00 0.00000 
];


