
DETdpaspec = [
    1    1    1    1    1    1    1    1    1    1  0.00000E+00 0.00000 
    2    2    1    1    1    1    1    1    1    1  0.00000E+00 0.00000 
    3    3    1    1    1    1    1    1    1    1  0.00000E+00 0.00000 
    4    4    1    1    1    1    1    1    1    1  0.00000E+00 0.00000 
    5    5    1    1    1    1    1    1    1    1  0.00000E+00 0.00000 
    6    6    1    1    1    1    1    1    1    1  0.00000E+00 0.00000 
    7    7    1    1    1    1    1    1    1    1  0.00000E+00 0.00000 
    8    8    1    1    1    1    1    1    1    1  0.00000E+00 0.00000 
    9    9    1    1    1    1    1    1    1    1  0.00000E+00 0.00000 
   10   10    1    1    1    1    1    1    1    1  0.00000E+00 0.00000 
   11   11    1    1    1    1    1    1    1    1  0.00000E+00 0.00000 
   12   12    1    1    1    1    1    1    1    1  0.00000E+00 0.00000 
   13   13    1    1    1    1    1    1    1    1  0.00000E+00 0.00000 
   14   14    1    1    1    1    1    1    1    1  0.00000E+00 0.00000 
   15   15    1    1    1    1    1    1    1    1  0.00000E+00 0.00000 
   16   16    1    1    1    1    1    1    1    1  0.00000E+00 0.00000 
   17   17    1    1    1    1    1    1    1    1  0.00000E+00 0.00000 
   18   18    1    1    1    1    1    1    1    1  0.00000E+00 0.00000 
   19   19    1    1    1    1    1    1    1    1  1.16556E+09 0.08254 
   20   20    1    1    1    1    1    1    1    1  1.58125E+08 0.08912 
   21   21    1    1    1    1    1    1    1    1  5.53693E+08 0.09275 
   22   22    1    1    1    1    1    1    1    1  4.14322E+08 0.06726 
   23   23    1    1    1    1    1    1    1    1  1.10954E+09 0.04888 
   24   24    1    1    1    1    1    1    1    1  1.63878E+09 0.04302 
   25   25    1    1    1    1    1    1    1    1  2.52717E+09 0.03294 
   26   26    1    1    1    1    1    1    1    1  3.45130E+09 0.02970 
   27   27    1    1    1    1    1    1    1    1  5.33522E+09 0.02227 
   28   28    1    1    1    1    1    1    1    1  1.03366E+10 0.02414 
   29   29    1    1    1    1    1    1    1    1  2.35835E+10 0.01431 
   30   30    1    1    1    1    1    1    1    1  3.98797E+10 0.01117 
   31   31    1    1    1    1    1    1    1    1  1.20465E+11 0.00734 
   32   32    1    1    1    1    1    1    1    1  3.92799E+11 0.00430 
   33   33    1    1    1    1    1    1    1    1  7.83033E+11 0.00294 
   34   34    1    1    1    1    1    1    1    1  1.91930E+12 0.00252 
   35   35    1    1    1    1    1    1    1    1  2.73252E+12 0.00146 
   36   36    1    1    1    1    1    1    1    1  3.60243E+12 0.00139 
   37   37    1    1    1    1    1    1    1    1  2.45040E+12 0.00091 
   38   38    1    1    1    1    1    1    1    1  7.52905E+11 0.00126 
   39   39    1    1    1    1    1    1    1    1  4.29252E+12 0.00088 
   40   40    1    1    1    1    1    1    1    1  5.85264E+12 0.00096 
   41   41    1    1    1    1    1    1    1    1  1.01908E+13 0.00075 
   42   42    1    1    1    1    1    1    1    1  1.03420E+13 0.00069 
   43   43    1    1    1    1    1    1    1    1  2.24610E+13 0.00065 
   44   44    1    1    1    1    1    1    1    1  2.75877E+13 0.00066 
   45   45    1    1    1    1    1    1    1    1  4.04846E+13 0.00048 
   46   46    1    1    1    1    1    1    1    1  8.14071E+13 0.00031 
   47   47    1    1    1    1    1    1    1    1  3.79937E+13 0.00029 
   48   48    1    1    1    1    1    1    1    1  6.15946E+13 0.00026 
   49   49    1    1    1    1    1    1    1    1  8.60710E+13 0.00017 
   50   50    1    1    1    1    1    1    1    1  8.55699E+13 0.00019 
   51   51    1    1    1    1    1    1    1    1  1.33510E+14 0.00018 
   52   52    1    1    1    1    1    1    1    1  1.06224E+14 0.00025 
   53   53    1    1    1    1    1    1    1    1  1.26701E+14 0.00013 
   54   54    1    1    1    1    1    1    1    1  8.78356E+13 0.00019 
   55   55    1    1    1    1    1    1    1    1  1.07516E+14 0.00020 
   56   56    1    1    1    1    1    1    1    1  7.39014E+13 0.00017 
   57   57    1    1    1    1    1    1    1    1  1.00441E+13 0.00040 
   58   58    1    1    1    1    1    1    1    1  1.47049E+14 0.00017 
   59   59    1    1    1    1    1    1    1    1  6.55637E+13 0.00026 
   60   60    1    1    1    1    1    1    1    1  6.96372E+13 0.00026 
   61   61    1    1    1    1    1    1    1    1  5.41246E+13 0.00022 
   62   62    1    1    1    1    1    1    1    1  5.43467E+13 0.00027 
   63   63    1    1    1    1    1    1    1    1  5.66834E+13 0.00035 
   64   64    1    1    1    1    1    1    1    1  4.76554E+13 0.00037 
   65   65    1    1    1    1    1    1    1    1  3.78526E+13 0.00030 
   66   66    1    1    1    1    1    1    1    1  3.75303E+13 0.00033 
   67   67    1    1    1    1    1    1    1    1  2.68902E+13 0.00040 
   68   68    1    1    1    1    1    1    1    1  2.18968E+13 0.00055 
   69   69    1    1    1    1    1    1    1    1  1.96458E+13 0.00046 
   70   70    1    1    1    1    1    1    1    1  2.35557E+13 0.00053 
   71   71    1    1    1    1    1    1    1    1  2.00050E+13 0.00057 
   72   72    1    1    1    1    1    1    1    1  3.62401E+13 0.00052 
   73   73    1    1    1    1    1    1    1    1  2.55799E+13 0.00052 
   74   74    1    1    1    1    1    1    1    1  1.92283E+13 0.00041 
   75   75    1    1    1    1    1    1    1    1  1.54359E+13 0.00059 
   76   76    1    1    1    1    1    1    1    1  1.27990E+13 0.00072 
   77   77    1    1    1    1    1    1    1    1  1.48224E+13 0.00070 
   78   78    1    1    1    1    1    1    1    1  1.17053E+13 0.00073 
   79   79    1    1    1    1    1    1    1    1  9.32836E+12 0.00064 
   80   80    1    1    1    1    1    1    1    1  9.61184E+12 0.00072 
   81   81    1    1    1    1    1    1    1    1  7.10678E+12 0.00070 
   82   82    1    1    1    1    1    1    1    1  5.46263E+12 0.00105 
   83   83    1    1    1    1    1    1    1    1  4.19665E+12 0.00087 
   84   84    1    1    1    1    1    1    1    1  3.92087E+12 0.00082 
   85   85    1    1    1    1    1    1    1    1  2.81462E+12 0.00143 
   86   86    1    1    1    1    1    1    1    1  2.02700E+12 0.00104 
   87   87    1    1    1    1    1    1    1    1  1.89314E+12 0.00137 
   88   88    1    1    1    1    1    1    1    1  1.16399E+12 0.00248 
   89   89    1    1    1    1    1    1    1    1  7.79941E+11 0.00300 
   90   90    1    1    1    1    1    1    1    1  4.51136E+11 0.00301 
   91   91    1    1    1    1    1    1    1    1  5.71983E+11 0.00317 
   92   92    1    1    1    1    1    1    1    1  0.00000E+00 0.00000 
   93   93    1    1    1    1    1    1    1    1  0.00000E+00 0.00000 
   94   94    1    1    1    1    1    1    1    1  0.00000E+00 0.00000 
   95   95    1    1    1    1    1    1    1    1  0.00000E+00 0.00000 
   96   96    1    1    1    1    1    1    1    1  0.00000E+00 0.00000 
   97   97    1    1    1    1    1    1    1    1  0.00000E+00 0.00000 
   98   98    1    1    1    1    1    1    1    1  0.00000E+00 0.00000 
   99   99    1    1    1    1    1    1    1    1  0.00000E+00 0.00000 
  100  100    1    1    1    1    1    1    1    1  0.00000E+00 0.00000 
];


