
DETdpaspec = [
    1    1    1    1    1    1    1    1    1    1  0.00000E+00 0.00000 
    2    2    1    1    1    1    1    1    1    1  0.00000E+00 0.00000 
    3    3    1    1    1    1    1    1    1    1  0.00000E+00 0.00000 
    4    4    1    1    1    1    1    1    1    1  0.00000E+00 0.00000 
    5    5    1    1    1    1    1    1    1    1  0.00000E+00 0.00000 
    6    6    1    1    1    1    1    1    1    1  0.00000E+00 0.00000 
    7    7    1    1    1    1    1    1    1    1  0.00000E+00 0.00000 
    8    8    1    1    1    1    1    1    1    1  0.00000E+00 0.00000 
    9    9    1    1    1    1    1    1    1    1  0.00000E+00 0.00000 
   10   10    1    1    1    1    1    1    1    1  0.00000E+00 0.00000 
   11   11    1    1    1    1    1    1    1    1  0.00000E+00 0.00000 
   12   12    1    1    1    1    1    1    1    1  0.00000E+00 0.00000 
   13   13    1    1    1    1    1    1    1    1  0.00000E+00 0.00000 
   14   14    1    1    1    1    1    1    1    1  0.00000E+00 0.00000 
   15   15    1    1    1    1    1    1    1    1  0.00000E+00 0.00000 
   16   16    1    1    1    1    1    1    1    1  0.00000E+00 0.00000 
   17   17    1    1    1    1    1    1    1    1  0.00000E+00 0.00000 
   18   18    1    1    1    1    1    1    1    1  0.00000E+00 0.00000 
   19   19    1    1    1    1    1    1    1    1  1.66587E+09 0.05681 
   20   20    1    1    1    1    1    1    1    1  2.65080E+08 0.09154 
   21   21    1    1    1    1    1    1    1    1  8.60553E+08 0.06894 
   22   22    1    1    1    1    1    1    1    1  6.84297E+08 0.06488 
   23   23    1    1    1    1    1    1    1    1  1.49962E+09 0.05750 
   24   24    1    1    1    1    1    1    1    1  2.16116E+09 0.03366 
   25   25    1    1    1    1    1    1    1    1  3.67285E+09 0.03861 
   26   26    1    1    1    1    1    1    1    1  4.79465E+09 0.03058 
   27   27    1    1    1    1    1    1    1    1  7.35237E+09 0.01984 
   28   28    1    1    1    1    1    1    1    1  1.29348E+10 0.01721 
   29   29    1    1    1    1    1    1    1    1  2.74447E+10 0.01296 
   30   30    1    1    1    1    1    1    1    1  4.18715E+10 0.01129 
   31   31    1    1    1    1    1    1    1    1  1.30688E+11 0.00635 
   32   32    1    1    1    1    1    1    1    1  4.23771E+11 0.00383 
   33   33    1    1    1    1    1    1    1    1  8.31611E+11 0.00273 
   34   34    1    1    1    1    1    1    1    1  1.96972E+12 0.00177 
   35   35    1    1    1    1    1    1    1    1  2.73100E+12 0.00125 
   36   36    1    1    1    1    1    1    1    1  3.76337E+12 0.00119 
   37   37    1    1    1    1    1    1    1    1  2.60531E+12 0.00098 
   38   38    1    1    1    1    1    1    1    1  8.12247E+11 0.00110 
   39   39    1    1    1    1    1    1    1    1  4.54214E+12 0.00080 
   40   40    1    1    1    1    1    1    1    1  6.15896E+12 0.00077 
   41   41    1    1    1    1    1    1    1    1  1.05787E+13 0.00066 
   42   42    1    1    1    1    1    1    1    1  1.08627E+13 0.00079 
   43   43    1    1    1    1    1    1    1    1  2.31887E+13 0.00058 
   44   44    1    1    1    1    1    1    1    1  2.82844E+13 0.00048 
   45   45    1    1    1    1    1    1    1    1  4.12178E+13 0.00038 
   46   46    1    1    1    1    1    1    1    1  8.16917E+13 0.00032 
   47   47    1    1    1    1    1    1    1    1  3.83819E+13 0.00028 
   48   48    1    1    1    1    1    1    1    1  6.23727E+13 0.00031 
   49   49    1    1    1    1    1    1    1    1  8.69499E+13 0.00013 
   50   50    1    1    1    1    1    1    1    1  8.65927E+13 0.00023 
   51   51    1    1    1    1    1    1    1    1  1.33832E+14 0.00019 
   52   52    1    1    1    1    1    1    1    1  1.07519E+14 0.00018 
   53   53    1    1    1    1    1    1    1    1  1.26726E+14 0.00018 
   54   54    1    1    1    1    1    1    1    1  8.82998E+13 0.00019 
   55   55    1    1    1    1    1    1    1    1  1.06864E+14 0.00026 
   56   56    1    1    1    1    1    1    1    1  7.37443E+13 0.00018 
   57   57    1    1    1    1    1    1    1    1  1.00599E+13 0.00035 
   58   58    1    1    1    1    1    1    1    1  1.46867E+14 0.00019 
   59   59    1    1    1    1    1    1    1    1  6.45928E+13 0.00033 
   60   60    1    1    1    1    1    1    1    1  6.89573E+13 0.00025 
   61   61    1    1    1    1    1    1    1    1  5.31402E+13 0.00026 
   62   62    1    1    1    1    1    1    1    1  5.35277E+13 0.00027 
   63   63    1    1    1    1    1    1    1    1  5.57292E+13 0.00029 
   64   64    1    1    1    1    1    1    1    1  4.67841E+13 0.00033 
   65   65    1    1    1    1    1    1    1    1  3.72517E+13 0.00032 
   66   66    1    1    1    1    1    1    1    1  3.69008E+13 0.00035 
   67   67    1    1    1    1    1    1    1    1  2.65219E+13 0.00039 
   68   68    1    1    1    1    1    1    1    1  2.16991E+13 0.00050 
   69   69    1    1    1    1    1    1    1    1  1.94889E+13 0.00056 
   70   70    1    1    1    1    1    1    1    1  2.33817E+13 0.00055 
   71   71    1    1    1    1    1    1    1    1  1.99056E+13 0.00059 
   72   72    1    1    1    1    1    1    1    1  3.64749E+13 0.00058 
   73   73    1    1    1    1    1    1    1    1  2.58409E+13 0.00041 
   74   74    1    1    1    1    1    1    1    1  1.94148E+13 0.00052 
   75   75    1    1    1    1    1    1    1    1  1.54669E+13 0.00049 
   76   76    1    1    1    1    1    1    1    1  1.27357E+13 0.00084 
   77   77    1    1    1    1    1    1    1    1  1.46483E+13 0.00068 
   78   78    1    1    1    1    1    1    1    1  1.14852E+13 0.00065 
   79   79    1    1    1    1    1    1    1    1  9.10861E+12 0.00081 
   80   80    1    1    1    1    1    1    1    1  9.34047E+12 0.00068 
   81   81    1    1    1    1    1    1    1    1  6.90051E+12 0.00082 
   82   82    1    1    1    1    1    1    1    1  5.29509E+12 0.00093 
   83   83    1    1    1    1    1    1    1    1  4.06826E+12 0.00087 
   84   84    1    1    1    1    1    1    1    1  3.79500E+12 0.00104 
   85   85    1    1    1    1    1    1    1    1  2.72621E+12 0.00101 
   86   86    1    1    1    1    1    1    1    1  1.96496E+12 0.00173 
   87   87    1    1    1    1    1    1    1    1  1.84056E+12 0.00260 
   88   88    1    1    1    1    1    1    1    1  1.13198E+12 0.00164 
   89   89    1    1    1    1    1    1    1    1  7.63752E+11 0.00243 
   90   90    1    1    1    1    1    1    1    1  4.41645E+11 0.00212 
   91   91    1    1    1    1    1    1    1    1  5.66584E+11 0.00309 
   92   92    1    1    1    1    1    1    1    1  0.00000E+00 0.00000 
   93   93    1    1    1    1    1    1    1    1  0.00000E+00 0.00000 
   94   94    1    1    1    1    1    1    1    1  0.00000E+00 0.00000 
   95   95    1    1    1    1    1    1    1    1  0.00000E+00 0.00000 
   96   96    1    1    1    1    1    1    1    1  0.00000E+00 0.00000 
   97   97    1    1    1    1    1    1    1    1  0.00000E+00 0.00000 
   98   98    1    1    1    1    1    1    1    1  0.00000E+00 0.00000 
   99   99    1    1    1    1    1    1    1    1  0.00000E+00 0.00000 
  100  100    1    1    1    1    1    1    1    1  0.00000E+00 0.00000 
];


