
DETdpaspec = [
    1    1    1    1    1    1    1    1    1    1  0.00000E+00 0.00000 
    2    2    1    1    1    1    1    1    1    1  0.00000E+00 0.00000 
    3    3    1    1    1    1    1    1    1    1  0.00000E+00 0.00000 
    4    4    1    1    1    1    1    1    1    1  0.00000E+00 0.00000 
    5    5    1    1    1    1    1    1    1    1  0.00000E+00 0.00000 
    6    6    1    1    1    1    1    1    1    1  0.00000E+00 0.00000 
    7    7    1    1    1    1    1    1    1    1  0.00000E+00 0.00000 
    8    8    1    1    1    1    1    1    1    1  0.00000E+00 0.00000 
    9    9    1    1    1    1    1    1    1    1  0.00000E+00 0.00000 
   10   10    1    1    1    1    1    1    1    1  0.00000E+00 0.00000 
   11   11    1    1    1    1    1    1    1    1  0.00000E+00 0.00000 
   12   12    1    1    1    1    1    1    1    1  0.00000E+00 0.00000 
   13   13    1    1    1    1    1    1    1    1  0.00000E+00 0.00000 
   14   14    1    1    1    1    1    1    1    1  0.00000E+00 0.00000 
   15   15    1    1    1    1    1    1    1    1  0.00000E+00 0.00000 
   16   16    1    1    1    1    1    1    1    1  0.00000E+00 0.00000 
   17   17    1    1    1    1    1    1    1    1  0.00000E+00 0.00000 
   18   18    1    1    1    1    1    1    1    1  0.00000E+00 0.00000 
   19   19    1    1    1    1    1    1    1    1  1.66574E+09 0.05124 
   20   20    1    1    1    1    1    1    1    1  2.91313E+08 0.08238 
   21   21    1    1    1    1    1    1    1    1  8.47816E+08 0.04774 
   22   22    1    1    1    1    1    1    1    1  6.44557E+08 0.06270 
   23   23    1    1    1    1    1    1    1    1  1.77810E+09 0.04911 
   24   24    1    1    1    1    1    1    1    1  2.75541E+09 0.03289 
   25   25    1    1    1    1    1    1    1    1  4.13739E+09 0.02531 
   26   26    1    1    1    1    1    1    1    1  5.45652E+09 0.02404 
   27   27    1    1    1    1    1    1    1    1  8.04340E+09 0.02268 
   28   28    1    1    1    1    1    1    1    1  1.49014E+10 0.01848 
   29   29    1    1    1    1    1    1    1    1  2.91919E+10 0.01029 
   30   30    1    1    1    1    1    1    1    1  4.33719E+10 0.00724 
   31   31    1    1    1    1    1    1    1    1  1.37804E+11 0.00453 
   32   32    1    1    1    1    1    1    1    1  4.44888E+11 0.00316 
   33   33    1    1    1    1    1    1    1    1  8.61889E+11 0.00286 
   34   34    1    1    1    1    1    1    1    1  2.00672E+12 0.00170 
   35   35    1    1    1    1    1    1    1    1  2.75441E+12 0.00152 
   36   36    1    1    1    1    1    1    1    1  3.86112E+12 0.00118 
   37   37    1    1    1    1    1    1    1    1  2.68787E+12 0.00087 
   38   38    1    1    1    1    1    1    1    1  8.43461E+11 0.00070 
   39   39    1    1    1    1    1    1    1    1  4.68093E+12 0.00065 
   40   40    1    1    1    1    1    1    1    1  6.32259E+12 0.00072 
   41   41    1    1    1    1    1    1    1    1  1.07996E+13 0.00076 
   42   42    1    1    1    1    1    1    1    1  1.11337E+13 0.00063 
   43   43    1    1    1    1    1    1    1    1  2.35661E+13 0.00055 
   44   44    1    1    1    1    1    1    1    1  2.86686E+13 0.00044 
   45   45    1    1    1    1    1    1    1    1  4.16190E+13 0.00039 
   46   46    1    1    1    1    1    1    1    1  8.19503E+13 0.00028 
   47   47    1    1    1    1    1    1    1    1  3.85964E+13 0.00036 
   48   48    1    1    1    1    1    1    1    1  6.27964E+13 0.00027 
   49   49    1    1    1    1    1    1    1    1  8.74521E+13 0.00017 
   50   50    1    1    1    1    1    1    1    1  8.71310E+13 0.00017 
   51   51    1    1    1    1    1    1    1    1  1.34129E+14 0.00019 
   52   52    1    1    1    1    1    1    1    1  1.08194E+14 0.00023 
   53   53    1    1    1    1    1    1    1    1  1.26859E+14 0.00016 
   54   54    1    1    1    1    1    1    1    1  8.85138E+13 0.00022 
   55   55    1    1    1    1    1    1    1    1  1.06618E+14 0.00016 
   56   56    1    1    1    1    1    1    1    1  7.36534E+13 0.00018 
   57   57    1    1    1    1    1    1    1    1  1.00805E+13 0.00048 
   58   58    1    1    1    1    1    1    1    1  1.46793E+14 0.00016 
   59   59    1    1    1    1    1    1    1    1  6.41633E+13 0.00022 
   60   60    1    1    1    1    1    1    1    1  6.86368E+13 0.00027 
   61   61    1    1    1    1    1    1    1    1  5.26696E+13 0.00027 
   62   62    1    1    1    1    1    1    1    1  5.31142E+13 0.00026 
   63   63    1    1    1    1    1    1    1    1  5.52598E+13 0.00026 
   64   64    1    1    1    1    1    1    1    1  4.63189E+13 0.00027 
   65   65    1    1    1    1    1    1    1    1  3.69020E+13 0.00027 
   66   66    1    1    1    1    1    1    1    1  3.65697E+13 0.00040 
   67   67    1    1    1    1    1    1    1    1  2.62908E+13 0.00046 
   68   68    1    1    1    1    1    1    1    1  2.15270E+13 0.00047 
   69   69    1    1    1    1    1    1    1    1  1.93703E+13 0.00051 
   70   70    1    1    1    1    1    1    1    1  2.32416E+13 0.00044 
   71   71    1    1    1    1    1    1    1    1  1.98145E+13 0.00063 
   72   72    1    1    1    1    1    1    1    1  3.64926E+13 0.00050 
   73   73    1    1    1    1    1    1    1    1  2.58928E+13 0.00043 
   74   74    1    1    1    1    1    1    1    1  1.94349E+13 0.00061 
   75   75    1    1    1    1    1    1    1    1  1.54601E+13 0.00049 
   76   76    1    1    1    1    1    1    1    1  1.26572E+13 0.00074 
   77   77    1    1    1    1    1    1    1    1  1.45305E+13 0.00053 
   78   78    1    1    1    1    1    1    1    1  1.13393E+13 0.00054 
   79   79    1    1    1    1    1    1    1    1  8.95937E+12 0.00045 
   80   80    1    1    1    1    1    1    1    1  9.18620E+12 0.00074 
   81   81    1    1    1    1    1    1    1    1  6.76607E+12 0.00089 
   82   82    1    1    1    1    1    1    1    1  5.19435E+12 0.00097 
   83   83    1    1    1    1    1    1    1    1  3.97582E+12 0.00106 
   84   84    1    1    1    1    1    1    1    1  3.71519E+12 0.00128 
   85   85    1    1    1    1    1    1    1    1  2.67299E+12 0.00134 
   86   86    1    1    1    1    1    1    1    1  1.92537E+12 0.00141 
   87   87    1    1    1    1    1    1    1    1  1.80030E+12 0.00118 
   88   88    1    1    1    1    1    1    1    1  1.11307E+12 0.00189 
   89   89    1    1    1    1    1    1    1    1  7.50268E+11 0.00296 
   90   90    1    1    1    1    1    1    1    1  4.35447E+11 0.00422 
   91   91    1    1    1    1    1    1    1    1  5.50709E+11 0.00324 
   92   92    1    1    1    1    1    1    1    1  0.00000E+00 0.00000 
   93   93    1    1    1    1    1    1    1    1  0.00000E+00 0.00000 
   94   94    1    1    1    1    1    1    1    1  0.00000E+00 0.00000 
   95   95    1    1    1    1    1    1    1    1  0.00000E+00 0.00000 
   96   96    1    1    1    1    1    1    1    1  0.00000E+00 0.00000 
   97   97    1    1    1    1    1    1    1    1  0.00000E+00 0.00000 
   98   98    1    1    1    1    1    1    1    1  0.00000E+00 0.00000 
   99   99    1    1    1    1    1    1    1    1  0.00000E+00 0.00000 
  100  100    1    1    1    1    1    1    1    1  0.00000E+00 0.00000 
];


