
DETdpaspec = [
    1    1    1    1    1    1    1    1    1    1  0.00000E+00 0.00000 
    2    2    1    1    1    1    1    1    1    1  0.00000E+00 0.00000 
    3    3    1    1    1    1    1    1    1    1  0.00000E+00 0.00000 
    4    4    1    1    1    1    1    1    1    1  0.00000E+00 0.00000 
    5    5    1    1    1    1    1    1    1    1  0.00000E+00 0.00000 
    6    6    1    1    1    1    1    1    1    1  0.00000E+00 0.00000 
    7    7    1    1    1    1    1    1    1    1  0.00000E+00 0.00000 
    8    8    1    1    1    1    1    1    1    1  0.00000E+00 0.00000 
    9    9    1    1    1    1    1    1    1    1  0.00000E+00 0.00000 
   10   10    1    1    1    1    1    1    1    1  0.00000E+00 0.00000 
   11   11    1    1    1    1    1    1    1    1  0.00000E+00 0.00000 
   12   12    1    1    1    1    1    1    1    1  0.00000E+00 0.00000 
   13   13    1    1    1    1    1    1    1    1  0.00000E+00 0.00000 
   14   14    1    1    1    1    1    1    1    1  0.00000E+00 0.00000 
   15   15    1    1    1    1    1    1    1    1  0.00000E+00 0.00000 
   16   16    1    1    1    1    1    1    1    1  0.00000E+00 0.00000 
   17   17    1    1    1    1    1    1    1    1  0.00000E+00 0.00000 
   18   18    1    1    1    1    1    1    1    1  0.00000E+00 0.00000 
   19   19    1    1    1    1    1    1    1    1  1.53223E+09 0.07067 
   20   20    1    1    1    1    1    1    1    1  2.47020E+08 0.10082 
   21   21    1    1    1    1    1    1    1    1  9.26525E+08 0.07880 
   22   22    1    1    1    1    1    1    1    1  7.37480E+08 0.06262 
   23   23    1    1    1    1    1    1    1    1  1.60549E+09 0.04107 
   24   24    1    1    1    1    1    1    1    1  2.47400E+09 0.03440 
   25   25    1    1    1    1    1    1    1    1  3.71250E+09 0.03148 
   26   26    1    1    1    1    1    1    1    1  4.70167E+09 0.02167 
   27   27    1    1    1    1    1    1    1    1  7.23113E+09 0.02305 
   28   28    1    1    1    1    1    1    1    1  1.34517E+10 0.01832 
   29   29    1    1    1    1    1    1    1    1  2.77278E+10 0.01031 
   30   30    1    1    1    1    1    1    1    1  4.16693E+10 0.01088 
   31   31    1    1    1    1    1    1    1    1  1.31798E+11 0.00639 
   32   32    1    1    1    1    1    1    1    1  4.27406E+11 0.00256 
   33   33    1    1    1    1    1    1    1    1  8.42731E+11 0.00224 
   34   34    1    1    1    1    1    1    1    1  1.97862E+12 0.00157 
   35   35    1    1    1    1    1    1    1    1  2.73104E+12 0.00137 
   36   36    1    1    1    1    1    1    1    1  3.79798E+12 0.00113 
   37   37    1    1    1    1    1    1    1    1  2.63600E+12 0.00117 
   38   38    1    1    1    1    1    1    1    1  8.24657E+11 0.00116 
   39   39    1    1    1    1    1    1    1    1  4.59745E+12 0.00077 
   40   40    1    1    1    1    1    1    1    1  6.22326E+12 0.00055 
   41   41    1    1    1    1    1    1    1    1  1.06708E+13 0.00069 
   42   42    1    1    1    1    1    1    1    1  1.09792E+13 0.00063 
   43   43    1    1    1    1    1    1    1    1  2.33421E+13 0.00064 
   44   44    1    1    1    1    1    1    1    1  2.84218E+13 0.00052 
   45   45    1    1    1    1    1    1    1    1  4.13594E+13 0.00037 
   46   46    1    1    1    1    1    1    1    1  8.17579E+13 0.00027 
   47   47    1    1    1    1    1    1    1    1  3.84679E+13 0.00024 
   48   48    1    1    1    1    1    1    1    1  6.25553E+13 0.00022 
   49   49    1    1    1    1    1    1    1    1  8.71714E+13 0.00019 
   50   50    1    1    1    1    1    1    1    1  8.68576E+13 0.00022 
   51   51    1    1    1    1    1    1    1    1  1.33982E+14 0.00024 
   52   52    1    1    1    1    1    1    1    1  1.07824E+14 0.00019 
   53   53    1    1    1    1    1    1    1    1  1.26783E+14 0.00019 
   54   54    1    1    1    1    1    1    1    1  8.83808E+13 0.00018 
   55   55    1    1    1    1    1    1    1    1  1.06761E+14 0.00023 
   56   56    1    1    1    1    1    1    1    1  7.36911E+13 0.00025 
   57   57    1    1    1    1    1    1    1    1  1.00640E+13 0.00032 
   58   58    1    1    1    1    1    1    1    1  1.46827E+14 0.00014 
   59   59    1    1    1    1    1    1    1    1  6.43748E+13 0.00027 
   60   60    1    1    1    1    1    1    1    1  6.88033E+13 0.00020 
   61   61    1    1    1    1    1    1    1    1  5.29469E+13 0.00025 
   62   62    1    1    1    1    1    1    1    1  5.33539E+13 0.00028 
   63   63    1    1    1    1    1    1    1    1  5.55472E+13 0.00033 
   64   64    1    1    1    1    1    1    1    1  4.65613E+13 0.00031 
   65   65    1    1    1    1    1    1    1    1  3.71055E+13 0.00033 
   66   66    1    1    1    1    1    1    1    1  3.67710E+13 0.00038 
   67   67    1    1    1    1    1    1    1    1  2.64231E+13 0.00040 
   68   68    1    1    1    1    1    1    1    1  2.16268E+13 0.00034 
   69   69    1    1    1    1    1    1    1    1  1.94477E+13 0.00044 
   70   70    1    1    1    1    1    1    1    1  2.33403E+13 0.00053 
   71   71    1    1    1    1    1    1    1    1  1.98673E+13 0.00051 
   72   72    1    1    1    1    1    1    1    1  3.64999E+13 0.00048 
   73   73    1    1    1    1    1    1    1    1  2.58771E+13 0.00054 
   74   74    1    1    1    1    1    1    1    1  1.94406E+13 0.00060 
   75   75    1    1    1    1    1    1    1    1  1.54618E+13 0.00064 
   76   76    1    1    1    1    1    1    1    1  1.27056E+13 0.00061 
   77   77    1    1    1    1    1    1    1    1  1.46108E+13 0.00049 
   78   78    1    1    1    1    1    1    1    1  1.14385E+13 0.00044 
   79   79    1    1    1    1    1    1    1    1  9.05958E+12 0.00069 
   80   80    1    1    1    1    1    1    1    1  9.26763E+12 0.00080 
   81   81    1    1    1    1    1    1    1    1  6.84619E+12 0.00082 
   82   82    1    1    1    1    1    1    1    1  5.26028E+12 0.00101 
   83   83    1    1    1    1    1    1    1    1  4.03264E+12 0.00123 
   84   84    1    1    1    1    1    1    1    1  3.76992E+12 0.00151 
   85   85    1    1    1    1    1    1    1    1  2.70535E+12 0.00141 
   86   86    1    1    1    1    1    1    1    1  1.94905E+12 0.00174 
   87   87    1    1    1    1    1    1    1    1  1.82342E+12 0.00170 
   88   88    1    1    1    1    1    1    1    1  1.12576E+12 0.00213 
   89   89    1    1    1    1    1    1    1    1  7.59335E+11 0.00241 
   90   90    1    1    1    1    1    1    1    1  4.40329E+11 0.00212 
   91   91    1    1    1    1    1    1    1    1  5.62952E+11 0.00358 
   92   92    1    1    1    1    1    1    1    1  0.00000E+00 0.00000 
   93   93    1    1    1    1    1    1    1    1  0.00000E+00 0.00000 
   94   94    1    1    1    1    1    1    1    1  0.00000E+00 0.00000 
   95   95    1    1    1    1    1    1    1    1  0.00000E+00 0.00000 
   96   96    1    1    1    1    1    1    1    1  0.00000E+00 0.00000 
   97   97    1    1    1    1    1    1    1    1  0.00000E+00 0.00000 
   98   98    1    1    1    1    1    1    1    1  0.00000E+00 0.00000 
   99   99    1    1    1    1    1    1    1    1  0.00000E+00 0.00000 
  100  100    1    1    1    1    1    1    1    1  0.00000E+00 0.00000 
];


