
DETdpaspec = [
    1    1    1    1    1    1    1    1    1    1  0.00000E+00 0.00000 
    2    2    1    1    1    1    1    1    1    1  0.00000E+00 0.00000 
    3    3    1    1    1    1    1    1    1    1  0.00000E+00 0.00000 
    4    4    1    1    1    1    1    1    1    1  1.13251E+07 1.00000 
    5    5    1    1    1    1    1    1    1    1  0.00000E+00 0.00000 
    6    6    1    1    1    1    1    1    1    1  0.00000E+00 0.00000 
    7    7    1    1    1    1    1    1    1    1  0.00000E+00 0.00000 
    8    8    1    1    1    1    1    1    1    1  0.00000E+00 0.00000 
    9    9    1    1    1    1    1    1    1    1  0.00000E+00 0.00000 
   10   10    1    1    1    1    1    1    1    1  0.00000E+00 0.00000 
   11   11    1    1    1    1    1    1    1    1  0.00000E+00 0.00000 
   12   12    1    1    1    1    1    1    1    1  0.00000E+00 0.00000 
   13   13    1    1    1    1    1    1    1    1  3.87622E+08 0.52816 
   14   14    1    1    1    1    1    1    1    1  1.37572E+09 0.42940 
   15   15    1    1    1    1    1    1    1    1  1.56614E+09 0.40812 
   16   16    1    1    1    1    1    1    1    1  6.54285E+08 0.41884 
   17   17    1    1    1    1    1    1    1    1  7.04498E+08 0.46611 
   18   18    1    1    1    1    1    1    1    1  5.83581E+08 0.43627 
   19   19    1    1    1    1    1    1    1    1  1.00525E+09 0.39109 
   20   20    1    1    1    1    1    1    1    1  5.51068E+09 0.18788 
   21   21    1    1    1    1    1    1    1    1  5.95306E+09 0.17776 
   22   22    1    1    1    1    1    1    1    1  1.25503E+10 0.11788 
   23   23    1    1    1    1    1    1    1    1  2.70833E+10 0.10329 
   24   24    1    1    1    1    1    1    1    1  4.62171E+10 0.08194 
   25   25    1    1    1    1    1    1    1    1  7.59595E+10 0.07298 
   26   26    1    1    1    1    1    1    1    1  1.70195E+11 0.04091 
   27   27    1    1    1    1    1    1    1    1  3.77829E+11 0.02827 
   28   28    1    1    1    1    1    1    1    1  9.19604E+11 0.01834 
   29   29    1    1    1    1    1    1    1    1  1.60824E+12 0.01296 
   30   30    1    1    1    1    1    1    1    1  3.70043E+12 0.00955 
   31   31    1    1    1    1    1    1    1    1  9.48114E+12 0.00656 
   32   32    1    1    1    1    1    1    1    1  1.54689E+13 0.00491 
   33   33    1    1    1    1    1    1    1    1  3.36465E+13 0.00270 
   34   34    1    1    1    1    1    1    1    1  4.47348E+13 0.00251 
   35   35    1    1    1    1    1    1    1    1  5.08928E+13 0.00205 
   36   36    1    1    1    1    1    1    1    1  3.23302E+13 0.00224 
   37   37    1    1    1    1    1    1    1    1  9.58966E+12 0.00261 
   38   38    1    1    1    1    1    1    1    1  5.45420E+13 0.00236 
   39   39    1    1    1    1    1    1    1    1  7.22702E+13 0.00220 
   40   40    1    1    1    1    1    1    1    1  1.23910E+14 0.00207 
   41   41    1    1    1    1    1    1    1    1  1.20408E+14 0.00150 
   42   42    1    1    1    1    1    1    1    1  2.56440E+14 0.00106 
   43   43    1    1    1    1    1    1    1    1  3.06735E+14 0.00076 
   44   44    1    1    1    1    1    1    1    1  4.37180E+14 0.00068 
   45   45    1    1    1    1    1    1    1    1  8.67430E+14 0.00089 
   46   46    1    1    1    1    1    1    1    1  4.03423E+14 0.00075 
   47   47    1    1    1    1    1    1    1    1  6.36998E+14 0.00079 
   48   48    1    1    1    1    1    1    1    1  8.87490E+14 0.00069 
   49   49    1    1    1    1    1    1    1    1  8.64669E+14 0.00065 
   50   50    1    1    1    1    1    1    1    1  1.36649E+15 0.00049 
   51   51    1    1    1    1    1    1    1    1  1.07026E+15 0.00064 
   52   52    1    1    1    1    1    1    1    1  1.29171E+15 0.00043 
   53   53    1    1    1    1    1    1    1    1  8.97794E+14 0.00060 
   54   54    1    1    1    1    1    1    1    1  1.11801E+15 0.00058 
   55   55    1    1    1    1    1    1    1    1  7.70828E+14 0.00046 
   56   56    1    1    1    1    1    1    1    1  1.04692E+14 0.00092 
   57   57    1    1    1    1    1    1    1    1  1.52824E+15 0.00045 
   58   58    1    1    1    1    1    1    1    1  6.97683E+14 0.00070 
   59   59    1    1    1    1    1    1    1    1  7.40281E+14 0.00056 
   60   60    1    1    1    1    1    1    1    1  5.88239E+14 0.00060 
   61   61    1    1    1    1    1    1    1    1  5.88329E+14 0.00070 
   62   62    1    1    1    1    1    1    1    1  6.12234E+14 0.00074 
   63   63    1    1    1    1    1    1    1    1  5.18006E+14 0.00060 
   64   64    1    1    1    1    1    1    1    1  4.13689E+14 0.00095 
   65   65    1    1    1    1    1    1    1    1  4.11375E+14 0.00079 
   66   66    1    1    1    1    1    1    1    1  3.00197E+14 0.00093 
   67   67    1    1    1    1    1    1    1    1  2.44088E+14 0.00077 
   68   68    1    1    1    1    1    1    1    1  2.17579E+14 0.00093 
   69   69    1    1    1    1    1    1    1    1  2.61144E+14 0.00079 
   70   70    1    1    1    1    1    1    1    1  2.22232E+14 0.00091 
   71   71    1    1    1    1    1    1    1    1  4.01424E+14 0.00085 
   72   72    1    1    1    1    1    1    1    1  2.84192E+14 0.00114 
   73   73    1    1    1    1    1    1    1    1  2.15710E+14 0.00099 
   74   74    1    1    1    1    1    1    1    1  1.75393E+14 0.00131 
   75   75    1    1    1    1    1    1    1    1  1.46928E+14 0.00092 
   76   76    1    1    1    1    1    1    1    1  1.72627E+14 0.00130 
   77   77    1    1    1    1    1    1    1    1  1.38018E+14 0.00135 
   78   78    1    1    1    1    1    1    1    1  1.10650E+14 0.00135 
   79   79    1    1    1    1    1    1    1    1  1.14845E+14 0.00132 
   80   80    1    1    1    1    1    1    1    1  8.54293E+13 0.00128 
   81   81    1    1    1    1    1    1    1    1  6.60213E+13 0.00199 
   82   82    1    1    1    1    1    1    1    1  5.08459E+13 0.00232 
   83   83    1    1    1    1    1    1    1    1  4.74694E+13 0.00222 
   84   84    1    1    1    1    1    1    1    1  3.41177E+13 0.00272 
   85   85    1    1    1    1    1    1    1    1  2.46126E+13 0.00392 
   86   86    1    1    1    1    1    1    1    1  2.30575E+13 0.00325 
   87   87    1    1    1    1    1    1    1    1  1.41013E+13 0.00435 
   88   88    1    1    1    1    1    1    1    1  9.45131E+12 0.00351 
   89   89    1    1    1    1    1    1    1    1  5.40491E+12 0.00495 
   90   90    1    1    1    1    1    1    1    1  3.54102E+12 0.00878 
   91   91    1    1    1    1    1    1    1    1  1.80598E+12 0.01063 
   92   92    1    1    1    1    1    1    1    1  8.41020E+11 0.01651 
   93   93    1    1    1    1    1    1    1    1  4.04140E+11 0.02322 
   94   94    1    1    1    1    1    1    1    1  1.75708E+11 0.03859 
   95   95    1    1    1    1    1    1    1    1  1.08253E+11 0.04842 
   96   96    1    1    1    1    1    1    1    1  4.62106E+10 0.07925 
   97   97    1    1    1    1    1    1    1    1  2.38880E+10 0.10535 
   98   98    1    1    1    1    1    1    1    1  1.13165E+10 0.12846 
   99   99    1    1    1    1    1    1    1    1  3.80309E+09 0.20414 
  100  100    1    1    1    1    1    1    1    1  3.96762E+09 0.22865 
];


