
DETdpaspec = [
    1    1    1    1    1    1    1    1    1    1  0.00000E+00 0.00000 
    2    2    1    1    1    1    1    1    1    1  0.00000E+00 0.00000 
    3    3    1    1    1    1    1    1    1    1  0.00000E+00 0.00000 
    4    4    1    1    1    1    1    1    1    1  0.00000E+00 0.00000 
    5    5    1    1    1    1    1    1    1    1  0.00000E+00 0.00000 
    6    6    1    1    1    1    1    1    1    1  0.00000E+00 0.00000 
    7    7    1    1    1    1    1    1    1    1  0.00000E+00 0.00000 
    8    8    1    1    1    1    1    1    1    1  0.00000E+00 0.00000 
    9    9    1    1    1    1    1    1    1    1  0.00000E+00 0.00000 
   10   10    1    1    1    1    1    1    1    1  0.00000E+00 0.00000 
   11   11    1    1    1    1    1    1    1    1  0.00000E+00 0.00000 
   12   12    1    1    1    1    1    1    1    1  0.00000E+00 0.00000 
   13   13    1    1    1    1    1    1    1    1  1.04162E+08 1.00000 
   14   14    1    1    1    1    1    1    1    1  6.80421E+08 1.00000 
   15   15    1    1    1    1    1    1    1    1  5.36276E+07 1.00000 
   16   16    1    1    1    1    1    1    1    1  0.00000E+00 0.00000 
   17   17    1    1    1    1    1    1    1    1  7.10942E+08 0.47713 
   18   18    1    1    1    1    1    1    1    1  1.11204E+09 0.41274 
   19   19    1    1    1    1    1    1    1    1  8.51857E+08 0.42174 
   20   20    1    1    1    1    1    1    1    1  7.70195E+09 0.21277 
   21   21    1    1    1    1    1    1    1    1  3.04869E+10 0.11514 
   22   22    1    1    1    1    1    1    1    1  1.20899E+11 0.07339 
   23   23    1    1    1    1    1    1    1    1  4.09592E+11 0.02615 
   24   24    1    1    1    1    1    1    1    1  9.89762E+11 0.02334 
   25   25    1    1    1    1    1    1    1    1  1.36276E+12 0.01141 
   26   26    1    1    1    1    1    1    1    1  2.53831E+12 0.01083 
   27   27    1    1    1    1    1    1    1    1  4.23309E+12 0.00598 
   28   28    1    1    1    1    1    1    1    1  6.77061E+12 0.00453 
   29   29    1    1    1    1    1    1    1    1  9.46410E+12 0.00563 
   30   30    1    1    1    1    1    1    1    1  1.63723E+13 0.00388 
   31   31    1    1    1    1    1    1    1    1  2.90921E+13 0.00298 
   32   32    1    1    1    1    1    1    1    1  3.92048E+13 0.00161 
   33   33    1    1    1    1    1    1    1    1  7.14319E+13 0.00135 
   34   34    1    1    1    1    1    1    1    1  8.31725E+13 0.00183 
   35   35    1    1    1    1    1    1    1    1  8.18687E+13 0.00187 
   36   36    1    1    1    1    1    1    1    1  4.80737E+13 0.00174 
   37   37    1    1    1    1    1    1    1    1  1.38431E+13 0.00194 
   38   38    1    1    1    1    1    1    1    1  7.82017E+13 0.00180 
   39   39    1    1    1    1    1    1    1    1  1.01393E+14 0.00154 
   40   40    1    1    1    1    1    1    1    1  1.69024E+14 0.00134 
   41   41    1    1    1    1    1    1    1    1  1.58456E+14 0.00108 
   42   42    1    1    1    1    1    1    1    1  3.31084E+14 0.00085 
   43   43    1    1    1    1    1    1    1    1  3.84826E+14 0.00086 
   44   44    1    1    1    1    1    1    1    1  5.33320E+14 0.00073 
   45   45    1    1    1    1    1    1    1    1  1.01575E+15 0.00075 
   46   46    1    1    1    1    1    1    1    1  4.51910E+14 0.00080 
   47   47    1    1    1    1    1    1    1    1  7.00694E+14 0.00052 
   48   48    1    1    1    1    1    1    1    1  9.48317E+14 0.00062 
   49   49    1    1    1    1    1    1    1    1  9.02620E+14 0.00069 
   50   50    1    1    1    1    1    1    1    1  1.39581E+15 0.00067 
   51   51    1    1    1    1    1    1    1    1  1.05883E+15 0.00080 
   52   52    1    1    1    1    1    1    1    1  1.26263E+15 0.00067 
   53   53    1    1    1    1    1    1    1    1  8.56479E+14 0.00059 
   54   54    1    1    1    1    1    1    1    1  1.05859E+15 0.00059 
   55   55    1    1    1    1    1    1    1    1  7.20125E+14 0.00084 
   56   56    1    1    1    1    1    1    1    1  9.67508E+13 0.00132 
   57   57    1    1    1    1    1    1    1    1  1.40457E+15 0.00064 
   58   58    1    1    1    1    1    1    1    1  6.37698E+14 0.00066 
   59   59    1    1    1    1    1    1    1    1  6.67998E+14 0.00079 
   60   60    1    1    1    1    1    1    1    1  5.28374E+14 0.00074 
   61   61    1    1    1    1    1    1    1    1  5.24090E+14 0.00062 
   62   62    1    1    1    1    1    1    1    1  5.41863E+14 0.00080 
   63   63    1    1    1    1    1    1    1    1  4.53984E+14 0.00085 
   64   64    1    1    1    1    1    1    1    1  3.58312E+14 0.00102 
   65   65    1    1    1    1    1    1    1    1  3.53743E+14 0.00099 
   66   66    1    1    1    1    1    1    1    1  2.56349E+14 0.00121 
   67   67    1    1    1    1    1    1    1    1  2.05895E+14 0.00126 
   68   68    1    1    1    1    1    1    1    1  1.82948E+14 0.00107 
   69   69    1    1    1    1    1    1    1    1  2.18461E+14 0.00143 
   70   70    1    1    1    1    1    1    1    1  1.83720E+14 0.00125 
   71   71    1    1    1    1    1    1    1    1  3.25586E+14 0.00132 
   72   72    1    1    1    1    1    1    1    1  2.27934E+14 0.00120 
   73   73    1    1    1    1    1    1    1    1  1.71303E+14 0.00134 
   74   74    1    1    1    1    1    1    1    1  1.39067E+14 0.00135 
   75   75    1    1    1    1    1    1    1    1  1.16151E+14 0.00105 
   76   76    1    1    1    1    1    1    1    1  1.36185E+14 0.00178 
   77   77    1    1    1    1    1    1    1    1  1.08196E+14 0.00156 
   78   78    1    1    1    1    1    1    1    1  8.66664E+13 0.00140 
   79   79    1    1    1    1    1    1    1    1  8.94793E+13 0.00211 
   80   80    1    1    1    1    1    1    1    1  6.59564E+13 0.00170 
   81   81    1    1    1    1    1    1    1    1  5.03850E+13 0.00173 
   82   82    1    1    1    1    1    1    1    1  3.84191E+13 0.00215 
   83   83    1    1    1    1    1    1    1    1  3.54697E+13 0.00267 
   84   84    1    1    1    1    1    1    1    1  2.54441E+13 0.00279 
   85   85    1    1    1    1    1    1    1    1  1.81104E+13 0.00371 
   86   86    1    1    1    1    1    1    1    1  1.67508E+13 0.00364 
   87   87    1    1    1    1    1    1    1    1  1.00683E+13 0.00358 
   88   88    1    1    1    1    1    1    1    1  6.54856E+12 0.00614 
   89   89    1    1    1    1    1    1    1    1  3.71058E+12 0.00762 
   90   90    1    1    1    1    1    1    1    1  2.38068E+12 0.00845 
   91   91    1    1    1    1    1    1    1    1  1.12530E+12 0.01367 
   92   92    1    1    1    1    1    1    1    1  5.36332E+11 0.01921 
   93   93    1    1    1    1    1    1    1    1  2.58349E+11 0.03489 
   94   94    1    1    1    1    1    1    1    1  1.17672E+11 0.04927 
   95   95    1    1    1    1    1    1    1    1  5.70605E+10 0.07509 
   96   96    1    1    1    1    1    1    1    1  2.53434E+10 0.09068 
   97   97    1    1    1    1    1    1    1    1  1.51314E+10 0.09810 
   98   98    1    1    1    1    1    1    1    1  5.70045E+09 0.14826 
   99   99    1    1    1    1    1    1    1    1  2.70744E+09 0.30572 
  100  100    1    1    1    1    1    1    1    1  3.07074E+09 0.25232 
];


