
DETdpaspec = [
    1    1    1    1    1    1    1    1    1    1  0.00000E+00 0.00000 
    2    2    1    1    1    1    1    1    1    1  0.00000E+00 0.00000 
    3    3    1    1    1    1    1    1    1    1  0.00000E+00 0.00000 
    4    4    1    1    1    1    1    1    1    1  0.00000E+00 0.00000 
    5    5    1    1    1    1    1    1    1    1  0.00000E+00 0.00000 
    6    6    1    1    1    1    1    1    1    1  0.00000E+00 0.00000 
    7    7    1    1    1    1    1    1    1    1  0.00000E+00 0.00000 
    8    8    1    1    1    1    1    1    1    1  0.00000E+00 0.00000 
    9    9    1    1    1    1    1    1    1    1  3.74692E+06 1.00000 
   10   10    1    1    1    1    1    1    1    1  5.97162E+07 1.00000 
   11   11    1    1    1    1    1    1    1    1  3.24849E+07 1.00000 
   12   12    1    1    1    1    1    1    1    1  2.00839E+06 1.00000 
   13   13    1    1    1    1    1    1    1    1  2.95844E+08 0.50122 
   14   14    1    1    1    1    1    1    1    1  1.19114E+09 0.59947 
   15   15    1    1    1    1    1    1    1    1  1.19067E+09 0.40434 
   16   16    1    1    1    1    1    1    1    1  5.97280E+08 0.40709 
   17   17    1    1    1    1    1    1    1    1  8.00996E+08 0.32083 
   18   18    1    1    1    1    1    1    1    1  1.16059E+09 0.36044 
   19   19    1    1    1    1    1    1    1    1  2.61357E+09 0.31855 
   20   20    1    1    1    1    1    1    1    1  5.88161E+09 0.16559 
   21   21    1    1    1    1    1    1    1    1  6.73565E+09 0.12917 
   22   22    1    1    1    1    1    1    1    1  1.47534E+10 0.12968 
   23   23    1    1    1    1    1    1    1    1  2.14170E+10 0.09229 
   24   24    1    1    1    1    1    1    1    1  4.06871E+10 0.09016 
   25   25    1    1    1    1    1    1    1    1  5.28761E+10 0.06368 
   26   26    1    1    1    1    1    1    1    1  1.01921E+11 0.04156 
   27   27    1    1    1    1    1    1    1    1  2.13308E+11 0.03006 
   28   28    1    1    1    1    1    1    1    1  5.22230E+11 0.02520 
   29   29    1    1    1    1    1    1    1    1  9.20975E+11 0.01625 
   30   30    1    1    1    1    1    1    1    1  2.33480E+12 0.01084 
   31   31    1    1    1    1    1    1    1    1  6.57846E+12 0.00586 
   32   32    1    1    1    1    1    1    1    1  1.14476E+13 0.00689 
   33   33    1    1    1    1    1    1    1    1  2.62559E+13 0.00326 
   34   34    1    1    1    1    1    1    1    1  3.57071E+13 0.00348 
   35   35    1    1    1    1    1    1    1    1  4.32011E+13 0.00230 
   36   36    1    1    1    1    1    1    1    1  2.84941E+13 0.00267 
   37   37    1    1    1    1    1    1    1    1  8.54857E+12 0.00328 
   38   38    1    1    1    1    1    1    1    1  4.81504E+13 0.00302 
   39   39    1    1    1    1    1    1    1    1  6.46606E+13 0.00200 
   40   40    1    1    1    1    1    1    1    1  1.11148E+14 0.00158 
   41   41    1    1    1    1    1    1    1    1  1.09924E+14 0.00163 
   42   42    1    1    1    1    1    1    1    1  2.34222E+14 0.00109 
   43   43    1    1    1    1    1    1    1    1  2.81772E+14 0.00137 
   44   44    1    1    1    1    1    1    1    1  4.05729E+14 0.00095 
   45   45    1    1    1    1    1    1    1    1  8.13160E+14 0.00087 
   46   46    1    1    1    1    1    1    1    1  3.83331E+14 0.00059 
   47   47    1    1    1    1    1    1    1    1  6.09285E+14 0.00053 
   48   48    1    1    1    1    1    1    1    1  8.54755E+14 0.00050 
   49   49    1    1    1    1    1    1    1    1  8.38516E+14 0.00063 
   50   50    1    1    1    1    1    1    1    1  1.32933E+15 0.00060 
   51   51    1    1    1    1    1    1    1    1  1.05230E+15 0.00062 
   52   52    1    1    1    1    1    1    1    1  1.26993E+15 0.00062 
   53   53    1    1    1    1    1    1    1    1  8.88997E+14 0.00074 
   54   54    1    1    1    1    1    1    1    1  1.10515E+15 0.00069 
   55   55    1    1    1    1    1    1    1    1  7.64521E+14 0.00070 
   56   56    1    1    1    1    1    1    1    1  1.04023E+14 0.00135 
   57   57    1    1    1    1    1    1    1    1  1.52162E+15 0.00066 
   58   58    1    1    1    1    1    1    1    1  6.91867E+14 0.00056 
   59   59    1    1    1    1    1    1    1    1  7.37846E+14 0.00066 
   60   60    1    1    1    1    1    1    1    1  5.84464E+14 0.00071 
   61   61    1    1    1    1    1    1    1    1  5.85227E+14 0.00076 
   62   62    1    1    1    1    1    1    1    1  6.10692E+14 0.00076 
   63   63    1    1    1    1    1    1    1    1  5.17411E+14 0.00086 
   64   64    1    1    1    1    1    1    1    1  4.13148E+14 0.00078 
   65   65    1    1    1    1    1    1    1    1  4.12034E+14 0.00092 
   66   66    1    1    1    1    1    1    1    1  3.01460E+14 0.00091 
   67   67    1    1    1    1    1    1    1    1  2.45454E+14 0.00073 
   68   68    1    1    1    1    1    1    1    1  2.19674E+14 0.00109 
   69   69    1    1    1    1    1    1    1    1  2.63757E+14 0.00131 
   70   70    1    1    1    1    1    1    1    1  2.25053E+14 0.00099 
   71   71    1    1    1    1    1    1    1    1  4.09264E+14 0.00098 
   72   72    1    1    1    1    1    1    1    1  2.91155E+14 0.00108 
   73   73    1    1    1    1    1    1    1    1  2.20779E+14 0.00134 
   74   74    1    1    1    1    1    1    1    1  1.78783E+14 0.00124 
   75   75    1    1    1    1    1    1    1    1  1.49669E+14 0.00126 
   76   76    1    1    1    1    1    1    1    1  1.75065E+14 0.00094 
   77   77    1    1    1    1    1    1    1    1  1.39492E+14 0.00131 
   78   78    1    1    1    1    1    1    1    1  1.11698E+14 0.00179 
   79   79    1    1    1    1    1    1    1    1  1.15725E+14 0.00114 
   80   80    1    1    1    1    1    1    1    1  8.59778E+13 0.00185 
   81   81    1    1    1    1    1    1    1    1  6.65609E+13 0.00182 
   82   82    1    1    1    1    1    1    1    1  5.11138E+13 0.00214 
   83   83    1    1    1    1    1    1    1    1  4.77603E+13 0.00176 
   84   84    1    1    1    1    1    1    1    1  3.43046E+13 0.00350 
   85   85    1    1    1    1    1    1    1    1  2.47799E+13 0.00351 
   86   86    1    1    1    1    1    1    1    1  2.31461E+13 0.00289 
   87   87    1    1    1    1    1    1    1    1  1.41354E+13 0.00435 
   88   88    1    1    1    1    1    1    1    1  9.48993E+12 0.00586 
   89   89    1    1    1    1    1    1    1    1  5.44559E+12 0.00807 
   90   90    1    1    1    1    1    1    1    1  3.65072E+12 0.00771 
   91   91    1    1    1    1    1    1    1    1  1.80818E+12 0.01337 
   92   92    1    1    1    1    1    1    1    1  8.81639E+11 0.01198 
   93   93    1    1    1    1    1    1    1    1  4.29541E+11 0.01770 
   94   94    1    1    1    1    1    1    1    1  1.87075E+11 0.03774 
   95   95    1    1    1    1    1    1    1    1  1.00436E+11 0.04091 
   96   96    1    1    1    1    1    1    1    1  4.63163E+10 0.07155 
   97   97    1    1    1    1    1    1    1    1  2.04390E+10 0.09710 
   98   98    1    1    1    1    1    1    1    1  8.89720E+09 0.18368 
   99   99    1    1    1    1    1    1    1    1  6.37919E+09 0.23921 
  100  100    1    1    1    1    1    1    1    1  3.14507E+09 0.32328 
];


