
DETdpaspec = [
    1    1    1    1    1    1    1    1    1    1  0.00000E+00 0.00000 
    2    2    1    1    1    1    1    1    1    1  0.00000E+00 0.00000 
    3    3    1    1    1    1    1    1    1    1  0.00000E+00 0.00000 
    4    4    1    1    1    1    1    1    1    1  0.00000E+00 0.00000 
    5    5    1    1    1    1    1    1    1    1  0.00000E+00 0.00000 
    6    6    1    1    1    1    1    1    1    1  0.00000E+00 0.00000 
    7    7    1    1    1    1    1    1    1    1  1.12573E+07 1.00000 
    8    8    1    1    1    1    1    1    1    1  0.00000E+00 0.00000 
    9    9    1    1    1    1    1    1    1    1  0.00000E+00 0.00000 
   10   10    1    1    1    1    1    1    1    1  0.00000E+00 0.00000 
   11   11    1    1    1    1    1    1    1    1  0.00000E+00 0.00000 
   12   12    1    1    1    1    1    1    1    1  5.03200E+07 0.63872 
   13   13    1    1    1    1    1    1    1    1  5.13108E+08 0.78258 
   14   14    1    1    1    1    1    1    1    1  1.52820E+09 0.45696 
   15   15    1    1    1    1    1    1    1    1  8.67084E+08 0.51623 
   16   16    1    1    1    1    1    1    1    1  5.10819E+08 0.42588 
   17   17    1    1    1    1    1    1    1    1  1.04972E+09 0.30983 
   18   18    1    1    1    1    1    1    1    1  2.08452E+09 0.32678 
   19   19    1    1    1    1    1    1    1    1  1.60702E+09 0.32481 
   20   20    1    1    1    1    1    1    1    1  8.83378E+09 0.14327 
   21   21    1    1    1    1    1    1    1    1  6.46012E+09 0.21185 
   22   22    1    1    1    1    1    1    1    1  1.17359E+10 0.11235 
   23   23    1    1    1    1    1    1    1    1  2.11789E+10 0.12608 
   24   24    1    1    1    1    1    1    1    1  4.20560E+10 0.05193 
   25   25    1    1    1    1    1    1    1    1  6.51269E+10 0.05113 
   26   26    1    1    1    1    1    1    1    1  1.16749E+11 0.04541 
   27   27    1    1    1    1    1    1    1    1  2.31129E+11 0.03588 
   28   28    1    1    1    1    1    1    1    1  5.61888E+11 0.02296 
   29   29    1    1    1    1    1    1    1    1  1.01845E+12 0.01490 
   30   30    1    1    1    1    1    1    1    1  2.57214E+12 0.01012 
   31   31    1    1    1    1    1    1    1    1  7.12466E+12 0.00877 
   32   32    1    1    1    1    1    1    1    1  1.22185E+13 0.00436 
   33   33    1    1    1    1    1    1    1    1  2.75438E+13 0.00349 
   34   34    1    1    1    1    1    1    1    1  3.74700E+13 0.00212 
   35   35    1    1    1    1    1    1    1    1  4.49108E+13 0.00240 
   36   36    1    1    1    1    1    1    1    1  2.93389E+13 0.00213 
   37   37    1    1    1    1    1    1    1    1  8.77502E+12 0.00283 
   38   38    1    1    1    1    1    1    1    1  4.94946E+13 0.00151 
   39   39    1    1    1    1    1    1    1    1  6.61240E+13 0.00187 
   40   40    1    1    1    1    1    1    1    1  1.13772E+14 0.00172 
   41   41    1    1    1    1    1    1    1    1  1.11933E+14 0.00166 
   42   42    1    1    1    1    1    1    1    1  2.38910E+14 0.00128 
   43   43    1    1    1    1    1    1    1    1  2.86790E+14 0.00114 
   44   44    1    1    1    1    1    1    1    1  4.11833E+14 0.00104 
   45   45    1    1    1    1    1    1    1    1  8.22946E+14 0.00093 
   46   46    1    1    1    1    1    1    1    1  3.87281E+14 0.00087 
   47   47    1    1    1    1    1    1    1    1  6.14643E+14 0.00095 
   48   48    1    1    1    1    1    1    1    1  8.61515E+14 0.00063 
   49   49    1    1    1    1    1    1    1    1  8.44796E+14 0.00065 
   50   50    1    1    1    1    1    1    1    1  1.33701E+15 0.00045 
   51   51    1    1    1    1    1    1    1    1  1.05698E+15 0.00062 
   52   52    1    1    1    1    1    1    1    1  1.27572E+15 0.00059 
   53   53    1    1    1    1    1    1    1    1  8.90842E+14 0.00055 
   54   54    1    1    1    1    1    1    1    1  1.10903E+15 0.00072 
   55   55    1    1    1    1    1    1    1    1  7.66488E+14 0.00059 
   56   56    1    1    1    1    1    1    1    1  1.03851E+14 0.00121 
   57   57    1    1    1    1    1    1    1    1  1.52413E+15 0.00045 
   58   58    1    1    1    1    1    1    1    1  6.94309E+14 0.00071 
   59   59    1    1    1    1    1    1    1    1  7.39732E+14 0.00072 
   60   60    1    1    1    1    1    1    1    1  5.85867E+14 0.00095 
   61   61    1    1    1    1    1    1    1    1  5.87496E+14 0.00069 
   62   62    1    1    1    1    1    1    1    1  6.11451E+14 0.00053 
   63   63    1    1    1    1    1    1    1    1  5.18243E+14 0.00067 
   64   64    1    1    1    1    1    1    1    1  4.14575E+14 0.00095 
   65   65    1    1    1    1    1    1    1    1  4.13057E+14 0.00086 
   66   66    1    1    1    1    1    1    1    1  3.01822E+14 0.00083 
   67   67    1    1    1    1    1    1    1    1  2.45405E+14 0.00092 
   68   68    1    1    1    1    1    1    1    1  2.19566E+14 0.00108 
   69   69    1    1    1    1    1    1    1    1  2.63728E+14 0.00095 
   70   70    1    1    1    1    1    1    1    1  2.24933E+14 0.00131 
   71   71    1    1    1    1    1    1    1    1  4.08002E+14 0.00114 
   72   72    1    1    1    1    1    1    1    1  2.89597E+14 0.00122 
   73   73    1    1    1    1    1    1    1    1  2.20060E+14 0.00105 
   74   74    1    1    1    1    1    1    1    1  1.78962E+14 0.00153 
   75   75    1    1    1    1    1    1    1    1  1.49824E+14 0.00118 
   76   76    1    1    1    1    1    1    1    1  1.75289E+14 0.00151 
   77   77    1    1    1    1    1    1    1    1  1.39572E+14 0.00135 
   78   78    1    1    1    1    1    1    1    1  1.11661E+14 0.00117 
   79   79    1    1    1    1    1    1    1    1  1.15863E+14 0.00188 
   80   80    1    1    1    1    1    1    1    1  8.63759E+13 0.00187 
   81   81    1    1    1    1    1    1    1    1  6.67121E+13 0.00117 
   82   82    1    1    1    1    1    1    1    1  5.13257E+13 0.00246 
   83   83    1    1    1    1    1    1    1    1  4.77202E+13 0.00241 
   84   84    1    1    1    1    1    1    1    1  3.43376E+13 0.00220 
   85   85    1    1    1    1    1    1    1    1  2.48778E+13 0.00247 
   86   86    1    1    1    1    1    1    1    1  2.32153E+13 0.00304 
   87   87    1    1    1    1    1    1    1    1  1.42268E+13 0.00400 
   88   88    1    1    1    1    1    1    1    1  9.52628E+12 0.00586 
   89   89    1    1    1    1    1    1    1    1  5.43887E+12 0.00656 
   90   90    1    1    1    1    1    1    1    1  3.60121E+12 0.00858 
   91   91    1    1    1    1    1    1    1    1  1.79661E+12 0.01233 
   92   92    1    1    1    1    1    1    1    1  8.67121E+11 0.02036 
   93   93    1    1    1    1    1    1    1    1  4.23977E+11 0.02619 
   94   94    1    1    1    1    1    1    1    1  1.84180E+11 0.04085 
   95   95    1    1    1    1    1    1    1    1  9.12314E+10 0.05813 
   96   96    1    1    1    1    1    1    1    1  4.98130E+10 0.06651 
   97   97    1    1    1    1    1    1    1    1  2.14608E+10 0.07644 
   98   98    1    1    1    1    1    1    1    1  1.07781E+10 0.15648 
   99   99    1    1    1    1    1    1    1    1  7.11277E+09 0.19651 
  100  100    1    1    1    1    1    1    1    1  4.83834E+09 0.20565 
];


