
DETdpaspec = [
    1    1    1    1    1    1    1    1    1    1  0.00000E+00 0.00000 
    2    2    1    1    1    1    1    1    1    1  0.00000E+00 0.00000 
    3    3    1    1    1    1    1    1    1    1  0.00000E+00 0.00000 
    4    4    1    1    1    1    1    1    1    1  0.00000E+00 0.00000 
    5    5    1    1    1    1    1    1    1    1  0.00000E+00 0.00000 
    6    6    1    1    1    1    1    1    1    1  0.00000E+00 0.00000 
    7    7    1    1    1    1    1    1    1    1  0.00000E+00 0.00000 
    8    8    1    1    1    1    1    1    1    1  0.00000E+00 0.00000 
    9    9    1    1    1    1    1    1    1    1  0.00000E+00 0.00000 
   10   10    1    1    1    1    1    1    1    1  8.74781E+07 1.00000 
   11   11    1    1    1    1    1    1    1    1  0.00000E+00 0.00000 
   12   12    1    1    1    1    1    1    1    1  5.39902E+07 0.54915 
   13   13    1    1    1    1    1    1    1    1  7.39778E+08 0.57704 
   14   14    1    1    1    1    1    1    1    1  6.19060E+08 0.71431 
   15   15    1    1    1    1    1    1    1    1  8.29642E+08 0.70165 
   16   16    1    1    1    1    1    1    1    1  6.27598E+08 0.47995 
   17   17    1    1    1    1    1    1    1    1  8.61801E+08 0.39446 
   18   18    1    1    1    1    1    1    1    1  1.81918E+09 0.28412 
   19   19    1    1    1    1    1    1    1    1  2.98764E+09 0.21321 
   20   20    1    1    1    1    1    1    1    1  7.39797E+09 0.18449 
   21   21    1    1    1    1    1    1    1    1  7.37042E+09 0.15661 
   22   22    1    1    1    1    1    1    1    1  1.53066E+10 0.10246 
   23   23    1    1    1    1    1    1    1    1  2.36055E+10 0.09221 
   24   24    1    1    1    1    1    1    1    1  3.89247E+10 0.07950 
   25   25    1    1    1    1    1    1    1    1  5.01147E+10 0.04795 
   26   26    1    1    1    1    1    1    1    1  9.31896E+10 0.06043 
   27   27    1    1    1    1    1    1    1    1  1.82559E+11 0.02794 
   28   28    1    1    1    1    1    1    1    1  4.18751E+11 0.02572 
   29   29    1    1    1    1    1    1    1    1  6.78133E+11 0.02264 
   30   30    1    1    1    1    1    1    1    1  1.86751E+12 0.01195 
   31   31    1    1    1    1    1    1    1    1  5.49746E+12 0.00887 
   32   32    1    1    1    1    1    1    1    1  9.82982E+12 0.00521 
   33   33    1    1    1    1    1    1    1    1  2.27444E+13 0.00363 
   34   34    1    1    1    1    1    1    1    1  3.14940E+13 0.00387 
   35   35    1    1    1    1    1    1    1    1  3.98995E+13 0.00236 
   36   36    1    1    1    1    1    1    1    1  2.68837E+13 0.00291 
   37   37    1    1    1    1    1    1    1    1  8.14860E+12 0.00351 
   38   38    1    1    1    1    1    1    1    1  4.55767E+13 0.00212 
   39   39    1    1    1    1    1    1    1    1  6.10926E+13 0.00207 
   40   40    1    1    1    1    1    1    1    1  1.05725E+14 0.00177 
   41   41    1    1    1    1    1    1    1    1  1.05183E+14 0.00160 
   42   42    1    1    1    1    1    1    1    1  2.23653E+14 0.00120 
   43   43    1    1    1    1    1    1    1    1  2.70092E+14 0.00129 
   44   44    1    1    1    1    1    1    1    1  3.89555E+14 0.00099 
   45   45    1    1    1    1    1    1    1    1  7.81311E+14 0.00093 
   46   46    1    1    1    1    1    1    1    1  3.71582E+14 0.00065 
   47   47    1    1    1    1    1    1    1    1  5.93244E+14 0.00067 
   48   48    1    1    1    1    1    1    1    1  8.35440E+14 0.00093 
   49   49    1    1    1    1    1    1    1    1  8.24464E+14 0.00053 
   50   50    1    1    1    1    1    1    1    1  1.30249E+15 0.00055 
   51   51    1    1    1    1    1    1    1    1  1.04075E+15 0.00052 
   52   52    1    1    1    1    1    1    1    1  1.25261E+15 0.00042 
   53   53    1    1    1    1    1    1    1    1  8.78490E+14 0.00057 
   54   54    1    1    1    1    1    1    1    1  1.08912E+15 0.00055 
   55   55    1    1    1    1    1    1    1    1  7.55523E+14 0.00069 
   56   56    1    1    1    1    1    1    1    1  1.02922E+14 0.00092 
   57   57    1    1    1    1    1    1    1    1  1.50603E+15 0.00066 
   58   58    1    1    1    1    1    1    1    1  6.81359E+14 0.00079 
   59   59    1    1    1    1    1    1    1    1  7.28964E+14 0.00062 
   60   60    1    1    1    1    1    1    1    1  5.75426E+14 0.00079 
   61   61    1    1    1    1    1    1    1    1  5.77253E+14 0.00071 
   62   62    1    1    1    1    1    1    1    1  6.01978E+14 0.00060 
   63   63    1    1    1    1    1    1    1    1  5.09255E+14 0.00062 
   64   64    1    1    1    1    1    1    1    1  4.07455E+14 0.00080 
   65   65    1    1    1    1    1    1    1    1  4.06485E+14 0.00077 
   66   66    1    1    1    1    1    1    1    1  2.97156E+14 0.00086 
   67   67    1    1    1    1    1    1    1    1  2.42714E+14 0.00085 
   68   68    1    1    1    1    1    1    1    1  2.16682E+14 0.00119 
   69   69    1    1    1    1    1    1    1    1  2.61029E+14 0.00114 
   70   70    1    1    1    1    1    1    1    1  2.23053E+14 0.00122 
   71   71    1    1    1    1    1    1    1    1  4.07579E+14 0.00105 
   72   72    1    1    1    1    1    1    1    1  2.89844E+14 0.00125 
   73   73    1    1    1    1    1    1    1    1  2.20315E+14 0.00088 
   74   74    1    1    1    1    1    1    1    1  1.78289E+14 0.00110 
   75   75    1    1    1    1    1    1    1    1  1.48255E+14 0.00102 
   76   76    1    1    1    1    1    1    1    1  1.73176E+14 0.00136 
   77   77    1    1    1    1    1    1    1    1  1.37282E+14 0.00166 
   78   78    1    1    1    1    1    1    1    1  1.09383E+14 0.00176 
   79   79    1    1    1    1    1    1    1    1  1.13612E+14 0.00140 
   80   80    1    1    1    1    1    1    1    1  8.41273E+13 0.00189 
   81   81    1    1    1    1    1    1    1    1  6.50698E+13 0.00226 
   82   82    1    1    1    1    1    1    1    1  5.00515E+13 0.00236 
   83   83    1    1    1    1    1    1    1    1  4.68563E+13 0.00265 
   84   84    1    1    1    1    1    1    1    1  3.34884E+13 0.00331 
   85   85    1    1    1    1    1    1    1    1  2.43552E+13 0.00320 
   86   86    1    1    1    1    1    1    1    1  2.26911E+13 0.00382 
   87   87    1    1    1    1    1    1    1    1  1.39470E+13 0.00446 
   88   88    1    1    1    1    1    1    1    1  9.38407E+12 0.00519 
   89   89    1    1    1    1    1    1    1    1  5.33102E+12 0.00773 
   90   90    1    1    1    1    1    1    1    1  3.59323E+12 0.00920 
   91   91    1    1    1    1    1    1    1    1  1.79263E+12 0.01131 
   92   92    1    1    1    1    1    1    1    1  8.68888E+11 0.01842 
   93   93    1    1    1    1    1    1    1    1  4.42105E+11 0.02988 
   94   94    1    1    1    1    1    1    1    1  1.99221E+11 0.03614 
   95   95    1    1    1    1    1    1    1    1  9.26610E+10 0.05730 
   96   96    1    1    1    1    1    1    1    1  4.53283E+10 0.07804 
   97   97    1    1    1    1    1    1    1    1  1.93162E+10 0.12286 
   98   98    1    1    1    1    1    1    1    1  9.37147E+09 0.20580 
   99   99    1    1    1    1    1    1    1    1  6.87361E+09 0.20258 
  100  100    1    1    1    1    1    1    1    1  4.56735E+09 0.21336 
];


