
DETdpaspec = [
    1    1    1    1    1    1    1    1    1    1  0.00000E+00 0.00000 
    2    2    1    1    1    1    1    1    1    1  0.00000E+00 0.00000 
    3    3    1    1    1    1    1    1    1    1  0.00000E+00 0.00000 
    4    4    1    1    1    1    1    1    1    1  0.00000E+00 0.00000 
    5    5    1    1    1    1    1    1    1    1  0.00000E+00 0.00000 
    6    6    1    1    1    1    1    1    1    1  0.00000E+00 0.00000 
    7    7    1    1    1    1    1    1    1    1  0.00000E+00 0.00000 
    8    8    1    1    1    1    1    1    1    1  0.00000E+00 0.00000 
    9    9    1    1    1    1    1    1    1    1  0.00000E+00 0.00000 
   10   10    1    1    1    1    1    1    1    1  0.00000E+00 0.00000 
   11   11    1    1    1    1    1    1    1    1  0.00000E+00 0.00000 
   12   12    1    1    1    1    1    1    1    1  4.84266E+07 0.67772 
   13   13    1    1    1    1    1    1    1    1  4.39053E+08 0.55475 
   14   14    1    1    1    1    1    1    1    1  1.87930E+09 0.41624 
   15   15    1    1    1    1    1    1    1    1  1.11200E+09 0.60421 
   16   16    1    1    1    1    1    1    1    1  7.61634E+08 0.34789 
   17   17    1    1    1    1    1    1    1    1  7.30351E+08 0.28059 
   18   18    1    1    1    1    1    1    1    1  1.37963E+09 0.31785 
   19   19    1    1    1    1    1    1    1    1  1.97532E+09 0.26380 
   20   20    1    1    1    1    1    1    1    1  6.45722E+09 0.22461 
   21   21    1    1    1    1    1    1    1    1  6.74156E+09 0.15299 
   22   22    1    1    1    1    1    1    1    1  1.26400E+10 0.14687 
   23   23    1    1    1    1    1    1    1    1  2.28837E+10 0.09959 
   24   24    1    1    1    1    1    1    1    1  3.92133E+10 0.06552 
   25   25    1    1    1    1    1    1    1    1  6.02589E+10 0.05689 
   26   26    1    1    1    1    1    1    1    1  1.24949E+11 0.03924 
   27   27    1    1    1    1    1    1    1    1  2.90799E+11 0.02848 
   28   28    1    1    1    1    1    1    1    1  6.94330E+11 0.01887 
   29   29    1    1    1    1    1    1    1    1  1.25998E+12 0.01362 
   30   30    1    1    1    1    1    1    1    1  3.02423E+12 0.01136 
   31   31    1    1    1    1    1    1    1    1  8.09283E+12 0.00898 
   32   32    1    1    1    1    1    1    1    1  1.35581E+13 0.00594 
   33   33    1    1    1    1    1    1    1    1  3.01200E+13 0.00328 
   34   34    1    1    1    1    1    1    1    1  4.06620E+13 0.00337 
   35   35    1    1    1    1    1    1    1    1  4.75316E+13 0.00229 
   36   36    1    1    1    1    1    1    1    1  3.07199E+13 0.00242 
   37   37    1    1    1    1    1    1    1    1  9.16958E+12 0.00224 
   38   38    1    1    1    1    1    1    1    1  5.17127E+13 0.00197 
   39   39    1    1    1    1    1    1    1    1  6.88879E+13 0.00198 
   40   40    1    1    1    1    1    1    1    1  1.18484E+14 0.00141 
   41   41    1    1    1    1    1    1    1    1  1.15800E+14 0.00166 
   42   42    1    1    1    1    1    1    1    1  2.46835E+14 0.00130 
   43   43    1    1    1    1    1    1    1    1  2.95950E+14 0.00091 
   44   44    1    1    1    1    1    1    1    1  4.23530E+14 0.00100 
   45   45    1    1    1    1    1    1    1    1  8.45341E+14 0.00078 
   46   46    1    1    1    1    1    1    1    1  3.95615E+14 0.00091 
   47   47    1    1    1    1    1    1    1    1  6.25857E+14 0.00083 
   48   48    1    1    1    1    1    1    1    1  8.72704E+14 0.00053 
   49   49    1    1    1    1    1    1    1    1  8.53917E+14 0.00064 
   50   50    1    1    1    1    1    1    1    1  1.35211E+15 0.00058 
   51   51    1    1    1    1    1    1    1    1  1.06240E+15 0.00056 
   52   52    1    1    1    1    1    1    1    1  1.28491E+15 0.00046 
   53   53    1    1    1    1    1    1    1    1  8.93658E+14 0.00063 
   54   54    1    1    1    1    1    1    1    1  1.11359E+15 0.00042 
   55   55    1    1    1    1    1    1    1    1  7.69126E+14 0.00054 
   56   56    1    1    1    1    1    1    1    1  1.04561E+14 0.00095 
   57   57    1    1    1    1    1    1    1    1  1.52778E+15 0.00039 
   58   58    1    1    1    1    1    1    1    1  6.96252E+14 0.00056 
   59   59    1    1    1    1    1    1    1    1  7.41182E+14 0.00070 
   60   60    1    1    1    1    1    1    1    1  5.88386E+14 0.00059 
   61   61    1    1    1    1    1    1    1    1  5.88049E+14 0.00066 
   62   62    1    1    1    1    1    1    1    1  6.12253E+14 0.00072 
   63   63    1    1    1    1    1    1    1    1  5.18772E+14 0.00065 
   64   64    1    1    1    1    1    1    1    1  4.13559E+14 0.00073 
   65   65    1    1    1    1    1    1    1    1  4.12439E+14 0.00089 
   66   66    1    1    1    1    1    1    1    1  3.01823E+14 0.00089 
   67   67    1    1    1    1    1    1    1    1  2.45251E+14 0.00075 
   68   68    1    1    1    1    1    1    1    1  2.19082E+14 0.00104 
   69   69    1    1    1    1    1    1    1    1  2.63377E+14 0.00110 
   70   70    1    1    1    1    1    1    1    1  2.23790E+14 0.00101 
   71   71    1    1    1    1    1    1    1    1  4.04875E+14 0.00117 
   72   72    1    1    1    1    1    1    1    1  2.87909E+14 0.00095 
   73   73    1    1    1    1    1    1    1    1  2.18006E+14 0.00111 
   74   74    1    1    1    1    1    1    1    1  1.77392E+14 0.00104 
   75   75    1    1    1    1    1    1    1    1  1.48838E+14 0.00137 
   76   76    1    1    1    1    1    1    1    1  1.74260E+14 0.00121 
   77   77    1    1    1    1    1    1    1    1  1.39149E+14 0.00132 
   78   78    1    1    1    1    1    1    1    1  1.11750E+14 0.00154 
   79   79    1    1    1    1    1    1    1    1  1.15692E+14 0.00159 
   80   80    1    1    1    1    1    1    1    1  8.61785E+13 0.00161 
   81   81    1    1    1    1    1    1    1    1  6.66818E+13 0.00143 
   82   82    1    1    1    1    1    1    1    1  5.13434E+13 0.00182 
   83   83    1    1    1    1    1    1    1    1  4.77777E+13 0.00281 
   84   84    1    1    1    1    1    1    1    1  3.43815E+13 0.00376 
   85   85    1    1    1    1    1    1    1    1  2.49435E+13 0.00230 
   86   86    1    1    1    1    1    1    1    1  2.32459E+13 0.00301 
   87   87    1    1    1    1    1    1    1    1  1.41415E+13 0.00336 
   88   88    1    1    1    1    1    1    1    1  9.59707E+12 0.00514 
   89   89    1    1    1    1    1    1    1    1  5.41603E+12 0.00765 
   90   90    1    1    1    1    1    1    1    1  3.64455E+12 0.00826 
   91   91    1    1    1    1    1    1    1    1  1.78188E+12 0.01190 
   92   92    1    1    1    1    1    1    1    1  8.38530E+11 0.01771 
   93   93    1    1    1    1    1    1    1    1  4.14948E+11 0.01782 
   94   94    1    1    1    1    1    1    1    1  1.92322E+11 0.03250 
   95   95    1    1    1    1    1    1    1    1  9.83685E+10 0.04694 
   96   96    1    1    1    1    1    1    1    1  4.39008E+10 0.09596 
   97   97    1    1    1    1    1    1    1    1  1.86827E+10 0.10226 
   98   98    1    1    1    1    1    1    1    1  9.93620E+09 0.13759 
   99   99    1    1    1    1    1    1    1    1  4.75400E+09 0.25982 
  100  100    1    1    1    1    1    1    1    1  4.45960E+09 0.22869 
];


