
DETdpaspec = [
    1    1    1    1    1    1    1    1    1    1  0.00000E+00 0.00000 
    2    2    1    1    1    1    1    1    1    1  0.00000E+00 0.00000 
    3    3    1    1    1    1    1    1    1    1  0.00000E+00 0.00000 
    4    4    1    1    1    1    1    1    1    1  0.00000E+00 0.00000 
    5    5    1    1    1    1    1    1    1    1  0.00000E+00 0.00000 
    6    6    1    1    1    1    1    1    1    1  0.00000E+00 0.00000 
    7    7    1    1    1    1    1    1    1    1  0.00000E+00 0.00000 
    8    8    1    1    1    1    1    1    1    1  0.00000E+00 0.00000 
    9    9    1    1    1    1    1    1    1    1  0.00000E+00 0.00000 
   10   10    1    1    1    1    1    1    1    1  8.89240E+07 1.00000 
   11   11    1    1    1    1    1    1    1    1  0.00000E+00 0.00000 
   12   12    1    1    1    1    1    1    1    1  2.31588E+08 1.00000 
   13   13    1    1    1    1    1    1    1    1  4.25215E+08 0.57784 
   14   14    1    1    1    1    1    1    1    1  1.01945E+09 0.46525 
   15   15    1    1    1    1    1    1    1    1  4.46781E+08 0.68833 
   16   16    1    1    1    1    1    1    1    1  3.88491E+08 0.62137 
   17   17    1    1    1    1    1    1    1    1  9.09986E+08 0.47138 
   18   18    1    1    1    1    1    1    1    1  1.55143E+09 0.41767 
   19   19    1    1    1    1    1    1    1    1  2.04470E+09 0.31434 
   20   20    1    1    1    1    1    1    1    1  6.25742E+09 0.19879 
   21   21    1    1    1    1    1    1    1    1  5.85394E+09 0.15440 
   22   22    1    1    1    1    1    1    1    1  1.35957E+10 0.14537 
   23   23    1    1    1    1    1    1    1    1  2.27283E+10 0.09635 
   24   24    1    1    1    1    1    1    1    1  6.13047E+10 0.07007 
   25   25    1    1    1    1    1    1    1    1  1.02775E+11 0.03936 
   26   26    1    1    1    1    1    1    1    1  2.37483E+11 0.03700 
   27   27    1    1    1    1    1    1    1    1  5.41720E+11 0.02183 
   28   28    1    1    1    1    1    1    1    1  1.26924E+12 0.01548 
   29   29    1    1    1    1    1    1    1    1  2.16892E+12 0.01031 
   30   30    1    1    1    1    1    1    1    1  4.69440E+12 0.00513 
   31   31    1    1    1    1    1    1    1    1  1.13293E+13 0.00462 
   32   32    1    1    1    1    1    1    1    1  1.78982E+13 0.00342 
   33   33    1    1    1    1    1    1    1    1  3.83495E+13 0.00273 
   34   34    1    1    1    1    1    1    1    1  4.99525E+13 0.00272 
   35   35    1    1    1    1    1    1    1    1  5.54161E+13 0.00224 
   36   36    1    1    1    1    1    1    1    1  3.47798E+13 0.00217 
   37   37    1    1    1    1    1    1    1    1  1.02611E+13 0.00192 
   38   38    1    1    1    1    1    1    1    1  5.78942E+13 0.00199 
   39   39    1    1    1    1    1    1    1    1  7.66709E+13 0.00163 
   40   40    1    1    1    1    1    1    1    1  1.31339E+14 0.00154 
   41   41    1    1    1    1    1    1    1    1  1.26562E+14 0.00121 
   42   42    1    1    1    1    1    1    1    1  2.68986E+14 0.00134 
   43   43    1    1    1    1    1    1    1    1  3.20322E+14 0.00108 
   44   44    1    1    1    1    1    1    1    1  4.54344E+14 0.00080 
   45   45    1    1    1    1    1    1    1    1  8.97095E+14 0.00085 
   46   46    1    1    1    1    1    1    1    1  4.15269E+14 0.00057 
   47   47    1    1    1    1    1    1    1    1  6.52840E+14 0.00077 
   48   48    1    1    1    1    1    1    1    1  9.04251E+14 0.00065 
   49   49    1    1    1    1    1    1    1    1  8.77451E+14 0.00066 
   50   50    1    1    1    1    1    1    1    1  1.38375E+15 0.00056 
   51   51    1    1    1    1    1    1    1    1  1.07880E+15 0.00060 
   52   52    1    1    1    1    1    1    1    1  1.30223E+15 0.00041 
   53   53    1    1    1    1    1    1    1    1  9.00200E+14 0.00060 
   54   54    1    1    1    1    1    1    1    1  1.12122E+15 0.00048 
   55   55    1    1    1    1    1    1    1    1  7.71774E+14 0.00051 
   56   56    1    1    1    1    1    1    1    1  1.04486E+14 0.00084 
   57   57    1    1    1    1    1    1    1    1  1.52673E+15 0.00063 
   58   58    1    1    1    1    1    1    1    1  6.97786E+14 0.00067 
   59   59    1    1    1    1    1    1    1    1  7.38074E+14 0.00049 
   60   60    1    1    1    1    1    1    1    1  5.87233E+14 0.00059 
   61   61    1    1    1    1    1    1    1    1  5.86275E+14 0.00086 
   62   62    1    1    1    1    1    1    1    1  6.09718E+14 0.00071 
   63   63    1    1    1    1    1    1    1    1  5.15372E+14 0.00069 
   64   64    1    1    1    1    1    1    1    1  4.10773E+14 0.00078 
   65   65    1    1    1    1    1    1    1    1  4.08500E+14 0.00078 
   66   66    1    1    1    1    1    1    1    1  2.98115E+14 0.00109 
   67   67    1    1    1    1    1    1    1    1  2.41589E+14 0.00087 
   68   68    1    1    1    1    1    1    1    1  2.15300E+14 0.00116 
   69   69    1    1    1    1    1    1    1    1  2.58884E+14 0.00136 
   70   70    1    1    1    1    1    1    1    1  2.19914E+14 0.00121 
   71   71    1    1    1    1    1    1    1    1  3.95863E+14 0.00075 
   72   72    1    1    1    1    1    1    1    1  2.79587E+14 0.00099 
   73   73    1    1    1    1    1    1    1    1  2.12059E+14 0.00134 
   74   74    1    1    1    1    1    1    1    1  1.73002E+14 0.00135 
   75   75    1    1    1    1    1    1    1    1  1.44810E+14 0.00122 
   76   76    1    1    1    1    1    1    1    1  1.70414E+14 0.00096 
   77   77    1    1    1    1    1    1    1    1  1.36543E+14 0.00099 
   78   78    1    1    1    1    1    1    1    1  1.09389E+14 0.00131 
   79   79    1    1    1    1    1    1    1    1  1.13676E+14 0.00148 
   80   80    1    1    1    1    1    1    1    1  8.44917E+13 0.00167 
   81   81    1    1    1    1    1    1    1    1  6.54702E+13 0.00164 
   82   82    1    1    1    1    1    1    1    1  5.01109E+13 0.00222 
   83   83    1    1    1    1    1    1    1    1  4.67849E+13 0.00233 
   84   84    1    1    1    1    1    1    1    1  3.36558E+13 0.00242 
   85   85    1    1    1    1    1    1    1    1  2.41906E+13 0.00380 
   86   86    1    1    1    1    1    1    1    1  2.26287E+13 0.00384 
   87   87    1    1    1    1    1    1    1    1  1.38950E+13 0.00372 
   88   88    1    1    1    1    1    1    1    1  9.24692E+12 0.00486 
   89   89    1    1    1    1    1    1    1    1  5.30078E+12 0.00809 
   90   90    1    1    1    1    1    1    1    1  3.49114E+12 0.00880 
   91   91    1    1    1    1    1    1    1    1  1.72693E+12 0.01338 
   92   92    1    1    1    1    1    1    1    1  8.42747E+11 0.01745 
   93   93    1    1    1    1    1    1    1    1  4.04424E+11 0.01636 
   94   94    1    1    1    1    1    1    1    1  1.87192E+11 0.02819 
   95   95    1    1    1    1    1    1    1    1  9.92864E+10 0.04142 
   96   96    1    1    1    1    1    1    1    1  4.48184E+10 0.07514 
   97   97    1    1    1    1    1    1    1    1  2.41167E+10 0.07467 
   98   98    1    1    1    1    1    1    1    1  1.06851E+10 0.13899 
   99   99    1    1    1    1    1    1    1    1  3.82547E+09 0.19564 
  100  100    1    1    1    1    1    1    1    1  4.02773E+09 0.16899 
];


