
DETdpaspec = [
    1    1    1    1    1    1    1    1    1    1  0.00000E+00 0.00000 
    2    2    1    1    1    1    1    1    1    1  0.00000E+00 0.00000 
    3    3    1    1    1    1    1    1    1    1  0.00000E+00 0.00000 
    4    4    1    1    1    1    1    1    1    1  0.00000E+00 0.00000 
    5    5    1    1    1    1    1    1    1    1  0.00000E+00 0.00000 
    6    6    1    1    1    1    1    1    1    1  0.00000E+00 0.00000 
    7    7    1    1    1    1    1    1    1    1  1.80159E+07 1.00000 
    8    8    1    1    1    1    1    1    1    1  1.68171E+07 1.00000 
    9    9    1    1    1    1    1    1    1    1  1.70581E+07 1.00000 
   10   10    1    1    1    1    1    1    1    1  0.00000E+00 0.00000 
   11   11    1    1    1    1    1    1    1    1  1.25842E+08 1.00000 
   12   12    1    1    1    1    1    1    1    1  8.70516E+07 0.92622 
   13   13    1    1    1    1    1    1    1    1  0.00000E+00 0.00000 
   14   14    1    1    1    1    1    1    1    1  5.79748E+07 1.00000 
   15   15    1    1    1    1    1    1    1    1  9.42903E+08 0.47797 
   16   16    1    1    1    1    1    1    1    1  1.54451E+08 1.00000 
   17   17    1    1    1    1    1    1    1    1  3.10925E+08 0.57553 
   18   18    1    1    1    1    1    1    1    1  8.87433E+08 0.47876 
   19   19    1    1    1    1    1    1    1    1  9.50067E+08 0.41187 
   20   20    1    1    1    1    1    1    1    1  5.87209E+09 0.25763 
   21   21    1    1    1    1    1    1    1    1  5.39516E+09 0.21465 
   22   22    1    1    1    1    1    1    1    1  1.14197E+10 0.14135 
   23   23    1    1    1    1    1    1    1    1  3.10052E+10 0.11848 
   24   24    1    1    1    1    1    1    1    1  9.79950E+10 0.05575 
   25   25    1    1    1    1    1    1    1    1  1.62391E+11 0.03949 
   26   26    1    1    1    1    1    1    1    1  3.75922E+11 0.02319 
   27   27    1    1    1    1    1    1    1    1  8.29327E+11 0.01566 
   28   28    1    1    1    1    1    1    1    1  1.80067E+12 0.01628 
   29   29    1    1    1    1    1    1    1    1  2.97261E+12 0.01167 
   30   30    1    1    1    1    1    1    1    1  6.19316E+12 0.00899 
   31   31    1    1    1    1    1    1    1    1  1.41724E+13 0.00506 
   32   32    1    1    1    1    1    1    1    1  2.15037E+13 0.00385 
   33   33    1    1    1    1    1    1    1    1  4.45050E+13 0.00188 
   34   34    1    1    1    1    1    1    1    1  5.65546E+13 0.00184 
   35   35    1    1    1    1    1    1    1    1  6.06965E+13 0.00202 
   36   36    1    1    1    1    1    1    1    1  3.74664E+13 0.00227 
   37   37    1    1    1    1    1    1    1    1  1.10025E+13 0.00248 
   38   38    1    1    1    1    1    1    1    1  6.23238E+13 0.00165 
   39   39    1    1    1    1    1    1    1    1  8.22328E+13 0.00130 
   40   40    1    1    1    1    1    1    1    1  1.40077E+14 0.00103 
   41   41    1    1    1    1    1    1    1    1  1.34250E+14 0.00108 
   42   42    1    1    1    1    1    1    1    1  2.83613E+14 0.00105 
   43   43    1    1    1    1    1    1    1    1  3.35714E+14 0.00110 
   44   44    1    1    1    1    1    1    1    1  4.74172E+14 0.00083 
   45   45    1    1    1    1    1    1    1    1  9.29235E+14 0.00075 
   46   46    1    1    1    1    1    1    1    1  4.26081E+14 0.00065 
   47   47    1    1    1    1    1    1    1    1  6.67906E+14 0.00068 
   48   48    1    1    1    1    1    1    1    1  9.21100E+14 0.00072 
   49   49    1    1    1    1    1    1    1    1  8.90293E+14 0.00056 
   50   50    1    1    1    1    1    1    1    1  1.39878E+15 0.00033 
   51   51    1    1    1    1    1    1    1    1  1.08295E+15 0.00052 
   52   52    1    1    1    1    1    1    1    1  1.30546E+15 0.00059 
   53   53    1    1    1    1    1    1    1    1  8.99289E+14 0.00070 
   54   54    1    1    1    1    1    1    1    1  1.12092E+15 0.00049 
   55   55    1    1    1    1    1    1    1    1  7.69158E+14 0.00068 
   56   56    1    1    1    1    1    1    1    1  1.04080E+14 0.00083 
   57   57    1    1    1    1    1    1    1    1  1.51798E+15 0.00046 
   58   58    1    1    1    1    1    1    1    1  6.93664E+14 0.00071 
   59   59    1    1    1    1    1    1    1    1  7.33588E+14 0.00062 
   60   60    1    1    1    1    1    1    1    1  5.82837E+14 0.00076 
   61   61    1    1    1    1    1    1    1    1  5.81564E+14 0.00071 
   62   62    1    1    1    1    1    1    1    1  6.04043E+14 0.00068 
   63   63    1    1    1    1    1    1    1    1  5.10252E+14 0.00070 
   64   64    1    1    1    1    1    1    1    1  4.05511E+14 0.00076 
   65   65    1    1    1    1    1    1    1    1  4.03484E+14 0.00083 
   66   66    1    1    1    1    1    1    1    1  2.93834E+14 0.00099 
   67   67    1    1    1    1    1    1    1    1  2.38206E+14 0.00085 
   68   68    1    1    1    1    1    1    1    1  2.11548E+14 0.00099 
   69   69    1    1    1    1    1    1    1    1  2.53926E+14 0.00097 
   70   70    1    1    1    1    1    1    1    1  2.15495E+14 0.00105 
   71   71    1    1    1    1    1    1    1    1  3.86869E+14 0.00060 
   72   72    1    1    1    1    1    1    1    1  2.73423E+14 0.00069 
   73   73    1    1    1    1    1    1    1    1  2.06678E+14 0.00078 
   74   74    1    1    1    1    1    1    1    1  1.68072E+14 0.00132 
   75   75    1    1    1    1    1    1    1    1  1.41587E+14 0.00150 
   76   76    1    1    1    1    1    1    1    1  1.66078E+14 0.00114 
   77   77    1    1    1    1    1    1    1    1  1.32911E+14 0.00125 
   78   78    1    1    1    1    1    1    1    1  1.06689E+14 0.00118 
   79   79    1    1    1    1    1    1    1    1  1.10573E+14 0.00102 
   80   80    1    1    1    1    1    1    1    1  8.21328E+13 0.00143 
   81   81    1    1    1    1    1    1    1    1  6.35649E+13 0.00204 
   82   82    1    1    1    1    1    1    1    1  4.86581E+13 0.00214 
   83   83    1    1    1    1    1    1    1    1  4.55052E+13 0.00162 
   84   84    1    1    1    1    1    1    1    1  3.27116E+13 0.00272 
   85   85    1    1    1    1    1    1    1    1  2.35807E+13 0.00226 
   86   86    1    1    1    1    1    1    1    1  2.18609E+13 0.00216 
   87   87    1    1    1    1    1    1    1    1  1.33755E+13 0.00504 
   88   88    1    1    1    1    1    1    1    1  8.97049E+12 0.00366 
   89   89    1    1    1    1    1    1    1    1  5.13890E+12 0.00777 
   90   90    1    1    1    1    1    1    1    1  3.34739E+12 0.00722 
   91   91    1    1    1    1    1    1    1    1  1.62262E+12 0.01249 
   92   92    1    1    1    1    1    1    1    1  8.03769E+11 0.01586 
   93   93    1    1    1    1    1    1    1    1  3.66322E+11 0.03152 
   94   94    1    1    1    1    1    1    1    1  1.90747E+11 0.03165 
   95   95    1    1    1    1    1    1    1    1  8.95725E+10 0.05867 
   96   96    1    1    1    1    1    1    1    1  3.65049E+10 0.06437 
   97   97    1    1    1    1    1    1    1    1  1.53113E+10 0.07063 
   98   98    1    1    1    1    1    1    1    1  9.39905E+09 0.13418 
   99   99    1    1    1    1    1    1    1    1  3.88171E+09 0.26806 
  100  100    1    1    1    1    1    1    1    1  2.95331E+09 0.26378 
];


