
DETdpaspec = [
    1    1    1    1    1    1    1    1    1    1  0.00000E+00 0.00000 
    2    2    1    1    1    1    1    1    1    1  0.00000E+00 0.00000 
    3    3    1    1    1    1    1    1    1    1  0.00000E+00 0.00000 
    4    4    1    1    1    1    1    1    1    1  0.00000E+00 0.00000 
    5    5    1    1    1    1    1    1    1    1  0.00000E+00 0.00000 
    6    6    1    1    1    1    1    1    1    1  0.00000E+00 0.00000 
    7    7    1    1    1    1    1    1    1    1  0.00000E+00 0.00000 
    8    8    1    1    1    1    1    1    1    1  0.00000E+00 0.00000 
    9    9    1    1    1    1    1    1    1    1  0.00000E+00 0.00000 
   10   10    1    1    1    1    1    1    1    1  2.68825E+07 1.00000 
   11   11    1    1    1    1    1    1    1    1  4.19293E+07 1.00000 
   12   12    1    1    1    1    1    1    1    1  0.00000E+00 0.00000 
   13   13    1    1    1    1    1    1    1    1  9.03836E+08 0.77405 
   14   14    1    1    1    1    1    1    1    1  5.60696E+08 0.57155 
   15   15    1    1    1    1    1    1    1    1  1.09275E+09 0.76739 
   16   16    1    1    1    1    1    1    1    1  4.21285E+08 0.51442 
   17   17    1    1    1    1    1    1    1    1  9.34464E+08 0.50374 
   18   18    1    1    1    1    1    1    1    1  9.46838E+08 0.34273 
   19   19    1    1    1    1    1    1    1    1  1.28836E+09 0.31636 
   20   20    1    1    1    1    1    1    1    1  6.55150E+09 0.25364 
   21   21    1    1    1    1    1    1    1    1  5.61079E+09 0.14374 
   22   22    1    1    1    1    1    1    1    1  1.03407E+10 0.12847 
   23   23    1    1    1    1    1    1    1    1  1.99957E+10 0.13571 
   24   24    1    1    1    1    1    1    1    1  4.83583E+10 0.08060 
   25   25    1    1    1    1    1    1    1    1  8.57751E+10 0.04405 
   26   26    1    1    1    1    1    1    1    1  1.86507E+11 0.03471 
   27   27    1    1    1    1    1    1    1    1  4.15536E+11 0.02961 
   28   28    1    1    1    1    1    1    1    1  1.02132E+12 0.01325 
   29   29    1    1    1    1    1    1    1    1  1.75777E+12 0.00939 
   30   30    1    1    1    1    1    1    1    1  3.94750E+12 0.00954 
   31   31    1    1    1    1    1    1    1    1  9.99253E+12 0.00602 
   32   32    1    1    1    1    1    1    1    1  1.62262E+13 0.00424 
   33   33    1    1    1    1    1    1    1    1  3.50896E+13 0.00290 
   34   34    1    1    1    1    1    1    1    1  4.64660E+13 0.00236 
   35   35    1    1    1    1    1    1    1    1  5.24759E+13 0.00248 
   36   36    1    1    1    1    1    1    1    1  3.32232E+13 0.00208 
   37   37    1    1    1    1    1    1    1    1  9.83278E+12 0.00229 
   38   38    1    1    1    1    1    1    1    1  5.56532E+13 0.00242 
   39   39    1    1    1    1    1    1    1    1  7.38535E+13 0.00172 
   40   40    1    1    1    1    1    1    1    1  1.26365E+14 0.00131 
   41   41    1    1    1    1    1    1    1    1  1.22368E+14 0.00166 
   42   42    1    1    1    1    1    1    1    1  2.60617E+14 0.00136 
   43   43    1    1    1    1    1    1    1    1  3.11068E+14 0.00095 
   44   44    1    1    1    1    1    1    1    1  4.42765E+14 0.00091 
   45   45    1    1    1    1    1    1    1    1  8.76856E+14 0.00067 
   46   46    1    1    1    1    1    1    1    1  4.07076E+14 0.00082 
   47   47    1    1    1    1    1    1    1    1  6.41767E+14 0.00064 
   48   48    1    1    1    1    1    1    1    1  8.92958E+14 0.00053 
   49   49    1    1    1    1    1    1    1    1  8.68941E+14 0.00062 
   50   50    1    1    1    1    1    1    1    1  1.37308E+15 0.00047 
   51   51    1    1    1    1    1    1    1    1  1.07259E+15 0.00056 
   52   52    1    1    1    1    1    1    1    1  1.29630E+15 0.00049 
   53   53    1    1    1    1    1    1    1    1  8.98538E+14 0.00054 
   54   54    1    1    1    1    1    1    1    1  1.11959E+15 0.00050 
   55   55    1    1    1    1    1    1    1    1  7.70789E+14 0.00034 
   56   56    1    1    1    1    1    1    1    1  1.04387E+14 0.00170 
   57   57    1    1    1    1    1    1    1    1  1.52608E+15 0.00043 
   58   58    1    1    1    1    1    1    1    1  6.97804E+14 0.00060 
   59   59    1    1    1    1    1    1    1    1  7.40709E+14 0.00058 
   60   60    1    1    1    1    1    1    1    1  5.88094E+14 0.00062 
   61   61    1    1    1    1    1    1    1    1  5.88058E+14 0.00075 
   62   62    1    1    1    1    1    1    1    1  6.11430E+14 0.00067 
   63   63    1    1    1    1    1    1    1    1  5.18210E+14 0.00095 
   64   64    1    1    1    1    1    1    1    1  4.12811E+14 0.00093 
   65   65    1    1    1    1    1    1    1    1  4.12003E+14 0.00111 
   66   66    1    1    1    1    1    1    1    1  3.00248E+14 0.00089 
   67   67    1    1    1    1    1    1    1    1  2.43499E+14 0.00116 
   68   68    1    1    1    1    1    1    1    1  2.17292E+14 0.00117 
   69   69    1    1    1    1    1    1    1    1  2.61312E+14 0.00116 
   70   70    1    1    1    1    1    1    1    1  2.21750E+14 0.00114 
   71   71    1    1    1    1    1    1    1    1  4.00335E+14 0.00079 
   72   72    1    1    1    1    1    1    1    1  2.83008E+14 0.00078 
   73   73    1    1    1    1    1    1    1    1  2.14527E+14 0.00115 
   74   74    1    1    1    1    1    1    1    1  1.74926E+14 0.00145 
   75   75    1    1    1    1    1    1    1    1  1.46964E+14 0.00104 
   76   76    1    1    1    1    1    1    1    1  1.72322E+14 0.00114 
   77   77    1    1    1    1    1    1    1    1  1.37689E+14 0.00092 
   78   78    1    1    1    1    1    1    1    1  1.10328E+14 0.00173 
   79   79    1    1    1    1    1    1    1    1  1.14859E+14 0.00125 
   80   80    1    1    1    1    1    1    1    1  8.52741E+13 0.00189 
   81   81    1    1    1    1    1    1    1    1  6.58937E+13 0.00146 
   82   82    1    1    1    1    1    1    1    1  5.07821E+13 0.00193 
   83   83    1    1    1    1    1    1    1    1  4.72612E+13 0.00260 
   84   84    1    1    1    1    1    1    1    1  3.40350E+13 0.00300 
   85   85    1    1    1    1    1    1    1    1  2.45701E+13 0.00334 
   86   86    1    1    1    1    1    1    1    1  2.29564E+13 0.00249 
   87   87    1    1    1    1    1    1    1    1  1.39865E+13 0.00200 
   88   88    1    1    1    1    1    1    1    1  9.40109E+12 0.00383 
   89   89    1    1    1    1    1    1    1    1  5.36046E+12 0.00389 
   90   90    1    1    1    1    1    1    1    1  3.50411E+12 0.01102 
   91   91    1    1    1    1    1    1    1    1  1.76932E+12 0.01138 
   92   92    1    1    1    1    1    1    1    1  8.75294E+11 0.01853 
   93   93    1    1    1    1    1    1    1    1  4.13144E+11 0.02120 
   94   94    1    1    1    1    1    1    1    1  1.85866E+11 0.03330 
   95   95    1    1    1    1    1    1    1    1  9.13614E+10 0.04633 
   96   96    1    1    1    1    1    1    1    1  3.91348E+10 0.07418 
   97   97    1    1    1    1    1    1    1    1  1.74182E+10 0.11101 
   98   98    1    1    1    1    1    1    1    1  8.28726E+09 0.14493 
   99   99    1    1    1    1    1    1    1    1  6.23839E+09 0.24735 
  100  100    1    1    1    1    1    1    1    1  4.90535E+09 0.30016 
];


