
DETdpaspec = [
    1    1    1    1    1    1    1    1    1    1  0.00000E+00 0.00000 
    2    2    1    1    1    1    1    1    1    1  0.00000E+00 0.00000 
    3    3    1    1    1    1    1    1    1    1  0.00000E+00 0.00000 
    4    4    1    1    1    1    1    1    1    1  0.00000E+00 0.00000 
    5    5    1    1    1    1    1    1    1    1  0.00000E+00 0.00000 
    6    6    1    1    1    1    1    1    1    1  0.00000E+00 0.00000 
    7    7    1    1    1    1    1    1    1    1  9.91675E+06 1.00000 
    8    8    1    1    1    1    1    1    1    1  7.06066E+06 1.00000 
    9    9    1    1    1    1    1    1    1    1  0.00000E+00 0.00000 
   10   10    1    1    1    1    1    1    1    1  0.00000E+00 0.00000 
   11   11    1    1    1    1    1    1    1    1  1.29821E+08 0.58617 
   12   12    1    1    1    1    1    1    1    1  2.91505E+07 0.71190 
   13   13    1    1    1    1    1    1    1    1  5.26164E+08 0.82639 
   14   14    1    1    1    1    1    1    1    1  9.48132E+08 0.49326 
   15   15    1    1    1    1    1    1    1    1  9.69367E+08 0.47143 
   16   16    1    1    1    1    1    1    1    1  4.50625E+08 0.55467 
   17   17    1    1    1    1    1    1    1    1  5.78338E+08 0.60361 
   18   18    1    1    1    1    1    1    1    1  2.31771E+09 0.31294 
   19   19    1    1    1    1    1    1    1    1  3.13984E+09 0.23731 
   20   20    1    1    1    1    1    1    1    1  7.68959E+09 0.11780 
   21   21    1    1    1    1    1    1    1    1  7.80614E+09 0.12065 
   22   22    1    1    1    1    1    1    1    1  1.62255E+10 0.12583 
   23   23    1    1    1    1    1    1    1    1  2.58505E+10 0.07054 
   24   24    1    1    1    1    1    1    1    1  3.94190E+10 0.07426 
   25   25    1    1    1    1    1    1    1    1  4.33604E+10 0.06902 
   26   26    1    1    1    1    1    1    1    1  8.03506E+10 0.04840 
   27   27    1    1    1    1    1    1    1    1  1.63303E+11 0.04124 
   28   28    1    1    1    1    1    1    1    1  3.84771E+11 0.02503 
   29   29    1    1    1    1    1    1    1    1  6.68879E+11 0.01604 
   30   30    1    1    1    1    1    1    1    1  1.76596E+12 0.01439 
   31   31    1    1    1    1    1    1    1    1  5.26927E+12 0.00697 
   32   32    1    1    1    1    1    1    1    1  9.42082E+12 0.00448 
   33   33    1    1    1    1    1    1    1    1  2.20322E+13 0.00437 
   34   34    1    1    1    1    1    1    1    1  3.05235E+13 0.00248 
   35   35    1    1    1    1    1    1    1    1  3.92639E+13 0.00262 
   36   36    1    1    1    1    1    1    1    1  2.66076E+13 0.00248 
   37   37    1    1    1    1    1    1    1    1  8.09913E+12 0.00272 
   38   38    1    1    1    1    1    1    1    1  4.52764E+13 0.00258 
   39   39    1    1    1    1    1    1    1    1  6.07493E+13 0.00209 
   40   40    1    1    1    1    1    1    1    1  1.04568E+14 0.00152 
   41   41    1    1    1    1    1    1    1    1  1.04532E+14 0.00163 
   42   42    1    1    1    1    1    1    1    1  2.21353E+14 0.00103 
   43   43    1    1    1    1    1    1    1    1  2.67353E+14 0.00103 
   44   44    1    1    1    1    1    1    1    1  3.86447E+14 0.00082 
   45   45    1    1    1    1    1    1    1    1  7.74447E+14 0.00072 
   46   46    1    1    1    1    1    1    1    1  3.69888E+14 0.00060 
   47   47    1    1    1    1    1    1    1    1  5.90435E+14 0.00073 
   48   48    1    1    1    1    1    1    1    1  8.31667E+14 0.00062 
   49   49    1    1    1    1    1    1    1    1  8.20631E+14 0.00061 
   50   50    1    1    1    1    1    1    1    1  1.29858E+15 0.00055 
   51   51    1    1    1    1    1    1    1    1  1.03824E+15 0.00068 
   52   52    1    1    1    1    1    1    1    1  1.24716E+15 0.00068 
   53   53    1    1    1    1    1    1    1    1  8.75431E+14 0.00076 
   54   54    1    1    1    1    1    1    1    1  1.08483E+15 0.00053 
   55   55    1    1    1    1    1    1    1    1  7.53350E+14 0.00092 
   56   56    1    1    1    1    1    1    1    1  1.02861E+14 0.00080 
   57   57    1    1    1    1    1    1    1    1  1.50184E+15 0.00048 
   58   58    1    1    1    1    1    1    1    1  6.78253E+14 0.00064 
   59   59    1    1    1    1    1    1    1    1  7.26027E+14 0.00097 
   60   60    1    1    1    1    1    1    1    1  5.72008E+14 0.00056 
   61   61    1    1    1    1    1    1    1    1  5.74764E+14 0.00077 
   62   62    1    1    1    1    1    1    1    1  5.98737E+14 0.00074 
   63   63    1    1    1    1    1    1    1    1  5.07064E+14 0.00083 
   64   64    1    1    1    1    1    1    1    1  4.05364E+14 0.00069 
   65   65    1    1    1    1    1    1    1    1  4.04866E+14 0.00105 
   66   66    1    1    1    1    1    1    1    1  2.96134E+14 0.00099 
   67   67    1    1    1    1    1    1    1    1  2.41191E+14 0.00114 
   68   68    1    1    1    1    1    1    1    1  2.16094E+14 0.00106 
   69   69    1    1    1    1    1    1    1    1  2.60246E+14 0.00121 
   70   70    1    1    1    1    1    1    1    1  2.22150E+14 0.00105 
   71   71    1    1    1    1    1    1    1    1  4.07233E+14 0.00088 
   72   72    1    1    1    1    1    1    1    1  2.89267E+14 0.00125 
   73   73    1    1    1    1    1    1    1    1  2.19674E+14 0.00097 
   74   74    1    1    1    1    1    1    1    1  1.77492E+14 0.00134 
   75   75    1    1    1    1    1    1    1    1  1.47724E+14 0.00128 
   76   76    1    1    1    1    1    1    1    1  1.72411E+14 0.00169 
   77   77    1    1    1    1    1    1    1    1  1.36508E+14 0.00170 
   78   78    1    1    1    1    1    1    1    1  1.08896E+14 0.00149 
   79   79    1    1    1    1    1    1    1    1  1.12498E+14 0.00128 
   80   80    1    1    1    1    1    1    1    1  8.34966E+13 0.00167 
   81   81    1    1    1    1    1    1    1    1  6.46933E+13 0.00232 
   82   82    1    1    1    1    1    1    1    1  4.93277E+13 0.00143 
   83   83    1    1    1    1    1    1    1    1  4.61363E+13 0.00184 
   84   84    1    1    1    1    1    1    1    1  3.32789E+13 0.00296 
   85   85    1    1    1    1    1    1    1    1  2.38356E+13 0.00326 
   86   86    1    1    1    1    1    1    1    1  2.24711E+13 0.00282 
   87   87    1    1    1    1    1    1    1    1  1.38473E+13 0.00450 
   88   88    1    1    1    1    1    1    1    1  9.29295E+12 0.00685 
   89   89    1    1    1    1    1    1    1    1  5.37266E+12 0.00592 
   90   90    1    1    1    1    1    1    1    1  3.54370E+12 0.00909 
   91   91    1    1    1    1    1    1    1    1  1.75614E+12 0.01143 
   92   92    1    1    1    1    1    1    1    1  8.70708E+11 0.02187 
   93   93    1    1    1    1    1    1    1    1  4.01591E+11 0.02028 
   94   94    1    1    1    1    1    1    1    1  2.06569E+11 0.03062 
   95   95    1    1    1    1    1    1    1    1  9.95830E+10 0.04545 
   96   96    1    1    1    1    1    1    1    1  4.21502E+10 0.05910 
   97   97    1    1    1    1    1    1    1    1  1.96935E+10 0.11226 
   98   98    1    1    1    1    1    1    1    1  8.58330E+09 0.15831 
   99   99    1    1    1    1    1    1    1    1  4.69378E+09 0.23580 
  100  100    1    1    1    1    1    1    1    1  3.11746E+09 0.31166 
];


