
DETdpaspec = [
    1    1    1    1    1    1    1    1    1    1  0.00000E+00 0.00000 
    2    2    1    1    1    1    1    1    1    1  0.00000E+00 0.00000 
    3    3    1    1    1    1    1    1    1    1  0.00000E+00 0.00000 
    4    4    1    1    1    1    1    1    1    1  0.00000E+00 0.00000 
    5    5    1    1    1    1    1    1    1    1  0.00000E+00 0.00000 
    6    6    1    1    1    1    1    1    1    1  0.00000E+00 0.00000 
    7    7    1    1    1    1    1    1    1    1  0.00000E+00 0.00000 
    8    8    1    1    1    1    1    1    1    1  0.00000E+00 0.00000 
    9    9    1    1    1    1    1    1    1    1  0.00000E+00 0.00000 
   10   10    1    1    1    1    1    1    1    1  1.03741E+08 1.00000 
   11   11    1    1    1    1    1    1    1    1  0.00000E+00 0.00000 
   12   12    1    1    1    1    1    1    1    1  0.00000E+00 0.00000 
   13   13    1    1    1    1    1    1    1    1  7.43756E+08 0.73420 
   14   14    1    1    1    1    1    1    1    1  4.40590E+08 0.49135 
   15   15    1    1    1    1    1    1    1    1  1.22154E+09 0.45180 
   16   16    1    1    1    1    1    1    1    1  7.03809E+08 0.37991 
   17   17    1    1    1    1    1    1    1    1  1.08709E+09 0.41011 
   18   18    1    1    1    1    1    1    1    1  1.18067E+09 0.34036 
   19   19    1    1    1    1    1    1    1    1  1.92653E+09 0.28906 
   20   20    1    1    1    1    1    1    1    1  6.45714E+09 0.20578 
   21   21    1    1    1    1    1    1    1    1  5.54270E+09 0.16236 
   22   22    1    1    1    1    1    1    1    1  1.01456E+10 0.12730 
   23   23    1    1    1    1    1    1    1    1  3.47983E+10 0.06646 
   24   24    1    1    1    1    1    1    1    1  1.05510E+11 0.04560 
   25   25    1    1    1    1    1    1    1    1  1.67701E+11 0.02787 
   26   26    1    1    1    1    1    1    1    1  3.76958E+11 0.02753 
   27   27    1    1    1    1    1    1    1    1  8.14987E+11 0.01881 
   28   28    1    1    1    1    1    1    1    1  1.77028E+12 0.01056 
   29   29    1    1    1    1    1    1    1    1  2.91747E+12 0.01187 
   30   30    1    1    1    1    1    1    1    1  6.13163E+12 0.00626 
   31   31    1    1    1    1    1    1    1    1  1.39975E+13 0.00344 
   32   32    1    1    1    1    1    1    1    1  2.14938E+13 0.00297 
   33   33    1    1    1    1    1    1    1    1  4.42726E+13 0.00284 
   34   34    1    1    1    1    1    1    1    1  5.63613E+13 0.00158 
   35   35    1    1    1    1    1    1    1    1  6.06361E+13 0.00145 
   36   36    1    1    1    1    1    1    1    1  3.75319E+13 0.00154 
   37   37    1    1    1    1    1    1    1    1  1.10092E+13 0.00201 
   38   38    1    1    1    1    1    1    1    1  6.23169E+13 0.00209 
   39   39    1    1    1    1    1    1    1    1  8.21282E+13 0.00150 
   40   40    1    1    1    1    1    1    1    1  1.39692E+14 0.00146 
   41   41    1    1    1    1    1    1    1    1  1.33939E+14 0.00143 
   42   42    1    1    1    1    1    1    1    1  2.83318E+14 0.00100 
   43   43    1    1    1    1    1    1    1    1  3.36248E+14 0.00072 
   44   44    1    1    1    1    1    1    1    1  4.73573E+14 0.00071 
   45   45    1    1    1    1    1    1    1    1  9.28763E+14 0.00058 
   46   46    1    1    1    1    1    1    1    1  4.26084E+14 0.00065 
   47   47    1    1    1    1    1    1    1    1  6.67616E+14 0.00079 
   48   48    1    1    1    1    1    1    1    1  9.20906E+14 0.00040 
   49   49    1    1    1    1    1    1    1    1  8.90892E+14 0.00054 
   50   50    1    1    1    1    1    1    1    1  1.40014E+15 0.00047 
   51   51    1    1    1    1    1    1    1    1  1.08431E+15 0.00057 
   52   52    1    1    1    1    1    1    1    1  1.30576E+15 0.00053 
   53   53    1    1    1    1    1    1    1    1  9.01106E+14 0.00050 
   54   54    1    1    1    1    1    1    1    1  1.12132E+15 0.00056 
   55   55    1    1    1    1    1    1    1    1  7.70281E+14 0.00063 
   56   56    1    1    1    1    1    1    1    1  1.03931E+14 0.00103 
   57   57    1    1    1    1    1    1    1    1  1.51894E+15 0.00048 
   58   58    1    1    1    1    1    1    1    1  6.93917E+14 0.00054 
   59   59    1    1    1    1    1    1    1    1  7.32941E+14 0.00060 
   60   60    1    1    1    1    1    1    1    1  5.82998E+14 0.00073 
   61   61    1    1    1    1    1    1    1    1  5.81950E+14 0.00073 
   62   62    1    1    1    1    1    1    1    1  6.04505E+14 0.00060 
   63   63    1    1    1    1    1    1    1    1  5.10982E+14 0.00054 
   64   64    1    1    1    1    1    1    1    1  4.06412E+14 0.00072 
   65   65    1    1    1    1    1    1    1    1  4.03317E+14 0.00106 
   66   66    1    1    1    1    1    1    1    1  2.94348E+14 0.00100 
   67   67    1    1    1    1    1    1    1    1  2.38149E+14 0.00087 
   68   68    1    1    1    1    1    1    1    1  2.12399E+14 0.00102 
   69   69    1    1    1    1    1    1    1    1  2.53940E+14 0.00110 
   70   70    1    1    1    1    1    1    1    1  2.15116E+14 0.00119 
   71   71    1    1    1    1    1    1    1    1  3.87346E+14 0.00089 
   72   72    1    1    1    1    1    1    1    1  2.73336E+14 0.00095 
   73   73    1    1    1    1    1    1    1    1  2.07567E+14 0.00101 
   74   74    1    1    1    1    1    1    1    1  1.68773E+14 0.00104 
   75   75    1    1    1    1    1    1    1    1  1.41683E+14 0.00112 
   76   76    1    1    1    1    1    1    1    1  1.66097E+14 0.00140 
   77   77    1    1    1    1    1    1    1    1  1.32891E+14 0.00117 
   78   78    1    1    1    1    1    1    1    1  1.07045E+14 0.00121 
   79   79    1    1    1    1    1    1    1    1  1.10939E+14 0.00150 
   80   80    1    1    1    1    1    1    1    1  8.27147E+13 0.00167 
   81   81    1    1    1    1    1    1    1    1  6.35962E+13 0.00179 
   82   82    1    1    1    1    1    1    1    1  4.88314E+13 0.00193 
   83   83    1    1    1    1    1    1    1    1  4.56137E+13 0.00272 
   84   84    1    1    1    1    1    1    1    1  3.28379E+13 0.00268 
   85   85    1    1    1    1    1    1    1    1  2.35856E+13 0.00268 
   86   86    1    1    1    1    1    1    1    1  2.20646E+13 0.00314 
   87   87    1    1    1    1    1    1    1    1  1.34130E+13 0.00530 
   88   88    1    1    1    1    1    1    1    1  8.94313E+12 0.00566 
   89   89    1    1    1    1    1    1    1    1  5.09643E+12 0.00718 
   90   90    1    1    1    1    1    1    1    1  3.33181E+12 0.00838 
   91   91    1    1    1    1    1    1    1    1  1.68251E+12 0.01405 
   92   92    1    1    1    1    1    1    1    1  7.91203E+11 0.01665 
   93   93    1    1    1    1    1    1    1    1  3.72906E+11 0.02408 
   94   94    1    1    1    1    1    1    1    1  1.80889E+11 0.03766 
   95   95    1    1    1    1    1    1    1    1  8.54280E+10 0.04847 
   96   96    1    1    1    1    1    1    1    1  3.84310E+10 0.09511 
   97   97    1    1    1    1    1    1    1    1  1.86597E+10 0.09516 
   98   98    1    1    1    1    1    1    1    1  9.31175E+09 0.11139 
   99   99    1    1    1    1    1    1    1    1  1.80289E+09 0.25517 
  100  100    1    1    1    1    1    1    1    1  3.35003E+09 0.25655 
];


