
DETdpaspec = [
    1    1    1    1    1    1    1    1    1    1  0.00000E+00 0.00000 
    2    2    1    1    1    1    1    1    1    1  0.00000E+00 0.00000 
    3    3    1    1    1    1    1    1    1    1  0.00000E+00 0.00000 
    4    4    1    1    1    1    1    1    1    1  0.00000E+00 0.00000 
    5    5    1    1    1    1    1    1    1    1  0.00000E+00 0.00000 
    6    6    1    1    1    1    1    1    1    1  0.00000E+00 0.00000 
    7    7    1    1    1    1    1    1    1    1  2.12814E+07 1.00000 
    8    8    1    1    1    1    1    1    1    1  0.00000E+00 0.00000 
    9    9    1    1    1    1    1    1    1    1  0.00000E+00 0.00000 
   10   10    1    1    1    1    1    1    1    1  0.00000E+00 0.00000 
   11   11    1    1    1    1    1    1    1    1  0.00000E+00 0.00000 
   12   12    1    1    1    1    1    1    1    1  8.26324E+07 0.60125 
   13   13    1    1    1    1    1    1    1    1  2.03514E+08 0.77805 
   14   14    1    1    1    1    1    1    1    1  6.34505E+08 0.63310 
   15   15    1    1    1    1    1    1    1    1  1.23003E+09 0.64826 
   16   16    1    1    1    1    1    1    1    1  4.16451E+07 1.00000 
   17   17    1    1    1    1    1    1    1    1  2.65382E+08 0.71497 
   18   18    1    1    1    1    1    1    1    1  6.58461E+08 0.57813 
   19   19    1    1    1    1    1    1    1    1  1.35975E+09 0.39693 
   20   20    1    1    1    1    1    1    1    1  2.92601E+09 0.34933 
   21   21    1    1    1    1    1    1    1    1  3.62483E+09 0.27318 
   22   22    1    1    1    1    1    1    1    1  1.35660E+10 0.16276 
   23   23    1    1    1    1    1    1    1    1  6.18932E+10 0.06510 
   24   24    1    1    1    1    1    1    1    1  1.88252E+11 0.03671 
   25   25    1    1    1    1    1    1    1    1  3.22349E+11 0.02897 
   26   26    1    1    1    1    1    1    1    1  6.83929E+11 0.01831 
   27   27    1    1    1    1    1    1    1    1  1.37798E+12 0.01233 
   28   28    1    1    1    1    1    1    1    1  2.74867E+12 0.01102 
   29   29    1    1    1    1    1    1    1    1  4.35427E+12 0.00804 
   30   30    1    1    1    1    1    1    1    1  8.64188E+12 0.00374 
   31   31    1    1    1    1    1    1    1    1  1.82790E+13 0.00334 
   32   32    1    1    1    1    1    1    1    1  2.67282E+13 0.00429 
   33   33    1    1    1    1    1    1    1    1  5.29368E+13 0.00258 
   34   34    1    1    1    1    1    1    1    1  6.54047E+13 0.00255 
   35   35    1    1    1    1    1    1    1    1  6.78825E+13 0.00182 
   36   36    1    1    1    1    1    1    1    1  4.13091E+13 0.00188 
   37   37    1    1    1    1    1    1    1    1  1.20185E+13 0.00201 
   38   38    1    1    1    1    1    1    1    1  6.80769E+13 0.00174 
   39   39    1    1    1    1    1    1    1    1  8.90003E+13 0.00113 
   40   40    1    1    1    1    1    1    1    1  1.50694E+14 0.00129 
   41   41    1    1    1    1    1    1    1    1  1.43168E+14 0.00131 
   42   42    1    1    1    1    1    1    1    1  3.02139E+14 0.00078 
   43   43    1    1    1    1    1    1    1    1  3.55807E+14 0.00096 
   44   44    1    1    1    1    1    1    1    1  4.98551E+14 0.00099 
   45   45    1    1    1    1    1    1    1    1  9.68288E+14 0.00066 
   46   46    1    1    1    1    1    1    1    1  4.39468E+14 0.00088 
   47   47    1    1    1    1    1    1    1    1  6.85956E+14 0.00081 
   48   48    1    1    1    1    1    1    1    1  9.40276E+14 0.00065 
   49   49    1    1    1    1    1    1    1    1  9.05159E+14 0.00065 
   50   50    1    1    1    1    1    1    1    1  1.41630E+15 0.00052 
   51   51    1    1    1    1    1    1    1    1  1.08820E+15 0.00051 
   52   52    1    1    1    1    1    1    1    1  1.30694E+15 0.00061 
   53   53    1    1    1    1    1    1    1    1  8.96788E+14 0.00053 
   54   54    1    1    1    1    1    1    1    1  1.11460E+15 0.00050 
   55   55    1    1    1    1    1    1    1    1  7.63865E+14 0.00036 
   56   56    1    1    1    1    1    1    1    1  1.03123E+14 0.00118 
   57   57    1    1    1    1    1    1    1    1  1.50108E+15 0.00038 
   58   58    1    1    1    1    1    1    1    1  6.85050E+14 0.00071 
   59   59    1    1    1    1    1    1    1    1  7.22576E+14 0.00046 
   60   60    1    1    1    1    1    1    1    1  5.74570E+14 0.00057 
   61   61    1    1    1    1    1    1    1    1  5.72692E+14 0.00083 
   62   62    1    1    1    1    1    1    1    1  5.93461E+14 0.00076 
   63   63    1    1    1    1    1    1    1    1  5.00285E+14 0.00079 
   64   64    1    1    1    1    1    1    1    1  3.97403E+14 0.00067 
   65   65    1    1    1    1    1    1    1    1  3.94238E+14 0.00067 
   66   66    1    1    1    1    1    1    1    1  2.86649E+14 0.00112 
   67   67    1    1    1    1    1    1    1    1  2.31632E+14 0.00117 
   68   68    1    1    1    1    1    1    1    1  2.06456E+14 0.00099 
   69   69    1    1    1    1    1    1    1    1  2.46763E+14 0.00103 
   70   70    1    1    1    1    1    1    1    1  2.09349E+14 0.00077 
   71   71    1    1    1    1    1    1    1    1  3.73692E+14 0.00083 
   72   72    1    1    1    1    1    1    1    1  2.63568E+14 0.00107 
   73   73    1    1    1    1    1    1    1    1  1.99188E+14 0.00098 
   74   74    1    1    1    1    1    1    1    1  1.62073E+14 0.00142 
   75   75    1    1    1    1    1    1    1    1  1.36244E+14 0.00105 
   76   76    1    1    1    1    1    1    1    1  1.59817E+14 0.00138 
   77   77    1    1    1    1    1    1    1    1  1.27852E+14 0.00148 
   78   78    1    1    1    1    1    1    1    1  1.02364E+14 0.00151 
   79   79    1    1    1    1    1    1    1    1  1.06370E+14 0.00144 
   80   80    1    1    1    1    1    1    1    1  7.90482E+13 0.00128 
   81   81    1    1    1    1    1    1    1    1  6.08261E+13 0.00175 
   82   82    1    1    1    1    1    1    1    1  4.67722E+13 0.00182 
   83   83    1    1    1    1    1    1    1    1  4.37373E+13 0.00201 
   84   84    1    1    1    1    1    1    1    1  3.13632E+13 0.00278 
   85   85    1    1    1    1    1    1    1    1  2.25727E+13 0.00331 
   86   86    1    1    1    1    1    1    1    1  2.10439E+13 0.00322 
   87   87    1    1    1    1    1    1    1    1  1.26574E+13 0.00425 
   88   88    1    1    1    1    1    1    1    1  8.42431E+12 0.00656 
   89   89    1    1    1    1    1    1    1    1  4.83673E+12 0.00758 
   90   90    1    1    1    1    1    1    1    1  3.15046E+12 0.01075 
   91   91    1    1    1    1    1    1    1    1  1.59253E+12 0.00965 
   92   92    1    1    1    1    1    1    1    1  7.60495E+11 0.02142 
   93   93    1    1    1    1    1    1    1    1  3.71962E+11 0.02069 
   94   94    1    1    1    1    1    1    1    1  1.68523E+11 0.03107 
   95   95    1    1    1    1    1    1    1    1  7.56262E+10 0.05133 
   96   96    1    1    1    1    1    1    1    1  3.71599E+10 0.07726 
   97   97    1    1    1    1    1    1    1    1  2.11324E+10 0.07242 
   98   98    1    1    1    1    1    1    1    1  6.43294E+09 0.19111 
   99   99    1    1    1    1    1    1    1    1  6.45294E+09 0.17940 
  100  100    1    1    1    1    1    1    1    1  4.14792E+09 0.23401 
];


