
DETdpaspec = [
    1    1    1    1    1    1    1    1    1    1  0.00000E+00 0.00000 
    2    2    1    1    1    1    1    1    1    1  0.00000E+00 0.00000 
    3    3    1    1    1    1    1    1    1    1  0.00000E+00 0.00000 
    4    4    1    1    1    1    1    1    1    1  0.00000E+00 0.00000 
    5    5    1    1    1    1    1    1    1    1  0.00000E+00 0.00000 
    6    6    1    1    1    1    1    1    1    1  0.00000E+00 0.00000 
    7    7    1    1    1    1    1    1    1    1  0.00000E+00 0.00000 
    8    8    1    1    1    1    1    1    1    1  0.00000E+00 0.00000 
    9    9    1    1    1    1    1    1    1    1  0.00000E+00 0.00000 
   10   10    1    1    1    1    1    1    1    1  0.00000E+00 0.00000 
   11   11    1    1    1    1    1    1    1    1  1.12959E+08 1.00000 
   12   12    1    1    1    1    1    1    1    1  0.00000E+00 0.00000 
   13   13    1    1    1    1    1    1    1    1  9.84040E+08 0.53177 
   14   14    1    1    1    1    1    1    1    1  7.32032E+08 0.64816 
   15   15    1    1    1    1    1    1    1    1  1.27255E+09 0.53998 
   16   16    1    1    1    1    1    1    1    1  2.50288E+08 0.85447 
   17   17    1    1    1    1    1    1    1    1  6.58957E+08 0.45114 
   18   18    1    1    1    1    1    1    1    1  1.31470E+09 0.80470 
   19   19    1    1    1    1    1    1    1    1  1.15076E+09 0.37106 
   20   20    1    1    1    1    1    1    1    1  6.80696E+09 0.20626 
   21   21    1    1    1    1    1    1    1    1  5.70485E+09 0.17087 
   22   22    1    1    1    1    1    1    1    1  1.29756E+10 0.14230 
   23   23    1    1    1    1    1    1    1    1  2.14352E+10 0.09058 
   24   24    1    1    1    1    1    1    1    1  5.00833E+10 0.05997 
   25   25    1    1    1    1    1    1    1    1  7.63862E+10 0.06871 
   26   26    1    1    1    1    1    1    1    1  1.47123E+11 0.04617 
   27   27    1    1    1    1    1    1    1    1  3.43431E+11 0.02686 
   28   28    1    1    1    1    1    1    1    1  8.38369E+11 0.01543 
   29   29    1    1    1    1    1    1    1    1  1.49139E+12 0.01672 
   30   30    1    1    1    1    1    1    1    1  3.50915E+12 0.01049 
   31   31    1    1    1    1    1    1    1    1  8.98794E+12 0.00596 
   32   32    1    1    1    1    1    1    1    1  1.48285E+13 0.00422 
   33   33    1    1    1    1    1    1    1    1  3.24739E+13 0.00261 
   34   34    1    1    1    1    1    1    1    1  4.33097E+13 0.00248 
   35   35    1    1    1    1    1    1    1    1  4.99273E+13 0.00235 
   36   36    1    1    1    1    1    1    1    1  3.18501E+13 0.00180 
   37   37    1    1    1    1    1    1    1    1  9.47864E+12 0.00193 
   38   38    1    1    1    1    1    1    1    1  5.35042E+13 0.00198 
   39   39    1    1    1    1    1    1    1    1  7.11614E+13 0.00140 
   40   40    1    1    1    1    1    1    1    1  1.22227E+14 0.00148 
   41   41    1    1    1    1    1    1    1    1  1.18932E+14 0.00159 
   42   42    1    1    1    1    1    1    1    1  2.53015E+14 0.00091 
   43   43    1    1    1    1    1    1    1    1  3.03608E+14 0.00079 
   44   44    1    1    1    1    1    1    1    1  4.33096E+14 0.00067 
   45   45    1    1    1    1    1    1    1    1  8.60235E+14 0.00070 
   46   46    1    1    1    1    1    1    1    1  4.01029E+14 0.00088 
   47   47    1    1    1    1    1    1    1    1  6.33845E+14 0.00097 
   48   48    1    1    1    1    1    1    1    1  8.83049E+14 0.00068 
   49   49    1    1    1    1    1    1    1    1  8.61075E+14 0.00068 
   50   50    1    1    1    1    1    1    1    1  1.36225E+15 0.00040 
   51   51    1    1    1    1    1    1    1    1  1.06859E+15 0.00049 
   52   52    1    1    1    1    1    1    1    1  1.29092E+15 0.00058 
   53   53    1    1    1    1    1    1    1    1  8.97623E+14 0.00058 
   54   54    1    1    1    1    1    1    1    1  1.11802E+15 0.00062 
   55   55    1    1    1    1    1    1    1    1  7.71718E+14 0.00048 
   56   56    1    1    1    1    1    1    1    1  1.04355E+14 0.00115 
   57   57    1    1    1    1    1    1    1    1  1.52746E+15 0.00057 
   58   58    1    1    1    1    1    1    1    1  6.97778E+14 0.00085 
   59   59    1    1    1    1    1    1    1    1  7.41543E+14 0.00069 
   60   60    1    1    1    1    1    1    1    1  5.89340E+14 0.00079 
   61   61    1    1    1    1    1    1    1    1  5.89358E+14 0.00073 
   62   62    1    1    1    1    1    1    1    1  6.12634E+14 0.00082 
   63   63    1    1    1    1    1    1    1    1  5.19542E+14 0.00069 
   64   64    1    1    1    1    1    1    1    1  4.14397E+14 0.00061 
   65   65    1    1    1    1    1    1    1    1  4.12417E+14 0.00081 
   66   66    1    1    1    1    1    1    1    1  3.01565E+14 0.00099 
   67   67    1    1    1    1    1    1    1    1  2.44642E+14 0.00077 
   68   68    1    1    1    1    1    1    1    1  2.18347E+14 0.00082 
   69   69    1    1    1    1    1    1    1    1  2.62325E+14 0.00117 
   70   70    1    1    1    1    1    1    1    1  2.23731E+14 0.00141 
   71   71    1    1    1    1    1    1    1    1  4.03359E+14 0.00086 
   72   72    1    1    1    1    1    1    1    1  2.86026E+14 0.00120 
   73   73    1    1    1    1    1    1    1    1  2.16374E+14 0.00101 
   74   74    1    1    1    1    1    1    1    1  1.76190E+14 0.00131 
   75   75    1    1    1    1    1    1    1    1  1.48094E+14 0.00140 
   76   76    1    1    1    1    1    1    1    1  1.73554E+14 0.00124 
   77   77    1    1    1    1    1    1    1    1  1.38767E+14 0.00128 
   78   78    1    1    1    1    1    1    1    1  1.11131E+14 0.00202 
   79   79    1    1    1    1    1    1    1    1  1.15020E+14 0.00217 
   80   80    1    1    1    1    1    1    1    1  8.58012E+13 0.00166 
   81   81    1    1    1    1    1    1    1    1  6.62574E+13 0.00212 
   82   82    1    1    1    1    1    1    1    1  5.12187E+13 0.00301 
   83   83    1    1    1    1    1    1    1    1  4.75248E+13 0.00221 
   84   84    1    1    1    1    1    1    1    1  3.41519E+13 0.00270 
   85   85    1    1    1    1    1    1    1    1  2.46361E+13 0.00313 
   86   86    1    1    1    1    1    1    1    1  2.30547E+13 0.00333 
   87   87    1    1    1    1    1    1    1    1  1.41467E+13 0.00339 
   88   88    1    1    1    1    1    1    1    1  9.46313E+12 0.00509 
   89   89    1    1    1    1    1    1    1    1  5.37318E+12 0.00662 
   90   90    1    1    1    1    1    1    1    1  3.62660E+12 0.00921 
   91   91    1    1    1    1    1    1    1    1  1.77785E+12 0.01172 
   92   92    1    1    1    1    1    1    1    1  8.74206E+11 0.01661 
   93   93    1    1    1    1    1    1    1    1  4.15081E+11 0.02005 
   94   94    1    1    1    1    1    1    1    1  2.00359E+11 0.04327 
   95   95    1    1    1    1    1    1    1    1  9.05858E+10 0.06906 
   96   96    1    1    1    1    1    1    1    1  4.06396E+10 0.06064 
   97   97    1    1    1    1    1    1    1    1  2.27542E+10 0.10864 
   98   98    1    1    1    1    1    1    1    1  8.39468E+09 0.14717 
   99   99    1    1    1    1    1    1    1    1  3.59855E+09 0.33567 
  100  100    1    1    1    1    1    1    1    1  2.20248E+09 0.33517 
];


