
DETdpaspec = [
    1    1    1    1    1    1    1    1    1    1  0.00000E+00 0.00000 
    2    2    1    1    1    1    1    1    1    1  0.00000E+00 0.00000 
    3    3    1    1    1    1    1    1    1    1  0.00000E+00 0.00000 
    4    4    1    1    1    1    1    1    1    1  0.00000E+00 0.00000 
    5    5    1    1    1    1    1    1    1    1  0.00000E+00 0.00000 
    6    6    1    1    1    1    1    1    1    1  0.00000E+00 0.00000 
    7    7    1    1    1    1    1    1    1    1  0.00000E+00 0.00000 
    8    8    1    1    1    1    1    1    1    1  3.37548E+07 1.00000 
    9    9    1    1    1    1    1    1    1    1  3.32571E+06 1.00000 
   10   10    1    1    1    1    1    1    1    1  0.00000E+00 0.00000 
   11   11    1    1    1    1    1    1    1    1  6.63001E+07 1.00000 
   12   12    1    1    1    1    1    1    1    1  2.95573E+07 1.00000 
   13   13    1    1    1    1    1    1    1    1  3.08116E+08 0.63751 
   14   14    1    1    1    1    1    1    1    1  7.46461E+08 0.52855 
   15   15    1    1    1    1    1    1    1    1  1.74967E+09 0.50346 
   16   16    1    1    1    1    1    1    1    1  2.55512E+08 0.37279 
   17   17    1    1    1    1    1    1    1    1  1.30031E+09 0.31293 
   18   18    1    1    1    1    1    1    1    1  1.69791E+09 0.25013 
   19   19    1    1    1    1    1    1    1    1  2.76692E+09 0.27462 
   20   20    1    1    1    1    1    1    1    1  9.15108E+09 0.14611 
   21   21    1    1    1    1    1    1    1    1  7.29883E+09 0.16468 
   22   22    1    1    1    1    1    1    1    1  1.38851E+10 0.11090 
   23   23    1    1    1    1    1    1    1    1  2.39790E+10 0.08806 
   24   24    1    1    1    1    1    1    1    1  4.13840E+10 0.05964 
   25   25    1    1    1    1    1    1    1    1  5.05401E+10 0.06902 
   26   26    1    1    1    1    1    1    1    1  8.98487E+10 0.04226 
   27   27    1    1    1    1    1    1    1    1  1.63796E+11 0.03742 
   28   28    1    1    1    1    1    1    1    1  3.92523E+11 0.02858 
   29   29    1    1    1    1    1    1    1    1  6.38929E+11 0.01736 
   30   30    1    1    1    1    1    1    1    1  1.75681E+12 0.01420 
   31   31    1    1    1    1    1    1    1    1  5.25292E+12 0.00796 
   32   32    1    1    1    1    1    1    1    1  9.50339E+12 0.00561 
   33   33    1    1    1    1    1    1    1    1  2.20977E+13 0.00384 
   34   34    1    1    1    1    1    1    1    1  3.05091E+13 0.00315 
   35   35    1    1    1    1    1    1    1    1  3.90631E+13 0.00253 
   36   36    1    1    1    1    1    1    1    1  2.65433E+13 0.00253 
   37   37    1    1    1    1    1    1    1    1  8.03964E+12 0.00340 
   38   38    1    1    1    1    1    1    1    1  4.50450E+13 0.00270 
   39   39    1    1    1    1    1    1    1    1  6.03968E+13 0.00141 
   40   40    1    1    1    1    1    1    1    1  1.04228E+14 0.00175 
   41   41    1    1    1    1    1    1    1    1  1.04295E+14 0.00125 
   42   42    1    1    1    1    1    1    1    1  2.21226E+14 0.00102 
   43   43    1    1    1    1    1    1    1    1  2.67281E+14 0.00117 
   44   44    1    1    1    1    1    1    1    1  3.86353E+14 0.00099 
   45   45    1    1    1    1    1    1    1    1  7.73256E+14 0.00076 
   46   46    1    1    1    1    1    1    1    1  3.69453E+14 0.00084 
   47   47    1    1    1    1    1    1    1    1  5.90450E+14 0.00063 
   48   48    1    1    1    1    1    1    1    1  8.32261E+14 0.00059 
   49   49    1    1    1    1    1    1    1    1  8.21269E+14 0.00049 
   50   50    1    1    1    1    1    1    1    1  1.29902E+15 0.00061 
   51   51    1    1    1    1    1    1    1    1  1.03887E+15 0.00061 
   52   52    1    1    1    1    1    1    1    1  1.24855E+15 0.00064 
   53   53    1    1    1    1    1    1    1    1  8.75611E+14 0.00067 
   54   54    1    1    1    1    1    1    1    1  1.08427E+15 0.00065 
   55   55    1    1    1    1    1    1    1    1  7.53042E+14 0.00077 
   56   56    1    1    1    1    1    1    1    1  1.02736E+14 0.00117 
   57   57    1    1    1    1    1    1    1    1  1.50111E+15 0.00051 
   58   58    1    1    1    1    1    1    1    1  6.78596E+14 0.00089 
   59   59    1    1    1    1    1    1    1    1  7.25303E+14 0.00068 
   60   60    1    1    1    1    1    1    1    1  5.72912E+14 0.00064 
   61   61    1    1    1    1    1    1    1    1  5.74142E+14 0.00082 
   62   62    1    1    1    1    1    1    1    1  5.98081E+14 0.00069 
   63   63    1    1    1    1    1    1    1    1  5.06999E+14 0.00100 
   64   64    1    1    1    1    1    1    1    1  4.05730E+14 0.00089 
   65   65    1    1    1    1    1    1    1    1  4.04804E+14 0.00065 
   66   66    1    1    1    1    1    1    1    1  2.95925E+14 0.00074 
   67   67    1    1    1    1    1    1    1    1  2.41463E+14 0.00102 
   68   68    1    1    1    1    1    1    1    1  2.16281E+14 0.00079 
   69   69    1    1    1    1    1    1    1    1  2.61005E+14 0.00089 
   70   70    1    1    1    1    1    1    1    1  2.22795E+14 0.00101 
   71   71    1    1    1    1    1    1    1    1  4.06801E+14 0.00070 
   72   72    1    1    1    1    1    1    1    1  2.89507E+14 0.00097 
   73   73    1    1    1    1    1    1    1    1  2.19669E+14 0.00141 
   74   74    1    1    1    1    1    1    1    1  1.77457E+14 0.00118 
   75   75    1    1    1    1    1    1    1    1  1.47434E+14 0.00118 
   76   76    1    1    1    1    1    1    1    1  1.72005E+14 0.00119 
   77   77    1    1    1    1    1    1    1    1  1.37022E+14 0.00163 
   78   78    1    1    1    1    1    1    1    1  1.08773E+14 0.00128 
   79   79    1    1    1    1    1    1    1    1  1.12638E+14 0.00133 
   80   80    1    1    1    1    1    1    1    1  8.33157E+13 0.00148 
   81   81    1    1    1    1    1    1    1    1  6.42064E+13 0.00186 
   82   82    1    1    1    1    1    1    1    1  4.92690E+13 0.00239 
   83   83    1    1    1    1    1    1    1    1  4.63990E+13 0.00241 
   84   84    1    1    1    1    1    1    1    1  3.34174E+13 0.00316 
   85   85    1    1    1    1    1    1    1    1  2.39574E+13 0.00348 
   86   86    1    1    1    1    1    1    1    1  2.26160E+13 0.00240 
   87   87    1    1    1    1    1    1    1    1  1.37395E+13 0.00451 
   88   88    1    1    1    1    1    1    1    1  9.34140E+12 0.00457 
   89   89    1    1    1    1    1    1    1    1  5.33775E+12 0.00870 
   90   90    1    1    1    1    1    1    1    1  3.52952E+12 0.00873 
   91   91    1    1    1    1    1    1    1    1  1.79002E+12 0.01161 
   92   92    1    1    1    1    1    1    1    1  8.62705E+11 0.01597 
   93   93    1    1    1    1    1    1    1    1  4.08098E+11 0.02438 
   94   94    1    1    1    1    1    1    1    1  1.95125E+11 0.04451 
   95   95    1    1    1    1    1    1    1    1  9.59390E+10 0.05112 
   96   96    1    1    1    1    1    1    1    1  4.66288E+10 0.08395 
   97   97    1    1    1    1    1    1    1    1  2.06962E+10 0.13153 
   98   98    1    1    1    1    1    1    1    1  6.91720E+09 0.20132 
   99   99    1    1    1    1    1    1    1    1  4.97509E+09 0.24910 
  100  100    1    1    1    1    1    1    1    1  5.31599E+09 0.17668 
];


