
DETdpaspec = [
    1    1    1    1    1    1    1    1    1    1  0.00000E+00 0.00000 
    2    2    1    1    1    1    1    1    1    1  0.00000E+00 0.00000 
    3    3    1    1    1    1    1    1    1    1  0.00000E+00 0.00000 
    4    4    1    1    1    1    1    1    1    1  0.00000E+00 0.00000 
    5    5    1    1    1    1    1    1    1    1  0.00000E+00 0.00000 
    6    6    1    1    1    1    1    1    1    1  0.00000E+00 0.00000 
    7    7    1    1    1    1    1    1    1    1  1.16905E+07 1.00000 
    8    8    1    1    1    1    1    1    1    1  0.00000E+00 0.00000 
    9    9    1    1    1    1    1    1    1    1  0.00000E+00 0.00000 
   10   10    1    1    1    1    1    1    1    1  1.83360E+07 1.00000 
   11   11    1    1    1    1    1    1    1    1  0.00000E+00 0.00000 
   12   12    1    1    1    1    1    1    1    1  0.00000E+00 0.00000 
   13   13    1    1    1    1    1    1    1    1  2.10000E+08 0.77712 
   14   14    1    1    1    1    1    1    1    1  1.42956E+09 0.69673 
   15   15    1    1    1    1    1    1    1    1  1.91877E+09 0.51356 
   16   16    1    1    1    1    1    1    1    1  9.40649E+08 0.43996 
   17   17    1    1    1    1    1    1    1    1  9.27025E+08 0.47631 
   18   18    1    1    1    1    1    1    1    1  1.00043E+09 0.33051 
   19   19    1    1    1    1    1    1    1    1  2.82775E+09 0.30188 
   20   20    1    1    1    1    1    1    1    1  8.05909E+09 0.21809 
   21   21    1    1    1    1    1    1    1    1  6.32477E+09 0.14761 
   22   22    1    1    1    1    1    1    1    1  9.48845E+09 0.11191 
   23   23    1    1    1    1    1    1    1    1  1.98427E+10 0.08912 
   24   24    1    1    1    1    1    1    1    1  3.85425E+10 0.07981 
   25   25    1    1    1    1    1    1    1    1  5.62443E+10 0.07910 
   26   26    1    1    1    1    1    1    1    1  1.05429E+11 0.05222 
   27   27    1    1    1    1    1    1    1    1  2.30733E+11 0.03308 
   28   28    1    1    1    1    1    1    1    1  5.84598E+11 0.02403 
   29   29    1    1    1    1    1    1    1    1  1.03543E+12 0.01503 
   30   30    1    1    1    1    1    1    1    1  2.55698E+12 0.00915 
   31   31    1    1    1    1    1    1    1    1  7.09662E+12 0.00616 
   32   32    1    1    1    1    1    1    1    1  1.21692E+13 0.00360 
   33   33    1    1    1    1    1    1    1    1  2.76588E+13 0.00316 
   34   34    1    1    1    1    1    1    1    1  3.76243E+13 0.00290 
   35   35    1    1    1    1    1    1    1    1  4.48092E+13 0.00226 
   36   36    1    1    1    1    1    1    1    1  2.94290E+13 0.00248 
   37   37    1    1    1    1    1    1    1    1  8.82428E+12 0.00270 
   38   38    1    1    1    1    1    1    1    1  4.96898E+13 0.00261 
   39   39    1    1    1    1    1    1    1    1  6.62481E+13 0.00141 
   40   40    1    1    1    1    1    1    1    1  1.14222E+14 0.00162 
   41   41    1    1    1    1    1    1    1    1  1.12110E+14 0.00156 
   42   42    1    1    1    1    1    1    1    1  2.38993E+14 0.00134 
   43   43    1    1    1    1    1    1    1    1  2.86968E+14 0.00095 
   44   44    1    1    1    1    1    1    1    1  4.12135E+14 0.00132 
   45   45    1    1    1    1    1    1    1    1  8.23282E+14 0.00085 
   46   46    1    1    1    1    1    1    1    1  3.87735E+14 0.00108 
   47   47    1    1    1    1    1    1    1    1  6.14255E+14 0.00084 
   48   48    1    1    1    1    1    1    1    1  8.61246E+14 0.00062 
   49   49    1    1    1    1    1    1    1    1  8.42499E+14 0.00054 
   50   50    1    1    1    1    1    1    1    1  1.33776E+15 0.00050 
   51   51    1    1    1    1    1    1    1    1  1.05668E+15 0.00041 
   52   52    1    1    1    1    1    1    1    1  1.27563E+15 0.00053 
   53   53    1    1    1    1    1    1    1    1  8.90164E+14 0.00051 
   54   54    1    1    1    1    1    1    1    1  1.10817E+15 0.00075 
   55   55    1    1    1    1    1    1    1    1  7.66154E+14 0.00066 
   56   56    1    1    1    1    1    1    1    1  1.04059E+14 0.00125 
   57   57    1    1    1    1    1    1    1    1  1.52336E+15 0.00041 
   58   58    1    1    1    1    1    1    1    1  6.94125E+14 0.00066 
   59   59    1    1    1    1    1    1    1    1  7.39086E+14 0.00056 
   60   60    1    1    1    1    1    1    1    1  5.86754E+14 0.00073 
   61   61    1    1    1    1    1    1    1    1  5.86530E+14 0.00069 
   62   62    1    1    1    1    1    1    1    1  6.11722E+14 0.00080 
   63   63    1    1    1    1    1    1    1    1  5.17784E+14 0.00093 
   64   64    1    1    1    1    1    1    1    1  4.13892E+14 0.00089 
   65   65    1    1    1    1    1    1    1    1  4.12828E+14 0.00067 
   66   66    1    1    1    1    1    1    1    1  3.01766E+14 0.00083 
   67   67    1    1    1    1    1    1    1    1  2.45467E+14 0.00120 
   68   68    1    1    1    1    1    1    1    1  2.19116E+14 0.00105 
   69   69    1    1    1    1    1    1    1    1  2.63585E+14 0.00087 
   70   70    1    1    1    1    1    1    1    1  2.24581E+14 0.00107 
   71   71    1    1    1    1    1    1    1    1  4.07863E+14 0.00085 
   72   72    1    1    1    1    1    1    1    1  2.89509E+14 0.00116 
   73   73    1    1    1    1    1    1    1    1  2.19691E+14 0.00147 
   74   74    1    1    1    1    1    1    1    1  1.78282E+14 0.00172 
   75   75    1    1    1    1    1    1    1    1  1.49598E+14 0.00140 
   76   76    1    1    1    1    1    1    1    1  1.74858E+14 0.00102 
   77   77    1    1    1    1    1    1    1    1  1.39664E+14 0.00138 
   78   78    1    1    1    1    1    1    1    1  1.11810E+14 0.00160 
   79   79    1    1    1    1    1    1    1    1  1.15962E+14 0.00147 
   80   80    1    1    1    1    1    1    1    1  8.59958E+13 0.00157 
   81   81    1    1    1    1    1    1    1    1  6.64090E+13 0.00162 
   82   82    1    1    1    1    1    1    1    1  5.10992E+13 0.00213 
   83   83    1    1    1    1    1    1    1    1  4.77074E+13 0.00233 
   84   84    1    1    1    1    1    1    1    1  3.44609E+13 0.00230 
   85   85    1    1    1    1    1    1    1    1  2.48259E+13 0.00318 
   86   86    1    1    1    1    1    1    1    1  2.32327E+13 0.00342 
   87   87    1    1    1    1    1    1    1    1  1.42462E+13 0.00381 
   88   88    1    1    1    1    1    1    1    1  9.54151E+12 0.00374 
   89   89    1    1    1    1    1    1    1    1  5.51717E+12 0.00820 
   90   90    1    1    1    1    1    1    1    1  3.60044E+12 0.00866 
   91   91    1    1    1    1    1    1    1    1  1.80967E+12 0.00996 
   92   92    1    1    1    1    1    1    1    1  8.68404E+11 0.01897 
   93   93    1    1    1    1    1    1    1    1  4.27117E+11 0.02481 
   94   94    1    1    1    1    1    1    1    1  2.09307E+11 0.03686 
   95   95    1    1    1    1    1    1    1    1  9.94113E+10 0.04674 
   96   96    1    1    1    1    1    1    1    1  4.84021E+10 0.09213 
   97   97    1    1    1    1    1    1    1    1  2.16126E+10 0.11047 
   98   98    1    1    1    1    1    1    1    1  9.67420E+09 0.13861 
   99   99    1    1    1    1    1    1    1    1  5.33437E+09 0.21501 
  100  100    1    1    1    1    1    1    1    1  3.87279E+09 0.22520 
];


