
DETdpaspec = [
    1    1    1    1    1    1    1    1    1    1  0.00000E+00 0.00000 
    2    2    1    1    1    1    1    1    1    1  0.00000E+00 0.00000 
    3    3    1    1    1    1    1    1    1    1  0.00000E+00 0.00000 
    4    4    1    1    1    1    1    1    1    1  0.00000E+00 0.00000 
    5    5    1    1    1    1    1    1    1    1  0.00000E+00 0.00000 
    6    6    1    1    1    1    1    1    1    1  0.00000E+00 0.00000 
    7    7    1    1    1    1    1    1    1    1  0.00000E+00 0.00000 
    8    8    1    1    1    1    1    1    1    1  0.00000E+00 0.00000 
    9    9    1    1    1    1    1    1    1    1  3.62137E+06 1.00000 
   10   10    1    1    1    1    1    1    1    1  0.00000E+00 0.00000 
   11   11    1    1    1    1    1    1    1    1  3.67031E+07 1.00000 
   12   12    1    1    1    1    1    1    1    1  3.86917E+07 0.65007 
   13   13    1    1    1    1    1    1    1    1  4.55867E+08 0.53287 
   14   14    1    1    1    1    1    1    1    1  1.82257E+09 0.43189 
   15   15    1    1    1    1    1    1    1    1  1.53948E+09 0.45852 
   16   16    1    1    1    1    1    1    1    1  4.03330E+07 1.00000 
   17   17    1    1    1    1    1    1    1    1  1.11001E+09 0.37030 
   18   18    1    1    1    1    1    1    1    1  1.22581E+09 0.27526 
   19   19    1    1    1    1    1    1    1    1  1.89055E+09 0.30609 
   20   20    1    1    1    1    1    1    1    1  6.60487E+09 0.25818 
   21   21    1    1    1    1    1    1    1    1  6.54818E+09 0.14625 
   22   22    1    1    1    1    1    1    1    1  1.34829E+10 0.09573 
   23   23    1    1    1    1    1    1    1    1  2.15849E+10 0.08933 
   24   24    1    1    1    1    1    1    1    1  4.00196E+10 0.08278 
   25   25    1    1    1    1    1    1    1    1  6.09041E+10 0.05205 
   26   26    1    1    1    1    1    1    1    1  1.03465E+11 0.05156 
   27   27    1    1    1    1    1    1    1    1  2.09062E+11 0.03851 
   28   28    1    1    1    1    1    1    1    1  5.11326E+11 0.01892 
   29   29    1    1    1    1    1    1    1    1  9.02178E+11 0.01617 
   30   30    1    1    1    1    1    1    1    1  2.33762E+12 0.01245 
   31   31    1    1    1    1    1    1    1    1  6.67667E+12 0.00653 
   32   32    1    1    1    1    1    1    1    1  1.16124E+13 0.00572 
   33   33    1    1    1    1    1    1    1    1  2.65267E+13 0.00381 
   34   34    1    1    1    1    1    1    1    1  3.61085E+13 0.00305 
   35   35    1    1    1    1    1    1    1    1  4.37377E+13 0.00203 
   36   36    1    1    1    1    1    1    1    1  2.87659E+13 0.00235 
   37   37    1    1    1    1    1    1    1    1  8.62782E+12 0.00290 
   38   38    1    1    1    1    1    1    1    1  4.85367E+13 0.00177 
   39   39    1    1    1    1    1    1    1    1  6.50843E+13 0.00203 
   40   40    1    1    1    1    1    1    1    1  1.12345E+14 0.00131 
   41   41    1    1    1    1    1    1    1    1  1.10363E+14 0.00119 
   42   42    1    1    1    1    1    1    1    1  2.35438E+14 0.00132 
   43   43    1    1    1    1    1    1    1    1  2.83287E+14 0.00078 
   44   44    1    1    1    1    1    1    1    1  4.07111E+14 0.00114 
   45   45    1    1    1    1    1    1    1    1  8.15331E+14 0.00096 
   46   46    1    1    1    1    1    1    1    1  3.84847E+14 0.00073 
   47   47    1    1    1    1    1    1    1    1  6.10313E+14 0.00072 
   48   48    1    1    1    1    1    1    1    1  8.57063E+14 0.00053 
   49   49    1    1    1    1    1    1    1    1  8.39445E+14 0.00067 
   50   50    1    1    1    1    1    1    1    1  1.33155E+15 0.00052 
   51   51    1    1    1    1    1    1    1    1  1.05422E+15 0.00056 
   52   52    1    1    1    1    1    1    1    1  1.27203E+15 0.00064 
   53   53    1    1    1    1    1    1    1    1  8.88215E+14 0.00055 
   54   54    1    1    1    1    1    1    1    1  1.10631E+15 0.00048 
   55   55    1    1    1    1    1    1    1    1  7.65604E+14 0.00050 
   56   56    1    1    1    1    1    1    1    1  1.03912E+14 0.00137 
   57   57    1    1    1    1    1    1    1    1  1.52219E+15 0.00044 
   58   58    1    1    1    1    1    1    1    1  6.91593E+14 0.00068 
   59   59    1    1    1    1    1    1    1    1  7.38090E+14 0.00074 
   60   60    1    1    1    1    1    1    1    1  5.85244E+14 0.00076 
   61   61    1    1    1    1    1    1    1    1  5.86229E+14 0.00093 
   62   62    1    1    1    1    1    1    1    1  6.11055E+14 0.00072 
   63   63    1    1    1    1    1    1    1    1  5.17708E+14 0.00063 
   64   64    1    1    1    1    1    1    1    1  4.13333E+14 0.00073 
   65   65    1    1    1    1    1    1    1    1  4.12631E+14 0.00085 
   66   66    1    1    1    1    1    1    1    1  3.01994E+14 0.00076 
   67   67    1    1    1    1    1    1    1    1  2.45470E+14 0.00102 
   68   68    1    1    1    1    1    1    1    1  2.19627E+14 0.00130 
   69   69    1    1    1    1    1    1    1    1  2.63816E+14 0.00126 
   70   70    1    1    1    1    1    1    1    1  2.24576E+14 0.00094 
   71   71    1    1    1    1    1    1    1    1  4.08100E+14 0.00075 
   72   72    1    1    1    1    1    1    1    1  2.90702E+14 0.00103 
   73   73    1    1    1    1    1    1    1    1  2.20179E+14 0.00124 
   74   74    1    1    1    1    1    1    1    1  1.78640E+14 0.00131 
   75   75    1    1    1    1    1    1    1    1  1.49527E+14 0.00128 
   76   76    1    1    1    1    1    1    1    1  1.74737E+14 0.00153 
   77   77    1    1    1    1    1    1    1    1  1.39720E+14 0.00176 
   78   78    1    1    1    1    1    1    1    1  1.11787E+14 0.00173 
   79   79    1    1    1    1    1    1    1    1  1.15839E+14 0.00149 
   80   80    1    1    1    1    1    1    1    1  8.62527E+13 0.00169 
   81   81    1    1    1    1    1    1    1    1  6.64003E+13 0.00214 
   82   82    1    1    1    1    1    1    1    1  5.13880E+13 0.00248 
   83   83    1    1    1    1    1    1    1    1  4.76000E+13 0.00200 
   84   84    1    1    1    1    1    1    1    1  3.42417E+13 0.00268 
   85   85    1    1    1    1    1    1    1    1  2.48806E+13 0.00284 
   86   86    1    1    1    1    1    1    1    1  2.30652E+13 0.00266 
   87   87    1    1    1    1    1    1    1    1  1.42776E+13 0.00444 
   88   88    1    1    1    1    1    1    1    1  9.48420E+12 0.00706 
   89   89    1    1    1    1    1    1    1    1  5.45509E+12 0.00846 
   90   90    1    1    1    1    1    1    1    1  3.64686E+12 0.00874 
   91   91    1    1    1    1    1    1    1    1  1.82244E+12 0.01159 
   92   92    1    1    1    1    1    1    1    1  8.95770E+11 0.01978 
   93   93    1    1    1    1    1    1    1    1  4.24583E+11 0.02709 
   94   94    1    1    1    1    1    1    1    1  2.01950E+11 0.03176 
   95   95    1    1    1    1    1    1    1    1  9.88188E+10 0.04797 
   96   96    1    1    1    1    1    1    1    1  4.31360E+10 0.05506 
   97   97    1    1    1    1    1    1    1    1  2.29344E+10 0.11791 
   98   98    1    1    1    1    1    1    1    1  1.09700E+10 0.15144 
   99   99    1    1    1    1    1    1    1    1  4.16556E+09 0.24785 
  100  100    1    1    1    1    1    1    1    1  3.42056E+09 0.31850 
];


