
DETdpaspec = [
    1    1    1    1    1    1    1    1    1    1  0.00000E+00 0.00000 
    2    2    1    1    1    1    1    1    1    1  0.00000E+00 0.00000 
    3    3    1    1    1    1    1    1    1    1  0.00000E+00 0.00000 
    4    4    1    1    1    1    1    1    1    1  0.00000E+00 0.00000 
    5    5    1    1    1    1    1    1    1    1  0.00000E+00 0.00000 
    6    6    1    1    1    1    1    1    1    1  0.00000E+00 0.00000 
    7    7    1    1    1    1    1    1    1    1  0.00000E+00 0.00000 
    8    8    1    1    1    1    1    1    1    1  8.97151E+06 1.00000 
    9    9    1    1    1    1    1    1    1    1  1.04658E+07 1.00000 
   10   10    1    1    1    1    1    1    1    1  0.00000E+00 0.00000 
   11   11    1    1    1    1    1    1    1    1  0.00000E+00 0.00000 
   12   12    1    1    1    1    1    1    1    1  2.08064E+07 0.70332 
   13   13    1    1    1    1    1    1    1    1  5.73881E+08 0.60028 
   14   14    1    1    1    1    1    1    1    1  1.12910E+09 0.50564 
   15   15    1    1    1    1    1    1    1    1  1.85642E+09 0.53763 
   16   16    1    1    1    1    1    1    1    1  4.95480E+08 0.43431 
   17   17    1    1    1    1    1    1    1    1  9.97313E+08 0.36159 
   18   18    1    1    1    1    1    1    1    1  1.79415E+09 0.25402 
   19   19    1    1    1    1    1    1    1    1  2.39281E+09 0.25149 
   20   20    1    1    1    1    1    1    1    1  5.88766E+09 0.22293 
   21   21    1    1    1    1    1    1    1    1  3.64513E+09 0.16754 
   22   22    1    1    1    1    1    1    1    1  1.07907E+10 0.10106 
   23   23    1    1    1    1    1    1    1    1  2.16152E+10 0.09437 
   24   24    1    1    1    1    1    1    1    1  4.71044E+10 0.08150 
   25   25    1    1    1    1    1    1    1    1  8.10348E+10 0.06192 
   26   26    1    1    1    1    1    1    1    1  1.75114E+11 0.03616 
   27   27    1    1    1    1    1    1    1    1  4.19574E+11 0.02624 
   28   28    1    1    1    1    1    1    1    1  9.89892E+11 0.01693 
   29   29    1    1    1    1    1    1    1    1  1.71710E+12 0.01195 
   30   30    1    1    1    1    1    1    1    1  3.89100E+12 0.00841 
   31   31    1    1    1    1    1    1    1    1  9.82071E+12 0.00428 
   32   32    1    1    1    1    1    1    1    1  1.58818E+13 0.00400 
   33   33    1    1    1    1    1    1    1    1  3.44764E+13 0.00339 
   34   34    1    1    1    1    1    1    1    1  4.57490E+13 0.00282 
   35   35    1    1    1    1    1    1    1    1  5.17234E+13 0.00213 
   36   36    1    1    1    1    1    1    1    1  3.28715E+13 0.00187 
   37   37    1    1    1    1    1    1    1    1  9.72555E+12 0.00238 
   38   38    1    1    1    1    1    1    1    1  5.50057E+13 0.00172 
   39   39    1    1    1    1    1    1    1    1  7.30363E+13 0.00124 
   40   40    1    1    1    1    1    1    1    1  1.25228E+14 0.00129 
   41   41    1    1    1    1    1    1    1    1  1.21498E+14 0.00127 
   42   42    1    1    1    1    1    1    1    1  2.58781E+14 0.00110 
   43   43    1    1    1    1    1    1    1    1  3.09625E+14 0.00090 
   44   44    1    1    1    1    1    1    1    1  4.40692E+14 0.00075 
   45   45    1    1    1    1    1    1    1    1  8.74507E+14 0.00076 
   46   46    1    1    1    1    1    1    1    1  4.05582E+14 0.00080 
   47   47    1    1    1    1    1    1    1    1  6.39838E+14 0.00088 
   48   48    1    1    1    1    1    1    1    1  8.91706E+14 0.00069 
   49   49    1    1    1    1    1    1    1    1  8.67942E+14 0.00068 
   50   50    1    1    1    1    1    1    1    1  1.37127E+15 0.00040 
   51   51    1    1    1    1    1    1    1    1  1.07229E+15 0.00046 
   52   52    1    1    1    1    1    1    1    1  1.29356E+15 0.00047 
   53   53    1    1    1    1    1    1    1    1  8.97095E+14 0.00048 
   54   54    1    1    1    1    1    1    1    1  1.11845E+15 0.00063 
   55   55    1    1    1    1    1    1    1    1  7.71765E+14 0.00071 
   56   56    1    1    1    1    1    1    1    1  1.04812E+14 0.00080 
   57   57    1    1    1    1    1    1    1    1  1.52908E+15 0.00050 
   58   58    1    1    1    1    1    1    1    1  6.98358E+14 0.00063 
   59   59    1    1    1    1    1    1    1    1  7.41044E+14 0.00061 
   60   60    1    1    1    1    1    1    1    1  5.88801E+14 0.00058 
   61   61    1    1    1    1    1    1    1    1  5.88796E+14 0.00058 
   62   62    1    1    1    1    1    1    1    1  6.12613E+14 0.00075 
   63   63    1    1    1    1    1    1    1    1  5.17773E+14 0.00066 
   64   64    1    1    1    1    1    1    1    1  4.13068E+14 0.00072 
   65   65    1    1    1    1    1    1    1    1  4.11477E+14 0.00071 
   66   66    1    1    1    1    1    1    1    1  3.00516E+14 0.00090 
   67   67    1    1    1    1    1    1    1    1  2.43474E+14 0.00126 
   68   68    1    1    1    1    1    1    1    1  2.17482E+14 0.00113 
   69   69    1    1    1    1    1    1    1    1  2.60764E+14 0.00073 
   70   70    1    1    1    1    1    1    1    1  2.22032E+14 0.00111 
   71   71    1    1    1    1    1    1    1    1  4.01023E+14 0.00109 
   72   72    1    1    1    1    1    1    1    1  2.83262E+14 0.00129 
   73   73    1    1    1    1    1    1    1    1  2.15010E+14 0.00099 
   74   74    1    1    1    1    1    1    1    1  1.75026E+14 0.00120 
   75   75    1    1    1    1    1    1    1    1  1.47263E+14 0.00145 
   76   76    1    1    1    1    1    1    1    1  1.72697E+14 0.00104 
   77   77    1    1    1    1    1    1    1    1  1.37602E+14 0.00137 
   78   78    1    1    1    1    1    1    1    1  1.10739E+14 0.00132 
   79   79    1    1    1    1    1    1    1    1  1.14681E+14 0.00148 
   80   80    1    1    1    1    1    1    1    1  8.56115E+13 0.00175 
   81   81    1    1    1    1    1    1    1    1  6.60242E+13 0.00160 
   82   82    1    1    1    1    1    1    1    1  5.07331E+13 0.00178 
   83   83    1    1    1    1    1    1    1    1  4.73638E+13 0.00151 
   84   84    1    1    1    1    1    1    1    1  3.38821E+13 0.00360 
   85   85    1    1    1    1    1    1    1    1  2.46083E+13 0.00318 
   86   86    1    1    1    1    1    1    1    1  2.29333E+13 0.00303 
   87   87    1    1    1    1    1    1    1    1  1.41291E+13 0.00527 
   88   88    1    1    1    1    1    1    1    1  9.38599E+12 0.00494 
   89   89    1    1    1    1    1    1    1    1  5.40399E+12 0.00821 
   90   90    1    1    1    1    1    1    1    1  3.57189E+12 0.00745 
   91   91    1    1    1    1    1    1    1    1  1.76211E+12 0.01276 
   92   92    1    1    1    1    1    1    1    1  8.32477E+11 0.01540 
   93   93    1    1    1    1    1    1    1    1  4.17099E+11 0.01869 
   94   94    1    1    1    1    1    1    1    1  1.95034E+11 0.02908 
   95   95    1    1    1    1    1    1    1    1  9.64763E+10 0.04597 
   96   96    1    1    1    1    1    1    1    1  4.82727E+10 0.05291 
   97   97    1    1    1    1    1    1    1    1  1.91680E+10 0.10475 
   98   98    1    1    1    1    1    1    1    1  1.23277E+10 0.10641 
   99   99    1    1    1    1    1    1    1    1  4.74840E+09 0.18537 
  100  100    1    1    1    1    1    1    1    1  5.64677E+09 0.31546 
];


