
DETdpaspec = [
    1    1    1    1    1    1    1    1    1    1  0.00000E+00 0.00000 
    2    2    1    1    1    1    1    1    1    1  0.00000E+00 0.00000 
    3    3    1    1    1    1    1    1    1    1  0.00000E+00 0.00000 
    4    4    1    1    1    1    1    1    1    1  0.00000E+00 0.00000 
    5    5    1    1    1    1    1    1    1    1  0.00000E+00 0.00000 
    6    6    1    1    1    1    1    1    1    1  0.00000E+00 0.00000 
    7    7    1    1    1    1    1    1    1    1  0.00000E+00 0.00000 
    8    8    1    1    1    1    1    1    1    1  0.00000E+00 0.00000 
    9    9    1    1    1    1    1    1    1    1  0.00000E+00 0.00000 
   10   10    1    1    1    1    1    1    1    1  0.00000E+00 0.00000 
   11   11    1    1    1    1    1    1    1    1  2.37079E+08 0.82799 
   12   12    1    1    1    1    1    1    1    1  3.55161E+07 1.00000 
   13   13    1    1    1    1    1    1    1    1  8.54493E+08 0.64602 
   14   14    1    1    1    1    1    1    1    1  1.09855E+09 0.45971 
   15   15    1    1    1    1    1    1    1    1  1.07734E+09 0.84933 
   16   16    1    1    1    1    1    1    1    1  5.75219E+08 0.52500 
   17   17    1    1    1    1    1    1    1    1  1.10952E+09 0.38357 
   18   18    1    1    1    1    1    1    1    1  1.02911E+09 0.40336 
   19   19    1    1    1    1    1    1    1    1  2.82990E+09 0.21669 
   20   20    1    1    1    1    1    1    1    1  5.94619E+09 0.17636 
   21   21    1    1    1    1    1    1    1    1  3.48315E+09 0.21865 
   22   22    1    1    1    1    1    1    1    1  9.43864E+09 0.12765 
   23   23    1    1    1    1    1    1    1    1  2.39451E+10 0.09222 
   24   24    1    1    1    1    1    1    1    1  6.01265E+10 0.04442 
   25   25    1    1    1    1    1    1    1    1  1.03952E+11 0.04459 
   26   26    1    1    1    1    1    1    1    1  2.34364E+11 0.02341 
   27   27    1    1    1    1    1    1    1    1  5.53818E+11 0.02095 
   28   28    1    1    1    1    1    1    1    1  1.27155E+12 0.01500 
   29   29    1    1    1    1    1    1    1    1  2.14901E+12 0.01358 
   30   30    1    1    1    1    1    1    1    1  4.71432E+12 0.00672 
   31   31    1    1    1    1    1    1    1    1  1.15173E+13 0.00603 
   32   32    1    1    1    1    1    1    1    1  1.82467E+13 0.00397 
   33   33    1    1    1    1    1    1    1    1  3.87256E+13 0.00277 
   34   34    1    1    1    1    1    1    1    1  5.02917E+13 0.00259 
   35   35    1    1    1    1    1    1    1    1  5.56373E+13 0.00160 
   36   36    1    1    1    1    1    1    1    1  3.48284E+13 0.00179 
   37   37    1    1    1    1    1    1    1    1  1.03134E+13 0.00238 
   38   38    1    1    1    1    1    1    1    1  5.84441E+13 0.00194 
   39   39    1    1    1    1    1    1    1    1  7.73389E+13 0.00163 
   40   40    1    1    1    1    1    1    1    1  1.31925E+14 0.00165 
   41   41    1    1    1    1    1    1    1    1  1.27218E+14 0.00151 
   42   42    1    1    1    1    1    1    1    1  2.69780E+14 0.00125 
   43   43    1    1    1    1    1    1    1    1  3.20841E+14 0.00104 
   44   44    1    1    1    1    1    1    1    1  4.55795E+14 0.00071 
   45   45    1    1    1    1    1    1    1    1  8.99330E+14 0.00053 
   46   46    1    1    1    1    1    1    1    1  4.15208E+14 0.00092 
   47   47    1    1    1    1    1    1    1    1  6.53064E+14 0.00093 
   48   48    1    1    1    1    1    1    1    1  9.04324E+14 0.00071 
   49   49    1    1    1    1    1    1    1    1  8.77165E+14 0.00049 
   50   50    1    1    1    1    1    1    1    1  1.38412E+15 0.00053 
   51   51    1    1    1    1    1    1    1    1  1.07754E+15 0.00054 
   52   52    1    1    1    1    1    1    1    1  1.30097E+15 0.00063 
   53   53    1    1    1    1    1    1    1    1  8.99778E+14 0.00060 
   54   54    1    1    1    1    1    1    1    1  1.12109E+15 0.00048 
   55   55    1    1    1    1    1    1    1    1  7.71644E+14 0.00062 
   56   56    1    1    1    1    1    1    1    1  1.04404E+14 0.00134 
   57   57    1    1    1    1    1    1    1    1  1.52521E+15 0.00053 
   58   58    1    1    1    1    1    1    1    1  6.96534E+14 0.00058 
   59   59    1    1    1    1    1    1    1    1  7.37843E+14 0.00063 
   60   60    1    1    1    1    1    1    1    1  5.87415E+14 0.00051 
   61   61    1    1    1    1    1    1    1    1  5.86274E+14 0.00058 
   62   62    1    1    1    1    1    1    1    1  6.09285E+14 0.00075 
   63   63    1    1    1    1    1    1    1    1  5.15215E+14 0.00059 
   64   64    1    1    1    1    1    1    1    1  4.10752E+14 0.00102 
   65   65    1    1    1    1    1    1    1    1  4.08462E+14 0.00089 
   66   66    1    1    1    1    1    1    1    1  2.97961E+14 0.00103 
   67   67    1    1    1    1    1    1    1    1  2.41352E+14 0.00106 
   68   68    1    1    1    1    1    1    1    1  2.15474E+14 0.00095 
   69   69    1    1    1    1    1    1    1    1  2.58517E+14 0.00099 
   70   70    1    1    1    1    1    1    1    1  2.19428E+14 0.00105 
   71   71    1    1    1    1    1    1    1    1  3.94714E+14 0.00088 
   72   72    1    1    1    1    1    1    1    1  2.79604E+14 0.00126 
   73   73    1    1    1    1    1    1    1    1  2.11728E+14 0.00111 
   74   74    1    1    1    1    1    1    1    1  1.72319E+14 0.00137 
   75   75    1    1    1    1    1    1    1    1  1.44948E+14 0.00163 
   76   76    1    1    1    1    1    1    1    1  1.70025E+14 0.00105 
   77   77    1    1    1    1    1    1    1    1  1.36059E+14 0.00124 
   78   78    1    1    1    1    1    1    1    1  1.09110E+14 0.00124 
   79   79    1    1    1    1    1    1    1    1  1.13304E+14 0.00124 
   80   80    1    1    1    1    1    1    1    1  8.44382E+13 0.00163 
   81   81    1    1    1    1    1    1    1    1  6.52230E+13 0.00249 
   82   82    1    1    1    1    1    1    1    1  4.98809E+13 0.00235 
   83   83    1    1    1    1    1    1    1    1  4.66844E+13 0.00206 
   84   84    1    1    1    1    1    1    1    1  3.34959E+13 0.00291 
   85   85    1    1    1    1    1    1    1    1  2.41871E+13 0.00342 
   86   86    1    1    1    1    1    1    1    1  2.26051E+13 0.00325 
   87   87    1    1    1    1    1    1    1    1  1.37861E+13 0.00440 
   88   88    1    1    1    1    1    1    1    1  9.25885E+12 0.00378 
   89   89    1    1    1    1    1    1    1    1  5.29785E+12 0.00635 
   90   90    1    1    1    1    1    1    1    1  3.49087E+12 0.00554 
   91   91    1    1    1    1    1    1    1    1  1.72326E+12 0.01617 
   92   92    1    1    1    1    1    1    1    1  8.25225E+11 0.01502 
   93   93    1    1    1    1    1    1    1    1  4.05044E+11 0.02528 
   94   94    1    1    1    1    1    1    1    1  1.87190E+11 0.03885 
   95   95    1    1    1    1    1    1    1    1  9.41284E+10 0.03562 
   96   96    1    1    1    1    1    1    1    1  3.98303E+10 0.10079 
   97   97    1    1    1    1    1    1    1    1  2.02186E+10 0.07640 
   98   98    1    1    1    1    1    1    1    1  1.03889E+10 0.12328 
   99   99    1    1    1    1    1    1    1    1  4.00936E+09 0.20860 
  100  100    1    1    1    1    1    1    1    1  2.12836E+09 0.24873 
];


