
DETdpaspec = [
    1    1    1    1    1    1    1    1    1    1  0.00000E+00 0.00000 
    2    2    1    1    1    1    1    1    1    1  0.00000E+00 0.00000 
    3    3    1    1    1    1    1    1    1    1  0.00000E+00 0.00000 
    4    4    1    1    1    1    1    1    1    1  0.00000E+00 0.00000 
    5    5    1    1    1    1    1    1    1    1  0.00000E+00 0.00000 
    6    6    1    1    1    1    1    1    1    1  0.00000E+00 0.00000 
    7    7    1    1    1    1    1    1    1    1  0.00000E+00 0.00000 
    8    8    1    1    1    1    1    1    1    1  0.00000E+00 0.00000 
    9    9    1    1    1    1    1    1    1    1  0.00000E+00 0.00000 
   10   10    1    1    1    1    1    1    1    1  0.00000E+00 0.00000 
   11   11    1    1    1    1    1    1    1    1  0.00000E+00 0.00000 
   12   12    1    1    1    1    1    1    1    1  2.83313E+08 0.84249 
   13   13    1    1    1    1    1    1    1    1  1.45475E+09 0.59992 
   14   14    1    1    1    1    1    1    1    1  5.90572E+08 0.91513 
   15   15    1    1    1    1    1    1    1    1  3.02155E+08 0.69068 
   16   16    1    1    1    1    1    1    1    1  3.05338E+08 0.73373 
   17   17    1    1    1    1    1    1    1    1  4.36357E+08 0.57874 
   18   18    1    1    1    1    1    1    1    1  1.40410E+09 0.37785 
   19   19    1    1    1    1    1    1    1    1  1.12002E+09 0.48361 
   20   20    1    1    1    1    1    1    1    1  5.52183E+09 0.33761 
   21   21    1    1    1    1    1    1    1    1  1.73781E+10 0.11753 
   22   22    1    1    1    1    1    1    1    1  7.45624E+10 0.06527 
   23   23    1    1    1    1    1    1    1    1  2.46545E+11 0.03221 
   24   24    1    1    1    1    1    1    1    1  6.75856E+11 0.01737 
   25   25    1    1    1    1    1    1    1    1  9.53106E+11 0.01520 
   26   26    1    1    1    1    1    1    1    1  1.82774E+12 0.01175 
   27   27    1    1    1    1    1    1    1    1  3.28358E+12 0.01037 
   28   28    1    1    1    1    1    1    1    1  5.53540E+12 0.00740 
   29   29    1    1    1    1    1    1    1    1  8.01003E+12 0.00494 
   30   30    1    1    1    1    1    1    1    1  1.42180E+13 0.00504 
   31   31    1    1    1    1    1    1    1    1  2.61606E+13 0.00248 
   32   32    1    1    1    1    1    1    1    1  3.60858E+13 0.00279 
   33   33    1    1    1    1    1    1    1    1  6.72779E+13 0.00241 
   34   34    1    1    1    1    1    1    1    1  7.94628E+13 0.00160 
   35   35    1    1    1    1    1    1    1    1  7.92431E+13 0.00165 
   36   36    1    1    1    1    1    1    1    1  4.67454E+13 0.00151 
   37   37    1    1    1    1    1    1    1    1  1.34798E+13 0.00182 
   38   38    1    1    1    1    1    1    1    1  7.62995E+13 0.00122 
   39   39    1    1    1    1    1    1    1    1  9.90669E+13 0.00158 
   40   40    1    1    1    1    1    1    1    1  1.66106E+14 0.00154 
   41   41    1    1    1    1    1    1    1    1  1.55876E+14 0.00118 
   42   42    1    1    1    1    1    1    1    1  3.26702E+14 0.00097 
   43   43    1    1    1    1    1    1    1    1  3.81119E+14 0.00107 
   44   44    1    1    1    1    1    1    1    1  5.28527E+14 0.00099 
   45   45    1    1    1    1    1    1    1    1  1.01190E+15 0.00080 
   46   46    1    1    1    1    1    1    1    1  4.52836E+14 0.00058 
   47   47    1    1    1    1    1    1    1    1  7.02882E+14 0.00055 
   48   48    1    1    1    1    1    1    1    1  9.54107E+14 0.00057 
   49   49    1    1    1    1    1    1    1    1  9.11852E+14 0.00063 
   50   50    1    1    1    1    1    1    1    1  1.41467E+15 0.00059 
   51   51    1    1    1    1    1    1    1    1  1.07702E+15 0.00061 
   52   52    1    1    1    1    1    1    1    1  1.28697E+15 0.00039 
   53   53    1    1    1    1    1    1    1    1  8.75816E+14 0.00056 
   54   54    1    1    1    1    1    1    1    1  1.08414E+15 0.00065 
   55   55    1    1    1    1    1    1    1    1  7.38897E+14 0.00049 
   56   56    1    1    1    1    1    1    1    1  9.95877E+13 0.00092 
   57   57    1    1    1    1    1    1    1    1  1.44497E+15 0.00054 
   58   58    1    1    1    1    1    1    1    1  6.56930E+14 0.00060 
   59   59    1    1    1    1    1    1    1    1  6.90402E+14 0.00076 
   60   60    1    1    1    1    1    1    1    1  5.47086E+14 0.00068 
   61   61    1    1    1    1    1    1    1    1  5.43439E+14 0.00094 
   62   62    1    1    1    1    1    1    1    1  5.61784E+14 0.00077 
   63   63    1    1    1    1    1    1    1    1  4.72567E+14 0.00061 
   64   64    1    1    1    1    1    1    1    1  3.73907E+14 0.00097 
   65   65    1    1    1    1    1    1    1    1  3.69845E+14 0.00080 
   66   66    1    1    1    1    1    1    1    1  2.67673E+14 0.00125 
   67   67    1    1    1    1    1    1    1    1  2.15900E+14 0.00108 
   68   68    1    1    1    1    1    1    1    1  1.91879E+14 0.00133 
   69   69    1    1    1    1    1    1    1    1  2.28983E+14 0.00104 
   70   70    1    1    1    1    1    1    1    1  1.93160E+14 0.00099 
   71   71    1    1    1    1    1    1    1    1  3.42477E+14 0.00084 
   72   72    1    1    1    1    1    1    1    1  2.40632E+14 0.00099 
   73   73    1    1    1    1    1    1    1    1  1.81111E+14 0.00128 
   74   74    1    1    1    1    1    1    1    1  1.47103E+14 0.00150 
   75   75    1    1    1    1    1    1    1    1  1.23484E+14 0.00147 
   76   76    1    1    1    1    1    1    1    1  1.44455E+14 0.00171 
   77   77    1    1    1    1    1    1    1    1  1.15583E+14 0.00160 
   78   78    1    1    1    1    1    1    1    1  9.21611E+13 0.00158 
   79   79    1    1    1    1    1    1    1    1  9.53643E+13 0.00204 
   80   80    1    1    1    1    1    1    1    1  7.07267E+13 0.00185 
   81   81    1    1    1    1    1    1    1    1  5.41386E+13 0.00236 
   82   82    1    1    1    1    1    1    1    1  4.15422E+13 0.00278 
   83   83    1    1    1    1    1    1    1    1  3.84456E+13 0.00311 
   84   84    1    1    1    1    1    1    1    1  2.73650E+13 0.00313 
   85   85    1    1    1    1    1    1    1    1  1.96411E+13 0.00307 
   86   86    1    1    1    1    1    1    1    1  1.82210E+13 0.00456 
   87   87    1    1    1    1    1    1    1    1  1.09921E+13 0.00347 
   88   88    1    1    1    1    1    1    1    1  7.24099E+12 0.00603 
   89   89    1    1    1    1    1    1    1    1  4.08756E+12 0.00603 
   90   90    1    1    1    1    1    1    1    1  2.58370E+12 0.00749 
   91   91    1    1    1    1    1    1    1    1  1.29625E+12 0.01400 
   92   92    1    1    1    1    1    1    1    1  6.14597E+11 0.01516 
   93   93    1    1    1    1    1    1    1    1  2.75455E+11 0.02919 
   94   94    1    1    1    1    1    1    1    1  1.37018E+11 0.04735 
   95   95    1    1    1    1    1    1    1    1  6.46245E+10 0.06418 
   96   96    1    1    1    1    1    1    1    1  3.04242E+10 0.09017 
   97   97    1    1    1    1    1    1    1    1  1.38886E+10 0.12701 
   98   98    1    1    1    1    1    1    1    1  4.90645E+09 0.16855 
   99   99    1    1    1    1    1    1    1    1  3.51897E+09 0.26835 
  100  100    1    1    1    1    1    1    1    1  3.20009E+09 0.32631 
];


