
DETdpaspec = [
    1    1    1    1    1    1    1    1    1    1  0.00000E+00 0.00000 
    2    2    1    1    1    1    1    1    1    1  0.00000E+00 0.00000 
    3    3    1    1    1    1    1    1    1    1  0.00000E+00 0.00000 
    4    4    1    1    1    1    1    1    1    1  0.00000E+00 0.00000 
    5    5    1    1    1    1    1    1    1    1  0.00000E+00 0.00000 
    6    6    1    1    1    1    1    1    1    1  7.03842E+06 1.00000 
    7    7    1    1    1    1    1    1    1    1  0.00000E+00 0.00000 
    8    8    1    1    1    1    1    1    1    1  0.00000E+00 0.00000 
    9    9    1    1    1    1    1    1    1    1  3.72819E+06 1.00000 
   10   10    1    1    1    1    1    1    1    1  0.00000E+00 0.00000 
   11   11    1    1    1    1    1    1    1    1  3.19139E+07 1.00000 
   12   12    1    1    1    1    1    1    1    1  0.00000E+00 0.00000 
   13   13    1    1    1    1    1    1    1    1  8.16909E+08 0.53057 
   14   14    1    1    1    1    1    1    1    1  2.10830E+09 0.36451 
   15   15    1    1    1    1    1    1    1    1  1.21838E+09 0.45120 
   16   16    1    1    1    1    1    1    1    1  1.83153E+08 0.63884 
   17   17    1    1    1    1    1    1    1    1  6.78377E+08 0.45163 
   18   18    1    1    1    1    1    1    1    1  1.70748E+09 0.29191 
   19   19    1    1    1    1    1    1    1    1  2.18026E+09 0.19086 
   20   20    1    1    1    1    1    1    1    1  7.78585E+09 0.14318 
   21   21    1    1    1    1    1    1    1    1  4.04462E+09 0.19215 
   22   22    1    1    1    1    1    1    1    1  1.68137E+10 0.08877 
   23   23    1    1    1    1    1    1    1    1  2.69625E+10 0.09354 
   24   24    1    1    1    1    1    1    1    1  4.01169E+10 0.07782 
   25   25    1    1    1    1    1    1    1    1  5.33968E+10 0.06126 
   26   26    1    1    1    1    1    1    1    1  9.03394E+10 0.04049 
   27   27    1    1    1    1    1    1    1    1  1.93465E+11 0.02868 
   28   28    1    1    1    1    1    1    1    1  4.51666E+11 0.01989 
   29   29    1    1    1    1    1    1    1    1  7.82696E+11 0.02026 
   30   30    1    1    1    1    1    1    1    1  2.05713E+12 0.01243 
   31   31    1    1    1    1    1    1    1    1  5.90758E+12 0.00581 
   32   32    1    1    1    1    1    1    1    1  1.03683E+13 0.00597 
   33   33    1    1    1    1    1    1    1    1  2.40389E+13 0.00370 
   34   34    1    1    1    1    1    1    1    1  3.30709E+13 0.00227 
   35   35    1    1    1    1    1    1    1    1  4.11856E+13 0.00242 
   36   36    1    1    1    1    1    1    1    1  2.74566E+13 0.00288 
   37   37    1    1    1    1    1    1    1    1  8.26623E+12 0.00206 
   38   38    1    1    1    1    1    1    1    1  4.64954E+13 0.00171 
   39   39    1    1    1    1    1    1    1    1  6.23144E+13 0.00135 
   40   40    1    1    1    1    1    1    1    1  1.07567E+14 0.00141 
   41   41    1    1    1    1    1    1    1    1  1.06775E+14 0.00129 
   42   42    1    1    1    1    1    1    1    1  2.27670E+14 0.00108 
   43   43    1    1    1    1    1    1    1    1  2.74582E+14 0.00091 
   44   44    1    1    1    1    1    1    1    1  3.95805E+14 0.00081 
   45   45    1    1    1    1    1    1    1    1  7.93198E+14 0.00068 
   46   46    1    1    1    1    1    1    1    1  3.76727E+14 0.00062 
   47   47    1    1    1    1    1    1    1    1  6.00360E+14 0.00064 
   48   48    1    1    1    1    1    1    1    1  8.43694E+14 0.00072 
   49   49    1    1    1    1    1    1    1    1  8.30162E+14 0.00065 
   50   50    1    1    1    1    1    1    1    1  1.31622E+15 0.00055 
   51   51    1    1    1    1    1    1    1    1  1.04668E+15 0.00041 
   52   52    1    1    1    1    1    1    1    1  1.25990E+15 0.00065 
   53   53    1    1    1    1    1    1    1    1  8.83137E+14 0.00064 
   54   54    1    1    1    1    1    1    1    1  1.09769E+15 0.00053 
   55   55    1    1    1    1    1    1    1    1  7.60132E+14 0.00049 
   56   56    1    1    1    1    1    1    1    1  1.03500E+14 0.00115 
   57   57    1    1    1    1    1    1    1    1  1.51402E+15 0.00047 
   58   58    1    1    1    1    1    1    1    1  6.86378E+14 0.00075 
   59   59    1    1    1    1    1    1    1    1  7.33835E+14 0.00055 
   60   60    1    1    1    1    1    1    1    1  5.80329E+14 0.00065 
   61   61    1    1    1    1    1    1    1    1  5.81847E+14 0.00093 
   62   62    1    1    1    1    1    1    1    1  6.07099E+14 0.00075 
   63   63    1    1    1    1    1    1    1    1  5.13547E+14 0.00077 
   64   64    1    1    1    1    1    1    1    1  4.10752E+14 0.00108 
   65   65    1    1    1    1    1    1    1    1  4.09463E+14 0.00086 
   66   66    1    1    1    1    1    1    1    1  2.99678E+14 0.00099 
   67   67    1    1    1    1    1    1    1    1  2.43809E+14 0.00106 
   68   68    1    1    1    1    1    1    1    1  2.18129E+14 0.00122 
   69   69    1    1    1    1    1    1    1    1  2.62955E+14 0.00138 
   70   70    1    1    1    1    1    1    1    1  2.24497E+14 0.00109 
   71   71    1    1    1    1    1    1    1    1  4.08713E+14 0.00089 
   72   72    1    1    1    1    1    1    1    1  2.91039E+14 0.00101 
   73   73    1    1    1    1    1    1    1    1  2.20575E+14 0.00097 
   74   74    1    1    1    1    1    1    1    1  1.78393E+14 0.00140 
   75   75    1    1    1    1    1    1    1    1  1.49169E+14 0.00145 
   76   76    1    1    1    1    1    1    1    1  1.74452E+14 0.00128 
   77   77    1    1    1    1    1    1    1    1  1.39012E+14 0.00124 
   78   78    1    1    1    1    1    1    1    1  1.10895E+14 0.00198 
   79   79    1    1    1    1    1    1    1    1  1.14904E+14 0.00184 
   80   80    1    1    1    1    1    1    1    1  8.50914E+13 0.00186 
   81   81    1    1    1    1    1    1    1    1  6.57333E+13 0.00215 
   82   82    1    1    1    1    1    1    1    1  5.05255E+13 0.00266 
   83   83    1    1    1    1    1    1    1    1  4.71865E+13 0.00206 
   84   84    1    1    1    1    1    1    1    1  3.39620E+13 0.00238 
   85   85    1    1    1    1    1    1    1    1  2.45325E+13 0.00375 
   86   86    1    1    1    1    1    1    1    1  2.29424E+13 0.00235 
   87   87    1    1    1    1    1    1    1    1  1.41414E+13 0.00422 
   88   88    1    1    1    1    1    1    1    1  9.47793E+12 0.00591 
   89   89    1    1    1    1    1    1    1    1  5.39119E+12 0.00584 
   90   90    1    1    1    1    1    1    1    1  3.56285E+12 0.00958 
   91   91    1    1    1    1    1    1    1    1  1.82154E+12 0.01322 
   92   92    1    1    1    1    1    1    1    1  8.71743E+11 0.01793 
   93   93    1    1    1    1    1    1    1    1  4.20914E+11 0.02829 
   94   94    1    1    1    1    1    1    1    1  1.94555E+11 0.04229 
   95   95    1    1    1    1    1    1    1    1  9.31728E+10 0.05602 
   96   96    1    1    1    1    1    1    1    1  4.38386E+10 0.07076 
   97   97    1    1    1    1    1    1    1    1  2.70400E+10 0.11881 
   98   98    1    1    1    1    1    1    1    1  1.17836E+10 0.11709 
   99   99    1    1    1    1    1    1    1    1  2.76604E+09 0.31024 
  100  100    1    1    1    1    1    1    1    1  4.61039E+09 0.24553 
];


