
DETdpaspec = [
    1    1    1    1    1    1    1    1    1    1  0.00000E+00 0.00000 
    2    2    1    1    1    1    1    1    1    1  0.00000E+00 0.00000 
    3    3    1    1    1    1    1    1    1    1  0.00000E+00 0.00000 
    4    4    1    1    1    1    1    1    1    1  7.80065E+06 1.00000 
    5    5    1    1    1    1    1    1    1    1  0.00000E+00 0.00000 
    6    6    1    1    1    1    1    1    1    1  0.00000E+00 0.00000 
    7    7    1    1    1    1    1    1    1    1  0.00000E+00 0.00000 
    8    8    1    1    1    1    1    1    1    1  0.00000E+00 0.00000 
    9    9    1    1    1    1    1    1    1    1  8.72571E+06 1.00000 
   10   10    1    1    1    1    1    1    1    1  7.87624E+07 1.00000 
   11   11    1    1    1    1    1    1    1    1  1.22942E+08 1.00000 
   12   12    1    1    1    1    1    1    1    1  1.62326E+08 0.63336 
   13   13    1    1    1    1    1    1    1    1  8.87376E+08 0.73688 
   14   14    1    1    1    1    1    1    1    1  1.56406E+09 0.32032 
   15   15    1    1    1    1    1    1    1    1  1.69285E+09 0.31885 
   16   16    1    1    1    1    1    1    1    1  5.05523E+08 0.32727 
   17   17    1    1    1    1    1    1    1    1  1.39233E+09 0.31952 
   18   18    1    1    1    1    1    1    1    1  2.33291E+09 0.24496 
   19   19    1    1    1    1    1    1    1    1  3.01320E+09 0.20617 
   20   20    1    1    1    1    1    1    1    1  7.91914E+09 0.15343 
   21   21    1    1    1    1    1    1    1    1  4.95892E+09 0.18196 
   22   22    1    1    1    1    1    1    1    1  1.14376E+10 0.11391 
   23   23    1    1    1    1    1    1    1    1  2.08166E+10 0.07356 
   24   24    1    1    1    1    1    1    1    1  3.53882E+10 0.08537 
   25   25    1    1    1    1    1    1    1    1  5.57652E+10 0.06320 
   26   26    1    1    1    1    1    1    1    1  8.89708E+10 0.06229 
   27   27    1    1    1    1    1    1    1    1  1.92382E+11 0.04471 
   28   28    1    1    1    1    1    1    1    1  4.61935E+11 0.02296 
   29   29    1    1    1    1    1    1    1    1  7.76148E+11 0.01267 
   30   30    1    1    1    1    1    1    1    1  1.99326E+12 0.01006 
   31   31    1    1    1    1    1    1    1    1  5.79272E+12 0.00828 
   32   32    1    1    1    1    1    1    1    1  1.02845E+13 0.00508 
   33   33    1    1    1    1    1    1    1    1  2.38779E+13 0.00388 
   34   34    1    1    1    1    1    1    1    1  3.28460E+13 0.00362 
   35   35    1    1    1    1    1    1    1    1  4.09683E+13 0.00346 
   36   36    1    1    1    1    1    1    1    1  2.74489E+13 0.00250 
   37   37    1    1    1    1    1    1    1    1  8.28479E+12 0.00268 
   38   38    1    1    1    1    1    1    1    1  4.65771E+13 0.00197 
   39   39    1    1    1    1    1    1    1    1  6.22730E+13 0.00151 
   40   40    1    1    1    1    1    1    1    1  1.07548E+14 0.00192 
   41   41    1    1    1    1    1    1    1    1  1.07085E+14 0.00126 
   42   42    1    1    1    1    1    1    1    1  2.27688E+14 0.00134 
   43   43    1    1    1    1    1    1    1    1  2.74779E+14 0.00106 
   44   44    1    1    1    1    1    1    1    1  3.95651E+14 0.00085 
   45   45    1    1    1    1    1    1    1    1  7.93776E+14 0.00080 
   46   46    1    1    1    1    1    1    1    1  3.76379E+14 0.00085 
   47   47    1    1    1    1    1    1    1    1  5.99932E+14 0.00088 
   48   48    1    1    1    1    1    1    1    1  8.43160E+14 0.00075 
   49   49    1    1    1    1    1    1    1    1  8.29285E+14 0.00071 
   50   50    1    1    1    1    1    1    1    1  1.31478E+15 0.00058 
   51   51    1    1    1    1    1    1    1    1  1.04697E+15 0.00059 
   52   52    1    1    1    1    1    1    1    1  1.26104E+15 0.00063 
   53   53    1    1    1    1    1    1    1    1  8.82494E+14 0.00058 
   54   54    1    1    1    1    1    1    1    1  1.09566E+15 0.00068 
   55   55    1    1    1    1    1    1    1    1  7.59733E+14 0.00061 
   56   56    1    1    1    1    1    1    1    1  1.03640E+14 0.00089 
   57   57    1    1    1    1    1    1    1    1  1.51470E+15 0.00058 
   58   58    1    1    1    1    1    1    1    1  6.86707E+14 0.00065 
   59   59    1    1    1    1    1    1    1    1  7.33239E+14 0.00086 
   60   60    1    1    1    1    1    1    1    1  5.79791E+14 0.00082 
   61   61    1    1    1    1    1    1    1    1  5.81348E+14 0.00074 
   62   62    1    1    1    1    1    1    1    1  6.05492E+14 0.00090 
   63   63    1    1    1    1    1    1    1    1  5.13435E+14 0.00071 
   64   64    1    1    1    1    1    1    1    1  4.10639E+14 0.00096 
   65   65    1    1    1    1    1    1    1    1  4.10129E+14 0.00091 
   66   66    1    1    1    1    1    1    1    1  2.99807E+14 0.00100 
   67   67    1    1    1    1    1    1    1    1  2.44135E+14 0.00105 
   68   68    1    1    1    1    1    1    1    1  2.18554E+14 0.00101 
   69   69    1    1    1    1    1    1    1    1  2.63045E+14 0.00144 
   70   70    1    1    1    1    1    1    1    1  2.24427E+14 0.00087 
   71   71    1    1    1    1    1    1    1    1  4.08495E+14 0.00105 
   72   72    1    1    1    1    1    1    1    1  2.90563E+14 0.00095 
   73   73    1    1    1    1    1    1    1    1  2.20531E+14 0.00095 
   74   74    1    1    1    1    1    1    1    1  1.78557E+14 0.00166 
   75   75    1    1    1    1    1    1    1    1  1.49192E+14 0.00199 
   76   76    1    1    1    1    1    1    1    1  1.74030E+14 0.00198 
   77   77    1    1    1    1    1    1    1    1  1.38405E+14 0.00120 
   78   78    1    1    1    1    1    1    1    1  1.10418E+14 0.00133 
   79   79    1    1    1    1    1    1    1    1  1.14469E+14 0.00211 
   80   80    1    1    1    1    1    1    1    1  8.50362E+13 0.00165 
   81   81    1    1    1    1    1    1    1    1  6.56584E+13 0.00181 
   82   82    1    1    1    1    1    1    1    1  5.05892E+13 0.00181 
   83   83    1    1    1    1    1    1    1    1  4.71832E+13 0.00258 
   84   84    1    1    1    1    1    1    1    1  3.41091E+13 0.00207 
   85   85    1    1    1    1    1    1    1    1  2.45024E+13 0.00325 
   86   86    1    1    1    1    1    1    1    1  2.29668E+13 0.00396 
   87   87    1    1    1    1    1    1    1    1  1.39950E+13 0.00465 
   88   88    1    1    1    1    1    1    1    1  9.53036E+12 0.00470 
   89   89    1    1    1    1    1    1    1    1  5.45818E+12 0.00608 
   90   90    1    1    1    1    1    1    1    1  3.58568E+12 0.00943 
   91   91    1    1    1    1    1    1    1    1  1.78888E+12 0.01297 
   92   92    1    1    1    1    1    1    1    1  8.71047E+11 0.01594 
   93   93    1    1    1    1    1    1    1    1  4.02442E+11 0.02566 
   94   94    1    1    1    1    1    1    1    1  2.09854E+11 0.02768 
   95   95    1    1    1    1    1    1    1    1  9.37880E+10 0.06233 
   96   96    1    1    1    1    1    1    1    1  4.50930E+10 0.05781 
   97   97    1    1    1    1    1    1    1    1  1.98266E+10 0.09635 
   98   98    1    1    1    1    1    1    1    1  1.20937E+10 0.14251 
   99   99    1    1    1    1    1    1    1    1  3.90419E+09 0.30983 
  100  100    1    1    1    1    1    1    1    1  2.73689E+09 0.23328 
];


