
DETdpaspec = [
    1    1    1    1    1    1    1    1    1    1  0.00000E+00 0.00000 
    2    2    1    1    1    1    1    1    1    1  0.00000E+00 0.00000 
    3    3    1    1    1    1    1    1    1    1  0.00000E+00 0.00000 
    4    4    1    1    1    1    1    1    1    1  0.00000E+00 0.00000 
    5    5    1    1    1    1    1    1    1    1  0.00000E+00 0.00000 
    6    6    1    1    1    1    1    1    1    1  0.00000E+00 0.00000 
    7    7    1    1    1    1    1    1    1    1  0.00000E+00 0.00000 
    8    8    1    1    1    1    1    1    1    1  0.00000E+00 0.00000 
    9    9    1    1    1    1    1    1    1    1  0.00000E+00 0.00000 
   10   10    1    1    1    1    1    1    1    1  0.00000E+00 0.00000 
   11   11    1    1    1    1    1    1    1    1  7.04248E+07 0.69001 
   12   12    1    1    1    1    1    1    1    1  0.00000E+00 0.00000 
   13   13    1    1    1    1    1    1    1    1  5.69601E+08 0.52227 
   14   14    1    1    1    1    1    1    1    1  8.58981E+08 0.61429 
   15   15    1    1    1    1    1    1    1    1  9.10594E+08 0.58756 
   16   16    1    1    1    1    1    1    1    1  1.08393E+09 0.42240 
   17   17    1    1    1    1    1    1    1    1  7.23844E+08 0.38815 
   18   18    1    1    1    1    1    1    1    1  4.69250E+08 0.41005 
   19   19    1    1    1    1    1    1    1    1  2.13926E+09 0.26584 
   20   20    1    1    1    1    1    1    1    1  5.51437E+09 0.19319 
   21   21    1    1    1    1    1    1    1    1  6.00219E+09 0.18904 
   22   22    1    1    1    1    1    1    1    1  1.29103E+10 0.12277 
   23   23    1    1    1    1    1    1    1    1  2.32134E+10 0.09729 
   24   24    1    1    1    1    1    1    1    1  4.26775E+10 0.07495 
   25   25    1    1    1    1    1    1    1    1  5.58747E+10 0.06793 
   26   26    1    1    1    1    1    1    1    1  1.21920E+11 0.04247 
   27   27    1    1    1    1    1    1    1    1  2.48727E+11 0.02681 
   28   28    1    1    1    1    1    1    1    1  6.34569E+11 0.01912 
   29   29    1    1    1    1    1    1    1    1  1.13606E+12 0.01352 
   30   30    1    1    1    1    1    1    1    1  2.75919E+12 0.01268 
   31   31    1    1    1    1    1    1    1    1  7.51818E+12 0.00796 
   32   32    1    1    1    1    1    1    1    1  1.28122E+13 0.00484 
   33   33    1    1    1    1    1    1    1    1  2.86968E+13 0.00376 
   34   34    1    1    1    1    1    1    1    1  3.88385E+13 0.00274 
   35   35    1    1    1    1    1    1    1    1  4.61631E+13 0.00240 
   36   36    1    1    1    1    1    1    1    1  3.00277E+13 0.00231 
   37   37    1    1    1    1    1    1    1    1  8.97183E+12 0.00269 
   38   38    1    1    1    1    1    1    1    1  5.06083E+13 0.00218 
   39   39    1    1    1    1    1    1    1    1  6.74877E+13 0.00201 
   40   40    1    1    1    1    1    1    1    1  1.15975E+14 0.00176 
   41   41    1    1    1    1    1    1    1    1  1.13757E+14 0.00160 
   42   42    1    1    1    1    1    1    1    1  2.42548E+14 0.00096 
   43   43    1    1    1    1    1    1    1    1  2.91512E+14 0.00076 
   44   44    1    1    1    1    1    1    1    1  4.18093E+14 0.00068 
   45   45    1    1    1    1    1    1    1    1  8.35014E+14 0.00079 
   46   46    1    1    1    1    1    1    1    1  3.91310E+14 0.00083 
   47   47    1    1    1    1    1    1    1    1  6.20482E+14 0.00081 
   48   48    1    1    1    1    1    1    1    1  8.67372E+14 0.00078 
   49   49    1    1    1    1    1    1    1    1  8.49840E+14 0.00065 
   50   50    1    1    1    1    1    1    1    1  1.34629E+15 0.00068 
   51   51    1    1    1    1    1    1    1    1  1.06049E+15 0.00066 
   52   52    1    1    1    1    1    1    1    1  1.28019E+15 0.00046 
   53   53    1    1    1    1    1    1    1    1  8.92777E+14 0.00070 
   54   54    1    1    1    1    1    1    1    1  1.11113E+15 0.00062 
   55   55    1    1    1    1    1    1    1    1  7.67979E+14 0.00068 
   56   56    1    1    1    1    1    1    1    1  1.04282E+14 0.00105 
   57   57    1    1    1    1    1    1    1    1  1.52479E+15 0.00049 
   58   58    1    1    1    1    1    1    1    1  6.95166E+14 0.00052 
   59   59    1    1    1    1    1    1    1    1  7.40349E+14 0.00053 
   60   60    1    1    1    1    1    1    1    1  5.88072E+14 0.00054 
   61   61    1    1    1    1    1    1    1    1  5.89365E+14 0.00059 
   62   62    1    1    1    1    1    1    1    1  6.13414E+14 0.00073 
   63   63    1    1    1    1    1    1    1    1  5.19232E+14 0.00073 
   64   64    1    1    1    1    1    1    1    1  4.14428E+14 0.00083 
   65   65    1    1    1    1    1    1    1    1  4.12775E+14 0.00075 
   66   66    1    1    1    1    1    1    1    1  3.02064E+14 0.00099 
   67   67    1    1    1    1    1    1    1    1  2.45579E+14 0.00101 
   68   68    1    1    1    1    1    1    1    1  2.19164E+14 0.00086 
   69   69    1    1    1    1    1    1    1    1  2.63653E+14 0.00141 
   70   70    1    1    1    1    1    1    1    1  2.25068E+14 0.00087 
   71   71    1    1    1    1    1    1    1    1  4.07409E+14 0.00093 
   72   72    1    1    1    1    1    1    1    1  2.89005E+14 0.00090 
   73   73    1    1    1    1    1    1    1    1  2.19200E+14 0.00144 
   74   74    1    1    1    1    1    1    1    1  1.77992E+14 0.00138 
   75   75    1    1    1    1    1    1    1    1  1.49158E+14 0.00140 
   76   76    1    1    1    1    1    1    1    1  1.74827E+14 0.00131 
   77   77    1    1    1    1    1    1    1    1  1.39439E+14 0.00127 
   78   78    1    1    1    1    1    1    1    1  1.11475E+14 0.00167 
   79   79    1    1    1    1    1    1    1    1  1.15894E+14 0.00164 
   80   80    1    1    1    1    1    1    1    1  8.62125E+13 0.00203 
   81   81    1    1    1    1    1    1    1    1  6.66231E+13 0.00189 
   82   82    1    1    1    1    1    1    1    1  5.11104E+13 0.00238 
   83   83    1    1    1    1    1    1    1    1  4.79994E+13 0.00182 
   84   84    1    1    1    1    1    1    1    1  3.45147E+13 0.00244 
   85   85    1    1    1    1    1    1    1    1  2.49155E+13 0.00236 
   86   86    1    1    1    1    1    1    1    1  2.30766E+13 0.00342 
   87   87    1    1    1    1    1    1    1    1  1.43282E+13 0.00362 
   88   88    1    1    1    1    1    1    1    1  9.57142E+12 0.00442 
   89   89    1    1    1    1    1    1    1    1  5.42925E+12 0.00622 
   90   90    1    1    1    1    1    1    1    1  3.61541E+12 0.01046 
   91   91    1    1    1    1    1    1    1    1  1.80529E+12 0.01180 
   92   92    1    1    1    1    1    1    1    1  8.65002E+11 0.01477 
   93   93    1    1    1    1    1    1    1    1  4.23307E+11 0.02948 
   94   94    1    1    1    1    1    1    1    1  2.18827E+11 0.02989 
   95   95    1    1    1    1    1    1    1    1  9.72871E+10 0.06340 
   96   96    1    1    1    1    1    1    1    1  3.73237E+10 0.08029 
   97   97    1    1    1    1    1    1    1    1  1.92414E+10 0.10148 
   98   98    1    1    1    1    1    1    1    1  1.41210E+10 0.13277 
   99   99    1    1    1    1    1    1    1    1  5.89068E+09 0.17701 
  100  100    1    1    1    1    1    1    1    1  4.36455E+09 0.19068 
];


