
DETdpaspec = [
    1    1    1    1    1    1    1    1    1    1  0.00000E+00 0.00000 
    2    2    1    1    1    1    1    1    1    1  0.00000E+00 0.00000 
    3    3    1    1    1    1    1    1    1    1  0.00000E+00 0.00000 
    4    4    1    1    1    1    1    1    1    1  0.00000E+00 0.00000 
    5    5    1    1    1    1    1    1    1    1  0.00000E+00 0.00000 
    6    6    1    1    1    1    1    1    1    1  0.00000E+00 0.00000 
    7    7    1    1    1    1    1    1    1    1  0.00000E+00 0.00000 
    8    8    1    1    1    1    1    1    1    1  0.00000E+00 0.00000 
    9    9    1    1    1    1    1    1    1    1  0.00000E+00 0.00000 
   10   10    1    1    1    1    1    1    1    1  0.00000E+00 0.00000 
   11   11    1    1    1    1    1    1    1    1  0.00000E+00 0.00000 
   12   12    1    1    1    1    1    1    1    1  0.00000E+00 0.00000 
   13   13    1    1    1    1    1    1    1    1  3.56707E+08 0.51337 
   14   14    1    1    1    1    1    1    1    1  1.24958E+09 0.47528 
   15   15    1    1    1    1    1    1    1    1  2.46940E+09 0.42165 
   16   16    1    1    1    1    1    1    1    1  5.41792E+08 0.63136 
   17   17    1    1    1    1    1    1    1    1  7.89488E+08 0.52939 
   18   18    1    1    1    1    1    1    1    1  1.79547E+09 0.25477 
   19   19    1    1    1    1    1    1    1    1  1.25122E+09 0.38525 
   20   20    1    1    1    1    1    1    1    1  5.61110E+09 0.18116 
   21   21    1    1    1    1    1    1    1    1  7.41630E+09 0.16898 
   22   22    1    1    1    1    1    1    1    1  1.24812E+10 0.14323 
   23   23    1    1    1    1    1    1    1    1  1.90717E+10 0.12453 
   24   24    1    1    1    1    1    1    1    1  3.78091E+10 0.07356 
   25   25    1    1    1    1    1    1    1    1  6.25500E+10 0.07063 
   26   26    1    1    1    1    1    1    1    1  1.19974E+11 0.04824 
   27   27    1    1    1    1    1    1    1    1  2.55581E+11 0.03534 
   28   28    1    1    1    1    1    1    1    1  6.40790E+11 0.01387 
   29   29    1    1    1    1    1    1    1    1  1.17146E+12 0.01577 
   30   30    1    1    1    1    1    1    1    1  2.83849E+12 0.00915 
   31   31    1    1    1    1    1    1    1    1  7.72441E+12 0.00835 
   32   32    1    1    1    1    1    1    1    1  1.29787E+13 0.00628 
   33   33    1    1    1    1    1    1    1    1  2.92407E+13 0.00397 
   34   34    1    1    1    1    1    1    1    1  3.96095E+13 0.00251 
   35   35    1    1    1    1    1    1    1    1  4.65999E+13 0.00197 
   36   36    1    1    1    1    1    1    1    1  3.03212E+13 0.00208 
   37   37    1    1    1    1    1    1    1    1  9.02982E+12 0.00245 
   38   38    1    1    1    1    1    1    1    1  5.08849E+13 0.00155 
   39   39    1    1    1    1    1    1    1    1  6.76883E+13 0.00178 
   40   40    1    1    1    1    1    1    1    1  1.16601E+14 0.00173 
   41   41    1    1    1    1    1    1    1    1  1.13960E+14 0.00138 
   42   42    1    1    1    1    1    1    1    1  2.43549E+14 0.00133 
   43   43    1    1    1    1    1    1    1    1  2.92493E+14 0.00133 
   44   44    1    1    1    1    1    1    1    1  4.19747E+14 0.00085 
   45   45    1    1    1    1    1    1    1    1  8.36276E+14 0.00078 
   46   46    1    1    1    1    1    1    1    1  3.92019E+14 0.00093 
   47   47    1    1    1    1    1    1    1    1  6.21273E+14 0.00076 
   48   48    1    1    1    1    1    1    1    1  8.69832E+14 0.00057 
   49   49    1    1    1    1    1    1    1    1  8.50434E+14 0.00068 
   50   50    1    1    1    1    1    1    1    1  1.34756E+15 0.00056 
   51   51    1    1    1    1    1    1    1    1  1.06125E+15 0.00060 
   52   52    1    1    1    1    1    1    1    1  1.28076E+15 0.00056 
   53   53    1    1    1    1    1    1    1    1  8.92923E+14 0.00045 
   54   54    1    1    1    1    1    1    1    1  1.11261E+15 0.00045 
   55   55    1    1    1    1    1    1    1    1  7.68983E+14 0.00058 
   56   56    1    1    1    1    1    1    1    1  1.04414E+14 0.00100 
   57   57    1    1    1    1    1    1    1    1  1.52569E+15 0.00051 
   58   58    1    1    1    1    1    1    1    1  6.95331E+14 0.00047 
   59   59    1    1    1    1    1    1    1    1  7.40088E+14 0.00072 
   60   60    1    1    1    1    1    1    1    1  5.87575E+14 0.00077 
   61   61    1    1    1    1    1    1    1    1  5.88335E+14 0.00071 
   62   62    1    1    1    1    1    1    1    1  6.13245E+14 0.00069 
   63   63    1    1    1    1    1    1    1    1  5.19032E+14 0.00085 
   64   64    1    1    1    1    1    1    1    1  4.14552E+14 0.00094 
   65   65    1    1    1    1    1    1    1    1  4.13097E+14 0.00083 
   66   66    1    1    1    1    1    1    1    1  3.02186E+14 0.00124 
   67   67    1    1    1    1    1    1    1    1  2.45180E+14 0.00121 
   68   68    1    1    1    1    1    1    1    1  2.19075E+14 0.00108 
   69   69    1    1    1    1    1    1    1    1  2.63209E+14 0.00076 
   70   70    1    1    1    1    1    1    1    1  2.24657E+14 0.00121 
   71   71    1    1    1    1    1    1    1    1  4.06237E+14 0.00093 
   72   72    1    1    1    1    1    1    1    1  2.88255E+14 0.00093 
   73   73    1    1    1    1    1    1    1    1  2.18798E+14 0.00123 
   74   74    1    1    1    1    1    1    1    1  1.78184E+14 0.00123 
   75   75    1    1    1    1    1    1    1    1  1.49233E+14 0.00138 
   76   76    1    1    1    1    1    1    1    1  1.74802E+14 0.00151 
   77   77    1    1    1    1    1    1    1    1  1.39290E+14 0.00091 
   78   78    1    1    1    1    1    1    1    1  1.11703E+14 0.00130 
   79   79    1    1    1    1    1    1    1    1  1.15975E+14 0.00137 
   80   80    1    1    1    1    1    1    1    1  8.64214E+13 0.00148 
   81   81    1    1    1    1    1    1    1    1  6.66796E+13 0.00256 
   82   82    1    1    1    1    1    1    1    1  5.09933E+13 0.00227 
   83   83    1    1    1    1    1    1    1    1  4.78593E+13 0.00171 
   84   84    1    1    1    1    1    1    1    1  3.44034E+13 0.00293 
   85   85    1    1    1    1    1    1    1    1  2.46248E+13 0.00336 
   86   86    1    1    1    1    1    1    1    1  2.31639E+13 0.00361 
   87   87    1    1    1    1    1    1    1    1  1.43029E+13 0.00323 
   88   88    1    1    1    1    1    1    1    1  9.48753E+12 0.00519 
   89   89    1    1    1    1    1    1    1    1  5.45804E+12 0.00791 
   90   90    1    1    1    1    1    1    1    1  3.60369E+12 0.00908 
   91   91    1    1    1    1    1    1    1    1  1.80408E+12 0.01102 
   92   92    1    1    1    1    1    1    1    1  8.70287E+11 0.01601 
   93   93    1    1    1    1    1    1    1    1  4.18621E+11 0.02462 
   94   94    1    1    1    1    1    1    1    1  2.11329E+11 0.03514 
   95   95    1    1    1    1    1    1    1    1  9.90869E+10 0.05188 
   96   96    1    1    1    1    1    1    1    1  4.43947E+10 0.07631 
   97   97    1    1    1    1    1    1    1    1  2.25552E+10 0.08818 
   98   98    1    1    1    1    1    1    1    1  1.14428E+10 0.17886 
   99   99    1    1    1    1    1    1    1    1  5.59691E+09 0.23825 
  100  100    1    1    1    1    1    1    1    1  3.06937E+09 0.25636 
];


