
DETdpaspec = [
    1    1    1    1    1    1    1    1    1    1  0.00000E+00 0.00000 
    2    2    1    1    1    1    1    1    1    1  0.00000E+00 0.00000 
    3    3    1    1    1    1    1    1    1    1  0.00000E+00 0.00000 
    4    4    1    1    1    1    1    1    1    1  0.00000E+00 0.00000 
    5    5    1    1    1    1    1    1    1    1  0.00000E+00 0.00000 
    6    6    1    1    1    1    1    1    1    1  0.00000E+00 0.00000 
    7    7    1    1    1    1    1    1    1    1  0.00000E+00 0.00000 
    8    8    1    1    1    1    1    1    1    1  0.00000E+00 0.00000 
    9    9    1    1    1    1    1    1    1    1  0.00000E+00 0.00000 
   10   10    1    1    1    1    1    1    1    1  1.53033E+07 1.00000 
   11   11    1    1    1    1    1    1    1    1  0.00000E+00 0.00000 
   12   12    1    1    1    1    1    1    1    1  1.07552E+07 0.83411 
   13   13    1    1    1    1    1    1    1    1  4.46702E+08 0.62171 
   14   14    1    1    1    1    1    1    1    1  1.51982E+09 0.37581 
   15   15    1    1    1    1    1    1    1    1  1.92972E+09 0.33780 
   16   16    1    1    1    1    1    1    1    1  8.92796E+08 0.34876 
   17   17    1    1    1    1    1    1    1    1  6.00144E+08 0.46112 
   18   18    1    1    1    1    1    1    1    1  1.21477E+09 0.31687 
   19   19    1    1    1    1    1    1    1    1  2.03694E+09 0.30713 
   20   20    1    1    1    1    1    1    1    1  7.35373E+09 0.21376 
   21   21    1    1    1    1    1    1    1    1  6.93252E+09 0.12156 
   22   22    1    1    1    1    1    1    1    1  1.75262E+10 0.11975 
   23   23    1    1    1    1    1    1    1    1  1.98083E+10 0.09635 
   24   24    1    1    1    1    1    1    1    1  3.57719E+10 0.07761 
   25   25    1    1    1    1    1    1    1    1  5.32452E+10 0.04820 
   26   26    1    1    1    1    1    1    1    1  9.17339E+10 0.03796 
   27   27    1    1    1    1    1    1    1    1  1.72669E+11 0.04767 
   28   28    1    1    1    1    1    1    1    1  4.05947E+11 0.02115 
   29   29    1    1    1    1    1    1    1    1  6.75892E+11 0.01999 
   30   30    1    1    1    1    1    1    1    1  1.78692E+12 0.00955 
   31   31    1    1    1    1    1    1    1    1  5.29260E+12 0.00655 
   32   32    1    1    1    1    1    1    1    1  9.45794E+12 0.00609 
   33   33    1    1    1    1    1    1    1    1  2.21378E+13 0.00357 
   34   34    1    1    1    1    1    1    1    1  3.07458E+13 0.00258 
   35   35    1    1    1    1    1    1    1    1  3.92468E+13 0.00250 
   36   36    1    1    1    1    1    1    1    1  2.65951E+13 0.00203 
   37   37    1    1    1    1    1    1    1    1  8.07741E+12 0.00314 
   38   38    1    1    1    1    1    1    1    1  4.49989E+13 0.00243 
   39   39    1    1    1    1    1    1    1    1  6.04584E+13 0.00221 
   40   40    1    1    1    1    1    1    1    1  1.04813E+14 0.00166 
   41   41    1    1    1    1    1    1    1    1  1.04756E+14 0.00184 
   42   42    1    1    1    1    1    1    1    1  2.22227E+14 0.00122 
   43   43    1    1    1    1    1    1    1    1  2.68573E+14 0.00080 
   44   44    1    1    1    1    1    1    1    1  3.87121E+14 0.00105 
   45   45    1    1    1    1    1    1    1    1  7.77533E+14 0.00097 
   46   46    1    1    1    1    1    1    1    1  3.70552E+14 0.00077 
   47   47    1    1    1    1    1    1    1    1  5.91997E+14 0.00072 
   48   48    1    1    1    1    1    1    1    1  8.33511E+14 0.00079 
   49   49    1    1    1    1    1    1    1    1  8.21204E+14 0.00070 
   50   50    1    1    1    1    1    1    1    1  1.30163E+15 0.00067 
   51   51    1    1    1    1    1    1    1    1  1.03991E+15 0.00071 
   52   52    1    1    1    1    1    1    1    1  1.24961E+15 0.00069 
   53   53    1    1    1    1    1    1    1    1  8.77030E+14 0.00073 
   54   54    1    1    1    1    1    1    1    1  1.08625E+15 0.00054 
   55   55    1    1    1    1    1    1    1    1  7.54652E+14 0.00071 
   56   56    1    1    1    1    1    1    1    1  1.02994E+14 0.00148 
   57   57    1    1    1    1    1    1    1    1  1.50364E+15 0.00050 
   58   58    1    1    1    1    1    1    1    1  6.79272E+14 0.00044 
   59   59    1    1    1    1    1    1    1    1  7.27075E+14 0.00057 
   60   60    1    1    1    1    1    1    1    1  5.73813E+14 0.00066 
   61   61    1    1    1    1    1    1    1    1  5.75639E+14 0.00063 
   62   62    1    1    1    1    1    1    1    1  5.99485E+14 0.00072 
   63   63    1    1    1    1    1    1    1    1  5.07752E+14 0.00054 
   64   64    1    1    1    1    1    1    1    1  4.05906E+14 0.00107 
   65   65    1    1    1    1    1    1    1    1  4.05542E+14 0.00074 
   66   66    1    1    1    1    1    1    1    1  2.96436E+14 0.00092 
   67   67    1    1    1    1    1    1    1    1  2.41982E+14 0.00107 
   68   68    1    1    1    1    1    1    1    1  2.16941E+14 0.00121 
   69   69    1    1    1    1    1    1    1    1  2.61008E+14 0.00114 
   70   70    1    1    1    1    1    1    1    1  2.22838E+14 0.00109 
   71   71    1    1    1    1    1    1    1    1  4.06139E+14 0.00084 
   72   72    1    1    1    1    1    1    1    1  2.89830E+14 0.00098 
   73   73    1    1    1    1    1    1    1    1  2.19844E+14 0.00121 
   74   74    1    1    1    1    1    1    1    1  1.77730E+14 0.00154 
   75   75    1    1    1    1    1    1    1    1  1.47851E+14 0.00136 
   76   76    1    1    1    1    1    1    1    1  1.72664E+14 0.00132 
   77   77    1    1    1    1    1    1    1    1  1.36871E+14 0.00110 
   78   78    1    1    1    1    1    1    1    1  1.09492E+14 0.00131 
   79   79    1    1    1    1    1    1    1    1  1.12802E+14 0.00125 
   80   80    1    1    1    1    1    1    1    1  8.40264E+13 0.00195 
   81   81    1    1    1    1    1    1    1    1  6.43288E+13 0.00183 
   82   82    1    1    1    1    1    1    1    1  4.97843E+13 0.00172 
   83   83    1    1    1    1    1    1    1    1  4.64742E+13 0.00293 
   84   84    1    1    1    1    1    1    1    1  3.33755E+13 0.00330 
   85   85    1    1    1    1    1    1    1    1  2.41040E+13 0.00310 
   86   86    1    1    1    1    1    1    1    1  2.27497E+13 0.00371 
   87   87    1    1    1    1    1    1    1    1  1.38561E+13 0.00423 
   88   88    1    1    1    1    1    1    1    1  9.40513E+12 0.00642 
   89   89    1    1    1    1    1    1    1    1  5.37602E+12 0.00703 
   90   90    1    1    1    1    1    1    1    1  3.54376E+12 0.00989 
   91   91    1    1    1    1    1    1    1    1  1.79378E+12 0.01298 
   92   92    1    1    1    1    1    1    1    1  8.35197E+11 0.01784 
   93   93    1    1    1    1    1    1    1    1  4.10100E+11 0.02518 
   94   94    1    1    1    1    1    1    1    1  1.96787E+11 0.04708 
   95   95    1    1    1    1    1    1    1    1  8.93283E+10 0.04624 
   96   96    1    1    1    1    1    1    1    1  4.80892E+10 0.07204 
   97   97    1    1    1    1    1    1    1    1  1.77614E+10 0.10531 
   98   98    1    1    1    1    1    1    1    1  1.13363E+10 0.13766 
   99   99    1    1    1    1    1    1    1    1  5.98867E+09 0.25887 
  100  100    1    1    1    1    1    1    1    1  3.11525E+09 0.35247 
];


