
DETdpaspec = [
    1    1    1    1    1    1    1    1    1    1  0.00000E+00 0.00000 
    2    2    1    1    1    1    1    1    1    1  0.00000E+00 0.00000 
    3    3    1    1    1    1    1    1    1    1  0.00000E+00 0.00000 
    4    4    1    1    1    1    1    1    1    1  0.00000E+00 0.00000 
    5    5    1    1    1    1    1    1    1    1  0.00000E+00 0.00000 
    6    6    1    1    1    1    1    1    1    1  0.00000E+00 0.00000 
    7    7    1    1    1    1    1    1    1    1  0.00000E+00 0.00000 
    8    8    1    1    1    1    1    1    1    1  0.00000E+00 0.00000 
    9    9    1    1    1    1    1    1    1    1  3.95740E+06 1.00000 
   10   10    1    1    1    1    1    1    1    1  3.13670E+07 1.00000 
   11   11    1    1    1    1    1    1    1    1  0.00000E+00 0.00000 
   12   12    1    1    1    1    1    1    1    1  2.74127E+07 1.00000 
   13   13    1    1    1    1    1    1    1    1  5.39173E+08 0.69049 
   14   14    1    1    1    1    1    1    1    1  1.12706E+09 0.33324 
   15   15    1    1    1    1    1    1    1    1  2.45914E+08 1.00000 
   16   16    1    1    1    1    1    1    1    1  4.11544E+08 0.40174 
   17   17    1    1    1    1    1    1    1    1  5.50619E+08 0.67268 
   18   18    1    1    1    1    1    1    1    1  1.89342E+09 0.29324 
   19   19    1    1    1    1    1    1    1    1  2.11326E+09 0.30865 
   20   20    1    1    1    1    1    1    1    1  7.21672E+09 0.16621 
   21   21    1    1    1    1    1    1    1    1  6.21894E+09 0.16244 
   22   22    1    1    1    1    1    1    1    1  1.21996E+10 0.13101 
   23   23    1    1    1    1    1    1    1    1  2.01473E+10 0.09925 
   24   24    1    1    1    1    1    1    1    1  4.63115E+10 0.06273 
   25   25    1    1    1    1    1    1    1    1  6.39290E+10 0.04920 
   26   26    1    1    1    1    1    1    1    1  1.32088E+11 0.04142 
   27   27    1    1    1    1    1    1    1    1  2.77066E+11 0.02126 
   28   28    1    1    1    1    1    1    1    1  6.87164E+11 0.02060 
   29   29    1    1    1    1    1    1    1    1  1.21325E+12 0.01553 
   30   30    1    1    1    1    1    1    1    1  2.89296E+12 0.00874 
   31   31    1    1    1    1    1    1    1    1  7.88737E+12 0.00650 
   32   32    1    1    1    1    1    1    1    1  1.32686E+13 0.00430 
   33   33    1    1    1    1    1    1    1    1  2.97086E+13 0.00331 
   34   34    1    1    1    1    1    1    1    1  4.01950E+13 0.00244 
   35   35    1    1    1    1    1    1    1    1  4.71358E+13 0.00272 
   36   36    1    1    1    1    1    1    1    1  3.05374E+13 0.00298 
   37   37    1    1    1    1    1    1    1    1  9.13635E+12 0.00298 
   38   38    1    1    1    1    1    1    1    1  5.15037E+13 0.00216 
   39   39    1    1    1    1    1    1    1    1  6.86235E+13 0.00188 
   40   40    1    1    1    1    1    1    1    1  1.17885E+14 0.00155 
   41   41    1    1    1    1    1    1    1    1  1.15273E+14 0.00126 
   42   42    1    1    1    1    1    1    1    1  2.45403E+14 0.00097 
   43   43    1    1    1    1    1    1    1    1  2.94751E+14 0.00102 
   44   44    1    1    1    1    1    1    1    1  4.22111E+14 0.00091 
   45   45    1    1    1    1    1    1    1    1  8.40160E+14 0.00052 
   46   46    1    1    1    1    1    1    1    1  3.93690E+14 0.00062 
   47   47    1    1    1    1    1    1    1    1  6.23755E+14 0.00071 
   48   48    1    1    1    1    1    1    1    1  8.71652E+14 0.00069 
   49   49    1    1    1    1    1    1    1    1  8.51545E+14 0.00056 
   50   50    1    1    1    1    1    1    1    1  1.34987E+15 0.00051 
   51   51    1    1    1    1    1    1    1    1  1.06166E+15 0.00055 
   52   52    1    1    1    1    1    1    1    1  1.28262E+15 0.00047 
   53   53    1    1    1    1    1    1    1    1  8.93333E+14 0.00047 
   54   54    1    1    1    1    1    1    1    1  1.11279E+15 0.00071 
   55   55    1    1    1    1    1    1    1    1  7.68560E+14 0.00078 
   56   56    1    1    1    1    1    1    1    1  1.04143E+14 0.00088 
   57   57    1    1    1    1    1    1    1    1  1.52609E+15 0.00049 
   58   58    1    1    1    1    1    1    1    1  6.95912E+14 0.00052 
   59   59    1    1    1    1    1    1    1    1  7.40707E+14 0.00066 
   60   60    1    1    1    1    1    1    1    1  5.87696E+14 0.00069 
   61   61    1    1    1    1    1    1    1    1  5.88589E+14 0.00069 
   62   62    1    1    1    1    1    1    1    1  6.12955E+14 0.00088 
   63   63    1    1    1    1    1    1    1    1  5.18652E+14 0.00098 
   64   64    1    1    1    1    1    1    1    1  4.14669E+14 0.00071 
   65   65    1    1    1    1    1    1    1    1  4.13501E+14 0.00079 
   66   66    1    1    1    1    1    1    1    1  3.02138E+14 0.00065 
   67   67    1    1    1    1    1    1    1    1  2.45427E+14 0.00108 
   68   68    1    1    1    1    1    1    1    1  2.18869E+14 0.00125 
   69   69    1    1    1    1    1    1    1    1  2.62819E+14 0.00120 
   70   70    1    1    1    1    1    1    1    1  2.24252E+14 0.00143 
   71   71    1    1    1    1    1    1    1    1  4.06370E+14 0.00111 
   72   72    1    1    1    1    1    1    1    1  2.88242E+14 0.00091 
   73   73    1    1    1    1    1    1    1    1  2.18901E+14 0.00139 
   74   74    1    1    1    1    1    1    1    1  1.77897E+14 0.00172 
   75   75    1    1    1    1    1    1    1    1  1.49004E+14 0.00106 
   76   76    1    1    1    1    1    1    1    1  1.74005E+14 0.00126 
   77   77    1    1    1    1    1    1    1    1  1.39019E+14 0.00143 
   78   78    1    1    1    1    1    1    1    1  1.11484E+14 0.00188 
   79   79    1    1    1    1    1    1    1    1  1.15791E+14 0.00161 
   80   80    1    1    1    1    1    1    1    1  8.64934E+13 0.00187 
   81   81    1    1    1    1    1    1    1    1  6.67006E+13 0.00215 
   82   82    1    1    1    1    1    1    1    1  5.10262E+13 0.00207 
   83   83    1    1    1    1    1    1    1    1  4.77203E+13 0.00264 
   84   84    1    1    1    1    1    1    1    1  3.43451E+13 0.00284 
   85   85    1    1    1    1    1    1    1    1  2.48293E+13 0.00277 
   86   86    1    1    1    1    1    1    1    1  2.30543E+13 0.00349 
   87   87    1    1    1    1    1    1    1    1  1.41611E+13 0.00497 
   88   88    1    1    1    1    1    1    1    1  9.55344E+12 0.00453 
   89   89    1    1    1    1    1    1    1    1  5.39586E+12 0.00838 
   90   90    1    1    1    1    1    1    1    1  3.58060E+12 0.00864 
   91   91    1    1    1    1    1    1    1    1  1.80044E+12 0.01094 
   92   92    1    1    1    1    1    1    1    1  8.94256E+11 0.01820 
   93   93    1    1    1    1    1    1    1    1  4.18495E+11 0.03375 
   94   94    1    1    1    1    1    1    1    1  2.12134E+11 0.02794 
   95   95    1    1    1    1    1    1    1    1  9.98196E+10 0.05347 
   96   96    1    1    1    1    1    1    1    1  4.75441E+10 0.09959 
   97   97    1    1    1    1    1    1    1    1  2.37915E+10 0.10400 
   98   98    1    1    1    1    1    1    1    1  7.98600E+09 0.16355 
   99   99    1    1    1    1    1    1    1    1  3.95594E+09 0.24541 
  100  100    1    1    1    1    1    1    1    1  4.77449E+09 0.26299 
];


