
DETdpaspec = [
    1    1    1    1    1    1    1    1    1    1  0.00000E+00 0.00000 
    2    2    1    1    1    1    1    1    1    1  0.00000E+00 0.00000 
    3    3    1    1    1    1    1    1    1    1  0.00000E+00 0.00000 
    4    4    1    1    1    1    1    1    1    1  0.00000E+00 0.00000 
    5    5    1    1    1    1    1    1    1    1  0.00000E+00 0.00000 
    6    6    1    1    1    1    1    1    1    1  0.00000E+00 0.00000 
    7    7    1    1    1    1    1    1    1    1  0.00000E+00 0.00000 
    8    8    1    1    1    1    1    1    1    1  0.00000E+00 0.00000 
    9    9    1    1    1    1    1    1    1    1  0.00000E+00 0.00000 
   10   10    1    1    1    1    1    1    1    1  0.00000E+00 0.00000 
   11   11    1    1    1    1    1    1    1    1  4.40815E+08 0.80828 
   12   12    1    1    1    1    1    1    1    1  2.17765E+08 1.00000 
   13   13    1    1    1    1    1    1    1    1  9.64620E+07 0.69038 
   14   14    1    1    1    1    1    1    1    1  4.19684E+08 0.58468 
   15   15    1    1    1    1    1    1    1    1  6.82910E+08 0.70710 
   16   16    1    1    1    1    1    1    1    1  2.45192E+08 0.72318 
   17   17    1    1    1    1    1    1    1    1  6.95961E+08 0.60460 
   18   18    1    1    1    1    1    1    1    1  4.45645E+08 0.50988 
   19   19    1    1    1    1    1    1    1    1  6.96456E+08 0.39700 
   20   20    1    1    1    1    1    1    1    1  3.56373E+09 0.23387 
   21   21    1    1    1    1    1    1    1    1  4.27888E+09 0.18216 
   22   22    1    1    1    1    1    1    1    1  1.24877E+10 0.12368 
   23   23    1    1    1    1    1    1    1    1  5.17333E+10 0.07586 
   24   24    1    1    1    1    1    1    1    1  1.69122E+11 0.03973 
   25   25    1    1    1    1    1    1    1    1  2.70784E+11 0.02656 
   26   26    1    1    1    1    1    1    1    1  6.04564E+11 0.01762 
   27   27    1    1    1    1    1    1    1    1  1.28378E+12 0.01409 
   28   28    1    1    1    1    1    1    1    1  2.64453E+12 0.00990 
   29   29    1    1    1    1    1    1    1    1  4.18616E+12 0.00831 
   30   30    1    1    1    1    1    1    1    1  8.24651E+12 0.00636 
   31   31    1    1    1    1    1    1    1    1  1.75591E+13 0.00391 
   32   32    1    1    1    1    1    1    1    1  2.58737E+13 0.00331 
   33   33    1    1    1    1    1    1    1    1  5.15458E+13 0.00238 
   34   34    1    1    1    1    1    1    1    1  6.38078E+13 0.00180 
   35   35    1    1    1    1    1    1    1    1  6.67949E+13 0.00155 
   36   36    1    1    1    1    1    1    1    1  4.06887E+13 0.00178 
   37   37    1    1    1    1    1    1    1    1  1.18759E+13 0.00184 
   38   38    1    1    1    1    1    1    1    1  6.71748E+13 0.00124 
   39   39    1    1    1    1    1    1    1    1  8.82502E+13 0.00154 
   40   40    1    1    1    1    1    1    1    1  1.49000E+14 0.00175 
   41   41    1    1    1    1    1    1    1    1  1.41734E+14 0.00158 
   42   42    1    1    1    1    1    1    1    1  2.99318E+14 0.00138 
   43   43    1    1    1    1    1    1    1    1  3.52671E+14 0.00109 
   44   44    1    1    1    1    1    1    1    1  4.94483E+14 0.00105 
   45   45    1    1    1    1    1    1    1    1  9.62064E+14 0.00064 
   46   46    1    1    1    1    1    1    1    1  4.37223E+14 0.00094 
   47   47    1    1    1    1    1    1    1    1  6.83236E+14 0.00067 
   48   48    1    1    1    1    1    1    1    1  9.38193E+14 0.00054 
   49   49    1    1    1    1    1    1    1    1  9.02860E+14 0.00077 
   50   50    1    1    1    1    1    1    1    1  1.41333E+15 0.00059 
   51   51    1    1    1    1    1    1    1    1  1.08857E+15 0.00056 
   52   52    1    1    1    1    1    1    1    1  1.30756E+15 0.00051 
   53   53    1    1    1    1    1    1    1    1  8.98642E+14 0.00061 
   54   54    1    1    1    1    1    1    1    1  1.11721E+15 0.00043 
   55   55    1    1    1    1    1    1    1    1  7.65298E+14 0.00055 
   56   56    1    1    1    1    1    1    1    1  1.03329E+14 0.00113 
   57   57    1    1    1    1    1    1    1    1  1.50552E+15 0.00055 
   58   58    1    1    1    1    1    1    1    1  6.87246E+14 0.00054 
   59   59    1    1    1    1    1    1    1    1  7.25053E+14 0.00054 
   60   60    1    1    1    1    1    1    1    1  5.76178E+14 0.00059 
   61   61    1    1    1    1    1    1    1    1  5.73427E+14 0.00062 
   62   62    1    1    1    1    1    1    1    1  5.95751E+14 0.00069 
   63   63    1    1    1    1    1    1    1    1  5.01925E+14 0.00088 
   64   64    1    1    1    1    1    1    1    1  3.98774E+14 0.00089 
   65   65    1    1    1    1    1    1    1    1  3.95784E+14 0.00075 
   66   66    1    1    1    1    1    1    1    1  2.88924E+14 0.00064 
   67   67    1    1    1    1    1    1    1    1  2.33151E+14 0.00106 
   68   68    1    1    1    1    1    1    1    1  2.06898E+14 0.00066 
   69   69    1    1    1    1    1    1    1    1  2.48117E+14 0.00137 
   70   70    1    1    1    1    1    1    1    1  2.10349E+14 0.00121 
   71   71    1    1    1    1    1    1    1    1  3.75861E+14 0.00096 
   72   72    1    1    1    1    1    1    1    1  2.64919E+14 0.00117 
   73   73    1    1    1    1    1    1    1    1  2.00613E+14 0.00125 
   74   74    1    1    1    1    1    1    1    1  1.63180E+14 0.00118 
   75   75    1    1    1    1    1    1    1    1  1.37178E+14 0.00164 
   76   76    1    1    1    1    1    1    1    1  1.61224E+14 0.00113 
   77   77    1    1    1    1    1    1    1    1  1.28779E+14 0.00158 
   78   78    1    1    1    1    1    1    1    1  1.03499E+14 0.00187 
   79   79    1    1    1    1    1    1    1    1  1.07440E+14 0.00138 
   80   80    1    1    1    1    1    1    1    1  7.96900E+13 0.00190 
   81   81    1    1    1    1    1    1    1    1  6.18182E+13 0.00198 
   82   82    1    1    1    1    1    1    1    1  4.71883E+13 0.00201 
   83   83    1    1    1    1    1    1    1    1  4.36917E+13 0.00240 
   84   84    1    1    1    1    1    1    1    1  3.16074E+13 0.00337 
   85   85    1    1    1    1    1    1    1    1  2.26810E+13 0.00340 
   86   86    1    1    1    1    1    1    1    1  2.10179E+13 0.00290 
   87   87    1    1    1    1    1    1    1    1  1.28653E+13 0.00535 
   88   88    1    1    1    1    1    1    1    1  8.53548E+12 0.00601 
   89   89    1    1    1    1    1    1    1    1  4.83745E+12 0.00695 
   90   90    1    1    1    1    1    1    1    1  3.17976E+12 0.00664 
   91   91    1    1    1    1    1    1    1    1  1.59720E+12 0.01280 
   92   92    1    1    1    1    1    1    1    1  7.56298E+11 0.01523 
   93   93    1    1    1    1    1    1    1    1  3.60474E+11 0.01984 
   94   94    1    1    1    1    1    1    1    1  1.79271E+11 0.03293 
   95   95    1    1    1    1    1    1    1    1  8.51266E+10 0.05684 
   96   96    1    1    1    1    1    1    1    1  3.91492E+10 0.08255 
   97   97    1    1    1    1    1    1    1    1  1.68146E+10 0.13489 
   98   98    1    1    1    1    1    1    1    1  1.26110E+10 0.09970 
   99   99    1    1    1    1    1    1    1    1  4.36446E+09 0.26422 
  100  100    1    1    1    1    1    1    1    1  4.34178E+09 0.26306 
];


