
DETdpaspec = [
    1    1    1    1    1    1    1    1    1    1  0.00000E+00 0.00000 
    2    2    1    1    1    1    1    1    1    1  0.00000E+00 0.00000 
    3    3    1    1    1    1    1    1    1    1  0.00000E+00 0.00000 
    4    4    1    1    1    1    1    1    1    1  0.00000E+00 0.00000 
    5    5    1    1    1    1    1    1    1    1  0.00000E+00 0.00000 
    6    6    1    1    1    1    1    1    1    1  0.00000E+00 0.00000 
    7    7    1    1    1    1    1    1    1    1  0.00000E+00 0.00000 
    8    8    1    1    1    1    1    1    1    1  0.00000E+00 0.00000 
    9    9    1    1    1    1    1    1    1    1  0.00000E+00 0.00000 
   10   10    1    1    1    1    1    1    1    1  0.00000E+00 0.00000 
   11   11    1    1    1    1    1    1    1    1  0.00000E+00 0.00000 
   12   12    1    1    1    1    1    1    1    1  0.00000E+00 0.00000 
   13   13    1    1    1    1    1    1    1    1  5.73280E+08 0.58356 
   14   14    1    1    1    1    1    1    1    1  2.21156E+09 0.68001 
   15   15    1    1    1    1    1    1    1    1  2.95306E+08 0.57231 
   16   16    1    1    1    1    1    1    1    1  5.68971E+08 0.40595 
   17   17    1    1    1    1    1    1    1    1  7.63186E+08 0.36665 
   18   18    1    1    1    1    1    1    1    1  2.13059E+09 0.24296 
   19   19    1    1    1    1    1    1    1    1  2.50873E+09 0.24439 
   20   20    1    1    1    1    1    1    1    1  7.70232E+09 0.19949 
   21   21    1    1    1    1    1    1    1    1  5.15771E+09 0.15158 
   22   22    1    1    1    1    1    1    1    1  1.16897E+10 0.12017 
   23   23    1    1    1    1    1    1    1    1  1.74664E+10 0.10778 
   24   24    1    1    1    1    1    1    1    1  3.70647E+10 0.06334 
   25   25    1    1    1    1    1    1    1    1  5.45030E+10 0.07108 
   26   26    1    1    1    1    1    1    1    1  1.14584E+11 0.04801 
   27   27    1    1    1    1    1    1    1    1  2.42587E+11 0.03288 
   28   28    1    1    1    1    1    1    1    1  5.75002E+11 0.02537 
   29   29    1    1    1    1    1    1    1    1  1.02856E+12 0.01648 
   30   30    1    1    1    1    1    1    1    1  2.50073E+12 0.01176 
   31   31    1    1    1    1    1    1    1    1  6.94934E+12 0.00649 
   32   32    1    1    1    1    1    1    1    1  1.18931E+13 0.00560 
   33   33    1    1    1    1    1    1    1    1  2.70938E+13 0.00311 
   34   34    1    1    1    1    1    1    1    1  3.70202E+13 0.00214 
   35   35    1    1    1    1    1    1    1    1  4.45086E+13 0.00217 
   36   36    1    1    1    1    1    1    1    1  2.91032E+13 0.00222 
   37   37    1    1    1    1    1    1    1    1  8.72708E+12 0.00302 
   38   38    1    1    1    1    1    1    1    1  4.91882E+13 0.00238 
   39   39    1    1    1    1    1    1    1    1  6.57110E+13 0.00251 
   40   40    1    1    1    1    1    1    1    1  1.13358E+14 0.00178 
   41   41    1    1    1    1    1    1    1    1  1.11653E+14 0.00172 
   42   42    1    1    1    1    1    1    1    1  2.37880E+14 0.00111 
   43   43    1    1    1    1    1    1    1    1  2.85746E+14 0.00104 
   44   44    1    1    1    1    1    1    1    1  4.10250E+14 0.00103 
   45   45    1    1    1    1    1    1    1    1  8.20930E+14 0.00070 
   46   46    1    1    1    1    1    1    1    1  3.86785E+14 0.00076 
   47   47    1    1    1    1    1    1    1    1  6.13886E+14 0.00059 
   48   48    1    1    1    1    1    1    1    1  8.60472E+14 0.00063 
   49   49    1    1    1    1    1    1    1    1  8.42861E+14 0.00068 
   50   50    1    1    1    1    1    1    1    1  1.33604E+15 0.00052 
   51   51    1    1    1    1    1    1    1    1  1.05577E+15 0.00048 
   52   52    1    1    1    1    1    1    1    1  1.27413E+15 0.00068 
   53   53    1    1    1    1    1    1    1    1  8.90191E+14 0.00067 
   54   54    1    1    1    1    1    1    1    1  1.10820E+15 0.00063 
   55   55    1    1    1    1    1    1    1    1  7.66579E+14 0.00050 
   56   56    1    1    1    1    1    1    1    1  1.04295E+14 0.00127 
   57   57    1    1    1    1    1    1    1    1  1.52384E+15 0.00051 
   58   58    1    1    1    1    1    1    1    1  6.92669E+14 0.00077 
   59   59    1    1    1    1    1    1    1    1  7.39056E+14 0.00070 
   60   60    1    1    1    1    1    1    1    1  5.86050E+14 0.00089 
   61   61    1    1    1    1    1    1    1    1  5.87483E+14 0.00093 
   62   62    1    1    1    1    1    1    1    1  6.12084E+14 0.00062 
   63   63    1    1    1    1    1    1    1    1  5.17965E+14 0.00081 
   64   64    1    1    1    1    1    1    1    1  4.14141E+14 0.00075 
   65   65    1    1    1    1    1    1    1    1  4.13277E+14 0.00077 
   66   66    1    1    1    1    1    1    1    1  3.02076E+14 0.00081 
   67   67    1    1    1    1    1    1    1    1  2.45072E+14 0.00078 
   68   68    1    1    1    1    1    1    1    1  2.19239E+14 0.00110 
   69   69    1    1    1    1    1    1    1    1  2.63583E+14 0.00077 
   70   70    1    1    1    1    1    1    1    1  2.24920E+14 0.00116 
   71   71    1    1    1    1    1    1    1    1  4.07951E+14 0.00073 
   72   72    1    1    1    1    1    1    1    1  2.90395E+14 0.00134 
   73   73    1    1    1    1    1    1    1    1  2.20088E+14 0.00107 
   74   74    1    1    1    1    1    1    1    1  1.78666E+14 0.00087 
   75   75    1    1    1    1    1    1    1    1  1.49683E+14 0.00129 
   76   76    1    1    1    1    1    1    1    1  1.74960E+14 0.00099 
   77   77    1    1    1    1    1    1    1    1  1.39698E+14 0.00150 
   78   78    1    1    1    1    1    1    1    1  1.11888E+14 0.00189 
   79   79    1    1    1    1    1    1    1    1  1.15795E+14 0.00171 
   80   80    1    1    1    1    1    1    1    1  8.61988E+13 0.00201 
   81   81    1    1    1    1    1    1    1    1  6.63898E+13 0.00212 
   82   82    1    1    1    1    1    1    1    1  5.11396E+13 0.00267 
   83   83    1    1    1    1    1    1    1    1  4.78958E+13 0.00196 
   84   84    1    1    1    1    1    1    1    1  3.44976E+13 0.00227 
   85   85    1    1    1    1    1    1    1    1  2.47457E+13 0.00250 
   86   86    1    1    1    1    1    1    1    1  2.32642E+13 0.00326 
   87   87    1    1    1    1    1    1    1    1  1.43000E+13 0.00487 
   88   88    1    1    1    1    1    1    1    1  9.59087E+12 0.00561 
   89   89    1    1    1    1    1    1    1    1  5.46176E+12 0.00622 
   90   90    1    1    1    1    1    1    1    1  3.59846E+12 0.00725 
   91   91    1    1    1    1    1    1    1    1  1.81525E+12 0.01004 
   92   92    1    1    1    1    1    1    1    1  8.71956E+11 0.02146 
   93   93    1    1    1    1    1    1    1    1  4.26232E+11 0.01640 
   94   94    1    1    1    1    1    1    1    1  2.09520E+11 0.03919 
   95   95    1    1    1    1    1    1    1    1  1.02798E+11 0.04991 
   96   96    1    1    1    1    1    1    1    1  4.46237E+10 0.07214 
   97   97    1    1    1    1    1    1    1    1  2.14935E+10 0.08604 
   98   98    1    1    1    1    1    1    1    1  1.03900E+10 0.17553 
   99   99    1    1    1    1    1    1    1    1  5.85883E+09 0.20886 
  100  100    1    1    1    1    1    1    1    1  3.11025E+09 0.25279 
];


