
DETdpaspec = [
    1    1    1    1    1    1    1    1    1    1  0.00000E+00 0.00000 
    2    2    1    1    1    1    1    1    1    1  0.00000E+00 0.00000 
    3    3    1    1    1    1    1    1    1    1  0.00000E+00 0.00000 
    4    4    1    1    1    1    1    1    1    1  0.00000E+00 0.00000 
    5    5    1    1    1    1    1    1    1    1  0.00000E+00 0.00000 
    6    6    1    1    1    1    1    1    1    1  0.00000E+00 0.00000 
    7    7    1    1    1    1    1    1    1    1  0.00000E+00 0.00000 
    8    8    1    1    1    1    1    1    1    1  0.00000E+00 0.00000 
    9    9    1    1    1    1    1    1    1    1  0.00000E+00 0.00000 
   10   10    1    1    1    1    1    1    1    1  0.00000E+00 0.00000 
   11   11    1    1    1    1    1    1    1    1  6.56662E+07 0.68885 
   12   12    1    1    1    1    1    1    1    1  3.66540E+07 0.70259 
   13   13    1    1    1    1    1    1    1    1  7.73420E+08 0.69427 
   14   14    1    1    1    1    1    1    1    1  2.29376E+09 0.38913 
   15   15    1    1    1    1    1    1    1    1  3.11323E+09 0.30666 
   16   16    1    1    1    1    1    1    1    1  2.29878E+08 0.52740 
   17   17    1    1    1    1    1    1    1    1  1.06430E+09 0.48207 
   18   18    1    1    1    1    1    1    1    1  1.49321E+09 0.27881 
   19   19    1    1    1    1    1    1    1    1  1.23745E+09 0.25237 
   20   20    1    1    1    1    1    1    1    1  5.42076E+09 0.18961 
   21   21    1    1    1    1    1    1    1    1  5.16732E+09 0.16087 
   22   22    1    1    1    1    1    1    1    1  1.00801E+10 0.15779 
   23   23    1    1    1    1    1    1    1    1  2.41018E+10 0.09112 
   24   24    1    1    1    1    1    1    1    1  4.07699E+10 0.07790 
   25   25    1    1    1    1    1    1    1    1  5.58053E+10 0.08939 
   26   26    1    1    1    1    1    1    1    1  1.01768E+11 0.04519 
   27   27    1    1    1    1    1    1    1    1  2.19672E+11 0.03680 
   28   28    1    1    1    1    1    1    1    1  5.31565E+11 0.02334 
   29   29    1    1    1    1    1    1    1    1  9.17501E+11 0.02229 
   30   30    1    1    1    1    1    1    1    1  2.31603E+12 0.00862 
   31   31    1    1    1    1    1    1    1    1  6.47196E+12 0.00964 
   32   32    1    1    1    1    1    1    1    1  1.11915E+13 0.00790 
   33   33    1    1    1    1    1    1    1    1  2.59475E+13 0.00401 
   34   34    1    1    1    1    1    1    1    1  3.54964E+13 0.00298 
   35   35    1    1    1    1    1    1    1    1  4.31171E+13 0.00315 
   36   36    1    1    1    1    1    1    1    1  2.85062E+13 0.00265 
   37   37    1    1    1    1    1    1    1    1  8.57464E+12 0.00324 
   38   38    1    1    1    1    1    1    1    1  4.82315E+13 0.00254 
   39   39    1    1    1    1    1    1    1    1  6.45200E+13 0.00242 
   40   40    1    1    1    1    1    1    1    1  1.11105E+14 0.00170 
   41   41    1    1    1    1    1    1    1    1  1.09911E+14 0.00143 
   42   42    1    1    1    1    1    1    1    1  2.34009E+14 0.00100 
   43   43    1    1    1    1    1    1    1    1  2.81804E+14 0.00098 
   44   44    1    1    1    1    1    1    1    1  4.04942E+14 0.00092 
   45   45    1    1    1    1    1    1    1    1  8.10002E+14 0.00089 
   46   46    1    1    1    1    1    1    1    1  3.82781E+14 0.00095 
   47   47    1    1    1    1    1    1    1    1  6.08062E+14 0.00081 
   48   48    1    1    1    1    1    1    1    1  8.53665E+14 0.00042 
   49   49    1    1    1    1    1    1    1    1  8.38565E+14 0.00059 
   50   50    1    1    1    1    1    1    1    1  1.32809E+15 0.00065 
   51   51    1    1    1    1    1    1    1    1  1.05266E+15 0.00062 
   52   52    1    1    1    1    1    1    1    1  1.26818E+15 0.00049 
   53   53    1    1    1    1    1    1    1    1  8.87860E+14 0.00055 
   54   54    1    1    1    1    1    1    1    1  1.10449E+15 0.00057 
   55   55    1    1    1    1    1    1    1    1  7.63865E+14 0.00071 
   56   56    1    1    1    1    1    1    1    1  1.03999E+14 0.00126 
   57   57    1    1    1    1    1    1    1    1  1.52024E+15 0.00041 
   58   58    1    1    1    1    1    1    1    1  6.91290E+14 0.00053 
   59   59    1    1    1    1    1    1    1    1  7.38358E+14 0.00069 
   60   60    1    1    1    1    1    1    1    1  5.84196E+14 0.00077 
   61   61    1    1    1    1    1    1    1    1  5.85924E+14 0.00071 
   62   62    1    1    1    1    1    1    1    1  6.10936E+14 0.00076 
   63   63    1    1    1    1    1    1    1    1  5.17916E+14 0.00068 
   64   64    1    1    1    1    1    1    1    1  4.13762E+14 0.00082 
   65   65    1    1    1    1    1    1    1    1  4.11360E+14 0.00095 
   66   66    1    1    1    1    1    1    1    1  3.01374E+14 0.00088 
   67   67    1    1    1    1    1    1    1    1  2.45095E+14 0.00104 
   68   68    1    1    1    1    1    1    1    1  2.19511E+14 0.00098 
   69   69    1    1    1    1    1    1    1    1  2.63629E+14 0.00058 
   70   70    1    1    1    1    1    1    1    1  2.24986E+14 0.00112 
   71   71    1    1    1    1    1    1    1    1  4.08669E+14 0.00096 
   72   72    1    1    1    1    1    1    1    1  2.90725E+14 0.00104 
   73   73    1    1    1    1    1    1    1    1  2.20510E+14 0.00120 
   74   74    1    1    1    1    1    1    1    1  1.78777E+14 0.00090 
   75   75    1    1    1    1    1    1    1    1  1.49606E+14 0.00102 
   76   76    1    1    1    1    1    1    1    1  1.75081E+14 0.00116 
   77   77    1    1    1    1    1    1    1    1  1.39251E+14 0.00129 
   78   78    1    1    1    1    1    1    1    1  1.11451E+14 0.00166 
   79   79    1    1    1    1    1    1    1    1  1.15602E+14 0.00127 
   80   80    1    1    1    1    1    1    1    1  8.60966E+13 0.00160 
   81   81    1    1    1    1    1    1    1    1  6.63869E+13 0.00207 
   82   82    1    1    1    1    1    1    1    1  5.10817E+13 0.00193 
   83   83    1    1    1    1    1    1    1    1  4.76829E+13 0.00241 
   84   84    1    1    1    1    1    1    1    1  3.42326E+13 0.00255 
   85   85    1    1    1    1    1    1    1    1  2.46546E+13 0.00292 
   86   86    1    1    1    1    1    1    1    1  2.31429E+13 0.00357 
   87   87    1    1    1    1    1    1    1    1  1.42195E+13 0.00464 
   88   88    1    1    1    1    1    1    1    1  9.56428E+12 0.00461 
   89   89    1    1    1    1    1    1    1    1  5.49272E+12 0.00875 
   90   90    1    1    1    1    1    1    1    1  3.67940E+12 0.00759 
   91   91    1    1    1    1    1    1    1    1  1.79327E+12 0.01345 
   92   92    1    1    1    1    1    1    1    1  8.84442E+11 0.01260 
   93   93    1    1    1    1    1    1    1    1  4.24097E+11 0.03096 
   94   94    1    1    1    1    1    1    1    1  2.09326E+11 0.03618 
   95   95    1    1    1    1    1    1    1    1  1.00849E+11 0.03328 
   96   96    1    1    1    1    1    1    1    1  5.11100E+10 0.05607 
   97   97    1    1    1    1    1    1    1    1  2.14301E+10 0.11069 
   98   98    1    1    1    1    1    1    1    1  1.30706E+10 0.19586 
   99   99    1    1    1    1    1    1    1    1  4.53685E+09 0.23197 
  100  100    1    1    1    1    1    1    1    1  5.05510E+09 0.22096 
];


