
DETdpaspec = [
    1    1    1    1    1    1    1    1    1    1  0.00000E+00 0.00000 
    2    2    1    1    1    1    1    1    1    1  0.00000E+00 0.00000 
    3    3    1    1    1    1    1    1    1    1  0.00000E+00 0.00000 
    4    4    1    1    1    1    1    1    1    1  0.00000E+00 0.00000 
    5    5    1    1    1    1    1    1    1    1  0.00000E+00 0.00000 
    6    6    1    1    1    1    1    1    1    1  0.00000E+00 0.00000 
    7    7    1    1    1    1    1    1    1    1  0.00000E+00 0.00000 
    8    8    1    1    1    1    1    1    1    1  0.00000E+00 0.00000 
    9    9    1    1    1    1    1    1    1    1  3.40278E+06 1.00000 
   10   10    1    1    1    1    1    1    1    1  0.00000E+00 0.00000 
   11   11    1    1    1    1    1    1    1    1  0.00000E+00 0.00000 
   12   12    1    1    1    1    1    1    1    1  9.16858E+06 0.90210 
   13   13    1    1    1    1    1    1    1    1  3.83389E+08 0.65864 
   14   14    1    1    1    1    1    1    1    1  8.75585E+08 0.40988 
   15   15    1    1    1    1    1    1    1    1  2.54014E+09 0.42082 
   16   16    1    1    1    1    1    1    1    1  7.90804E+08 0.45248 
   17   17    1    1    1    1    1    1    1    1  6.85552E+08 0.34768 
   18   18    1    1    1    1    1    1    1    1  3.25543E+09 0.21805 
   19   19    1    1    1    1    1    1    1    1  2.48377E+09 0.29362 
   20   20    1    1    1    1    1    1    1    1  8.95912E+09 0.26738 
   21   21    1    1    1    1    1    1    1    1  7.51378E+09 0.15198 
   22   22    1    1    1    1    1    1    1    1  2.06871E+10 0.07337 
   23   23    1    1    1    1    1    1    1    1  2.61034E+10 0.09619 
   24   24    1    1    1    1    1    1    1    1  4.85633E+10 0.07241 
   25   25    1    1    1    1    1    1    1    1  5.50772E+10 0.05907 
   26   26    1    1    1    1    1    1    1    1  9.21284E+10 0.05159 
   27   27    1    1    1    1    1    1    1    1  1.73054E+11 0.02652 
   28   28    1    1    1    1    1    1    1    1  3.64470E+11 0.02298 
   29   29    1    1    1    1    1    1    1    1  5.52798E+11 0.01391 
   30   30    1    1    1    1    1    1    1    1  1.55251E+12 0.01709 
   31   31    1    1    1    1    1    1    1    1  4.69218E+12 0.00805 
   32   32    1    1    1    1    1    1    1    1  8.55277E+12 0.00608 
   33   33    1    1    1    1    1    1    1    1  2.00232E+13 0.00312 
   34   34    1    1    1    1    1    1    1    1  2.73911E+13 0.00342 
   35   35    1    1    1    1    1    1    1    1  3.71862E+13 0.00341 
   36   36    1    1    1    1    1    1    1    1  2.59044E+13 0.00307 
   37   37    1    1    1    1    1    1    1    1  7.99415E+12 0.00347 
   38   38    1    1    1    1    1    1    1    1  4.38991E+13 0.00256 
   39   39    1    1    1    1    1    1    1    1  5.86872E+13 0.00295 
   40   40    1    1    1    1    1    1    1    1  1.00975E+14 0.00227 
   41   41    1    1    1    1    1    1    1    1  1.02445E+14 0.00192 
   42   42    1    1    1    1    1    1    1    1  2.14741E+14 0.00135 
   43   43    1    1    1    1    1    1    1    1  2.59641E+14 0.00109 
   44   44    1    1    1    1    1    1    1    1  3.75046E+14 0.00083 
   45   45    1    1    1    1    1    1    1    1  7.48217E+14 0.00085 
   46   46    1    1    1    1    1    1    1    1  3.59894E+14 0.00089 
   47   47    1    1    1    1    1    1    1    1  5.77214E+14 0.00104 
   48   48    1    1    1    1    1    1    1    1  8.13420E+14 0.00083 
   49   49    1    1    1    1    1    1    1    1  8.05309E+14 0.00087 
   50   50    1    1    1    1    1    1    1    1  1.26878E+15 0.00073 
   51   51    1    1    1    1    1    1    1    1  1.02549E+15 0.00055 
   52   52    1    1    1    1    1    1    1    1  1.21992E+15 0.00074 
   53   53    1    1    1    1    1    1    1    1  8.60692E+14 0.00064 
   54   54    1    1    1    1    1    1    1    1  1.05445E+15 0.00066 
   55   55    1    1    1    1    1    1    1    1  7.34127E+14 0.00052 
   56   56    1    1    1    1    1    1    1    1  1.00359E+14 0.00119 
   57   57    1    1    1    1    1    1    1    1  1.46494E+15 0.00061 
   58   58    1    1    1    1    1    1    1    1  6.53840E+14 0.00064 
   59   59    1    1    1    1    1    1    1    1  7.03039E+14 0.00074 
   60   60    1    1    1    1    1    1    1    1  5.49822E+14 0.00072 
   61   61    1    1    1    1    1    1    1    1  5.52360E+14 0.00068 
   62   62    1    1    1    1    1    1    1    1  5.75162E+14 0.00063 
   63   63    1    1    1    1    1    1    1    1  4.86261E+14 0.00063 
   64   64    1    1    1    1    1    1    1    1  3.89124E+14 0.00085 
   65   65    1    1    1    1    1    1    1    1  3.87755E+14 0.00102 
   66   66    1    1    1    1    1    1    1    1  2.83810E+14 0.00115 
   67   67    1    1    1    1    1    1    1    1  2.31858E+14 0.00134 
   68   68    1    1    1    1    1    1    1    1  2.08182E+14 0.00138 
   69   69    1    1    1    1    1    1    1    1  2.50547E+14 0.00099 
   70   70    1    1    1    1    1    1    1    1  2.14691E+14 0.00089 
   71   71    1    1    1    1    1    1    1    1  3.95123E+14 0.00086 
   72   72    1    1    1    1    1    1    1    1  2.82007E+14 0.00101 
   73   73    1    1    1    1    1    1    1    1  2.13278E+14 0.00097 
   74   74    1    1    1    1    1    1    1    1  1.71519E+14 0.00118 
   75   75    1    1    1    1    1    1    1    1  1.41779E+14 0.00155 
   76   76    1    1    1    1    1    1    1    1  1.64172E+14 0.00147 
   77   77    1    1    1    1    1    1    1    1  1.29112E+14 0.00119 
   78   78    1    1    1    1    1    1    1    1  1.02352E+14 0.00171 
   79   79    1    1    1    1    1    1    1    1  1.05499E+14 0.00124 
   80   80    1    1    1    1    1    1    1    1  7.77941E+13 0.00246 
   81   81    1    1    1    1    1    1    1    1  6.00096E+13 0.00200 
   82   82    1    1    1    1    1    1    1    1  4.62929E+13 0.00203 
   83   83    1    1    1    1    1    1    1    1  4.32240E+13 0.00178 
   84   84    1    1    1    1    1    1    1    1  3.09430E+13 0.00312 
   85   85    1    1    1    1    1    1    1    1  2.23769E+13 0.00311 
   86   86    1    1    1    1    1    1    1    1  2.07456E+13 0.00331 
   87   87    1    1    1    1    1    1    1    1  1.28363E+13 0.00516 
   88   88    1    1    1    1    1    1    1    1  8.68304E+12 0.00500 
   89   89    1    1    1    1    1    1    1    1  4.99360E+12 0.00738 
   90   90    1    1    1    1    1    1    1    1  3.33427E+12 0.00638 
   91   91    1    1    1    1    1    1    1    1  1.62014E+12 0.01477 
   92   92    1    1    1    1    1    1    1    1  8.41441E+11 0.01298 
   93   93    1    1    1    1    1    1    1    1  4.04447E+11 0.02298 
   94   94    1    1    1    1    1    1    1    1  1.84948E+11 0.03589 
   95   95    1    1    1    1    1    1    1    1  8.95349E+10 0.06834 
   96   96    1    1    1    1    1    1    1    1  4.70202E+10 0.07557 
   97   97    1    1    1    1    1    1    1    1  2.32226E+10 0.12835 
   98   98    1    1    1    1    1    1    1    1  1.17829E+10 0.16363 
   99   99    1    1    1    1    1    1    1    1  3.73896E+09 0.33983 
  100  100    1    1    1    1    1    1    1    1  5.52385E+09 0.25259 
];


