
DETdpaspec = [
    1    1    1    1    1    1    1    1    1    1  0.00000E+00 0.00000 
    2    2    1    1    1    1    1    1    1    1  0.00000E+00 0.00000 
    3    3    1    1    1    1    1    1    1    1  0.00000E+00 0.00000 
    4    4    1    1    1    1    1    1    1    1  0.00000E+00 0.00000 
    5    5    1    1    1    1    1    1    1    1  0.00000E+00 0.00000 
    6    6    1    1    1    1    1    1    1    1  0.00000E+00 0.00000 
    7    7    1    1    1    1    1    1    1    1  0.00000E+00 0.00000 
    8    8    1    1    1    1    1    1    1    1  0.00000E+00 0.00000 
    9    9    1    1    1    1    1    1    1    1  3.93706E+06 1.00000 
   10   10    1    1    1    1    1    1    1    1  3.12939E+07 1.00000 
   11   11    1    1    1    1    1    1    1    1  0.00000E+00 0.00000 
   12   12    1    1    1    1    1    1    1    1  0.00000E+00 0.00000 
   13   13    1    1    1    1    1    1    1    1  3.61165E+08 0.72166 
   14   14    1    1    1    1    1    1    1    1  2.33823E+09 0.44074 
   15   15    1    1    1    1    1    1    1    1  1.15088E+09 0.49370 
   16   16    1    1    1    1    1    1    1    1  2.73070E+08 0.50939 
   17   17    1    1    1    1    1    1    1    1  2.25571E+09 0.34763 
   18   18    1    1    1    1    1    1    1    1  2.67485E+09 0.32832 
   19   19    1    1    1    1    1    1    1    1  2.12291E+09 0.25704 
   20   20    1    1    1    1    1    1    1    1  5.60712E+09 0.30570 
   21   21    1    1    1    1    1    1    1    1  6.33978E+09 0.14685 
   22   22    1    1    1    1    1    1    1    1  9.01951E+09 0.11886 
   23   23    1    1    1    1    1    1    1    1  2.10583E+10 0.10255 
   24   24    1    1    1    1    1    1    1    1  4.46176E+10 0.06574 
   25   25    1    1    1    1    1    1    1    1  6.45750E+10 0.05609 
   26   26    1    1    1    1    1    1    1    1  1.37743E+11 0.04219 
   27   27    1    1    1    1    1    1    1    1  2.96101E+11 0.02329 
   28   28    1    1    1    1    1    1    1    1  7.09509E+11 0.02369 
   29   29    1    1    1    1    1    1    1    1  1.26260E+12 0.01613 
   30   30    1    1    1    1    1    1    1    1  3.06033E+12 0.00912 
   31   31    1    1    1    1    1    1    1    1  8.20107E+12 0.00658 
   32   32    1    1    1    1    1    1    1    1  1.36951E+13 0.00341 
   33   33    1    1    1    1    1    1    1    1  3.02905E+13 0.00336 
   34   34    1    1    1    1    1    1    1    1  4.08349E+13 0.00290 
   35   35    1    1    1    1    1    1    1    1  4.76621E+13 0.00253 
   36   36    1    1    1    1    1    1    1    1  3.08156E+13 0.00239 
   37   37    1    1    1    1    1    1    1    1  9.16365E+12 0.00186 
   38   38    1    1    1    1    1    1    1    1  5.18715E+13 0.00183 
   39   39    1    1    1    1    1    1    1    1  6.91989E+13 0.00194 
   40   40    1    1    1    1    1    1    1    1  1.18989E+14 0.00170 
   41   41    1    1    1    1    1    1    1    1  1.16370E+14 0.00178 
   42   42    1    1    1    1    1    1    1    1  2.47523E+14 0.00103 
   43   43    1    1    1    1    1    1    1    1  2.96670E+14 0.00140 
   44   44    1    1    1    1    1    1    1    1  4.24573E+14 0.00085 
   45   45    1    1    1    1    1    1    1    1  8.45202E+14 0.00089 
   46   46    1    1    1    1    1    1    1    1  3.95415E+14 0.00079 
   47   47    1    1    1    1    1    1    1    1  6.26023E+14 0.00076 
   48   48    1    1    1    1    1    1    1    1  8.74448E+14 0.00058 
   49   49    1    1    1    1    1    1    1    1  8.53998E+14 0.00068 
   50   50    1    1    1    1    1    1    1    1  1.35427E+15 0.00066 
   51   51    1    1    1    1    1    1    1    1  1.06525E+15 0.00050 
   52   52    1    1    1    1    1    1    1    1  1.28595E+15 0.00064 
   53   53    1    1    1    1    1    1    1    1  8.94391E+14 0.00072 
   54   54    1    1    1    1    1    1    1    1  1.11429E+15 0.00050 
   55   55    1    1    1    1    1    1    1    1  7.69710E+14 0.00061 
   56   56    1    1    1    1    1    1    1    1  1.04518E+14 0.00095 
   57   57    1    1    1    1    1    1    1    1  1.52665E+15 0.00050 
   58   58    1    1    1    1    1    1    1    1  6.96401E+14 0.00057 
   59   59    1    1    1    1    1    1    1    1  7.41430E+14 0.00068 
   60   60    1    1    1    1    1    1    1    1  5.88523E+14 0.00061 
   61   61    1    1    1    1    1    1    1    1  5.88973E+14 0.00064 
   62   62    1    1    1    1    1    1    1    1  6.13020E+14 0.00083 
   63   63    1    1    1    1    1    1    1    1  5.19339E+14 0.00077 
   64   64    1    1    1    1    1    1    1    1  4.14632E+14 0.00078 
   65   65    1    1    1    1    1    1    1    1  4.13287E+14 0.00095 
   66   66    1    1    1    1    1    1    1    1  3.01922E+14 0.00079 
   67   67    1    1    1    1    1    1    1    1  2.45181E+14 0.00116 
   68   68    1    1    1    1    1    1    1    1  2.18568E+14 0.00081 
   69   69    1    1    1    1    1    1    1    1  2.62587E+14 0.00086 
   70   70    1    1    1    1    1    1    1    1  2.23890E+14 0.00107 
   71   71    1    1    1    1    1    1    1    1  4.05934E+14 0.00099 
   72   72    1    1    1    1    1    1    1    1  2.87767E+14 0.00096 
   73   73    1    1    1    1    1    1    1    1  2.17935E+14 0.00131 
   74   74    1    1    1    1    1    1    1    1  1.77778E+14 0.00106 
   75   75    1    1    1    1    1    1    1    1  1.48730E+14 0.00140 
   76   76    1    1    1    1    1    1    1    1  1.74012E+14 0.00127 
   77   77    1    1    1    1    1    1    1    1  1.39075E+14 0.00111 
   78   78    1    1    1    1    1    1    1    1  1.11511E+14 0.00138 
   79   79    1    1    1    1    1    1    1    1  1.15884E+14 0.00182 
   80   80    1    1    1    1    1    1    1    1  8.61093E+13 0.00155 
   81   81    1    1    1    1    1    1    1    1  6.65520E+13 0.00161 
   82   82    1    1    1    1    1    1    1    1  5.10940E+13 0.00155 
   83   83    1    1    1    1    1    1    1    1  4.77719E+13 0.00240 
   84   84    1    1    1    1    1    1    1    1  3.42414E+13 0.00228 
   85   85    1    1    1    1    1    1    1    1  2.48491E+13 0.00365 
   86   86    1    1    1    1    1    1    1    1  2.31853E+13 0.00318 
   87   87    1    1    1    1    1    1    1    1  1.41868E+13 0.00431 
   88   88    1    1    1    1    1    1    1    1  9.62142E+12 0.00499 
   89   89    1    1    1    1    1    1    1    1  5.49294E+12 0.00491 
   90   90    1    1    1    1    1    1    1    1  3.58263E+12 0.00980 
   91   91    1    1    1    1    1    1    1    1  1.77052E+12 0.01253 
   92   92    1    1    1    1    1    1    1    1  8.64154E+11 0.01918 
   93   93    1    1    1    1    1    1    1    1  4.18684E+11 0.02176 
   94   94    1    1    1    1    1    1    1    1  1.95626E+11 0.03695 
   95   95    1    1    1    1    1    1    1    1  9.88479E+10 0.05552 
   96   96    1    1    1    1    1    1    1    1  5.60250E+10 0.06143 
   97   97    1    1    1    1    1    1    1    1  2.00408E+10 0.10750 
   98   98    1    1    1    1    1    1    1    1  9.02918E+09 0.14781 
   99   99    1    1    1    1    1    1    1    1  6.31071E+09 0.20297 
  100  100    1    1    1    1    1    1    1    1  5.60383E+09 0.20683 
];


