
DETdpaspec = [
    1    1    1    1    1    1    1    1    1    1  0.00000E+00 0.00000 
    2    2    1    1    1    1    1    1    1    1  0.00000E+00 0.00000 
    3    3    1    1    1    1    1    1    1    1  0.00000E+00 0.00000 
    4    4    1    1    1    1    1    1    1    1  0.00000E+00 0.00000 
    5    5    1    1    1    1    1    1    1    1  0.00000E+00 0.00000 
    6    6    1    1    1    1    1    1    1    1  0.00000E+00 0.00000 
    7    7    1    1    1    1    1    1    1    1  0.00000E+00 0.00000 
    8    8    1    1    1    1    1    1    1    1  0.00000E+00 0.00000 
    9    9    1    1    1    1    1    1    1    1  0.00000E+00 0.00000 
   10   10    1    1    1    1    1    1    1    1  1.50296E+07 1.00000 
   11   11    1    1    1    1    1    1    1    1  0.00000E+00 0.00000 
   12   12    1    1    1    1    1    1    1    1  2.08666E+07 0.78733 
   13   13    1    1    1    1    1    1    1    1  4.60563E+08 0.52194 
   14   14    1    1    1    1    1    1    1    1  1.36762E+09 0.53508 
   15   15    1    1    1    1    1    1    1    1  7.42486E+08 0.36837 
   16   16    1    1    1    1    1    1    1    1  9.84963E+08 0.38143 
   17   17    1    1    1    1    1    1    1    1  1.05997E+09 0.33476 
   18   18    1    1    1    1    1    1    1    1  2.71123E+09 0.20901 
   19   19    1    1    1    1    1    1    1    1  1.94791E+09 0.29280 
   20   20    1    1    1    1    1    1    1    1  8.94348E+09 0.19087 
   21   21    1    1    1    1    1    1    1    1  6.63292E+09 0.16243 
   22   22    1    1    1    1    1    1    1    1  1.89060E+10 0.08183 
   23   23    1    1    1    1    1    1    1    1  2.56682E+10 0.08100 
   24   24    1    1    1    1    1    1    1    1  3.93696E+10 0.06700 
   25   25    1    1    1    1    1    1    1    1  5.34237E+10 0.07267 
   26   26    1    1    1    1    1    1    1    1  8.68848E+10 0.06353 
   27   27    1    1    1    1    1    1    1    1  1.60074E+11 0.04330 
   28   28    1    1    1    1    1    1    1    1  3.89190E+11 0.03080 
   29   29    1    1    1    1    1    1    1    1  6.64897E+11 0.02287 
   30   30    1    1    1    1    1    1    1    1  1.78402E+12 0.01391 
   31   31    1    1    1    1    1    1    1    1  5.29469E+12 0.00548 
   32   32    1    1    1    1    1    1    1    1  9.42180E+12 0.00458 
   33   33    1    1    1    1    1    1    1    1  2.20591E+13 0.00324 
   34   34    1    1    1    1    1    1    1    1  3.06515E+13 0.00275 
   35   35    1    1    1    1    1    1    1    1  3.91493E+13 0.00250 
   36   36    1    1    1    1    1    1    1    1  2.65763E+13 0.00258 
   37   37    1    1    1    1    1    1    1    1  8.06693E+12 0.00277 
   38   38    1    1    1    1    1    1    1    1  4.52037E+13 0.00153 
   39   39    1    1    1    1    1    1    1    1  6.05121E+13 0.00208 
   40   40    1    1    1    1    1    1    1    1  1.04205E+14 0.00155 
   41   41    1    1    1    1    1    1    1    1  1.04226E+14 0.00181 
   42   42    1    1    1    1    1    1    1    1  2.21579E+14 0.00139 
   43   43    1    1    1    1    1    1    1    1  2.68042E+14 0.00125 
   44   44    1    1    1    1    1    1    1    1  3.86892E+14 0.00116 
   45   45    1    1    1    1    1    1    1    1  7.76361E+14 0.00083 
   46   46    1    1    1    1    1    1    1    1  3.70068E+14 0.00079 
   47   47    1    1    1    1    1    1    1    1  5.91121E+14 0.00079 
   48   48    1    1    1    1    1    1    1    1  8.33594E+14 0.00066 
   49   49    1    1    1    1    1    1    1    1  8.21387E+14 0.00072 
   50   50    1    1    1    1    1    1    1    1  1.30233E+15 0.00075 
   51   51    1    1    1    1    1    1    1    1  1.03893E+15 0.00076 
   52   52    1    1    1    1    1    1    1    1  1.24804E+15 0.00045 
   53   53    1    1    1    1    1    1    1    1  8.76142E+14 0.00070 
   54   54    1    1    1    1    1    1    1    1  1.08511E+15 0.00075 
   55   55    1    1    1    1    1    1    1    1  7.53058E+14 0.00083 
   56   56    1    1    1    1    1    1    1    1  1.02663E+14 0.00125 
   57   57    1    1    1    1    1    1    1    1  1.50264E+15 0.00074 
   58   58    1    1    1    1    1    1    1    1  6.78597E+14 0.00068 
   59   59    1    1    1    1    1    1    1    1  7.26130E+14 0.00079 
   60   60    1    1    1    1    1    1    1    1  5.72748E+14 0.00093 
   61   61    1    1    1    1    1    1    1    1  5.75235E+14 0.00075 
   62   62    1    1    1    1    1    1    1    1  5.98917E+14 0.00058 
   63   63    1    1    1    1    1    1    1    1  5.06960E+14 0.00085 
   64   64    1    1    1    1    1    1    1    1  4.06077E+14 0.00084 
   65   65    1    1    1    1    1    1    1    1  4.05081E+14 0.00100 
   66   66    1    1    1    1    1    1    1    1  2.96057E+14 0.00098 
   67   67    1    1    1    1    1    1    1    1  2.41622E+14 0.00118 
   68   68    1    1    1    1    1    1    1    1  2.16234E+14 0.00102 
   69   69    1    1    1    1    1    1    1    1  2.60432E+14 0.00089 
   70   70    1    1    1    1    1    1    1    1  2.22716E+14 0.00108 
   71   71    1    1    1    1    1    1    1    1  4.06837E+14 0.00088 
   72   72    1    1    1    1    1    1    1    1  2.89749E+14 0.00090 
   73   73    1    1    1    1    1    1    1    1  2.20014E+14 0.00140 
   74   74    1    1    1    1    1    1    1    1  1.77855E+14 0.00153 
   75   75    1    1    1    1    1    1    1    1  1.48140E+14 0.00139 
   76   76    1    1    1    1    1    1    1    1  1.72528E+14 0.00156 
   77   77    1    1    1    1    1    1    1    1  1.36652E+14 0.00128 
   78   78    1    1    1    1    1    1    1    1  1.08866E+14 0.00125 
   79   79    1    1    1    1    1    1    1    1  1.12798E+14 0.00168 
   80   80    1    1    1    1    1    1    1    1  8.36961E+13 0.00158 
   81   81    1    1    1    1    1    1    1    1  6.45221E+13 0.00215 
   82   82    1    1    1    1    1    1    1    1  4.96100E+13 0.00256 
   83   83    1    1    1    1    1    1    1    1  4.64023E+13 0.00268 
   84   84    1    1    1    1    1    1    1    1  3.32714E+13 0.00256 
   85   85    1    1    1    1    1    1    1    1  2.40724E+13 0.00346 
   86   86    1    1    1    1    1    1    1    1  2.26028E+13 0.00357 
   87   87    1    1    1    1    1    1    1    1  1.37773E+13 0.00395 
   88   88    1    1    1    1    1    1    1    1  9.38833E+12 0.00548 
   89   89    1    1    1    1    1    1    1    1  5.37987E+12 0.00923 
   90   90    1    1    1    1    1    1    1    1  3.49248E+12 0.00902 
   91   91    1    1    1    1    1    1    1    1  1.76981E+12 0.01149 
   92   92    1    1    1    1    1    1    1    1  8.91291E+11 0.01124 
   93   93    1    1    1    1    1    1    1    1  4.13722E+11 0.03192 
   94   94    1    1    1    1    1    1    1    1  1.91044E+11 0.02479 
   95   95    1    1    1    1    1    1    1    1  9.02070E+10 0.04996 
   96   96    1    1    1    1    1    1    1    1  4.56208E+10 0.08143 
   97   97    1    1    1    1    1    1    1    1  2.23769E+10 0.10431 
   98   98    1    1    1    1    1    1    1    1  1.08316E+10 0.12733 
   99   99    1    1    1    1    1    1    1    1  5.16205E+09 0.18718 
  100  100    1    1    1    1    1    1    1    1  6.49339E+09 0.21973 
];


