
DETdpaspec = [
    1    1    1    1    1    1    1    1    1    1  0.00000E+00 0.00000 
    2    2    1    1    1    1    1    1    1    1  0.00000E+00 0.00000 
    3    3    1    1    1    1    1    1    1    1  0.00000E+00 0.00000 
    4    4    1    1    1    1    1    1    1    1  0.00000E+00 0.00000 
    5    5    1    1    1    1    1    1    1    1  0.00000E+00 0.00000 
    6    6    1    1    1    1    1    1    1    1  0.00000E+00 0.00000 
    7    7    1    1    1    1    1    1    1    1  0.00000E+00 0.00000 
    8    8    1    1    1    1    1    1    1    1  0.00000E+00 0.00000 
    9    9    1    1    1    1    1    1    1    1  1.05419E+07 1.00000 
   10   10    1    1    1    1    1    1    1    1  0.00000E+00 0.00000 
   11   11    1    1    1    1    1    1    1    1  0.00000E+00 0.00000 
   12   12    1    1    1    1    1    1    1    1  5.77913E+07 0.84608 
   13   13    1    1    1    1    1    1    1    1  1.45133E+08 1.00000 
   14   14    1    1    1    1    1    1    1    1  3.54417E+08 1.00000 
   15   15    1    1    1    1    1    1    1    1  0.00000E+00 0.00000 
   16   16    1    1    1    1    1    1    1    1  0.00000E+00 0.00000 
   17   17    1    1    1    1    1    1    1    1  6.27925E+08 0.46096 
   18   18    1    1    1    1    1    1    1    1  7.03639E+08 0.52702 
   19   19    1    1    1    1    1    1    1    1  1.43029E+09 0.40175 
   20   20    1    1    1    1    1    1    1    1  4.51867E+09 0.23124 
   21   21    1    1    1    1    1    1    1    1  5.27719E+09 0.21803 
   22   22    1    1    1    1    1    1    1    1  1.18351E+10 0.15623 
   23   23    1    1    1    1    1    1    1    1  4.27488E+10 0.10242 
   24   24    1    1    1    1    1    1    1    1  1.31043E+11 0.04771 
   25   25    1    1    1    1    1    1    1    1  2.21015E+11 0.03512 
   26   26    1    1    1    1    1    1    1    1  4.86342E+11 0.02050 
   27   27    1    1    1    1    1    1    1    1  1.05136E+12 0.01701 
   28   28    1    1    1    1    1    1    1    1  2.17203E+12 0.01492 
   29   29    1    1    1    1    1    1    1    1  3.58782E+12 0.00902 
   30   30    1    1    1    1    1    1    1    1  7.25298E+12 0.00661 
   31   31    1    1    1    1    1    1    1    1  1.57427E+13 0.00411 
   32   32    1    1    1    1    1    1    1    1  2.36037E+13 0.00387 
   33   33    1    1    1    1    1    1    1    1  4.80184E+13 0.00280 
   34   34    1    1    1    1    1    1    1    1  6.01556E+13 0.00187 
   35   35    1    1    1    1    1    1    1    1  6.37882E+13 0.00183 
   36   36    1    1    1    1    1    1    1    1  3.89424E+13 0.00197 
   37   37    1    1    1    1    1    1    1    1  1.13961E+13 0.00227 
   38   38    1    1    1    1    1    1    1    1  6.47067E+13 0.00206 
   39   39    1    1    1    1    1    1    1    1  8.50751E+13 0.00153 
   40   40    1    1    1    1    1    1    1    1  1.44441E+14 0.00130 
   41   41    1    1    1    1    1    1    1    1  1.37922E+14 0.00105 
   42   42    1    1    1    1    1    1    1    1  2.91924E+14 0.00084 
   43   43    1    1    1    1    1    1    1    1  3.44559E+14 0.00101 
   44   44    1    1    1    1    1    1    1    1  4.85028E+14 0.00085 
   45   45    1    1    1    1    1    1    1    1  9.45181E+14 0.00048 
   46   46    1    1    1    1    1    1    1    1  4.31670E+14 0.00079 
   47   47    1    1    1    1    1    1    1    1  6.76262E+14 0.00067 
   48   48    1    1    1    1    1    1    1    1  9.31133E+14 0.00061 
   49   49    1    1    1    1    1    1    1    1  8.98083E+14 0.00052 
   50   50    1    1    1    1    1    1    1    1  1.40830E+15 0.00065 
   51   51    1    1    1    1    1    1    1    1  1.08730E+15 0.00060 
   52   52    1    1    1    1    1    1    1    1  1.30886E+15 0.00057 
   53   53    1    1    1    1    1    1    1    1  8.99995E+14 0.00053 
   54   54    1    1    1    1    1    1    1    1  1.11987E+15 0.00059 
   55   55    1    1    1    1    1    1    1    1  7.68241E+14 0.00061 
   56   56    1    1    1    1    1    1    1    1  1.03815E+14 0.00093 
   57   57    1    1    1    1    1    1    1    1  1.51304E+15 0.00054 
   58   58    1    1    1    1    1    1    1    1  6.90867E+14 0.00059 
   59   59    1    1    1    1    1    1    1    1  7.29116E+14 0.00050 
   60   60    1    1    1    1    1    1    1    1  5.79776E+14 0.00064 
   61   61    1    1    1    1    1    1    1    1  5.77778E+14 0.00068 
   62   62    1    1    1    1    1    1    1    1  6.00048E+14 0.00065 
   63   63    1    1    1    1    1    1    1    1  5.07020E+14 0.00075 
   64   64    1    1    1    1    1    1    1    1  4.02555E+14 0.00086 
   65   65    1    1    1    1    1    1    1    1  4.00090E+14 0.00102 
   66   66    1    1    1    1    1    1    1    1  2.91289E+14 0.00112 
   67   67    1    1    1    1    1    1    1    1  2.35903E+14 0.00093 
   68   68    1    1    1    1    1    1    1    1  2.09632E+14 0.00139 
   69   69    1    1    1    1    1    1    1    1  2.51713E+14 0.00122 
   70   70    1    1    1    1    1    1    1    1  2.13336E+14 0.00096 
   71   71    1    1    1    1    1    1    1    1  3.81589E+14 0.00081 
   72   72    1    1    1    1    1    1    1    1  2.69292E+14 0.00132 
   73   73    1    1    1    1    1    1    1    1  2.03115E+14 0.00126 
   74   74    1    1    1    1    1    1    1    1  1.65779E+14 0.00149 
   75   75    1    1    1    1    1    1    1    1  1.39678E+14 0.00159 
   76   76    1    1    1    1    1    1    1    1  1.63642E+14 0.00150 
   77   77    1    1    1    1    1    1    1    1  1.30932E+14 0.00145 
   78   78    1    1    1    1    1    1    1    1  1.05341E+14 0.00140 
   79   79    1    1    1    1    1    1    1    1  1.08806E+14 0.00149 
   80   80    1    1    1    1    1    1    1    1  8.10470E+13 0.00193 
   81   81    1    1    1    1    1    1    1    1  6.25160E+13 0.00219 
   82   82    1    1    1    1    1    1    1    1  4.79992E+13 0.00253 
   83   83    1    1    1    1    1    1    1    1  4.48960E+13 0.00216 
   84   84    1    1    1    1    1    1    1    1  3.21463E+13 0.00185 
   85   85    1    1    1    1    1    1    1    1  2.31900E+13 0.00297 
   86   86    1    1    1    1    1    1    1    1  2.15025E+13 0.00362 
   87   87    1    1    1    1    1    1    1    1  1.31612E+13 0.00386 
   88   88    1    1    1    1    1    1    1    1  8.81689E+12 0.00630 
   89   89    1    1    1    1    1    1    1    1  4.91191E+12 0.00639 
   90   90    1    1    1    1    1    1    1    1  3.30856E+12 0.00891 
   91   91    1    1    1    1    1    1    1    1  1.62860E+12 0.01406 
   92   92    1    1    1    1    1    1    1    1  7.88442E+11 0.01742 
   93   93    1    1    1    1    1    1    1    1  3.78271E+11 0.02083 
   94   94    1    1    1    1    1    1    1    1  1.80347E+11 0.03405 
   95   95    1    1    1    1    1    1    1    1  1.04430E+11 0.05489 
   96   96    1    1    1    1    1    1    1    1  4.18931E+10 0.07077 
   97   97    1    1    1    1    1    1    1    1  1.80031E+10 0.13044 
   98   98    1    1    1    1    1    1    1    1  8.39516E+09 0.17108 
   99   99    1    1    1    1    1    1    1    1  4.90065E+09 0.21194 
  100  100    1    1    1    1    1    1    1    1  5.61320E+09 0.19943 
];


