
DETdpaspec = [
    1    1    1    1    1    1    1    1    1    1  0.00000E+00 0.00000 
    2    2    1    1    1    1    1    1    1    1  0.00000E+00 0.00000 
    3    3    1    1    1    1    1    1    1    1  0.00000E+00 0.00000 
    4    4    1    1    1    1    1    1    1    1  0.00000E+00 0.00000 
    5    5    1    1    1    1    1    1    1    1  0.00000E+00 0.00000 
    6    6    1    1    1    1    1    1    1    1  0.00000E+00 0.00000 
    7    7    1    1    1    1    1    1    1    1  0.00000E+00 0.00000 
    8    8    1    1    1    1    1    1    1    1  0.00000E+00 0.00000 
    9    9    1    1    1    1    1    1    1    1  0.00000E+00 0.00000 
   10   10    1    1    1    1    1    1    1    1  0.00000E+00 0.00000 
   11   11    1    1    1    1    1    1    1    1  0.00000E+00 0.00000 
   12   12    1    1    1    1    1    1    1    1  7.10281E+07 0.69381 
   13   13    1    1    1    1    1    1    1    1  6.86770E+08 0.86783 
   14   14    1    1    1    1    1    1    1    1  4.47517E+08 0.66146 
   15   15    1    1    1    1    1    1    1    1  1.05978E+09 0.51658 
   16   16    1    1    1    1    1    1    1    1  5.03442E+08 0.43224 
   17   17    1    1    1    1    1    1    1    1  3.69145E+08 0.55795 
   18   18    1    1    1    1    1    1    1    1  9.75169E+08 0.41261 
   19   19    1    1    1    1    1    1    1    1  2.65508E+09 0.18510 
   20   20    1    1    1    1    1    1    1    1  7.20249E+09 0.21352 
   21   21    1    1    1    1    1    1    1    1  6.17069E+09 0.14002 
   22   22    1    1    1    1    1    1    1    1  9.97656E+09 0.16292 
   23   23    1    1    1    1    1    1    1    1  2.24688E+10 0.10368 
   24   24    1    1    1    1    1    1    1    1  4.47875E+10 0.07430 
   25   25    1    1    1    1    1    1    1    1  7.51796E+10 0.03850 
   26   26    1    1    1    1    1    1    1    1  1.52411E+11 0.04892 
   27   27    1    1    1    1    1    1    1    1  3.42690E+11 0.02969 
   28   28    1    1    1    1    1    1    1    1  8.11023E+11 0.01867 
   29   29    1    1    1    1    1    1    1    1  1.46054E+12 0.01326 
   30   30    1    1    1    1    1    1    1    1  3.39632E+12 0.01113 
   31   31    1    1    1    1    1    1    1    1  8.88731E+12 0.00711 
   32   32    1    1    1    1    1    1    1    1  1.45245E+13 0.00444 
   33   33    1    1    1    1    1    1    1    1  3.21461E+13 0.00266 
   34   34    1    1    1    1    1    1    1    1  4.28221E+13 0.00282 
   35   35    1    1    1    1    1    1    1    1  4.93412E+13 0.00173 
   36   36    1    1    1    1    1    1    1    1  3.17315E+13 0.00197 
   37   37    1    1    1    1    1    1    1    1  9.41389E+12 0.00160 
   38   38    1    1    1    1    1    1    1    1  5.31354E+13 0.00191 
   39   39    1    1    1    1    1    1    1    1  7.07812E+13 0.00138 
   40   40    1    1    1    1    1    1    1    1  1.21661E+14 0.00155 
   41   41    1    1    1    1    1    1    1    1  1.18606E+14 0.00174 
   42   42    1    1    1    1    1    1    1    1  2.52535E+14 0.00124 
   43   43    1    1    1    1    1    1    1    1  3.02742E+14 0.00109 
   44   44    1    1    1    1    1    1    1    1  4.31685E+14 0.00076 
   45   45    1    1    1    1    1    1    1    1  8.58413E+14 0.00068 
   46   46    1    1    1    1    1    1    1    1  4.00096E+14 0.00063 
   47   47    1    1    1    1    1    1    1    1  6.32121E+14 0.00068 
   48   48    1    1    1    1    1    1    1    1  8.81538E+14 0.00068 
   49   49    1    1    1    1    1    1    1    1  8.60494E+14 0.00079 
   50   50    1    1    1    1    1    1    1    1  1.36123E+15 0.00053 
   51   51    1    1    1    1    1    1    1    1  1.06792E+15 0.00068 
   52   52    1    1    1    1    1    1    1    1  1.28851E+15 0.00046 
   53   53    1    1    1    1    1    1    1    1  8.96231E+14 0.00060 
   54   54    1    1    1    1    1    1    1    1  1.11674E+15 0.00063 
   55   55    1    1    1    1    1    1    1    1  7.71034E+14 0.00064 
   56   56    1    1    1    1    1    1    1    1  1.04460E+14 0.00105 
   57   57    1    1    1    1    1    1    1    1  1.52777E+15 0.00052 
   58   58    1    1    1    1    1    1    1    1  6.98068E+14 0.00071 
   59   59    1    1    1    1    1    1    1    1  7.40325E+14 0.00057 
   60   60    1    1    1    1    1    1    1    1  5.88708E+14 0.00064 
   61   61    1    1    1    1    1    1    1    1  5.88771E+14 0.00053 
   62   62    1    1    1    1    1    1    1    1  6.13300E+14 0.00062 
   63   63    1    1    1    1    1    1    1    1  5.19746E+14 0.00058 
   64   64    1    1    1    1    1    1    1    1  4.14386E+14 0.00103 
   65   65    1    1    1    1    1    1    1    1  4.12589E+14 0.00074 
   66   66    1    1    1    1    1    1    1    1  3.01220E+14 0.00084 
   67   67    1    1    1    1    1    1    1    1  2.44667E+14 0.00105 
   68   68    1    1    1    1    1    1    1    1  2.18294E+14 0.00107 
   69   69    1    1    1    1    1    1    1    1  2.62428E+14 0.00109 
   70   70    1    1    1    1    1    1    1    1  2.23504E+14 0.00118 
   71   71    1    1    1    1    1    1    1    1  4.02950E+14 0.00075 
   72   72    1    1    1    1    1    1    1    1  2.86045E+14 0.00067 
   73   73    1    1    1    1    1    1    1    1  2.17273E+14 0.00111 
   74   74    1    1    1    1    1    1    1    1  1.76722E+14 0.00096 
   75   75    1    1    1    1    1    1    1    1  1.48161E+14 0.00129 
   76   76    1    1    1    1    1    1    1    1  1.73459E+14 0.00130 
   77   77    1    1    1    1    1    1    1    1  1.38794E+14 0.00130 
   78   78    1    1    1    1    1    1    1    1  1.11391E+14 0.00088 
   79   79    1    1    1    1    1    1    1    1  1.15352E+14 0.00167 
   80   80    1    1    1    1    1    1    1    1  8.60001E+13 0.00200 
   81   81    1    1    1    1    1    1    1    1  6.65416E+13 0.00181 
   82   82    1    1    1    1    1    1    1    1  5.08333E+13 0.00221 
   83   83    1    1    1    1    1    1    1    1  4.76801E+13 0.00231 
   84   84    1    1    1    1    1    1    1    1  3.42915E+13 0.00182 
   85   85    1    1    1    1    1    1    1    1  2.47588E+13 0.00330 
   86   86    1    1    1    1    1    1    1    1  2.29665E+13 0.00302 
   87   87    1    1    1    1    1    1    1    1  1.42156E+13 0.00361 
   88   88    1    1    1    1    1    1    1    1  9.48583E+12 0.00386 
   89   89    1    1    1    1    1    1    1    1  5.42291E+12 0.00514 
   90   90    1    1    1    1    1    1    1    1  3.58115E+12 0.00854 
   91   91    1    1    1    1    1    1    1    1  1.81112E+12 0.01207 
   92   92    1    1    1    1    1    1    1    1  8.91195E+11 0.01383 
   93   93    1    1    1    1    1    1    1    1  4.16809E+11 0.03289 
   94   94    1    1    1    1    1    1    1    1  2.09559E+11 0.03227 
   95   95    1    1    1    1    1    1    1    1  9.58476E+10 0.04241 
   96   96    1    1    1    1    1    1    1    1  4.46782E+10 0.07474 
   97   97    1    1    1    1    1    1    1    1  2.21306E+10 0.08394 
   98   98    1    1    1    1    1    1    1    1  1.25106E+10 0.12588 
   99   99    1    1    1    1    1    1    1    1  5.54348E+09 0.20507 
  100  100    1    1    1    1    1    1    1    1  4.55134E+09 0.30293 
];


