
DETdpaspec = [
    1    1    1    1    1    1    1    1    1    1  0.00000E+00 0.00000 
    2    2    1    1    1    1    1    1    1    1  0.00000E+00 0.00000 
    3    3    1    1    1    1    1    1    1    1  0.00000E+00 0.00000 
    4    4    1    1    1    1    1    1    1    1  0.00000E+00 0.00000 
    5    5    1    1    1    1    1    1    1    1  0.00000E+00 0.00000 
    6    6    1    1    1    1    1    1    1    1  0.00000E+00 0.00000 
    7    7    1    1    1    1    1    1    1    1  1.32535E+07 1.00000 
    8    8    1    1    1    1    1    1    1    1  0.00000E+00 0.00000 
    9    9    1    1    1    1    1    1    1    1  0.00000E+00 0.00000 
   10   10    1    1    1    1    1    1    1    1  0.00000E+00 0.00000 
   11   11    1    1    1    1    1    1    1    1  0.00000E+00 0.00000 
   12   12    1    1    1    1    1    1    1    1  0.00000E+00 0.00000 
   13   13    1    1    1    1    1    1    1    1  2.48005E+08 0.69154 
   14   14    1    1    1    1    1    1    1    1  8.79478E+08 0.70281 
   15   15    1    1    1    1    1    1    1    1  7.98252E+08 0.67490 
   16   16    1    1    1    1    1    1    1    1  2.86515E+08 0.49216 
   17   17    1    1    1    1    1    1    1    1  8.89762E+08 0.42160 
   18   18    1    1    1    1    1    1    1    1  1.23978E+09 0.35403 
   19   19    1    1    1    1    1    1    1    1  1.12609E+09 0.31232 
   20   20    1    1    1    1    1    1    1    1  6.74103E+09 0.29426 
   21   21    1    1    1    1    1    1    1    1  5.36333E+09 0.17921 
   22   22    1    1    1    1    1    1    1    1  1.36056E+10 0.11187 
   23   23    1    1    1    1    1    1    1    1  2.15574E+10 0.08556 
   24   24    1    1    1    1    1    1    1    1  5.02537E+10 0.07772 
   25   25    1    1    1    1    1    1    1    1  7.64925E+10 0.05842 
   26   26    1    1    1    1    1    1    1    1  1.61417E+11 0.03410 
   27   27    1    1    1    1    1    1    1    1  3.53586E+11 0.02587 
   28   28    1    1    1    1    1    1    1    1  8.96474E+11 0.01630 
   29   29    1    1    1    1    1    1    1    1  1.54153E+12 0.01340 
   30   30    1    1    1    1    1    1    1    1  3.59728E+12 0.00880 
   31   31    1    1    1    1    1    1    1    1  9.28756E+12 0.00515 
   32   32    1    1    1    1    1    1    1    1  1.51826E+13 0.00442 
   33   33    1    1    1    1    1    1    1    1  3.31120E+13 0.00285 
   34   34    1    1    1    1    1    1    1    1  4.43101E+13 0.00264 
   35   35    1    1    1    1    1    1    1    1  5.06266E+13 0.00190 
   36   36    1    1    1    1    1    1    1    1  3.22832E+13 0.00207 
   37   37    1    1    1    1    1    1    1    1  9.57243E+12 0.00242 
   38   38    1    1    1    1    1    1    1    1  5.41762E+13 0.00235 
   39   39    1    1    1    1    1    1    1    1  7.20914E+13 0.00191 
   40   40    1    1    1    1    1    1    1    1  1.23715E+14 0.00140 
   41   41    1    1    1    1    1    1    1    1  1.20095E+14 0.00142 
   42   42    1    1    1    1    1    1    1    1  2.55838E+14 0.00142 
   43   43    1    1    1    1    1    1    1    1  3.05931E+14 0.00104 
   44   44    1    1    1    1    1    1    1    1  4.36122E+14 0.00096 
   45   45    1    1    1    1    1    1    1    1  8.66171E+14 0.00058 
   46   46    1    1    1    1    1    1    1    1  4.03373E+14 0.00082 
   47   47    1    1    1    1    1    1    1    1  6.36281E+14 0.00074 
   48   48    1    1    1    1    1    1    1    1  8.86649E+14 0.00063 
   49   49    1    1    1    1    1    1    1    1  8.63802E+14 0.00087 
   50   50    1    1    1    1    1    1    1    1  1.36579E+15 0.00061 
   51   51    1    1    1    1    1    1    1    1  1.06997E+15 0.00057 
   52   52    1    1    1    1    1    1    1    1  1.29105E+15 0.00068 
   53   53    1    1    1    1    1    1    1    1  8.96585E+14 0.00060 
   54   54    1    1    1    1    1    1    1    1  1.11702E+15 0.00071 
   55   55    1    1    1    1    1    1    1    1  7.70306E+14 0.00077 
   56   56    1    1    1    1    1    1    1    1  1.04507E+14 0.00138 
   57   57    1    1    1    1    1    1    1    1  1.52749E+15 0.00046 
   58   58    1    1    1    1    1    1    1    1  6.97401E+14 0.00061 
   59   59    1    1    1    1    1    1    1    1  7.41104E+14 0.00093 
   60   60    1    1    1    1    1    1    1    1  5.88584E+14 0.00067 
   61   61    1    1    1    1    1    1    1    1  5.88826E+14 0.00070 
   62   62    1    1    1    1    1    1    1    1  6.13369E+14 0.00080 
   63   63    1    1    1    1    1    1    1    1  5.18928E+14 0.00077 
   64   64    1    1    1    1    1    1    1    1  4.14257E+14 0.00089 
   65   65    1    1    1    1    1    1    1    1  4.12446E+14 0.00103 
   66   66    1    1    1    1    1    1    1    1  3.01280E+14 0.00100 
   67   67    1    1    1    1    1    1    1    1  2.44243E+14 0.00102 
   68   68    1    1    1    1    1    1    1    1  2.17727E+14 0.00115 
   69   69    1    1    1    1    1    1    1    1  2.61273E+14 0.00070 
   70   70    1    1    1    1    1    1    1    1  2.22625E+14 0.00130 
   71   71    1    1    1    1    1    1    1    1  4.01798E+14 0.00099 
   72   72    1    1    1    1    1    1    1    1  2.85207E+14 0.00109 
   73   73    1    1    1    1    1    1    1    1  2.16093E+14 0.00120 
   74   74    1    1    1    1    1    1    1    1  1.76105E+14 0.00175 
   75   75    1    1    1    1    1    1    1    1  1.47436E+14 0.00172 
   76   76    1    1    1    1    1    1    1    1  1.73125E+14 0.00115 
   77   77    1    1    1    1    1    1    1    1  1.38397E+14 0.00123 
   78   78    1    1    1    1    1    1    1    1  1.10964E+14 0.00137 
   79   79    1    1    1    1    1    1    1    1  1.15066E+14 0.00194 
   80   80    1    1    1    1    1    1    1    1  8.57837E+13 0.00236 
   81   81    1    1    1    1    1    1    1    1  6.60868E+13 0.00176 
   82   82    1    1    1    1    1    1    1    1  5.06688E+13 0.00167 
   83   83    1    1    1    1    1    1    1    1  4.73375E+13 0.00244 
   84   84    1    1    1    1    1    1    1    1  3.40972E+13 0.00298 
   85   85    1    1    1    1    1    1    1    1  2.45583E+13 0.00361 
   86   86    1    1    1    1    1    1    1    1  2.30399E+13 0.00375 
   87   87    1    1    1    1    1    1    1    1  1.40744E+13 0.00390 
   88   88    1    1    1    1    1    1    1    1  9.45206E+12 0.00681 
   89   89    1    1    1    1    1    1    1    1  5.35713E+12 0.00401 
   90   90    1    1    1    1    1    1    1    1  3.58614E+12 0.00829 
   91   91    1    1    1    1    1    1    1    1  1.79086E+12 0.01288 
   92   92    1    1    1    1    1    1    1    1  8.52778E+11 0.01281 
   93   93    1    1    1    1    1    1    1    1  4.21636E+11 0.02042 
   94   94    1    1    1    1    1    1    1    1  1.96205E+11 0.04175 
   95   95    1    1    1    1    1    1    1    1  9.23798E+10 0.05060 
   96   96    1    1    1    1    1    1    1    1  4.81200E+10 0.06245 
   97   97    1    1    1    1    1    1    1    1  1.74631E+10 0.11635 
   98   98    1    1    1    1    1    1    1    1  1.39160E+10 0.16623 
   99   99    1    1    1    1    1    1    1    1  4.90853E+09 0.21577 
  100  100    1    1    1    1    1    1    1    1  5.89583E+09 0.18136 
];


