
DETdpaspec = [
    1    1    1    1    1    1    1    1    1    1  0.00000E+00 0.00000 
    2    2    1    1    1    1    1    1    1    1  0.00000E+00 0.00000 
    3    3    1    1    1    1    1    1    1    1  0.00000E+00 0.00000 
    4    4    1    1    1    1    1    1    1    1  0.00000E+00 0.00000 
    5    5    1    1    1    1    1    1    1    1  0.00000E+00 0.00000 
    6    6    1    1    1    1    1    1    1    1  0.00000E+00 0.00000 
    7    7    1    1    1    1    1    1    1    1  0.00000E+00 0.00000 
    8    8    1    1    1    1    1    1    1    1  0.00000E+00 0.00000 
    9    9    1    1    1    1    1    1    1    1  0.00000E+00 0.00000 
   10   10    1    1    1    1    1    1    1    1  5.11671E+07 1.00000 
   11   11    1    1    1    1    1    1    1    1  1.69733E+08 0.67126 
   12   12    1    1    1    1    1    1    1    1  4.38308E+06 1.00000 
   13   13    1    1    1    1    1    1    1    1  1.46082E+09 0.49639 
   14   14    1    1    1    1    1    1    1    1  2.16899E+09 0.33244 
   15   15    1    1    1    1    1    1    1    1  1.95839E+09 0.38127 
   16   16    1    1    1    1    1    1    1    1  9.42556E+08 0.32042 
   17   17    1    1    1    1    1    1    1    1  1.83049E+09 0.23520 
   18   18    1    1    1    1    1    1    1    1  1.73358E+09 0.27589 
   19   19    1    1    1    1    1    1    1    1  4.14968E+09 0.17646 
   20   20    1    1    1    1    1    1    1    1  1.11880E+10 0.15604 
   21   21    1    1    1    1    1    1    1    1  7.14178E+09 0.14209 
   22   22    1    1    1    1    1    1    1    1  1.48772E+10 0.12288 
   23   23    1    1    1    1    1    1    1    1  2.85896E+10 0.08169 
   24   24    1    1    1    1    1    1    1    1  4.44566E+10 0.06215 
   25   25    1    1    1    1    1    1    1    1  5.51546E+10 0.07853 
   26   26    1    1    1    1    1    1    1    1  9.74531E+10 0.04681 
   27   27    1    1    1    1    1    1    1    1  1.59704E+11 0.03644 
   28   28    1    1    1    1    1    1    1    1  3.59963E+11 0.03115 
   29   29    1    1    1    1    1    1    1    1  5.61574E+11 0.03004 
   30   30    1    1    1    1    1    1    1    1  1.58774E+12 0.01326 
   31   31    1    1    1    1    1    1    1    1  4.83575E+12 0.00715 
   32   32    1    1    1    1    1    1    1    1  8.73286E+12 0.00681 
   33   33    1    1    1    1    1    1    1    1  2.03472E+13 0.00446 
   34   34    1    1    1    1    1    1    1    1  2.79913E+13 0.00282 
   35   35    1    1    1    1    1    1    1    1  3.74199E+13 0.00282 
   36   36    1    1    1    1    1    1    1    1  2.57886E+13 0.00256 
   37   37    1    1    1    1    1    1    1    1  7.93917E+12 0.00220 
   38   38    1    1    1    1    1    1    1    1  4.40245E+13 0.00189 
   39   39    1    1    1    1    1    1    1    1  5.91317E+13 0.00173 
   40   40    1    1    1    1    1    1    1    1  1.01477E+14 0.00193 
   41   41    1    1    1    1    1    1    1    1  1.02740E+14 0.00140 
   42   42    1    1    1    1    1    1    1    1  2.16380E+14 0.00112 
   43   43    1    1    1    1    1    1    1    1  2.61322E+14 0.00120 
   44   44    1    1    1    1    1    1    1    1  3.77216E+14 0.00134 
   45   45    1    1    1    1    1    1    1    1  7.53411E+14 0.00065 
   46   46    1    1    1    1    1    1    1    1  3.61826E+14 0.00109 
   47   47    1    1    1    1    1    1    1    1  5.80669E+14 0.00101 
   48   48    1    1    1    1    1    1    1    1  8.18768E+14 0.00085 
   49   49    1    1    1    1    1    1    1    1  8.09996E+14 0.00087 
   50   50    1    1    1    1    1    1    1    1  1.27700E+15 0.00067 
   51   51    1    1    1    1    1    1    1    1  1.02908E+15 0.00062 
   52   52    1    1    1    1    1    1    1    1  1.22818E+15 0.00065 
   53   53    1    1    1    1    1    1    1    1  8.64550E+14 0.00072 
   54   54    1    1    1    1    1    1    1    1  1.06368E+15 0.00062 
   55   55    1    1    1    1    1    1    1    1  7.39980E+14 0.00086 
   56   56    1    1    1    1    1    1    1    1  1.01147E+14 0.00121 
   57   57    1    1    1    1    1    1    1    1  1.47757E+15 0.00062 
   58   58    1    1    1    1    1    1    1    1  6.62702E+14 0.00079 
   59   59    1    1    1    1    1    1    1    1  7.11036E+14 0.00073 
   60   60    1    1    1    1    1    1    1    1  5.57328E+14 0.00076 
   61   61    1    1    1    1    1    1    1    1  5.59926E+14 0.00076 
   62   62    1    1    1    1    1    1    1    1  5.82953E+14 0.00084 
   63   63    1    1    1    1    1    1    1    1  4.92559E+14 0.00105 
   64   64    1    1    1    1    1    1    1    1  3.94469E+14 0.00089 
   65   65    1    1    1    1    1    1    1    1  3.93328E+14 0.00077 
   66   66    1    1    1    1    1    1    1    1  2.87091E+14 0.00087 
   67   67    1    1    1    1    1    1    1    1  2.34932E+14 0.00107 
   68   68    1    1    1    1    1    1    1    1  2.10726E+14 0.00130 
   69   69    1    1    1    1    1    1    1    1  2.53893E+14 0.00086 
   70   70    1    1    1    1    1    1    1    1  2.16839E+14 0.00084 
   71   71    1    1    1    1    1    1    1    1  3.99023E+14 0.00108 
   72   72    1    1    1    1    1    1    1    1  2.85401E+14 0.00102 
   73   73    1    1    1    1    1    1    1    1  2.15492E+14 0.00104 
   74   74    1    1    1    1    1    1    1    1  1.73884E+14 0.00132 
   75   75    1    1    1    1    1    1    1    1  1.44097E+14 0.00130 
   76   76    1    1    1    1    1    1    1    1  1.67197E+14 0.00113 
   77   77    1    1    1    1    1    1    1    1  1.31848E+14 0.00150 
   78   78    1    1    1    1    1    1    1    1  1.04307E+14 0.00180 
   79   79    1    1    1    1    1    1    1    1  1.07770E+14 0.00196 
   80   80    1    1    1    1    1    1    1    1  7.99619E+13 0.00183 
   81   81    1    1    1    1    1    1    1    1  6.13269E+13 0.00293 
   82   82    1    1    1    1    1    1    1    1  4.72140E+13 0.00313 
   83   83    1    1    1    1    1    1    1    1  4.42148E+13 0.00206 
   84   84    1    1    1    1    1    1    1    1  3.19455E+13 0.00241 
   85   85    1    1    1    1    1    1    1    1  2.29086E+13 0.00413 
   86   86    1    1    1    1    1    1    1    1  2.15078E+13 0.00393 
   87   87    1    1    1    1    1    1    1    1  1.31584E+13 0.00613 
   88   88    1    1    1    1    1    1    1    1  8.89938E+12 0.00534 
   89   89    1    1    1    1    1    1    1    1  5.17489E+12 0.00680 
   90   90    1    1    1    1    1    1    1    1  3.39051E+12 0.00944 
   91   91    1    1    1    1    1    1    1    1  1.72219E+12 0.01397 
   92   92    1    1    1    1    1    1    1    1  8.38108E+11 0.01685 
   93   93    1    1    1    1    1    1    1    1  3.99624E+11 0.02828 
   94   94    1    1    1    1    1    1    1    1  1.83562E+11 0.04279 
   95   95    1    1    1    1    1    1    1    1  8.61952E+10 0.05150 
   96   96    1    1    1    1    1    1    1    1  4.53661E+10 0.08403 
   97   97    1    1    1    1    1    1    1    1  2.05735E+10 0.10822 
   98   98    1    1    1    1    1    1    1    1  1.14306E+10 0.16296 
   99   99    1    1    1    1    1    1    1    1  3.87997E+09 0.31264 
  100  100    1    1    1    1    1    1    1    1  2.82786E+09 0.34292 
];


