
DETdpaspec = [
    1    1    1    1    1    1    1    1    1    1  0.00000E+00 0.00000 
    2    2    1    1    1    1    1    1    1    1  0.00000E+00 0.00000 
    3    3    1    1    1    1    1    1    1    1  0.00000E+00 0.00000 
    4    4    1    1    1    1    1    1    1    1  0.00000E+00 0.00000 
    5    5    1    1    1    1    1    1    1    1  6.47906E+06 1.00000 
    6    6    1    1    1    1    1    1    1    1  0.00000E+00 0.00000 
    7    7    1    1    1    1    1    1    1    1  1.04206E+07 1.00000 
    8    8    1    1    1    1    1    1    1    1  5.67485E+06 1.00000 
    9    9    1    1    1    1    1    1    1    1  0.00000E+00 0.00000 
   10   10    1    1    1    1    1    1    1    1  2.30543E+07 1.00000 
   11   11    1    1    1    1    1    1    1    1  0.00000E+00 0.00000 
   12   12    1    1    1    1    1    1    1    1  1.83098E+06 1.00000 
   13   13    1    1    1    1    1    1    1    1  6.67257E+07 0.68838 
   14   14    1    1    1    1    1    1    1    1  6.65109E+08 0.76702 
   15   15    1    1    1    1    1    1    1    1  2.96643E+09 0.27570 
   16   16    1    1    1    1    1    1    1    1  3.38559E+08 0.45011 
   17   17    1    1    1    1    1    1    1    1  7.47254E+08 0.36414 
   18   18    1    1    1    1    1    1    1    1  1.67713E+09 0.21545 
   19   19    1    1    1    1    1    1    1    1  2.41822E+09 0.33537 
   20   20    1    1    1    1    1    1    1    1  8.99956E+09 0.12015 
   21   21    1    1    1    1    1    1    1    1  4.93165E+09 0.16344 
   22   22    1    1    1    1    1    1    1    1  1.19114E+10 0.12489 
   23   23    1    1    1    1    1    1    1    1  2.10025E+10 0.06314 
   24   24    1    1    1    1    1    1    1    1  4.16767E+10 0.06190 
   25   25    1    1    1    1    1    1    1    1  4.87467E+10 0.06033 
   26   26    1    1    1    1    1    1    1    1  8.26232E+10 0.06756 
   27   27    1    1    1    1    1    1    1    1  1.67394E+11 0.03700 
   28   28    1    1    1    1    1    1    1    1  3.96252E+11 0.02210 
   29   29    1    1    1    1    1    1    1    1  6.68447E+11 0.02056 
   30   30    1    1    1    1    1    1    1    1  1.77737E+12 0.01391 
   31   31    1    1    1    1    1    1    1    1  5.30069E+12 0.00829 
   32   32    1    1    1    1    1    1    1    1  9.49313E+12 0.00545 
   33   33    1    1    1    1    1    1    1    1  2.21368E+13 0.00383 
   34   34    1    1    1    1    1    1    1    1  3.05642E+13 0.00307 
   35   35    1    1    1    1    1    1    1    1  3.90926E+13 0.00275 
   36   36    1    1    1    1    1    1    1    1  2.65491E+13 0.00232 
   37   37    1    1    1    1    1    1    1    1  8.08725E+12 0.00214 
   38   38    1    1    1    1    1    1    1    1  4.51734E+13 0.00167 
   39   39    1    1    1    1    1    1    1    1  6.06478E+13 0.00155 
   40   40    1    1    1    1    1    1    1    1  1.04267E+14 0.00186 
   41   41    1    1    1    1    1    1    1    1  1.04237E+14 0.00135 
   42   42    1    1    1    1    1    1    1    1  2.21633E+14 0.00114 
   43   43    1    1    1    1    1    1    1    1  2.67638E+14 0.00091 
   44   44    1    1    1    1    1    1    1    1  3.85573E+14 0.00080 
   45   45    1    1    1    1    1    1    1    1  7.74665E+14 0.00072 
   46   46    1    1    1    1    1    1    1    1  3.69948E+14 0.00112 
   47   47    1    1    1    1    1    1    1    1  5.90847E+14 0.00101 
   48   48    1    1    1    1    1    1    1    1  8.31216E+14 0.00077 
   49   49    1    1    1    1    1    1    1    1  8.20090E+14 0.00060 
   50   50    1    1    1    1    1    1    1    1  1.29843E+15 0.00053 
   51   51    1    1    1    1    1    1    1    1  1.03812E+15 0.00047 
   52   52    1    1    1    1    1    1    1    1  1.24812E+15 0.00040 
   53   53    1    1    1    1    1    1    1    1  8.76277E+14 0.00062 
   54   54    1    1    1    1    1    1    1    1  1.08557E+15 0.00070 
   55   55    1    1    1    1    1    1    1    1  7.53541E+14 0.00047 
   56   56    1    1    1    1    1    1    1    1  1.02792E+14 0.00150 
   57   57    1    1    1    1    1    1    1    1  1.50125E+15 0.00045 
   58   58    1    1    1    1    1    1    1    1  6.77110E+14 0.00072 
   59   59    1    1    1    1    1    1    1    1  7.25668E+14 0.00071 
   60   60    1    1    1    1    1    1    1    1  5.72650E+14 0.00057 
   61   61    1    1    1    1    1    1    1    1  5.74948E+14 0.00068 
   62   62    1    1    1    1    1    1    1    1  5.99214E+14 0.00051 
   63   63    1    1    1    1    1    1    1    1  5.07503E+14 0.00095 
   64   64    1    1    1    1    1    1    1    1  4.05805E+14 0.00098 
   65   65    1    1    1    1    1    1    1    1  4.04763E+14 0.00085 
   66   66    1    1    1    1    1    1    1    1  2.96666E+14 0.00096 
   67   67    1    1    1    1    1    1    1    1  2.41459E+14 0.00122 
   68   68    1    1    1    1    1    1    1    1  2.16565E+14 0.00123 
   69   69    1    1    1    1    1    1    1    1  2.61134E+14 0.00124 
   70   70    1    1    1    1    1    1    1    1  2.22862E+14 0.00125 
   71   71    1    1    1    1    1    1    1    1  4.07307E+14 0.00100 
   72   72    1    1    1    1    1    1    1    1  2.90159E+14 0.00137 
   73   73    1    1    1    1    1    1    1    1  2.19890E+14 0.00125 
   74   74    1    1    1    1    1    1    1    1  1.77486E+14 0.00092 
   75   75    1    1    1    1    1    1    1    1  1.48064E+14 0.00138 
   76   76    1    1    1    1    1    1    1    1  1.72089E+14 0.00131 
   77   77    1    1    1    1    1    1    1    1  1.36532E+14 0.00124 
   78   78    1    1    1    1    1    1    1    1  1.09029E+14 0.00165 
   79   79    1    1    1    1    1    1    1    1  1.12406E+14 0.00124 
   80   80    1    1    1    1    1    1    1    1  8.36960E+13 0.00190 
   81   81    1    1    1    1    1    1    1    1  6.46192E+13 0.00214 
   82   82    1    1    1    1    1    1    1    1  4.96051E+13 0.00213 
   83   83    1    1    1    1    1    1    1    1  4.63970E+13 0.00212 
   84   84    1    1    1    1    1    1    1    1  3.34968E+13 0.00233 
   85   85    1    1    1    1    1    1    1    1  2.39716E+13 0.00325 
   86   86    1    1    1    1    1    1    1    1  2.25496E+13 0.00313 
   87   87    1    1    1    1    1    1    1    1  1.38823E+13 0.00524 
   88   88    1    1    1    1    1    1    1    1  9.36161E+12 0.00577 
   89   89    1    1    1    1    1    1    1    1  5.34428E+12 0.00803 
   90   90    1    1    1    1    1    1    1    1  3.47310E+12 0.00643 
   91   91    1    1    1    1    1    1    1    1  1.79355E+12 0.01298 
   92   92    1    1    1    1    1    1    1    1  8.39197E+11 0.01912 
   93   93    1    1    1    1    1    1    1    1  4.15873E+11 0.03045 
   94   94    1    1    1    1    1    1    1    1  2.10642E+11 0.03885 
   95   95    1    1    1    1    1    1    1    1  8.66522E+10 0.06592 
   96   96    1    1    1    1    1    1    1    1  4.31053E+10 0.05990 
   97   97    1    1    1    1    1    1    1    1  2.15370E+10 0.13690 
   98   98    1    1    1    1    1    1    1    1  1.15222E+10 0.17899 
   99   99    1    1    1    1    1    1    1    1  6.28012E+09 0.20442 
  100  100    1    1    1    1    1    1    1    1  4.87750E+09 0.19293 
];


