
DETdpaspec = [
    1    1    1    1    1    1    1    1    1    1  0.00000E+00 0.00000 
    2    2    1    1    1    1    1    1    1    1  0.00000E+00 0.00000 
    3    3    1    1    1    1    1    1    1    1  0.00000E+00 0.00000 
    4    4    1    1    1    1    1    1    1    1  0.00000E+00 0.00000 
    5    5    1    1    1    1    1    1    1    1  0.00000E+00 0.00000 
    6    6    1    1    1    1    1    1    1    1  8.16683E+06 1.00000 
    7    7    1    1    1    1    1    1    1    1  0.00000E+00 0.00000 
    8    8    1    1    1    1    1    1    1    1  0.00000E+00 0.00000 
    9    9    1    1    1    1    1    1    1    1  0.00000E+00 0.00000 
   10   10    1    1    1    1    1    1    1    1  0.00000E+00 0.00000 
   11   11    1    1    1    1    1    1    1    1  1.44133E+08 0.77864 
   12   12    1    1    1    1    1    1    1    1  2.29328E+07 1.00000 
   13   13    1    1    1    1    1    1    1    1  3.84032E+08 0.51427 
   14   14    1    1    1    1    1    1    1    1  4.52268E+08 0.61858 
   15   15    1    1    1    1    1    1    1    1  9.92504E+08 0.45565 
   16   16    1    1    1    1    1    1    1    1  1.10685E+09 0.41849 
   17   17    1    1    1    1    1    1    1    1  3.31154E+08 0.45779 
   18   18    1    1    1    1    1    1    1    1  2.53549E+09 0.34310 
   19   19    1    1    1    1    1    1    1    1  2.04191E+09 0.26842 
   20   20    1    1    1    1    1    1    1    1  6.93959E+09 0.18947 
   21   21    1    1    1    1    1    1    1    1  6.20811E+09 0.18355 
   22   22    1    1    1    1    1    1    1    1  1.48439E+10 0.11711 
   23   23    1    1    1    1    1    1    1    1  1.92801E+10 0.09768 
   24   24    1    1    1    1    1    1    1    1  3.09990E+10 0.09510 
   25   25    1    1    1    1    1    1    1    1  4.57968E+10 0.05352 
   26   26    1    1    1    1    1    1    1    1  9.15921E+10 0.04266 
   27   27    1    1    1    1    1    1    1    1  1.99280E+11 0.03604 
   28   28    1    1    1    1    1    1    1    1  4.85593E+11 0.02577 
   29   29    1    1    1    1    1    1    1    1  8.69584E+11 0.01582 
   30   30    1    1    1    1    1    1    1    1  2.21236E+12 0.01488 
   31   31    1    1    1    1    1    1    1    1  6.24075E+12 0.00670 
   32   32    1    1    1    1    1    1    1    1  1.08990E+13 0.00586 
   33   33    1    1    1    1    1    1    1    1  2.51099E+13 0.00314 
   34   34    1    1    1    1    1    1    1    1  3.44695E+13 0.00333 
   35   35    1    1    1    1    1    1    1    1  4.20413E+13 0.00226 
   36   36    1    1    1    1    1    1    1    1  2.79766E+13 0.00219 
   37   37    1    1    1    1    1    1    1    1  8.43647E+12 0.00250 
   38   38    1    1    1    1    1    1    1    1  4.75582E+13 0.00156 
   39   39    1    1    1    1    1    1    1    1  6.36584E+13 0.00176 
   40   40    1    1    1    1    1    1    1    1  1.09718E+14 0.00157 
   41   41    1    1    1    1    1    1    1    1  1.08365E+14 0.00175 
   42   42    1    1    1    1    1    1    1    1  2.30713E+14 0.00126 
   43   43    1    1    1    1    1    1    1    1  2.79366E+14 0.00112 
   44   44    1    1    1    1    1    1    1    1  4.01655E+14 0.00083 
   45   45    1    1    1    1    1    1    1    1  8.04743E+14 0.00091 
   46   46    1    1    1    1    1    1    1    1  3.80916E+14 0.00083 
   47   47    1    1    1    1    1    1    1    1  6.06127E+14 0.00074 
   48   48    1    1    1    1    1    1    1    1  8.50409E+14 0.00066 
   49   49    1    1    1    1    1    1    1    1  8.35759E+14 0.00070 
   50   50    1    1    1    1    1    1    1    1  1.32433E+15 0.00086 
   51   51    1    1    1    1    1    1    1    1  1.05131E+15 0.00063 
   52   52    1    1    1    1    1    1    1    1  1.26739E+15 0.00050 
   53   53    1    1    1    1    1    1    1    1  8.86806E+14 0.00063 
   54   54    1    1    1    1    1    1    1    1  1.10156E+15 0.00045 
   55   55    1    1    1    1    1    1    1    1  7.62497E+14 0.00066 
   56   56    1    1    1    1    1    1    1    1  1.03622E+14 0.00101 
   57   57    1    1    1    1    1    1    1    1  1.51828E+15 0.00061 
   58   58    1    1    1    1    1    1    1    1  6.89514E+14 0.00066 
   59   59    1    1    1    1    1    1    1    1  7.35844E+14 0.00071 
   60   60    1    1    1    1    1    1    1    1  5.82928E+14 0.00091 
   61   61    1    1    1    1    1    1    1    1  5.84188E+14 0.00089 
   62   62    1    1    1    1    1    1    1    1  6.08315E+14 0.00066 
   63   63    1    1    1    1    1    1    1    1  5.15983E+14 0.00089 
   64   64    1    1    1    1    1    1    1    1  4.12647E+14 0.00091 
   65   65    1    1    1    1    1    1    1    1  4.11068E+14 0.00074 
   66   66    1    1    1    1    1    1    1    1  3.01045E+14 0.00095 
   67   67    1    1    1    1    1    1    1    1  2.45344E+14 0.00119 
   68   68    1    1    1    1    1    1    1    1  2.19532E+14 0.00095 
   69   69    1    1    1    1    1    1    1    1  2.63745E+14 0.00129 
   70   70    1    1    1    1    1    1    1    1  2.25014E+14 0.00115 
   71   71    1    1    1    1    1    1    1    1  4.09154E+14 0.00097 
   72   72    1    1    1    1    1    1    1    1  2.90988E+14 0.00096 
   73   73    1    1    1    1    1    1    1    1  2.20486E+14 0.00092 
   74   74    1    1    1    1    1    1    1    1  1.78945E+14 0.00105 
   75   75    1    1    1    1    1    1    1    1  1.49819E+14 0.00137 
   76   76    1    1    1    1    1    1    1    1  1.74944E+14 0.00107 
   77   77    1    1    1    1    1    1    1    1  1.39391E+14 0.00137 
   78   78    1    1    1    1    1    1    1    1  1.11519E+14 0.00169 
   79   79    1    1    1    1    1    1    1    1  1.15107E+14 0.00152 
   80   80    1    1    1    1    1    1    1    1  8.58641E+13 0.00170 
   81   81    1    1    1    1    1    1    1    1  6.61081E+13 0.00210 
   82   82    1    1    1    1    1    1    1    1  5.08624E+13 0.00151 
   83   83    1    1    1    1    1    1    1    1  4.75663E+13 0.00239 
   84   84    1    1    1    1    1    1    1    1  3.43437E+13 0.00296 
   85   85    1    1    1    1    1    1    1    1  2.47157E+13 0.00255 
   86   86    1    1    1    1    1    1    1    1  2.31631E+13 0.00238 
   87   87    1    1    1    1    1    1    1    1  1.41757E+13 0.00410 
   88   88    1    1    1    1    1    1    1    1  9.53809E+12 0.00518 
   89   89    1    1    1    1    1    1    1    1  5.48630E+12 0.00654 
   90   90    1    1    1    1    1    1    1    1  3.57895E+12 0.00855 
   91   91    1    1    1    1    1    1    1    1  1.82471E+12 0.01289 
   92   92    1    1    1    1    1    1    1    1  8.71317E+11 0.01798 
   93   93    1    1    1    1    1    1    1    1  4.12493E+11 0.02158 
   94   94    1    1    1    1    1    1    1    1  1.80914E+11 0.03818 
   95   95    1    1    1    1    1    1    1    1  1.05458E+11 0.05552 
   96   96    1    1    1    1    1    1    1    1  4.58653E+10 0.06715 
   97   97    1    1    1    1    1    1    1    1  2.46626E+10 0.08826 
   98   98    1    1    1    1    1    1    1    1  1.04645E+10 0.14747 
   99   99    1    1    1    1    1    1    1    1  4.91044E+09 0.26138 
  100  100    1    1    1    1    1    1    1    1  3.79826E+09 0.23248 
];


