
DETdpaspec = [
    1    1    1    1    1    1    1    1    1    1  0.00000E+00 0.00000 
    2    2    1    1    1    1    1    1    1    1  0.00000E+00 0.00000 
    3    3    1    1    1    1    1    1    1    1  0.00000E+00 0.00000 
    4    4    1    1    1    1    1    1    1    1  0.00000E+00 0.00000 
    5    5    1    1    1    1    1    1    1    1  0.00000E+00 0.00000 
    6    6    1    1    1    1    1    1    1    1  1.62298E+07 1.00000 
    7    7    1    1    1    1    1    1    1    1  0.00000E+00 0.00000 
    8    8    1    1    1    1    1    1    1    1  0.00000E+00 0.00000 
    9    9    1    1    1    1    1    1    1    1  0.00000E+00 0.00000 
   10   10    1    1    1    1    1    1    1    1  0.00000E+00 0.00000 
   11   11    1    1    1    1    1    1    1    1  0.00000E+00 0.00000 
   12   12    1    1    1    1    1    1    1    1  1.65182E+07 1.00000 
   13   13    1    1    1    1    1    1    1    1  4.09579E+08 0.72926 
   14   14    1    1    1    1    1    1    1    1  7.80792E+08 0.37137 
   15   15    1    1    1    1    1    1    1    1  1.54441E+09 0.43506 
   16   16    1    1    1    1    1    1    1    1  1.50826E+08 0.62556 
   17   17    1    1    1    1    1    1    1    1  7.81998E+08 0.47763 
   18   18    1    1    1    1    1    1    1    1  2.04568E+09 0.34082 
   19   19    1    1    1    1    1    1    1    1  1.48154E+09 0.22624 
   20   20    1    1    1    1    1    1    1    1  6.90532E+09 0.22184 
   21   21    1    1    1    1    1    1    1    1  7.49959E+09 0.14395 
   22   22    1    1    1    1    1    1    1    1  1.37148E+10 0.10081 
   23   23    1    1    1    1    1    1    1    1  2.19240E+10 0.09054 
   24   24    1    1    1    1    1    1    1    1  4.13254E+10 0.08983 
   25   25    1    1    1    1    1    1    1    1  5.49733E+10 0.05702 
   26   26    1    1    1    1    1    1    1    1  9.95550E+10 0.04403 
   27   27    1    1    1    1    1    1    1    1  2.13669E+11 0.03020 
   28   28    1    1    1    1    1    1    1    1  5.48378E+11 0.02301 
   29   29    1    1    1    1    1    1    1    1  9.60960E+11 0.01513 
   30   30    1    1    1    1    1    1    1    1  2.41893E+12 0.00985 
   31   31    1    1    1    1    1    1    1    1  6.67995E+12 0.00846 
   32   32    1    1    1    1    1    1    1    1  1.15475E+13 0.00668 
   33   33    1    1    1    1    1    1    1    1  2.64782E+13 0.00431 
   34   34    1    1    1    1    1    1    1    1  3.61702E+13 0.00208 
   35   35    1    1    1    1    1    1    1    1  4.36471E+13 0.00269 
   36   36    1    1    1    1    1    1    1    1  2.87591E+13 0.00217 
   37   37    1    1    1    1    1    1    1    1  8.65691E+12 0.00219 
   38   38    1    1    1    1    1    1    1    1  4.87091E+13 0.00185 
   39   39    1    1    1    1    1    1    1    1  6.49418E+13 0.00182 
   40   40    1    1    1    1    1    1    1    1  1.12047E+14 0.00173 
   41   41    1    1    1    1    1    1    1    1  1.10519E+14 0.00168 
   42   42    1    1    1    1    1    1    1    1  2.35311E+14 0.00166 
   43   43    1    1    1    1    1    1    1    1  2.83911E+14 0.00115 
   44   44    1    1    1    1    1    1    1    1  4.07790E+14 0.00095 
   45   45    1    1    1    1    1    1    1    1  8.15631E+14 0.00079 
   46   46    1    1    1    1    1    1    1    1  3.84915E+14 0.00072 
   47   47    1    1    1    1    1    1    1    1  6.11345E+14 0.00072 
   48   48    1    1    1    1    1    1    1    1  8.57239E+14 0.00075 
   49   49    1    1    1    1    1    1    1    1  8.41773E+14 0.00087 
   50   50    1    1    1    1    1    1    1    1  1.33305E+15 0.00042 
   51   51    1    1    1    1    1    1    1    1  1.05436E+15 0.00067 
   52   52    1    1    1    1    1    1    1    1  1.27121E+15 0.00064 
   53   53    1    1    1    1    1    1    1    1  8.88853E+14 0.00065 
   54   54    1    1    1    1    1    1    1    1  1.10623E+15 0.00059 
   55   55    1    1    1    1    1    1    1    1  7.65499E+14 0.00068 
   56   56    1    1    1    1    1    1    1    1  1.04081E+14 0.00095 
   57   57    1    1    1    1    1    1    1    1  1.52254E+15 0.00051 
   58   58    1    1    1    1    1    1    1    1  6.91582E+14 0.00048 
   59   59    1    1    1    1    1    1    1    1  7.39084E+14 0.00061 
   60   60    1    1    1    1    1    1    1    1  5.85225E+14 0.00063 
   61   61    1    1    1    1    1    1    1    1  5.86776E+14 0.00087 
   62   62    1    1    1    1    1    1    1    1  6.11322E+14 0.00076 
   63   63    1    1    1    1    1    1    1    1  5.18403E+14 0.00084 
   64   64    1    1    1    1    1    1    1    1  4.13525E+14 0.00077 
   65   65    1    1    1    1    1    1    1    1  4.12455E+14 0.00086 
   66   66    1    1    1    1    1    1    1    1  3.01858E+14 0.00080 
   67   67    1    1    1    1    1    1    1    1  2.45237E+14 0.00081 
   68   68    1    1    1    1    1    1    1    1  2.19070E+14 0.00102 
   69   69    1    1    1    1    1    1    1    1  2.63978E+14 0.00105 
   70   70    1    1    1    1    1    1    1    1  2.25058E+14 0.00114 
   71   71    1    1    1    1    1    1    1    1  4.08861E+14 0.00113 
   72   72    1    1    1    1    1    1    1    1  2.90478E+14 0.00107 
   73   73    1    1    1    1    1    1    1    1  2.19927E+14 0.00098 
   74   74    1    1    1    1    1    1    1    1  1.78852E+14 0.00115 
   75   75    1    1    1    1    1    1    1    1  1.49837E+14 0.00087 
   76   76    1    1    1    1    1    1    1    1  1.75295E+14 0.00134 
   77   77    1    1    1    1    1    1    1    1  1.40034E+14 0.00099 
   78   78    1    1    1    1    1    1    1    1  1.11572E+14 0.00115 
   79   79    1    1    1    1    1    1    1    1  1.15619E+14 0.00193 
   80   80    1    1    1    1    1    1    1    1  8.61881E+13 0.00211 
   81   81    1    1    1    1    1    1    1    1  6.62665E+13 0.00226 
   82   82    1    1    1    1    1    1    1    1  5.11104E+13 0.00237 
   83   83    1    1    1    1    1    1    1    1  4.78765E+13 0.00238 
   84   84    1    1    1    1    1    1    1    1  3.43675E+13 0.00263 
   85   85    1    1    1    1    1    1    1    1  2.46865E+13 0.00378 
   86   86    1    1    1    1    1    1    1    1  2.32611E+13 0.00255 
   87   87    1    1    1    1    1    1    1    1  1.42384E+13 0.00361 
   88   88    1    1    1    1    1    1    1    1  9.64603E+12 0.00437 
   89   89    1    1    1    1    1    1    1    1  5.49723E+12 0.00659 
   90   90    1    1    1    1    1    1    1    1  3.61901E+12 0.00878 
   91   91    1    1    1    1    1    1    1    1  1.80501E+12 0.00907 
   92   92    1    1    1    1    1    1    1    1  9.05899E+11 0.01978 
   93   93    1    1    1    1    1    1    1    1  4.26038E+11 0.02203 
   94   94    1    1    1    1    1    1    1    1  2.15643E+11 0.02976 
   95   95    1    1    1    1    1    1    1    1  9.93259E+10 0.05403 
   96   96    1    1    1    1    1    1    1    1  4.56121E+10 0.05824 
   97   97    1    1    1    1    1    1    1    1  1.91402E+10 0.11766 
   98   98    1    1    1    1    1    1    1    1  9.45141E+09 0.18854 
   99   99    1    1    1    1    1    1    1    1  4.89500E+09 0.25382 
  100  100    1    1    1    1    1    1    1    1  4.14119E+09 0.24168 
];


