
DETdpaspec = [
    1    1    1    1    1    1    1    1    1    1  0.00000E+00 0.00000 
    2    2    1    1    1    1    1    1    1    1  0.00000E+00 0.00000 
    3    3    1    1    1    1    1    1    1    1  0.00000E+00 0.00000 
    4    4    1    1    1    1    1    1    1    1  0.00000E+00 0.00000 
    5    5    1    1    1    1    1    1    1    1  0.00000E+00 0.00000 
    6    6    1    1    1    1    1    1    1    1  1.67276E+07 0.68858 
    7    7    1    1    1    1    1    1    1    1  0.00000E+00 0.00000 
    8    8    1    1    1    1    1    1    1    1  1.11265E+07 1.00000 
    9    9    1    1    1    1    1    1    1    1  0.00000E+00 0.00000 
   10   10    1    1    1    1    1    1    1    1  4.93494E+07 0.68997 
   11   11    1    1    1    1    1    1    1    1  9.92562E+07 0.73252 
   12   12    1    1    1    1    1    1    1    1  4.37974E+07 1.00000 
   13   13    1    1    1    1    1    1    1    1  3.48384E+08 1.00000 
   14   14    1    1    1    1    1    1    1    1  6.30686E+08 0.61792 
   15   15    1    1    1    1    1    1    1    1  1.58220E+09 0.78273 
   16   16    1    1    1    1    1    1    1    1  4.14853E+08 0.66318 
   17   17    1    1    1    1    1    1    1    1  7.39548E+08 0.42000 
   18   18    1    1    1    1    1    1    1    1  1.52325E+09 0.26073 
   19   19    1    1    1    1    1    1    1    1  2.01122E+09 0.35238 
   20   20    1    1    1    1    1    1    1    1  5.52325E+09 0.20220 
   21   21    1    1    1    1    1    1    1    1  7.32456E+09 0.16888 
   22   22    1    1    1    1    1    1    1    1  1.07890E+10 0.12979 
   23   23    1    1    1    1    1    1    1    1  2.03266E+10 0.12899 
   24   24    1    1    1    1    1    1    1    1  3.46610E+10 0.07848 
   25   25    1    1    1    1    1    1    1    1  5.51471E+10 0.07359 
   26   26    1    1    1    1    1    1    1    1  1.14860E+11 0.05143 
   27   27    1    1    1    1    1    1    1    1  2.56197E+11 0.02705 
   28   28    1    1    1    1    1    1    1    1  6.08854E+11 0.02428 
   29   29    1    1    1    1    1    1    1    1  1.10952E+12 0.01690 
   30   30    1    1    1    1    1    1    1    1  2.63774E+12 0.01307 
   31   31    1    1    1    1    1    1    1    1  7.26463E+12 0.00754 
   32   32    1    1    1    1    1    1    1    1  1.23200E+13 0.00635 
   33   33    1    1    1    1    1    1    1    1  2.78439E+13 0.00240 
   34   34    1    1    1    1    1    1    1    1  3.78992E+13 0.00296 
   35   35    1    1    1    1    1    1    1    1  4.52460E+13 0.00280 
   36   36    1    1    1    1    1    1    1    1  2.96025E+13 0.00231 
   37   37    1    1    1    1    1    1    1    1  8.85199E+12 0.00306 
   38   38    1    1    1    1    1    1    1    1  4.98597E+13 0.00211 
   39   39    1    1    1    1    1    1    1    1  6.67310E+13 0.00153 
   40   40    1    1    1    1    1    1    1    1  1.14870E+14 0.00141 
   41   41    1    1    1    1    1    1    1    1  1.12608E+14 0.00128 
   42   42    1    1    1    1    1    1    1    1  2.40159E+14 0.00143 
   43   43    1    1    1    1    1    1    1    1  2.89252E+14 0.00124 
   44   44    1    1    1    1    1    1    1    1  4.13620E+14 0.00104 
   45   45    1    1    1    1    1    1    1    1  8.27140E+14 0.00074 
   46   46    1    1    1    1    1    1    1    1  3.89119E+14 0.00091 
   47   47    1    1    1    1    1    1    1    1  6.16687E+14 0.00098 
   48   48    1    1    1    1    1    1    1    1  8.64262E+14 0.00059 
   49   49    1    1    1    1    1    1    1    1  8.45868E+14 0.00066 
   50   50    1    1    1    1    1    1    1    1  1.33942E+15 0.00060 
   51   51    1    1    1    1    1    1    1    1  1.05868E+15 0.00052 
   52   52    1    1    1    1    1    1    1    1  1.27800E+15 0.00068 
   53   53    1    1    1    1    1    1    1    1  8.91360E+14 0.00070 
   54   54    1    1    1    1    1    1    1    1  1.11052E+15 0.00043 
   55   55    1    1    1    1    1    1    1    1  7.66990E+14 0.00072 
   56   56    1    1    1    1    1    1    1    1  1.04280E+14 0.00111 
   57   57    1    1    1    1    1    1    1    1  1.52498E+15 0.00047 
   58   58    1    1    1    1    1    1    1    1  6.94830E+14 0.00050 
   59   59    1    1    1    1    1    1    1    1  7.39666E+14 0.00058 
   60   60    1    1    1    1    1    1    1    1  5.87163E+14 0.00083 
   61   61    1    1    1    1    1    1    1    1  5.87518E+14 0.00064 
   62   62    1    1    1    1    1    1    1    1  6.12654E+14 0.00048 
   63   63    1    1    1    1    1    1    1    1  5.18596E+14 0.00064 
   64   64    1    1    1    1    1    1    1    1  4.13635E+14 0.00076 
   65   65    1    1    1    1    1    1    1    1  4.12559E+14 0.00076 
   66   66    1    1    1    1    1    1    1    1  3.02139E+14 0.00103 
   67   67    1    1    1    1    1    1    1    1  2.45730E+14 0.00099 
   68   68    1    1    1    1    1    1    1    1  2.19415E+14 0.00113 
   69   69    1    1    1    1    1    1    1    1  2.63987E+14 0.00107 
   70   70    1    1    1    1    1    1    1    1  2.24583E+14 0.00099 
   71   71    1    1    1    1    1    1    1    1  4.07664E+14 0.00112 
   72   72    1    1    1    1    1    1    1    1  2.89100E+14 0.00096 
   73   73    1    1    1    1    1    1    1    1  2.19730E+14 0.00130 
   74   74    1    1    1    1    1    1    1    1  1.78663E+14 0.00126 
   75   75    1    1    1    1    1    1    1    1  1.49568E+14 0.00160 
   76   76    1    1    1    1    1    1    1    1  1.74729E+14 0.00127 
   77   77    1    1    1    1    1    1    1    1  1.39736E+14 0.00150 
   78   78    1    1    1    1    1    1    1    1  1.11906E+14 0.00157 
   79   79    1    1    1    1    1    1    1    1  1.15966E+14 0.00148 
   80   80    1    1    1    1    1    1    1    1  8.63988E+13 0.00146 
   81   81    1    1    1    1    1    1    1    1  6.67142E+13 0.00179 
   82   82    1    1    1    1    1    1    1    1  5.10027E+13 0.00193 
   83   83    1    1    1    1    1    1    1    1  4.77571E+13 0.00224 
   84   84    1    1    1    1    1    1    1    1  3.42933E+13 0.00290 
   85   85    1    1    1    1    1    1    1    1  2.48763E+13 0.00237 
   86   86    1    1    1    1    1    1    1    1  2.31805E+13 0.00330 
   87   87    1    1    1    1    1    1    1    1  1.43065E+13 0.00449 
   88   88    1    1    1    1    1    1    1    1  9.50660E+12 0.00383 
   89   89    1    1    1    1    1    1    1    1  5.47365E+12 0.00729 
   90   90    1    1    1    1    1    1    1    1  3.62872E+12 0.00810 
   91   91    1    1    1    1    1    1    1    1  1.82542E+12 0.01050 
   92   92    1    1    1    1    1    1    1    1  8.60599E+11 0.01586 
   93   93    1    1    1    1    1    1    1    1  4.22747E+11 0.01855 
   94   94    1    1    1    1    1    1    1    1  1.95111E+11 0.03744 
   95   95    1    1    1    1    1    1    1    1  9.27879E+10 0.04825 
   96   96    1    1    1    1    1    1    1    1  4.85372E+10 0.06814 
   97   97    1    1    1    1    1    1    1    1  2.43155E+10 0.10751 
   98   98    1    1    1    1    1    1    1    1  1.29978E+10 0.11551 
   99   99    1    1    1    1    1    1    1    1  6.75271E+09 0.18532 
  100  100    1    1    1    1    1    1    1    1  3.94890E+09 0.32028 
];


