
DETdpaspec = [
    1    1    1    1    1    1    1    1    1    1  0.00000E+00 0.00000 
    2    2    1    1    1    1    1    1    1    1  0.00000E+00 0.00000 
    3    3    1    1    1    1    1    1    1    1  0.00000E+00 0.00000 
    4    4    1    1    1    1    1    1    1    1  0.00000E+00 0.00000 
    5    5    1    1    1    1    1    1    1    1  0.00000E+00 0.00000 
    6    6    1    1    1    1    1    1    1    1  0.00000E+00 0.00000 
    7    7    1    1    1    1    1    1    1    1  0.00000E+00 0.00000 
    8    8    1    1    1    1    1    1    1    1  0.00000E+00 0.00000 
    9    9    1    1    1    1    1    1    1    1  0.00000E+00 0.00000 
   10   10    1    1    1    1    1    1    1    1  0.00000E+00 0.00000 
   11   11    1    1    1    1    1    1    1    1  0.00000E+00 0.00000 
   12   12    1    1    1    1    1    1    1    1  2.28242E+07 1.00000 
   13   13    1    1    1    1    1    1    1    1  2.57449E+08 0.69975 
   14   14    1    1    1    1    1    1    1    1  9.52002E+08 0.69786 
   15   15    1    1    1    1    1    1    1    1  1.12729E+09 0.61547 
   16   16    1    1    1    1    1    1    1    1  8.24643E+08 0.41756 
   17   17    1    1    1    1    1    1    1    1  9.02272E+08 0.37887 
   18   18    1    1    1    1    1    1    1    1  1.62783E+09 0.28746 
   19   19    1    1    1    1    1    1    1    1  4.08639E+09 0.21780 
   20   20    1    1    1    1    1    1    1    1  6.86548E+09 0.23857 
   21   21    1    1    1    1    1    1    1    1  7.05930E+09 0.19091 
   22   22    1    1    1    1    1    1    1    1  1.54924E+10 0.14214 
   23   23    1    1    1    1    1    1    1    1  2.41602E+10 0.10245 
   24   24    1    1    1    1    1    1    1    1  3.86177E+10 0.06282 
   25   25    1    1    1    1    1    1    1    1  5.50758E+10 0.07310 
   26   26    1    1    1    1    1    1    1    1  8.90098E+10 0.04896 
   27   27    1    1    1    1    1    1    1    1  1.81007E+11 0.04675 
   28   28    1    1    1    1    1    1    1    1  4.22380E+11 0.02798 
   29   29    1    1    1    1    1    1    1    1  7.48266E+11 0.01739 
   30   30    1    1    1    1    1    1    1    1  1.92562E+12 0.01311 
   31   31    1    1    1    1    1    1    1    1  5.62085E+12 0.00647 
   32   32    1    1    1    1    1    1    1    1  9.94918E+12 0.00643 
   33   33    1    1    1    1    1    1    1    1  2.32356E+13 0.00331 
   34   34    1    1    1    1    1    1    1    1  3.21077E+13 0.00252 
   35   35    1    1    1    1    1    1    1    1  4.03341E+13 0.00244 
   36   36    1    1    1    1    1    1    1    1  2.70420E+13 0.00264 
   37   37    1    1    1    1    1    1    1    1  8.18052E+12 0.00244 
   38   38    1    1    1    1    1    1    1    1  4.58504E+13 0.00184 
   39   39    1    1    1    1    1    1    1    1  6.15407E+13 0.00182 
   40   40    1    1    1    1    1    1    1    1  1.06125E+14 0.00132 
   41   41    1    1    1    1    1    1    1    1  1.05709E+14 0.00128 
   42   42    1    1    1    1    1    1    1    1  2.25303E+14 0.00130 
   43   43    1    1    1    1    1    1    1    1  2.72179E+14 0.00105 
   44   44    1    1    1    1    1    1    1    1  3.92413E+14 0.00088 
   45   45    1    1    1    1    1    1    1    1  7.87308E+14 0.00081 
   46   46    1    1    1    1    1    1    1    1  3.74280E+14 0.00085 
   47   47    1    1    1    1    1    1    1    1  5.96798E+14 0.00063 
   48   48    1    1    1    1    1    1    1    1  8.40095E+14 0.00075 
   49   49    1    1    1    1    1    1    1    1  8.26806E+14 0.00060 
   50   50    1    1    1    1    1    1    1    1  1.30925E+15 0.00052 
   51   51    1    1    1    1    1    1    1    1  1.04373E+15 0.00066 
   52   52    1    1    1    1    1    1    1    1  1.25618E+15 0.00051 
   53   53    1    1    1    1    1    1    1    1  8.81267E+14 0.00049 
   54   54    1    1    1    1    1    1    1    1  1.09319E+15 0.00051 
   55   55    1    1    1    1    1    1    1    1  7.57729E+14 0.00054 
   56   56    1    1    1    1    1    1    1    1  1.03190E+14 0.00092 
   57   57    1    1    1    1    1    1    1    1  1.51062E+15 0.00032 
   58   58    1    1    1    1    1    1    1    1  6.84497E+14 0.00086 
   59   59    1    1    1    1    1    1    1    1  7.31591E+14 0.00084 
   60   60    1    1    1    1    1    1    1    1  5.77670E+14 0.00062 
   61   61    1    1    1    1    1    1    1    1  5.79529E+14 0.00074 
   62   62    1    1    1    1    1    1    1    1  6.04230E+14 0.00068 
   63   63    1    1    1    1    1    1    1    1  5.11817E+14 0.00106 
   64   64    1    1    1    1    1    1    1    1  4.09327E+14 0.00080 
   65   65    1    1    1    1    1    1    1    1  4.08312E+14 0.00077 
   66   66    1    1    1    1    1    1    1    1  2.98818E+14 0.00066 
   67   67    1    1    1    1    1    1    1    1  2.43353E+14 0.00092 
   68   68    1    1    1    1    1    1    1    1  2.18129E+14 0.00150 
   69   69    1    1    1    1    1    1    1    1  2.62352E+14 0.00120 
   70   70    1    1    1    1    1    1    1    1  2.24023E+14 0.00093 
   71   71    1    1    1    1    1    1    1    1  4.08478E+14 0.00089 
   72   72    1    1    1    1    1    1    1    1  2.90492E+14 0.00098 
   73   73    1    1    1    1    1    1    1    1  2.20380E+14 0.00117 
   74   74    1    1    1    1    1    1    1    1  1.78689E+14 0.00110 
   75   75    1    1    1    1    1    1    1    1  1.49013E+14 0.00135 
   76   76    1    1    1    1    1    1    1    1  1.74101E+14 0.00127 
   77   77    1    1    1    1    1    1    1    1  1.38220E+14 0.00114 
   78   78    1    1    1    1    1    1    1    1  1.10255E+14 0.00094 
   79   79    1    1    1    1    1    1    1    1  1.14265E+14 0.00130 
   80   80    1    1    1    1    1    1    1    1  8.48895E+13 0.00187 
   81   81    1    1    1    1    1    1    1    1  6.55680E+13 0.00175 
   82   82    1    1    1    1    1    1    1    1  5.02969E+13 0.00156 
   83   83    1    1    1    1    1    1    1    1  4.68986E+13 0.00174 
   84   84    1    1    1    1    1    1    1    1  3.38408E+13 0.00322 
   85   85    1    1    1    1    1    1    1    1  2.44059E+13 0.00227 
   86   86    1    1    1    1    1    1    1    1  2.28258E+13 0.00352 
   87   87    1    1    1    1    1    1    1    1  1.40403E+13 0.00448 
   88   88    1    1    1    1    1    1    1    1  9.37999E+12 0.00520 
   89   89    1    1    1    1    1    1    1    1  5.40576E+12 0.00582 
   90   90    1    1    1    1    1    1    1    1  3.55899E+12 0.00851 
   91   91    1    1    1    1    1    1    1    1  1.81452E+12 0.01244 
   92   92    1    1    1    1    1    1    1    1  8.71105E+11 0.01548 
   93   93    1    1    1    1    1    1    1    1  4.19955E+11 0.01958 
   94   94    1    1    1    1    1    1    1    1  2.03577E+11 0.04528 
   95   95    1    1    1    1    1    1    1    1  9.66108E+10 0.03999 
   96   96    1    1    1    1    1    1    1    1  4.06735E+10 0.08255 
   97   97    1    1    1    1    1    1    1    1  2.15865E+10 0.09083 
   98   98    1    1    1    1    1    1    1    1  1.11132E+10 0.16203 
   99   99    1    1    1    1    1    1    1    1  5.29058E+09 0.25965 
  100  100    1    1    1    1    1    1    1    1  4.10027E+09 0.21541 
];


