
DETdpaspec = [
    1    1    1    1    1    1    1    1    1    1  0.00000E+00 0.00000 
    2    2    1    1    1    1    1    1    1    1  0.00000E+00 0.00000 
    3    3    1    1    1    1    1    1    1    1  0.00000E+00 0.00000 
    4    4    1    1    1    1    1    1    1    1  0.00000E+00 0.00000 
    5    5    1    1    1    1    1    1    1    1  0.00000E+00 0.00000 
    6    6    1    1    1    1    1    1    1    1  1.51250E+07 1.00000 
    7    7    1    1    1    1    1    1    1    1  0.00000E+00 0.00000 
    8    8    1    1    1    1    1    1    1    1  0.00000E+00 0.00000 
    9    9    1    1    1    1    1    1    1    1  0.00000E+00 0.00000 
   10   10    1    1    1    1    1    1    1    1  0.00000E+00 0.00000 
   11   11    1    1    1    1    1    1    1    1  0.00000E+00 0.00000 
   12   12    1    1    1    1    1    1    1    1  2.31977E+08 1.00000 
   13   13    1    1    1    1    1    1    1    1  0.00000E+00 0.00000 
   14   14    1    1    1    1    1    1    1    1  3.30528E+08 0.84683 
   15   15    1    1    1    1    1    1    1    1  5.66791E+08 0.70201 
   16   16    1    1    1    1    1    1    1    1  1.78982E+08 0.62825 
   17   17    1    1    1    1    1    1    1    1  1.04135E+09 0.40849 
   18   18    1    1    1    1    1    1    1    1  1.32926E+09 0.41883 
   19   19    1    1    1    1    1    1    1    1  2.88130E+09 0.29993 
   20   20    1    1    1    1    1    1    1    1  4.75503E+09 0.17419 
   21   21    1    1    1    1    1    1    1    1  5.26720E+09 0.16776 
   22   22    1    1    1    1    1    1    1    1  1.23002E+10 0.13352 
   23   23    1    1    1    1    1    1    1    1  3.66772E+10 0.08424 
   24   24    1    1    1    1    1    1    1    1  1.08552E+11 0.04454 
   25   25    1    1    1    1    1    1    1    1  1.82998E+11 0.04105 
   26   26    1    1    1    1    1    1    1    1  4.00644E+11 0.02513 
   27   27    1    1    1    1    1    1    1    1  8.49397E+11 0.01789 
   28   28    1    1    1    1    1    1    1    1  1.85384E+12 0.00996 
   29   29    1    1    1    1    1    1    1    1  3.08027E+12 0.00980 
   30   30    1    1    1    1    1    1    1    1  6.31840E+12 0.00612 
   31   31    1    1    1    1    1    1    1    1  1.42552E+13 0.00581 
   32   32    1    1    1    1    1    1    1    1  2.18466E+13 0.00394 
   33   33    1    1    1    1    1    1    1    1  4.49966E+13 0.00244 
   34   34    1    1    1    1    1    1    1    1  5.71880E+13 0.00297 
   35   35    1    1    1    1    1    1    1    1  6.09669E+13 0.00225 
   36   36    1    1    1    1    1    1    1    1  3.77374E+13 0.00251 
   37   37    1    1    1    1    1    1    1    1  1.10685E+13 0.00236 
   38   38    1    1    1    1    1    1    1    1  6.26489E+13 0.00231 
   39   39    1    1    1    1    1    1    1    1  8.26941E+13 0.00140 
   40   40    1    1    1    1    1    1    1    1  1.40571E+14 0.00178 
   41   41    1    1    1    1    1    1    1    1  1.34599E+14 0.00146 
   42   42    1    1    1    1    1    1    1    1  2.84937E+14 0.00142 
   43   43    1    1    1    1    1    1    1    1  3.37608E+14 0.00108 
   44   44    1    1    1    1    1    1    1    1  4.76640E+14 0.00087 
   45   45    1    1    1    1    1    1    1    1  9.33011E+14 0.00084 
   46   46    1    1    1    1    1    1    1    1  4.26747E+14 0.00077 
   47   47    1    1    1    1    1    1    1    1  6.69092E+14 0.00066 
   48   48    1    1    1    1    1    1    1    1  9.23219E+14 0.00054 
   49   49    1    1    1    1    1    1    1    1  8.91379E+14 0.00032 
   50   50    1    1    1    1    1    1    1    1  1.40184E+15 0.00054 
   51   51    1    1    1    1    1    1    1    1  1.08525E+15 0.00060 
   52   52    1    1    1    1    1    1    1    1  1.30641E+15 0.00064 
   53   53    1    1    1    1    1    1    1    1  9.01153E+14 0.00064 
   54   54    1    1    1    1    1    1    1    1  1.12095E+15 0.00048 
   55   55    1    1    1    1    1    1    1    1  7.69784E+14 0.00056 
   56   56    1    1    1    1    1    1    1    1  1.04143E+14 0.00132 
   57   57    1    1    1    1    1    1    1    1  1.51866E+15 0.00061 
   58   58    1    1    1    1    1    1    1    1  6.93435E+14 0.00067 
   59   59    1    1    1    1    1    1    1    1  7.33559E+14 0.00062 
   60   60    1    1    1    1    1    1    1    1  5.82987E+14 0.00042 
   61   61    1    1    1    1    1    1    1    1  5.81530E+14 0.00033 
   62   62    1    1    1    1    1    1    1    1  6.04212E+14 0.00062 
   63   63    1    1    1    1    1    1    1    1  5.10576E+14 0.00055 
   64   64    1    1    1    1    1    1    1    1  4.05810E+14 0.00091 
   65   65    1    1    1    1    1    1    1    1  4.02964E+14 0.00089 
   66   66    1    1    1    1    1    1    1    1  2.93763E+14 0.00083 
   67   67    1    1    1    1    1    1    1    1  2.37709E+14 0.00094 
   68   68    1    1    1    1    1    1    1    1  2.11874E+14 0.00090 
   69   69    1    1    1    1    1    1    1    1  2.53862E+14 0.00127 
   70   70    1    1    1    1    1    1    1    1  2.15517E+14 0.00109 
   71   71    1    1    1    1    1    1    1    1  3.86363E+14 0.00070 
   72   72    1    1    1    1    1    1    1    1  2.73502E+14 0.00103 
   73   73    1    1    1    1    1    1    1    1  2.06794E+14 0.00111 
   74   74    1    1    1    1    1    1    1    1  1.68218E+14 0.00108 
   75   75    1    1    1    1    1    1    1    1  1.41377E+14 0.00134 
   76   76    1    1    1    1    1    1    1    1  1.65902E+14 0.00104 
   77   77    1    1    1    1    1    1    1    1  1.33072E+14 0.00132 
   78   78    1    1    1    1    1    1    1    1  1.06615E+14 0.00167 
   79   79    1    1    1    1    1    1    1    1  1.10508E+14 0.00147 
   80   80    1    1    1    1    1    1    1    1  8.23754E+13 0.00188 
   81   81    1    1    1    1    1    1    1    1  6.34604E+13 0.00180 
   82   82    1    1    1    1    1    1    1    1  4.87961E+13 0.00213 
   83   83    1    1    1    1    1    1    1    1  4.55777E+13 0.00234 
   84   84    1    1    1    1    1    1    1    1  3.27628E+13 0.00307 
   85   85    1    1    1    1    1    1    1    1  2.35672E+13 0.00271 
   86   86    1    1    1    1    1    1    1    1  2.18409E+13 0.00382 
   87   87    1    1    1    1    1    1    1    1  1.33865E+13 0.00411 
   88   88    1    1    1    1    1    1    1    1  8.94700E+12 0.00417 
   89   89    1    1    1    1    1    1    1    1  5.15510E+12 0.00597 
   90   90    1    1    1    1    1    1    1    1  3.33207E+12 0.00949 
   91   91    1    1    1    1    1    1    1    1  1.65321E+12 0.01152 
   92   92    1    1    1    1    1    1    1    1  8.12487E+11 0.02019 
   93   93    1    1    1    1    1    1    1    1  3.86657E+11 0.02258 
   94   94    1    1    1    1    1    1    1    1  1.75429E+11 0.04047 
   95   95    1    1    1    1    1    1    1    1  8.53175E+10 0.04238 
   96   96    1    1    1    1    1    1    1    1  4.44350E+10 0.07247 
   97   97    1    1    1    1    1    1    1    1  2.33504E+10 0.07483 
   98   98    1    1    1    1    1    1    1    1  8.61615E+09 0.15391 
   99   99    1    1    1    1    1    1    1    1  3.25225E+09 0.20883 
  100  100    1    1    1    1    1    1    1    1  3.09940E+09 0.22436 
];


