
DETdpaspec = [
    1    1    1    1    1    1    1    1    1    1  0.00000E+00 0.00000 
    2    2    1    1    1    1    1    1    1    1  0.00000E+00 0.00000 
    3    3    1    1    1    1    1    1    1    1  0.00000E+00 0.00000 
    4    4    1    1    1    1    1    1    1    1  0.00000E+00 0.00000 
    5    5    1    1    1    1    1    1    1    1  0.00000E+00 0.00000 
    6    6    1    1    1    1    1    1    1    1  0.00000E+00 0.00000 
    7    7    1    1    1    1    1    1    1    1  0.00000E+00 0.00000 
    8    8    1    1    1    1    1    1    1    1  0.00000E+00 0.00000 
    9    9    1    1    1    1    1    1    1    1  0.00000E+00 0.00000 
   10   10    1    1    1    1    1    1    1    1  0.00000E+00 0.00000 
   11   11    1    1    1    1    1    1    1    1  0.00000E+00 0.00000 
   12   12    1    1    1    1    1    1    1    1  8.61015E+06 0.79340 
   13   13    1    1    1    1    1    1    1    1  8.72785E+07 1.00000 
   14   14    1    1    1    1    1    1    1    1  1.74599E+08 1.00000 
   15   15    1    1    1    1    1    1    1    1  9.72258E+08 0.43457 
   16   16    1    1    1    1    1    1    1    1  1.58880E+08 1.00000 
   17   17    1    1    1    1    1    1    1    1  2.36595E+08 0.99812 
   18   18    1    1    1    1    1    1    1    1  1.11095E+09 0.41664 
   19   19    1    1    1    1    1    1    1    1  1.78767E+09 0.23282 
   20   20    1    1    1    1    1    1    1    1  7.31961E+09 0.19964 
   21   21    1    1    1    1    1    1    1    1  4.54803E+09 0.20075 
   22   22    1    1    1    1    1    1    1    1  9.72938E+09 0.10622 
   23   23    1    1    1    1    1    1    1    1  1.87696E+10 0.06207 
   24   24    1    1    1    1    1    1    1    1  4.28153E+10 0.09172 
   25   25    1    1    1    1    1    1    1    1  5.88208E+10 0.06412 
   26   26    1    1    1    1    1    1    1    1  1.23866E+11 0.05270 
   27   27    1    1    1    1    1    1    1    1  2.96619E+11 0.02642 
   28   28    1    1    1    1    1    1    1    1  7.01684E+11 0.01584 
   29   29    1    1    1    1    1    1    1    1  1.19737E+12 0.01634 
   30   30    1    1    1    1    1    1    1    1  2.93220E+12 0.00976 
   31   31    1    1    1    1    1    1    1    1  7.80646E+12 0.00549 
   32   32    1    1    1    1    1    1    1    1  1.31593E+13 0.00388 
   33   33    1    1    1    1    1    1    1    1  2.95748E+13 0.00485 
   34   34    1    1    1    1    1    1    1    1  3.98611E+13 0.00285 
   35   35    1    1    1    1    1    1    1    1  4.69235E+13 0.00168 
   36   36    1    1    1    1    1    1    1    1  3.04122E+13 0.00224 
   37   37    1    1    1    1    1    1    1    1  9.10349E+12 0.00173 
   38   38    1    1    1    1    1    1    1    1  5.12199E+13 0.00197 
   39   39    1    1    1    1    1    1    1    1  6.84654E+13 0.00191 
   40   40    1    1    1    1    1    1    1    1  1.17597E+14 0.00168 
   41   41    1    1    1    1    1    1    1    1  1.15093E+14 0.00144 
   42   42    1    1    1    1    1    1    1    1  2.45370E+14 0.00123 
   43   43    1    1    1    1    1    1    1    1  2.94472E+14 0.00090 
   44   44    1    1    1    1    1    1    1    1  4.21624E+14 0.00079 
   45   45    1    1    1    1    1    1    1    1  8.40855E+14 0.00082 
   46   46    1    1    1    1    1    1    1    1  3.93633E+14 0.00085 
   47   47    1    1    1    1    1    1    1    1  6.23439E+14 0.00059 
   48   48    1    1    1    1    1    1    1    1  8.71264E+14 0.00048 
   49   49    1    1    1    1    1    1    1    1  8.52318E+14 0.00059 
   50   50    1    1    1    1    1    1    1    1  1.35007E+15 0.00061 
   51   51    1    1    1    1    1    1    1    1  1.06251E+15 0.00067 
   52   52    1    1    1    1    1    1    1    1  1.28273E+15 0.00063 
   53   53    1    1    1    1    1    1    1    1  8.92979E+14 0.00083 
   54   54    1    1    1    1    1    1    1    1  1.11292E+15 0.00050 
   55   55    1    1    1    1    1    1    1    1  7.68004E+14 0.00062 
   56   56    1    1    1    1    1    1    1    1  1.04330E+14 0.00113 
   57   57    1    1    1    1    1    1    1    1  1.52736E+15 0.00048 
   58   58    1    1    1    1    1    1    1    1  6.96396E+14 0.00045 
   59   59    1    1    1    1    1    1    1    1  7.40665E+14 0.00061 
   60   60    1    1    1    1    1    1    1    1  5.87770E+14 0.00082 
   61   61    1    1    1    1    1    1    1    1  5.88825E+14 0.00057 
   62   62    1    1    1    1    1    1    1    1  6.12634E+14 0.00043 
   63   63    1    1    1    1    1    1    1    1  5.19317E+14 0.00083 
   64   64    1    1    1    1    1    1    1    1  4.14365E+14 0.00051 
   65   65    1    1    1    1    1    1    1    1  4.13239E+14 0.00082 
   66   66    1    1    1    1    1    1    1    1  3.02474E+14 0.00093 
   67   67    1    1    1    1    1    1    1    1  2.45280E+14 0.00095 
   68   68    1    1    1    1    1    1    1    1  2.19214E+14 0.00113 
   69   69    1    1    1    1    1    1    1    1  2.63182E+14 0.00087 
   70   70    1    1    1    1    1    1    1    1  2.24673E+14 0.00124 
   71   71    1    1    1    1    1    1    1    1  4.05650E+14 0.00095 
   72   72    1    1    1    1    1    1    1    1  2.88017E+14 0.00118 
   73   73    1    1    1    1    1    1    1    1  2.18379E+14 0.00083 
   74   74    1    1    1    1    1    1    1    1  1.78069E+14 0.00118 
   75   75    1    1    1    1    1    1    1    1  1.49201E+14 0.00105 
   76   76    1    1    1    1    1    1    1    1  1.74366E+14 0.00147 
   77   77    1    1    1    1    1    1    1    1  1.39301E+14 0.00138 
   78   78    1    1    1    1    1    1    1    1  1.11692E+14 0.00166 
   79   79    1    1    1    1    1    1    1    1  1.15960E+14 0.00116 
   80   80    1    1    1    1    1    1    1    1  8.64937E+13 0.00211 
   81   81    1    1    1    1    1    1    1    1  6.65637E+13 0.00182 
   82   82    1    1    1    1    1    1    1    1  5.11932E+13 0.00225 
   83   83    1    1    1    1    1    1    1    1  4.77739E+13 0.00156 
   84   84    1    1    1    1    1    1    1    1  3.44457E+13 0.00314 
   85   85    1    1    1    1    1    1    1    1  2.48440E+13 0.00287 
   86   86    1    1    1    1    1    1    1    1  2.31581E+13 0.00308 
   87   87    1    1    1    1    1    1    1    1  1.41926E+13 0.00427 
   88   88    1    1    1    1    1    1    1    1  9.56821E+12 0.00435 
   89   89    1    1    1    1    1    1    1    1  5.43300E+12 0.00451 
   90   90    1    1    1    1    1    1    1    1  3.64132E+12 0.00830 
   91   91    1    1    1    1    1    1    1    1  1.79773E+12 0.01067 
   92   92    1    1    1    1    1    1    1    1  8.71309E+11 0.01921 
   93   93    1    1    1    1    1    1    1    1  4.03436E+11 0.02813 
   94   94    1    1    1    1    1    1    1    1  1.93295E+11 0.03722 
   95   95    1    1    1    1    1    1    1    1  9.67805E+10 0.03487 
   96   96    1    1    1    1    1    1    1    1  4.38892E+10 0.08116 
   97   97    1    1    1    1    1    1    1    1  2.14120E+10 0.10401 
   98   98    1    1    1    1    1    1    1    1  8.28635E+09 0.22301 
   99   99    1    1    1    1    1    1    1    1  5.71279E+09 0.25367 
  100  100    1    1    1    1    1    1    1    1  3.37023E+09 0.28080 
];


