
DETdpaspec = [
    1    1    1    1    1    1    1    1    1    1  0.00000E+00 0.00000 
    2    2    1    1    1    1    1    1    1    1  0.00000E+00 0.00000 
    3    3    1    1    1    1    1    1    1    1  0.00000E+00 0.00000 
    4    4    1    1    1    1    1    1    1    1  0.00000E+00 0.00000 
    5    5    1    1    1    1    1    1    1    1  0.00000E+00 0.00000 
    6    6    1    1    1    1    1    1    1    1  0.00000E+00 0.00000 
    7    7    1    1    1    1    1    1    1    1  0.00000E+00 0.00000 
    8    8    1    1    1    1    1    1    1    1  8.66308E+06 1.00000 
    9    9    1    1    1    1    1    1    1    1  0.00000E+00 0.00000 
   10   10    1    1    1    1    1    1    1    1  0.00000E+00 0.00000 
   11   11    1    1    1    1    1    1    1    1  9.46709E+07 1.00000 
   12   12    1    1    1    1    1    1    1    1  0.00000E+00 0.00000 
   13   13    1    1    1    1    1    1    1    1  7.14361E+08 0.54279 
   14   14    1    1    1    1    1    1    1    1  1.01190E+09 0.57402 
   15   15    1    1    1    1    1    1    1    1  1.76270E+09 0.41465 
   16   16    1    1    1    1    1    1    1    1  7.95918E+08 0.45319 
   17   17    1    1    1    1    1    1    1    1  6.90782E+08 0.39840 
   18   18    1    1    1    1    1    1    1    1  1.99764E+09 0.23470 
   19   19    1    1    1    1    1    1    1    1  1.81129E+09 0.20713 
   20   20    1    1    1    1    1    1    1    1  7.26759E+09 0.15576 
   21   21    1    1    1    1    1    1    1    1  5.29097E+09 0.15721 
   22   22    1    1    1    1    1    1    1    1  1.24230E+10 0.16837 
   23   23    1    1    1    1    1    1    1    1  1.98007E+10 0.09660 
   24   24    1    1    1    1    1    1    1    1  4.07836E+10 0.07257 
   25   25    1    1    1    1    1    1    1    1  5.06526E+10 0.05972 
   26   26    1    1    1    1    1    1    1    1  1.02232E+11 0.05496 
   27   27    1    1    1    1    1    1    1    1  2.13878E+11 0.03838 
   28   28    1    1    1    1    1    1    1    1  4.98253E+11 0.02382 
   29   29    1    1    1    1    1    1    1    1  8.63390E+11 0.02063 
   30   30    1    1    1    1    1    1    1    1  2.25473E+12 0.01260 
   31   31    1    1    1    1    1    1    1    1  6.40238E+12 0.00794 
   32   32    1    1    1    1    1    1    1    1  1.12542E+13 0.00531 
   33   33    1    1    1    1    1    1    1    1  2.56407E+13 0.00307 
   34   34    1    1    1    1    1    1    1    1  3.51337E+13 0.00239 
   35   35    1    1    1    1    1    1    1    1  4.29319E+13 0.00195 
   36   36    1    1    1    1    1    1    1    1  2.83584E+13 0.00266 
   37   37    1    1    1    1    1    1    1    1  8.53956E+12 0.00326 
   38   38    1    1    1    1    1    1    1    1  4.79965E+13 0.00234 
   39   39    1    1    1    1    1    1    1    1  6.41753E+13 0.00207 
   40   40    1    1    1    1    1    1    1    1  1.10754E+14 0.00223 
   41   41    1    1    1    1    1    1    1    1  1.09205E+14 0.00133 
   42   42    1    1    1    1    1    1    1    1  2.32801E+14 0.00117 
   43   43    1    1    1    1    1    1    1    1  2.80122E+14 0.00115 
   44   44    1    1    1    1    1    1    1    1  4.03347E+14 0.00097 
   45   45    1    1    1    1    1    1    1    1  8.07955E+14 0.00082 
   46   46    1    1    1    1    1    1    1    1  3.81210E+14 0.00088 
   47   47    1    1    1    1    1    1    1    1  6.07135E+14 0.00083 
   48   48    1    1    1    1    1    1    1    1  8.51231E+14 0.00047 
   49   49    1    1    1    1    1    1    1    1  8.36174E+14 0.00054 
   50   50    1    1    1    1    1    1    1    1  1.32630E+15 0.00054 
   51   51    1    1    1    1    1    1    1    1  1.05235E+15 0.00049 
   52   52    1    1    1    1    1    1    1    1  1.26919E+15 0.00048 
   53   53    1    1    1    1    1    1    1    1  8.87562E+14 0.00055 
   54   54    1    1    1    1    1    1    1    1  1.10444E+15 0.00042 
   55   55    1    1    1    1    1    1    1    1  7.64327E+14 0.00039 
   56   56    1    1    1    1    1    1    1    1  1.03867E+14 0.00101 
   57   57    1    1    1    1    1    1    1    1  1.52017E+15 0.00048 
   58   58    1    1    1    1    1    1    1    1  6.90911E+14 0.00067 
   59   59    1    1    1    1    1    1    1    1  7.37801E+14 0.00081 
   60   60    1    1    1    1    1    1    1    1  5.83954E+14 0.00065 
   61   61    1    1    1    1    1    1    1    1  5.85714E+14 0.00068 
   62   62    1    1    1    1    1    1    1    1  6.10191E+14 0.00080 
   63   63    1    1    1    1    1    1    1    1  5.17053E+14 0.00098 
   64   64    1    1    1    1    1    1    1    1  4.13401E+14 0.00079 
   65   65    1    1    1    1    1    1    1    1  4.12418E+14 0.00097 
   66   66    1    1    1    1    1    1    1    1  3.01597E+14 0.00084 
   67   67    1    1    1    1    1    1    1    1  2.45247E+14 0.00108 
   68   68    1    1    1    1    1    1    1    1  2.19587E+14 0.00092 
   69   69    1    1    1    1    1    1    1    1  2.63726E+14 0.00103 
   70   70    1    1    1    1    1    1    1    1  2.24873E+14 0.00138 
   71   71    1    1    1    1    1    1    1    1  4.08541E+14 0.00087 
   72   72    1    1    1    1    1    1    1    1  2.90710E+14 0.00102 
   73   73    1    1    1    1    1    1    1    1  2.20215E+14 0.00111 
   74   74    1    1    1    1    1    1    1    1  1.78323E+14 0.00118 
   75   75    1    1    1    1    1    1    1    1  1.49595E+14 0.00132 
   76   76    1    1    1    1    1    1    1    1  1.75224E+14 0.00137 
   77   77    1    1    1    1    1    1    1    1  1.39196E+14 0.00151 
   78   78    1    1    1    1    1    1    1    1  1.11421E+14 0.00130 
   79   79    1    1    1    1    1    1    1    1  1.15713E+14 0.00154 
   80   80    1    1    1    1    1    1    1    1  8.60190E+13 0.00159 
   81   81    1    1    1    1    1    1    1    1  6.60110E+13 0.00153 
   82   82    1    1    1    1    1    1    1    1  5.08533E+13 0.00225 
   83   83    1    1    1    1    1    1    1    1  4.75639E+13 0.00254 
   84   84    1    1    1    1    1    1    1    1  3.42089E+13 0.00217 
   85   85    1    1    1    1    1    1    1    1  2.46584E+13 0.00294 
   86   86    1    1    1    1    1    1    1    1  2.29608E+13 0.00288 
   87   87    1    1    1    1    1    1    1    1  1.42502E+13 0.00350 
   88   88    1    1    1    1    1    1    1    1  9.58689E+12 0.00495 
   89   89    1    1    1    1    1    1    1    1  5.39925E+12 0.00962 
   90   90    1    1    1    1    1    1    1    1  3.62344E+12 0.00716 
   91   91    1    1    1    1    1    1    1    1  1.82435E+12 0.01108 
   92   92    1    1    1    1    1    1    1    1  8.76881E+11 0.01762 
   93   93    1    1    1    1    1    1    1    1  4.17630E+11 0.03080 
   94   94    1    1    1    1    1    1    1    1  2.22732E+11 0.03546 
   95   95    1    1    1    1    1    1    1    1  1.04817E+11 0.04883 
   96   96    1    1    1    1    1    1    1    1  4.88066E+10 0.09693 
   97   97    1    1    1    1    1    1    1    1  2.58939E+10 0.09195 
   98   98    1    1    1    1    1    1    1    1  1.07327E+10 0.15997 
   99   99    1    1    1    1    1    1    1    1  5.04879E+09 0.21075 
  100  100    1    1    1    1    1    1    1    1  6.07455E+09 0.25941 
];


