
DETdpaspec = [
    1    1    1    1    1    1    1    1    1    1  0.00000E+00 0.00000 
    2    2    1    1    1    1    1    1    1    1  0.00000E+00 0.00000 
    3    3    1    1    1    1    1    1    1    1  0.00000E+00 0.00000 
    4    4    1    1    1    1    1    1    1    1  0.00000E+00 0.00000 
    5    5    1    1    1    1    1    1    1    1  0.00000E+00 0.00000 
    6    6    1    1    1    1    1    1    1    1  0.00000E+00 0.00000 
    7    7    1    1    1    1    1    1    1    1  0.00000E+00 0.00000 
    8    8    1    1    1    1    1    1    1    1  0.00000E+00 0.00000 
    9    9    1    1    1    1    1    1    1    1  0.00000E+00 0.00000 
   10   10    1    1    1    1    1    1    1    1  0.00000E+00 0.00000 
   11   11    1    1    1    1    1    1    1    1  0.00000E+00 0.00000 
   12   12    1    1    1    1    1    1    1    1  0.00000E+00 0.00000 
   13   13    1    1    1    1    1    1    1    1  4.68482E+08 0.69540 
   14   14    1    1    1    1    1    1    1    1  6.72770E+08 1.00000 
   15   15    1    1    1    1    1    1    1    1  3.71703E+08 0.76766 
   16   16    1    1    1    1    1    1    1    1  4.72059E+08 0.49535 
   17   17    1    1    1    1    1    1    1    1  1.66239E+08 0.61473 
   18   18    1    1    1    1    1    1    1    1  1.48226E+09 0.41195 
   19   19    1    1    1    1    1    1    1    1  1.30326E+09 0.29305 
   20   20    1    1    1    1    1    1    1    1  3.03461E+09 0.25255 
   21   21    1    1    1    1    1    1    1    1  3.55497E+09 0.20162 
   22   22    1    1    1    1    1    1    1    1  1.24694E+10 0.16316 
   23   23    1    1    1    1    1    1    1    1  4.86816E+10 0.06201 
   24   24    1    1    1    1    1    1    1    1  1.70248E+11 0.04476 
   25   25    1    1    1    1    1    1    1    1  2.73021E+11 0.02525 
   26   26    1    1    1    1    1    1    1    1  5.81304E+11 0.01573 
   27   27    1    1    1    1    1    1    1    1  1.19880E+12 0.01449 
   28   28    1    1    1    1    1    1    1    1  2.46240E+12 0.00847 
   29   29    1    1    1    1    1    1    1    1  3.97886E+12 0.00700 
   30   30    1    1    1    1    1    1    1    1  7.77071E+12 0.00481 
   31   31    1    1    1    1    1    1    1    1  1.67558E+13 0.00274 
   32   32    1    1    1    1    1    1    1    1  2.50500E+13 0.00323 
   33   33    1    1    1    1    1    1    1    1  5.02505E+13 0.00250 
   34   34    1    1    1    1    1    1    1    1  6.25092E+13 0.00171 
   35   35    1    1    1    1    1    1    1    1  6.58318E+13 0.00159 
   36   36    1    1    1    1    1    1    1    1  4.01641E+13 0.00213 
   37   37    1    1    1    1    1    1    1    1  1.17187E+13 0.00212 
   38   38    1    1    1    1    1    1    1    1  6.62703E+13 0.00164 
   39   39    1    1    1    1    1    1    1    1  8.70299E+13 0.00222 
   40   40    1    1    1    1    1    1    1    1  1.47506E+14 0.00118 
   41   41    1    1    1    1    1    1    1    1  1.40302E+14 0.00118 
   42   42    1    1    1    1    1    1    1    1  2.96934E+14 0.00108 
   43   43    1    1    1    1    1    1    1    1  3.49945E+14 0.00120 
   44   44    1    1    1    1    1    1    1    1  4.91339E+14 0.00073 
   45   45    1    1    1    1    1    1    1    1  9.56453E+14 0.00074 
   46   46    1    1    1    1    1    1    1    1  4.35409E+14 0.00077 
   47   47    1    1    1    1    1    1    1    1  6.80937E+14 0.00049 
   48   48    1    1    1    1    1    1    1    1  9.35458E+14 0.00064 
   49   49    1    1    1    1    1    1    1    1  9.01049E+14 0.00048 
   50   50    1    1    1    1    1    1    1    1  1.41064E+15 0.00057 
   51   51    1    1    1    1    1    1    1    1  1.08697E+15 0.00050 
   52   52    1    1    1    1    1    1    1    1  1.30743E+15 0.00056 
   53   53    1    1    1    1    1    1    1    1  8.98875E+14 0.00052 
   54   54    1    1    1    1    1    1    1    1  1.11826E+15 0.00056 
   55   55    1    1    1    1    1    1    1    1  7.65900E+14 0.00055 
   56   56    1    1    1    1    1    1    1    1  1.03557E+14 0.00091 
   57   57    1    1    1    1    1    1    1    1  1.50714E+15 0.00076 
   58   58    1    1    1    1    1    1    1    1  6.87868E+14 0.00049 
   59   59    1    1    1    1    1    1    1    1  7.25480E+14 0.00086 
   60   60    1    1    1    1    1    1    1    1  5.77092E+14 0.00080 
   61   61    1    1    1    1    1    1    1    1  5.74961E+14 0.00070 
   62   62    1    1    1    1    1    1    1    1  5.96372E+14 0.00066 
   63   63    1    1    1    1    1    1    1    1  5.03168E+14 0.00072 
   64   64    1    1    1    1    1    1    1    1  3.99893E+14 0.00111 
   65   65    1    1    1    1    1    1    1    1  3.96640E+14 0.00071 
   66   66    1    1    1    1    1    1    1    1  2.89031E+14 0.00093 
   67   67    1    1    1    1    1    1    1    1  2.33634E+14 0.00107 
   68   68    1    1    1    1    1    1    1    1  2.08111E+14 0.00107 
   69   69    1    1    1    1    1    1    1    1  2.49553E+14 0.00084 
   70   70    1    1    1    1    1    1    1    1  2.11462E+14 0.00154 
   71   71    1    1    1    1    1    1    1    1  3.78161E+14 0.00082 
   72   72    1    1    1    1    1    1    1    1  2.66644E+14 0.00137 
   73   73    1    1    1    1    1    1    1    1  2.01440E+14 0.00094 
   74   74    1    1    1    1    1    1    1    1  1.64312E+14 0.00099 
   75   75    1    1    1    1    1    1    1    1  1.37629E+14 0.00126 
   76   76    1    1    1    1    1    1    1    1  1.61765E+14 0.00131 
   77   77    1    1    1    1    1    1    1    1  1.29474E+14 0.00154 
   78   78    1    1    1    1    1    1    1    1  1.03716E+14 0.00143 
   79   79    1    1    1    1    1    1    1    1  1.07908E+14 0.00167 
   80   80    1    1    1    1    1    1    1    1  8.01729E+13 0.00171 
   81   81    1    1    1    1    1    1    1    1  6.17020E+13 0.00161 
   82   82    1    1    1    1    1    1    1    1  4.74401E+13 0.00218 
   83   83    1    1    1    1    1    1    1    1  4.41749E+13 0.00226 
   84   84    1    1    1    1    1    1    1    1  3.16338E+13 0.00312 
   85   85    1    1    1    1    1    1    1    1  2.29551E+13 0.00392 
   86   86    1    1    1    1    1    1    1    1  2.11855E+13 0.00411 
   87   87    1    1    1    1    1    1    1    1  1.29423E+13 0.00467 
   88   88    1    1    1    1    1    1    1    1  8.64301E+12 0.00568 
   89   89    1    1    1    1    1    1    1    1  4.95907E+12 0.00530 
   90   90    1    1    1    1    1    1    1    1  3.24357E+12 0.00886 
   91   91    1    1    1    1    1    1    1    1  1.64597E+12 0.01440 
   92   92    1    1    1    1    1    1    1    1  7.67144E+11 0.01695 
   93   93    1    1    1    1    1    1    1    1  3.58717E+11 0.02148 
   94   94    1    1    1    1    1    1    1    1  1.67191E+11 0.04037 
   95   95    1    1    1    1    1    1    1    1  8.37529E+10 0.06457 
   96   96    1    1    1    1    1    1    1    1  4.31006E+10 0.07853 
   97   97    1    1    1    1    1    1    1    1  2.12546E+10 0.13499 
   98   98    1    1    1    1    1    1    1    1  8.52006E+09 0.12530 
   99   99    1    1    1    1    1    1    1    1  4.36804E+09 0.21982 
  100  100    1    1    1    1    1    1    1    1  3.66834E+09 0.18418 
];


