
DETdpaspec = [
    1    1    1    1    1    1    1    1    1    1  0.00000E+00 0.00000 
    2    2    1    1    1    1    1    1    1    1  0.00000E+00 0.00000 
    3    3    1    1    1    1    1    1    1    1  0.00000E+00 0.00000 
    4    4    1    1    1    1    1    1    1    1  0.00000E+00 0.00000 
    5    5    1    1    1    1    1    1    1    1  0.00000E+00 0.00000 
    6    6    1    1    1    1    1    1    1    1  0.00000E+00 0.00000 
    7    7    1    1    1    1    1    1    1    1  0.00000E+00 0.00000 
    8    8    1    1    1    1    1    1    1    1  1.29970E+07 1.00000 
    9    9    1    1    1    1    1    1    1    1  1.04856E+07 0.69599 
   10   10    1    1    1    1    1    1    1    1  0.00000E+00 0.00000 
   11   11    1    1    1    1    1    1    1    1  1.11392E+08 0.69401 
   12   12    1    1    1    1    1    1    1    1  5.33352E+06 1.00000 
   13   13    1    1    1    1    1    1    1    1  3.85369E+08 0.43115 
   14   14    1    1    1    1    1    1    1    1  6.02235E+08 0.38455 
   15   15    1    1    1    1    1    1    1    1  1.38045E+09 0.29588 
   16   16    1    1    1    1    1    1    1    1  5.58953E+08 0.57854 
   17   17    1    1    1    1    1    1    1    1  7.72320E+08 0.26121 
   18   18    1    1    1    1    1    1    1    1  1.98816E+09 0.41851 
   19   19    1    1    1    1    1    1    1    1  2.79216E+09 0.21932 
   20   20    1    1    1    1    1    1    1    1  1.21223E+10 0.16071 
   21   21    1    1    1    1    1    1    1    1  9.15609E+09 0.16652 
   22   22    1    1    1    1    1    1    1    1  2.23109E+10 0.09682 
   23   23    1    1    1    1    1    1    1    1  3.19108E+10 0.06942 
   24   24    1    1    1    1    1    1    1    1  4.54831E+10 0.06423 
   25   25    1    1    1    1    1    1    1    1  6.16259E+10 0.06959 
   26   26    1    1    1    1    1    1    1    1  8.90958E+10 0.04693 
   27   27    1    1    1    1    1    1    1    1  1.62589E+11 0.04313 
   28   28    1    1    1    1    1    1    1    1  3.47094E+11 0.02496 
   29   29    1    1    1    1    1    1    1    1  5.36232E+11 0.02282 
   30   30    1    1    1    1    1    1    1    1  1.51884E+12 0.01662 
   31   31    1    1    1    1    1    1    1    1  4.66639E+12 0.00887 
   32   32    1    1    1    1    1    1    1    1  8.49823E+12 0.00437 
   33   33    1    1    1    1    1    1    1    1  1.96465E+13 0.00342 
   34   34    1    1    1    1    1    1    1    1  2.70500E+13 0.00252 
   35   35    1    1    1    1    1    1    1    1  3.70441E+13 0.00298 
   36   36    1    1    1    1    1    1    1    1  2.57722E+13 0.00257 
   37   37    1    1    1    1    1    1    1    1  7.96928E+12 0.00175 
   38   38    1    1    1    1    1    1    1    1  4.38139E+13 0.00191 
   39   39    1    1    1    1    1    1    1    1  5.87430E+13 0.00223 
   40   40    1    1    1    1    1    1    1    1  1.00561E+14 0.00188 
   41   41    1    1    1    1    1    1    1    1  1.02416E+14 0.00162 
   42   42    1    1    1    1    1    1    1    1  2.14427E+14 0.00157 
   43   43    1    1    1    1    1    1    1    1  2.58482E+14 0.00104 
   44   44    1    1    1    1    1    1    1    1  3.73207E+14 0.00116 
   45   45    1    1    1    1    1    1    1    1  7.42501E+14 0.00086 
   46   46    1    1    1    1    1    1    1    1  3.57494E+14 0.00087 
   47   47    1    1    1    1    1    1    1    1  5.74413E+14 0.00080 
   48   48    1    1    1    1    1    1    1    1  8.10131E+14 0.00047 
   49   49    1    1    1    1    1    1    1    1  8.04139E+14 0.00069 
   50   50    1    1    1    1    1    1    1    1  1.26262E+15 0.00074 
   51   51    1    1    1    1    1    1    1    1  1.02235E+15 0.00061 
   52   52    1    1    1    1    1    1    1    1  1.21483E+15 0.00065 
   53   53    1    1    1    1    1    1    1    1  8.56105E+14 0.00045 
   54   54    1    1    1    1    1    1    1    1  1.04815E+15 0.00047 
   55   55    1    1    1    1    1    1    1    1  7.30172E+14 0.00059 
   56   56    1    1    1    1    1    1    1    1  1.00068E+14 0.00107 
   57   57    1    1    1    1    1    1    1    1  1.45855E+15 0.00042 
   58   58    1    1    1    1    1    1    1    1  6.47820E+14 0.00066 
   59   59    1    1    1    1    1    1    1    1  6.97432E+14 0.00062 
   60   60    1    1    1    1    1    1    1    1  5.44308E+14 0.00081 
   61   61    1    1    1    1    1    1    1    1  5.46448E+14 0.00082 
   62   62    1    1    1    1    1    1    1    1  5.69405E+14 0.00070 
   63   63    1    1    1    1    1    1    1    1  4.81136E+14 0.00108 
   64   64    1    1    1    1    1    1    1    1  3.84812E+14 0.00064 
   65   65    1    1    1    1    1    1    1    1  3.83958E+14 0.00071 
   66   66    1    1    1    1    1    1    1    1  2.80678E+14 0.00083 
   67   67    1    1    1    1    1    1    1    1  2.29521E+14 0.00086 
   68   68    1    1    1    1    1    1    1    1  2.06253E+14 0.00122 
   69   69    1    1    1    1    1    1    1    1  2.47693E+14 0.00120 
   70   70    1    1    1    1    1    1    1    1  2.12364E+14 0.00101 
   71   71    1    1    1    1    1    1    1    1  3.92204E+14 0.00089 
   72   72    1    1    1    1    1    1    1    1  2.79588E+14 0.00094 
   73   73    1    1    1    1    1    1    1    1  2.11875E+14 0.00121 
   74   74    1    1    1    1    1    1    1    1  1.69780E+14 0.00121 
   75   75    1    1    1    1    1    1    1    1  1.40564E+14 0.00149 
   76   76    1    1    1    1    1    1    1    1  1.61866E+14 0.00153 
   77   77    1    1    1    1    1    1    1    1  1.27018E+14 0.00138 
   78   78    1    1    1    1    1    1    1    1  1.00673E+14 0.00152 
   79   79    1    1    1    1    1    1    1    1  1.03920E+14 0.00222 
   80   80    1    1    1    1    1    1    1    1  7.69472E+13 0.00195 
   81   81    1    1    1    1    1    1    1    1  5.90856E+13 0.00181 
   82   82    1    1    1    1    1    1    1    1  4.53521E+13 0.00234 
   83   83    1    1    1    1    1    1    1    1  4.24115E+13 0.00215 
   84   84    1    1    1    1    1    1    1    1  3.04446E+13 0.00314 
   85   85    1    1    1    1    1    1    1    1  2.19149E+13 0.00407 
   86   86    1    1    1    1    1    1    1    1  2.04744E+13 0.00432 
   87   87    1    1    1    1    1    1    1    1  1.26686E+13 0.00443 
   88   88    1    1    1    1    1    1    1    1  8.56527E+12 0.00638 
   89   89    1    1    1    1    1    1    1    1  4.90353E+12 0.00755 
   90   90    1    1    1    1    1    1    1    1  3.22802E+12 0.00820 
   91   91    1    1    1    1    1    1    1    1  1.66375E+12 0.00992 
   92   92    1    1    1    1    1    1    1    1  8.05589E+11 0.01825 
   93   93    1    1    1    1    1    1    1    1  3.94658E+11 0.02530 
   94   94    1    1    1    1    1    1    1    1  1.95639E+11 0.03813 
   95   95    1    1    1    1    1    1    1    1  8.73913E+10 0.04696 
   96   96    1    1    1    1    1    1    1    1  4.60167E+10 0.07949 
   97   97    1    1    1    1    1    1    1    1  2.10846E+10 0.15391 
   98   98    1    1    1    1    1    1    1    1  8.76130E+09 0.18602 
   99   99    1    1    1    1    1    1    1    1  5.09761E+09 0.23108 
  100  100    1    1    1    1    1    1    1    1  4.37220E+09 0.25350 
];


