
DETdpaspec = [
    1    1    1    1    1    1    1    1    1    1  0.00000E+00 0.00000 
    2    2    1    1    1    1    1    1    1    1  0.00000E+00 0.00000 
    3    3    1    1    1    1    1    1    1    1  0.00000E+00 0.00000 
    4    4    1    1    1    1    1    1    1    1  0.00000E+00 0.00000 
    5    5    1    1    1    1    1    1    1    1  0.00000E+00 0.00000 
    6    6    1    1    1    1    1    1    1    1  0.00000E+00 0.00000 
    7    7    1    1    1    1    1    1    1    1  0.00000E+00 0.00000 
    8    8    1    1    1    1    1    1    1    1  8.71888E+06 1.00000 
    9    9    1    1    1    1    1    1    1    1  7.70549E+06 1.00000 
   10   10    1    1    1    1    1    1    1    1  0.00000E+00 0.00000 
   11   11    1    1    1    1    1    1    1    1  0.00000E+00 0.00000 
   12   12    1    1    1    1    1    1    1    1  5.11609E+07 1.00000 
   13   13    1    1    1    1    1    1    1    1  3.15536E+08 0.48587 
   14   14    1    1    1    1    1    1    1    1  1.22625E+09 0.38844 
   15   15    1    1    1    1    1    1    1    1  9.42141E+08 0.47077 
   16   16    1    1    1    1    1    1    1    1  6.40534E+08 0.42949 
   17   17    1    1    1    1    1    1    1    1  1.22752E+09 0.31553 
   18   18    1    1    1    1    1    1    1    1  2.38259E+09 0.36558 
   19   19    1    1    1    1    1    1    1    1  2.41935E+09 0.20090 
   20   20    1    1    1    1    1    1    1    1  7.65343E+09 0.12553 
   21   21    1    1    1    1    1    1    1    1  7.38682E+09 0.17129 
   22   22    1    1    1    1    1    1    1    1  1.55128E+10 0.12768 
   23   23    1    1    1    1    1    1    1    1  1.80574E+10 0.13291 
   24   24    1    1    1    1    1    1    1    1  3.94037E+10 0.07012 
   25   25    1    1    1    1    1    1    1    1  5.03124E+10 0.08254 
   26   26    1    1    1    1    1    1    1    1  9.73255E+10 0.05145 
   27   27    1    1    1    1    1    1    1    1  2.22667E+11 0.03461 
   28   28    1    1    1    1    1    1    1    1  5.19065E+11 0.01804 
   29   29    1    1    1    1    1    1    1    1  8.64804E+11 0.01709 
   30   30    1    1    1    1    1    1    1    1  2.16776E+12 0.01150 
   31   31    1    1    1    1    1    1    1    1  6.32170E+12 0.00774 
   32   32    1    1    1    1    1    1    1    1  1.10514E+13 0.00514 
   33   33    1    1    1    1    1    1    1    1  2.55230E+13 0.00342 
   34   34    1    1    1    1    1    1    1    1  3.49553E+13 0.00276 
   35   35    1    1    1    1    1    1    1    1  4.27278E+13 0.00318 
   36   36    1    1    1    1    1    1    1    1  2.82222E+13 0.00313 
   37   37    1    1    1    1    1    1    1    1  8.48214E+12 0.00325 
   38   38    1    1    1    1    1    1    1    1  4.77660E+13 0.00238 
   39   39    1    1    1    1    1    1    1    1  6.39775E+13 0.00221 
   40   40    1    1    1    1    1    1    1    1  1.10287E+14 0.00153 
   41   41    1    1    1    1    1    1    1    1  1.08945E+14 0.00185 
   42   42    1    1    1    1    1    1    1    1  2.32314E+14 0.00094 
   43   43    1    1    1    1    1    1    1    1  2.79563E+14 0.00105 
   44   44    1    1    1    1    1    1    1    1  4.02140E+14 0.00103 
   45   45    1    1    1    1    1    1    1    1  8.05499E+14 0.00092 
   46   46    1    1    1    1    1    1    1    1  3.81465E+14 0.00104 
   47   47    1    1    1    1    1    1    1    1  6.06582E+14 0.00089 
   48   48    1    1    1    1    1    1    1    1  8.50801E+14 0.00065 
   49   49    1    1    1    1    1    1    1    1  8.35153E+14 0.00068 
   50   50    1    1    1    1    1    1    1    1  1.32492E+15 0.00056 
   51   51    1    1    1    1    1    1    1    1  1.04987E+15 0.00092 
   52   52    1    1    1    1    1    1    1    1  1.26771E+15 0.00065 
   53   53    1    1    1    1    1    1    1    1  8.86677E+14 0.00066 
   54   54    1    1    1    1    1    1    1    1  1.10244E+15 0.00066 
   55   55    1    1    1    1    1    1    1    1  7.63732E+14 0.00058 
   56   56    1    1    1    1    1    1    1    1  1.03787E+14 0.00127 
   57   57    1    1    1    1    1    1    1    1  1.51860E+15 0.00054 
   58   58    1    1    1    1    1    1    1    1  6.89448E+14 0.00049 
   59   59    1    1    1    1    1    1    1    1  7.36408E+14 0.00072 
   60   60    1    1    1    1    1    1    1    1  5.82492E+14 0.00055 
   61   61    1    1    1    1    1    1    1    1  5.84151E+14 0.00073 
   62   62    1    1    1    1    1    1    1    1  6.09294E+14 0.00070 
   63   63    1    1    1    1    1    1    1    1  5.16208E+14 0.00076 
   64   64    1    1    1    1    1    1    1    1  4.12009E+14 0.00072 
   65   65    1    1    1    1    1    1    1    1  4.11377E+14 0.00092 
   66   66    1    1    1    1    1    1    1    1  3.00784E+14 0.00099 
   67   67    1    1    1    1    1    1    1    1  2.45056E+14 0.00115 
   68   68    1    1    1    1    1    1    1    1  2.19573E+14 0.00092 
   69   69    1    1    1    1    1    1    1    1  2.64031E+14 0.00095 
   70   70    1    1    1    1    1    1    1    1  2.25379E+14 0.00082 
   71   71    1    1    1    1    1    1    1    1  4.08905E+14 0.00093 
   72   72    1    1    1    1    1    1    1    1  2.89755E+14 0.00102 
   73   73    1    1    1    1    1    1    1    1  2.20190E+14 0.00092 
   74   74    1    1    1    1    1    1    1    1  1.79075E+14 0.00160 
   75   75    1    1    1    1    1    1    1    1  1.49381E+14 0.00140 
   76   76    1    1    1    1    1    1    1    1  1.74989E+14 0.00119 
   77   77    1    1    1    1    1    1    1    1  1.39304E+14 0.00148 
   78   78    1    1    1    1    1    1    1    1  1.11276E+14 0.00160 
   79   79    1    1    1    1    1    1    1    1  1.15208E+14 0.00122 
   80   80    1    1    1    1    1    1    1    1  8.59495E+13 0.00163 
   81   81    1    1    1    1    1    1    1    1  6.63522E+13 0.00227 
   82   82    1    1    1    1    1    1    1    1  5.09299E+13 0.00194 
   83   83    1    1    1    1    1    1    1    1  4.75622E+13 0.00233 
   84   84    1    1    1    1    1    1    1    1  3.41553E+13 0.00252 
   85   85    1    1    1    1    1    1    1    1  2.48195E+13 0.00240 
   86   86    1    1    1    1    1    1    1    1  2.31046E+13 0.00341 
   87   87    1    1    1    1    1    1    1    1  1.41757E+13 0.00493 
   88   88    1    1    1    1    1    1    1    1  9.55978E+12 0.00487 
   89   89    1    1    1    1    1    1    1    1  5.41215E+12 0.00781 
   90   90    1    1    1    1    1    1    1    1  3.58665E+12 0.00905 
   91   91    1    1    1    1    1    1    1    1  1.81547E+12 0.01382 
   92   92    1    1    1    1    1    1    1    1  8.91663E+11 0.02048 
   93   93    1    1    1    1    1    1    1    1  4.40562E+11 0.02211 
   94   94    1    1    1    1    1    1    1    1  1.97236E+11 0.03526 
   95   95    1    1    1    1    1    1    1    1  9.35237E+10 0.04936 
   96   96    1    1    1    1    1    1    1    1  4.68786E+10 0.05032 
   97   97    1    1    1    1    1    1    1    1  2.39878E+10 0.09954 
   98   98    1    1    1    1    1    1    1    1  1.22140E+10 0.11382 
   99   99    1    1    1    1    1    1    1    1  4.32635E+09 0.23092 
  100  100    1    1    1    1    1    1    1    1  3.06320E+09 0.26472 
];


