
DETdpaspec = [
    1    1    1    1    1    1    1    1    1    1  0.00000E+00 0.00000 
    2    2    1    1    1    1    1    1    1    1  0.00000E+00 0.00000 
    3    3    1    1    1    1    1    1    1    1  0.00000E+00 0.00000 
    4    4    1    1    1    1    1    1    1    1  0.00000E+00 0.00000 
    5    5    1    1    1    1    1    1    1    1  0.00000E+00 0.00000 
    6    6    1    1    1    1    1    1    1    1  0.00000E+00 0.00000 
    7    7    1    1    1    1    1    1    1    1  0.00000E+00 0.00000 
    8    8    1    1    1    1    1    1    1    1  0.00000E+00 0.00000 
    9    9    1    1    1    1    1    1    1    1  0.00000E+00 0.00000 
   10   10    1    1    1    1    1    1    1    1  0.00000E+00 0.00000 
   11   11    1    1    1    1    1    1    1    1  3.40446E+07 1.00000 
   12   12    1    1    1    1    1    1    1    1  1.08305E+06 1.00000 
   13   13    1    1    1    1    1    1    1    1  9.52848E+07 0.68922 
   14   14    1    1    1    1    1    1    1    1  1.34371E+09 0.60650 
   15   15    1    1    1    1    1    1    1    1  1.24514E+09 0.68009 
   16   16    1    1    1    1    1    1    1    1  4.13089E+08 0.40304 
   17   17    1    1    1    1    1    1    1    1  2.04544E+09 0.34988 
   18   18    1    1    1    1    1    1    1    1  1.64789E+09 0.26186 
   19   19    1    1    1    1    1    1    1    1  1.68988E+09 0.26513 
   20   20    1    1    1    1    1    1    1    1  1.08281E+10 0.19148 
   21   21    1    1    1    1    1    1    1    1  8.55867E+09 0.12240 
   22   22    1    1    1    1    1    1    1    1  1.66564E+10 0.15287 
   23   23    1    1    1    1    1    1    1    1  2.34193E+10 0.07525 
   24   24    1    1    1    1    1    1    1    1  3.27367E+10 0.08864 
   25   25    1    1    1    1    1    1    1    1  5.04811E+10 0.05393 
   26   26    1    1    1    1    1    1    1    1  8.49298E+10 0.05062 
   27   27    1    1    1    1    1    1    1    1  1.73076E+11 0.03543 
   28   28    1    1    1    1    1    1    1    1  4.07257E+11 0.02199 
   29   29    1    1    1    1    1    1    1    1  6.85105E+11 0.01642 
   30   30    1    1    1    1    1    1    1    1  1.80239E+12 0.01160 
   31   31    1    1    1    1    1    1    1    1  5.35890E+12 0.00517 
   32   32    1    1    1    1    1    1    1    1  9.69313E+12 0.00626 
   33   33    1    1    1    1    1    1    1    1  2.23688E+13 0.00334 
   34   34    1    1    1    1    1    1    1    1  3.08826E+13 0.00350 
   35   35    1    1    1    1    1    1    1    1  3.93968E+13 0.00375 
   36   36    1    1    1    1    1    1    1    1  2.66187E+13 0.00251 
   37   37    1    1    1    1    1    1    1    1  8.08567E+12 0.00260 
   38   38    1    1    1    1    1    1    1    1  4.52955E+13 0.00174 
   39   39    1    1    1    1    1    1    1    1  6.08594E+13 0.00194 
   40   40    1    1    1    1    1    1    1    1  1.04766E+14 0.00183 
   41   41    1    1    1    1    1    1    1    1  1.04713E+14 0.00131 
   42   42    1    1    1    1    1    1    1    1  2.22649E+14 0.00131 
   43   43    1    1    1    1    1    1    1    1  2.68952E+14 0.00100 
   44   44    1    1    1    1    1    1    1    1  3.87916E+14 0.00083 
   45   45    1    1    1    1    1    1    1    1  7.78370E+14 0.00097 
   46   46    1    1    1    1    1    1    1    1  3.71331E+14 0.00093 
   47   47    1    1    1    1    1    1    1    1  5.92744E+14 0.00082 
   48   48    1    1    1    1    1    1    1    1  8.34180E+14 0.00061 
   49   49    1    1    1    1    1    1    1    1  8.22804E+14 0.00073 
   50   50    1    1    1    1    1    1    1    1  1.30343E+15 0.00067 
   51   51    1    1    1    1    1    1    1    1  1.04108E+15 0.00061 
   52   52    1    1    1    1    1    1    1    1  1.25224E+15 0.00066 
   53   53    1    1    1    1    1    1    1    1  8.78123E+14 0.00056 
   54   54    1    1    1    1    1    1    1    1  1.08733E+15 0.00052 
   55   55    1    1    1    1    1    1    1    1  7.54192E+14 0.00054 
   56   56    1    1    1    1    1    1    1    1  1.02941E+14 0.00112 
   57   57    1    1    1    1    1    1    1    1  1.50466E+15 0.00052 
   58   58    1    1    1    1    1    1    1    1  6.80463E+14 0.00050 
   59   59    1    1    1    1    1    1    1    1  7.28906E+14 0.00057 
   60   60    1    1    1    1    1    1    1    1  5.74672E+14 0.00075 
   61   61    1    1    1    1    1    1    1    1  5.76538E+14 0.00077 
   62   62    1    1    1    1    1    1    1    1  6.01336E+14 0.00111 
   63   63    1    1    1    1    1    1    1    1  5.08874E+14 0.00082 
   64   64    1    1    1    1    1    1    1    1  4.06978E+14 0.00104 
   65   65    1    1    1    1    1    1    1    1  4.06198E+14 0.00084 
   66   66    1    1    1    1    1    1    1    1  2.97373E+14 0.00105 
   67   67    1    1    1    1    1    1    1    1  2.42624E+14 0.00117 
   68   68    1    1    1    1    1    1    1    1  2.16963E+14 0.00087 
   69   69    1    1    1    1    1    1    1    1  2.61728E+14 0.00099 
   70   70    1    1    1    1    1    1    1    1  2.23365E+14 0.00118 
   71   71    1    1    1    1    1    1    1    1  4.07640E+14 0.00108 
   72   72    1    1    1    1    1    1    1    1  2.90586E+14 0.00106 
   73   73    1    1    1    1    1    1    1    1  2.20357E+14 0.00141 
   74   74    1    1    1    1    1    1    1    1  1.77960E+14 0.00119 
   75   75    1    1    1    1    1    1    1    1  1.48275E+14 0.00154 
   76   76    1    1    1    1    1    1    1    1  1.72748E+14 0.00124 
   77   77    1    1    1    1    1    1    1    1  1.37281E+14 0.00120 
   78   78    1    1    1    1    1    1    1    1  1.09378E+14 0.00179 
   79   79    1    1    1    1    1    1    1    1  1.13101E+14 0.00131 
   80   80    1    1    1    1    1    1    1    1  8.38624E+13 0.00150 
   81   81    1    1    1    1    1    1    1    1  6.47991E+13 0.00221 
   82   82    1    1    1    1    1    1    1    1  4.96912E+13 0.00290 
   83   83    1    1    1    1    1    1    1    1  4.64533E+13 0.00276 
   84   84    1    1    1    1    1    1    1    1  3.35692E+13 0.00249 
   85   85    1    1    1    1    1    1    1    1  2.41741E+13 0.00386 
   86   86    1    1    1    1    1    1    1    1  2.24864E+13 0.00292 
   87   87    1    1    1    1    1    1    1    1  1.38982E+13 0.00412 
   88   88    1    1    1    1    1    1    1    1  9.28055E+12 0.00593 
   89   89    1    1    1    1    1    1    1    1  5.37224E+12 0.00691 
   90   90    1    1    1    1    1    1    1    1  3.56151E+12 0.01203 
   91   91    1    1    1    1    1    1    1    1  1.74247E+12 0.01060 
   92   92    1    1    1    1    1    1    1    1  8.83359E+11 0.02178 
   93   93    1    1    1    1    1    1    1    1  4.07722E+11 0.02946 
   94   94    1    1    1    1    1    1    1    1  2.08072E+11 0.03164 
   95   95    1    1    1    1    1    1    1    1  9.19331E+10 0.03789 
   96   96    1    1    1    1    1    1    1    1  5.16017E+10 0.09813 
   97   97    1    1    1    1    1    1    1    1  2.43326E+10 0.08278 
   98   98    1    1    1    1    1    1    1    1  9.12856E+09 0.20174 
   99   99    1    1    1    1    1    1    1    1  5.29020E+09 0.16946 
  100  100    1    1    1    1    1    1    1    1  5.92678E+09 0.18233 
];


