
DETdpaspec = [
    1    1    1    1    1    1    1    1    1    1  0.00000E+00 0.00000 
    2    2    1    1    1    1    1    1    1    1  0.00000E+00 0.00000 
    3    3    1    1    1    1    1    1    1    1  0.00000E+00 0.00000 
    4    4    1    1    1    1    1    1    1    1  0.00000E+00 0.00000 
    5    5    1    1    1    1    1    1    1    1  0.00000E+00 0.00000 
    6    6    1    1    1    1    1    1    1    1  1.62826E+07 1.00000 
    7    7    1    1    1    1    1    1    1    1  0.00000E+00 0.00000 
    8    8    1    1    1    1    1    1    1    1  0.00000E+00 0.00000 
    9    9    1    1    1    1    1    1    1    1  0.00000E+00 0.00000 
   10   10    1    1    1    1    1    1    1    1  0.00000E+00 0.00000 
   11   11    1    1    1    1    1    1    1    1  0.00000E+00 0.00000 
   12   12    1    1    1    1    1    1    1    1  0.00000E+00 0.00000 
   13   13    1    1    1    1    1    1    1    1  1.03652E+08 1.00000 
   14   14    1    1    1    1    1    1    1    1  1.17531E+08 1.00000 
   15   15    1    1    1    1    1    1    1    1  6.94562E+08 0.75812 
   16   16    1    1    1    1    1    1    1    1  1.98773E+08 0.80679 
   17   17    1    1    1    1    1    1    1    1  9.66140E+08 0.37238 
   18   18    1    1    1    1    1    1    1    1  1.67747E+09 0.32052 
   19   19    1    1    1    1    1    1    1    1  9.78354E+08 0.44589 
   20   20    1    1    1    1    1    1    1    1  4.49423E+09 0.22432 
   21   21    1    1    1    1    1    1    1    1  3.67582E+09 0.22767 
   22   22    1    1    1    1    1    1    1    1  9.71673E+09 0.21148 
   23   23    1    1    1    1    1    1    1    1  4.04129E+10 0.08158 
   24   24    1    1    1    1    1    1    1    1  1.21637E+11 0.04414 
   25   25    1    1    1    1    1    1    1    1  2.09583E+11 0.03651 
   26   26    1    1    1    1    1    1    1    1  4.57586E+11 0.02359 
   27   27    1    1    1    1    1    1    1    1  9.70301E+11 0.01486 
   28   28    1    1    1    1    1    1    1    1  2.10120E+12 0.01249 
   29   29    1    1    1    1    1    1    1    1  3.42389E+12 0.00686 
   30   30    1    1    1    1    1    1    1    1  6.90716E+12 0.00656 
   31   31    1    1    1    1    1    1    1    1  1.54169E+13 0.00297 
   32   32    1    1    1    1    1    1    1    1  2.32113E+13 0.00335 
   33   33    1    1    1    1    1    1    1    1  4.71327E+13 0.00243 
   34   34    1    1    1    1    1    1    1    1  5.97012E+13 0.00211 
   35   35    1    1    1    1    1    1    1    1  6.29726E+13 0.00163 
   36   36    1    1    1    1    1    1    1    1  3.86507E+13 0.00225 
   37   37    1    1    1    1    1    1    1    1  1.13442E+13 0.00232 
   38   38    1    1    1    1    1    1    1    1  6.41708E+13 0.00139 
   39   39    1    1    1    1    1    1    1    1  8.43836E+13 0.00123 
   40   40    1    1    1    1    1    1    1    1  1.43299E+14 0.00159 
   41   41    1    1    1    1    1    1    1    1  1.36748E+14 0.00153 
   42   42    1    1    1    1    1    1    1    1  2.89500E+14 0.00113 
   43   43    1    1    1    1    1    1    1    1  3.42080E+14 0.00081 
   44   44    1    1    1    1    1    1    1    1  4.82680E+14 0.00076 
   45   45    1    1    1    1    1    1    1    1  9.41913E+14 0.00074 
   46   46    1    1    1    1    1    1    1    1  4.30648E+14 0.00059 
   47   47    1    1    1    1    1    1    1    1  6.74667E+14 0.00044 
   48   48    1    1    1    1    1    1    1    1  9.28869E+14 0.00052 
   49   49    1    1    1    1    1    1    1    1  8.96655E+14 0.00062 
   50   50    1    1    1    1    1    1    1    1  1.40680E+15 0.00048 
   51   51    1    1    1    1    1    1    1    1  1.08594E+15 0.00065 
   52   52    1    1    1    1    1    1    1    1  1.30660E+15 0.00064 
   53   53    1    1    1    1    1    1    1    1  9.00527E+14 0.00066 
   54   54    1    1    1    1    1    1    1    1  1.11988E+15 0.00057 
   55   55    1    1    1    1    1    1    1    1  7.68073E+14 0.00058 
   56   56    1    1    1    1    1    1    1    1  1.03644E+14 0.00116 
   57   57    1    1    1    1    1    1    1    1  1.51268E+15 0.00047 
   58   58    1    1    1    1    1    1    1    1  6.91387E+14 0.00053 
   59   59    1    1    1    1    1    1    1    1  7.30425E+14 0.00048 
   60   60    1    1    1    1    1    1    1    1  5.80399E+14 0.00068 
   61   61    1    1    1    1    1    1    1    1  5.79164E+14 0.00057 
   62   62    1    1    1    1    1    1    1    1  6.01083E+14 0.00049 
   63   63    1    1    1    1    1    1    1    1  5.07283E+14 0.00071 
   64   64    1    1    1    1    1    1    1    1  4.03546E+14 0.00066 
   65   65    1    1    1    1    1    1    1    1  4.00482E+14 0.00075 
   66   66    1    1    1    1    1    1    1    1  2.92010E+14 0.00079 
   67   67    1    1    1    1    1    1    1    1  2.36009E+14 0.00092 
   68   68    1    1    1    1    1    1    1    1  2.10005E+14 0.00085 
   69   69    1    1    1    1    1    1    1    1  2.51830E+14 0.00108 
   70   70    1    1    1    1    1    1    1    1  2.13661E+14 0.00117 
   71   71    1    1    1    1    1    1    1    1  3.83083E+14 0.00081 
   72   72    1    1    1    1    1    1    1    1  2.69605E+14 0.00135 
   73   73    1    1    1    1    1    1    1    1  2.04421E+14 0.00108 
   74   74    1    1    1    1    1    1    1    1  1.66595E+14 0.00089 
   75   75    1    1    1    1    1    1    1    1  1.40143E+14 0.00133 
   76   76    1    1    1    1    1    1    1    1  1.64424E+14 0.00157 
   77   77    1    1    1    1    1    1    1    1  1.31886E+14 0.00139 
   78   78    1    1    1    1    1    1    1    1  1.05531E+14 0.00161 
   79   79    1    1    1    1    1    1    1    1  1.09371E+14 0.00161 
   80   80    1    1    1    1    1    1    1    1  8.15147E+13 0.00201 
   81   81    1    1    1    1    1    1    1    1  6.25182E+13 0.00196 
   82   82    1    1    1    1    1    1    1    1  4.79858E+13 0.00246 
   83   83    1    1    1    1    1    1    1    1  4.50265E+13 0.00194 
   84   84    1    1    1    1    1    1    1    1  3.23078E+13 0.00242 
   85   85    1    1    1    1    1    1    1    1  2.32569E+13 0.00343 
   86   86    1    1    1    1    1    1    1    1  2.16246E+13 0.00297 
   87   87    1    1    1    1    1    1    1    1  1.31028E+13 0.00353 
   88   88    1    1    1    1    1    1    1    1  8.81116E+12 0.00563 
   89   89    1    1    1    1    1    1    1    1  5.04832E+12 0.00592 
   90   90    1    1    1    1    1    1    1    1  3.26962E+12 0.01109 
   91   91    1    1    1    1    1    1    1    1  1.64568E+12 0.01443 
   92   92    1    1    1    1    1    1    1    1  7.83925E+11 0.01646 
   93   93    1    1    1    1    1    1    1    1  3.74711E+11 0.02775 
   94   94    1    1    1    1    1    1    1    1  1.79381E+11 0.03628 
   95   95    1    1    1    1    1    1    1    1  8.38638E+10 0.05454 
   96   96    1    1    1    1    1    1    1    1  3.50799E+10 0.07387 
   97   97    1    1    1    1    1    1    1    1  1.89926E+10 0.14342 
   98   98    1    1    1    1    1    1    1    1  8.66223E+09 0.16524 
   99   99    1    1    1    1    1    1    1    1  3.96527E+09 0.23628 
  100  100    1    1    1    1    1    1    1    1  4.65443E+09 0.14200 
];


