
DETdpaspec = [
    1    1    1    1    1    1    1    1    1    1  0.00000E+00 0.00000 
    2    2    1    1    1    1    1    1    1    1  0.00000E+00 0.00000 
    3    3    1    1    1    1    1    1    1    1  0.00000E+00 0.00000 
    4    4    1    1    1    1    1    1    1    1  0.00000E+00 0.00000 
    5    5    1    1    1    1    1    1    1    1  0.00000E+00 0.00000 
    6    6    1    1    1    1    1    1    1    1  0.00000E+00 0.00000 
    7    7    1    1    1    1    1    1    1    1  0.00000E+00 0.00000 
    8    8    1    1    1    1    1    1    1    1  0.00000E+00 0.00000 
    9    9    1    1    1    1    1    1    1    1  0.00000E+00 0.00000 
   10   10    1    1    1    1    1    1    1    1  0.00000E+00 0.00000 
   11   11    1    1    1    1    1    1    1    1  0.00000E+00 0.00000 
   12   12    1    1    1    1    1    1    1    1  6.30485E+07 1.00000 
   13   13    1    1    1    1    1    1    1    1  6.11193E+08 0.66248 
   14   14    1    1    1    1    1    1    1    1  3.65971E+08 1.00000 
   15   15    1    1    1    1    1    1    1    1  2.03114E+08 0.59325 
   16   16    1    1    1    1    1    1    1    1  1.74738E+08 0.77649 
   17   17    1    1    1    1    1    1    1    1  1.13569E+09 0.33937 
   18   18    1    1    1    1    1    1    1    1  1.80844E+09 0.29573 
   19   19    1    1    1    1    1    1    1    1  7.29849E+08 0.51473 
   20   20    1    1    1    1    1    1    1    1  1.80119E+09 0.38887 
   21   21    1    1    1    1    1    1    1    1  4.83832E+09 0.19911 
   22   22    1    1    1    1    1    1    1    1  1.58503E+10 0.11116 
   23   23    1    1    1    1    1    1    1    1  7.73085E+10 0.05254 
   24   24    1    1    1    1    1    1    1    1  2.41964E+11 0.01833 
   25   25    1    1    1    1    1    1    1    1  3.80897E+11 0.02066 
   26   26    1    1    1    1    1    1    1    1  8.26314E+11 0.01476 
   27   27    1    1    1    1    1    1    1    1  1.67902E+12 0.01443 
   28   28    1    1    1    1    1    1    1    1  3.22708E+12 0.00881 
   29   29    1    1    1    1    1    1    1    1  4.93767E+12 0.00669 
   30   30    1    1    1    1    1    1    1    1  9.39985E+12 0.00645 
   31   31    1    1    1    1    1    1    1    1  1.93901E+13 0.00410 
   32   32    1    1    1    1    1    1    1    1  2.80145E+13 0.00342 
   33   33    1    1    1    1    1    1    1    1  5.49916E+13 0.00184 
   34   34    1    1    1    1    1    1    1    1  6.74595E+13 0.00163 
   35   35    1    1    1    1    1    1    1    1  6.96369E+13 0.00194 
   36   36    1    1    1    1    1    1    1    1  4.20808E+13 0.00211 
   37   37    1    1    1    1    1    1    1    1  1.22671E+13 0.00244 
   38   38    1    1    1    1    1    1    1    1  6.93097E+13 0.00149 
   39   39    1    1    1    1    1    1    1    1  9.07423E+13 0.00124 
   40   40    1    1    1    1    1    1    1    1  1.53060E+14 0.00160 
   41   41    1    1    1    1    1    1    1    1  1.45171E+14 0.00131 
   42   42    1    1    1    1    1    1    1    1  3.06014E+14 0.00116 
   43   43    1    1    1    1    1    1    1    1  3.60312E+14 0.00085 
   44   44    1    1    1    1    1    1    1    1  5.03879E+14 0.00092 
   45   45    1    1    1    1    1    1    1    1  9.74738E+14 0.00070 
   46   46    1    1    1    1    1    1    1    1  4.41917E+14 0.00073 
   47   47    1    1    1    1    1    1    1    1  6.89191E+14 0.00060 
   48   48    1    1    1    1    1    1    1    1  9.44211E+14 0.00055 
   49   49    1    1    1    1    1    1    1    1  9.08664E+14 0.00042 
   50   50    1    1    1    1    1    1    1    1  1.41891E+15 0.00058 
   51   51    1    1    1    1    1    1    1    1  1.08843E+15 0.00050 
   52   52    1    1    1    1    1    1    1    1  1.30669E+15 0.00056 
   53   53    1    1    1    1    1    1    1    1  8.95603E+14 0.00053 
   54   54    1    1    1    1    1    1    1    1  1.11313E+15 0.00049 
   55   55    1    1    1    1    1    1    1    1  7.61796E+14 0.00061 
   56   56    1    1    1    1    1    1    1    1  1.02826E+14 0.00086 
   57   57    1    1    1    1    1    1    1    1  1.49711E+15 0.00056 
   58   58    1    1    1    1    1    1    1    1  6.82076E+14 0.00056 
   59   59    1    1    1    1    1    1    1    1  7.19502E+14 0.00067 
   60   60    1    1    1    1    1    1    1    1  5.70993E+14 0.00052 
   61   61    1    1    1    1    1    1    1    1  5.68562E+14 0.00053 
   62   62    1    1    1    1    1    1    1    1  5.89248E+14 0.00075 
   63   63    1    1    1    1    1    1    1    1  4.96658E+14 0.00071 
   64   64    1    1    1    1    1    1    1    1  3.94734E+14 0.00060 
   65   65    1    1    1    1    1    1    1    1  3.91370E+14 0.00079 
   66   66    1    1    1    1    1    1    1    1  2.84663E+14 0.00102 
   67   67    1    1    1    1    1    1    1    1  2.29573E+14 0.00092 
   68   68    1    1    1    1    1    1    1    1  2.04630E+14 0.00082 
   69   69    1    1    1    1    1    1    1    1  2.44689E+14 0.00092 
   70   70    1    1    1    1    1    1    1    1  2.07280E+14 0.00113 
   71   71    1    1    1    1    1    1    1    1  3.70088E+14 0.00089 
   72   72    1    1    1    1    1    1    1    1  2.60451E+14 0.00103 
   73   73    1    1    1    1    1    1    1    1  1.96687E+14 0.00098 
   74   74    1    1    1    1    1    1    1    1  1.60116E+14 0.00152 
   75   75    1    1    1    1    1    1    1    1  1.34588E+14 0.00106 
   76   76    1    1    1    1    1    1    1    1  1.57982E+14 0.00145 
   77   77    1    1    1    1    1    1    1    1  1.26315E+14 0.00157 
   78   78    1    1    1    1    1    1    1    1  1.01425E+14 0.00178 
   79   79    1    1    1    1    1    1    1    1  1.04851E+14 0.00203 
   80   80    1    1    1    1    1    1    1    1  7.81177E+13 0.00165 
   81   81    1    1    1    1    1    1    1    1  6.01587E+13 0.00149 
   82   82    1    1    1    1    1    1    1    1  4.60796E+13 0.00217 
   83   83    1    1    1    1    1    1    1    1  4.30082E+13 0.00206 
   84   84    1    1    1    1    1    1    1    1  3.07152E+13 0.00269 
   85   85    1    1    1    1    1    1    1    1  2.20749E+13 0.00276 
   86   86    1    1    1    1    1    1    1    1  2.06709E+13 0.00304 
   87   87    1    1    1    1    1    1    1    1  1.25376E+13 0.00412 
   88   88    1    1    1    1    1    1    1    1  8.37724E+12 0.00529 
   89   89    1    1    1    1    1    1    1    1  4.74992E+12 0.00609 
   90   90    1    1    1    1    1    1    1    1  3.06752E+12 0.00736 
   91   91    1    1    1    1    1    1    1    1  1.53651E+12 0.01040 
   92   92    1    1    1    1    1    1    1    1  7.28050E+11 0.01688 
   93   93    1    1    1    1    1    1    1    1  3.56528E+11 0.03105 
   94   94    1    1    1    1    1    1    1    1  1.59913E+11 0.03006 
   95   95    1    1    1    1    1    1    1    1  7.73145E+10 0.04659 
   96   96    1    1    1    1    1    1    1    1  3.50758E+10 0.12956 
   97   97    1    1    1    1    1    1    1    1  1.82743E+10 0.12200 
   98   98    1    1    1    1    1    1    1    1  8.58526E+09 0.19290 
   99   99    1    1    1    1    1    1    1    1  3.36931E+09 0.23807 
  100  100    1    1    1    1    1    1    1    1  2.76838E+09 0.30144 
];


