
DETdpaspec = [
    1    1    1    1    1    1    1    1    1    1  0.00000E+00 0.00000 
    2    2    1    1    1    1    1    1    1    1  0.00000E+00 0.00000 
    3    3    1    1    1    1    1    1    1    1  0.00000E+00 0.00000 
    4    4    1    1    1    1    1    1    1    1  0.00000E+00 0.00000 
    5    5    1    1    1    1    1    1    1    1  0.00000E+00 0.00000 
    6    6    1    1    1    1    1    1    1    1  0.00000E+00 0.00000 
    7    7    1    1    1    1    1    1    1    1  0.00000E+00 0.00000 
    8    8    1    1    1    1    1    1    1    1  0.00000E+00 0.00000 
    9    9    1    1    1    1    1    1    1    1  0.00000E+00 0.00000 
   10   10    1    1    1    1    1    1    1    1  0.00000E+00 0.00000 
   11   11    1    1    1    1    1    1    1    1  0.00000E+00 0.00000 
   12   12    1    1    1    1    1    1    1    1  0.00000E+00 0.00000 
   13   13    1    1    1    1    1    1    1    1  2.07393E+08 0.68844 
   14   14    1    1    1    1    1    1    1    1  1.24226E+09 0.52899 
   15   15    1    1    1    1    1    1    1    1  1.30114E+09 0.41767 
   16   16    1    1    1    1    1    1    1    1  3.74399E+08 0.48953 
   17   17    1    1    1    1    1    1    1    1  1.34212E+09 0.26814 
   18   18    1    1    1    1    1    1    1    1  2.23064E+09 0.29442 
   19   19    1    1    1    1    1    1    1    1  1.98526E+09 0.20464 
   20   20    1    1    1    1    1    1    1    1  8.16008E+09 0.21197 
   21   21    1    1    1    1    1    1    1    1  5.53241E+09 0.13975 
   22   22    1    1    1    1    1    1    1    1  1.32850E+10 0.15808 
   23   23    1    1    1    1    1    1    1    1  2.32813E+10 0.09916 
   24   24    1    1    1    1    1    1    1    1  4.40346E+10 0.09431 
   25   25    1    1    1    1    1    1    1    1  5.56537E+10 0.08339 
   26   26    1    1    1    1    1    1    1    1  8.93913E+10 0.05082 
   27   27    1    1    1    1    1    1    1    1  1.78128E+11 0.03558 
   28   28    1    1    1    1    1    1    1    1  4.30174E+11 0.02118 
   29   29    1    1    1    1    1    1    1    1  7.35764E+11 0.01815 
   30   30    1    1    1    1    1    1    1    1  1.89694E+12 0.01490 
   31   31    1    1    1    1    1    1    1    1  5.60419E+12 0.00810 
   32   32    1    1    1    1    1    1    1    1  9.96160E+12 0.00618 
   33   33    1    1    1    1    1    1    1    1  2.31961E+13 0.00316 
   34   34    1    1    1    1    1    1    1    1  3.18222E+13 0.00303 
   35   35    1    1    1    1    1    1    1    1  4.03059E+13 0.00283 
   36   36    1    1    1    1    1    1    1    1  2.70975E+13 0.00194 
   37   37    1    1    1    1    1    1    1    1  8.21023E+12 0.00246 
   38   38    1    1    1    1    1    1    1    1  4.60758E+13 0.00245 
   39   39    1    1    1    1    1    1    1    1  6.16770E+13 0.00235 
   40   40    1    1    1    1    1    1    1    1  1.06423E+14 0.00199 
   41   41    1    1    1    1    1    1    1    1  1.05883E+14 0.00163 
   42   42    1    1    1    1    1    1    1    1  2.25334E+14 0.00124 
   43   43    1    1    1    1    1    1    1    1  2.72346E+14 0.00139 
   44   44    1    1    1    1    1    1    1    1  3.92029E+14 0.00093 
   45   45    1    1    1    1    1    1    1    1  7.85824E+14 0.00092 
   46   46    1    1    1    1    1    1    1    1  3.73484E+14 0.00076 
   47   47    1    1    1    1    1    1    1    1  5.96039E+14 0.00071 
   48   48    1    1    1    1    1    1    1    1  8.38163E+14 0.00058 
   49   49    1    1    1    1    1    1    1    1  8.26147E+14 0.00086 
   50   50    1    1    1    1    1    1    1    1  1.30817E+15 0.00048 
   51   51    1    1    1    1    1    1    1    1  1.04323E+15 0.00056 
   52   52    1    1    1    1    1    1    1    1  1.25601E+15 0.00042 
   53   53    1    1    1    1    1    1    1    1  8.80950E+14 0.00069 
   54   54    1    1    1    1    1    1    1    1  1.09270E+15 0.00035 
   55   55    1    1    1    1    1    1    1    1  7.57136E+14 0.00057 
   56   56    1    1    1    1    1    1    1    1  1.03209E+14 0.00103 
   57   57    1    1    1    1    1    1    1    1  1.50837E+15 0.00057 
   58   58    1    1    1    1    1    1    1    1  6.83267E+14 0.00078 
   59   59    1    1    1    1    1    1    1    1  7.31546E+14 0.00053 
   60   60    1    1    1    1    1    1    1    1  5.76872E+14 0.00059 
   61   61    1    1    1    1    1    1    1    1  5.79415E+14 0.00052 
   62   62    1    1    1    1    1    1    1    1  6.03837E+14 0.00071 
   63   63    1    1    1    1    1    1    1    1  5.11772E+14 0.00068 
   64   64    1    1    1    1    1    1    1    1  4.09459E+14 0.00075 
   65   65    1    1    1    1    1    1    1    1  4.08222E+14 0.00082 
   66   66    1    1    1    1    1    1    1    1  2.98664E+14 0.00085 
   67   67    1    1    1    1    1    1    1    1  2.43257E+14 0.00101 
   68   68    1    1    1    1    1    1    1    1  2.18151E+14 0.00089 
   69   69    1    1    1    1    1    1    1    1  2.62282E+14 0.00091 
   70   70    1    1    1    1    1    1    1    1  2.24205E+14 0.00106 
   71   71    1    1    1    1    1    1    1    1  4.08791E+14 0.00069 
   72   72    1    1    1    1    1    1    1    1  2.90675E+14 0.00106 
   73   73    1    1    1    1    1    1    1    1  2.20065E+14 0.00120 
   74   74    1    1    1    1    1    1    1    1  1.78188E+14 0.00127 
   75   75    1    1    1    1    1    1    1    1  1.48734E+14 0.00175 
   76   76    1    1    1    1    1    1    1    1  1.73767E+14 0.00149 
   77   77    1    1    1    1    1    1    1    1  1.38289E+14 0.00109 
   78   78    1    1    1    1    1    1    1    1  1.10483E+14 0.00175 
   79   79    1    1    1    1    1    1    1    1  1.14070E+14 0.00122 
   80   80    1    1    1    1    1    1    1    1  8.47896E+13 0.00130 
   81   81    1    1    1    1    1    1    1    1  6.53461E+13 0.00180 
   82   82    1    1    1    1    1    1    1    1  5.01633E+13 0.00179 
   83   83    1    1    1    1    1    1    1    1  4.70773E+13 0.00208 
   84   84    1    1    1    1    1    1    1    1  3.36839E+13 0.00256 
   85   85    1    1    1    1    1    1    1    1  2.44001E+13 0.00371 
   86   86    1    1    1    1    1    1    1    1  2.28052E+13 0.00426 
   87   87    1    1    1    1    1    1    1    1  1.39444E+13 0.00392 
   88   88    1    1    1    1    1    1    1    1  9.36701E+12 0.00508 
   89   89    1    1    1    1    1    1    1    1  5.38505E+12 0.00775 
   90   90    1    1    1    1    1    1    1    1  3.53883E+12 0.00885 
   91   91    1    1    1    1    1    1    1    1  1.80752E+12 0.01244 
   92   92    1    1    1    1    1    1    1    1  8.61349E+11 0.01689 
   93   93    1    1    1    1    1    1    1    1  4.37658E+11 0.02598 
   94   94    1    1    1    1    1    1    1    1  2.01007E+11 0.03721 
   95   95    1    1    1    1    1    1    1    1  1.00131E+11 0.04610 
   96   96    1    1    1    1    1    1    1    1  3.73438E+10 0.06054 
   97   97    1    1    1    1    1    1    1    1  2.24477E+10 0.12016 
   98   98    1    1    1    1    1    1    1    1  8.79414E+09 0.19056 
   99   99    1    1    1    1    1    1    1    1  2.46987E+09 0.27083 
  100  100    1    1    1    1    1    1    1    1  4.98124E+09 0.21040 
];


