
DETdpaspec = [
    1    1    1    1    1    1    1    1    1    1  0.00000E+00 0.00000 
    2    2    1    1    1    1    1    1    1    1  0.00000E+00 0.00000 
    3    3    1    1    1    1    1    1    1    1  0.00000E+00 0.00000 
    4    4    1    1    1    1    1    1    1    1  0.00000E+00 0.00000 
    5    5    1    1    1    1    1    1    1    1  0.00000E+00 0.00000 
    6    6    1    1    1    1    1    1    1    1  0.00000E+00 0.00000 
    7    7    1    1    1    1    1    1    1    1  0.00000E+00 0.00000 
    8    8    1    1    1    1    1    1    1    1  4.42643E+07 0.55822 
    9    9    1    1    1    1    1    1    1    1  3.83372E+06 1.00000 
   10   10    1    1    1    1    1    1    1    1  5.18927E+07 1.00000 
   11   11    1    1    1    1    1    1    1    1  1.10442E+08 0.72678 
   12   12    1    1    1    1    1    1    1    1  5.43177E+07 1.00000 
   13   13    1    1    1    1    1    1    1    1  9.54828E+08 0.44206 
   14   14    1    1    1    1    1    1    1    1  1.34101E+09 0.66298 
   15   15    1    1    1    1    1    1    1    1  1.26254E+09 0.39886 
   16   16    1    1    1    1    1    1    1    1  4.45469E+08 0.49772 
   17   17    1    1    1    1    1    1    1    1  1.06615E+09 0.49388 
   18   18    1    1    1    1    1    1    1    1  1.49367E+09 0.32438 
   19   19    1    1    1    1    1    1    1    1  3.09857E+09 0.20787 
   20   20    1    1    1    1    1    1    1    1  6.10235E+09 0.24446 
   21   21    1    1    1    1    1    1    1    1  5.16099E+09 0.13073 
   22   22    1    1    1    1    1    1    1    1  1.03414E+10 0.14208 
   23   23    1    1    1    1    1    1    1    1  2.45879E+10 0.09320 
   24   24    1    1    1    1    1    1    1    1  4.41932E+10 0.06914 
   25   25    1    1    1    1    1    1    1    1  6.67880E+10 0.05134 
   26   26    1    1    1    1    1    1    1    1  1.36861E+11 0.03950 
   27   27    1    1    1    1    1    1    1    1  2.98816E+11 0.03650 
   28   28    1    1    1    1    1    1    1    1  7.65300E+11 0.02237 
   29   29    1    1    1    1    1    1    1    1  1.32910E+12 0.01301 
   30   30    1    1    1    1    1    1    1    1  3.17086E+12 0.01201 
   31   31    1    1    1    1    1    1    1    1  8.42301E+12 0.00620 
   32   32    1    1    1    1    1    1    1    1  1.40592E+13 0.00407 
   33   33    1    1    1    1    1    1    1    1  3.10995E+13 0.00393 
   34   34    1    1    1    1    1    1    1    1  4.15801E+13 0.00315 
   35   35    1    1    1    1    1    1    1    1  4.81847E+13 0.00237 
   36   36    1    1    1    1    1    1    1    1  3.10990E+13 0.00195 
   37   37    1    1    1    1    1    1    1    1  9.25856E+12 0.00257 
   38   38    1    1    1    1    1    1    1    1  5.24297E+13 0.00178 
   39   39    1    1    1    1    1    1    1    1  6.96331E+13 0.00161 
   40   40    1    1    1    1    1    1    1    1  1.19836E+14 0.00157 
   41   41    1    1    1    1    1    1    1    1  1.17061E+14 0.00191 
   42   42    1    1    1    1    1    1    1    1  2.49502E+14 0.00166 
   43   43    1    1    1    1    1    1    1    1  2.99119E+14 0.00092 
   44   44    1    1    1    1    1    1    1    1  4.27268E+14 0.00126 
   45   45    1    1    1    1    1    1    1    1  8.50759E+14 0.00073 
   46   46    1    1    1    1    1    1    1    1  3.97701E+14 0.00068 
   47   47    1    1    1    1    1    1    1    1  6.28442E+14 0.00092 
   48   48    1    1    1    1    1    1    1    1  8.77654E+14 0.00075 
   49   49    1    1    1    1    1    1    1    1  8.57482E+14 0.00061 
   50   50    1    1    1    1    1    1    1    1  1.35722E+15 0.00057 
   51   51    1    1    1    1    1    1    1    1  1.06581E+15 0.00049 
   52   52    1    1    1    1    1    1    1    1  1.28838E+15 0.00046 
   53   53    1    1    1    1    1    1    1    1  8.95474E+14 0.00058 
   54   54    1    1    1    1    1    1    1    1  1.11589E+15 0.00046 
   55   55    1    1    1    1    1    1    1    1  7.69888E+14 0.00049 
   56   56    1    1    1    1    1    1    1    1  1.04418E+14 0.00112 
   57   57    1    1    1    1    1    1    1    1  1.52841E+15 0.00039 
   58   58    1    1    1    1    1    1    1    1  6.97057E+14 0.00064 
   59   59    1    1    1    1    1    1    1    1  7.41444E+14 0.00068 
   60   60    1    1    1    1    1    1    1    1  5.88560E+14 0.00066 
   61   61    1    1    1    1    1    1    1    1  5.88676E+14 0.00065 
   62   62    1    1    1    1    1    1    1    1  6.13641E+14 0.00073 
   63   63    1    1    1    1    1    1    1    1  5.19382E+14 0.00051 
   64   64    1    1    1    1    1    1    1    1  4.14408E+14 0.00078 
   65   65    1    1    1    1    1    1    1    1  4.12614E+14 0.00085 
   66   66    1    1    1    1    1    1    1    1  3.01282E+14 0.00090 
   67   67    1    1    1    1    1    1    1    1  2.44706E+14 0.00104 
   68   68    1    1    1    1    1    1    1    1  2.18752E+14 0.00084 
   69   69    1    1    1    1    1    1    1    1  2.62379E+14 0.00089 
   70   70    1    1    1    1    1    1    1    1  2.23938E+14 0.00111 
   71   71    1    1    1    1    1    1    1    1  4.04869E+14 0.00097 
   72   72    1    1    1    1    1    1    1    1  2.87338E+14 0.00085 
   73   73    1    1    1    1    1    1    1    1  2.17769E+14 0.00136 
   74   74    1    1    1    1    1    1    1    1  1.77061E+14 0.00138 
   75   75    1    1    1    1    1    1    1    1  1.48639E+14 0.00090 
   76   76    1    1    1    1    1    1    1    1  1.74016E+14 0.00125 
   77   77    1    1    1    1    1    1    1    1  1.39049E+14 0.00138 
   78   78    1    1    1    1    1    1    1    1  1.11319E+14 0.00136 
   79   79    1    1    1    1    1    1    1    1  1.15491E+14 0.00169 
   80   80    1    1    1    1    1    1    1    1  8.60381E+13 0.00159 
   81   81    1    1    1    1    1    1    1    1  6.64291E+13 0.00175 
   82   82    1    1    1    1    1    1    1    1  5.09118E+13 0.00143 
   83   83    1    1    1    1    1    1    1    1  4.75786E+13 0.00207 
   84   84    1    1    1    1    1    1    1    1  3.44588E+13 0.00256 
   85   85    1    1    1    1    1    1    1    1  2.47624E+13 0.00298 
   86   86    1    1    1    1    1    1    1    1  2.31307E+13 0.00406 
   87   87    1    1    1    1    1    1    1    1  1.41813E+13 0.00409 
   88   88    1    1    1    1    1    1    1    1  9.42196E+12 0.00394 
   89   89    1    1    1    1    1    1    1    1  5.45434E+12 0.00494 
   90   90    1    1    1    1    1    1    1    1  3.55939E+12 0.00865 
   91   91    1    1    1    1    1    1    1    1  1.77309E+12 0.01165 
   92   92    1    1    1    1    1    1    1    1  8.81325E+11 0.01467 
   93   93    1    1    1    1    1    1    1    1  4.38330E+11 0.03039 
   94   94    1    1    1    1    1    1    1    1  2.03141E+11 0.03636 
   95   95    1    1    1    1    1    1    1    1  9.28886E+10 0.05211 
   96   96    1    1    1    1    1    1    1    1  4.14283E+10 0.06920 
   97   97    1    1    1    1    1    1    1    1  2.13903E+10 0.13011 
   98   98    1    1    1    1    1    1    1    1  9.74075E+09 0.16822 
   99   99    1    1    1    1    1    1    1    1  4.29341E+09 0.32952 
  100  100    1    1    1    1    1    1    1    1  4.15795E+09 0.18986 
];


