
DETdpaspec = [
    1    1    1    1    1    1    1    1    1    1  0.00000E+00 0.00000 
    2    2    1    1    1    1    1    1    1    1  0.00000E+00 0.00000 
    3    3    1    1    1    1    1    1    1    1  0.00000E+00 0.00000 
    4    4    1    1    1    1    1    1    1    1  0.00000E+00 0.00000 
    5    5    1    1    1    1    1    1    1    1  0.00000E+00 0.00000 
    6    6    1    1    1    1    1    1    1    1  0.00000E+00 0.00000 
    7    7    1    1    1    1    1    1    1    1  0.00000E+00 0.00000 
    8    8    1    1    1    1    1    1    1    1  0.00000E+00 0.00000 
    9    9    1    1    1    1    1    1    1    1  0.00000E+00 0.00000 
   10   10    1    1    1    1    1    1    1    1  0.00000E+00 0.00000 
   11   11    1    1    1    1    1    1    1    1  0.00000E+00 0.00000 
   12   12    1    1    1    1    1    1    1    1  4.18284E+07 1.00000 
   13   13    1    1    1    1    1    1    1    1  4.90849E+08 1.00000 
   14   14    1    1    1    1    1    1    1    1  4.96331E+08 0.74707 
   15   15    1    1    1    1    1    1    1    1  5.59313E+08 0.69250 
   16   16    1    1    1    1    1    1    1    1  9.68472E+07 1.00000 
   17   17    1    1    1    1    1    1    1    1  0.00000E+00 0.00000 
   18   18    1    1    1    1    1    1    1    1  8.79679E+08 0.87549 
   19   19    1    1    1    1    1    1    1    1  1.17674E+09 0.42598 
   20   20    1    1    1    1    1    1    1    1  4.52589E+09 0.28368 
   21   21    1    1    1    1    1    1    1    1  1.38540E+10 0.11681 
   22   22    1    1    1    1    1    1    1    1  6.08498E+10 0.08290 
   23   23    1    1    1    1    1    1    1    1  2.76802E+11 0.03068 
   24   24    1    1    1    1    1    1    1    1  6.70120E+11 0.02011 
   25   25    1    1    1    1    1    1    1    1  9.94497E+11 0.01550 
   26   26    1    1    1    1    1    1    1    1  1.94103E+12 0.01490 
   27   27    1    1    1    1    1    1    1    1  3.32120E+12 0.01248 
   28   28    1    1    1    1    1    1    1    1  5.65049E+12 0.00744 
   29   29    1    1    1    1    1    1    1    1  8.09575E+12 0.00616 
   30   30    1    1    1    1    1    1    1    1  1.44228E+13 0.00477 
   31   31    1    1    1    1    1    1    1    1  2.65662E+13 0.00337 
   32   32    1    1    1    1    1    1    1    1  3.62414E+13 0.00203 
   33   33    1    1    1    1    1    1    1    1  6.75774E+13 0.00245 
   34   34    1    1    1    1    1    1    1    1  7.94085E+13 0.00226 
   35   35    1    1    1    1    1    1    1    1  7.92471E+13 0.00133 
   36   36    1    1    1    1    1    1    1    1  4.68322E+13 0.00184 
   37   37    1    1    1    1    1    1    1    1  1.35624E+13 0.00202 
   38   38    1    1    1    1    1    1    1    1  7.65125E+13 0.00142 
   39   39    1    1    1    1    1    1    1    1  9.93933E+13 0.00151 
   40   40    1    1    1    1    1    1    1    1  1.66497E+14 0.00074 
   41   41    1    1    1    1    1    1    1    1  1.56421E+14 0.00074 
   42   42    1    1    1    1    1    1    1    1  3.27862E+14 0.00090 
   43   43    1    1    1    1    1    1    1    1  3.81727E+14 0.00088 
   44   44    1    1    1    1    1    1    1    1  5.29770E+14 0.00081 
   45   45    1    1    1    1    1    1    1    1  1.01204E+15 0.00055 
   46   46    1    1    1    1    1    1    1    1  4.53381E+14 0.00068 
   47   47    1    1    1    1    1    1    1    1  7.03340E+14 0.00049 
   48   48    1    1    1    1    1    1    1    1  9.54567E+14 0.00064 
   49   49    1    1    1    1    1    1    1    1  9.10799E+14 0.00061 
   50   50    1    1    1    1    1    1    1    1  1.41295E+15 0.00061 
   51   51    1    1    1    1    1    1    1    1  1.07446E+15 0.00054 
   52   52    1    1    1    1    1    1    1    1  1.28317E+15 0.00043 
   53   53    1    1    1    1    1    1    1    1  8.73178E+14 0.00064 
   54   54    1    1    1    1    1    1    1    1  1.08184E+15 0.00046 
   55   55    1    1    1    1    1    1    1    1  7.36182E+14 0.00069 
   56   56    1    1    1    1    1    1    1    1  9.91749E+13 0.00118 
   57   57    1    1    1    1    1    1    1    1  1.43876E+15 0.00051 
   58   58    1    1    1    1    1    1    1    1  6.55133E+14 0.00069 
   59   59    1    1    1    1    1    1    1    1  6.87051E+14 0.00055 
   60   60    1    1    1    1    1    1    1    1  5.44333E+14 0.00068 
   61   61    1    1    1    1    1    1    1    1  5.40478E+14 0.00079 
   62   62    1    1    1    1    1    1    1    1  5.59021E+14 0.00095 
   63   63    1    1    1    1    1    1    1    1  4.69798E+14 0.00065 
   64   64    1    1    1    1    1    1    1    1  3.71053E+14 0.00078 
   65   65    1    1    1    1    1    1    1    1  3.66735E+14 0.00093 
   66   66    1    1    1    1    1    1    1    1  2.66380E+14 0.00120 
   67   67    1    1    1    1    1    1    1    1  2.14600E+14 0.00153 
   68   68    1    1    1    1    1    1    1    1  1.90655E+14 0.00125 
   69   69    1    1    1    1    1    1    1    1  2.27499E+14 0.00139 
   70   70    1    1    1    1    1    1    1    1  1.92137E+14 0.00128 
   71   71    1    1    1    1    1    1    1    1  3.40952E+14 0.00073 
   72   72    1    1    1    1    1    1    1    1  2.38731E+14 0.00111 
   73   73    1    1    1    1    1    1    1    1  1.79881E+14 0.00142 
   74   74    1    1    1    1    1    1    1    1  1.46070E+14 0.00149 
   75   75    1    1    1    1    1    1    1    1  1.22403E+14 0.00115 
   76   76    1    1    1    1    1    1    1    1  1.43803E+14 0.00175 
   77   77    1    1    1    1    1    1    1    1  1.14575E+14 0.00146 
   78   78    1    1    1    1    1    1    1    1  9.14153E+13 0.00195 
   79   79    1    1    1    1    1    1    1    1  9.46434E+13 0.00198 
   80   80    1    1    1    1    1    1    1    1  7.01304E+13 0.00193 
   81   81    1    1    1    1    1    1    1    1  5.36377E+13 0.00170 
   82   82    1    1    1    1    1    1    1    1  4.08864E+13 0.00188 
   83   83    1    1    1    1    1    1    1    1  3.81999E+13 0.00298 
   84   84    1    1    1    1    1    1    1    1  2.71698E+13 0.00260 
   85   85    1    1    1    1    1    1    1    1  1.95013E+13 0.00313 
   86   86    1    1    1    1    1    1    1    1  1.81437E+13 0.00356 
   87   87    1    1    1    1    1    1    1    1  1.08201E+13 0.00497 
   88   88    1    1    1    1    1    1    1    1  7.12014E+12 0.00756 
   89   89    1    1    1    1    1    1    1    1  4.06262E+12 0.00725 
   90   90    1    1    1    1    1    1    1    1  2.63286E+12 0.00942 
   91   91    1    1    1    1    1    1    1    1  1.24822E+12 0.01364 
   92   92    1    1    1    1    1    1    1    1  6.02842E+11 0.01921 
   93   93    1    1    1    1    1    1    1    1  2.88525E+11 0.02715 
   94   94    1    1    1    1    1    1    1    1  1.31881E+11 0.04284 
   95   95    1    1    1    1    1    1    1    1  6.12637E+10 0.07169 
   96   96    1    1    1    1    1    1    1    1  2.84525E+10 0.07569 
   97   97    1    1    1    1    1    1    1    1  1.22911E+10 0.15637 
   98   98    1    1    1    1    1    1    1    1  6.50884E+09 0.18740 
   99   99    1    1    1    1    1    1    1    1  1.56141E+09 0.34422 
  100  100    1    1    1    1    1    1    1    1  3.36291E+09 0.26063 
];


