
DETdpaspec = [
    1    1    1    1    1    1    1    1    1    1  0.00000E+00 0.00000 
    2    2    1    1    1    1    1    1    1    1  0.00000E+00 0.00000 
    3    3    1    1    1    1    1    1    1    1  0.00000E+00 0.00000 
    4    4    1    1    1    1    1    1    1    1  0.00000E+00 0.00000 
    5    5    1    1    1    1    1    1    1    1  0.00000E+00 0.00000 
    6    6    1    1    1    1    1    1    1    1  0.00000E+00 0.00000 
    7    7    1    1    1    1    1    1    1    1  0.00000E+00 0.00000 
    8    8    1    1    1    1    1    1    1    1  0.00000E+00 0.00000 
    9    9    1    1    1    1    1    1    1    1  0.00000E+00 0.00000 
   10   10    1    1    1    1    1    1    1    1  0.00000E+00 0.00000 
   11   11    1    1    1    1    1    1    1    1  3.17916E+07 1.00000 
   12   12    1    1    1    1    1    1    1    1  2.15124E+07 1.00000 
   13   13    1    1    1    1    1    1    1    1  0.00000E+00 0.00000 
   14   14    1    1    1    1    1    1    1    1  2.27848E+08 0.58463 
   15   15    1    1    1    1    1    1    1    1  1.63881E+09 0.39684 
   16   16    1    1    1    1    1    1    1    1  4.64099E+08 0.55818 
   17   17    1    1    1    1    1    1    1    1  4.08814E+08 0.45153 
   18   18    1    1    1    1    1    1    1    1  1.61854E+09 0.25677 
   19   19    1    1    1    1    1    1    1    1  3.60397E+09 0.21527 
   20   20    1    1    1    1    1    1    1    1  1.05221E+10 0.20104 
   21   21    1    1    1    1    1    1    1    1  9.01698E+09 0.11272 
   22   22    1    1    1    1    1    1    1    1  1.61515E+10 0.09944 
   23   23    1    1    1    1    1    1    1    1  2.27169E+10 0.10398 
   24   24    1    1    1    1    1    1    1    1  3.82793E+10 0.08415 
   25   25    1    1    1    1    1    1    1    1  5.05473E+10 0.05994 
   26   26    1    1    1    1    1    1    1    1  9.27625E+10 0.03746 
   27   27    1    1    1    1    1    1    1    1  1.83397E+11 0.02798 
   28   28    1    1    1    1    1    1    1    1  4.36004E+11 0.02240 
   29   29    1    1    1    1    1    1    1    1  7.26979E+11 0.01625 
   30   30    1    1    1    1    1    1    1    1  1.90706E+12 0.01487 
   31   31    1    1    1    1    1    1    1    1  5.58696E+12 0.01048 
   32   32    1    1    1    1    1    1    1    1  1.00066E+13 0.00542 
   33   33    1    1    1    1    1    1    1    1  2.31267E+13 0.00422 
   34   34    1    1    1    1    1    1    1    1  3.18069E+13 0.00307 
   35   35    1    1    1    1    1    1    1    1  3.99909E+13 0.00231 
   36   36    1    1    1    1    1    1    1    1  2.69666E+13 0.00214 
   37   37    1    1    1    1    1    1    1    1  8.17886E+12 0.00272 
   38   38    1    1    1    1    1    1    1    1  4.58152E+13 0.00203 
   39   39    1    1    1    1    1    1    1    1  6.14579E+13 0.00226 
   40   40    1    1    1    1    1    1    1    1  1.06076E+14 0.00171 
   41   41    1    1    1    1    1    1    1    1  1.05594E+14 0.00126 
   42   42    1    1    1    1    1    1    1    1  2.24149E+14 0.00187 
   43   43    1    1    1    1    1    1    1    1  2.71765E+14 0.00143 
   44   44    1    1    1    1    1    1    1    1  3.91650E+14 0.00107 
   45   45    1    1    1    1    1    1    1    1  7.84888E+14 0.00093 
   46   46    1    1    1    1    1    1    1    1  3.72812E+14 0.00078 
   47   47    1    1    1    1    1    1    1    1  5.95482E+14 0.00066 
   48   48    1    1    1    1    1    1    1    1  8.38790E+14 0.00082 
   49   49    1    1    1    1    1    1    1    1  8.26752E+14 0.00083 
   50   50    1    1    1    1    1    1    1    1  1.30962E+15 0.00050 
   51   51    1    1    1    1    1    1    1    1  1.04403E+15 0.00060 
   52   52    1    1    1    1    1    1    1    1  1.25571E+15 0.00071 
   53   53    1    1    1    1    1    1    1    1  8.80687E+14 0.00050 
   54   54    1    1    1    1    1    1    1    1  1.09117E+15 0.00062 
   55   55    1    1    1    1    1    1    1    1  7.57058E+14 0.00065 
   56   56    1    1    1    1    1    1    1    1  1.03285E+14 0.00148 
   57   57    1    1    1    1    1    1    1    1  1.51006E+15 0.00051 
   58   58    1    1    1    1    1    1    1    1  6.83104E+14 0.00068 
   59   59    1    1    1    1    1    1    1    1  7.30709E+14 0.00065 
   60   60    1    1    1    1    1    1    1    1  5.76985E+14 0.00092 
   61   61    1    1    1    1    1    1    1    1  5.79454E+14 0.00066 
   62   62    1    1    1    1    1    1    1    1  6.03692E+14 0.00077 
   63   63    1    1    1    1    1    1    1    1  5.11601E+14 0.00083 
   64   64    1    1    1    1    1    1    1    1  4.08941E+14 0.00092 
   65   65    1    1    1    1    1    1    1    1  4.07955E+14 0.00070 
   66   66    1    1    1    1    1    1    1    1  2.98550E+14 0.00109 
   67   67    1    1    1    1    1    1    1    1  2.43646E+14 0.00100 
   68   68    1    1    1    1    1    1    1    1  2.18143E+14 0.00110 
   69   69    1    1    1    1    1    1    1    1  2.62582E+14 0.00133 
   70   70    1    1    1    1    1    1    1    1  2.23785E+14 0.00085 
   71   71    1    1    1    1    1    1    1    1  4.08364E+14 0.00082 
   72   72    1    1    1    1    1    1    1    1  2.90495E+14 0.00133 
   73   73    1    1    1    1    1    1    1    1  2.20133E+14 0.00121 
   74   74    1    1    1    1    1    1    1    1  1.78353E+14 0.00139 
   75   75    1    1    1    1    1    1    1    1  1.49143E+14 0.00144 
   76   76    1    1    1    1    1    1    1    1  1.73643E+14 0.00135 
   77   77    1    1    1    1    1    1    1    1  1.38039E+14 0.00173 
   78   78    1    1    1    1    1    1    1    1  1.10110E+14 0.00181 
   79   79    1    1    1    1    1    1    1    1  1.13947E+14 0.00113 
   80   80    1    1    1    1    1    1    1    1  8.45737E+13 0.00178 
   81   81    1    1    1    1    1    1    1    1  6.53171E+13 0.00182 
   82   82    1    1    1    1    1    1    1    1  5.01992E+13 0.00241 
   83   83    1    1    1    1    1    1    1    1  4.71139E+13 0.00202 
   84   84    1    1    1    1    1    1    1    1  3.37403E+13 0.00218 
   85   85    1    1    1    1    1    1    1    1  2.43856E+13 0.00368 
   86   86    1    1    1    1    1    1    1    1  2.28195E+13 0.00388 
   87   87    1    1    1    1    1    1    1    1  1.39732E+13 0.00505 
   88   88    1    1    1    1    1    1    1    1  9.45228E+12 0.00513 
   89   89    1    1    1    1    1    1    1    1  5.39732E+12 0.00527 
   90   90    1    1    1    1    1    1    1    1  3.58150E+12 0.00689 
   91   91    1    1    1    1    1    1    1    1  1.77075E+12 0.01285 
   92   92    1    1    1    1    1    1    1    1  8.69120E+11 0.01598 
   93   93    1    1    1    1    1    1    1    1  4.15953E+11 0.02354 
   94   94    1    1    1    1    1    1    1    1  2.23540E+11 0.03646 
   95   95    1    1    1    1    1    1    1    1  1.04615E+11 0.05623 
   96   96    1    1    1    1    1    1    1    1  5.01195E+10 0.05373 
   97   97    1    1    1    1    1    1    1    1  2.45573E+10 0.10339 
   98   98    1    1    1    1    1    1    1    1  1.30537E+10 0.17381 
   99   99    1    1    1    1    1    1    1    1  4.69488E+09 0.24999 
  100  100    1    1    1    1    1    1    1    1  4.98584E+09 0.26215 
];


