
DETdpaspec = [
    1    1    1    1    1    1    1    1    1    1  0.00000E+00 0.00000 
    2    2    1    1    1    1    1    1    1    1  0.00000E+00 0.00000 
    3    3    1    1    1    1    1    1    1    1  0.00000E+00 0.00000 
    4    4    1    1    1    1    1    1    1    1  0.00000E+00 0.00000 
    5    5    1    1    1    1    1    1    1    1  0.00000E+00 0.00000 
    6    6    1    1    1    1    1    1    1    1  0.00000E+00 0.00000 
    7    7    1    1    1    1    1    1    1    1  0.00000E+00 0.00000 
    8    8    1    1    1    1    1    1    1    1  0.00000E+00 0.00000 
    9    9    1    1    1    1    1    1    1    1  0.00000E+00 0.00000 
   10   10    1    1    1    1    1    1    1    1  0.00000E+00 0.00000 
   11   11    1    1    1    1    1    1    1    1  0.00000E+00 0.00000 
   12   12    1    1    1    1    1    1    1    1  0.00000E+00 0.00000 
   13   13    1    1    1    1    1    1    1    1  2.95536E+08 0.88004 
   14   14    1    1    1    1    1    1    1    1  1.38823E+09 0.42259 
   15   15    1    1    1    1    1    1    1    1  6.78806E+08 0.48195 
   16   16    1    1    1    1    1    1    1    1  7.81217E+08 0.52596 
   17   17    1    1    1    1    1    1    1    1  4.27387E+08 0.36269 
   18   18    1    1    1    1    1    1    1    1  8.90596E+08 0.42605 
   19   19    1    1    1    1    1    1    1    1  2.10722E+09 0.23365 
   20   20    1    1    1    1    1    1    1    1  4.63137E+09 0.28154 
   21   21    1    1    1    1    1    1    1    1  4.22391E+09 0.20300 
   22   22    1    1    1    1    1    1    1    1  9.98995E+09 0.15523 
   23   23    1    1    1    1    1    1    1    1  2.24484E+10 0.10256 
   24   24    1    1    1    1    1    1    1    1  5.33884E+10 0.06339 
   25   25    1    1    1    1    1    1    1    1  8.26321E+10 0.04914 
   26   26    1    1    1    1    1    1    1    1  1.66893E+11 0.03931 
   27   27    1    1    1    1    1    1    1    1  3.62568E+11 0.03027 
   28   28    1    1    1    1    1    1    1    1  9.07441E+11 0.01577 
   29   29    1    1    1    1    1    1    1    1  1.58114E+12 0.01012 
   30   30    1    1    1    1    1    1    1    1  3.66007E+12 0.00766 
   31   31    1    1    1    1    1    1    1    1  9.39118E+12 0.00729 
   32   32    1    1    1    1    1    1    1    1  1.53499E+13 0.00461 
   33   33    1    1    1    1    1    1    1    1  3.35215E+13 0.00325 
   34   34    1    1    1    1    1    1    1    1  4.45054E+13 0.00254 
   35   35    1    1    1    1    1    1    1    1  5.08323E+13 0.00194 
   36   36    1    1    1    1    1    1    1    1  3.24154E+13 0.00178 
   37   37    1    1    1    1    1    1    1    1  9.63875E+12 0.00192 
   38   38    1    1    1    1    1    1    1    1  5.42404E+13 0.00211 
   39   39    1    1    1    1    1    1    1    1  7.22056E+13 0.00171 
   40   40    1    1    1    1    1    1    1    1  1.23860E+14 0.00120 
   41   41    1    1    1    1    1    1    1    1  1.20310E+14 0.00139 
   42   42    1    1    1    1    1    1    1    1  2.56409E+14 0.00105 
   43   43    1    1    1    1    1    1    1    1  3.07333E+14 0.00077 
   44   44    1    1    1    1    1    1    1    1  4.37269E+14 0.00102 
   45   45    1    1    1    1    1    1    1    1  8.68007E+14 0.00063 
   46   46    1    1    1    1    1    1    1    1  4.03724E+14 0.00102 
   47   47    1    1    1    1    1    1    1    1  6.37626E+14 0.00084 
   48   48    1    1    1    1    1    1    1    1  8.87731E+14 0.00047 
   49   49    1    1    1    1    1    1    1    1  8.65666E+14 0.00074 
   50   50    1    1    1    1    1    1    1    1  1.36722E+15 0.00054 
   51   51    1    1    1    1    1    1    1    1  1.07070E+15 0.00048 
   52   52    1    1    1    1    1    1    1    1  1.29220E+15 0.00052 
   53   53    1    1    1    1    1    1    1    1  8.97723E+14 0.00058 
   54   54    1    1    1    1    1    1    1    1  1.11924E+15 0.00056 
   55   55    1    1    1    1    1    1    1    1  7.71010E+14 0.00045 
   56   56    1    1    1    1    1    1    1    1  1.04555E+14 0.00109 
   57   57    1    1    1    1    1    1    1    1  1.52898E+15 0.00055 
   58   58    1    1    1    1    1    1    1    1  6.98317E+14 0.00066 
   59   59    1    1    1    1    1    1    1    1  7.41186E+14 0.00062 
   60   60    1    1    1    1    1    1    1    1  5.88800E+14 0.00061 
   61   61    1    1    1    1    1    1    1    1  5.89019E+14 0.00071 
   62   62    1    1    1    1    1    1    1    1  6.13315E+14 0.00056 
   63   63    1    1    1    1    1    1    1    1  5.19058E+14 0.00069 
   64   64    1    1    1    1    1    1    1    1  4.14421E+14 0.00082 
   65   65    1    1    1    1    1    1    1    1  4.12127E+14 0.00088 
   66   66    1    1    1    1    1    1    1    1  3.00947E+14 0.00101 
   67   67    1    1    1    1    1    1    1    1  2.44713E+14 0.00091 
   68   68    1    1    1    1    1    1    1    1  2.18183E+14 0.00105 
   69   69    1    1    1    1    1    1    1    1  2.62202E+14 0.00099 
   70   70    1    1    1    1    1    1    1    1  2.23020E+14 0.00095 
   71   71    1    1    1    1    1    1    1    1  4.02364E+14 0.00077 
   72   72    1    1    1    1    1    1    1    1  2.85057E+14 0.00107 
   73   73    1    1    1    1    1    1    1    1  2.16356E+14 0.00092 
   74   74    1    1    1    1    1    1    1    1  1.76038E+14 0.00081 
   75   75    1    1    1    1    1    1    1    1  1.47684E+14 0.00105 
   76   76    1    1    1    1    1    1    1    1  1.73190E+14 0.00115 
   77   77    1    1    1    1    1    1    1    1  1.38607E+14 0.00100 
   78   78    1    1    1    1    1    1    1    1  1.11172E+14 0.00140 
   79   79    1    1    1    1    1    1    1    1  1.15310E+14 0.00107 
   80   80    1    1    1    1    1    1    1    1  8.56373E+13 0.00154 
   81   81    1    1    1    1    1    1    1    1  6.61676E+13 0.00178 
   82   82    1    1    1    1    1    1    1    1  5.07900E+13 0.00222 
   83   83    1    1    1    1    1    1    1    1  4.75012E+13 0.00216 
   84   84    1    1    1    1    1    1    1    1  3.42552E+13 0.00280 
   85   85    1    1    1    1    1    1    1    1  2.46756E+13 0.00357 
   86   86    1    1    1    1    1    1    1    1  2.30876E+13 0.00322 
   87   87    1    1    1    1    1    1    1    1  1.41063E+13 0.00336 
   88   88    1    1    1    1    1    1    1    1  9.47395E+12 0.00575 
   89   89    1    1    1    1    1    1    1    1  5.47440E+12 0.00741 
   90   90    1    1    1    1    1    1    1    1  3.55863E+12 0.01016 
   91   91    1    1    1    1    1    1    1    1  1.79401E+12 0.01369 
   92   92    1    1    1    1    1    1    1    1  8.54661E+11 0.02227 
   93   93    1    1    1    1    1    1    1    1  4.18749E+11 0.02711 
   94   94    1    1    1    1    1    1    1    1  1.93900E+11 0.03120 
   95   95    1    1    1    1    1    1    1    1  8.75488E+10 0.05007 
   96   96    1    1    1    1    1    1    1    1  4.45904E+10 0.06382 
   97   97    1    1    1    1    1    1    1    1  2.06873E+10 0.13825 
   98   98    1    1    1    1    1    1    1    1  8.95015E+09 0.18273 
   99   99    1    1    1    1    1    1    1    1  7.93184E+09 0.25501 
  100  100    1    1    1    1    1    1    1    1  4.53322E+09 0.30660 
];


