
DETdpaspec = [
    1    1    1    1    1    1    1    1    1    1  0.00000E+00 0.00000 
    2    2    1    1    1    1    1    1    1    1  0.00000E+00 0.00000 
    3    3    1    1    1    1    1    1    1    1  0.00000E+00 0.00000 
    4    4    1    1    1    1    1    1    1    1  0.00000E+00 0.00000 
    5    5    1    1    1    1    1    1    1    1  0.00000E+00 0.00000 
    6    6    1    1    1    1    1    1    1    1  0.00000E+00 0.00000 
    7    7    1    1    1    1    1    1    1    1  0.00000E+00 0.00000 
    8    8    1    1    1    1    1    1    1    1  1.04942E+07 1.00000 
    9    9    1    1    1    1    1    1    1    1  1.01186E+07 1.00000 
   10   10    1    1    1    1    1    1    1    1  0.00000E+00 0.00000 
   11   11    1    1    1    1    1    1    1    1  2.93606E+07 1.00000 
   12   12    1    1    1    1    1    1    1    1  2.40186E+07 1.00000 
   13   13    1    1    1    1    1    1    1    1  1.04503E+08 0.68896 
   14   14    1    1    1    1    1    1    1    1  0.00000E+00 0.00000 
   15   15    1    1    1    1    1    1    1    1  5.64363E+08 0.42856 
   16   16    1    1    1    1    1    1    1    1  8.69103E+08 0.42621 
   17   17    1    1    1    1    1    1    1    1  1.07347E+09 0.33881 
   18   18    1    1    1    1    1    1    1    1  1.53996E+09 0.41479 
   19   19    1    1    1    1    1    1    1    1  1.61961E+09 0.28033 
   20   20    1    1    1    1    1    1    1    1  8.17648E+09 0.16895 
   21   21    1    1    1    1    1    1    1    1  6.75357E+09 0.17785 
   22   22    1    1    1    1    1    1    1    1  1.45806E+10 0.10619 
   23   23    1    1    1    1    1    1    1    1  2.02610E+10 0.08934 
   24   24    1    1    1    1    1    1    1    1  3.83046E+10 0.06504 
   25   25    1    1    1    1    1    1    1    1  5.78243E+10 0.05887 
   26   26    1    1    1    1    1    1    1    1  9.11004E+10 0.05590 
   27   27    1    1    1    1    1    1    1    1  1.76863E+11 0.04093 
   28   28    1    1    1    1    1    1    1    1  4.55931E+11 0.01829 
   29   29    1    1    1    1    1    1    1    1  7.84776E+11 0.01485 
   30   30    1    1    1    1    1    1    1    1  2.06536E+12 0.01157 
   31   31    1    1    1    1    1    1    1    1  5.98888E+12 0.00928 
   32   32    1    1    1    1    1    1    1    1  1.05340E+13 0.00523 
   33   33    1    1    1    1    1    1    1    1  2.44092E+13 0.00318 
   34   34    1    1    1    1    1    1    1    1  3.34116E+13 0.00287 
   35   35    1    1    1    1    1    1    1    1  4.15911E+13 0.00229 
   36   36    1    1    1    1    1    1    1    1  2.76602E+13 0.00219 
   37   37    1    1    1    1    1    1    1    1  8.34306E+12 0.00277 
   38   38    1    1    1    1    1    1    1    1  4.68677E+13 0.00183 
   39   39    1    1    1    1    1    1    1    1  6.27030E+13 0.00220 
   40   40    1    1    1    1    1    1    1    1  1.08424E+14 0.00141 
   41   41    1    1    1    1    1    1    1    1  1.07605E+14 0.00194 
   42   42    1    1    1    1    1    1    1    1  2.28546E+14 0.00141 
   43   43    1    1    1    1    1    1    1    1  2.75005E+14 0.00114 
   44   44    1    1    1    1    1    1    1    1  3.97259E+14 0.00111 
   45   45    1    1    1    1    1    1    1    1  7.96374E+14 0.00087 
   46   46    1    1    1    1    1    1    1    1  3.77762E+14 0.00076 
   47   47    1    1    1    1    1    1    1    1  6.01129E+14 0.00078 
   48   48    1    1    1    1    1    1    1    1  8.44799E+14 0.00068 
   49   49    1    1    1    1    1    1    1    1  8.30981E+14 0.00053 
   50   50    1    1    1    1    1    1    1    1  1.31847E+15 0.00047 
   51   51    1    1    1    1    1    1    1    1  1.04668E+15 0.00053 
   52   52    1    1    1    1    1    1    1    1  1.26183E+15 0.00055 
   53   53    1    1    1    1    1    1    1    1  8.83939E+14 0.00066 
   54   54    1    1    1    1    1    1    1    1  1.09750E+15 0.00075 
   55   55    1    1    1    1    1    1    1    1  7.60400E+14 0.00042 
   56   56    1    1    1    1    1    1    1    1  1.03624E+14 0.00146 
   57   57    1    1    1    1    1    1    1    1  1.51608E+15 0.00056 
   58   58    1    1    1    1    1    1    1    1  6.88097E+14 0.00052 
   59   59    1    1    1    1    1    1    1    1  7.34174E+14 0.00078 
   60   60    1    1    1    1    1    1    1    1  5.80399E+14 0.00058 
   61   61    1    1    1    1    1    1    1    1  5.81823E+14 0.00062 
   62   62    1    1    1    1    1    1    1    1  6.06691E+14 0.00076 
   63   63    1    1    1    1    1    1    1    1  5.13785E+14 0.00073 
   64   64    1    1    1    1    1    1    1    1  4.10535E+14 0.00086 
   65   65    1    1    1    1    1    1    1    1  4.10262E+14 0.00090 
   66   66    1    1    1    1    1    1    1    1  2.99997E+14 0.00063 
   67   67    1    1    1    1    1    1    1    1  2.44198E+14 0.00112 
   68   68    1    1    1    1    1    1    1    1  2.18635E+14 0.00076 
   69   69    1    1    1    1    1    1    1    1  2.62963E+14 0.00094 
   70   70    1    1    1    1    1    1    1    1  2.24747E+14 0.00105 
   71   71    1    1    1    1    1    1    1    1  4.09282E+14 0.00099 
   72   72    1    1    1    1    1    1    1    1  2.91024E+14 0.00109 
   73   73    1    1    1    1    1    1    1    1  2.20357E+14 0.00069 
   74   74    1    1    1    1    1    1    1    1  1.79170E+14 0.00124 
   75   75    1    1    1    1    1    1    1    1  1.49297E+14 0.00101 
   76   76    1    1    1    1    1    1    1    1  1.74619E+14 0.00093 
   77   77    1    1    1    1    1    1    1    1  1.38600E+14 0.00135 
   78   78    1    1    1    1    1    1    1    1  1.11040E+14 0.00124 
   79   79    1    1    1    1    1    1    1    1  1.14870E+14 0.00136 
   80   80    1    1    1    1    1    1    1    1  8.53616E+13 0.00138 
   81   81    1    1    1    1    1    1    1    1  6.62456E+13 0.00179 
   82   82    1    1    1    1    1    1    1    1  5.06302E+13 0.00135 
   83   83    1    1    1    1    1    1    1    1  4.72602E+13 0.00244 
   84   84    1    1    1    1    1    1    1    1  3.42614E+13 0.00239 
   85   85    1    1    1    1    1    1    1    1  2.45276E+13 0.00402 
   86   86    1    1    1    1    1    1    1    1  2.30754E+13 0.00247 
   87   87    1    1    1    1    1    1    1    1  1.41549E+13 0.00383 
   88   88    1    1    1    1    1    1    1    1  9.53697E+12 0.00563 
   89   89    1    1    1    1    1    1    1    1  5.47427E+12 0.00661 
   90   90    1    1    1    1    1    1    1    1  3.61439E+12 0.00664 
   91   91    1    1    1    1    1    1    1    1  1.77250E+12 0.01051 
   92   92    1    1    1    1    1    1    1    1  8.68660E+11 0.01862 
   93   93    1    1    1    1    1    1    1    1  4.23579E+11 0.02505 
   94   94    1    1    1    1    1    1    1    1  2.01189E+11 0.03959 
   95   95    1    1    1    1    1    1    1    1  1.03446E+11 0.05798 
   96   96    1    1    1    1    1    1    1    1  4.70469E+10 0.07532 
   97   97    1    1    1    1    1    1    1    1  2.11726E+10 0.10476 
   98   98    1    1    1    1    1    1    1    1  1.07917E+10 0.16574 
   99   99    1    1    1    1    1    1    1    1  4.68896E+09 0.19513 
  100  100    1    1    1    1    1    1    1    1  4.96416E+09 0.25656 
];


