
DETdpaspec = [
    1    1    1    1    1    1    1    1    1    1  0.00000E+00 0.00000 
    2    2    1    1    1    1    1    1    1    1  0.00000E+00 0.00000 
    3    3    1    1    1    1    1    1    1    1  0.00000E+00 0.00000 
    4    4    1    1    1    1    1    1    1    1  0.00000E+00 0.00000 
    5    5    1    1    1    1    1    1    1    1  0.00000E+00 0.00000 
    6    6    1    1    1    1    1    1    1    1  0.00000E+00 0.00000 
    7    7    1    1    1    1    1    1    1    1  0.00000E+00 0.00000 
    8    8    1    1    1    1    1    1    1    1  0.00000E+00 0.00000 
    9    9    1    1    1    1    1    1    1    1  0.00000E+00 0.00000 
   10   10    1    1    1    1    1    1    1    1  4.05998E+07 0.76472 
   11   11    1    1    1    1    1    1    1    1  0.00000E+00 0.00000 
   12   12    1    1    1    1    1    1    1    1  7.85974E+06 0.78044 
   13   13    1    1    1    1    1    1    1    1  4.92394E+08 0.51619 
   14   14    1    1    1    1    1    1    1    1  4.86444E+08 0.69449 
   15   15    1    1    1    1    1    1    1    1  1.54312E+09 0.38708 
   16   16    1    1    1    1    1    1    1    1  4.01634E+08 0.44108 
   17   17    1    1    1    1    1    1    1    1  3.28634E+08 0.44272 
   18   18    1    1    1    1    1    1    1    1  1.51123E+09 0.25444 
   19   19    1    1    1    1    1    1    1    1  1.39938E+09 0.28717 
   20   20    1    1    1    1    1    1    1    1  6.96750E+09 0.16369 
   21   21    1    1    1    1    1    1    1    1  5.04943E+09 0.16389 
   22   22    1    1    1    1    1    1    1    1  1.11652E+10 0.15058 
   23   23    1    1    1    1    1    1    1    1  1.78343E+10 0.07183 
   24   24    1    1    1    1    1    1    1    1  3.29693E+10 0.05901 
   25   25    1    1    1    1    1    1    1    1  5.18302E+10 0.04839 
   26   26    1    1    1    1    1    1    1    1  9.56243E+10 0.05484 
   27   27    1    1    1    1    1    1    1    1  1.95963E+11 0.04127 
   28   28    1    1    1    1    1    1    1    1  4.82293E+11 0.02436 
   29   29    1    1    1    1    1    1    1    1  8.46164E+11 0.01670 
   30   30    1    1    1    1    1    1    1    1  2.16526E+12 0.00937 
   31   31    1    1    1    1    1    1    1    1  6.12543E+12 0.00460 
   32   32    1    1    1    1    1    1    1    1  1.07434E+13 0.00315 
   33   33    1    1    1    1    1    1    1    1  2.48832E+13 0.00340 
   34   34    1    1    1    1    1    1    1    1  3.40782E+13 0.00243 
   35   35    1    1    1    1    1    1    1    1  4.19550E+13 0.00219 
   36   36    1    1    1    1    1    1    1    1  2.79087E+13 0.00169 
   37   37    1    1    1    1    1    1    1    1  8.42185E+12 0.00216 
   38   38    1    1    1    1    1    1    1    1  4.72955E+13 0.00215 
   39   39    1    1    1    1    1    1    1    1  6.33294E+13 0.00246 
   40   40    1    1    1    1    1    1    1    1  1.09135E+14 0.00207 
   41   41    1    1    1    1    1    1    1    1  1.07837E+14 0.00185 
   42   42    1    1    1    1    1    1    1    1  2.30355E+14 0.00136 
   43   43    1    1    1    1    1    1    1    1  2.77803E+14 0.00117 
   44   44    1    1    1    1    1    1    1    1  4.00159E+14 0.00110 
   45   45    1    1    1    1    1    1    1    1  8.02537E+14 0.00084 
   46   46    1    1    1    1    1    1    1    1  3.79871E+14 0.00083 
   47   47    1    1    1    1    1    1    1    1  6.04236E+14 0.00088 
   48   48    1    1    1    1    1    1    1    1  8.49294E+14 0.00080 
   49   49    1    1    1    1    1    1    1    1  8.33906E+14 0.00065 
   50   50    1    1    1    1    1    1    1    1  1.32154E+15 0.00056 
   51   51    1    1    1    1    1    1    1    1  1.04915E+15 0.00071 
   52   52    1    1    1    1    1    1    1    1  1.26545E+15 0.00057 
   53   53    1    1    1    1    1    1    1    1  8.85331E+14 0.00056 
   54   54    1    1    1    1    1    1    1    1  1.10057E+15 0.00061 
   55   55    1    1    1    1    1    1    1    1  7.61838E+14 0.00065 
   56   56    1    1    1    1    1    1    1    1  1.03608E+14 0.00113 
   57   57    1    1    1    1    1    1    1    1  1.51832E+15 0.00047 
   58   58    1    1    1    1    1    1    1    1  6.89078E+14 0.00074 
   59   59    1    1    1    1    1    1    1    1  7.35898E+14 0.00049 
   60   60    1    1    1    1    1    1    1    1  5.82520E+14 0.00069 
   61   61    1    1    1    1    1    1    1    1  5.84469E+14 0.00089 
   62   62    1    1    1    1    1    1    1    1  6.08595E+14 0.00068 
   63   63    1    1    1    1    1    1    1    1  5.15223E+14 0.00093 
   64   64    1    1    1    1    1    1    1    1  4.11989E+14 0.00119 
   65   65    1    1    1    1    1    1    1    1  4.11128E+14 0.00090 
   66   66    1    1    1    1    1    1    1    1  3.00885E+14 0.00110 
   67   67    1    1    1    1    1    1    1    1  2.44480E+14 0.00102 
   68   68    1    1    1    1    1    1    1    1  2.19331E+14 0.00100 
   69   69    1    1    1    1    1    1    1    1  2.64068E+14 0.00098 
   70   70    1    1    1    1    1    1    1    1  2.24769E+14 0.00127 
   71   71    1    1    1    1    1    1    1    1  4.08732E+14 0.00139 
   72   72    1    1    1    1    1    1    1    1  2.91287E+14 0.00137 
   73   73    1    1    1    1    1    1    1    1  2.20893E+14 0.00115 
   74   74    1    1    1    1    1    1    1    1  1.79151E+14 0.00150 
   75   75    1    1    1    1    1    1    1    1  1.49612E+14 0.00161 
   76   76    1    1    1    1    1    1    1    1  1.75113E+14 0.00092 
   77   77    1    1    1    1    1    1    1    1  1.39204E+14 0.00127 
   78   78    1    1    1    1    1    1    1    1  1.11264E+14 0.00165 
   79   79    1    1    1    1    1    1    1    1  1.15118E+14 0.00169 
   80   80    1    1    1    1    1    1    1    1  8.56071E+13 0.00123 
   81   81    1    1    1    1    1    1    1    1  6.61277E+13 0.00218 
   82   82    1    1    1    1    1    1    1    1  5.06362E+13 0.00234 
   83   83    1    1    1    1    1    1    1    1  4.75148E+13 0.00237 
   84   84    1    1    1    1    1    1    1    1  3.41189E+13 0.00329 
   85   85    1    1    1    1    1    1    1    1  2.47409E+13 0.00299 
   86   86    1    1    1    1    1    1    1    1  2.30124E+13 0.00419 
   87   87    1    1    1    1    1    1    1    1  1.42194E+13 0.00450 
   88   88    1    1    1    1    1    1    1    1  9.56448E+12 0.00541 
   89   89    1    1    1    1    1    1    1    1  5.42389E+12 0.00732 
   90   90    1    1    1    1    1    1    1    1  3.58472E+12 0.00753 
   91   91    1    1    1    1    1    1    1    1  1.80320E+12 0.01370 
   92   92    1    1    1    1    1    1    1    1  8.75915E+11 0.02274 
   93   93    1    1    1    1    1    1    1    1  4.35556E+11 0.03167 
   94   94    1    1    1    1    1    1    1    1  2.12112E+11 0.05155 
   95   95    1    1    1    1    1    1    1    1  8.84152E+10 0.05276 
   96   96    1    1    1    1    1    1    1    1  4.25590E+10 0.05938 
   97   97    1    1    1    1    1    1    1    1  1.83507E+10 0.11861 
   98   98    1    1    1    1    1    1    1    1  9.43426E+09 0.22389 
   99   99    1    1    1    1    1    1    1    1  2.60588E+09 0.27809 
  100  100    1    1    1    1    1    1    1    1  4.20140E+09 0.20241 
];


