
DETdpaspec = [
    1    1    1    1    1    1    1    1    1    1  0.00000E+00 0.00000 
    2    2    1    1    1    1    1    1    1    1  0.00000E+00 0.00000 
    3    3    1    1    1    1    1    1    1    1  0.00000E+00 0.00000 
    4    4    1    1    1    1    1    1    1    1  0.00000E+00 0.00000 
    5    5    1    1    1    1    1    1    1    1  0.00000E+00 0.00000 
    6    6    1    1    1    1    1    1    1    1  0.00000E+00 0.00000 
    7    7    1    1    1    1    1    1    1    1  0.00000E+00 0.00000 
    8    8    1    1    1    1    1    1    1    1  0.00000E+00 0.00000 
    9    9    1    1    1    1    1    1    1    1  0.00000E+00 0.00000 
   10   10    1    1    1    1    1    1    1    1  4.32320E+07 1.00000 
   11   11    1    1    1    1    1    1    1    1  1.00296E+08 0.74161 
   12   12    1    1    1    1    1    1    1    1  3.05348E+07 1.00000 
   13   13    1    1    1    1    1    1    1    1  3.99792E+08 0.41914 
   14   14    1    1    1    1    1    1    1    1  1.75748E+09 0.47412 
   15   15    1    1    1    1    1    1    1    1  8.62808E+08 0.48451 
   16   16    1    1    1    1    1    1    1    1  7.37713E+08 0.42581 
   17   17    1    1    1    1    1    1    1    1  4.17635E+08 0.38935 
   18   18    1    1    1    1    1    1    1    1  3.08944E+09 0.32513 
   19   19    1    1    1    1    1    1    1    1  1.99082E+09 0.27596 
   20   20    1    1    1    1    1    1    1    1  7.54550E+09 0.17942 
   21   21    1    1    1    1    1    1    1    1  5.70599E+09 0.14196 
   22   22    1    1    1    1    1    1    1    1  1.72830E+10 0.10283 
   23   23    1    1    1    1    1    1    1    1  2.35309E+10 0.10450 
   24   24    1    1    1    1    1    1    1    1  3.59926E+10 0.05599 
   25   25    1    1    1    1    1    1    1    1  5.29547E+10 0.05599 
   26   26    1    1    1    1    1    1    1    1  8.49513E+10 0.05330 
   27   27    1    1    1    1    1    1    1    1  1.76020E+11 0.03895 
   28   28    1    1    1    1    1    1    1    1  4.23985E+11 0.02746 
   29   29    1    1    1    1    1    1    1    1  6.92827E+11 0.01569 
   30   30    1    1    1    1    1    1    1    1  1.88049E+12 0.00772 
   31   31    1    1    1    1    1    1    1    1  5.57296E+12 0.00668 
   32   32    1    1    1    1    1    1    1    1  9.99687E+12 0.00598 
   33   33    1    1    1    1    1    1    1    1  2.32345E+13 0.00324 
   34   34    1    1    1    1    1    1    1    1  3.18887E+13 0.00322 
   35   35    1    1    1    1    1    1    1    1  4.02237E+13 0.00266 
   36   36    1    1    1    1    1    1    1    1  2.70377E+13 0.00293 
   37   37    1    1    1    1    1    1    1    1  8.18737E+12 0.00288 
   38   38    1    1    1    1    1    1    1    1  4.58902E+13 0.00189 
   39   39    1    1    1    1    1    1    1    1  6.15998E+13 0.00191 
   40   40    1    1    1    1    1    1    1    1  1.06384E+14 0.00183 
   41   41    1    1    1    1    1    1    1    1  1.05903E+14 0.00159 
   42   42    1    1    1    1    1    1    1    1  2.24457E+14 0.00143 
   43   43    1    1    1    1    1    1    1    1  2.71403E+14 0.00138 
   44   44    1    1    1    1    1    1    1    1  3.91204E+14 0.00114 
   45   45    1    1    1    1    1    1    1    1  7.84222E+14 0.00092 
   46   46    1    1    1    1    1    1    1    1  3.72630E+14 0.00087 
   47   47    1    1    1    1    1    1    1    1  5.94815E+14 0.00063 
   48   48    1    1    1    1    1    1    1    1  8.37620E+14 0.00061 
   49   49    1    1    1    1    1    1    1    1  8.25282E+14 0.00065 
   50   50    1    1    1    1    1    1    1    1  1.30632E+15 0.00046 
   51   51    1    1    1    1    1    1    1    1  1.04245E+15 0.00068 
   52   52    1    1    1    1    1    1    1    1  1.25433E+15 0.00063 
   53   53    1    1    1    1    1    1    1    1  8.80170E+14 0.00085 
   54   54    1    1    1    1    1    1    1    1  1.09045E+15 0.00070 
   55   55    1    1    1    1    1    1    1    1  7.56731E+14 0.00054 
   56   56    1    1    1    1    1    1    1    1  1.03167E+14 0.00109 
   57   57    1    1    1    1    1    1    1    1  1.50812E+15 0.00052 
   58   58    1    1    1    1    1    1    1    1  6.82433E+14 0.00081 
   59   59    1    1    1    1    1    1    1    1  7.29164E+14 0.00060 
   60   60    1    1    1    1    1    1    1    1  5.77172E+14 0.00074 
   61   61    1    1    1    1    1    1    1    1  5.78841E+14 0.00060 
   62   62    1    1    1    1    1    1    1    1  6.02719E+14 0.00077 
   63   63    1    1    1    1    1    1    1    1  5.10570E+14 0.00078 
   64   64    1    1    1    1    1    1    1    1  4.08251E+14 0.00069 
   65   65    1    1    1    1    1    1    1    1  4.07279E+14 0.00072 
   66   66    1    1    1    1    1    1    1    1  2.98484E+14 0.00101 
   67   67    1    1    1    1    1    1    1    1  2.42857E+14 0.00088 
   68   68    1    1    1    1    1    1    1    1  2.17631E+14 0.00103 
   69   69    1    1    1    1    1    1    1    1  2.62025E+14 0.00113 
   70   70    1    1    1    1    1    1    1    1  2.23638E+14 0.00111 
   71   71    1    1    1    1    1    1    1    1  4.07921E+14 0.00073 
   72   72    1    1    1    1    1    1    1    1  2.89986E+14 0.00080 
   73   73    1    1    1    1    1    1    1    1  2.20351E+14 0.00085 
   74   74    1    1    1    1    1    1    1    1  1.78560E+14 0.00121 
   75   75    1    1    1    1    1    1    1    1  1.48667E+14 0.00143 
   76   76    1    1    1    1    1    1    1    1  1.73441E+14 0.00084 
   77   77    1    1    1    1    1    1    1    1  1.38035E+14 0.00129 
   78   78    1    1    1    1    1    1    1    1  1.09752E+14 0.00138 
   79   79    1    1    1    1    1    1    1    1  1.13666E+14 0.00141 
   80   80    1    1    1    1    1    1    1    1  8.44852E+13 0.00142 
   81   81    1    1    1    1    1    1    1    1  6.51415E+13 0.00240 
   82   82    1    1    1    1    1    1    1    1  5.01002E+13 0.00227 
   83   83    1    1    1    1    1    1    1    1  4.66920E+13 0.00214 
   84   84    1    1    1    1    1    1    1    1  3.34453E+13 0.00185 
   85   85    1    1    1    1    1    1    1    1  2.42502E+13 0.00374 
   86   86    1    1    1    1    1    1    1    1  2.26872E+13 0.00411 
   87   87    1    1    1    1    1    1    1    1  1.39933E+13 0.00414 
   88   88    1    1    1    1    1    1    1    1  9.36883E+12 0.00312 
   89   89    1    1    1    1    1    1    1    1  5.35014E+12 0.00840 
   90   90    1    1    1    1    1    1    1    1  3.62896E+12 0.00661 
   91   91    1    1    1    1    1    1    1    1  1.79207E+12 0.01136 
   92   92    1    1    1    1    1    1    1    1  8.72629E+11 0.02039 
   93   93    1    1    1    1    1    1    1    1  4.15975E+11 0.02637 
   94   94    1    1    1    1    1    1    1    1  1.90208E+11 0.03648 
   95   95    1    1    1    1    1    1    1    1  8.82471E+10 0.04645 
   96   96    1    1    1    1    1    1    1    1  4.30078E+10 0.09552 
   97   97    1    1    1    1    1    1    1    1  2.14348E+10 0.08808 
   98   98    1    1    1    1    1    1    1    1  1.01081E+10 0.17753 
   99   99    1    1    1    1    1    1    1    1  4.24080E+09 0.24103 
  100  100    1    1    1    1    1    1    1    1  4.85736E+09 0.20349 
];


