
DETdpaspec = [
    1    1    1    1    1    1    1    1    1    1  0.00000E+00 0.00000 
    2    2    1    1    1    1    1    1    1    1  0.00000E+00 0.00000 
    3    3    1    1    1    1    1    1    1    1  0.00000E+00 0.00000 
    4    4    1    1    1    1    1    1    1    1  0.00000E+00 0.00000 
    5    5    1    1    1    1    1    1    1    1  0.00000E+00 0.00000 
    6    6    1    1    1    1    1    1    1    1  2.55237E+07 1.00000 
    7    7    1    1    1    1    1    1    1    1  0.00000E+00 0.00000 
    8    8    1    1    1    1    1    1    1    1  0.00000E+00 0.00000 
    9    9    1    1    1    1    1    1    1    1  0.00000E+00 0.00000 
   10   10    1    1    1    1    1    1    1    1  0.00000E+00 0.00000 
   11   11    1    1    1    1    1    1    1    1  0.00000E+00 0.00000 
   12   12    1    1    1    1    1    1    1    1  9.33890E+07 1.00000 
   13   13    1    1    1    1    1    1    1    1  1.48874E+08 1.00000 
   14   14    1    1    1    1    1    1    1    1  1.10090E+09 0.68303 
   15   15    1    1    1    1    1    1    1    1  7.37438E+08 0.71679 
   16   16    1    1    1    1    1    1    1    1  1.00054E+08 0.68835 
   17   17    1    1    1    1    1    1    1    1  2.66740E+08 0.50573 
   18   18    1    1    1    1    1    1    1    1  1.09380E+09 0.42831 
   19   19    1    1    1    1    1    1    1    1  1.63525E+09 0.41407 
   20   20    1    1    1    1    1    1    1    1  3.84870E+09 0.30413 
   21   21    1    1    1    1    1    1    1    1  7.77183E+09 0.16698 
   22   22    1    1    1    1    1    1    1    1  3.00200E+10 0.11180 
   23   23    1    1    1    1    1    1    1    1  1.24304E+11 0.06274 
   24   24    1    1    1    1    1    1    1    1  3.77038E+11 0.03259 
   25   25    1    1    1    1    1    1    1    1  5.78738E+11 0.01965 
   26   26    1    1    1    1    1    1    1    1  1.17027E+12 0.01527 
   27   27    1    1    1    1    1    1    1    1  2.19503E+12 0.01066 
   28   28    1    1    1    1    1    1    1    1  4.02696E+12 0.00757 
   29   29    1    1    1    1    1    1    1    1  5.98996E+12 0.00793 
   30   30    1    1    1    1    1    1    1    1  1.12012E+13 0.00673 
   31   31    1    1    1    1    1    1    1    1  2.21197E+13 0.00440 
   32   32    1    1    1    1    1    1    1    1  3.13454E+13 0.00362 
   33   33    1    1    1    1    1    1    1    1  6.01491E+13 0.00178 
   34   34    1    1    1    1    1    1    1    1  7.25681E+13 0.00192 
   35   35    1    1    1    1    1    1    1    1  7.35427E+13 0.00200 
   36   36    1    1    1    1    1    1    1    1  4.40424E+13 0.00148 
   37   37    1    1    1    1    1    1    1    1  1.27996E+13 0.00166 
   38   38    1    1    1    1    1    1    1    1  7.22814E+13 0.00174 
   39   39    1    1    1    1    1    1    1    1  9.43218E+13 0.00219 
   40   40    1    1    1    1    1    1    1    1  1.58998E+14 0.00161 
   41   41    1    1    1    1    1    1    1    1  1.50136E+14 0.00164 
   42   42    1    1    1    1    1    1    1    1  3.15973E+14 0.00132 
   43   43    1    1    1    1    1    1    1    1  3.70203E+14 0.00088 
   44   44    1    1    1    1    1    1    1    1  5.16062E+14 0.00079 
   45   45    1    1    1    1    1    1    1    1  9.93899E+14 0.00055 
   46   46    1    1    1    1    1    1    1    1  4.47943E+14 0.00065 
   47   47    1    1    1    1    1    1    1    1  6.97350E+14 0.00067 
   48   48    1    1    1    1    1    1    1    1  9.51131E+14 0.00049 
   49   49    1    1    1    1    1    1    1    1  9.11685E+14 0.00035 
   50   50    1    1    1    1    1    1    1    1  1.42058E+15 0.00047 
   51   51    1    1    1    1    1    1    1    1  1.08653E+15 0.00062 
   52   52    1    1    1    1    1    1    1    1  1.30241E+15 0.00039 
   53   53    1    1    1    1    1    1    1    1  8.89987E+14 0.00056 
   54   54    1    1    1    1    1    1    1    1  1.10393E+15 0.00056 
   55   55    1    1    1    1    1    1    1    1  7.53551E+14 0.00071 
   56   56    1    1    1    1    1    1    1    1  1.01694E+14 0.00107 
   57   57    1    1    1    1    1    1    1    1  1.47872E+15 0.00058 
   58   58    1    1    1    1    1    1    1    1  6.74364E+14 0.00073 
   59   59    1    1    1    1    1    1    1    1  7.08882E+14 0.00085 
   60   60    1    1    1    1    1    1    1    1  5.63088E+14 0.00060 
   61   61    1    1    1    1    1    1    1    1  5.60042E+14 0.00068 
   62   62    1    1    1    1    1    1    1    1  5.80344E+14 0.00068 
   63   63    1    1    1    1    1    1    1    1  4.88639E+14 0.00096 
   64   64    1    1    1    1    1    1    1    1  3.87284E+14 0.00091 
   65   65    1    1    1    1    1    1    1    1  3.82926E+14 0.00080 
   66   66    1    1    1    1    1    1    1    1  2.78619E+14 0.00077 
   67   67    1    1    1    1    1    1    1    1  2.24487E+14 0.00079 
   68   68    1    1    1    1    1    1    1    1  1.99825E+14 0.00098 
   69   69    1    1    1    1    1    1    1    1  2.39137E+14 0.00091 
   70   70    1    1    1    1    1    1    1    1  2.01806E+14 0.00096 
   71   71    1    1    1    1    1    1    1    1  3.60275E+14 0.00099 
   72   72    1    1    1    1    1    1    1    1  2.53317E+14 0.00129 
   73   73    1    1    1    1    1    1    1    1  1.91082E+14 0.00131 
   74   74    1    1    1    1    1    1    1    1  1.55528E+14 0.00125 
   75   75    1    1    1    1    1    1    1    1  1.30535E+14 0.00134 
   76   76    1    1    1    1    1    1    1    1  1.52986E+14 0.00147 
   77   77    1    1    1    1    1    1    1    1  1.22692E+14 0.00141 
   78   78    1    1    1    1    1    1    1    1  9.80869E+13 0.00208 
   79   79    1    1    1    1    1    1    1    1  1.01734E+14 0.00135 
   80   80    1    1    1    1    1    1    1    1  7.53811E+13 0.00191 
   81   81    1    1    1    1    1    1    1    1  5.80081E+13 0.00234 
   82   82    1    1    1    1    1    1    1    1  4.44204E+13 0.00218 
   83   83    1    1    1    1    1    1    1    1  4.12259E+13 0.00260 
   84   84    1    1    1    1    1    1    1    1  2.96251E+13 0.00338 
   85   85    1    1    1    1    1    1    1    1  2.11776E+13 0.00344 
   86   86    1    1    1    1    1    1    1    1  1.97663E+13 0.00238 
   87   87    1    1    1    1    1    1    1    1  1.19534E+13 0.00436 
   88   88    1    1    1    1    1    1    1    1  7.88379E+12 0.00625 
   89   89    1    1    1    1    1    1    1    1  4.53414E+12 0.00661 
   90   90    1    1    1    1    1    1    1    1  2.93161E+12 0.00802 
   91   91    1    1    1    1    1    1    1    1  1.46284E+12 0.00929 
   92   92    1    1    1    1    1    1    1    1  6.76095E+11 0.01847 
   93   93    1    1    1    1    1    1    1    1  3.17612E+11 0.02659 
   94   94    1    1    1    1    1    1    1    1  1.53043E+11 0.03750 
   95   95    1    1    1    1    1    1    1    1  6.68287E+10 0.05561 
   96   96    1    1    1    1    1    1    1    1  2.76163E+10 0.08214 
   97   97    1    1    1    1    1    1    1    1  1.96154E+10 0.09025 
   98   98    1    1    1    1    1    1    1    1  7.99267E+09 0.17816 
   99   99    1    1    1    1    1    1    1    1  3.97769E+09 0.26597 
  100  100    1    1    1    1    1    1    1    1  3.86903E+09 0.19948 
];


