
DETdpaspec = [
    1    1    1    1    1    1    1    1    1    1  0.00000E+00 0.00000 
    2    2    1    1    1    1    1    1    1    1  0.00000E+00 0.00000 
    3    3    1    1    1    1    1    1    1    1  0.00000E+00 0.00000 
    4    4    1    1    1    1    1    1    1    1  0.00000E+00 0.00000 
    5    5    1    1    1    1    1    1    1    1  0.00000E+00 0.00000 
    6    6    1    1    1    1    1    1    1    1  0.00000E+00 0.00000 
    7    7    1    1    1    1    1    1    1    1  0.00000E+00 0.00000 
    8    8    1    1    1    1    1    1    1    1  0.00000E+00 0.00000 
    9    9    1    1    1    1    1    1    1    1  0.00000E+00 0.00000 
   10   10    1    1    1    1    1    1    1    1  3.70779E+07 1.00000 
   11   11    1    1    1    1    1    1    1    1  3.67557E+07 1.00000 
   12   12    1    1    1    1    1    1    1    1  6.91294E+07 1.00000 
   13   13    1    1    1    1    1    1    1    1  0.00000E+00 0.00000 
   14   14    1    1    1    1    1    1    1    1  1.12006E+08 1.00000 
   15   15    1    1    1    1    1    1    1    1  3.99588E+08 0.74885 
   16   16    1    1    1    1    1    1    1    1  4.06169E+08 0.64604 
   17   17    1    1    1    1    1    1    1    1  9.34773E+08 0.56983 
   18   18    1    1    1    1    1    1    1    1  1.81296E+09 0.35543 
   19   19    1    1    1    1    1    1    1    1  1.94973E+09 0.19656 
   20   20    1    1    1    1    1    1    1    1  6.15928E+09 0.17712 
   21   21    1    1    1    1    1    1    1    1  5.86233E+09 0.18105 
   22   22    1    1    1    1    1    1    1    1  1.14371E+10 0.11584 
   23   23    1    1    1    1    1    1    1    1  2.32181E+10 0.09750 
   24   24    1    1    1    1    1    1    1    1  4.42324E+10 0.05882 
   25   25    1    1    1    1    1    1    1    1  7.83602E+10 0.04974 
   26   26    1    1    1    1    1    1    1    1  1.63144E+11 0.03577 
   27   27    1    1    1    1    1    1    1    1  3.53776E+11 0.03105 
   28   28    1    1    1    1    1    1    1    1  8.64936E+11 0.02197 
   29   29    1    1    1    1    1    1    1    1  1.51669E+12 0.01483 
   30   30    1    1    1    1    1    1    1    1  3.57414E+12 0.00809 
   31   31    1    1    1    1    1    1    1    1  9.16695E+12 0.00653 
   32   32    1    1    1    1    1    1    1    1  1.49969E+13 0.00448 
   33   33    1    1    1    1    1    1    1    1  3.31031E+13 0.00244 
   34   34    1    1    1    1    1    1    1    1  4.40346E+13 0.00259 
   35   35    1    1    1    1    1    1    1    1  5.03560E+13 0.00231 
   36   36    1    1    1    1    1    1    1    1  3.21450E+13 0.00176 
   37   37    1    1    1    1    1    1    1    1  9.54399E+12 0.00203 
   38   38    1    1    1    1    1    1    1    1  5.39258E+13 0.00184 
   39   39    1    1    1    1    1    1    1    1  7.17451E+13 0.00183 
   40   40    1    1    1    1    1    1    1    1  1.23341E+14 0.00146 
   41   41    1    1    1    1    1    1    1    1  1.19922E+14 0.00102 
   42   42    1    1    1    1    1    1    1    1  2.55115E+14 0.00088 
   43   43    1    1    1    1    1    1    1    1  3.05329E+14 0.00120 
   44   44    1    1    1    1    1    1    1    1  4.35533E+14 0.00113 
   45   45    1    1    1    1    1    1    1    1  8.65982E+14 0.00049 
   46   46    1    1    1    1    1    1    1    1  4.02383E+14 0.00086 
   47   47    1    1    1    1    1    1    1    1  6.35860E+14 0.00092 
   48   48    1    1    1    1    1    1    1    1  8.86368E+14 0.00084 
   49   49    1    1    1    1    1    1    1    1  8.63171E+14 0.00059 
   50   50    1    1    1    1    1    1    1    1  1.36454E+15 0.00044 
   51   51    1    1    1    1    1    1    1    1  1.06948E+15 0.00056 
   52   52    1    1    1    1    1    1    1    1  1.29138E+15 0.00040 
   53   53    1    1    1    1    1    1    1    1  8.96716E+14 0.00048 
   54   54    1    1    1    1    1    1    1    1  1.11608E+15 0.00053 
   55   55    1    1    1    1    1    1    1    1  7.70520E+14 0.00054 
   56   56    1    1    1    1    1    1    1    1  1.04639E+14 0.00069 
   57   57    1    1    1    1    1    1    1    1  1.52753E+15 0.00047 
   58   58    1    1    1    1    1    1    1    1  6.97501E+14 0.00060 
   59   59    1    1    1    1    1    1    1    1  7.40398E+14 0.00067 
   60   60    1    1    1    1    1    1    1    1  5.88128E+14 0.00084 
   61   61    1    1    1    1    1    1    1    1  5.88589E+14 0.00083 
   62   62    1    1    1    1    1    1    1    1  6.13283E+14 0.00061 
   63   63    1    1    1    1    1    1    1    1  5.18887E+14 0.00086 
   64   64    1    1    1    1    1    1    1    1  4.13574E+14 0.00090 
   65   65    1    1    1    1    1    1    1    1  4.12234E+14 0.00091 
   66   66    1    1    1    1    1    1    1    1  3.01106E+14 0.00123 
   67   67    1    1    1    1    1    1    1    1  2.44855E+14 0.00102 
   68   68    1    1    1    1    1    1    1    1  2.18095E+14 0.00098 
   69   69    1    1    1    1    1    1    1    1  2.62193E+14 0.00141 
   70   70    1    1    1    1    1    1    1    1  2.22543E+14 0.00096 
   71   71    1    1    1    1    1    1    1    1  4.02751E+14 0.00087 
   72   72    1    1    1    1    1    1    1    1  2.85372E+14 0.00125 
   73   73    1    1    1    1    1    1    1    1  2.16332E+14 0.00118 
   74   74    1    1    1    1    1    1    1    1  1.75742E+14 0.00113 
   75   75    1    1    1    1    1    1    1    1  1.47770E+14 0.00171 
   76   76    1    1    1    1    1    1    1    1  1.72984E+14 0.00115 
   77   77    1    1    1    1    1    1    1    1  1.38463E+14 0.00111 
   78   78    1    1    1    1    1    1    1    1  1.10782E+14 0.00166 
   79   79    1    1    1    1    1    1    1    1  1.15229E+14 0.00131 
   80   80    1    1    1    1    1    1    1    1  8.57359E+13 0.00195 
   81   81    1    1    1    1    1    1    1    1  6.61899E+13 0.00133 
   82   82    1    1    1    1    1    1    1    1  5.09042E+13 0.00197 
   83   83    1    1    1    1    1    1    1    1  4.75082E+13 0.00209 
   84   84    1    1    1    1    1    1    1    1  3.42419E+13 0.00184 
   85   85    1    1    1    1    1    1    1    1  2.45802E+13 0.00297 
   86   86    1    1    1    1    1    1    1    1  2.30186E+13 0.00293 
   87   87    1    1    1    1    1    1    1    1  1.41338E+13 0.00386 
   88   88    1    1    1    1    1    1    1    1  9.41401E+12 0.00482 
   89   89    1    1    1    1    1    1    1    1  5.36058E+12 0.00677 
   90   90    1    1    1    1    1    1    1    1  3.58941E+12 0.00868 
   91   91    1    1    1    1    1    1    1    1  1.74570E+12 0.01226 
   92   92    1    1    1    1    1    1    1    1  8.69072E+11 0.01782 
   93   93    1    1    1    1    1    1    1    1  4.10330E+11 0.02411 
   94   94    1    1    1    1    1    1    1    1  2.02483E+11 0.03787 
   95   95    1    1    1    1    1    1    1    1  9.81949E+10 0.06637 
   96   96    1    1    1    1    1    1    1    1  3.92724E+10 0.07268 
   97   97    1    1    1    1    1    1    1    1  1.87308E+10 0.12716 
   98   98    1    1    1    1    1    1    1    1  1.18901E+10 0.12625 
   99   99    1    1    1    1    1    1    1    1  5.16471E+09 0.20004 
  100  100    1    1    1    1    1    1    1    1  3.39650E+09 0.27017 
];


