
DETdpaspec = [
    1    1    1    1    1    1    1    1    1    1  0.00000E+00 0.00000 
    2    2    1    1    1    1    1    1    1    1  0.00000E+00 0.00000 
    3    3    1    1    1    1    1    1    1    1  0.00000E+00 0.00000 
    4    4    1    1    1    1    1    1    1    1  0.00000E+00 0.00000 
    5    5    1    1    1    1    1    1    1    1  0.00000E+00 0.00000 
    6    6    1    1    1    1    1    1    1    1  0.00000E+00 0.00000 
    7    7    1    1    1    1    1    1    1    1  0.00000E+00 0.00000 
    8    8    1    1    1    1    1    1    1    1  5.33243E+06 1.00000 
    9    9    1    1    1    1    1    1    1    1  0.00000E+00 0.00000 
   10   10    1    1    1    1    1    1    1    1  0.00000E+00 0.00000 
   11   11    1    1    1    1    1    1    1    1  0.00000E+00 0.00000 
   12   12    1    1    1    1    1    1    1    1  7.67901E+06 1.00000 
   13   13    1    1    1    1    1    1    1    1  5.94228E+08 0.55184 
   14   14    1    1    1    1    1    1    1    1  2.25203E+09 0.38761 
   15   15    1    1    1    1    1    1    1    1  7.28857E+08 0.55396 
   16   16    1    1    1    1    1    1    1    1  7.84986E+08 0.32506 
   17   17    1    1    1    1    1    1    1    1  3.98642E+08 0.42376 
   18   18    1    1    1    1    1    1    1    1  1.95047E+09 0.23115 
   19   19    1    1    1    1    1    1    1    1  2.06632E+09 0.33439 
   20   20    1    1    1    1    1    1    1    1  1.01610E+10 0.18562 
   21   21    1    1    1    1    1    1    1    1  7.11247E+09 0.15518 
   22   22    1    1    1    1    1    1    1    1  1.34989E+10 0.14200 
   23   23    1    1    1    1    1    1    1    1  2.14522E+10 0.11297 
   24   24    1    1    1    1    1    1    1    1  3.95734E+10 0.10080 
   25   25    1    1    1    1    1    1    1    1  4.95434E+10 0.05387 
   26   26    1    1    1    1    1    1    1    1  1.02979E+11 0.05656 
   27   27    1    1    1    1    1    1    1    1  2.15575E+11 0.02810 
   28   28    1    1    1    1    1    1    1    1  5.65998E+11 0.02127 
   29   29    1    1    1    1    1    1    1    1  9.48391E+11 0.01563 
   30   30    1    1    1    1    1    1    1    1  2.41396E+12 0.01100 
   31   31    1    1    1    1    1    1    1    1  6.74786E+12 0.00580 
   32   32    1    1    1    1    1    1    1    1  1.16081E+13 0.00593 
   33   33    1    1    1    1    1    1    1    1  2.66486E+13 0.00276 
   34   34    1    1    1    1    1    1    1    1  3.64374E+13 0.00275 
   35   35    1    1    1    1    1    1    1    1  4.39336E+13 0.00221 
   36   36    1    1    1    1    1    1    1    1  2.88364E+13 0.00187 
   37   37    1    1    1    1    1    1    1    1  8.63826E+12 0.00229 
   38   38    1    1    1    1    1    1    1    1  4.87688E+13 0.00184 
   39   39    1    1    1    1    1    1    1    1  6.51907E+13 0.00172 
   40   40    1    1    1    1    1    1    1    1  1.12552E+14 0.00170 
   41   41    1    1    1    1    1    1    1    1  1.10824E+14 0.00112 
   42   42    1    1    1    1    1    1    1    1  2.36311E+14 0.00112 
   43   43    1    1    1    1    1    1    1    1  2.84008E+14 0.00096 
   44   44    1    1    1    1    1    1    1    1  4.07767E+14 0.00108 
   45   45    1    1    1    1    1    1    1    1  8.16685E+14 0.00093 
   46   46    1    1    1    1    1    1    1    1  3.85262E+14 0.00067 
   47   47    1    1    1    1    1    1    1    1  6.11002E+14 0.00063 
   48   48    1    1    1    1    1    1    1    1  8.57575E+14 0.00054 
   49   49    1    1    1    1    1    1    1    1  8.40796E+14 0.00088 
   50   50    1    1    1    1    1    1    1    1  1.33238E+15 0.00073 
   51   51    1    1    1    1    1    1    1    1  1.05425E+15 0.00067 
   52   52    1    1    1    1    1    1    1    1  1.27246E+15 0.00059 
   53   53    1    1    1    1    1    1    1    1  8.88553E+14 0.00063 
   54   54    1    1    1    1    1    1    1    1  1.10615E+15 0.00065 
   55   55    1    1    1    1    1    1    1    1  7.65212E+14 0.00052 
   56   56    1    1    1    1    1    1    1    1  1.03977E+14 0.00101 
   57   57    1    1    1    1    1    1    1    1  1.52170E+15 0.00042 
   58   58    1    1    1    1    1    1    1    1  6.92360E+14 0.00057 
   59   59    1    1    1    1    1    1    1    1  7.39132E+14 0.00064 
   60   60    1    1    1    1    1    1    1    1  5.85602E+14 0.00072 
   61   61    1    1    1    1    1    1    1    1  5.86408E+14 0.00068 
   62   62    1    1    1    1    1    1    1    1  6.10724E+14 0.00080 
   63   63    1    1    1    1    1    1    1    1  5.17268E+14 0.00078 
   64   64    1    1    1    1    1    1    1    1  4.12719E+14 0.00074 
   65   65    1    1    1    1    1    1    1    1  4.12165E+14 0.00091 
   66   66    1    1    1    1    1    1    1    1  3.01563E+14 0.00078 
   67   67    1    1    1    1    1    1    1    1  2.45183E+14 0.00123 
   68   68    1    1    1    1    1    1    1    1  2.19270E+14 0.00132 
   69   69    1    1    1    1    1    1    1    1  2.63890E+14 0.00118 
   70   70    1    1    1    1    1    1    1    1  2.25068E+14 0.00077 
   71   71    1    1    1    1    1    1    1    1  4.08700E+14 0.00099 
   72   72    1    1    1    1    1    1    1    1  2.90571E+14 0.00092 
   73   73    1    1    1    1    1    1    1    1  2.19812E+14 0.00104 
   74   74    1    1    1    1    1    1    1    1  1.78552E+14 0.00131 
   75   75    1    1    1    1    1    1    1    1  1.49176E+14 0.00149 
   76   76    1    1    1    1    1    1    1    1  1.75147E+14 0.00123 
   77   77    1    1    1    1    1    1    1    1  1.39565E+14 0.00131 
   78   78    1    1    1    1    1    1    1    1  1.11438E+14 0.00147 
   79   79    1    1    1    1    1    1    1    1  1.15800E+14 0.00159 
   80   80    1    1    1    1    1    1    1    1  8.61103E+13 0.00163 
   81   81    1    1    1    1    1    1    1    1  6.63122E+13 0.00262 
   82   82    1    1    1    1    1    1    1    1  5.10851E+13 0.00199 
   83   83    1    1    1    1    1    1    1    1  4.77014E+13 0.00247 
   84   84    1    1    1    1    1    1    1    1  3.44098E+13 0.00328 
   85   85    1    1    1    1    1    1    1    1  2.47683E+13 0.00405 
   86   86    1    1    1    1    1    1    1    1  2.31555E+13 0.00328 
   87   87    1    1    1    1    1    1    1    1  1.41868E+13 0.00358 
   88   88    1    1    1    1    1    1    1    1  9.56339E+12 0.00473 
   89   89    1    1    1    1    1    1    1    1  5.52740E+12 0.00614 
   90   90    1    1    1    1    1    1    1    1  3.60678E+12 0.00875 
   91   91    1    1    1    1    1    1    1    1  1.81948E+12 0.01175 
   92   92    1    1    1    1    1    1    1    1  8.52673E+11 0.01690 
   93   93    1    1    1    1    1    1    1    1  4.32116E+11 0.03196 
   94   94    1    1    1    1    1    1    1    1  2.06927E+11 0.03194 
   95   95    1    1    1    1    1    1    1    1  9.24457E+10 0.05019 
   96   96    1    1    1    1    1    1    1    1  5.08794E+10 0.08567 
   97   97    1    1    1    1    1    1    1    1  2.00080E+10 0.10660 
   98   98    1    1    1    1    1    1    1    1  1.12859E+10 0.18821 
   99   99    1    1    1    1    1    1    1    1  4.95393E+09 0.32624 
  100  100    1    1    1    1    1    1    1    1  4.12462E+09 0.21565 
];


