
DETdpaspec = [
    1    1    1    1    1    1    1    1    1    1  0.00000E+00 0.00000 
    2    2    1    1    1    1    1    1    1    1  0.00000E+00 0.00000 
    3    3    1    1    1    1    1    1    1    1  0.00000E+00 0.00000 
    4    4    1    1    1    1    1    1    1    1  0.00000E+00 0.00000 
    5    5    1    1    1    1    1    1    1    1  0.00000E+00 0.00000 
    6    6    1    1    1    1    1    1    1    1  0.00000E+00 0.00000 
    7    7    1    1    1    1    1    1    1    1  0.00000E+00 0.00000 
    8    8    1    1    1    1    1    1    1    1  0.00000E+00 0.00000 
    9    9    1    1    1    1    1    1    1    1  0.00000E+00 0.00000 
   10   10    1    1    1    1    1    1    1    1  0.00000E+00 0.00000 
   11   11    1    1    1    1    1    1    1    1  4.11204E+07 1.00000 
   12   12    1    1    1    1    1    1    1    1  0.00000E+00 0.00000 
   13   13    1    1    1    1    1    1    1    1  1.03828E+08 1.00000 
   14   14    1    1    1    1    1    1    1    1  5.57313E+08 0.59178 
   15   15    1    1    1    1    1    1    1    1  8.61497E+08 0.65467 
   16   16    1    1    1    1    1    1    1    1  2.13452E+08 0.77903 
   17   17    1    1    1    1    1    1    1    1  6.75422E+08 0.61750 
   18   18    1    1    1    1    1    1    1    1  1.07599E+09 0.41529 
   19   19    1    1    1    1    1    1    1    1  1.46960E+09 0.35269 
   20   20    1    1    1    1    1    1    1    1  5.48438E+09 0.23384 
   21   21    1    1    1    1    1    1    1    1  4.63919E+09 0.23388 
   22   22    1    1    1    1    1    1    1    1  8.79255E+09 0.16295 
   23   23    1    1    1    1    1    1    1    1  3.59098E+10 0.09337 
   24   24    1    1    1    1    1    1    1    1  1.14648E+11 0.04262 
   25   25    1    1    1    1    1    1    1    1  2.02386E+11 0.02969 
   26   26    1    1    1    1    1    1    1    1  4.43833E+11 0.01931 
   27   27    1    1    1    1    1    1    1    1  9.26363E+11 0.01231 
   28   28    1    1    1    1    1    1    1    1  2.04467E+12 0.01209 
   29   29    1    1    1    1    1    1    1    1  3.34238E+12 0.00772 
   30   30    1    1    1    1    1    1    1    1  6.80013E+12 0.00559 
   31   31    1    1    1    1    1    1    1    1  1.50402E+13 0.00433 
   32   32    1    1    1    1    1    1    1    1  2.29082E+13 0.00401 
   33   33    1    1    1    1    1    1    1    1  4.67364E+13 0.00298 
   34   34    1    1    1    1    1    1    1    1  5.88569E+13 0.00189 
   35   35    1    1    1    1    1    1    1    1  6.26293E+13 0.00149 
   36   36    1    1    1    1    1    1    1    1  3.84702E+13 0.00139 
   37   37    1    1    1    1    1    1    1    1  1.12744E+13 0.00200 
   38   38    1    1    1    1    1    1    1    1  6.39937E+13 0.00135 
   39   39    1    1    1    1    1    1    1    1  8.43368E+13 0.00160 
   40   40    1    1    1    1    1    1    1    1  1.42989E+14 0.00112 
   41   41    1    1    1    1    1    1    1    1  1.36603E+14 0.00144 
   42   42    1    1    1    1    1    1    1    1  2.88925E+14 0.00129 
   43   43    1    1    1    1    1    1    1    1  3.41791E+14 0.00083 
   44   44    1    1    1    1    1    1    1    1  4.82708E+14 0.00062 
   45   45    1    1    1    1    1    1    1    1  9.40825E+14 0.00057 
   46   46    1    1    1    1    1    1    1    1  4.29532E+14 0.00055 
   47   47    1    1    1    1    1    1    1    1  6.72591E+14 0.00064 
   48   48    1    1    1    1    1    1    1    1  9.26429E+14 0.00058 
   49   49    1    1    1    1    1    1    1    1  8.94914E+14 0.00059 
   50   50    1    1    1    1    1    1    1    1  1.40514E+15 0.00063 
   51   51    1    1    1    1    1    1    1    1  1.08630E+15 0.00070 
   52   52    1    1    1    1    1    1    1    1  1.30706E+15 0.00066 
   53   53    1    1    1    1    1    1    1    1  9.00185E+14 0.00057 
   54   54    1    1    1    1    1    1    1    1  1.12033E+15 0.00043 
   55   55    1    1    1    1    1    1    1    1  7.67827E+14 0.00047 
   56   56    1    1    1    1    1    1    1    1  1.03992E+14 0.00069 
   57   57    1    1    1    1    1    1    1    1  1.51370E+15 0.00044 
   58   58    1    1    1    1    1    1    1    1  6.91760E+14 0.00049 
   59   59    1    1    1    1    1    1    1    1  7.30396E+14 0.00060 
   60   60    1    1    1    1    1    1    1    1  5.81616E+14 0.00072 
   61   61    1    1    1    1    1    1    1    1  5.79247E+14 0.00054 
   62   62    1    1    1    1    1    1    1    1  6.01135E+14 0.00090 
   63   63    1    1    1    1    1    1    1    1  5.07567E+14 0.00083 
   64   64    1    1    1    1    1    1    1    1  4.03430E+14 0.00089 
   65   65    1    1    1    1    1    1    1    1  4.00494E+14 0.00072 
   66   66    1    1    1    1    1    1    1    1  2.92312E+14 0.00122 
   67   67    1    1    1    1    1    1    1    1  2.36036E+14 0.00092 
   68   68    1    1    1    1    1    1    1    1  2.10272E+14 0.00101 
   69   69    1    1    1    1    1    1    1    1  2.52035E+14 0.00112 
   70   70    1    1    1    1    1    1    1    1  2.13943E+14 0.00093 
   71   71    1    1    1    1    1    1    1    1  3.83211E+14 0.00121 
   72   72    1    1    1    1    1    1    1    1  2.70820E+14 0.00085 
   73   73    1    1    1    1    1    1    1    1  2.04903E+14 0.00158 
   74   74    1    1    1    1    1    1    1    1  1.67163E+14 0.00133 
   75   75    1    1    1    1    1    1    1    1  1.40406E+14 0.00125 
   76   76    1    1    1    1    1    1    1    1  1.64514E+14 0.00098 
   77   77    1    1    1    1    1    1    1    1  1.31542E+14 0.00110 
   78   78    1    1    1    1    1    1    1    1  1.05434E+14 0.00148 
   79   79    1    1    1    1    1    1    1    1  1.09499E+14 0.00136 
   80   80    1    1    1    1    1    1    1    1  8.13672E+13 0.00197 
   81   81    1    1    1    1    1    1    1    1  6.28802E+13 0.00221 
   82   82    1    1    1    1    1    1    1    1  4.81890E+13 0.00152 
   83   83    1    1    1    1    1    1    1    1  4.50820E+13 0.00221 
   84   84    1    1    1    1    1    1    1    1  3.23259E+13 0.00271 
   85   85    1    1    1    1    1    1    1    1  2.34265E+13 0.00372 
   86   86    1    1    1    1    1    1    1    1  2.16085E+13 0.00295 
   87   87    1    1    1    1    1    1    1    1  1.32031E+13 0.00397 
   88   88    1    1    1    1    1    1    1    1  8.89352E+12 0.00449 
   89   89    1    1    1    1    1    1    1    1  5.08554E+12 0.00739 
   90   90    1    1    1    1    1    1    1    1  3.27427E+12 0.00960 
   91   91    1    1    1    1    1    1    1    1  1.65607E+12 0.01161 
   92   92    1    1    1    1    1    1    1    1  7.69455E+11 0.01428 
   93   93    1    1    1    1    1    1    1    1  3.69660E+11 0.01971 
   94   94    1    1    1    1    1    1    1    1  1.87845E+11 0.03442 
   95   95    1    1    1    1    1    1    1    1  8.93291E+10 0.05306 
   96   96    1    1    1    1    1    1    1    1  4.17517E+10 0.08779 
   97   97    1    1    1    1    1    1    1    1  2.10724E+10 0.10225 
   98   98    1    1    1    1    1    1    1    1  8.51726E+09 0.16487 
   99   99    1    1    1    1    1    1    1    1  5.18072E+09 0.22225 
  100  100    1    1    1    1    1    1    1    1  5.96525E+09 0.17619 
];


