
DETdpaspec = [
    1    1    1    1    1    1    1    1    1    1  0.00000E+00 0.00000 
    2    2    1    1    1    1    1    1    1    1  0.00000E+00 0.00000 
    3    3    1    1    1    1    1    1    1    1  0.00000E+00 0.00000 
    4    4    1    1    1    1    1    1    1    1  0.00000E+00 0.00000 
    5    5    1    1    1    1    1    1    1    1  0.00000E+00 0.00000 
    6    6    1    1    1    1    1    1    1    1  0.00000E+00 0.00000 
    7    7    1    1    1    1    1    1    1    1  0.00000E+00 0.00000 
    8    8    1    1    1    1    1    1    1    1  0.00000E+00 0.00000 
    9    9    1    1    1    1    1    1    1    1  8.02924E+06 1.00000 
   10   10    1    1    1    1    1    1    1    1  2.88053E+07 1.00000 
   11   11    1    1    1    1    1    1    1    1  0.00000E+00 0.00000 
   12   12    1    1    1    1    1    1    1    1  1.25324E+07 1.00000 
   13   13    1    1    1    1    1    1    1    1  3.45168E+08 0.60055 
   14   14    1    1    1    1    1    1    1    1  1.45295E+09 0.37500 
   15   15    1    1    1    1    1    1    1    1  1.36205E+09 0.31706 
   16   16    1    1    1    1    1    1    1    1  4.88938E+08 0.33513 
   17   17    1    1    1    1    1    1    1    1  7.50142E+08 0.31846 
   18   18    1    1    1    1    1    1    1    1  2.23599E+09 0.25537 
   19   19    1    1    1    1    1    1    1    1  3.79245E+09 0.15747 
   20   20    1    1    1    1    1    1    1    1  9.35433E+09 0.16230 
   21   21    1    1    1    1    1    1    1    1  8.24946E+09 0.10885 
   22   22    1    1    1    1    1    1    1    1  1.61872E+10 0.09769 
   23   23    1    1    1    1    1    1    1    1  2.49003E+10 0.07614 
   24   24    1    1    1    1    1    1    1    1  4.54056E+10 0.07568 
   25   25    1    1    1    1    1    1    1    1  6.13909E+10 0.07989 
   26   26    1    1    1    1    1    1    1    1  9.67088E+10 0.04726 
   27   27    1    1    1    1    1    1    1    1  1.72374E+11 0.05108 
   28   28    1    1    1    1    1    1    1    1  3.33608E+11 0.03156 
   29   29    1    1    1    1    1    1    1    1  5.42612E+11 0.02113 
   30   30    1    1    1    1    1    1    1    1  1.51426E+12 0.01510 
   31   31    1    1    1    1    1    1    1    1  4.59935E+12 0.00589 
   32   32    1    1    1    1    1    1    1    1  8.46962E+12 0.00630 
   33   33    1    1    1    1    1    1    1    1  1.97674E+13 0.00404 
   34   34    1    1    1    1    1    1    1    1  2.71281E+13 0.00371 
   35   35    1    1    1    1    1    1    1    1  3.69543E+13 0.00213 
   36   36    1    1    1    1    1    1    1    1  2.57430E+13 0.00235 
   37   37    1    1    1    1    1    1    1    1  7.96066E+12 0.00262 
   38   38    1    1    1    1    1    1    1    1  4.37852E+13 0.00212 
   39   39    1    1    1    1    1    1    1    1  5.87828E+13 0.00186 
   40   40    1    1    1    1    1    1    1    1  1.00533E+14 0.00170 
   41   41    1    1    1    1    1    1    1    1  1.02024E+14 0.00148 
   42   42    1    1    1    1    1    1    1    1  2.13822E+14 0.00143 
   43   43    1    1    1    1    1    1    1    1  2.58923E+14 0.00108 
   44   44    1    1    1    1    1    1    1    1  3.73606E+14 0.00090 
   45   45    1    1    1    1    1    1    1    1  7.46066E+14 0.00067 
   46   46    1    1    1    1    1    1    1    1  3.59308E+14 0.00085 
   47   47    1    1    1    1    1    1    1    1  5.76736E+14 0.00070 
   48   48    1    1    1    1    1    1    1    1  8.12878E+14 0.00038 
   49   49    1    1    1    1    1    1    1    1  8.05565E+14 0.00062 
   50   50    1    1    1    1    1    1    1    1  1.26616E+15 0.00069 
   51   51    1    1    1    1    1    1    1    1  1.02449E+15 0.00065 
   52   52    1    1    1    1    1    1    1    1  1.21813E+15 0.00067 
   53   53    1    1    1    1    1    1    1    1  8.58359E+14 0.00075 
   54   54    1    1    1    1    1    1    1    1  1.05257E+15 0.00030 
   55   55    1    1    1    1    1    1    1    1  7.32269E+14 0.00072 
   56   56    1    1    1    1    1    1    1    1  1.00259E+14 0.00119 
   57   57    1    1    1    1    1    1    1    1  1.46385E+15 0.00058 
   58   58    1    1    1    1    1    1    1    1  6.52136E+14 0.00081 
   59   59    1    1    1    1    1    1    1    1  7.01337E+14 0.00076 
   60   60    1    1    1    1    1    1    1    1  5.47447E+14 0.00069 
   61   61    1    1    1    1    1    1    1    1  5.50941E+14 0.00095 
   62   62    1    1    1    1    1    1    1    1  5.73484E+14 0.00073 
   63   63    1    1    1    1    1    1    1    1  4.84574E+14 0.00107 
   64   64    1    1    1    1    1    1    1    1  3.87904E+14 0.00080 
   65   65    1    1    1    1    1    1    1    1  3.86129E+14 0.00110 
   66   66    1    1    1    1    1    1    1    1  2.82651E+14 0.00109 
   67   67    1    1    1    1    1    1    1    1  2.31505E+14 0.00093 
   68   68    1    1    1    1    1    1    1    1  2.07307E+14 0.00104 
   69   69    1    1    1    1    1    1    1    1  2.50352E+14 0.00083 
   70   70    1    1    1    1    1    1    1    1  2.13764E+14 0.00127 
   71   71    1    1    1    1    1    1    1    1  3.93381E+14 0.00093 
   72   72    1    1    1    1    1    1    1    1  2.80557E+14 0.00116 
   73   73    1    1    1    1    1    1    1    1  2.12709E+14 0.00120 
   74   74    1    1    1    1    1    1    1    1  1.70889E+14 0.00125 
   75   75    1    1    1    1    1    1    1    1  1.41236E+14 0.00172 
   76   76    1    1    1    1    1    1    1    1  1.63308E+14 0.00114 
   77   77    1    1    1    1    1    1    1    1  1.28493E+14 0.00125 
   78   78    1    1    1    1    1    1    1    1  1.01900E+14 0.00190 
   79   79    1    1    1    1    1    1    1    1  1.05078E+14 0.00141 
   80   80    1    1    1    1    1    1    1    1  7.77075E+13 0.00162 
   81   81    1    1    1    1    1    1    1    1  5.98690E+13 0.00234 
   82   82    1    1    1    1    1    1    1    1  4.60807E+13 0.00299 
   83   83    1    1    1    1    1    1    1    1  4.28420E+13 0.00227 
   84   84    1    1    1    1    1    1    1    1  3.07833E+13 0.00334 
   85   85    1    1    1    1    1    1    1    1  2.21682E+13 0.00289 
   86   86    1    1    1    1    1    1    1    1  2.07514E+13 0.00394 
   87   87    1    1    1    1    1    1    1    1  1.29380E+13 0.00521 
   88   88    1    1    1    1    1    1    1    1  8.67438E+12 0.00420 
   89   89    1    1    1    1    1    1    1    1  4.98531E+12 0.00655 
   90   90    1    1    1    1    1    1    1    1  3.27634E+12 0.01059 
   91   91    1    1    1    1    1    1    1    1  1.63403E+12 0.01357 
   92   92    1    1    1    1    1    1    1    1  7.97647E+11 0.02019 
   93   93    1    1    1    1    1    1    1    1  4.09987E+11 0.02084 
   94   94    1    1    1    1    1    1    1    1  1.88579E+11 0.03967 
   95   95    1    1    1    1    1    1    1    1  9.18794E+10 0.04858 
   96   96    1    1    1    1    1    1    1    1  4.06253E+10 0.07944 
   97   97    1    1    1    1    1    1    1    1  2.11465E+10 0.14226 
   98   98    1    1    1    1    1    1    1    1  9.41430E+09 0.18936 
   99   99    1    1    1    1    1    1    1    1  2.95032E+09 0.32463 
  100  100    1    1    1    1    1    1    1    1  4.87536E+09 0.25726 
];


