
DETdpaspec = [
    1    1    1    1    1    1    1    1    1    1  0.00000E+00 0.00000 
    2    2    1    1    1    1    1    1    1    1  0.00000E+00 0.00000 
    3    3    1    1    1    1    1    1    1    1  0.00000E+00 0.00000 
    4    4    1    1    1    1    1    1    1    1  0.00000E+00 0.00000 
    5    5    1    1    1    1    1    1    1    1  0.00000E+00 0.00000 
    6    6    1    1    1    1    1    1    1    1  0.00000E+00 0.00000 
    7    7    1    1    1    1    1    1    1    1  0.00000E+00 0.00000 
    8    8    1    1    1    1    1    1    1    1  6.41727E+06 1.00000 
    9    9    1    1    1    1    1    1    1    1  9.84553E+06 0.69195 
   10   10    1    1    1    1    1    1    1    1  0.00000E+00 0.00000 
   11   11    1    1    1    1    1    1    1    1  0.00000E+00 0.00000 
   12   12    1    1    1    1    1    1    1    1  3.67901E+07 1.00000 
   13   13    1    1    1    1    1    1    1    1  8.01654E+08 0.55172 
   14   14    1    1    1    1    1    1    1    1  4.96672E+08 0.59843 
   15   15    1    1    1    1    1    1    1    1  1.32781E+09 0.36607 
   16   16    1    1    1    1    1    1    1    1  8.21732E+08 0.46534 
   17   17    1    1    1    1    1    1    1    1  1.03526E+09 0.32656 
   18   18    1    1    1    1    1    1    1    1  1.50899E+09 0.49644 
   19   19    1    1    1    1    1    1    1    1  2.68806E+09 0.26267 
   20   20    1    1    1    1    1    1    1    1  4.27126E+09 0.22558 
   21   21    1    1    1    1    1    1    1    1  6.00395E+09 0.16162 
   22   22    1    1    1    1    1    1    1    1  1.13894E+10 0.14927 
   23   23    1    1    1    1    1    1    1    1  2.37686E+10 0.12129 
   24   24    1    1    1    1    1    1    1    1  6.84798E+10 0.07896 
   25   25    1    1    1    1    1    1    1    1  1.17341E+11 0.05496 
   26   26    1    1    1    1    1    1    1    1  2.52536E+11 0.03110 
   27   27    1    1    1    1    1    1    1    1  5.81237E+11 0.01844 
   28   28    1    1    1    1    1    1    1    1  1.32257E+12 0.01259 
   29   29    1    1    1    1    1    1    1    1  2.27131E+12 0.00712 
   30   30    1    1    1    1    1    1    1    1  4.93736E+12 0.00581 
   31   31    1    1    1    1    1    1    1    1  1.18436E+13 0.00460 
   32   32    1    1    1    1    1    1    1    1  1.85935E+13 0.00405 
   33   33    1    1    1    1    1    1    1    1  3.93372E+13 0.00201 
   34   34    1    1    1    1    1    1    1    1  5.09248E+13 0.00185 
   35   35    1    1    1    1    1    1    1    1  5.62172E+13 0.00196 
   36   36    1    1    1    1    1    1    1    1  3.52284E+13 0.00219 
   37   37    1    1    1    1    1    1    1    1  1.03670E+13 0.00242 
   38   38    1    1    1    1    1    1    1    1  5.88191E+13 0.00188 
   39   39    1    1    1    1    1    1    1    1  7.78781E+13 0.00130 
   40   40    1    1    1    1    1    1    1    1  1.32816E+14 0.00145 
   41   41    1    1    1    1    1    1    1    1  1.28044E+14 0.00154 
   42   42    1    1    1    1    1    1    1    1  2.71831E+14 0.00092 
   43   43    1    1    1    1    1    1    1    1  3.24254E+14 0.00093 
   44   44    1    1    1    1    1    1    1    1  4.58732E+14 0.00082 
   45   45    1    1    1    1    1    1    1    1  9.03983E+14 0.00061 
   46   46    1    1    1    1    1    1    1    1  4.16636E+14 0.00099 
   47   47    1    1    1    1    1    1    1    1  6.55855E+14 0.00089 
   48   48    1    1    1    1    1    1    1    1  9.08434E+14 0.00046 
   49   49    1    1    1    1    1    1    1    1  8.80675E+14 0.00048 
   50   50    1    1    1    1    1    1    1    1  1.38693E+15 0.00054 
   51   51    1    1    1    1    1    1    1    1  1.07885E+15 0.00051 
   52   52    1    1    1    1    1    1    1    1  1.30047E+15 0.00062 
   53   53    1    1    1    1    1    1    1    1  8.99974E+14 0.00062 
   54   54    1    1    1    1    1    1    1    1  1.12188E+15 0.00065 
   55   55    1    1    1    1    1    1    1    1  7.71130E+14 0.00076 
   56   56    1    1    1    1    1    1    1    1  1.04402E+14 0.00125 
   57   57    1    1    1    1    1    1    1    1  1.52421E+15 0.00051 
   58   58    1    1    1    1    1    1    1    1  6.96241E+14 0.00054 
   59   59    1    1    1    1    1    1    1    1  7.37878E+14 0.00044 
   60   60    1    1    1    1    1    1    1    1  5.86384E+14 0.00056 
   61   61    1    1    1    1    1    1    1    1  5.85538E+14 0.00064 
   62   62    1    1    1    1    1    1    1    1  6.09519E+14 0.00052 
   63   63    1    1    1    1    1    1    1    1  5.14286E+14 0.00061 
   64   64    1    1    1    1    1    1    1    1  4.10306E+14 0.00046 
   65   65    1    1    1    1    1    1    1    1  4.07568E+14 0.00093 
   66   66    1    1    1    1    1    1    1    1  2.97964E+14 0.00085 
   67   67    1    1    1    1    1    1    1    1  2.41162E+14 0.00097 
   68   68    1    1    1    1    1    1    1    1  2.15160E+14 0.00119 
   69   69    1    1    1    1    1    1    1    1  2.58209E+14 0.00096 
   70   70    1    1    1    1    1    1    1    1  2.19399E+14 0.00103 
   71   71    1    1    1    1    1    1    1    1  3.94395E+14 0.00090 
   72   72    1    1    1    1    1    1    1    1  2.78771E+14 0.00104 
   73   73    1    1    1    1    1    1    1    1  2.11049E+14 0.00093 
   74   74    1    1    1    1    1    1    1    1  1.72128E+14 0.00099 
   75   75    1    1    1    1    1    1    1    1  1.44774E+14 0.00105 
   76   76    1    1    1    1    1    1    1    1  1.69815E+14 0.00135 
   77   77    1    1    1    1    1    1    1    1  1.35747E+14 0.00122 
   78   78    1    1    1    1    1    1    1    1  1.08828E+14 0.00145 
   79   79    1    1    1    1    1    1    1    1  1.13198E+14 0.00129 
   80   80    1    1    1    1    1    1    1    1  8.42914E+13 0.00145 
   81   81    1    1    1    1    1    1    1    1  6.48962E+13 0.00128 
   82   82    1    1    1    1    1    1    1    1  4.98964E+13 0.00239 
   83   83    1    1    1    1    1    1    1    1  4.68348E+13 0.00197 
   84   84    1    1    1    1    1    1    1    1  3.33452E+13 0.00356 
   85   85    1    1    1    1    1    1    1    1  2.40315E+13 0.00262 
   86   86    1    1    1    1    1    1    1    1  2.25083E+13 0.00346 
   87   87    1    1    1    1    1    1    1    1  1.37972E+13 0.00349 
   88   88    1    1    1    1    1    1    1    1  9.13499E+12 0.00392 
   89   89    1    1    1    1    1    1    1    1  5.23747E+12 0.00698 
   90   90    1    1    1    1    1    1    1    1  3.47483E+12 0.00909 
   91   91    1    1    1    1    1    1    1    1  1.73432E+12 0.01406 
   92   92    1    1    1    1    1    1    1    1  8.15438E+11 0.01827 
   93   93    1    1    1    1    1    1    1    1  4.08610E+11 0.02455 
   94   94    1    1    1    1    1    1    1    1  1.86996E+11 0.02696 
   95   95    1    1    1    1    1    1    1    1  8.94894E+10 0.05155 
   96   96    1    1    1    1    1    1    1    1  4.31052E+10 0.05956 
   97   97    1    1    1    1    1    1    1    1  2.11176E+10 0.14583 
   98   98    1    1    1    1    1    1    1    1  1.00055E+10 0.15662 
   99   99    1    1    1    1    1    1    1    1  4.88990E+09 0.23609 
  100  100    1    1    1    1    1    1    1    1  3.57134E+09 0.25824 
];


