
DETdpaspec = [
    1    1    1    1    1    1    1    1    1    1  0.00000E+00 0.00000 
    2    2    1    1    1    1    1    1    1    1  0.00000E+00 0.00000 
    3    3    1    1    1    1    1    1    1    1  0.00000E+00 0.00000 
    4    4    1    1    1    1    1    1    1    1  0.00000E+00 0.00000 
    5    5    1    1    1    1    1    1    1    1  0.00000E+00 0.00000 
    6    6    1    1    1    1    1    1    1    1  0.00000E+00 0.00000 
    7    7    1    1    1    1    1    1    1    1  0.00000E+00 0.00000 
    8    8    1    1    1    1    1    1    1    1  6.53598E+06 1.00000 
    9    9    1    1    1    1    1    1    1    1  0.00000E+00 0.00000 
   10   10    1    1    1    1    1    1    1    1  3.50916E+07 0.70194 
   11   11    1    1    1    1    1    1    1    1  0.00000E+00 0.00000 
   12   12    1    1    1    1    1    1    1    1  5.28562E+07 0.54830 
   13   13    1    1    1    1    1    1    1    1  4.12515E+08 0.49675 
   14   14    1    1    1    1    1    1    1    1  4.37072E+08 0.87613 
   15   15    1    1    1    1    1    1    1    1  2.08578E+09 0.38737 
   16   16    1    1    1    1    1    1    1    1  6.43789E+08 0.53402 
   17   17    1    1    1    1    1    1    1    1  6.51028E+08 0.40007 
   18   18    1    1    1    1    1    1    1    1  8.65548E+08 0.30202 
   19   19    1    1    1    1    1    1    1    1  1.83724E+09 0.25840 
   20   20    1    1    1    1    1    1    1    1  6.60905E+09 0.18299 
   21   21    1    1    1    1    1    1    1    1  6.34246E+09 0.13832 
   22   22    1    1    1    1    1    1    1    1  1.24209E+10 0.11750 
   23   23    1    1    1    1    1    1    1    1  2.00900E+10 0.06948 
   24   24    1    1    1    1    1    1    1    1  3.65678E+10 0.06169 
   25   25    1    1    1    1    1    1    1    1  5.37138E+10 0.07419 
   26   26    1    1    1    1    1    1    1    1  8.15849E+10 0.06123 
   27   27    1    1    1    1    1    1    1    1  1.68684E+11 0.03765 
   28   28    1    1    1    1    1    1    1    1  4.08555E+11 0.02707 
   29   29    1    1    1    1    1    1    1    1  6.91296E+11 0.01749 
   30   30    1    1    1    1    1    1    1    1  1.86064E+12 0.01427 
   31   31    1    1    1    1    1    1    1    1  5.50915E+12 0.01086 
   32   32    1    1    1    1    1    1    1    1  9.84781E+12 0.00700 
   33   33    1    1    1    1    1    1    1    1  2.28559E+13 0.00448 
   34   34    1    1    1    1    1    1    1    1  3.15274E+13 0.00354 
   35   35    1    1    1    1    1    1    1    1  3.98011E+13 0.00285 
   36   36    1    1    1    1    1    1    1    1  2.68542E+13 0.00236 
   37   37    1    1    1    1    1    1    1    1  8.11481E+12 0.00221 
   38   38    1    1    1    1    1    1    1    1  4.56715E+13 0.00221 
   39   39    1    1    1    1    1    1    1    1  6.10936E+13 0.00198 
   40   40    1    1    1    1    1    1    1    1  1.05510E+14 0.00116 
   41   41    1    1    1    1    1    1    1    1  1.05381E+14 0.00174 
   42   42    1    1    1    1    1    1    1    1  2.24521E+14 0.00133 
   43   43    1    1    1    1    1    1    1    1  2.71038E+14 0.00120 
   44   44    1    1    1    1    1    1    1    1  3.90162E+14 0.00118 
   45   45    1    1    1    1    1    1    1    1  7.83543E+14 0.00103 
   46   46    1    1    1    1    1    1    1    1  3.72577E+14 0.00085 
   47   47    1    1    1    1    1    1    1    1  5.94689E+14 0.00104 
   48   48    1    1    1    1    1    1    1    1  8.36897E+14 0.00095 
   49   49    1    1    1    1    1    1    1    1  8.24393E+14 0.00071 
   50   50    1    1    1    1    1    1    1    1  1.30691E+15 0.00040 
   51   51    1    1    1    1    1    1    1    1  1.04224E+15 0.00055 
   52   52    1    1    1    1    1    1    1    1  1.25437E+15 0.00050 
   53   53    1    1    1    1    1    1    1    1  8.79800E+14 0.00051 
   54   54    1    1    1    1    1    1    1    1  1.09048E+15 0.00039 
   55   55    1    1    1    1    1    1    1    1  7.56266E+14 0.00055 
   56   56    1    1    1    1    1    1    1    1  1.02948E+14 0.00093 
   57   57    1    1    1    1    1    1    1    1  1.50687E+15 0.00057 
   58   58    1    1    1    1    1    1    1    1  6.81989E+14 0.00074 
   59   59    1    1    1    1    1    1    1    1  7.29566E+14 0.00075 
   60   60    1    1    1    1    1    1    1    1  5.75805E+14 0.00057 
   61   61    1    1    1    1    1    1    1    1  5.78004E+14 0.00076 
   62   62    1    1    1    1    1    1    1    1  6.02180E+14 0.00072 
   63   63    1    1    1    1    1    1    1    1  5.10443E+14 0.00072 
   64   64    1    1    1    1    1    1    1    1  4.07947E+14 0.00087 
   65   65    1    1    1    1    1    1    1    1  4.07149E+14 0.00094 
   66   66    1    1    1    1    1    1    1    1  2.98268E+14 0.00084 
   67   67    1    1    1    1    1    1    1    1  2.42701E+14 0.00121 
   68   68    1    1    1    1    1    1    1    1  2.17247E+14 0.00129 
   69   69    1    1    1    1    1    1    1    1  2.61604E+14 0.00132 
   70   70    1    1    1    1    1    1    1    1  2.23550E+14 0.00121 
   71   71    1    1    1    1    1    1    1    1  4.08940E+14 0.00086 
   72   72    1    1    1    1    1    1    1    1  2.90254E+14 0.00104 
   73   73    1    1    1    1    1    1    1    1  2.20297E+14 0.00092 
   74   74    1    1    1    1    1    1    1    1  1.78667E+14 0.00142 
   75   75    1    1    1    1    1    1    1    1  1.48582E+14 0.00131 
   76   76    1    1    1    1    1    1    1    1  1.73456E+14 0.00154 
   77   77    1    1    1    1    1    1    1    1  1.37650E+14 0.00098 
   78   78    1    1    1    1    1    1    1    1  1.10214E+14 0.00158 
   79   79    1    1    1    1    1    1    1    1  1.13535E+14 0.00166 
   80   80    1    1    1    1    1    1    1    1  8.45851E+13 0.00107 
   81   81    1    1    1    1    1    1    1    1  6.53141E+13 0.00212 
   82   82    1    1    1    1    1    1    1    1  5.01793E+13 0.00195 
   83   83    1    1    1    1    1    1    1    1  4.67394E+13 0.00324 
   84   84    1    1    1    1    1    1    1    1  3.36399E+13 0.00295 
   85   85    1    1    1    1    1    1    1    1  2.43222E+13 0.00330 
   86   86    1    1    1    1    1    1    1    1  2.25930E+13 0.00419 
   87   87    1    1    1    1    1    1    1    1  1.39765E+13 0.00425 
   88   88    1    1    1    1    1    1    1    1  9.38280E+12 0.00527 
   89   89    1    1    1    1    1    1    1    1  5.27098E+12 0.00571 
   90   90    1    1    1    1    1    1    1    1  3.55129E+12 0.00740 
   91   91    1    1    1    1    1    1    1    1  1.81987E+12 0.01213 
   92   92    1    1    1    1    1    1    1    1  8.74620E+11 0.01700 
   93   93    1    1    1    1    1    1    1    1  4.00365E+11 0.02221 
   94   94    1    1    1    1    1    1    1    1  1.95441E+11 0.03356 
   95   95    1    1    1    1    1    1    1    1  9.39223E+10 0.05163 
   96   96    1    1    1    1    1    1    1    1  4.01499E+10 0.07394 
   97   97    1    1    1    1    1    1    1    1  2.14629E+10 0.11855 
   98   98    1    1    1    1    1    1    1    1  1.06901E+10 0.10995 
   99   99    1    1    1    1    1    1    1    1  6.98985E+09 0.21816 
  100  100    1    1    1    1    1    1    1    1  4.56505E+09 0.27238 
];


