
DETdpaspec = [
    1    1    1    1    1    1    1    1    1    1  0.00000E+00 0.00000 
    2    2    1    1    1    1    1    1    1    1  0.00000E+00 0.00000 
    3    3    1    1    1    1    1    1    1    1  0.00000E+00 0.00000 
    4    4    1    1    1    1    1    1    1    1  0.00000E+00 0.00000 
    5    5    1    1    1    1    1    1    1    1  0.00000E+00 0.00000 
    6    6    1    1    1    1    1    1    1    1  0.00000E+00 0.00000 
    7    7    1    1    1    1    1    1    1    1  0.00000E+00 0.00000 
    8    8    1    1    1    1    1    1    1    1  0.00000E+00 0.00000 
    9    9    1    1    1    1    1    1    1    1  0.00000E+00 0.00000 
   10   10    1    1    1    1    1    1    1    1  2.94391E+07 1.00000 
   11   11    1    1    1    1    1    1    1    1  0.00000E+00 0.00000 
   12   12    1    1    1    1    1    1    1    1  1.83440E+07 0.94250 
   13   13    1    1    1    1    1    1    1    1  6.33755E+08 0.49632 
   14   14    1    1    1    1    1    1    1    1  8.12941E+08 0.49191 
   15   15    1    1    1    1    1    1    1    1  1.76480E+09 0.41426 
   16   16    1    1    1    1    1    1    1    1  6.66427E+08 0.40308 
   17   17    1    1    1    1    1    1    1    1  7.60972E+08 0.32480 
   18   18    1    1    1    1    1    1    1    1  2.31412E+09 0.23285 
   19   19    1    1    1    1    1    1    1    1  2.27573E+09 0.24599 
   20   20    1    1    1    1    1    1    1    1  8.36966E+09 0.13026 
   21   21    1    1    1    1    1    1    1    1  7.83010E+09 0.13333 
   22   22    1    1    1    1    1    1    1    1  1.79236E+10 0.07339 
   23   23    1    1    1    1    1    1    1    1  2.50437E+10 0.09101 
   24   24    1    1    1    1    1    1    1    1  3.83481E+10 0.07547 
   25   25    1    1    1    1    1    1    1    1  5.12223E+10 0.06099 
   26   26    1    1    1    1    1    1    1    1  8.48100E+10 0.04066 
   27   27    1    1    1    1    1    1    1    1  1.61017E+11 0.03318 
   28   28    1    1    1    1    1    1    1    1  4.01706E+11 0.01980 
   29   29    1    1    1    1    1    1    1    1  6.79489E+11 0.01577 
   30   30    1    1    1    1    1    1    1    1  1.80715E+12 0.01432 
   31   31    1    1    1    1    1    1    1    1  5.26911E+12 0.00618 
   32   32    1    1    1    1    1    1    1    1  9.55585E+12 0.00537 
   33   33    1    1    1    1    1    1    1    1  2.22329E+13 0.00282 
   34   34    1    1    1    1    1    1    1    1  3.09900E+13 0.00214 
   35   35    1    1    1    1    1    1    1    1  3.94802E+13 0.00217 
   36   36    1    1    1    1    1    1    1    1  2.67405E+13 0.00268 
   37   37    1    1    1    1    1    1    1    1  8.13998E+12 0.00241 
   38   38    1    1    1    1    1    1    1    1  4.53309E+13 0.00199 
   39   39    1    1    1    1    1    1    1    1  6.08983E+13 0.00208 
   40   40    1    1    1    1    1    1    1    1  1.04816E+14 0.00159 
   41   41    1    1    1    1    1    1    1    1  1.04812E+14 0.00213 
   42   42    1    1    1    1    1    1    1    1  2.22445E+14 0.00123 
   43   43    1    1    1    1    1    1    1    1  2.68906E+14 0.00089 
   44   44    1    1    1    1    1    1    1    1  3.88037E+14 0.00105 
   45   45    1    1    1    1    1    1    1    1  7.77085E+14 0.00093 
   46   46    1    1    1    1    1    1    1    1  3.70179E+14 0.00084 
   47   47    1    1    1    1    1    1    1    1  5.90911E+14 0.00086 
   48   48    1    1    1    1    1    1    1    1  8.32688E+14 0.00058 
   49   49    1    1    1    1    1    1    1    1  8.21134E+14 0.00055 
   50   50    1    1    1    1    1    1    1    1  1.29937E+15 0.00057 
   51   51    1    1    1    1    1    1    1    1  1.03995E+15 0.00067 
   52   52    1    1    1    1    1    1    1    1  1.24952E+15 0.00062 
   53   53    1    1    1    1    1    1    1    1  8.78047E+14 0.00071 
   54   54    1    1    1    1    1    1    1    1  1.08689E+15 0.00060 
   55   55    1    1    1    1    1    1    1    1  7.53635E+14 0.00058 
   56   56    1    1    1    1    1    1    1    1  1.02841E+14 0.00087 
   57   57    1    1    1    1    1    1    1    1  1.50309E+15 0.00039 
   58   58    1    1    1    1    1    1    1    1  6.79412E+14 0.00069 
   59   59    1    1    1    1    1    1    1    1  7.26797E+14 0.00070 
   60   60    1    1    1    1    1    1    1    1  5.73242E+14 0.00088 
   61   61    1    1    1    1    1    1    1    1  5.75501E+14 0.00071 
   62   62    1    1    1    1    1    1    1    1  5.98889E+14 0.00075 
   63   63    1    1    1    1    1    1    1    1  5.07551E+14 0.00075 
   64   64    1    1    1    1    1    1    1    1  4.06113E+14 0.00074 
   65   65    1    1    1    1    1    1    1    1  4.04615E+14 0.00088 
   66   66    1    1    1    1    1    1    1    1  2.96682E+14 0.00109 
   67   67    1    1    1    1    1    1    1    1  2.41529E+14 0.00105 
   68   68    1    1    1    1    1    1    1    1  2.15995E+14 0.00125 
   69   69    1    1    1    1    1    1    1    1  2.60509E+14 0.00112 
   70   70    1    1    1    1    1    1    1    1  2.22044E+14 0.00121 
   71   71    1    1    1    1    1    1    1    1  4.05565E+14 0.00118 
   72   72    1    1    1    1    1    1    1    1  2.89012E+14 0.00100 
   73   73    1    1    1    1    1    1    1    1  2.19465E+14 0.00128 
   74   74    1    1    1    1    1    1    1    1  1.77613E+14 0.00139 
   75   75    1    1    1    1    1    1    1    1  1.48218E+14 0.00173 
   76   76    1    1    1    1    1    1    1    1  1.72360E+14 0.00130 
   77   77    1    1    1    1    1    1    1    1  1.37020E+14 0.00142 
   78   78    1    1    1    1    1    1    1    1  1.08891E+14 0.00104 
   79   79    1    1    1    1    1    1    1    1  1.12593E+14 0.00141 
   80   80    1    1    1    1    1    1    1    1  8.39998E+13 0.00159 
   81   81    1    1    1    1    1    1    1    1  6.47337E+13 0.00273 
   82   82    1    1    1    1    1    1    1    1  4.97090E+13 0.00238 
   83   83    1    1    1    1    1    1    1    1  4.65679E+13 0.00212 
   84   84    1    1    1    1    1    1    1    1  3.34896E+13 0.00253 
   85   85    1    1    1    1    1    1    1    1  2.40536E+13 0.00380 
   86   86    1    1    1    1    1    1    1    1  2.24611E+13 0.00299 
   87   87    1    1    1    1    1    1    1    1  1.38223E+13 0.00378 
   88   88    1    1    1    1    1    1    1    1  9.36747E+12 0.00632 
   89   89    1    1    1    1    1    1    1    1  5.29906E+12 0.00843 
   90   90    1    1    1    1    1    1    1    1  3.50966E+12 0.01003 
   91   91    1    1    1    1    1    1    1    1  1.75418E+12 0.01221 
   92   92    1    1    1    1    1    1    1    1  8.31592E+11 0.02073 
   93   93    1    1    1    1    1    1    1    1  4.06209E+11 0.02516 
   94   94    1    1    1    1    1    1    1    1  2.03055E+11 0.02629 
   95   95    1    1    1    1    1    1    1    1  9.58108E+10 0.05106 
   96   96    1    1    1    1    1    1    1    1  4.43061E+10 0.06098 
   97   97    1    1    1    1    1    1    1    1  2.37126E+10 0.13731 
   98   98    1    1    1    1    1    1    1    1  1.03019E+10 0.12130 
   99   99    1    1    1    1    1    1    1    1  4.53459E+09 0.24490 
  100  100    1    1    1    1    1    1    1    1  3.68166E+09 0.31641 
];


