
DETdpaspec = [
    1    1    1    1    1    1    1    1    1    1  0.00000E+00 0.00000 
    2    2    1    1    1    1    1    1    1    1  0.00000E+00 0.00000 
    3    3    1    1    1    1    1    1    1    1  0.00000E+00 0.00000 
    4    4    1    1    1    1    1    1    1    1  0.00000E+00 0.00000 
    5    5    1    1    1    1    1    1    1    1  0.00000E+00 0.00000 
    6    6    1    1    1    1    1    1    1    1  0.00000E+00 0.00000 
    7    7    1    1    1    1    1    1    1    1  0.00000E+00 0.00000 
    8    8    1    1    1    1    1    1    1    1  0.00000E+00 0.00000 
    9    9    1    1    1    1    1    1    1    1  0.00000E+00 0.00000 
   10   10    1    1    1    1    1    1    1    1  0.00000E+00 0.00000 
   11   11    1    1    1    1    1    1    1    1  0.00000E+00 0.00000 
   12   12    1    1    1    1    1    1    1    1  3.31044E+07 1.00000 
   13   13    1    1    1    1    1    1    1    1  1.34175E+09 0.57999 
   14   14    1    1    1    1    1    1    1    1  1.38299E+09 0.48211 
   15   15    1    1    1    1    1    1    1    1  1.24564E+09 0.46163 
   16   16    1    1    1    1    1    1    1    1  3.68936E+08 1.00000 
   17   17    1    1    1    1    1    1    1    1  5.87871E+08 0.59444 
   18   18    1    1    1    1    1    1    1    1  1.26053E+09 0.39076 
   19   19    1    1    1    1    1    1    1    1  1.18675E+09 0.46415 
   20   20    1    1    1    1    1    1    1    1  3.34708E+09 0.24969 
   21   21    1    1    1    1    1    1    1    1  7.53001E+09 0.19425 
   22   22    1    1    1    1    1    1    1    1  2.49389E+10 0.12049 
   23   23    1    1    1    1    1    1    1    1  8.38577E+10 0.04577 
   24   24    1    1    1    1    1    1    1    1  2.60226E+11 0.04019 
   25   25    1    1    1    1    1    1    1    1  4.33517E+11 0.02811 
   26   26    1    1    1    1    1    1    1    1  8.93867E+11 0.01642 
   27   27    1    1    1    1    1    1    1    1  1.74552E+12 0.01107 
   28   28    1    1    1    1    1    1    1    1  3.37985E+12 0.01245 
   29   29    1    1    1    1    1    1    1    1  5.19267E+12 0.00656 
   30   30    1    1    1    1    1    1    1    1  9.82733E+12 0.00460 
   31   31    1    1    1    1    1    1    1    1  1.99299E+13 0.00389 
   32   32    1    1    1    1    1    1    1    1  2.87207E+13 0.00365 
   33   33    1    1    1    1    1    1    1    1  5.61593E+13 0.00245 
   34   34    1    1    1    1    1    1    1    1  6.84754E+13 0.00148 
   35   35    1    1    1    1    1    1    1    1  7.04887E+13 0.00218 
   36   36    1    1    1    1    1    1    1    1  4.24217E+13 0.00175 
   37   37    1    1    1    1    1    1    1    1  1.23641E+13 0.00197 
   38   38    1    1    1    1    1    1    1    1  6.99087E+13 0.00132 
   39   39    1    1    1    1    1    1    1    1  9.13361E+13 0.00155 
   40   40    1    1    1    1    1    1    1    1  1.54178E+14 0.00164 
   41   41    1    1    1    1    1    1    1    1  1.46283E+14 0.00149 
   42   42    1    1    1    1    1    1    1    1  3.07887E+14 0.00107 
   43   43    1    1    1    1    1    1    1    1  3.61578E+14 0.00104 
   44   44    1    1    1    1    1    1    1    1  5.06679E+14 0.00079 
   45   45    1    1    1    1    1    1    1    1  9.80711E+14 0.00074 
   46   46    1    1    1    1    1    1    1    1  4.43451E+14 0.00082 
   47   47    1    1    1    1    1    1    1    1  6.91834E+14 0.00069 
   48   48    1    1    1    1    1    1    1    1  9.46300E+14 0.00059 
   49   49    1    1    1    1    1    1    1    1  9.07835E+14 0.00046 
   50   50    1    1    1    1    1    1    1    1  1.41775E+15 0.00034 
   51   51    1    1    1    1    1    1    1    1  1.08842E+15 0.00057 
   52   52    1    1    1    1    1    1    1    1  1.30579E+15 0.00051 
   53   53    1    1    1    1    1    1    1    1  8.94465E+14 0.00055 
   54   54    1    1    1    1    1    1    1    1  1.11131E+15 0.00053 
   55   55    1    1    1    1    1    1    1    1  7.60831E+14 0.00052 
   56   56    1    1    1    1    1    1    1    1  1.02622E+14 0.00139 
   57   57    1    1    1    1    1    1    1    1  1.49275E+15 0.00055 
   58   58    1    1    1    1    1    1    1    1  6.80586E+14 0.00061 
   59   59    1    1    1    1    1    1    1    1  7.17267E+14 0.00057 
   60   60    1    1    1    1    1    1    1    1  5.69903E+14 0.00072 
   61   61    1    1    1    1    1    1    1    1  5.67404E+14 0.00057 
   62   62    1    1    1    1    1    1    1    1  5.87033E+14 0.00083 
   63   63    1    1    1    1    1    1    1    1  4.94945E+14 0.00066 
   64   64    1    1    1    1    1    1    1    1  3.92994E+14 0.00080 
   65   65    1    1    1    1    1    1    1    1  3.89785E+14 0.00101 
   66   66    1    1    1    1    1    1    1    1  2.83567E+14 0.00095 
   67   67    1    1    1    1    1    1    1    1  2.28746E+14 0.00072 
   68   68    1    1    1    1    1    1    1    1  2.03794E+14 0.00099 
   69   69    1    1    1    1    1    1    1    1  2.43663E+14 0.00082 
   70   70    1    1    1    1    1    1    1    1  2.06477E+14 0.00081 
   71   71    1    1    1    1    1    1    1    1  3.68242E+14 0.00076 
   72   72    1    1    1    1    1    1    1    1  2.59304E+14 0.00090 
   73   73    1    1    1    1    1    1    1    1  1.95545E+14 0.00125 
   74   74    1    1    1    1    1    1    1    1  1.59422E+14 0.00184 
   75   75    1    1    1    1    1    1    1    1  1.33645E+14 0.00104 
   76   76    1    1    1    1    1    1    1    1  1.56959E+14 0.00146 
   77   77    1    1    1    1    1    1    1    1  1.25553E+14 0.00143 
   78   78    1    1    1    1    1    1    1    1  1.00748E+14 0.00157 
   79   79    1    1    1    1    1    1    1    1  1.04393E+14 0.00110 
   80   80    1    1    1    1    1    1    1    1  7.76120E+13 0.00178 
   81   81    1    1    1    1    1    1    1    1  5.96145E+13 0.00147 
   82   82    1    1    1    1    1    1    1    1  4.56123E+13 0.00200 
   83   83    1    1    1    1    1    1    1    1  4.24055E+13 0.00219 
   84   84    1    1    1    1    1    1    1    1  3.02139E+13 0.00295 
   85   85    1    1    1    1    1    1    1    1  2.18200E+13 0.00272 
   86   86    1    1    1    1    1    1    1    1  2.05685E+13 0.00249 
   87   87    1    1    1    1    1    1    1    1  1.23382E+13 0.00338 
   88   88    1    1    1    1    1    1    1    1  8.22569E+12 0.00452 
   89   89    1    1    1    1    1    1    1    1  4.67779E+12 0.00603 
   90   90    1    1    1    1    1    1    1    1  3.01009E+12 0.00702 
   91   91    1    1    1    1    1    1    1    1  1.50417E+12 0.01358 
   92   92    1    1    1    1    1    1    1    1  7.24845E+11 0.01420 
   93   93    1    1    1    1    1    1    1    1  3.37728E+11 0.02694 
   94   94    1    1    1    1    1    1    1    1  1.55121E+11 0.03664 
   95   95    1    1    1    1    1    1    1    1  7.31350E+10 0.05119 
   96   96    1    1    1    1    1    1    1    1  3.60896E+10 0.06232 
   97   97    1    1    1    1    1    1    1    1  1.70846E+10 0.08104 
   98   98    1    1    1    1    1    1    1    1  9.73645E+09 0.12945 
   99   99    1    1    1    1    1    1    1    1  3.42242E+09 0.37017 
  100  100    1    1    1    1    1    1    1    1  3.60472E+09 0.17757 
];


