
DETdpaspec = [
    1    1    1    1    1    1    1    1    1    1  0.00000E+00 0.00000 
    2    2    1    1    1    1    1    1    1    1  0.00000E+00 0.00000 
    3    3    1    1    1    1    1    1    1    1  0.00000E+00 0.00000 
    4    4    1    1    1    1    1    1    1    1  0.00000E+00 0.00000 
    5    5    1    1    1    1    1    1    1    1  0.00000E+00 0.00000 
    6    6    1    1    1    1    1    1    1    1  0.00000E+00 0.00000 
    7    7    1    1    1    1    1    1    1    1  0.00000E+00 0.00000 
    8    8    1    1    1    1    1    1    1    1  0.00000E+00 0.00000 
    9    9    1    1    1    1    1    1    1    1  8.77555E+06 1.00000 
   10   10    1    1    1    1    1    1    1    1  4.01725E+07 0.70317 
   11   11    1    1    1    1    1    1    1    1  9.82124E+07 0.74626 
   12   12    1    1    1    1    1    1    1    1  3.98004E+07 0.85775 
   13   13    1    1    1    1    1    1    1    1  6.94762E+08 0.59256 
   14   14    1    1    1    1    1    1    1    1  9.31002E+08 0.39731 
   15   15    1    1    1    1    1    1    1    1  1.25787E+09 0.44240 
   16   16    1    1    1    1    1    1    1    1  3.45568E+08 0.50675 
   17   17    1    1    1    1    1    1    1    1  1.07370E+09 0.32628 
   18   18    1    1    1    1    1    1    1    1  1.10020E+09 0.38080 
   19   19    1    1    1    1    1    1    1    1  1.64530E+09 0.40769 
   20   20    1    1    1    1    1    1    1    1  7.35263E+09 0.19772 
   21   21    1    1    1    1    1    1    1    1  6.00847E+09 0.15248 
   22   22    1    1    1    1    1    1    1    1  1.74905E+10 0.10702 
   23   23    1    1    1    1    1    1    1    1  2.03741E+10 0.09169 
   24   24    1    1    1    1    1    1    1    1  3.60530E+10 0.08405 
   25   25    1    1    1    1    1    1    1    1  4.88069E+10 0.07178 
   26   26    1    1    1    1    1    1    1    1  8.53908E+10 0.04573 
   27   27    1    1    1    1    1    1    1    1  1.57502E+11 0.04020 
   28   28    1    1    1    1    1    1    1    1  4.04631E+11 0.02620 
   29   29    1    1    1    1    1    1    1    1  6.83019E+11 0.02337 
   30   30    1    1    1    1    1    1    1    1  1.77400E+12 0.01381 
   31   31    1    1    1    1    1    1    1    1  5.27095E+12 0.00587 
   32   32    1    1    1    1    1    1    1    1  9.51257E+12 0.00659 
   33   33    1    1    1    1    1    1    1    1  2.22350E+13 0.00317 
   34   34    1    1    1    1    1    1    1    1  3.07531E+13 0.00327 
   35   35    1    1    1    1    1    1    1    1  3.92780E+13 0.00279 
   36   36    1    1    1    1    1    1    1    1  2.65634E+13 0.00240 
   37   37    1    1    1    1    1    1    1    1  8.10852E+12 0.00297 
   38   38    1    1    1    1    1    1    1    1  4.52224E+13 0.00170 
   39   39    1    1    1    1    1    1    1    1  6.04926E+13 0.00205 
   40   40    1    1    1    1    1    1    1    1  1.04344E+14 0.00213 
   41   41    1    1    1    1    1    1    1    1  1.04392E+14 0.00161 
   42   42    1    1    1    1    1    1    1    1  2.22142E+14 0.00133 
   43   43    1    1    1    1    1    1    1    1  2.68181E+14 0.00092 
   44   44    1    1    1    1    1    1    1    1  3.87221E+14 0.00093 
   45   45    1    1    1    1    1    1    1    1  7.76430E+14 0.00093 
   46   46    1    1    1    1    1    1    1    1  3.69757E+14 0.00086 
   47   47    1    1    1    1    1    1    1    1  5.91408E+14 0.00084 
   48   48    1    1    1    1    1    1    1    1  8.32930E+14 0.00077 
   49   49    1    1    1    1    1    1    1    1  8.21454E+14 0.00059 
   50   50    1    1    1    1    1    1    1    1  1.30058E+15 0.00044 
   51   51    1    1    1    1    1    1    1    1  1.03969E+15 0.00056 
   52   52    1    1    1    1    1    1    1    1  1.24969E+15 0.00050 
   53   53    1    1    1    1    1    1    1    1  8.76836E+14 0.00049 
   54   54    1    1    1    1    1    1    1    1  1.08645E+15 0.00055 
   55   55    1    1    1    1    1    1    1    1  7.53313E+14 0.00051 
   56   56    1    1    1    1    1    1    1    1  1.02621E+14 0.00120 
   57   57    1    1    1    1    1    1    1    1  1.50309E+15 0.00042 
   58   58    1    1    1    1    1    1    1    1  6.79023E+14 0.00086 
   59   59    1    1    1    1    1    1    1    1  7.25889E+14 0.00055 
   60   60    1    1    1    1    1    1    1    1  5.73214E+14 0.00067 
   61   61    1    1    1    1    1    1    1    1  5.75256E+14 0.00091 
   62   62    1    1    1    1    1    1    1    1  6.00108E+14 0.00076 
   63   63    1    1    1    1    1    1    1    1  5.07976E+14 0.00101 
   64   64    1    1    1    1    1    1    1    1  4.06204E+14 0.00090 
   65   65    1    1    1    1    1    1    1    1  4.05139E+14 0.00088 
   66   66    1    1    1    1    1    1    1    1  2.96684E+14 0.00077 
   67   67    1    1    1    1    1    1    1    1  2.41938E+14 0.00108 
   68   68    1    1    1    1    1    1    1    1  2.16963E+14 0.00104 
   69   69    1    1    1    1    1    1    1    1  2.60705E+14 0.00114 
   70   70    1    1    1    1    1    1    1    1  2.22862E+14 0.00137 
   71   71    1    1    1    1    1    1    1    1  4.06945E+14 0.00108 
   72   72    1    1    1    1    1    1    1    1  2.90363E+14 0.00081 
   73   73    1    1    1    1    1    1    1    1  2.19828E+14 0.00121 
   74   74    1    1    1    1    1    1    1    1  1.77374E+14 0.00133 
   75   75    1    1    1    1    1    1    1    1  1.47808E+14 0.00166 
   76   76    1    1    1    1    1    1    1    1  1.72574E+14 0.00124 
   77   77    1    1    1    1    1    1    1    1  1.36855E+14 0.00141 
   78   78    1    1    1    1    1    1    1    1  1.09224E+14 0.00148 
   79   79    1    1    1    1    1    1    1    1  1.13109E+14 0.00151 
   80   80    1    1    1    1    1    1    1    1  8.39640E+13 0.00210 
   81   81    1    1    1    1    1    1    1    1  6.46836E+13 0.00201 
   82   82    1    1    1    1    1    1    1    1  4.95747E+13 0.00269 
   83   83    1    1    1    1    1    1    1    1  4.63912E+13 0.00253 
   84   84    1    1    1    1    1    1    1    1  3.35137E+13 0.00325 
   85   85    1    1    1    1    1    1    1    1  2.41610E+13 0.00336 
   86   86    1    1    1    1    1    1    1    1  2.25571E+13 0.00266 
   87   87    1    1    1    1    1    1    1    1  1.37213E+13 0.00518 
   88   88    1    1    1    1    1    1    1    1  9.36666E+12 0.00454 
   89   89    1    1    1    1    1    1    1    1  5.36214E+12 0.00685 
   90   90    1    1    1    1    1    1    1    1  3.59921E+12 0.00607 
   91   91    1    1    1    1    1    1    1    1  1.79152E+12 0.01562 
   92   92    1    1    1    1    1    1    1    1  8.81577E+11 0.01884 
   93   93    1    1    1    1    1    1    1    1  4.06698E+11 0.02458 
   94   94    1    1    1    1    1    1    1    1  1.93339E+11 0.03890 
   95   95    1    1    1    1    1    1    1    1  8.77531E+10 0.05198 
   96   96    1    1    1    1    1    1    1    1  4.52350E+10 0.06656 
   97   97    1    1    1    1    1    1    1    1  2.36123E+10 0.15492 
   98   98    1    1    1    1    1    1    1    1  7.78691E+09 0.19420 
   99   99    1    1    1    1    1    1    1    1  4.58346E+09 0.20691 
  100  100    1    1    1    1    1    1    1    1  4.53496E+09 0.29656 
];


