
DETdpaspec = [
    1    1    1    1    1    1    1    1    1    1  0.00000E+00 0.00000 
    2    2    1    1    1    1    1    1    1    1  0.00000E+00 0.00000 
    3    3    1    1    1    1    1    1    1    1  0.00000E+00 0.00000 
    4    4    1    1    1    1    1    1    1    1  0.00000E+00 0.00000 
    5    5    1    1    1    1    1    1    1    1  0.00000E+00 0.00000 
    6    6    1    1    1    1    1    1    1    1  0.00000E+00 0.00000 
    7    7    1    1    1    1    1    1    1    1  0.00000E+00 0.00000 
    8    8    1    1    1    1    1    1    1    1  0.00000E+00 0.00000 
    9    9    1    1    1    1    1    1    1    1  0.00000E+00 0.00000 
   10   10    1    1    1    1    1    1    1    1  0.00000E+00 0.00000 
   11   11    1    1    1    1    1    1    1    1  0.00000E+00 0.00000 
   12   12    1    1    1    1    1    1    1    1  8.96786E+06 1.00000 
   13   13    1    1    1    1    1    1    1    1  4.00050E+08 0.68441 
   14   14    1    1    1    1    1    1    1    1  7.40502E+08 0.58856 
   15   15    1    1    1    1    1    1    1    1  8.06446E+08 0.47626 
   16   16    1    1    1    1    1    1    1    1  2.10298E+08 0.69214 
   17   17    1    1    1    1    1    1    1    1  7.93080E+08 0.29188 
   18   18    1    1    1    1    1    1    1    1  2.83165E+09 0.25133 
   19   19    1    1    1    1    1    1    1    1  1.99751E+09 0.30297 
   20   20    1    1    1    1    1    1    1    1  7.64546E+09 0.13984 
   21   21    1    1    1    1    1    1    1    1  5.82344E+09 0.16155 
   22   22    1    1    1    1    1    1    1    1  9.86501E+09 0.13239 
   23   23    1    1    1    1    1    1    1    1  1.88523E+10 0.08709 
   24   24    1    1    1    1    1    1    1    1  3.89048E+10 0.08402 
   25   25    1    1    1    1    1    1    1    1  5.91860E+10 0.06248 
   26   26    1    1    1    1    1    1    1    1  1.17977E+11 0.02820 
   27   27    1    1    1    1    1    1    1    1  2.69553E+11 0.03294 
   28   28    1    1    1    1    1    1    1    1  6.81008E+11 0.01559 
   29   29    1    1    1    1    1    1    1    1  1.22958E+12 0.01615 
   30   30    1    1    1    1    1    1    1    1  2.99484E+12 0.01186 
   31   31    1    1    1    1    1    1    1    1  8.00644E+12 0.00583 
   32   32    1    1    1    1    1    1    1    1  1.34824E+13 0.00448 
   33   33    1    1    1    1    1    1    1    1  3.00055E+13 0.00338 
   34   34    1    1    1    1    1    1    1    1  4.03429E+13 0.00230 
   35   35    1    1    1    1    1    1    1    1  4.72744E+13 0.00203 
   36   36    1    1    1    1    1    1    1    1  3.07262E+13 0.00190 
   37   37    1    1    1    1    1    1    1    1  9.14565E+12 0.00216 
   38   38    1    1    1    1    1    1    1    1  5.15409E+13 0.00231 
   39   39    1    1    1    1    1    1    1    1  6.85779E+13 0.00197 
   40   40    1    1    1    1    1    1    1    1  1.18111E+14 0.00125 
   41   41    1    1    1    1    1    1    1    1  1.15525E+14 0.00118 
   42   42    1    1    1    1    1    1    1    1  2.45996E+14 0.00119 
   43   43    1    1    1    1    1    1    1    1  2.95677E+14 0.00135 
   44   44    1    1    1    1    1    1    1    1  4.23114E+14 0.00098 
   45   45    1    1    1    1    1    1    1    1  8.42801E+14 0.00074 
   46   46    1    1    1    1    1    1    1    1  3.94612E+14 0.00076 
   47   47    1    1    1    1    1    1    1    1  6.24605E+14 0.00079 
   48   48    1    1    1    1    1    1    1    1  8.72891E+14 0.00069 
   49   49    1    1    1    1    1    1    1    1  8.53530E+14 0.00060 
   50   50    1    1    1    1    1    1    1    1  1.35229E+15 0.00053 
   51   51    1    1    1    1    1    1    1    1  1.06394E+15 0.00055 
   52   52    1    1    1    1    1    1    1    1  1.28230E+15 0.00053 
   53   53    1    1    1    1    1    1    1    1  8.94295E+14 0.00065 
   54   54    1    1    1    1    1    1    1    1  1.11398E+15 0.00052 
   55   55    1    1    1    1    1    1    1    1  7.68973E+14 0.00062 
   56   56    1    1    1    1    1    1    1    1  1.04472E+14 0.00095 
   57   57    1    1    1    1    1    1    1    1  1.52658E+15 0.00050 
   58   58    1    1    1    1    1    1    1    1  6.96542E+14 0.00063 
   59   59    1    1    1    1    1    1    1    1  7.41187E+14 0.00058 
   60   60    1    1    1    1    1    1    1    1  5.88568E+14 0.00087 
   61   61    1    1    1    1    1    1    1    1  5.88646E+14 0.00062 
   62   62    1    1    1    1    1    1    1    1  6.14055E+14 0.00067 
   63   63    1    1    1    1    1    1    1    1  5.19446E+14 0.00094 
   64   64    1    1    1    1    1    1    1    1  4.14226E+14 0.00069 
   65   65    1    1    1    1    1    1    1    1  4.13268E+14 0.00088 
   66   66    1    1    1    1    1    1    1    1  3.02274E+14 0.00113 
   67   67    1    1    1    1    1    1    1    1  2.45263E+14 0.00082 
   68   68    1    1    1    1    1    1    1    1  2.18900E+14 0.00094 
   69   69    1    1    1    1    1    1    1    1  2.63000E+14 0.00112 
   70   70    1    1    1    1    1    1    1    1  2.24303E+14 0.00113 
   71   71    1    1    1    1    1    1    1    1  4.05531E+14 0.00074 
   72   72    1    1    1    1    1    1    1    1  2.87610E+14 0.00108 
   73   73    1    1    1    1    1    1    1    1  2.18728E+14 0.00108 
   74   74    1    1    1    1    1    1    1    1  1.77806E+14 0.00095 
   75   75    1    1    1    1    1    1    1    1  1.48553E+14 0.00137 
   76   76    1    1    1    1    1    1    1    1  1.74243E+14 0.00142 
   77   77    1    1    1    1    1    1    1    1  1.39589E+14 0.00120 
   78   78    1    1    1    1    1    1    1    1  1.11549E+14 0.00193 
   79   79    1    1    1    1    1    1    1    1  1.15632E+14 0.00165 
   80   80    1    1    1    1    1    1    1    1  8.60134E+13 0.00194 
   81   81    1    1    1    1    1    1    1    1  6.63899E+13 0.00212 
   82   82    1    1    1    1    1    1    1    1  5.12071E+13 0.00209 
   83   83    1    1    1    1    1    1    1    1  4.75804E+13 0.00195 
   84   84    1    1    1    1    1    1    1    1  3.45099E+13 0.00242 
   85   85    1    1    1    1    1    1    1    1  2.47984E+13 0.00233 
   86   86    1    1    1    1    1    1    1    1  2.31317E+13 0.00410 
   87   87    1    1    1    1    1    1    1    1  1.43373E+13 0.00324 
   88   88    1    1    1    1    1    1    1    1  9.56564E+12 0.00351 
   89   89    1    1    1    1    1    1    1    1  5.48403E+12 0.00631 
   90   90    1    1    1    1    1    1    1    1  3.64377E+12 0.01061 
   91   91    1    1    1    1    1    1    1    1  1.81832E+12 0.01236 
   92   92    1    1    1    1    1    1    1    1  8.47277E+11 0.02022 
   93   93    1    1    1    1    1    1    1    1  4.06604E+11 0.02868 
   94   94    1    1    1    1    1    1    1    1  1.85364E+11 0.03475 
   95   95    1    1    1    1    1    1    1    1  9.42481E+10 0.04409 
   96   96    1    1    1    1    1    1    1    1  4.55734E+10 0.08663 
   97   97    1    1    1    1    1    1    1    1  2.28561E+10 0.11109 
   98   98    1    1    1    1    1    1    1    1  8.69145E+09 0.14615 
   99   99    1    1    1    1    1    1    1    1  4.35615E+09 0.38996 
  100  100    1    1    1    1    1    1    1    1  3.76110E+09 0.29993 
];


