
DETdpaspec = [
    1    1    1    1    1    1    1    1    1    1  0.00000E+00 0.00000 
    2    2    1    1    1    1    1    1    1    1  0.00000E+00 0.00000 
    3    3    1    1    1    1    1    1    1    1  0.00000E+00 0.00000 
    4    4    1    1    1    1    1    1    1    1  0.00000E+00 0.00000 
    5    5    1    1    1    1    1    1    1    1  0.00000E+00 0.00000 
    6    6    1    1    1    1    1    1    1    1  0.00000E+00 0.00000 
    7    7    1    1    1    1    1    1    1    1  0.00000E+00 0.00000 
    8    8    1    1    1    1    1    1    1    1  0.00000E+00 0.00000 
    9    9    1    1    1    1    1    1    1    1  0.00000E+00 0.00000 
   10   10    1    1    1    1    1    1    1    1  0.00000E+00 0.00000 
   11   11    1    1    1    1    1    1    1    1  1.44276E+08 1.00000 
   12   12    1    1    1    1    1    1    1    1  1.23128E+07 1.00000 
   13   13    1    1    1    1    1    1    1    1  1.92220E+08 0.83146 
   14   14    1    1    1    1    1    1    1    1  1.31424E+09 0.56573 
   15   15    1    1    1    1    1    1    1    1  1.69395E+08 1.00000 
   16   16    1    1    1    1    1    1    1    1  1.43583E+08 0.69284 
   17   17    1    1    1    1    1    1    1    1  1.86881E+08 0.57324 
   18   18    1    1    1    1    1    1    1    1  5.81447E+08 0.47793 
   19   19    1    1    1    1    1    1    1    1  1.61547E+09 0.28211 
   20   20    1    1    1    1    1    1    1    1  8.46949E+09 0.18447 
   21   21    1    1    1    1    1    1    1    1  6.74871E+09 0.18517 
   22   22    1    1    1    1    1    1    1    1  1.03719E+10 0.16356 
   23   23    1    1    1    1    1    1    1    1  2.54086E+10 0.11643 
   24   24    1    1    1    1    1    1    1    1  3.92328E+10 0.07562 
   25   25    1    1    1    1    1    1    1    1  5.88806E+10 0.07338 
   26   26    1    1    1    1    1    1    1    1  1.17790E+11 0.05098 
   27   27    1    1    1    1    1    1    1    1  3.04495E+11 0.03090 
   28   28    1    1    1    1    1    1    1    1  7.34172E+11 0.01715 
   29   29    1    1    1    1    1    1    1    1  1.30629E+12 0.01490 
   30   30    1    1    1    1    1    1    1    1  3.11938E+12 0.00796 
   31   31    1    1    1    1    1    1    1    1  8.29026E+12 0.00720 
   32   32    1    1    1    1    1    1    1    1  1.38864E+13 0.00451 
   33   33    1    1    1    1    1    1    1    1  3.08091E+13 0.00337 
   34   34    1    1    1    1    1    1    1    1  4.13078E+13 0.00250 
   35   35    1    1    1    1    1    1    1    1  4.82357E+13 0.00213 
   36   36    1    1    1    1    1    1    1    1  3.10711E+13 0.00214 
   37   37    1    1    1    1    1    1    1    1  9.23713E+12 0.00191 
   38   38    1    1    1    1    1    1    1    1  5.20955E+13 0.00199 
   39   39    1    1    1    1    1    1    1    1  6.93642E+13 0.00164 
   40   40    1    1    1    1    1    1    1    1  1.19604E+14 0.00108 
   41   41    1    1    1    1    1    1    1    1  1.16982E+14 0.00144 
   42   42    1    1    1    1    1    1    1    1  2.48839E+14 0.00115 
   43   43    1    1    1    1    1    1    1    1  2.98761E+14 0.00112 
   44   44    1    1    1    1    1    1    1    1  4.25922E+14 0.00106 
   45   45    1    1    1    1    1    1    1    1  8.48491E+14 0.00070 
   46   46    1    1    1    1    1    1    1    1  3.96416E+14 0.00091 
   47   47    1    1    1    1    1    1    1    1  6.27375E+14 0.00103 
   48   48    1    1    1    1    1    1    1    1  8.75757E+14 0.00065 
   49   49    1    1    1    1    1    1    1    1  8.55424E+14 0.00060 
   50   50    1    1    1    1    1    1    1    1  1.35542E+15 0.00057 
   51   51    1    1    1    1    1    1    1    1  1.06436E+15 0.00048 
   52   52    1    1    1    1    1    1    1    1  1.28581E+15 0.00035 
   53   53    1    1    1    1    1    1    1    1  8.94863E+14 0.00052 
   54   54    1    1    1    1    1    1    1    1  1.11523E+15 0.00068 
   55   55    1    1    1    1    1    1    1    1  7.70086E+14 0.00062 
   56   56    1    1    1    1    1    1    1    1  1.04552E+14 0.00119 
   57   57    1    1    1    1    1    1    1    1  1.52862E+15 0.00066 
   58   58    1    1    1    1    1    1    1    1  6.96081E+14 0.00086 
   59   59    1    1    1    1    1    1    1    1  7.41395E+14 0.00080 
   60   60    1    1    1    1    1    1    1    1  5.88336E+14 0.00063 
   61   61    1    1    1    1    1    1    1    1  5.89158E+14 0.00050 
   62   62    1    1    1    1    1    1    1    1  6.14316E+14 0.00065 
   63   63    1    1    1    1    1    1    1    1  5.19453E+14 0.00068 
   64   64    1    1    1    1    1    1    1    1  4.14766E+14 0.00081 
   65   65    1    1    1    1    1    1    1    1  4.12775E+14 0.00072 
   66   66    1    1    1    1    1    1    1    1  3.01873E+14 0.00082 
   67   67    1    1    1    1    1    1    1    1  2.45344E+14 0.00115 
   68   68    1    1    1    1    1    1    1    1  2.19174E+14 0.00103 
   69   69    1    1    1    1    1    1    1    1  2.62803E+14 0.00113 
   70   70    1    1    1    1    1    1    1    1  2.23795E+14 0.00123 
   71   71    1    1    1    1    1    1    1    1  4.05761E+14 0.00119 
   72   72    1    1    1    1    1    1    1    1  2.87508E+14 0.00123 
   73   73    1    1    1    1    1    1    1    1  2.17755E+14 0.00129 
   74   74    1    1    1    1    1    1    1    1  1.77298E+14 0.00129 
   75   75    1    1    1    1    1    1    1    1  1.48815E+14 0.00089 
   76   76    1    1    1    1    1    1    1    1  1.74068E+14 0.00124 
   77   77    1    1    1    1    1    1    1    1  1.39452E+14 0.00141 
   78   78    1    1    1    1    1    1    1    1  1.11794E+14 0.00168 
   79   79    1    1    1    1    1    1    1    1  1.15855E+14 0.00089 
   80   80    1    1    1    1    1    1    1    1  8.62945E+13 0.00149 
   81   81    1    1    1    1    1    1    1    1  6.64835E+13 0.00177 
   82   82    1    1    1    1    1    1    1    1  5.09459E+13 0.00218 
   83   83    1    1    1    1    1    1    1    1  4.78408E+13 0.00235 
   84   84    1    1    1    1    1    1    1    1  3.43366E+13 0.00253 
   85   85    1    1    1    1    1    1    1    1  2.48265E+13 0.00309 
   86   86    1    1    1    1    1    1    1    1  2.31116E+13 0.00411 
   87   87    1    1    1    1    1    1    1    1  1.41405E+13 0.00403 
   88   88    1    1    1    1    1    1    1    1  9.55300E+12 0.00648 
   89   89    1    1    1    1    1    1    1    1  5.46675E+12 0.00824 
   90   90    1    1    1    1    1    1    1    1  3.56569E+12 0.00769 
   91   91    1    1    1    1    1    1    1    1  1.82486E+12 0.01423 
   92   92    1    1    1    1    1    1    1    1  8.99488E+11 0.01449 
   93   93    1    1    1    1    1    1    1    1  4.28671E+11 0.01995 
   94   94    1    1    1    1    1    1    1    1  1.85415E+11 0.03607 
   95   95    1    1    1    1    1    1    1    1  9.48844E+10 0.04177 
   96   96    1    1    1    1    1    1    1    1  4.26030E+10 0.08853 
   97   97    1    1    1    1    1    1    1    1  2.39025E+10 0.11284 
   98   98    1    1    1    1    1    1    1    1  1.05110E+10 0.11269 
   99   99    1    1    1    1    1    1    1    1  5.72195E+09 0.16423 
  100  100    1    1    1    1    1    1    1    1  5.29837E+09 0.23106 
];


