
DETdpaspec = [
    1    1    1    1    1    1    1    1    1    1  0.00000E+00 0.00000 
    2    2    1    1    1    1    1    1    1    1  0.00000E+00 0.00000 
    3    3    1    1    1    1    1    1    1    1  0.00000E+00 0.00000 
    4    4    1    1    1    1    1    1    1    1  0.00000E+00 0.00000 
    5    5    1    1    1    1    1    1    1    1  0.00000E+00 0.00000 
    6    6    1    1    1    1    1    1    1    1  0.00000E+00 0.00000 
    7    7    1    1    1    1    1    1    1    1  0.00000E+00 0.00000 
    8    8    1    1    1    1    1    1    1    1  0.00000E+00 0.00000 
    9    9    1    1    1    1    1    1    1    1  9.67449E+06 1.00000 
   10   10    1    1    1    1    1    1    1    1  0.00000E+00 0.00000 
   11   11    1    1    1    1    1    1    1    1  0.00000E+00 0.00000 
   12   12    1    1    1    1    1    1    1    1  3.02061E+07 1.00000 
   13   13    1    1    1    1    1    1    1    1  0.00000E+00 0.00000 
   14   14    1    1    1    1    1    1    1    1  1.23513E+09 0.62519 
   15   15    1    1    1    1    1    1    1    1  1.13470E+09 0.64440 
   16   16    1    1    1    1    1    1    1    1  1.20837E+08 0.69082 
   17   17    1    1    1    1    1    1    1    1  9.32984E+08 0.35304 
   18   18    1    1    1    1    1    1    1    1  2.91680E+09 0.26431 
   19   19    1    1    1    1    1    1    1    1  1.55949E+09 0.21678 
   20   20    1    1    1    1    1    1    1    1  7.20186E+09 0.17442 
   21   21    1    1    1    1    1    1    1    1  3.56827E+09 0.27944 
   22   22    1    1    1    1    1    1    1    1  1.03952E+10 0.14841 
   23   23    1    1    1    1    1    1    1    1  2.43932E+10 0.04639 
   24   24    1    1    1    1    1    1    1    1  4.09437E+10 0.06025 
   25   25    1    1    1    1    1    1    1    1  6.64532E+10 0.04672 
   26   26    1    1    1    1    1    1    1    1  1.26931E+11 0.04086 
   27   27    1    1    1    1    1    1    1    1  2.95651E+11 0.03750 
   28   28    1    1    1    1    1    1    1    1  7.39003E+11 0.01954 
   29   29    1    1    1    1    1    1    1    1  1.31519E+12 0.01137 
   30   30    1    1    1    1    1    1    1    1  3.13303E+12 0.01016 
   31   31    1    1    1    1    1    1    1    1  8.38833E+12 0.00534 
   32   32    1    1    1    1    1    1    1    1  1.38833E+13 0.00461 
   33   33    1    1    1    1    1    1    1    1  3.08550E+13 0.00355 
   34   34    1    1    1    1    1    1    1    1  4.15809E+13 0.00318 
   35   35    1    1    1    1    1    1    1    1  4.80575E+13 0.00234 
   36   36    1    1    1    1    1    1    1    1  3.10505E+13 0.00224 
   37   37    1    1    1    1    1    1    1    1  9.23849E+12 0.00227 
   38   38    1    1    1    1    1    1    1    1  5.21209E+13 0.00185 
   39   39    1    1    1    1    1    1    1    1  6.95437E+13 0.00203 
   40   40    1    1    1    1    1    1    1    1  1.19609E+14 0.00180 
   41   41    1    1    1    1    1    1    1    1  1.16861E+14 0.00136 
   42   42    1    1    1    1    1    1    1    1  2.49022E+14 0.00109 
   43   43    1    1    1    1    1    1    1    1  2.98589E+14 0.00114 
   44   44    1    1    1    1    1    1    1    1  4.26984E+14 0.00092 
   45   45    1    1    1    1    1    1    1    1  8.52066E+14 0.00078 
   46   46    1    1    1    1    1    1    1    1  3.97314E+14 0.00110 
   47   47    1    1    1    1    1    1    1    1  6.28505E+14 0.00072 
   48   48    1    1    1    1    1    1    1    1  8.77397E+14 0.00074 
   49   49    1    1    1    1    1    1    1    1  8.57183E+14 0.00084 
   50   50    1    1    1    1    1    1    1    1  1.35696E+15 0.00060 
   51   51    1    1    1    1    1    1    1    1  1.06583E+15 0.00069 
   52   52    1    1    1    1    1    1    1    1  1.28569E+15 0.00067 
   53   53    1    1    1    1    1    1    1    1  8.94752E+14 0.00056 
   54   54    1    1    1    1    1    1    1    1  1.11560E+15 0.00045 
   55   55    1    1    1    1    1    1    1    1  7.70196E+14 0.00066 
   56   56    1    1    1    1    1    1    1    1  1.04697E+14 0.00094 
   57   57    1    1    1    1    1    1    1    1  1.52741E+15 0.00052 
   58   58    1    1    1    1    1    1    1    1  6.97445E+14 0.00052 
   59   59    1    1    1    1    1    1    1    1  7.40705E+14 0.00051 
   60   60    1    1    1    1    1    1    1    1  5.88712E+14 0.00070 
   61   61    1    1    1    1    1    1    1    1  5.89289E+14 0.00086 
   62   62    1    1    1    1    1    1    1    1  6.13637E+14 0.00066 
   63   63    1    1    1    1    1    1    1    1  5.18550E+14 0.00085 
   64   64    1    1    1    1    1    1    1    1  4.14812E+14 0.00078 
   65   65    1    1    1    1    1    1    1    1  4.13231E+14 0.00084 
   66   66    1    1    1    1    1    1    1    1  3.02057E+14 0.00099 
   67   67    1    1    1    1    1    1    1    1  2.45327E+14 0.00062 
   68   68    1    1    1    1    1    1    1    1  2.18903E+14 0.00082 
   69   69    1    1    1    1    1    1    1    1  2.62872E+14 0.00115 
   70   70    1    1    1    1    1    1    1    1  2.23979E+14 0.00120 
   71   71    1    1    1    1    1    1    1    1  4.04619E+14 0.00090 
   72   72    1    1    1    1    1    1    1    1  2.86832E+14 0.00121 
   73   73    1    1    1    1    1    1    1    1  2.17616E+14 0.00145 
   74   74    1    1    1    1    1    1    1    1  1.76936E+14 0.00099 
   75   75    1    1    1    1    1    1    1    1  1.48674E+14 0.00133 
   76   76    1    1    1    1    1    1    1    1  1.74574E+14 0.00123 
   77   77    1    1    1    1    1    1    1    1  1.38981E+14 0.00158 
   78   78    1    1    1    1    1    1    1    1  1.11399E+14 0.00192 
   79   79    1    1    1    1    1    1    1    1  1.15641E+14 0.00143 
   80   80    1    1    1    1    1    1    1    1  8.59577E+13 0.00213 
   81   81    1    1    1    1    1    1    1    1  6.65774E+13 0.00200 
   82   82    1    1    1    1    1    1    1    1  5.10122E+13 0.00238 
   83   83    1    1    1    1    1    1    1    1  4.76624E+13 0.00301 
   84   84    1    1    1    1    1    1    1    1  3.41361E+13 0.00278 
   85   85    1    1    1    1    1    1    1    1  2.46875E+13 0.00281 
   86   86    1    1    1    1    1    1    1    1  2.31163E+13 0.00250 
   87   87    1    1    1    1    1    1    1    1  1.41402E+13 0.00513 
   88   88    1    1    1    1    1    1    1    1  9.50282E+12 0.00521 
   89   89    1    1    1    1    1    1    1    1  5.38064E+12 0.00659 
   90   90    1    1    1    1    1    1    1    1  3.64724E+12 0.00999 
   91   91    1    1    1    1    1    1    1    1  1.81151E+12 0.00818 
   92   92    1    1    1    1    1    1    1    1  8.64214E+11 0.01642 
   93   93    1    1    1    1    1    1    1    1  4.18975E+11 0.02251 
   94   94    1    1    1    1    1    1    1    1  2.05442E+11 0.03116 
   95   95    1    1    1    1    1    1    1    1  9.55565E+10 0.06249 
   96   96    1    1    1    1    1    1    1    1  4.31672E+10 0.09042 
   97   97    1    1    1    1    1    1    1    1  2.07254E+10 0.10708 
   98   98    1    1    1    1    1    1    1    1  9.66412E+09 0.15167 
   99   99    1    1    1    1    1    1    1    1  6.05522E+09 0.23842 
  100  100    1    1    1    1    1    1    1    1  3.03724E+09 0.29475 
];


