
DETdpaspec = [
    1    1    1    1    1    1    1    1    1    1  0.00000E+00 0.00000 
    2    2    1    1    1    1    1    1    1    1  0.00000E+00 0.00000 
    3    3    1    1    1    1    1    1    1    1  0.00000E+00 0.00000 
    4    4    1    1    1    1    1    1    1    1  0.00000E+00 0.00000 
    5    5    1    1    1    1    1    1    1    1  0.00000E+00 0.00000 
    6    6    1    1    1    1    1    1    1    1  0.00000E+00 0.00000 
    7    7    1    1    1    1    1    1    1    1  0.00000E+00 0.00000 
    8    8    1    1    1    1    1    1    1    1  9.82183E+06 1.00000 
    9    9    1    1    1    1    1    1    1    1  0.00000E+00 0.00000 
   10   10    1    1    1    1    1    1    1    1  0.00000E+00 0.00000 
   11   11    1    1    1    1    1    1    1    1  9.58628E+07 0.71496 
   12   12    1    1    1    1    1    1    1    1  0.00000E+00 0.00000 
   13   13    1    1    1    1    1    1    1    1  1.56332E+08 0.71870 
   14   14    1    1    1    1    1    1    1    1  1.23479E+09 0.54615 
   15   15    1    1    1    1    1    1    1    1  5.83738E+08 0.47064 
   16   16    1    1    1    1    1    1    1    1  2.57094E+08 0.43795 
   17   17    1    1    1    1    1    1    1    1  1.30079E+09 0.37986 
   18   18    1    1    1    1    1    1    1    1  2.13447E+09 0.27974 
   19   19    1    1    1    1    1    1    1    1  1.99037E+09 0.33871 
   20   20    1    1    1    1    1    1    1    1  9.05600E+09 0.17780 
   21   21    1    1    1    1    1    1    1    1  6.49695E+09 0.12349 
   22   22    1    1    1    1    1    1    1    1  1.38605E+10 0.12436 
   23   23    1    1    1    1    1    1    1    1  2.34056E+10 0.07994 
   24   24    1    1    1    1    1    1    1    1  4.32304E+10 0.06568 
   25   25    1    1    1    1    1    1    1    1  5.33916E+10 0.06118 
   26   26    1    1    1    1    1    1    1    1  8.31387E+10 0.05613 
   27   27    1    1    1    1    1    1    1    1  1.62862E+11 0.02810 
   28   28    1    1    1    1    1    1    1    1  3.97187E+11 0.02111 
   29   29    1    1    1    1    1    1    1    1  6.60025E+11 0.01646 
   30   30    1    1    1    1    1    1    1    1  1.80743E+12 0.01403 
   31   31    1    1    1    1    1    1    1    1  5.34642E+12 0.00792 
   32   32    1    1    1    1    1    1    1    1  9.60826E+12 0.00712 
   33   33    1    1    1    1    1    1    1    1  2.24782E+13 0.00396 
   34   34    1    1    1    1    1    1    1    1  3.10937E+13 0.00330 
   35   35    1    1    1    1    1    1    1    1  3.95819E+13 0.00266 
   36   36    1    1    1    1    1    1    1    1  2.66884E+13 0.00199 
   37   37    1    1    1    1    1    1    1    1  8.14281E+12 0.00218 
   38   38    1    1    1    1    1    1    1    1  4.54225E+13 0.00160 
   39   39    1    1    1    1    1    1    1    1  6.08342E+13 0.00155 
   40   40    1    1    1    1    1    1    1    1  1.05048E+14 0.00113 
   41   41    1    1    1    1    1    1    1    1  1.04804E+14 0.00147 
   42   42    1    1    1    1    1    1    1    1  2.22191E+14 0.00118 
   43   43    1    1    1    1    1    1    1    1  2.68922E+14 0.00127 
   44   44    1    1    1    1    1    1    1    1  3.87321E+14 0.00108 
   45   45    1    1    1    1    1    1    1    1  7.78487E+14 0.00080 
   46   46    1    1    1    1    1    1    1    1  3.71319E+14 0.00096 
   47   47    1    1    1    1    1    1    1    1  5.92871E+14 0.00084 
   48   48    1    1    1    1    1    1    1    1  8.34568E+14 0.00059 
   49   49    1    1    1    1    1    1    1    1  8.22768E+14 0.00058 
   50   50    1    1    1    1    1    1    1    1  1.30266E+15 0.00079 
   51   51    1    1    1    1    1    1    1    1  1.04105E+15 0.00048 
   52   52    1    1    1    1    1    1    1    1  1.25102E+15 0.00057 
   53   53    1    1    1    1    1    1    1    1  8.77586E+14 0.00052 
   54   54    1    1    1    1    1    1    1    1  1.08653E+15 0.00067 
   55   55    1    1    1    1    1    1    1    1  7.53436E+14 0.00048 
   56   56    1    1    1    1    1    1    1    1  1.02878E+14 0.00118 
   57   57    1    1    1    1    1    1    1    1  1.50394E+15 0.00063 
   58   58    1    1    1    1    1    1    1    1  6.79827E+14 0.00060 
   59   59    1    1    1    1    1    1    1    1  7.28048E+14 0.00068 
   60   60    1    1    1    1    1    1    1    1  5.74650E+14 0.00066 
   61   61    1    1    1    1    1    1    1    1  5.76208E+14 0.00075 
   62   62    1    1    1    1    1    1    1    1  6.00632E+14 0.00110 
   63   63    1    1    1    1    1    1    1    1  5.08748E+14 0.00067 
   64   64    1    1    1    1    1    1    1    1  4.06839E+14 0.00091 
   65   65    1    1    1    1    1    1    1    1  4.06209E+14 0.00102 
   66   66    1    1    1    1    1    1    1    1  2.97435E+14 0.00105 
   67   67    1    1    1    1    1    1    1    1  2.42312E+14 0.00118 
   68   68    1    1    1    1    1    1    1    1  2.16807E+14 0.00119 
   69   69    1    1    1    1    1    1    1    1  2.61112E+14 0.00108 
   70   70    1    1    1    1    1    1    1    1  2.23322E+14 0.00102 
   71   71    1    1    1    1    1    1    1    1  4.06632E+14 0.00078 
   72   72    1    1    1    1    1    1    1    1  2.89521E+14 0.00059 
   73   73    1    1    1    1    1    1    1    1  2.19803E+14 0.00102 
   74   74    1    1    1    1    1    1    1    1  1.78206E+14 0.00118 
   75   75    1    1    1    1    1    1    1    1  1.48217E+14 0.00170 
   76   76    1    1    1    1    1    1    1    1  1.72822E+14 0.00155 
   77   77    1    1    1    1    1    1    1    1  1.37350E+14 0.00144 
   78   78    1    1    1    1    1    1    1    1  1.09367E+14 0.00169 
   79   79    1    1    1    1    1    1    1    1  1.12986E+14 0.00164 
   80   80    1    1    1    1    1    1    1    1  8.36941E+13 0.00160 
   81   81    1    1    1    1    1    1    1    1  6.47630E+13 0.00204 
   82   82    1    1    1    1    1    1    1    1  4.97777E+13 0.00260 
   83   83    1    1    1    1    1    1    1    1  4.66340E+13 0.00228 
   84   84    1    1    1    1    1    1    1    1  3.34029E+13 0.00316 
   85   85    1    1    1    1    1    1    1    1  2.40430E+13 0.00337 
   86   86    1    1    1    1    1    1    1    1  2.25834E+13 0.00350 
   87   87    1    1    1    1    1    1    1    1  1.39859E+13 0.00445 
   88   88    1    1    1    1    1    1    1    1  9.36569E+12 0.00330 
   89   89    1    1    1    1    1    1    1    1  5.37748E+12 0.00838 
   90   90    1    1    1    1    1    1    1    1  3.57316E+12 0.01018 
   91   91    1    1    1    1    1    1    1    1  1.80835E+12 0.01347 
   92   92    1    1    1    1    1    1    1    1  8.54616E+11 0.01905 
   93   93    1    1    1    1    1    1    1    1  4.37090E+11 0.02715 
   94   94    1    1    1    1    1    1    1    1  2.07377E+11 0.03576 
   95   95    1    1    1    1    1    1    1    1  9.50177E+10 0.04023 
   96   96    1    1    1    1    1    1    1    1  5.06781E+10 0.05421 
   97   97    1    1    1    1    1    1    1    1  2.21886E+10 0.11586 
   98   98    1    1    1    1    1    1    1    1  1.01064E+10 0.14027 
   99   99    1    1    1    1    1    1    1    1  3.83324E+09 0.22850 
  100  100    1    1    1    1    1    1    1    1  4.60673E+09 0.24971 
];


