
DETdpaspec = [
    1    1    1    1    1    1    1    1    1    1  0.00000E+00 0.00000 
    2    2    1    1    1    1    1    1    1    1  0.00000E+00 0.00000 
    3    3    1    1    1    1    1    1    1    1  0.00000E+00 0.00000 
    4    4    1    1    1    1    1    1    1    1  0.00000E+00 0.00000 
    5    5    1    1    1    1    1    1    1    1  0.00000E+00 0.00000 
    6    6    1    1    1    1    1    1    1    1  0.00000E+00 0.00000 
    7    7    1    1    1    1    1    1    1    1  1.93725E+07 0.69227 
    8    8    1    1    1    1    1    1    1    1  0.00000E+00 0.00000 
    9    9    1    1    1    1    1    1    1    1  0.00000E+00 0.00000 
   10   10    1    1    1    1    1    1    1    1  0.00000E+00 0.00000 
   11   11    1    1    1    1    1    1    1    1  6.77479E+07 1.00000 
   12   12    1    1    1    1    1    1    1    1  4.03770E+07 1.00000 
   13   13    1    1    1    1    1    1    1    1  3.81041E+08 0.62075 
   14   14    1    1    1    1    1    1    1    1  1.37235E+09 0.53622 
   15   15    1    1    1    1    1    1    1    1  1.21759E+09 0.41967 
   16   16    1    1    1    1    1    1    1    1  4.44149E+08 0.55308 
   17   17    1    1    1    1    1    1    1    1  7.08171E+08 0.29317 
   18   18    1    1    1    1    1    1    1    1  1.62320E+09 0.26661 
   19   19    1    1    1    1    1    1    1    1  1.70677E+09 0.30767 
   20   20    1    1    1    1    1    1    1    1  6.31160E+09 0.17913 
   21   21    1    1    1    1    1    1    1    1  5.57423E+09 0.16067 
   22   22    1    1    1    1    1    1    1    1  1.02779E+10 0.12962 
   23   23    1    1    1    1    1    1    1    1  2.32504E+10 0.06429 
   24   24    1    1    1    1    1    1    1    1  3.94647E+10 0.08624 
   25   25    1    1    1    1    1    1    1    1  4.85542E+10 0.07000 
   26   26    1    1    1    1    1    1    1    1  8.78303E+10 0.05608 
   27   27    1    1    1    1    1    1    1    1  1.75656E+11 0.04108 
   28   28    1    1    1    1    1    1    1    1  4.29718E+11 0.01628 
   29   29    1    1    1    1    1    1    1    1  7.48199E+11 0.01677 
   30   30    1    1    1    1    1    1    1    1  1.97960E+12 0.01041 
   31   31    1    1    1    1    1    1    1    1  5.82136E+12 0.00994 
   32   32    1    1    1    1    1    1    1    1  1.02906E+13 0.00530 
   33   33    1    1    1    1    1    1    1    1  2.38211E+13 0.00262 
   34   34    1    1    1    1    1    1    1    1  3.27566E+13 0.00351 
   35   35    1    1    1    1    1    1    1    1  4.08874E+13 0.00301 
   36   36    1    1    1    1    1    1    1    1  2.73631E+13 0.00242 
   37   37    1    1    1    1    1    1    1    1  8.30183E+12 0.00247 
   38   38    1    1    1    1    1    1    1    1  4.65454E+13 0.00232 
   39   39    1    1    1    1    1    1    1    1  6.24039E+13 0.00180 
   40   40    1    1    1    1    1    1    1    1  1.07459E+14 0.00193 
   41   41    1    1    1    1    1    1    1    1  1.06872E+14 0.00204 
   42   42    1    1    1    1    1    1    1    1  2.27023E+14 0.00156 
   43   43    1    1    1    1    1    1    1    1  2.73945E+14 0.00156 
   44   44    1    1    1    1    1    1    1    1  3.94852E+14 0.00119 
   45   45    1    1    1    1    1    1    1    1  7.91879E+14 0.00083 
   46   46    1    1    1    1    1    1    1    1  3.75723E+14 0.00065 
   47   47    1    1    1    1    1    1    1    1  5.99174E+14 0.00080 
   48   48    1    1    1    1    1    1    1    1  8.42011E+14 0.00080 
   49   49    1    1    1    1    1    1    1    1  8.29350E+14 0.00042 
   50   50    1    1    1    1    1    1    1    1  1.31339E+15 0.00053 
   51   51    1    1    1    1    1    1    1    1  1.04550E+15 0.00058 
   52   52    1    1    1    1    1    1    1    1  1.25901E+15 0.00057 
   53   53    1    1    1    1    1    1    1    1  8.82420E+14 0.00064 
   54   54    1    1    1    1    1    1    1    1  1.09619E+15 0.00056 
   55   55    1    1    1    1    1    1    1    1  7.59091E+14 0.00056 
   56   56    1    1    1    1    1    1    1    1  1.03423E+14 0.00095 
   57   57    1    1    1    1    1    1    1    1  1.51359E+15 0.00059 
   58   58    1    1    1    1    1    1    1    1  6.85800E+14 0.00074 
   59   59    1    1    1    1    1    1    1    1  7.32887E+14 0.00070 
   60   60    1    1    1    1    1    1    1    1  5.78966E+14 0.00071 
   61   61    1    1    1    1    1    1    1    1  5.80854E+14 0.00081 
   62   62    1    1    1    1    1    1    1    1  6.05592E+14 0.00079 
   63   63    1    1    1    1    1    1    1    1  5.12308E+14 0.00058 
   64   64    1    1    1    1    1    1    1    1  4.10421E+14 0.00068 
   65   65    1    1    1    1    1    1    1    1  4.09000E+14 0.00057 
   66   66    1    1    1    1    1    1    1    1  2.99729E+14 0.00067 
   67   67    1    1    1    1    1    1    1    1  2.44026E+14 0.00107 
   68   68    1    1    1    1    1    1    1    1  2.18308E+14 0.00155 
   69   69    1    1    1    1    1    1    1    1  2.62808E+14 0.00094 
   70   70    1    1    1    1    1    1    1    1  2.24327E+14 0.00109 
   71   71    1    1    1    1    1    1    1    1  4.08803E+14 0.00104 
   72   72    1    1    1    1    1    1    1    1  2.91390E+14 0.00091 
   73   73    1    1    1    1    1    1    1    1  2.20667E+14 0.00117 
   74   74    1    1    1    1    1    1    1    1  1.78365E+14 0.00132 
   75   75    1    1    1    1    1    1    1    1  1.48988E+14 0.00112 
   76   76    1    1    1    1    1    1    1    1  1.74013E+14 0.00158 
   77   77    1    1    1    1    1    1    1    1  1.38730E+14 0.00136 
   78   78    1    1    1    1    1    1    1    1  1.10568E+14 0.00117 
   79   79    1    1    1    1    1    1    1    1  1.13987E+14 0.00144 
   80   80    1    1    1    1    1    1    1    1  8.48030E+13 0.00147 
   81   81    1    1    1    1    1    1    1    1  6.57389E+13 0.00152 
   82   82    1    1    1    1    1    1    1    1  5.05366E+13 0.00197 
   83   83    1    1    1    1    1    1    1    1  4.71067E+13 0.00173 
   84   84    1    1    1    1    1    1    1    1  3.39424E+13 0.00233 
   85   85    1    1    1    1    1    1    1    1  2.45395E+13 0.00311 
   86   86    1    1    1    1    1    1    1    1  2.30091E+13 0.00360 
   87   87    1    1    1    1    1    1    1    1  1.39367E+13 0.00487 
   88   88    1    1    1    1    1    1    1    1  9.48755E+12 0.00407 
   89   89    1    1    1    1    1    1    1    1  5.38037E+12 0.00534 
   90   90    1    1    1    1    1    1    1    1  3.60840E+12 0.00855 
   91   91    1    1    1    1    1    1    1    1  1.77016E+12 0.01243 
   92   92    1    1    1    1    1    1    1    1  8.83335E+11 0.01637 
   93   93    1    1    1    1    1    1    1    1  4.04689E+11 0.02868 
   94   94    1    1    1    1    1    1    1    1  1.82814E+11 0.03371 
   95   95    1    1    1    1    1    1    1    1  9.76888E+10 0.04630 
   96   96    1    1    1    1    1    1    1    1  4.81752E+10 0.08055 
   97   97    1    1    1    1    1    1    1    1  2.03964E+10 0.17468 
   98   98    1    1    1    1    1    1    1    1  1.02288E+10 0.14183 
   99   99    1    1    1    1    1    1    1    1  4.93888E+09 0.24813 
  100  100    1    1    1    1    1    1    1    1  4.93032E+09 0.27664 
];


