
DETdpaspec = [
    1    1    1    1    1    1    1    1    1    1  0.00000E+00 0.00000 
    2    2    1    1    1    1    1    1    1    1  0.00000E+00 0.00000 
    3    3    1    1    1    1    1    1    1    1  0.00000E+00 0.00000 
    4    4    1    1    1    1    1    1    1    1  0.00000E+00 0.00000 
    5    5    1    1    1    1    1    1    1    1  0.00000E+00 0.00000 
    6    6    1    1    1    1    1    1    1    1  0.00000E+00 0.00000 
    7    7    1    1    1    1    1    1    1    1  0.00000E+00 0.00000 
    8    8    1    1    1    1    1    1    1    1  0.00000E+00 0.00000 
    9    9    1    1    1    1    1    1    1    1  0.00000E+00 0.00000 
   10   10    1    1    1    1    1    1    1    1  0.00000E+00 0.00000 
   11   11    1    1    1    1    1    1    1    1  7.43996E+07 0.68913 
   12   12    1    1    1    1    1    1    1    1  2.43836E+07 1.00000 
   13   13    1    1    1    1    1    1    1    1  7.28327E+08 0.64998 
   14   14    1    1    1    1    1    1    1    1  7.38347E+08 0.37760 
   15   15    1    1    1    1    1    1    1    1  7.66061E+08 0.64654 
   16   16    1    1    1    1    1    1    1    1  4.46214E+08 0.57100 
   17   17    1    1    1    1    1    1    1    1  8.63434E+08 0.33607 
   18   18    1    1    1    1    1    1    1    1  1.35067E+09 0.19089 
   19   19    1    1    1    1    1    1    1    1  2.04232E+09 0.20531 
   20   20    1    1    1    1    1    1    1    1  9.64160E+09 0.17119 
   21   21    1    1    1    1    1    1    1    1  7.86113E+09 0.14399 
   22   22    1    1    1    1    1    1    1    1  1.39202E+10 0.14678 
   23   23    1    1    1    1    1    1    1    1  2.05519E+10 0.10957 
   24   24    1    1    1    1    1    1    1    1  4.01460E+10 0.08170 
   25   25    1    1    1    1    1    1    1    1  5.77177E+10 0.08198 
   26   26    1    1    1    1    1    1    1    1  1.13481E+11 0.04843 
   27   27    1    1    1    1    1    1    1    1  2.37267E+11 0.03571 
   28   28    1    1    1    1    1    1    1    1  5.91684E+11 0.02186 
   29   29    1    1    1    1    1    1    1    1  1.06261E+12 0.02014 
   30   30    1    1    1    1    1    1    1    1  2.59130E+12 0.01052 
   31   31    1    1    1    1    1    1    1    1  7.04878E+12 0.00806 
   32   32    1    1    1    1    1    1    1    1  1.21016E+13 0.00556 
   33   33    1    1    1    1    1    1    1    1  2.73186E+13 0.00398 
   34   34    1    1    1    1    1    1    1    1  3.71900E+13 0.00312 
   35   35    1    1    1    1    1    1    1    1  4.45881E+13 0.00226 
   36   36    1    1    1    1    1    1    1    1  2.92971E+13 0.00233 
   37   37    1    1    1    1    1    1    1    1  8.75937E+12 0.00261 
   38   38    1    1    1    1    1    1    1    1  4.93769E+13 0.00163 
   39   39    1    1    1    1    1    1    1    1  6.60820E+13 0.00142 
   40   40    1    1    1    1    1    1    1    1  1.13808E+14 0.00185 
   41   41    1    1    1    1    1    1    1    1  1.12031E+14 0.00136 
   42   42    1    1    1    1    1    1    1    1  2.38009E+14 0.00069 
   43   43    1    1    1    1    1    1    1    1  2.86933E+14 0.00090 
   44   44    1    1    1    1    1    1    1    1  4.11539E+14 0.00073 
   45   45    1    1    1    1    1    1    1    1  8.23970E+14 0.00071 
   46   46    1    1    1    1    1    1    1    1  3.87475E+14 0.00087 
   47   47    1    1    1    1    1    1    1    1  6.13860E+14 0.00070 
   48   48    1    1    1    1    1    1    1    1  8.60718E+14 0.00049 
   49   49    1    1    1    1    1    1    1    1  8.44015E+14 0.00060 
   50   50    1    1    1    1    1    1    1    1  1.33694E+15 0.00066 
   51   51    1    1    1    1    1    1    1    1  1.05617E+15 0.00051 
   52   52    1    1    1    1    1    1    1    1  1.27415E+15 0.00045 
   53   53    1    1    1    1    1    1    1    1  8.90178E+14 0.00050 
   54   54    1    1    1    1    1    1    1    1  1.10837E+15 0.00052 
   55   55    1    1    1    1    1    1    1    1  7.66930E+14 0.00055 
   56   56    1    1    1    1    1    1    1    1  1.04263E+14 0.00085 
   57   57    1    1    1    1    1    1    1    1  1.52428E+15 0.00047 
   58   58    1    1    1    1    1    1    1    1  6.93871E+14 0.00048 
   59   59    1    1    1    1    1    1    1    1  7.39163E+14 0.00059 
   60   60    1    1    1    1    1    1    1    1  5.86201E+14 0.00069 
   61   61    1    1    1    1    1    1    1    1  5.87225E+14 0.00058 
   62   62    1    1    1    1    1    1    1    1  6.12143E+14 0.00051 
   63   63    1    1    1    1    1    1    1    1  5.17648E+14 0.00056 
   64   64    1    1    1    1    1    1    1    1  4.13888E+14 0.00084 
   65   65    1    1    1    1    1    1    1    1  4.12056E+14 0.00066 
   66   66    1    1    1    1    1    1    1    1  3.01640E+14 0.00081 
   67   67    1    1    1    1    1    1    1    1  2.45816E+14 0.00045 
   68   68    1    1    1    1    1    1    1    1  2.19250E+14 0.00111 
   69   69    1    1    1    1    1    1    1    1  2.64198E+14 0.00071 
   70   70    1    1    1    1    1    1    1    1  2.25187E+14 0.00094 
   71   71    1    1    1    1    1    1    1    1  4.08026E+14 0.00086 
   72   72    1    1    1    1    1    1    1    1  2.89564E+14 0.00086 
   73   73    1    1    1    1    1    1    1    1  2.19421E+14 0.00103 
   74   74    1    1    1    1    1    1    1    1  1.78582E+14 0.00106 
   75   75    1    1    1    1    1    1    1    1  1.49458E+14 0.00092 
   76   76    1    1    1    1    1    1    1    1  1.74901E+14 0.00112 
   77   77    1    1    1    1    1    1    1    1  1.39555E+14 0.00131 
   78   78    1    1    1    1    1    1    1    1  1.11690E+14 0.00136 
   79   79    1    1    1    1    1    1    1    1  1.15764E+14 0.00161 
   80   80    1    1    1    1    1    1    1    1  8.61391E+13 0.00200 
   81   81    1    1    1    1    1    1    1    1  6.63410E+13 0.00161 
   82   82    1    1    1    1    1    1    1    1  5.10286E+13 0.00255 
   83   83    1    1    1    1    1    1    1    1  4.78922E+13 0.00282 
   84   84    1    1    1    1    1    1    1    1  3.42674E+13 0.00303 
   85   85    1    1    1    1    1    1    1    1  2.47840E+13 0.00240 
   86   86    1    1    1    1    1    1    1    1  2.32770E+13 0.00374 
   87   87    1    1    1    1    1    1    1    1  1.43108E+13 0.00332 
   88   88    1    1    1    1    1    1    1    1  9.45781E+12 0.00508 
   89   89    1    1    1    1    1    1    1    1  5.43964E+12 0.00620 
   90   90    1    1    1    1    1    1    1    1  3.60199E+12 0.00806 
   91   91    1    1    1    1    1    1    1    1  1.80423E+12 0.01384 
   92   92    1    1    1    1    1    1    1    1  8.71322E+11 0.01579 
   93   93    1    1    1    1    1    1    1    1  4.32632E+11 0.02078 
   94   94    1    1    1    1    1    1    1    1  2.03566E+11 0.03686 
   95   95    1    1    1    1    1    1    1    1  9.59394E+10 0.05188 
   96   96    1    1    1    1    1    1    1    1  4.47748E+10 0.07875 
   97   97    1    1    1    1    1    1    1    1  2.15184E+10 0.09429 
   98   98    1    1    1    1    1    1    1    1  1.26582E+10 0.14746 
   99   99    1    1    1    1    1    1    1    1  4.84106E+09 0.20887 
  100  100    1    1    1    1    1    1    1    1  4.17597E+09 0.17811 
];


