
DETdpaspec = [
    1    1    1    1    1    1    1    1    1    1  0.00000E+00 0.00000 
    2    2    1    1    1    1    1    1    1    1  0.00000E+00 0.00000 
    3    3    1    1    1    1    1    1    1    1  0.00000E+00 0.00000 
    4    4    1    1    1    1    1    1    1    1  0.00000E+00 0.00000 
    5    5    1    1    1    1    1    1    1    1  0.00000E+00 0.00000 
    6    6    1    1    1    1    1    1    1    1  0.00000E+00 0.00000 
    7    7    1    1    1    1    1    1    1    1  0.00000E+00 0.00000 
    8    8    1    1    1    1    1    1    1    1  0.00000E+00 0.00000 
    9    9    1    1    1    1    1    1    1    1  0.00000E+00 0.00000 
   10   10    1    1    1    1    1    1    1    1  0.00000E+00 0.00000 
   11   11    1    1    1    1    1    1    1    1  1.12808E+08 1.00000 
   12   12    1    1    1    1    1    1    1    1  1.90725E+08 0.97057 
   13   13    1    1    1    1    1    1    1    1  2.75204E+08 0.81070 
   14   14    1    1    1    1    1    1    1    1  5.69644E+08 0.75026 
   15   15    1    1    1    1    1    1    1    1  4.91505E+08 0.89090 
   16   16    1    1    1    1    1    1    1    1  6.79828E+08 0.55049 
   17   17    1    1    1    1    1    1    1    1  6.81310E+08 0.33089 
   18   18    1    1    1    1    1    1    1    1  1.36258E+09 0.40148 
   19   19    1    1    1    1    1    1    1    1  1.37506E+09 0.28806 
   20   20    1    1    1    1    1    1    1    1  7.41263E+09 0.17876 
   21   21    1    1    1    1    1    1    1    1  7.14319E+09 0.13504 
   22   22    1    1    1    1    1    1    1    1  1.31418E+10 0.13315 
   23   23    1    1    1    1    1    1    1    1  2.22360E+10 0.09645 
   24   24    1    1    1    1    1    1    1    1  4.32717E+10 0.07112 
   25   25    1    1    1    1    1    1    1    1  6.87073E+10 0.06619 
   26   26    1    1    1    1    1    1    1    1  1.54695E+11 0.04472 
   27   27    1    1    1    1    1    1    1    1  3.54563E+11 0.02406 
   28   28    1    1    1    1    1    1    1    1  8.36907E+11 0.01949 
   29   29    1    1    1    1    1    1    1    1  1.47878E+12 0.01322 
   30   30    1    1    1    1    1    1    1    1  3.42444E+12 0.00855 
   31   31    1    1    1    1    1    1    1    1  8.96241E+12 0.00655 
   32   32    1    1    1    1    1    1    1    1  1.47145E+13 0.00464 
   33   33    1    1    1    1    1    1    1    1  3.22980E+13 0.00290 
   34   34    1    1    1    1    1    1    1    1  4.32108E+13 0.00266 
   35   35    1    1    1    1    1    1    1    1  4.97199E+13 0.00221 
   36   36    1    1    1    1    1    1    1    1  3.18270E+13 0.00177 
   37   37    1    1    1    1    1    1    1    1  9.44342E+12 0.00234 
   38   38    1    1    1    1    1    1    1    1  5.35296E+13 0.00145 
   39   39    1    1    1    1    1    1    1    1  7.12432E+13 0.00169 
   40   40    1    1    1    1    1    1    1    1  1.22060E+14 0.00145 
   41   41    1    1    1    1    1    1    1    1  1.18872E+14 0.00155 
   42   42    1    1    1    1    1    1    1    1  2.53048E+14 0.00127 
   43   43    1    1    1    1    1    1    1    1  3.03175E+14 0.00110 
   44   44    1    1    1    1    1    1    1    1  4.32070E+14 0.00096 
   45   45    1    1    1    1    1    1    1    1  8.59437E+14 0.00074 
   46   46    1    1    1    1    1    1    1    1  4.00903E+14 0.00070 
   47   47    1    1    1    1    1    1    1    1  6.33539E+14 0.00080 
   48   48    1    1    1    1    1    1    1    1  8.82611E+14 0.00077 
   49   49    1    1    1    1    1    1    1    1  8.60518E+14 0.00067 
   50   50    1    1    1    1    1    1    1    1  1.36274E+15 0.00056 
   51   51    1    1    1    1    1    1    1    1  1.06792E+15 0.00077 
   52   52    1    1    1    1    1    1    1    1  1.28925E+15 0.00048 
   53   53    1    1    1    1    1    1    1    1  8.96338E+14 0.00079 
   54   54    1    1    1    1    1    1    1    1  1.11767E+15 0.00059 
   55   55    1    1    1    1    1    1    1    1  7.70958E+14 0.00050 
   56   56    1    1    1    1    1    1    1    1  1.04733E+14 0.00090 
   57   57    1    1    1    1    1    1    1    1  1.52752E+15 0.00045 
   58   58    1    1    1    1    1    1    1    1  6.97294E+14 0.00063 
   59   59    1    1    1    1    1    1    1    1  7.40483E+14 0.00074 
   60   60    1    1    1    1    1    1    1    1  5.88557E+14 0.00076 
   61   61    1    1    1    1    1    1    1    1  5.88774E+14 0.00070 
   62   62    1    1    1    1    1    1    1    1  6.13139E+14 0.00070 
   63   63    1    1    1    1    1    1    1    1  5.19068E+14 0.00070 
   64   64    1    1    1    1    1    1    1    1  4.13957E+14 0.00111 
   65   65    1    1    1    1    1    1    1    1  4.12294E+14 0.00089 
   66   66    1    1    1    1    1    1    1    1  3.01171E+14 0.00092 
   67   67    1    1    1    1    1    1    1    1  2.44601E+14 0.00116 
   68   68    1    1    1    1    1    1    1    1  2.17781E+14 0.00139 
   69   69    1    1    1    1    1    1    1    1  2.62162E+14 0.00112 
   70   70    1    1    1    1    1    1    1    1  2.23021E+14 0.00101 
   71   71    1    1    1    1    1    1    1    1  4.03379E+14 0.00075 
   72   72    1    1    1    1    1    1    1    1  2.85641E+14 0.00077 
   73   73    1    1    1    1    1    1    1    1  2.16513E+14 0.00093 
   74   74    1    1    1    1    1    1    1    1  1.76730E+14 0.00108 
   75   75    1    1    1    1    1    1    1    1  1.47967E+14 0.00144 
   76   76    1    1    1    1    1    1    1    1  1.73393E+14 0.00133 
   77   77    1    1    1    1    1    1    1    1  1.38718E+14 0.00124 
   78   78    1    1    1    1    1    1    1    1  1.11121E+14 0.00161 
   79   79    1    1    1    1    1    1    1    1  1.15637E+14 0.00151 
   80   80    1    1    1    1    1    1    1    1  8.57966E+13 0.00191 
   81   81    1    1    1    1    1    1    1    1  6.61385E+13 0.00254 
   82   82    1    1    1    1    1    1    1    1  5.08947E+13 0.00203 
   83   83    1    1    1    1    1    1    1    1  4.75926E+13 0.00266 
   84   84    1    1    1    1    1    1    1    1  3.43061E+13 0.00305 
   85   85    1    1    1    1    1    1    1    1  2.46328E+13 0.00256 
   86   86    1    1    1    1    1    1    1    1  2.30839E+13 0.00447 
   87   87    1    1    1    1    1    1    1    1  1.41937E+13 0.00403 
   88   88    1    1    1    1    1    1    1    1  9.43032E+12 0.00465 
   89   89    1    1    1    1    1    1    1    1  5.40713E+12 0.00476 
   90   90    1    1    1    1    1    1    1    1  3.58372E+12 0.00941 
   91   91    1    1    1    1    1    1    1    1  1.82139E+12 0.00850 
   92   92    1    1    1    1    1    1    1    1  8.58898E+11 0.01290 
   93   93    1    1    1    1    1    1    1    1  4.07113E+11 0.02465 
   94   94    1    1    1    1    1    1    1    1  2.02869E+11 0.03717 
   95   95    1    1    1    1    1    1    1    1  9.25455E+10 0.05894 
   96   96    1    1    1    1    1    1    1    1  4.43154E+10 0.07755 
   97   97    1    1    1    1    1    1    1    1  2.01471E+10 0.12157 
   98   98    1    1    1    1    1    1    1    1  1.23337E+10 0.14957 
   99   99    1    1    1    1    1    1    1    1  5.07085E+09 0.26652 
  100  100    1    1    1    1    1    1    1    1  4.85056E+09 0.28071 
];


