
DETdpaspec = [
    1    1    1    1    1    1    1    1    1    1  0.00000E+00 0.00000 
    2    2    1    1    1    1    1    1    1    1  0.00000E+00 0.00000 
    3    3    1    1    1    1    1    1    1    1  0.00000E+00 0.00000 
    4    4    1    1    1    1    1    1    1    1  0.00000E+00 0.00000 
    5    5    1    1    1    1    1    1    1    1  0.00000E+00 0.00000 
    6    6    1    1    1    1    1    1    1    1  0.00000E+00 0.00000 
    7    7    1    1    1    1    1    1    1    1  0.00000E+00 0.00000 
    8    8    1    1    1    1    1    1    1    1  8.50305E+06 1.00000 
    9    9    1    1    1    1    1    1    1    1  0.00000E+00 0.00000 
   10   10    1    1    1    1    1    1    1    1  0.00000E+00 0.00000 
   11   11    1    1    1    1    1    1    1    1  3.79615E+07 1.00000 
   12   12    1    1    1    1    1    1    1    1  7.25702E+06 1.00000 
   13   13    1    1    1    1    1    1    1    1  1.75119E+08 0.56413 
   14   14    1    1    1    1    1    1    1    1  1.39047E+09 0.55312 
   15   15    1    1    1    1    1    1    1    1  1.21937E+09 0.54828 
   16   16    1    1    1    1    1    1    1    1  7.32142E+08 0.37587 
   17   17    1    1    1    1    1    1    1    1  1.70519E+09 0.47605 
   18   18    1    1    1    1    1    1    1    1  2.64814E+09 0.28370 
   19   19    1    1    1    1    1    1    1    1  3.26034E+09 0.25526 
   20   20    1    1    1    1    1    1    1    1  8.57770E+09 0.22832 
   21   21    1    1    1    1    1    1    1    1  4.87558E+09 0.13317 
   22   22    1    1    1    1    1    1    1    1  1.00735E+10 0.11315 
   23   23    1    1    1    1    1    1    1    1  2.27746E+10 0.11633 
   24   24    1    1    1    1    1    1    1    1  3.72861E+10 0.09746 
   25   25    1    1    1    1    1    1    1    1  4.98137E+10 0.08232 
   26   26    1    1    1    1    1    1    1    1  9.72395E+10 0.04269 
   27   27    1    1    1    1    1    1    1    1  1.96806E+11 0.03121 
   28   28    1    1    1    1    1    1    1    1  5.13451E+11 0.01836 
   29   29    1    1    1    1    1    1    1    1  9.09119E+11 0.01658 
   30   30    1    1    1    1    1    1    1    1  2.29481E+12 0.01046 
   31   31    1    1    1    1    1    1    1    1  6.49719E+12 0.00798 
   32   32    1    1    1    1    1    1    1    1  1.11199E+13 0.00593 
   33   33    1    1    1    1    1    1    1    1  2.56341E+13 0.00266 
   34   34    1    1    1    1    1    1    1    1  3.51828E+13 0.00349 
   35   35    1    1    1    1    1    1    1    1  4.28676E+13 0.00305 
   36   36    1    1    1    1    1    1    1    1  2.83767E+13 0.00289 
   37   37    1    1    1    1    1    1    1    1  8.54222E+12 0.00220 
   38   38    1    1    1    1    1    1    1    1  4.80274E+13 0.00198 
   39   39    1    1    1    1    1    1    1    1  6.44484E+13 0.00168 
   40   40    1    1    1    1    1    1    1    1  1.10971E+14 0.00161 
   41   41    1    1    1    1    1    1    1    1  1.09701E+14 0.00160 
   42   42    1    1    1    1    1    1    1    1  2.33252E+14 0.00122 
   43   43    1    1    1    1    1    1    1    1  2.80779E+14 0.00124 
   44   44    1    1    1    1    1    1    1    1  4.04040E+14 0.00097 
   45   45    1    1    1    1    1    1    1    1  8.09060E+14 0.00072 
   46   46    1    1    1    1    1    1    1    1  3.82118E+14 0.00068 
   47   47    1    1    1    1    1    1    1    1  6.07695E+14 0.00087 
   48   48    1    1    1    1    1    1    1    1  8.52162E+14 0.00070 
   49   49    1    1    1    1    1    1    1    1  8.36291E+14 0.00057 
   50   50    1    1    1    1    1    1    1    1  1.32675E+15 0.00043 
   51   51    1    1    1    1    1    1    1    1  1.05085E+15 0.00059 
   52   52    1    1    1    1    1    1    1    1  1.26892E+15 0.00056 
   53   53    1    1    1    1    1    1    1    1  8.87305E+14 0.00051 
   54   54    1    1    1    1    1    1    1    1  1.10421E+15 0.00064 
   55   55    1    1    1    1    1    1    1    1  7.63405E+14 0.00062 
   56   56    1    1    1    1    1    1    1    1  1.03836E+14 0.00092 
   57   57    1    1    1    1    1    1    1    1  1.52023E+15 0.00063 
   58   58    1    1    1    1    1    1    1    1  6.90826E+14 0.00071 
   59   59    1    1    1    1    1    1    1    1  7.37809E+14 0.00049 
   60   60    1    1    1    1    1    1    1    1  5.83391E+14 0.00068 
   61   61    1    1    1    1    1    1    1    1  5.84525E+14 0.00054 
   62   62    1    1    1    1    1    1    1    1  6.10061E+14 0.00042 
   63   63    1    1    1    1    1    1    1    1  5.16732E+14 0.00059 
   64   64    1    1    1    1    1    1    1    1  4.13266E+14 0.00058 
   65   65    1    1    1    1    1    1    1    1  4.11529E+14 0.00083 
   66   66    1    1    1    1    1    1    1    1  3.01604E+14 0.00098 
   67   67    1    1    1    1    1    1    1    1  2.45248E+14 0.00096 
   68   68    1    1    1    1    1    1    1    1  2.19381E+14 0.00080 
   69   69    1    1    1    1    1    1    1    1  2.64066E+14 0.00108 
   70   70    1    1    1    1    1    1    1    1  2.25277E+14 0.00127 
   71   71    1    1    1    1    1    1    1    1  4.09027E+14 0.00099 
   72   72    1    1    1    1    1    1    1    1  2.90614E+14 0.00112 
   73   73    1    1    1    1    1    1    1    1  2.20203E+14 0.00109 
   74   74    1    1    1    1    1    1    1    1  1.79063E+14 0.00116 
   75   75    1    1    1    1    1    1    1    1  1.49466E+14 0.00145 
   76   76    1    1    1    1    1    1    1    1  1.74762E+14 0.00080 
   77   77    1    1    1    1    1    1    1    1  1.39445E+14 0.00140 
   78   78    1    1    1    1    1    1    1    1  1.11439E+14 0.00134 
   79   79    1    1    1    1    1    1    1    1  1.15573E+14 0.00158 
   80   80    1    1    1    1    1    1    1    1  8.63076E+13 0.00154 
   81   81    1    1    1    1    1    1    1    1  6.63907E+13 0.00184 
   82   82    1    1    1    1    1    1    1    1  5.09699E+13 0.00186 
   83   83    1    1    1    1    1    1    1    1  4.75870E+13 0.00268 
   84   84    1    1    1    1    1    1    1    1  3.43252E+13 0.00251 
   85   85    1    1    1    1    1    1    1    1  2.47692E+13 0.00246 
   86   86    1    1    1    1    1    1    1    1  2.32184E+13 0.00262 
   87   87    1    1    1    1    1    1    1    1  1.41346E+13 0.00437 
   88   88    1    1    1    1    1    1    1    1  9.57293E+12 0.00501 
   89   89    1    1    1    1    1    1    1    1  5.50236E+12 0.00570 
   90   90    1    1    1    1    1    1    1    1  3.60314E+12 0.00688 
   91   91    1    1    1    1    1    1    1    1  1.83707E+12 0.01103 
   92   92    1    1    1    1    1    1    1    1  8.85711E+11 0.01443 
   93   93    1    1    1    1    1    1    1    1  4.18114E+11 0.01975 
   94   94    1    1    1    1    1    1    1    1  2.02729E+11 0.03963 
   95   95    1    1    1    1    1    1    1    1  9.98927E+10 0.04917 
   96   96    1    1    1    1    1    1    1    1  5.18587E+10 0.05979 
   97   97    1    1    1    1    1    1    1    1  2.36371E+10 0.11386 
   98   98    1    1    1    1    1    1    1    1  1.10611E+10 0.20549 
   99   99    1    1    1    1    1    1    1    1  8.71902E+09 0.19213 
  100  100    1    1    1    1    1    1    1    1  3.26527E+09 0.26106 
];


