
DETdpaspec = [
    1    1    1    1    1    1    1    1    1    1  0.00000E+00 0.00000 
    2    2    1    1    1    1    1    1    1    1  0.00000E+00 0.00000 
    3    3    1    1    1    1    1    1    1    1  0.00000E+00 0.00000 
    4    4    1    1    1    1    1    1    1    1  0.00000E+00 0.00000 
    5    5    1    1    1    1    1    1    1    1  0.00000E+00 0.00000 
    6    6    1    1    1    1    1    1    1    1  0.00000E+00 0.00000 
    7    7    1    1    1    1    1    1    1    1  9.94086E+06 1.00000 
    8    8    1    1    1    1    1    1    1    1  0.00000E+00 0.00000 
    9    9    1    1    1    1    1    1    1    1  0.00000E+00 0.00000 
   10   10    1    1    1    1    1    1    1    1  4.04975E+07 1.00000 
   11   11    1    1    1    1    1    1    1    1  2.77099E+07 1.00000 
   12   12    1    1    1    1    1    1    1    1  4.92657E+06 0.78137 
   13   13    1    1    1    1    1    1    1    1  1.86388E+08 0.60354 
   14   14    1    1    1    1    1    1    1    1  1.11301E+09 0.55871 
   15   15    1    1    1    1    1    1    1    1  5.95960E+08 0.48513 
   16   16    1    1    1    1    1    1    1    1  4.53661E+08 0.49537 
   17   17    1    1    1    1    1    1    1    1  4.45624E+08 0.47314 
   18   18    1    1    1    1    1    1    1    1  2.05844E+09 0.24836 
   19   19    1    1    1    1    1    1    1    1  1.62558E+09 0.29464 
   20   20    1    1    1    1    1    1    1    1  6.77667E+09 0.27128 
   21   21    1    1    1    1    1    1    1    1  5.44752E+09 0.15562 
   22   22    1    1    1    1    1    1    1    1  1.06777E+10 0.10960 
   23   23    1    1    1    1    1    1    1    1  2.16234E+10 0.07257 
   24   24    1    1    1    1    1    1    1    1  4.35895E+10 0.06804 
   25   25    1    1    1    1    1    1    1    1  5.65359E+10 0.05817 
   26   26    1    1    1    1    1    1    1    1  9.16771E+10 0.05575 
   27   27    1    1    1    1    1    1    1    1  1.81914E+11 0.03643 
   28   28    1    1    1    1    1    1    1    1  4.41571E+11 0.02874 
   29   29    1    1    1    1    1    1    1    1  7.38717E+11 0.01918 
   30   30    1    1    1    1    1    1    1    1  1.94953E+12 0.01144 
   31   31    1    1    1    1    1    1    1    1  5.70749E+12 0.00811 
   32   32    1    1    1    1    1    1    1    1  1.01239E+13 0.00612 
   33   33    1    1    1    1    1    1    1    1  2.32070E+13 0.00463 
   34   34    1    1    1    1    1    1    1    1  3.19935E+13 0.00316 
   35   35    1    1    1    1    1    1    1    1  4.03803E+13 0.00300 
   36   36    1    1    1    1    1    1    1    1  2.70898E+13 0.00285 
   37   37    1    1    1    1    1    1    1    1  8.20276E+12 0.00249 
   38   38    1    1    1    1    1    1    1    1  4.60657E+13 0.00212 
   39   39    1    1    1    1    1    1    1    1  6.19203E+13 0.00197 
   40   40    1    1    1    1    1    1    1    1  1.06629E+14 0.00187 
   41   41    1    1    1    1    1    1    1    1  1.05981E+14 0.00149 
   42   42    1    1    1    1    1    1    1    1  2.25373E+14 0.00131 
   43   43    1    1    1    1    1    1    1    1  2.72359E+14 0.00094 
   44   44    1    1    1    1    1    1    1    1  3.93089E+14 0.00086 
   45   45    1    1    1    1    1    1    1    1  7.87748E+14 0.00072 
   46   46    1    1    1    1    1    1    1    1  3.74034E+14 0.00106 
   47   47    1    1    1    1    1    1    1    1  5.95764E+14 0.00065 
   48   48    1    1    1    1    1    1    1    1  8.38945E+14 0.00061 
   49   49    1    1    1    1    1    1    1    1  8.27010E+14 0.00084 
   50   50    1    1    1    1    1    1    1    1  1.31001E+15 0.00066 
   51   51    1    1    1    1    1    1    1    1  1.04491E+15 0.00070 
   52   52    1    1    1    1    1    1    1    1  1.25704E+15 0.00061 
   53   53    1    1    1    1    1    1    1    1  8.80845E+14 0.00065 
   54   54    1    1    1    1    1    1    1    1  1.09312E+15 0.00047 
   55   55    1    1    1    1    1    1    1    1  7.58306E+14 0.00048 
   56   56    1    1    1    1    1    1    1    1  1.03227E+14 0.00108 
   57   57    1    1    1    1    1    1    1    1  1.50936E+15 0.00063 
   58   58    1    1    1    1    1    1    1    1  6.84484E+14 0.00068 
   59   59    1    1    1    1    1    1    1    1  7.31596E+14 0.00062 
   60   60    1    1    1    1    1    1    1    1  5.78006E+14 0.00074 
   61   61    1    1    1    1    1    1    1    1  5.79428E+14 0.00073 
   62   62    1    1    1    1    1    1    1    1  6.04637E+14 0.00065 
   63   63    1    1    1    1    1    1    1    1  5.11965E+14 0.00066 
   64   64    1    1    1    1    1    1    1    1  4.09105E+14 0.00078 
   65   65    1    1    1    1    1    1    1    1  4.07517E+14 0.00082 
   66   66    1    1    1    1    1    1    1    1  2.98406E+14 0.00099 
   67   67    1    1    1    1    1    1    1    1  2.43341E+14 0.00118 
   68   68    1    1    1    1    1    1    1    1  2.18152E+14 0.00124 
   69   69    1    1    1    1    1    1    1    1  2.62542E+14 0.00114 
   70   70    1    1    1    1    1    1    1    1  2.23680E+14 0.00093 
   71   71    1    1    1    1    1    1    1    1  4.08429E+14 0.00090 
   72   72    1    1    1    1    1    1    1    1  2.90571E+14 0.00107 
   73   73    1    1    1    1    1    1    1    1  2.20891E+14 0.00094 
   74   74    1    1    1    1    1    1    1    1  1.78598E+14 0.00096 
   75   75    1    1    1    1    1    1    1    1  1.48856E+14 0.00138 
   76   76    1    1    1    1    1    1    1    1  1.73910E+14 0.00115 
   77   77    1    1    1    1    1    1    1    1  1.38111E+14 0.00100 
   78   78    1    1    1    1    1    1    1    1  1.10423E+14 0.00179 
   79   79    1    1    1    1    1    1    1    1  1.14316E+14 0.00147 
   80   80    1    1    1    1    1    1    1    1  8.48685E+13 0.00197 
   81   81    1    1    1    1    1    1    1    1  6.55576E+13 0.00215 
   82   82    1    1    1    1    1    1    1    1  5.01980E+13 0.00223 
   83   83    1    1    1    1    1    1    1    1  4.69401E+13 0.00262 
   84   84    1    1    1    1    1    1    1    1  3.38589E+13 0.00326 
   85   85    1    1    1    1    1    1    1    1  2.44009E+13 0.00357 
   86   86    1    1    1    1    1    1    1    1  2.29596E+13 0.00378 
   87   87    1    1    1    1    1    1    1    1  1.39689E+13 0.00457 
   88   88    1    1    1    1    1    1    1    1  9.51454E+12 0.00470 
   89   89    1    1    1    1    1    1    1    1  5.36696E+12 0.00801 
   90   90    1    1    1    1    1    1    1    1  3.61719E+12 0.00844 
   91   91    1    1    1    1    1    1    1    1  1.78817E+12 0.01200 
   92   92    1    1    1    1    1    1    1    1  8.61260E+11 0.01361 
   93   93    1    1    1    1    1    1    1    1  4.22338E+11 0.02450 
   94   94    1    1    1    1    1    1    1    1  1.93318E+11 0.03655 
   95   95    1    1    1    1    1    1    1    1  1.01516E+11 0.04889 
   96   96    1    1    1    1    1    1    1    1  4.80804E+10 0.09338 
   97   97    1    1    1    1    1    1    1    1  2.17964E+10 0.13254 
   98   98    1    1    1    1    1    1    1    1  8.74911E+09 0.13982 
   99   99    1    1    1    1    1    1    1    1  5.08306E+09 0.28745 
  100  100    1    1    1    1    1    1    1    1  6.82338E+09 0.18494 
];


