
DETdpaspec = [
    1    1    1    1    1    1    1    1    1    1  0.00000E+00 0.00000 
    2    2    1    1    1    1    1    1    1    1  0.00000E+00 0.00000 
    3    3    1    1    1    1    1    1    1    1  0.00000E+00 0.00000 
    4    4    1    1    1    1    1    1    1    1  0.00000E+00 0.00000 
    5    5    1    1    1    1    1    1    1    1  0.00000E+00 0.00000 
    6    6    1    1    1    1    1    1    1    1  0.00000E+00 0.00000 
    7    7    1    1    1    1    1    1    1    1  0.00000E+00 0.00000 
    8    8    1    1    1    1    1    1    1    1  0.00000E+00 0.00000 
    9    9    1    1    1    1    1    1    1    1  0.00000E+00 0.00000 
   10   10    1    1    1    1    1    1    1    1  0.00000E+00 0.00000 
   11   11    1    1    1    1    1    1    1    1  0.00000E+00 0.00000 
   12   12    1    1    1    1    1    1    1    1  0.00000E+00 0.00000 
   13   13    1    1    1    1    1    1    1    1  2.66735E+08 1.00000 
   14   14    1    1    1    1    1    1    1    1  1.05507E+08 1.00000 
   15   15    1    1    1    1    1    1    1    1  6.03356E+08 0.76955 
   16   16    1    1    1    1    1    1    1    1  5.04154E+07 1.00000 
   17   17    1    1    1    1    1    1    1    1  1.48113E+08 0.61888 
   18   18    1    1    1    1    1    1    1    1  1.10036E+09 0.44303 
   19   19    1    1    1    1    1    1    1    1  9.24602E+08 0.38100 
   20   20    1    1    1    1    1    1    1    1  5.04403E+09 0.19558 
   21   21    1    1    1    1    1    1    1    1  6.81405E+09 0.19133 
   22   22    1    1    1    1    1    1    1    1  2.55976E+10 0.08202 
   23   23    1    1    1    1    1    1    1    1  8.93285E+10 0.05934 
   24   24    1    1    1    1    1    1    1    1  2.95905E+11 0.03868 
   25   25    1    1    1    1    1    1    1    1  4.78855E+11 0.02923 
   26   26    1    1    1    1    1    1    1    1  1.03134E+12 0.01453 
   27   27    1    1    1    1    1    1    1    1  1.99200E+12 0.00882 
   28   28    1    1    1    1    1    1    1    1  3.73613E+12 0.00665 
   29   29    1    1    1    1    1    1    1    1  5.63413E+12 0.00565 
   30   30    1    1    1    1    1    1    1    1  1.05827E+13 0.00583 
   31   31    1    1    1    1    1    1    1    1  2.11037E+13 0.00473 
   32   32    1    1    1    1    1    1    1    1  3.00011E+13 0.00353 
   33   33    1    1    1    1    1    1    1    1  5.81946E+13 0.00298 
   34   34    1    1    1    1    1    1    1    1  7.04379E+13 0.00261 
   35   35    1    1    1    1    1    1    1    1  7.19878E+13 0.00189 
   36   36    1    1    1    1    1    1    1    1  4.32168E+13 0.00156 
   37   37    1    1    1    1    1    1    1    1  1.25400E+13 0.00140 
   38   38    1    1    1    1    1    1    1    1  7.09279E+13 0.00124 
   39   39    1    1    1    1    1    1    1    1  9.27174E+13 0.00146 
   40   40    1    1    1    1    1    1    1    1  1.56692E+14 0.00107 
   41   41    1    1    1    1    1    1    1    1  1.48349E+14 0.00122 
   42   42    1    1    1    1    1    1    1    1  3.12527E+14 0.00096 
   43   43    1    1    1    1    1    1    1    1  3.66342E+14 0.00055 
   44   44    1    1    1    1    1    1    1    1  5.11937E+14 0.00080 
   45   45    1    1    1    1    1    1    1    1  9.87171E+14 0.00076 
   46   46    1    1    1    1    1    1    1    1  4.45394E+14 0.00086 
   47   47    1    1    1    1    1    1    1    1  6.93555E+14 0.00082 
   48   48    1    1    1    1    1    1    1    1  9.48124E+14 0.00070 
   49   49    1    1    1    1    1    1    1    1  9.10320E+14 0.00087 
   50   50    1    1    1    1    1    1    1    1  1.41937E+15 0.00070 
   51   51    1    1    1    1    1    1    1    1  1.08728E+15 0.00058 
   52   52    1    1    1    1    1    1    1    1  1.30407E+15 0.00051 
   53   53    1    1    1    1    1    1    1    1  8.92093E+14 0.00062 
   54   54    1    1    1    1    1    1    1    1  1.10737E+15 0.00064 
   55   55    1    1    1    1    1    1    1    1  7.56525E+14 0.00048 
   56   56    1    1    1    1    1    1    1    1  1.02050E+14 0.00095 
   57   57    1    1    1    1    1    1    1    1  1.48506E+15 0.00054 
   58   58    1    1    1    1    1    1    1    1  6.77433E+14 0.00052 
   59   59    1    1    1    1    1    1    1    1  7.13434E+14 0.00064 
   60   60    1    1    1    1    1    1    1    1  5.66160E+14 0.00066 
   61   61    1    1    1    1    1    1    1    1  5.63390E+14 0.00058 
   62   62    1    1    1    1    1    1    1    1  5.83975E+14 0.00088 
   63   63    1    1    1    1    1    1    1    1  4.92081E+14 0.00068 
   64   64    1    1    1    1    1    1    1    1  3.89820E+14 0.00084 
   65   65    1    1    1    1    1    1    1    1  3.86429E+14 0.00079 
   66   66    1    1    1    1    1    1    1    1  2.81052E+14 0.00065 
   67   67    1    1    1    1    1    1    1    1  2.26811E+14 0.00111 
   68   68    1    1    1    1    1    1    1    1  2.01912E+14 0.00099 
   69   69    1    1    1    1    1    1    1    1  2.41805E+14 0.00094 
   70   70    1    1    1    1    1    1    1    1  2.04159E+14 0.00094 
   71   71    1    1    1    1    1    1    1    1  3.64383E+14 0.00103 
   72   72    1    1    1    1    1    1    1    1  2.55924E+14 0.00083 
   73   73    1    1    1    1    1    1    1    1  1.93396E+14 0.00095 
   74   74    1    1    1    1    1    1    1    1  1.57225E+14 0.00123 
   75   75    1    1    1    1    1    1    1    1  1.32106E+14 0.00144 
   76   76    1    1    1    1    1    1    1    1  1.55261E+14 0.00116 
   77   77    1    1    1    1    1    1    1    1  1.23999E+14 0.00154 
   78   78    1    1    1    1    1    1    1    1  9.92228E+13 0.00142 
   79   79    1    1    1    1    1    1    1    1  1.03188E+14 0.00155 
   80   80    1    1    1    1    1    1    1    1  7.65108E+13 0.00133 
   81   81    1    1    1    1    1    1    1    1  5.85821E+13 0.00162 
   82   82    1    1    1    1    1    1    1    1  4.49569E+13 0.00258 
   83   83    1    1    1    1    1    1    1    1  4.18655E+13 0.00300 
   84   84    1    1    1    1    1    1    1    1  2.99915E+13 0.00290 
   85   85    1    1    1    1    1    1    1    1  2.15691E+13 0.00357 
   86   86    1    1    1    1    1    1    1    1  2.01737E+13 0.00396 
   87   87    1    1    1    1    1    1    1    1  1.22049E+13 0.00528 
   88   88    1    1    1    1    1    1    1    1  8.16350E+12 0.00512 
   89   89    1    1    1    1    1    1    1    1  4.54225E+12 0.00716 
   90   90    1    1    1    1    1    1    1    1  3.00701E+12 0.00858 
   91   91    1    1    1    1    1    1    1    1  1.47973E+12 0.01154 
   92   92    1    1    1    1    1    1    1    1  7.17475E+11 0.01681 
   93   93    1    1    1    1    1    1    1    1  3.38898E+11 0.01882 
   94   94    1    1    1    1    1    1    1    1  1.47668E+11 0.04618 
   95   95    1    1    1    1    1    1    1    1  7.65497E+10 0.04511 
   96   96    1    1    1    1    1    1    1    1  3.91180E+10 0.07075 
   97   97    1    1    1    1    1    1    1    1  1.77802E+10 0.08895 
   98   98    1    1    1    1    1    1    1    1  7.36469E+09 0.17523 
   99   99    1    1    1    1    1    1    1    1  4.80260E+09 0.26903 
  100  100    1    1    1    1    1    1    1    1  2.43952E+09 0.34553 
];


