
DETdpaspec = [
    1    1    1    1    1    1    1    1    1    1  0.00000E+00 0.00000 
    2    2    1    1    1    1    1    1    1    1  0.00000E+00 0.00000 
    3    3    1    1    1    1    1    1    1    1  0.00000E+00 0.00000 
    4    4    1    1    1    1    1    1    1    1  0.00000E+00 0.00000 
    5    5    1    1    1    1    1    1    1    1  0.00000E+00 0.00000 
    6    6    1    1    1    1    1    1    1    1  0.00000E+00 0.00000 
    7    7    1    1    1    1    1    1    1    1  0.00000E+00 0.00000 
    8    8    1    1    1    1    1    1    1    1  0.00000E+00 0.00000 
    9    9    1    1    1    1    1    1    1    1  3.65205E+06 1.00000 
   10   10    1    1    1    1    1    1    1    1  2.99148E+07 1.00000 
   11   11    1    1    1    1    1    1    1    1  3.54636E+07 1.00000 
   12   12    1    1    1    1    1    1    1    1  1.97395E+07 1.00000 
   13   13    1    1    1    1    1    1    1    1  4.08673E+08 0.48891 
   14   14    1    1    1    1    1    1    1    1  6.68580E+08 0.52966 
   15   15    1    1    1    1    1    1    1    1  9.43339E+08 0.47097 
   16   16    1    1    1    1    1    1    1    1  4.93853E+08 0.40875 
   17   17    1    1    1    1    1    1    1    1  1.07316E+09 0.46995 
   18   18    1    1    1    1    1    1    1    1  2.45850E+09 0.31153 
   19   19    1    1    1    1    1    1    1    1  2.10358E+09 0.27780 
   20   20    1    1    1    1    1    1    1    1  8.93776E+09 0.20899 
   21   21    1    1    1    1    1    1    1    1  6.66422E+09 0.17743 
   22   22    1    1    1    1    1    1    1    1  1.39899E+10 0.12728 
   23   23    1    1    1    1    1    1    1    1  2.36969E+10 0.09216 
   24   24    1    1    1    1    1    1    1    1  3.65438E+10 0.07838 
   25   25    1    1    1    1    1    1    1    1  5.18436E+10 0.06216 
   26   26    1    1    1    1    1    1    1    1  8.93603E+10 0.05308 
   27   27    1    1    1    1    1    1    1    1  1.64846E+11 0.03399 
   28   28    1    1    1    1    1    1    1    1  3.79959E+11 0.02812 
   29   29    1    1    1    1    1    1    1    1  6.11445E+11 0.01850 
   30   30    1    1    1    1    1    1    1    1  1.70101E+12 0.01379 
   31   31    1    1    1    1    1    1    1    1  5.09729E+12 0.00852 
   32   32    1    1    1    1    1    1    1    1  9.14446E+12 0.00580 
   33   33    1    1    1    1    1    1    1    1  2.14635E+13 0.00281 
   34   34    1    1    1    1    1    1    1    1  2.98675E+13 0.00323 
   35   35    1    1    1    1    1    1    1    1  3.84837E+13 0.00224 
   36   36    1    1    1    1    1    1    1    1  2.63122E+13 0.00246 
   37   37    1    1    1    1    1    1    1    1  8.00346E+12 0.00240 
   38   38    1    1    1    1    1    1    1    1  4.46296E+13 0.00238 
   39   39    1    1    1    1    1    1    1    1  5.99340E+13 0.00242 
   40   40    1    1    1    1    1    1    1    1  1.03203E+14 0.00174 
   41   41    1    1    1    1    1    1    1    1  1.03466E+14 0.00117 
   42   42    1    1    1    1    1    1    1    1  2.19568E+14 0.00126 
   43   43    1    1    1    1    1    1    1    1  2.65891E+14 0.00120 
   44   44    1    1    1    1    1    1    1    1  3.83087E+14 0.00124 
   45   45    1    1    1    1    1    1    1    1  7.68315E+14 0.00091 
   46   46    1    1    1    1    1    1    1    1  3.67031E+14 0.00084 
   47   47    1    1    1    1    1    1    1    1  5.87186E+14 0.00079 
   48   48    1    1    1    1    1    1    1    1  8.27224E+14 0.00076 
   49   49    1    1    1    1    1    1    1    1  8.17221E+14 0.00074 
   50   50    1    1    1    1    1    1    1    1  1.29245E+15 0.00070 
   51   51    1    1    1    1    1    1    1    1  1.03680E+15 0.00072 
   52   52    1    1    1    1    1    1    1    1  1.24268E+15 0.00051 
   53   53    1    1    1    1    1    1    1    1  8.73177E+14 0.00057 
   54   54    1    1    1    1    1    1    1    1  1.08008E+15 0.00059 
   55   55    1    1    1    1    1    1    1    1  7.49032E+14 0.00060 
   56   56    1    1    1    1    1    1    1    1  1.02178E+14 0.00123 
   57   57    1    1    1    1    1    1    1    1  1.49700E+15 0.00057 
   58   58    1    1    1    1    1    1    1    1  6.74624E+14 0.00081 
   59   59    1    1    1    1    1    1    1    1  7.23192E+14 0.00095 
   60   60    1    1    1    1    1    1    1    1  5.69121E+14 0.00090 
   61   61    1    1    1    1    1    1    1    1  5.71406E+14 0.00079 
   62   62    1    1    1    1    1    1    1    1  5.96290E+14 0.00062 
   63   63    1    1    1    1    1    1    1    1  5.05146E+14 0.00089 
   64   64    1    1    1    1    1    1    1    1  4.04106E+14 0.00080 
   65   65    1    1    1    1    1    1    1    1  4.01983E+14 0.00092 
   66   66    1    1    1    1    1    1    1    1  2.94386E+14 0.00073 
   67   67    1    1    1    1    1    1    1    1  2.39849E+14 0.00112 
   68   68    1    1    1    1    1    1    1    1  2.14743E+14 0.00097 
   69   69    1    1    1    1    1    1    1    1  2.58943E+14 0.00087 
   70   70    1    1    1    1    1    1    1    1  2.21185E+14 0.00120 
   71   71    1    1    1    1    1    1    1    1  4.05488E+14 0.00093 
   72   72    1    1    1    1    1    1    1    1  2.89144E+14 0.00069 
   73   73    1    1    1    1    1    1    1    1  2.19126E+14 0.00115 
   74   74    1    1    1    1    1    1    1    1  1.76465E+14 0.00142 
   75   75    1    1    1    1    1    1    1    1  1.47160E+14 0.00154 
   76   76    1    1    1    1    1    1    1    1  1.71062E+14 0.00146 
   77   77    1    1    1    1    1    1    1    1  1.35435E+14 0.00171 
   78   78    1    1    1    1    1    1    1    1  1.08143E+14 0.00168 
   79   79    1    1    1    1    1    1    1    1  1.12055E+14 0.00168 
   80   80    1    1    1    1    1    1    1    1  8.32177E+13 0.00174 
   81   81    1    1    1    1    1    1    1    1  6.39309E+13 0.00168 
   82   82    1    1    1    1    1    1    1    1  4.91591E+13 0.00303 
   83   83    1    1    1    1    1    1    1    1  4.58159E+13 0.00288 
   84   84    1    1    1    1    1    1    1    1  3.30254E+13 0.00255 
   85   85    1    1    1    1    1    1    1    1  2.38969E+13 0.00335 
   86   86    1    1    1    1    1    1    1    1  2.22022E+13 0.00348 
   87   87    1    1    1    1    1    1    1    1  1.36788E+13 0.00293 
   88   88    1    1    1    1    1    1    1    1  9.31672E+12 0.00552 
   89   89    1    1    1    1    1    1    1    1  5.28479E+12 0.00591 
   90   90    1    1    1    1    1    1    1    1  3.41130E+12 0.00897 
   91   91    1    1    1    1    1    1    1    1  1.76960E+12 0.01012 
   92   92    1    1    1    1    1    1    1    1  8.41901E+11 0.02459 
   93   93    1    1    1    1    1    1    1    1  4.15717E+11 0.03290 
   94   94    1    1    1    1    1    1    1    1  1.84425E+11 0.03585 
   95   95    1    1    1    1    1    1    1    1  1.06062E+11 0.04298 
   96   96    1    1    1    1    1    1    1    1  4.31239E+10 0.07225 
   97   97    1    1    1    1    1    1    1    1  2.61032E+10 0.07563 
   98   98    1    1    1    1    1    1    1    1  1.02693E+10 0.15869 
   99   99    1    1    1    1    1    1    1    1  4.70961E+09 0.21983 
  100  100    1    1    1    1    1    1    1    1  5.69044E+09 0.34504 
];


