
DETdpaspec = [
    1    1    1    1    1    1    1    1    1    1  0.00000E+00 0.00000 
    2    2    1    1    1    1    1    1    1    1  0.00000E+00 0.00000 
    3    3    1    1    1    1    1    1    1    1  0.00000E+00 0.00000 
    4    4    1    1    1    1    1    1    1    1  0.00000E+00 0.00000 
    5    5    1    1    1    1    1    1    1    1  0.00000E+00 0.00000 
    6    6    1    1    1    1    1    1    1    1  0.00000E+00 0.00000 
    7    7    1    1    1    1    1    1    1    1  0.00000E+00 0.00000 
    8    8    1    1    1    1    1    1    1    1  0.00000E+00 0.00000 
    9    9    1    1    1    1    1    1    1    1  0.00000E+00 0.00000 
   10   10    1    1    1    1    1    1    1    1  0.00000E+00 0.00000 
   11   11    1    1    1    1    1    1    1    1  0.00000E+00 0.00000 
   12   12    1    1    1    1    1    1    1    1  0.00000E+00 0.00000 
   13   13    1    1    1    1    1    1    1    1  0.00000E+00 0.00000 
   14   14    1    1    1    1    1    1    1    1  0.00000E+00 0.00000 
   15   15    1    1    1    1    1    1    1    1  0.00000E+00 0.00000 
   16   16    1    1    1    1    1    1    1    1  0.00000E+00 0.00000 
   17   17    1    1    1    1    1    1    1    1  0.00000E+00 0.00000 
   18   18    1    1    1    1    1    1    1    1  0.00000E+00 0.00000 
   19   19    1    1    1    1    1    1    1    1  1.59270E+09 0.06006 
   20   20    1    1    1    1    1    1    1    1  2.54445E+08 0.06640 
   21   21    1    1    1    1    1    1    1    1  7.90337E+08 0.04960 
   22   22    1    1    1    1    1    1    1    1  5.91030E+08 0.05532 
   23   23    1    1    1    1    1    1    1    1  1.53677E+09 0.03060 
   24   24    1    1    1    1    1    1    1    1  2.19619E+09 0.02604 
   25   25    1    1    1    1    1    1    1    1  3.65824E+09 0.03116 
   26   26    1    1    1    1    1    1    1    1  4.72821E+09 0.02587 
   27   27    1    1    1    1    1    1    1    1  7.96263E+09 0.01940 
   28   28    1    1    1    1    1    1    1    1  1.52002E+10 0.01526 
   29   29    1    1    1    1    1    1    1    1  3.42982E+10 0.01033 
   30   30    1    1    1    1    1    1    1    1  5.78912E+10 0.00719 
   31   31    1    1    1    1    1    1    1    1  1.63935E+11 0.00364 
   32   32    1    1    1    1    1    1    1    1  5.07393E+11 0.00299 
   33   33    1    1    1    1    1    1    1    1  9.41587E+11 0.00195 
   34   34    1    1    1    1    1    1    1    1  2.22924E+12 0.00114 
   35   35    1    1    1    1    1    1    1    1  3.10946E+12 0.00083 
   36   36    1    1    1    1    1    1    1    1  4.08229E+12 0.00055 
   37   37    1    1    1    1    1    1    1    1  2.78412E+12 0.00065 
   38   38    1    1    1    1    1    1    1    1  8.54885E+11 0.00077 
   39   39    1    1    1    1    1    1    1    1  4.77972E+12 0.00064 
   40   40    1    1    1    1    1    1    1    1  6.44356E+12 0.00058 
   41   41    1    1    1    1    1    1    1    1  1.10768E+13 0.00059 
   42   42    1    1    1    1    1    1    1    1  1.11944E+13 0.00054 
   43   43    1    1    1    1    1    1    1    1  2.37839E+13 0.00049 
   44   44    1    1    1    1    1    1    1    1  2.87651E+13 0.00033 
   45   45    1    1    1    1    1    1    1    1  4.14846E+13 0.00036 
   46   46    1    1    1    1    1    1    1    1  8.24778E+13 0.00030 
   47   47    1    1    1    1    1    1    1    1  3.87725E+13 0.00024 
   48   48    1    1    1    1    1    1    1    1  6.22229E+13 0.00020 
   49   49    1    1    1    1    1    1    1    1  8.68415E+13 0.00021 
   50   50    1    1    1    1    1    1    1    1  8.55179E+13 0.00017 
   51   51    1    1    1    1    1    1    1    1  1.33120E+14 0.00011 
   52   52    1    1    1    1    1    1    1    1  1.05882E+14 0.00015 
   53   53    1    1    1    1    1    1    1    1  1.25521E+14 0.00016 
   54   54    1    1    1    1    1    1    1    1  8.72645E+13 0.00014 
   55   55    1    1    1    1    1    1    1    1  1.06676E+14 0.00017 
   56   56    1    1    1    1    1    1    1    1  7.34371E+13 0.00018 
   57   57    1    1    1    1    1    1    1    1  9.98523E+12 0.00036 
   58   58    1    1    1    1    1    1    1    1  1.45648E+14 0.00012 
   59   59    1    1    1    1    1    1    1    1  6.47724E+13 0.00019 
   60   60    1    1    1    1    1    1    1    1  6.88224E+13 0.00018 
   61   61    1    1    1    1    1    1    1    1  5.34881E+13 0.00024 
   62   62    1    1    1    1    1    1    1    1  5.36535E+13 0.00023 
   63   63    1    1    1    1    1    1    1    1  5.57441E+13 0.00021 
   64   64    1    1    1    1    1    1    1    1  4.68159E+13 0.00023 
   65   65    1    1    1    1    1    1    1    1  3.71745E+13 0.00030 
   66   66    1    1    1    1    1    1    1    1  3.68209E+13 0.00037 
   67   67    1    1    1    1    1    1    1    1  2.66559E+13 0.00044 
   68   68    1    1    1    1    1    1    1    1  2.17343E+13 0.00038 
   69   69    1    1    1    1    1    1    1    1  1.94584E+13 0.00041 
   70   70    1    1    1    1    1    1    1    1  2.34018E+13 0.00041 
   71   71    1    1    1    1    1    1    1    1  1.99106E+13 0.00045 
   72   72    1    1    1    1    1    1    1    1  3.62452E+13 0.00027 
   73   73    1    1    1    1    1    1    1    1  2.56373E+13 0.00027 
   74   74    1    1    1    1    1    1    1    1  1.93052E+13 0.00046 
   75   75    1    1    1    1    1    1    1    1  1.55110E+13 0.00073 
   76   76    1    1    1    1    1    1    1    1  1.28627E+13 0.00050 
   77   77    1    1    1    1    1    1    1    1  1.48812E+13 0.00042 
   78   78    1    1    1    1    1    1    1    1  1.17287E+13 0.00051 
   79   79    1    1    1    1    1    1    1    1  9.34422E+12 0.00050 
   80   80    1    1    1    1    1    1    1    1  9.64009E+12 0.00048 
   81   81    1    1    1    1    1    1    1    1  7.14942E+12 0.00066 
   82   82    1    1    1    1    1    1    1    1  5.49625E+12 0.00060 
   83   83    1    1    1    1    1    1    1    1  4.22765E+12 0.00073 
   84   84    1    1    1    1    1    1    1    1  3.95492E+12 0.00091 
   85   85    1    1    1    1    1    1    1    1  2.84890E+12 0.00097 
   86   86    1    1    1    1    1    1    1    1  2.05257E+12 0.00135 
   87   87    1    1    1    1    1    1    1    1  1.92690E+12 0.00120 
   88   88    1    1    1    1    1    1    1    1  1.18451E+12 0.00167 
   89   89    1    1    1    1    1    1    1    1  8.00345E+11 0.00248 
   90   90    1    1    1    1    1    1    1    1  4.63038E+11 0.00266 
   91   91    1    1    1    1    1    1    1    1  5.88481E+11 0.00237 
   92   92    1    1    1    1    1    1    1    1  0.00000E+00 0.00000 
   93   93    1    1    1    1    1    1    1    1  0.00000E+00 0.00000 
   94   94    1    1    1    1    1    1    1    1  0.00000E+00 0.00000 
   95   95    1    1    1    1    1    1    1    1  0.00000E+00 0.00000 
   96   96    1    1    1    1    1    1    1    1  0.00000E+00 0.00000 
   97   97    1    1    1    1    1    1    1    1  0.00000E+00 0.00000 
   98   98    1    1    1    1    1    1    1    1  0.00000E+00 0.00000 
   99   99    1    1    1    1    1    1    1    1  0.00000E+00 0.00000 
  100  100    1    1    1    1    1    1    1    1  0.00000E+00 0.00000 
];


