
DETdpaspec = [
    1    1    1    1    1    1    1    1    1    1  0.00000E+00 0.00000 
    2    2    1    1    1    1    1    1    1    1  0.00000E+00 0.00000 
    3    3    1    1    1    1    1    1    1    1  0.00000E+00 0.00000 
    4    4    1    1    1    1    1    1    1    1  0.00000E+00 0.00000 
    5    5    1    1    1    1    1    1    1    1  0.00000E+00 0.00000 
    6    6    1    1    1    1    1    1    1    1  0.00000E+00 0.00000 
    7    7    1    1    1    1    1    1    1    1  0.00000E+00 0.00000 
    8    8    1    1    1    1    1    1    1    1  0.00000E+00 0.00000 
    9    9    1    1    1    1    1    1    1    1  0.00000E+00 0.00000 
   10   10    1    1    1    1    1    1    1    1  0.00000E+00 0.00000 
   11   11    1    1    1    1    1    1    1    1  0.00000E+00 0.00000 
   12   12    1    1    1    1    1    1    1    1  0.00000E+00 0.00000 
   13   13    1    1    1    1    1    1    1    1  0.00000E+00 0.00000 
   14   14    1    1    1    1    1    1    1    1  0.00000E+00 0.00000 
   15   15    1    1    1    1    1    1    1    1  0.00000E+00 0.00000 
   16   16    1    1    1    1    1    1    1    1  0.00000E+00 0.00000 
   17   17    1    1    1    1    1    1    1    1  0.00000E+00 0.00000 
   18   18    1    1    1    1    1    1    1    1  0.00000E+00 0.00000 
   19   19    1    1    1    1    1    1    1    1  1.04488E+09 0.11511 
   20   20    1    1    1    1    1    1    1    1  1.33531E+08 0.15388 
   21   21    1    1    1    1    1    1    1    1  4.87235E+08 0.07017 
   22   22    1    1    1    1    1    1    1    1  4.19892E+08 0.07759 
   23   23    1    1    1    1    1    1    1    1  9.24967E+08 0.05171 
   24   24    1    1    1    1    1    1    1    1  1.97153E+09 0.03626 
   25   25    1    1    1    1    1    1    1    1  5.14994E+09 0.01920 
   26   26    1    1    1    1    1    1    1    1  8.72053E+09 0.01285 
   27   27    1    1    1    1    1    1    1    1  1.99401E+10 0.00909 
   28   28    1    1    1    1    1    1    1    1  4.74119E+10 0.00750 
   29   29    1    1    1    1    1    1    1    1  1.15176E+11 0.00518 
   30   30    1    1    1    1    1    1    1    1  2.04609E+11 0.00387 
   31   31    1    1    1    1    1    1    1    1  4.61224E+11 0.00290 
   32   32    1    1    1    1    1    1    1    1  1.15682E+12 0.00158 
   33   33    1    1    1    1    1    1    1    1  1.86215E+12 0.00138 
   34   34    1    1    1    1    1    1    1    1  4.01834E+12 0.00105 
   35   35    1    1    1    1    1    1    1    1  5.27691E+12 0.00099 
   36   36    1    1    1    1    1    1    1    1  5.81683E+12 0.00082 
   37   37    1    1    1    1    1    1    1    1  3.62971E+12 0.00063 
   38   38    1    1    1    1    1    1    1    1  1.07284E+12 0.00077 
   39   39    1    1    1    1    1    1    1    1  6.10728E+12 0.00071 
   40   40    1    1    1    1    1    1    1    1  8.10817E+12 0.00061 
   41   41    1    1    1    1    1    1    1    1  1.38289E+13 0.00049 
   42   42    1    1    1    1    1    1    1    1  1.33802E+13 0.00049 
   43   43    1    1    1    1    1    1    1    1  2.85307E+13 0.00041 
   44   44    1    1    1    1    1    1    1    1  3.39289E+13 0.00039 
   45   45    1    1    1    1    1    1    1    1  4.79731E+13 0.00037 
   46   46    1    1    1    1    1    1    1    1  9.37281E+13 0.00024 
   47   47    1    1    1    1    1    1    1    1  4.22907E+13 0.00019 
   48   48    1    1    1    1    1    1    1    1  6.66311E+13 0.00018 
   49   49    1    1    1    1    1    1    1    1  9.13281E+13 0.00019 
   50   50    1    1    1    1    1    1    1    1  8.81241E+13 0.00020 
   51   51    1    1    1    1    1    1    1    1  1.36417E+14 0.00016 
   52   52    1    1    1    1    1    1    1    1  1.04789E+14 0.00018 
   53   53    1    1    1    1    1    1    1    1  1.24859E+14 0.00014 
   54   54    1    1    1    1    1    1    1    1  8.51178E+13 0.00015 
   55   55    1    1    1    1    1    1    1    1  1.04828E+14 0.00017 
   56   56    1    1    1    1    1    1    1    1  7.12547E+13 0.00019 
   57   57    1    1    1    1    1    1    1    1  9.59915E+12 0.00035 
   58   58    1    1    1    1    1    1    1    1  1.39692E+14 0.00015 
   59   59    1    1    1    1    1    1    1    1  6.29861E+13 0.00020 
   60   60    1    1    1    1    1    1    1    1  6.59128E+13 0.00020 
   61   61    1    1    1    1    1    1    1    1  5.16522E+13 0.00024 
   62   62    1    1    1    1    1    1    1    1  5.13460E+13 0.00022 
   63   63    1    1    1    1    1    1    1    1  5.32375E+13 0.00027 
   64   64    1    1    1    1    1    1    1    1  4.45304E+13 0.00022 
   65   65    1    1    1    1    1    1    1    1  3.50605E+13 0.00028 
   66   66    1    1    1    1    1    1    1    1  3.45002E+13 0.00024 
   67   67    1    1    1    1    1    1    1    1  2.47800E+13 0.00034 
   68   68    1    1    1    1    1    1    1    1  2.00046E+13 0.00032 
   69   69    1    1    1    1    1    1    1    1  1.78187E+13 0.00056 
   70   70    1    1    1    1    1    1    1    1  2.13032E+13 0.00048 
   71   71    1    1    1    1    1    1    1    1  1.79599E+13 0.00036 
   72   72    1    1    1    1    1    1    1    1  3.18496E+13 0.00036 
   73   73    1    1    1    1    1    1    1    1  2.22285E+13 0.00037 
   74   74    1    1    1    1    1    1    1    1  1.66872E+13 0.00035 
   75   75    1    1    1    1    1    1    1    1  1.35071E+13 0.00031 
   76   76    1    1    1    1    1    1    1    1  1.13105E+13 0.00050 
   77   77    1    1    1    1    1    1    1    1  1.32111E+13 0.00029 
   78   78    1    1    1    1    1    1    1    1  1.05534E+13 0.00053 
   79   79    1    1    1    1    1    1    1    1  8.45767E+12 0.00060 
   80   80    1    1    1    1    1    1    1    1  8.78317E+12 0.00091 
   81   81    1    1    1    1    1    1    1    1  6.53321E+12 0.00073 
   82   82    1    1    1    1    1    1    1    1  5.04013E+12 0.00069 
   83   83    1    1    1    1    1    1    1    1  3.87958E+12 0.00092 
   84   84    1    1    1    1    1    1    1    1  3.63379E+12 0.00097 
   85   85    1    1    1    1    1    1    1    1  2.61555E+12 0.00096 
   86   86    1    1    1    1    1    1    1    1  1.89143E+12 0.00110 
   87   87    1    1    1    1    1    1    1    1  1.76372E+12 0.00153 
   88   88    1    1    1    1    1    1    1    1  1.07927E+12 0.00166 
   89   89    1    1    1    1    1    1    1    1  7.22874E+11 0.00206 
   90   90    1    1    1    1    1    1    1    1  4.17774E+11 0.00234 
   91   91    1    1    1    1    1    1    1    1  5.25952E+11 0.00324 
   92   92    1    1    1    1    1    1    1    1  0.00000E+00 0.00000 
   93   93    1    1    1    1    1    1    1    1  0.00000E+00 0.00000 
   94   94    1    1    1    1    1    1    1    1  0.00000E+00 0.00000 
   95   95    1    1    1    1    1    1    1    1  0.00000E+00 0.00000 
   96   96    1    1    1    1    1    1    1    1  0.00000E+00 0.00000 
   97   97    1    1    1    1    1    1    1    1  0.00000E+00 0.00000 
   98   98    1    1    1    1    1    1    1    1  0.00000E+00 0.00000 
   99   99    1    1    1    1    1    1    1    1  0.00000E+00 0.00000 
  100  100    1    1    1    1    1    1    1    1  0.00000E+00 0.00000 
];


