
DETdpaspec = [
    1    1    1    1    1    1    1    1    1    1  0.00000E+00 0.00000 
    2    2    1    1    1    1    1    1    1    1  0.00000E+00 0.00000 
    3    3    1    1    1    1    1    1    1    1  0.00000E+00 0.00000 
    4    4    1    1    1    1    1    1    1    1  0.00000E+00 0.00000 
    5    5    1    1    1    1    1    1    1    1  0.00000E+00 0.00000 
    6    6    1    1    1    1    1    1    1    1  0.00000E+00 0.00000 
    7    7    1    1    1    1    1    1    1    1  0.00000E+00 0.00000 
    8    8    1    1    1    1    1    1    1    1  0.00000E+00 0.00000 
    9    9    1    1    1    1    1    1    1    1  0.00000E+00 0.00000 
   10   10    1    1    1    1    1    1    1    1  0.00000E+00 0.00000 
   11   11    1    1    1    1    1    1    1    1  0.00000E+00 0.00000 
   12   12    1    1    1    1    1    1    1    1  0.00000E+00 0.00000 
   13   13    1    1    1    1    1    1    1    1  0.00000E+00 0.00000 
   14   14    1    1    1    1    1    1    1    1  0.00000E+00 0.00000 
   15   15    1    1    1    1    1    1    1    1  0.00000E+00 0.00000 
   16   16    1    1    1    1    1    1    1    1  0.00000E+00 0.00000 
   17   17    1    1    1    1    1    1    1    1  0.00000E+00 0.00000 
   18   18    1    1    1    1    1    1    1    1  0.00000E+00 0.00000 
   19   19    1    1    1    1    1    1    1    1  1.19202E+09 0.07879 
   20   20    1    1    1    1    1    1    1    1  1.52035E+08 0.13660 
   21   21    1    1    1    1    1    1    1    1  5.65814E+08 0.10105 
   22   22    1    1    1    1    1    1    1    1  4.42341E+08 0.06720 
   23   23    1    1    1    1    1    1    1    1  9.44470E+08 0.05492 
   24   24    1    1    1    1    1    1    1    1  1.80401E+09 0.03078 
   25   25    1    1    1    1    1    1    1    1  3.73267E+09 0.02502 
   26   26    1    1    1    1    1    1    1    1  5.93785E+09 0.02059 
   27   27    1    1    1    1    1    1    1    1  1.24055E+10 0.01692 
   28   28    1    1    1    1    1    1    1    1  2.96251E+10 0.01237 
   29   29    1    1    1    1    1    1    1    1  7.57973E+10 0.00581 
   30   30    1    1    1    1    1    1    1    1  1.38628E+11 0.00475 
   31   31    1    1    1    1    1    1    1    1  3.32822E+11 0.00319 
   32   32    1    1    1    1    1    1    1    1  8.96559E+11 0.00210 
   33   33    1    1    1    1    1    1    1    1  1.50713E+12 0.00144 
   34   34    1    1    1    1    1    1    1    1  3.37701E+12 0.00120 
   35   35    1    1    1    1    1    1    1    1  4.54744E+12 0.00108 
   36   36    1    1    1    1    1    1    1    1  5.20644E+12 0.00087 
   37   37    1    1    1    1    1    1    1    1  3.31895E+12 0.00058 
   38   38    1    1    1    1    1    1    1    1  9.87459E+11 0.00081 
   39   39    1    1    1    1    1    1    1    1  5.61278E+12 0.00067 
   40   40    1    1    1    1    1    1    1    1  7.49868E+12 0.00059 
   41   41    1    1    1    1    1    1    1    1  1.28460E+13 0.00041 
   42   42    1    1    1    1    1    1    1    1  1.25498E+13 0.00035 
   43   43    1    1    1    1    1    1    1    1  2.68651E+13 0.00025 
   44   44    1    1    1    1    1    1    1    1  3.21391E+13 0.00022 
   45   45    1    1    1    1    1    1    1    1  4.57661E+13 0.00030 
   46   46    1    1    1    1    1    1    1    1  9.01407E+13 0.00020 
   47   47    1    1    1    1    1    1    1    1  4.11221E+13 0.00024 
   48   48    1    1    1    1    1    1    1    1  6.50847E+13 0.00023 
   49   49    1    1    1    1    1    1    1    1  8.97100E+13 0.00015 
   50   50    1    1    1    1    1    1    1    1  8.70270E+13 0.00017 
   51   51    1    1    1    1    1    1    1    1  1.35258E+14 0.00017 
   52   52    1    1    1    1    1    1    1    1  1.04753E+14 0.00014 
   53   53    1    1    1    1    1    1    1    1  1.25050E+14 0.00019 
   54   54    1    1    1    1    1    1    1    1  8.56936E+13 0.00016 
   55   55    1    1    1    1    1    1    1    1  1.05555E+14 0.00013 
   56   56    1    1    1    1    1    1    1    1  7.19958E+13 0.00017 
   57   57    1    1    1    1    1    1    1    1  9.71680E+12 0.00032 
   58   58    1    1    1    1    1    1    1    1  1.41638E+14 0.00011 
   59   59    1    1    1    1    1    1    1    1  6.38633E+13 0.00019 
   60   60    1    1    1    1    1    1    1    1  6.70075E+13 0.00014 
   61   61    1    1    1    1    1    1    1    1  5.25147E+13 0.00014 
   62   62    1    1    1    1    1    1    1    1  5.23285E+13 0.00019 
   63   63    1    1    1    1    1    1    1    1  5.43201E+13 0.00026 
   64   64    1    1    1    1    1    1    1    1  4.55032E+13 0.00024 
   65   65    1    1    1    1    1    1    1    1  3.59108E+13 0.00031 
   66   66    1    1    1    1    1    1    1    1  3.53922E+13 0.00035 
   67   67    1    1    1    1    1    1    1    1  2.54660E+13 0.00037 
   68   68    1    1    1    1    1    1    1    1  2.06038E+13 0.00038 
   69   69    1    1    1    1    1    1    1    1  1.83835E+13 0.00037 
   70   70    1    1    1    1    1    1    1    1  2.20098E+13 0.00038 
   71   71    1    1    1    1    1    1    1    1  1.86049E+13 0.00039 
   72   72    1    1    1    1    1    1    1    1  3.31600E+13 0.00031 
   73   73    1    1    1    1    1    1    1    1  2.32141E+13 0.00039 
   74   74    1    1    1    1    1    1    1    1  1.74327E+13 0.00052 
   75   75    1    1    1    1    1    1    1    1  1.41106E+13 0.00043 
   76   76    1    1    1    1    1    1    1    1  1.18005E+13 0.00048 
   77   77    1    1    1    1    1    1    1    1  1.37721E+13 0.00042 
   78   78    1    1    1    1    1    1    1    1  1.09861E+13 0.00066 
   79   79    1    1    1    1    1    1    1    1  8.78789E+12 0.00053 
   80   80    1    1    1    1    1    1    1    1  9.12578E+12 0.00072 
   81   81    1    1    1    1    1    1    1    1  6.78684E+12 0.00070 
   82   82    1    1    1    1    1    1    1    1  5.24123E+12 0.00100 
   83   83    1    1    1    1    1    1    1    1  4.02807E+12 0.00089 
   84   84    1    1    1    1    1    1    1    1  3.77712E+12 0.00062 
   85   85    1    1    1    1    1    1    1    1  2.71278E+12 0.00102 
   86   86    1    1    1    1    1    1    1    1  1.96745E+12 0.00154 
   87   87    1    1    1    1    1    1    1    1  1.84124E+12 0.00166 
   88   88    1    1    1    1    1    1    1    1  1.12741E+12 0.00187 
   89   89    1    1    1    1    1    1    1    1  7.57466E+11 0.00219 
   90   90    1    1    1    1    1    1    1    1  4.40169E+11 0.00292 
   91   91    1    1    1    1    1    1    1    1  5.55160E+11 0.00312 
   92   92    1    1    1    1    1    1    1    1  0.00000E+00 0.00000 
   93   93    1    1    1    1    1    1    1    1  0.00000E+00 0.00000 
   94   94    1    1    1    1    1    1    1    1  0.00000E+00 0.00000 
   95   95    1    1    1    1    1    1    1    1  0.00000E+00 0.00000 
   96   96    1    1    1    1    1    1    1    1  0.00000E+00 0.00000 
   97   97    1    1    1    1    1    1    1    1  0.00000E+00 0.00000 
   98   98    1    1    1    1    1    1    1    1  0.00000E+00 0.00000 
   99   99    1    1    1    1    1    1    1    1  0.00000E+00 0.00000 
  100  100    1    1    1    1    1    1    1    1  0.00000E+00 0.00000 
];


