
DETdpaspec = [
    1    1    1    1    1    1    1    1    1    1  0.00000E+00 0.00000 
    2    2    1    1    1    1    1    1    1    1  0.00000E+00 0.00000 
    3    3    1    1    1    1    1    1    1    1  0.00000E+00 0.00000 
    4    4    1    1    1    1    1    1    1    1  0.00000E+00 0.00000 
    5    5    1    1    1    1    1    1    1    1  0.00000E+00 0.00000 
    6    6    1    1    1    1    1    1    1    1  0.00000E+00 0.00000 
    7    7    1    1    1    1    1    1    1    1  0.00000E+00 0.00000 
    8    8    1    1    1    1    1    1    1    1  0.00000E+00 0.00000 
    9    9    1    1    1    1    1    1    1    1  0.00000E+00 0.00000 
   10   10    1    1    1    1    1    1    1    1  0.00000E+00 0.00000 
   11   11    1    1    1    1    1    1    1    1  0.00000E+00 0.00000 
   12   12    1    1    1    1    1    1    1    1  0.00000E+00 0.00000 
   13   13    1    1    1    1    1    1    1    1  0.00000E+00 0.00000 
   14   14    1    1    1    1    1    1    1    1  0.00000E+00 0.00000 
   15   15    1    1    1    1    1    1    1    1  0.00000E+00 0.00000 
   16   16    1    1    1    1    1    1    1    1  0.00000E+00 0.00000 
   17   17    1    1    1    1    1    1    1    1  0.00000E+00 0.00000 
   18   18    1    1    1    1    1    1    1    1  0.00000E+00 0.00000 
   19   19    1    1    1    1    1    1    1    1  7.65186E+08 0.15597 
   20   20    1    1    1    1    1    1    1    1  1.00380E+08 0.16176 
   21   21    1    1    1    1    1    1    1    1  3.55612E+08 0.09900 
   22   22    1    1    1    1    1    1    1    1  4.02495E+08 0.08278 
   23   23    1    1    1    1    1    1    1    1  1.56249E+09 0.04577 
   24   24    1    1    1    1    1    1    1    1  7.06428E+09 0.02704 
   25   25    1    1    1    1    1    1    1    1  2.27866E+10 0.01372 
   26   26    1    1    1    1    1    1    1    1  3.82080E+10 0.01044 
   27   27    1    1    1    1    1    1    1    1  8.24262E+10 0.00575 
   28   28    1    1    1    1    1    1    1    1  1.67899E+11 0.00471 
   29   29    1    1    1    1    1    1    1    1  3.32587E+11 0.00254 
   30   30    1    1    1    1    1    1    1    1  5.26489E+11 0.00212 
   31   31    1    1    1    1    1    1    1    1  1.02134E+12 0.00171 
   32   32    1    1    1    1    1    1    1    1  2.12236E+12 0.00117 
   33   33    1    1    1    1    1    1    1    1  3.08668E+12 0.00096 
   34   34    1    1    1    1    1    1    1    1  6.05323E+12 0.00070 
   35   35    1    1    1    1    1    1    1    1  7.40491E+12 0.00046 
   36   36    1    1    1    1    1    1    1    1  7.56477E+12 0.00049 
   37   37    1    1    1    1    1    1    1    1  4.51267E+12 0.00039 
   38   38    1    1    1    1    1    1    1    1  1.31436E+12 0.00048 
   39   39    1    1    1    1    1    1    1    1  7.47387E+12 0.00031 
   40   40    1    1    1    1    1    1    1    1  9.78931E+12 0.00032 
   41   41    1    1    1    1    1    1    1    1  1.64578E+13 0.00030 
   42   42    1    1    1    1    1    1    1    1  1.56077E+13 0.00021 
   43   43    1    1    1    1    1    1    1    1  3.29779E+13 0.00027 
   44   44    1    1    1    1    1    1    1    1  3.86074E+13 0.00024 
   45   45    1    1    1    1    1    1    1    1  5.37123E+13 0.00023 
   46   46    1    1    1    1    1    1    1    1  1.02528E+14 0.00015 
   47   47    1    1    1    1    1    1    1    1  4.52020E+13 0.00016 
   48   48    1    1    1    1    1    1    1    1  7.04858E+13 0.00015 
   49   49    1    1    1    1    1    1    1    1  9.51486E+13 0.00012 
   50   50    1    1    1    1    1    1    1    1  9.07222E+13 0.00015 
   51   51    1    1    1    1    1    1    1    1  1.38731E+14 0.00012 
   52   52    1    1    1    1    1    1    1    1  1.04809E+14 0.00018 
   53   53    1    1    1    1    1    1    1    1  1.24120E+14 0.00016 
   54   54    1    1    1    1    1    1    1    1  8.36284E+13 0.00024 
   55   55    1    1    1    1    1    1    1    1  1.02582E+14 0.00013 
   56   56    1    1    1    1    1    1    1    1  6.91891E+13 0.00018 
   57   57    1    1    1    1    1    1    1    1  9.28663E+12 0.00038 
   58   58    1    1    1    1    1    1    1    1  1.34570E+14 0.00014 
   59   59    1    1    1    1    1    1    1    1  6.05294E+13 0.00015 
   60   60    1    1    1    1    1    1    1    1  6.28789E+13 0.00015 
   61   61    1    1    1    1    1    1    1    1  4.91898E+13 0.00018 
   62   62    1    1    1    1    1    1    1    1  4.87275E+13 0.00019 
   63   63    1    1    1    1    1    1    1    1  5.03010E+13 0.00019 
   64   64    1    1    1    1    1    1    1    1  4.18835E+13 0.00018 
   65   65    1    1    1    1    1    1    1    1  3.28234E+13 0.00024 
   66   66    1    1    1    1    1    1    1    1  3.21456E+13 0.00019 
   67   67    1    1    1    1    1    1    1    1  2.29816E+13 0.00031 
   68   68    1    1    1    1    1    1    1    1  1.84667E+13 0.00030 
   69   69    1    1    1    1    1    1    1    1  1.64304E+13 0.00039 
   70   70    1    1    1    1    1    1    1    1  1.95526E+13 0.00041 
   71   71    1    1    1    1    1    1    1    1  1.64147E+13 0.00057 
   72   72    1    1    1    1    1    1    1    1  2.88430E+13 0.00033 
   73   73    1    1    1    1    1    1    1    1  2.00093E+13 0.00042 
   74   74    1    1    1    1    1    1    1    1  1.49659E+13 0.00052 
   75   75    1    1    1    1    1    1    1    1  1.21130E+13 0.00050 
   76   76    1    1    1    1    1    1    1    1  1.01457E+13 0.00047 
   77   77    1    1    1    1    1    1    1    1  1.18496E+13 0.00051 
   78   78    1    1    1    1    1    1    1    1  9.45416E+12 0.00057 
   79   79    1    1    1    1    1    1    1    1  7.58960E+12 0.00053 
   80   80    1    1    1    1    1    1    1    1  7.86756E+12 0.00055 
   81   81    1    1    1    1    1    1    1    1  5.82760E+12 0.00078 
   82   82    1    1    1    1    1    1    1    1  4.49934E+12 0.00075 
   83   83    1    1    1    1    1    1    1    1  3.45166E+12 0.00081 
   84   84    1    1    1    1    1    1    1    1  3.22328E+12 0.00089 
   85   85    1    1    1    1    1    1    1    1  2.31446E+12 0.00126 
   86   86    1    1    1    1    1    1    1    1  1.67050E+12 0.00160 
   87   87    1    1    1    1    1    1    1    1  1.56333E+12 0.00110 
   88   88    1    1    1    1    1    1    1    1  9.50101E+11 0.00191 
   89   89    1    1    1    1    1    1    1    1  6.34039E+11 0.00212 
   90   90    1    1    1    1    1    1    1    1  3.64487E+11 0.00258 
   91   91    1    1    1    1    1    1    1    1  4.50276E+11 0.00262 
   92   92    1    1    1    1    1    1    1    1  0.00000E+00 0.00000 
   93   93    1    1    1    1    1    1    1    1  0.00000E+00 0.00000 
   94   94    1    1    1    1    1    1    1    1  0.00000E+00 0.00000 
   95   95    1    1    1    1    1    1    1    1  0.00000E+00 0.00000 
   96   96    1    1    1    1    1    1    1    1  0.00000E+00 0.00000 
   97   97    1    1    1    1    1    1    1    1  0.00000E+00 0.00000 
   98   98    1    1    1    1    1    1    1    1  0.00000E+00 0.00000 
   99   99    1    1    1    1    1    1    1    1  0.00000E+00 0.00000 
  100  100    1    1    1    1    1    1    1    1  0.00000E+00 0.00000 
];


