
DETdpaspec = [
    1    1    1    1    1    1    1    1    1    1  0.00000E+00 0.00000 
    2    2    1    1    1    1    1    1    1    1  0.00000E+00 0.00000 
    3    3    1    1    1    1    1    1    1    1  0.00000E+00 0.00000 
    4    4    1    1    1    1    1    1    1    1  0.00000E+00 0.00000 
    5    5    1    1    1    1    1    1    1    1  0.00000E+00 0.00000 
    6    6    1    1    1    1    1    1    1    1  0.00000E+00 0.00000 
    7    7    1    1    1    1    1    1    1    1  0.00000E+00 0.00000 
    8    8    1    1    1    1    1    1    1    1  0.00000E+00 0.00000 
    9    9    1    1    1    1    1    1    1    1  0.00000E+00 0.00000 
   10   10    1    1    1    1    1    1    1    1  0.00000E+00 0.00000 
   11   11    1    1    1    1    1    1    1    1  0.00000E+00 0.00000 
   12   12    1    1    1    1    1    1    1    1  0.00000E+00 0.00000 
   13   13    1    1    1    1    1    1    1    1  0.00000E+00 0.00000 
   14   14    1    1    1    1    1    1    1    1  0.00000E+00 0.00000 
   15   15    1    1    1    1    1    1    1    1  0.00000E+00 0.00000 
   16   16    1    1    1    1    1    1    1    1  0.00000E+00 0.00000 
   17   17    1    1    1    1    1    1    1    1  0.00000E+00 0.00000 
   18   18    1    1    1    1    1    1    1    1  0.00000E+00 0.00000 
   19   19    1    1    1    1    1    1    1    1  1.19300E+09 0.08848 
   20   20    1    1    1    1    1    1    1    1  1.66233E+08 0.12072 
   21   21    1    1    1    1    1    1    1    1  6.96256E+08 0.05701 
   22   22    1    1    1    1    1    1    1    1  4.62000E+08 0.07236 
   23   23    1    1    1    1    1    1    1    1  1.03249E+09 0.05016 
   24   24    1    1    1    1    1    1    1    1  1.72847E+09 0.03490 
   25   25    1    1    1    1    1    1    1    1  3.27338E+09 0.02300 
   26   26    1    1    1    1    1    1    1    1  4.71878E+09 0.02037 
   27   27    1    1    1    1    1    1    1    1  9.14109E+09 0.01457 
   28   28    1    1    1    1    1    1    1    1  2.01491E+10 0.01317 
   29   29    1    1    1    1    1    1    1    1  5.15407E+10 0.00762 
   30   30    1    1    1    1    1    1    1    1  9.48195E+10 0.00449 
   31   31    1    1    1    1    1    1    1    1  2.43739E+11 0.00292 
   32   32    1    1    1    1    1    1    1    1  7.00707E+11 0.00212 
   33   33    1    1    1    1    1    1    1    1  1.22879E+12 0.00155 
   34   34    1    1    1    1    1    1    1    1  2.83996E+12 0.00132 
   35   35    1    1    1    1    1    1    1    1  3.91899E+12 0.00109 
   36   36    1    1    1    1    1    1    1    1  4.68733E+12 0.00093 
   37   37    1    1    1    1    1    1    1    1  3.05835E+12 0.00078 
   38   38    1    1    1    1    1    1    1    1  9.16841E+11 0.00082 
   39   39    1    1    1    1    1    1    1    1  5.20251E+12 0.00075 
   40   40    1    1    1    1    1    1    1    1  6.98275E+12 0.00062 
   41   41    1    1    1    1    1    1    1    1  1.20117E+13 0.00063 
   42   42    1    1    1    1    1    1    1    1  1.18647E+13 0.00043 
   43   43    1    1    1    1    1    1    1    1  2.54021E+13 0.00043 
   44   44    1    1    1    1    1    1    1    1  3.05639E+13 0.00037 
   45   45    1    1    1    1    1    1    1    1  4.37794E+13 0.00035 
   46   46    1    1    1    1    1    1    1    1  8.68480E+13 0.00026 
   47   47    1    1    1    1    1    1    1    1  4.00293E+13 0.00026 
   48   48    1    1    1    1    1    1    1    1  6.36458E+13 0.00027 
   49   49    1    1    1    1    1    1    1    1  8.82750E+13 0.00019 
   50   50    1    1    1    1    1    1    1    1  8.60855E+13 0.00016 
   51   51    1    1    1    1    1    1    1    1  1.34225E+14 0.00016 
   52   52    1    1    1    1    1    1    1    1  1.04847E+14 0.00014 
   53   53    1    1    1    1    1    1    1    1  1.25148E+14 0.00017 
   54   54    1    1    1    1    1    1    1    1  8.62146E+13 0.00017 
   55   55    1    1    1    1    1    1    1    1  1.06196E+14 0.00016 
   56   56    1    1    1    1    1    1    1    1  7.26724E+13 0.00019 
   57   57    1    1    1    1    1    1    1    1  9.82826E+12 0.00035 
   58   58    1    1    1    1    1    1    1    1  1.43353E+14 0.00017 
   59   59    1    1    1    1    1    1    1    1  6.45054E+13 0.00019 
   60   60    1    1    1    1    1    1    1    1  6.79598E+13 0.00022 
   61   61    1    1    1    1    1    1    1    1  5.31970E+13 0.00018 
   62   62    1    1    1    1    1    1    1    1  5.31184E+13 0.00029 
   63   63    1    1    1    1    1    1    1    1  5.51886E+13 0.00018 
   64   64    1    1    1    1    1    1    1    1  4.62888E+13 0.00031 
   65   65    1    1    1    1    1    1    1    1  3.66116E+13 0.00032 
   66   66    1    1    1    1    1    1    1    1  3.61507E+13 0.00030 
   67   67    1    1    1    1    1    1    1    1  2.60755E+13 0.00025 
   68   68    1    1    1    1    1    1    1    1  2.11376E+13 0.00032 
   69   69    1    1    1    1    1    1    1    1  1.89009E+13 0.00033 
   70   70    1    1    1    1    1    1    1    1  2.26428E+13 0.00036 
   71   71    1    1    1    1    1    1    1    1  1.91920E+13 0.00030 
   72   72    1    1    1    1    1    1    1    1  3.43919E+13 0.00035 
   73   73    1    1    1    1    1    1    1    1  2.41700E+13 0.00045 
   74   74    1    1    1    1    1    1    1    1  1.81844E+13 0.00046 
   75   75    1    1    1    1    1    1    1    1  1.46853E+13 0.00045 
   76   76    1    1    1    1    1    1    1    1  1.22666E+13 0.00058 
   77   77    1    1    1    1    1    1    1    1  1.42845E+13 0.00041 
   78   78    1    1    1    1    1    1    1    1  1.13680E+13 0.00050 
   79   79    1    1    1    1    1    1    1    1  9.09371E+12 0.00046 
   80   80    1    1    1    1    1    1    1    1  9.43389E+12 0.00050 
   81   81    1    1    1    1    1    1    1    1  7.00921E+12 0.00051 
   82   82    1    1    1    1    1    1    1    1  5.41314E+12 0.00090 
   83   83    1    1    1    1    1    1    1    1  4.16456E+12 0.00078 
   84   84    1    1    1    1    1    1    1    1  3.89813E+12 0.00089 
   85   85    1    1    1    1    1    1    1    1  2.81088E+12 0.00093 
   86   86    1    1    1    1    1    1    1    1  2.02476E+12 0.00159 
   87   87    1    1    1    1    1    1    1    1  1.89298E+12 0.00131 
   88   88    1    1    1    1    1    1    1    1  1.16446E+12 0.00150 
   89   89    1    1    1    1    1    1    1    1  7.86923E+11 0.00186 
   90   90    1    1    1    1    1    1    1    1  4.53359E+11 0.00268 
   91   91    1    1    1    1    1    1    1    1  5.75658E+11 0.00201 
   92   92    1    1    1    1    1    1    1    1  0.00000E+00 0.00000 
   93   93    1    1    1    1    1    1    1    1  0.00000E+00 0.00000 
   94   94    1    1    1    1    1    1    1    1  0.00000E+00 0.00000 
   95   95    1    1    1    1    1    1    1    1  0.00000E+00 0.00000 
   96   96    1    1    1    1    1    1    1    1  0.00000E+00 0.00000 
   97   97    1    1    1    1    1    1    1    1  0.00000E+00 0.00000 
   98   98    1    1    1    1    1    1    1    1  0.00000E+00 0.00000 
   99   99    1    1    1    1    1    1    1    1  0.00000E+00 0.00000 
  100  100    1    1    1    1    1    1    1    1  0.00000E+00 0.00000 
];


