
DETdpaspec = [
    1    1    1    1    1    1    1    1    1    1  0.00000E+00 0.00000 
    2    2    1    1    1    1    1    1    1    1  0.00000E+00 0.00000 
    3    3    1    1    1    1    1    1    1    1  0.00000E+00 0.00000 
    4    4    1    1    1    1    1    1    1    1  0.00000E+00 0.00000 
    5    5    1    1    1    1    1    1    1    1  0.00000E+00 0.00000 
    6    6    1    1    1    1    1    1    1    1  0.00000E+00 0.00000 
    7    7    1    1    1    1    1    1    1    1  0.00000E+00 0.00000 
    8    8    1    1    1    1    1    1    1    1  0.00000E+00 0.00000 
    9    9    1    1    1    1    1    1    1    1  0.00000E+00 0.00000 
   10   10    1    1    1    1    1    1    1    1  0.00000E+00 0.00000 
   11   11    1    1    1    1    1    1    1    1  0.00000E+00 0.00000 
   12   12    1    1    1    1    1    1    1    1  0.00000E+00 0.00000 
   13   13    1    1    1    1    1    1    1    1  0.00000E+00 0.00000 
   14   14    1    1    1    1    1    1    1    1  0.00000E+00 0.00000 
   15   15    1    1    1    1    1    1    1    1  0.00000E+00 0.00000 
   16   16    1    1    1    1    1    1    1    1  0.00000E+00 0.00000 
   17   17    1    1    1    1    1    1    1    1  0.00000E+00 0.00000 
   18   18    1    1    1    1    1    1    1    1  0.00000E+00 0.00000 
   19   19    1    1    1    1    1    1    1    1  1.04163E+09 0.12262 
   20   20    1    1    1    1    1    1    1    1  1.00540E+08 0.11845 
   21   21    1    1    1    1    1    1    1    1  3.79343E+08 0.10553 
   22   22    1    1    1    1    1    1    1    1  4.03280E+08 0.09228 
   23   23    1    1    1    1    1    1    1    1  1.06105E+09 0.05124 
   24   24    1    1    1    1    1    1    1    1  3.19590E+09 0.02829 
   25   25    1    1    1    1    1    1    1    1  9.87541E+09 0.01823 
   26   26    1    1    1    1    1    1    1    1  1.78910E+10 0.01525 
   27   27    1    1    1    1    1    1    1    1  4.06951E+10 0.01010 
   28   28    1    1    1    1    1    1    1    1  9.11601E+10 0.00701 
   29   29    1    1    1    1    1    1    1    1  2.02270E+11 0.00519 
   30   30    1    1    1    1    1    1    1    1  3.38561E+11 0.00328 
   31   31    1    1    1    1    1    1    1    1  7.03910E+11 0.00218 
   32   32    1    1    1    1    1    1    1    1  1.60423E+12 0.00188 
   33   33    1    1    1    1    1    1    1    1  2.44092E+12 0.00119 
   34   34    1    1    1    1    1    1    1    1  5.00979E+12 0.00082 
   35   35    1    1    1    1    1    1    1    1  6.33324E+12 0.00069 
   36   36    1    1    1    1    1    1    1    1  6.68671E+12 0.00066 
   37   37    1    1    1    1    1    1    1    1  4.07279E+12 0.00073 
   38   38    1    1    1    1    1    1    1    1  1.19379E+12 0.00065 
   39   39    1    1    1    1    1    1    1    1  6.79581E+12 0.00058 
   40   40    1    1    1    1    1    1    1    1  8.96580E+12 0.00050 
   41   41    1    1    1    1    1    1    1    1  1.51729E+13 0.00036 
   42   42    1    1    1    1    1    1    1    1  1.45171E+13 0.00036 
   43   43    1    1    1    1    1    1    1    1  3.08296E+13 0.00031 
   44   44    1    1    1    1    1    1    1    1  3.63799E+13 0.00033 
   45   45    1    1    1    1    1    1    1    1  5.09993E+13 0.00031 
   46   46    1    1    1    1    1    1    1    1  9.84208E+13 0.00021 
   47   47    1    1    1    1    1    1    1    1  4.38437E+13 0.00022 
   48   48    1    1    1    1    1    1    1    1  6.86899E+13 0.00019 
   49   49    1    1    1    1    1    1    1    1  9.34164E+13 0.00020 
   50   50    1    1    1    1    1    1    1    1  8.95458E+13 0.00014 
   51   51    1    1    1    1    1    1    1    1  1.37720E+14 0.00016 
   52   52    1    1    1    1    1    1    1    1  1.04847E+14 0.00014 
   53   53    1    1    1    1    1    1    1    1  1.24571E+14 0.00018 
   54   54    1    1    1    1    1    1    1    1  8.43355E+13 0.00018 
   55   55    1    1    1    1    1    1    1    1  1.03697E+14 0.00015 
   56   56    1    1    1    1    1    1    1    1  7.01889E+13 0.00013 
   57   57    1    1    1    1    1    1    1    1  9.43296E+12 0.00032 
   58   58    1    1    1    1    1    1    1    1  1.37036E+14 0.00015 
   59   59    1    1    1    1    1    1    1    1  6.17469E+13 0.00020 
   60   60    1    1    1    1    1    1    1    1  6.43336E+13 0.00022 
   61   61    1    1    1    1    1    1    1    1  5.03973E+13 0.00018 
   62   62    1    1    1    1    1    1    1    1  5.00041E+13 0.00018 
   63   63    1    1    1    1    1    1    1    1  5.17292E+13 0.00023 
   64   64    1    1    1    1    1    1    1    1  4.31545E+13 0.00033 
   65   65    1    1    1    1    1    1    1    1  3.38833E+13 0.00041 
   66   66    1    1    1    1    1    1    1    1  3.32478E+13 0.00036 
   67   67    1    1    1    1    1    1    1    1  2.38268E+13 0.00039 
   68   68    1    1    1    1    1    1    1    1  1.91926E+13 0.00035 
   69   69    1    1    1    1    1    1    1    1  1.70781E+13 0.00044 
   70   70    1    1    1    1    1    1    1    1  2.03983E+13 0.00033 
   71   71    1    1    1    1    1    1    1    1  1.71368E+13 0.00049 
   72   72    1    1    1    1    1    1    1    1  3.02344E+13 0.00024 
   73   73    1    1    1    1    1    1    1    1  2.10133E+13 0.00049 
   74   74    1    1    1    1    1    1    1    1  1.57415E+13 0.00052 
   75   75    1    1    1    1    1    1    1    1  1.27591E+13 0.00060 
   76   76    1    1    1    1    1    1    1    1  1.06974E+13 0.00059 
   77   77    1    1    1    1    1    1    1    1  1.24970E+13 0.00038 
   78   78    1    1    1    1    1    1    1    1  9.97284E+12 0.00067 
   79   79    1    1    1    1    1    1    1    1  8.00818E+12 0.00060 
   80   80    1    1    1    1    1    1    1    1  8.30608E+12 0.00065 
   81   81    1    1    1    1    1    1    1    1  6.16681E+12 0.00061 
   82   82    1    1    1    1    1    1    1    1  4.76336E+12 0.00078 
   83   83    1    1    1    1    1    1    1    1  3.65586E+12 0.00079 
   84   84    1    1    1    1    1    1    1    1  3.42072E+12 0.00109 
   85   85    1    1    1    1    1    1    1    1  2.45758E+12 0.00100 
   86   86    1    1    1    1    1    1    1    1  1.78246E+12 0.00113 
   87   87    1    1    1    1    1    1    1    1  1.65922E+12 0.00165 
   88   88    1    1    1    1    1    1    1    1  1.01721E+12 0.00167 
   89   89    1    1    1    1    1    1    1    1  6.79861E+11 0.00236 
   90   90    1    1    1    1    1    1    1    1  3.92061E+11 0.00216 
   91   91    1    1    1    1    1    1    1    1  4.88678E+11 0.00239 
   92   92    1    1    1    1    1    1    1    1  0.00000E+00 0.00000 
   93   93    1    1    1    1    1    1    1    1  0.00000E+00 0.00000 
   94   94    1    1    1    1    1    1    1    1  0.00000E+00 0.00000 
   95   95    1    1    1    1    1    1    1    1  0.00000E+00 0.00000 
   96   96    1    1    1    1    1    1    1    1  0.00000E+00 0.00000 
   97   97    1    1    1    1    1    1    1    1  0.00000E+00 0.00000 
   98   98    1    1    1    1    1    1    1    1  0.00000E+00 0.00000 
   99   99    1    1    1    1    1    1    1    1  0.00000E+00 0.00000 
  100  100    1    1    1    1    1    1    1    1  0.00000E+00 0.00000 
];


