
DETdpaspec = [
    1    1    1    1    1    1    1    1    1    1  0.00000E+00 0.00000 
    2    2    1    1    1    1    1    1    1    1  0.00000E+00 0.00000 
    3    3    1    1    1    1    1    1    1    1  0.00000E+00 0.00000 
    4    4    1    1    1    1    1    1    1    1  0.00000E+00 0.00000 
    5    5    1    1    1    1    1    1    1    1  0.00000E+00 0.00000 
    6    6    1    1    1    1    1    1    1    1  0.00000E+00 0.00000 
    7    7    1    1    1    1    1    1    1    1  0.00000E+00 0.00000 
    8    8    1    1    1    1    1    1    1    1  0.00000E+00 0.00000 
    9    9    1    1    1    1    1    1    1    1  0.00000E+00 0.00000 
   10   10    1    1    1    1    1    1    1    1  0.00000E+00 0.00000 
   11   11    1    1    1    1    1    1    1    1  0.00000E+00 0.00000 
   12   12    1    1    1    1    1    1    1    1  0.00000E+00 0.00000 
   13   13    1    1    1    1    1    1    1    1  0.00000E+00 0.00000 
   14   14    1    1    1    1    1    1    1    1  0.00000E+00 0.00000 
   15   15    1    1    1    1    1    1    1    1  0.00000E+00 0.00000 
   16   16    1    1    1    1    1    1    1    1  0.00000E+00 0.00000 
   17   17    1    1    1    1    1    1    1    1  0.00000E+00 0.00000 
   18   18    1    1    1    1    1    1    1    1  0.00000E+00 0.00000 
   19   19    1    1    1    1    1    1    1    1  1.27169E+09 0.05173 
   20   20    1    1    1    1    1    1    1    1  2.23077E+08 0.06612 
   21   21    1    1    1    1    1    1    1    1  8.19425E+08 0.05364 
   22   22    1    1    1    1    1    1    1    1  5.76119E+08 0.04317 
   23   23    1    1    1    1    1    1    1    1  1.37414E+09 0.05513 
   24   24    1    1    1    1    1    1    1    1  2.16752E+09 0.03216 
   25   25    1    1    1    1    1    1    1    1  3.56880E+09 0.02401 
   26   26    1    1    1    1    1    1    1    1  4.77403E+09 0.02086 
   27   27    1    1    1    1    1    1    1    1  8.12764E+09 0.02002 
   28   28    1    1    1    1    1    1    1    1  1.50927E+10 0.01822 
   29   29    1    1    1    1    1    1    1    1  3.39670E+10 0.01222 
   30   30    1    1    1    1    1    1    1    1  5.79880E+10 0.00804 
   31   31    1    1    1    1    1    1    1    1  1.63856E+11 0.00438 
   32   32    1    1    1    1    1    1    1    1  5.09490E+11 0.00290 
   33   33    1    1    1    1    1    1    1    1  9.42196E+11 0.00192 
   34   34    1    1    1    1    1    1    1    1  2.23284E+12 0.00137 
   35   35    1    1    1    1    1    1    1    1  3.11895E+12 0.00089 
   36   36    1    1    1    1    1    1    1    1  4.08192E+12 0.00081 
   37   37    1    1    1    1    1    1    1    1  2.78291E+12 0.00059 
   38   38    1    1    1    1    1    1    1    1  8.53270E+11 0.00072 
   39   39    1    1    1    1    1    1    1    1  4.77315E+12 0.00062 
   40   40    1    1    1    1    1    1    1    1  6.42787E+12 0.00067 
   41   41    1    1    1    1    1    1    1    1  1.10743E+13 0.00047 
   42   42    1    1    1    1    1    1    1    1  1.11788E+13 0.00048 
   43   43    1    1    1    1    1    1    1    1  2.37927E+13 0.00049 
   44   44    1    1    1    1    1    1    1    1  2.87705E+13 0.00036 
   45   45    1    1    1    1    1    1    1    1  4.14893E+13 0.00031 
   46   46    1    1    1    1    1    1    1    1  8.25179E+13 0.00026 
   47   47    1    1    1    1    1    1    1    1  3.87781E+13 0.00025 
   48   48    1    1    1    1    1    1    1    1  6.22074E+13 0.00022 
   49   49    1    1    1    1    1    1    1    1  8.68611E+13 0.00021 
   50   50    1    1    1    1    1    1    1    1  8.54797E+13 0.00018 
   51   51    1    1    1    1    1    1    1    1  1.33127E+14 0.00014 
   52   52    1    1    1    1    1    1    1    1  1.05826E+14 0.00014 
   53   53    1    1    1    1    1    1    1    1  1.25501E+14 0.00018 
   54   54    1    1    1    1    1    1    1    1  8.72510E+13 0.00017 
   55   55    1    1    1    1    1    1    1    1  1.06677E+14 0.00019 
   56   56    1    1    1    1    1    1    1    1  7.34464E+13 0.00016 
   57   57    1    1    1    1    1    1    1    1  9.98456E+12 0.00033 
   58   58    1    1    1    1    1    1    1    1  1.45630E+14 0.00017 
   59   59    1    1    1    1    1    1    1    1  6.48069E+13 0.00021 
   60   60    1    1    1    1    1    1    1    1  6.88333E+13 0.00019 
   61   61    1    1    1    1    1    1    1    1  5.35265E+13 0.00025 
   62   62    1    1    1    1    1    1    1    1  5.36585E+13 0.00019 
   63   63    1    1    1    1    1    1    1    1  5.57793E+13 0.00025 
   64   64    1    1    1    1    1    1    1    1  4.68588E+13 0.00031 
   65   65    1    1    1    1    1    1    1    1  3.71766E+13 0.00024 
   66   66    1    1    1    1    1    1    1    1  3.68253E+13 0.00026 
   67   67    1    1    1    1    1    1    1    1  2.66572E+13 0.00035 
   68   68    1    1    1    1    1    1    1    1  2.17199E+13 0.00029 
   69   69    1    1    1    1    1    1    1    1  1.94675E+13 0.00037 
   70   70    1    1    1    1    1    1    1    1  2.34103E+13 0.00032 
   71   71    1    1    1    1    1    1    1    1  1.99302E+13 0.00045 
   72   72    1    1    1    1    1    1    1    1  3.62138E+13 0.00029 
   73   73    1    1    1    1    1    1    1    1  2.56032E+13 0.00035 
   74   74    1    1    1    1    1    1    1    1  1.92853E+13 0.00047 
   75   75    1    1    1    1    1    1    1    1  1.54879E+13 0.00046 
   76   76    1    1    1    1    1    1    1    1  1.28384E+13 0.00051 
   77   77    1    1    1    1    1    1    1    1  1.48680E+13 0.00045 
   78   78    1    1    1    1    1    1    1    1  1.17448E+13 0.00043 
   79   79    1    1    1    1    1    1    1    1  9.33292E+12 0.00043 
   80   80    1    1    1    1    1    1    1    1  9.62838E+12 0.00055 
   81   81    1    1    1    1    1    1    1    1  7.14926E+12 0.00057 
   82   82    1    1    1    1    1    1    1    1  5.51723E+12 0.00070 
   83   83    1    1    1    1    1    1    1    1  4.23684E+12 0.00099 
   84   84    1    1    1    1    1    1    1    1  3.95889E+12 0.00081 
   85   85    1    1    1    1    1    1    1    1  2.85129E+12 0.00108 
   86   86    1    1    1    1    1    1    1    1  2.06017E+12 0.00125 
   87   87    1    1    1    1    1    1    1    1  1.92683E+12 0.00144 
   88   88    1    1    1    1    1    1    1    1  1.18477E+12 0.00157 
   89   89    1    1    1    1    1    1    1    1  8.01001E+11 0.00276 
   90   90    1    1    1    1    1    1    1    1  4.62256E+11 0.00213 
   91   91    1    1    1    1    1    1    1    1  5.89746E+11 0.00262 
   92   92    1    1    1    1    1    1    1    1  0.00000E+00 0.00000 
   93   93    1    1    1    1    1    1    1    1  0.00000E+00 0.00000 
   94   94    1    1    1    1    1    1    1    1  0.00000E+00 0.00000 
   95   95    1    1    1    1    1    1    1    1  0.00000E+00 0.00000 
   96   96    1    1    1    1    1    1    1    1  0.00000E+00 0.00000 
   97   97    1    1    1    1    1    1    1    1  0.00000E+00 0.00000 
   98   98    1    1    1    1    1    1    1    1  0.00000E+00 0.00000 
   99   99    1    1    1    1    1    1    1    1  0.00000E+00 0.00000 
  100  100    1    1    1    1    1    1    1    1  0.00000E+00 0.00000 
];


