
DETdpaspec = [
    1    1    1    1    1    1    1    1    1    1  0.00000E+00 0.00000 
    2    2    1    1    1    1    1    1    1    1  0.00000E+00 0.00000 
    3    3    1    1    1    1    1    1    1    1  0.00000E+00 0.00000 
    4    4    1    1    1    1    1    1    1    1  0.00000E+00 0.00000 
    5    5    1    1    1    1    1    1    1    1  0.00000E+00 0.00000 
    6    6    1    1    1    1    1    1    1    1  0.00000E+00 0.00000 
    7    7    1    1    1    1    1    1    1    1  0.00000E+00 0.00000 
    8    8    1    1    1    1    1    1    1    1  0.00000E+00 0.00000 
    9    9    1    1    1    1    1    1    1    1  0.00000E+00 0.00000 
   10   10    1    1    1    1    1    1    1    1  0.00000E+00 0.00000 
   11   11    1    1    1    1    1    1    1    1  0.00000E+00 0.00000 
   12   12    1    1    1    1    1    1    1    1  0.00000E+00 0.00000 
   13   13    1    1    1    1    1    1    1    1  0.00000E+00 0.00000 
   14   14    1    1    1    1    1    1    1    1  0.00000E+00 0.00000 
   15   15    1    1    1    1    1    1    1    1  0.00000E+00 0.00000 
   16   16    1    1    1    1    1    1    1    1  0.00000E+00 0.00000 
   17   17    1    1    1    1    1    1    1    1  0.00000E+00 0.00000 
   18   18    1    1    1    1    1    1    1    1  0.00000E+00 0.00000 
   19   19    1    1    1    1    1    1    1    1  1.11427E+09 0.06484 
   20   20    1    1    1    1    1    1    1    1  1.40181E+08 0.10256 
   21   21    1    1    1    1    1    1    1    1  4.78666E+08 0.08757 
   22   22    1    1    1    1    1    1    1    1  4.39741E+08 0.07009 
   23   23    1    1    1    1    1    1    1    1  9.60760E+08 0.05316 
   24   24    1    1    1    1    1    1    1    1  1.68480E+09 0.04245 
   25   25    1    1    1    1    1    1    1    1  3.31601E+09 0.02688 
   26   26    1    1    1    1    1    1    1    1  5.38234E+09 0.02124 
   27   27    1    1    1    1    1    1    1    1  1.15052E+10 0.01832 
   28   28    1    1    1    1    1    1    1    1  2.72974E+10 0.01030 
   29   29    1    1    1    1    1    1    1    1  6.95387E+10 0.00856 
   30   30    1    1    1    1    1    1    1    1  1.28721E+11 0.00523 
   31   31    1    1    1    1    1    1    1    1  3.11605E+11 0.00381 
   32   32    1    1    1    1    1    1    1    1  8.53064E+11 0.00256 
   33   33    1    1    1    1    1    1    1    1  1.44064E+12 0.00228 
   34   34    1    1    1    1    1    1    1    1  3.25494E+12 0.00172 
   35   35    1    1    1    1    1    1    1    1  4.40009E+12 0.00129 
   36   36    1    1    1    1    1    1    1    1  5.08570E+12 0.00099 
   37   37    1    1    1    1    1    1    1    1  3.25748E+12 0.00088 
   38   38    1    1    1    1    1    1    1    1  9.70395E+11 0.00067 
   39   39    1    1    1    1    1    1    1    1  5.51781E+12 0.00055 
   40   40    1    1    1    1    1    1    1    1  7.38294E+12 0.00044 
   41   41    1    1    1    1    1    1    1    1  1.26659E+13 0.00042 
   42   42    1    1    1    1    1    1    1    1  1.24052E+13 0.00045 
   43   43    1    1    1    1    1    1    1    1  2.65496E+13 0.00039 
   44   44    1    1    1    1    1    1    1    1  3.17892E+13 0.00028 
   45   45    1    1    1    1    1    1    1    1  4.53274E+13 0.00030 
   46   46    1    1    1    1    1    1    1    1  8.94364E+13 0.00031 
   47   47    1    1    1    1    1    1    1    1  4.08700E+13 0.00022 
   48   48    1    1    1    1    1    1    1    1  6.47255E+13 0.00024 
   49   49    1    1    1    1    1    1    1    1  8.93718E+13 0.00016 
   50   50    1    1    1    1    1    1    1    1  8.68165E+13 0.00019 
   51   51    1    1    1    1    1    1    1    1  1.35064E+14 0.00018 
   52   52    1    1    1    1    1    1    1    1  1.04766E+14 0.00019 
   53   53    1    1    1    1    1    1    1    1  1.25088E+14 0.00015 
   54   54    1    1    1    1    1    1    1    1  8.58036E+13 0.00018 
   55   55    1    1    1    1    1    1    1    1  1.05730E+14 0.00014 
   56   56    1    1    1    1    1    1    1    1  7.21504E+13 0.00023 
   57   57    1    1    1    1    1    1    1    1  9.73909E+12 0.00035 
   58   58    1    1    1    1    1    1    1    1  1.42033E+14 0.00018 
   59   59    1    1    1    1    1    1    1    1  6.40088E+13 0.00022 
   60   60    1    1    1    1    1    1    1    1  6.72137E+13 0.00024 
   61   61    1    1    1    1    1    1    1    1  5.26829E+13 0.00020 
   62   62    1    1    1    1    1    1    1    1  5.25171E+13 0.00019 
   63   63    1    1    1    1    1    1    1    1  5.45064E+13 0.00024 
   64   64    1    1    1    1    1    1    1    1  4.56866E+13 0.00028 
   65   65    1    1    1    1    1    1    1    1  3.60697E+13 0.00019 
   66   66    1    1    1    1    1    1    1    1  3.55564E+13 0.00036 
   67   67    1    1    1    1    1    1    1    1  2.55997E+13 0.00035 
   68   68    1    1    1    1    1    1    1    1  2.07116E+13 0.00038 
   69   69    1    1    1    1    1    1    1    1  1.85050E+13 0.00027 
   70   70    1    1    1    1    1    1    1    1  2.21464E+13 0.00036 
   71   71    1    1    1    1    1    1    1    1  1.87287E+13 0.00041 
   72   72    1    1    1    1    1    1    1    1  3.34093E+13 0.00039 
   73   73    1    1    1    1    1    1    1    1  2.33961E+13 0.00035 
   74   74    1    1    1    1    1    1    1    1  1.75817E+13 0.00048 
   75   75    1    1    1    1    1    1    1    1  1.42205E+13 0.00056 
   76   76    1    1    1    1    1    1    1    1  1.19036E+13 0.00051 
   77   77    1    1    1    1    1    1    1    1  1.38915E+13 0.00047 
   78   78    1    1    1    1    1    1    1    1  1.10668E+13 0.00049 
   79   79    1    1    1    1    1    1    1    1  8.86793E+12 0.00039 
   80   80    1    1    1    1    1    1    1    1  9.19714E+12 0.00066 
   81   81    1    1    1    1    1    1    1    1  6.83775E+12 0.00059 
   82   82    1    1    1    1    1    1    1    1  5.28614E+12 0.00076 
   83   83    1    1    1    1    1    1    1    1  4.06916E+12 0.00078 
   84   84    1    1    1    1    1    1    1    1  3.80863E+12 0.00087 
   85   85    1    1    1    1    1    1    1    1  2.74000E+12 0.00102 
   86   86    1    1    1    1    1    1    1    1  1.98090E+12 0.00089 
   87   87    1    1    1    1    1    1    1    1  1.85160E+12 0.00137 
   88   88    1    1    1    1    1    1    1    1  1.13692E+12 0.00188 
   89   89    1    1    1    1    1    1    1    1  7.63707E+11 0.00146 
   90   90    1    1    1    1    1    1    1    1  4.43265E+11 0.00253 
   91   91    1    1    1    1    1    1    1    1  5.58133E+11 0.00305 
   92   92    1    1    1    1    1    1    1    1  0.00000E+00 0.00000 
   93   93    1    1    1    1    1    1    1    1  0.00000E+00 0.00000 
   94   94    1    1    1    1    1    1    1    1  0.00000E+00 0.00000 
   95   95    1    1    1    1    1    1    1    1  0.00000E+00 0.00000 
   96   96    1    1    1    1    1    1    1    1  0.00000E+00 0.00000 
   97   97    1    1    1    1    1    1    1    1  0.00000E+00 0.00000 
   98   98    1    1    1    1    1    1    1    1  0.00000E+00 0.00000 
   99   99    1    1    1    1    1    1    1    1  0.00000E+00 0.00000 
  100  100    1    1    1    1    1    1    1    1  0.00000E+00 0.00000 
];


