
DETdpaspec = [
    1    1    1    1    1    1    1    1    1    1  0.00000E+00 0.00000 
    2    2    1    1    1    1    1    1    1    1  0.00000E+00 0.00000 
    3    3    1    1    1    1    1    1    1    1  0.00000E+00 0.00000 
    4    4    1    1    1    1    1    1    1    1  0.00000E+00 0.00000 
    5    5    1    1    1    1    1    1    1    1  0.00000E+00 0.00000 
    6    6    1    1    1    1    1    1    1    1  0.00000E+00 0.00000 
    7    7    1    1    1    1    1    1    1    1  0.00000E+00 0.00000 
    8    8    1    1    1    1    1    1    1    1  0.00000E+00 0.00000 
    9    9    1    1    1    1    1    1    1    1  0.00000E+00 0.00000 
   10   10    1    1    1    1    1    1    1    1  0.00000E+00 0.00000 
   11   11    1    1    1    1    1    1    1    1  0.00000E+00 0.00000 
   12   12    1    1    1    1    1    1    1    1  0.00000E+00 0.00000 
   13   13    1    1    1    1    1    1    1    1  0.00000E+00 0.00000 
   14   14    1    1    1    1    1    1    1    1  0.00000E+00 0.00000 
   15   15    1    1    1    1    1    1    1    1  0.00000E+00 0.00000 
   16   16    1    1    1    1    1    1    1    1  0.00000E+00 0.00000 
   17   17    1    1    1    1    1    1    1    1  0.00000E+00 0.00000 
   18   18    1    1    1    1    1    1    1    1  0.00000E+00 0.00000 
   19   19    1    1    1    1    1    1    1    1  1.50224E+09 0.06545 
   20   20    1    1    1    1    1    1    1    1  2.49594E+08 0.07180 
   21   21    1    1    1    1    1    1    1    1  8.01935E+08 0.06537 
   22   22    1    1    1    1    1    1    1    1  6.14456E+08 0.03981 
   23   23    1    1    1    1    1    1    1    1  1.49977E+09 0.04154 
   24   24    1    1    1    1    1    1    1    1  2.21075E+09 0.04288 
   25   25    1    1    1    1    1    1    1    1  3.83683E+09 0.01795 
   26   26    1    1    1    1    1    1    1    1  4.90012E+09 0.02542 
   27   27    1    1    1    1    1    1    1    1  7.98092E+09 0.01924 
   28   28    1    1    1    1    1    1    1    1  1.49401E+10 0.01673 
   29   29    1    1    1    1    1    1    1    1  3.31811E+10 0.00907 
   30   30    1    1    1    1    1    1    1    1  5.56357E+10 0.00667 
   31   31    1    1    1    1    1    1    1    1  1.60596E+11 0.00338 
   32   32    1    1    1    1    1    1    1    1  4.97643E+11 0.00326 
   33   33    1    1    1    1    1    1    1    1  9.28535E+11 0.00211 
   34   34    1    1    1    1    1    1    1    1  2.20069E+12 0.00149 
   35   35    1    1    1    1    1    1    1    1  3.06590E+12 0.00113 
   36   36    1    1    1    1    1    1    1    1  4.05475E+12 0.00075 
   37   37    1    1    1    1    1    1    1    1  2.77860E+12 0.00089 
   38   38    1    1    1    1    1    1    1    1  8.55293E+11 0.00077 
   39   39    1    1    1    1    1    1    1    1  4.76915E+12 0.00057 
   40   40    1    1    1    1    1    1    1    1  6.42877E+12 0.00058 
   41   41    1    1    1    1    1    1    1    1  1.10426E+13 0.00066 
   42   42    1    1    1    1    1    1    1    1  1.11884E+13 0.00060 
   43   43    1    1    1    1    1    1    1    1  2.37394E+13 0.00041 
   44   44    1    1    1    1    1    1    1    1  2.87032E+13 0.00033 
   45   45    1    1    1    1    1    1    1    1  4.13996E+13 0.00034 
   46   46    1    1    1    1    1    1    1    1  8.22281E+13 0.00031 
   47   47    1    1    1    1    1    1    1    1  3.87132E+13 0.00020 
   48   48    1    1    1    1    1    1    1    1  6.21999E+13 0.00025 
   49   49    1    1    1    1    1    1    1    1  8.68700E+13 0.00022 
   50   50    1    1    1    1    1    1    1    1  8.55614E+13 0.00018 
   51   51    1    1    1    1    1    1    1    1  1.33155E+14 0.00016 
   52   52    1    1    1    1    1    1    1    1  1.06069E+14 0.00015 
   53   53    1    1    1    1    1    1    1    1  1.25543E+14 0.00014 
   54   54    1    1    1    1    1    1    1    1  8.74023E+13 0.00015 
   55   55    1    1    1    1    1    1    1    1  1.06645E+14 0.00018 
   56   56    1    1    1    1    1    1    1    1  7.34943E+13 0.00017 
   57   57    1    1    1    1    1    1    1    1  9.99542E+12 0.00031 
   58   58    1    1    1    1    1    1    1    1  1.45798E+14 0.00014 
   59   59    1    1    1    1    1    1    1    1  6.47237E+13 0.00023 
   60   60    1    1    1    1    1    1    1    1  6.88122E+13 0.00022 
   61   61    1    1    1    1    1    1    1    1  5.34419E+13 0.00019 
   62   62    1    1    1    1    1    1    1    1  5.36296E+13 0.00026 
   63   63    1    1    1    1    1    1    1    1  5.57207E+13 0.00026 
   64   64    1    1    1    1    1    1    1    1  4.67772E+13 0.00027 
   65   65    1    1    1    1    1    1    1    1  3.71658E+13 0.00028 
   66   66    1    1    1    1    1    1    1    1  3.68160E+13 0.00029 
   67   67    1    1    1    1    1    1    1    1  2.66681E+13 0.00031 
   68   68    1    1    1    1    1    1    1    1  2.17341E+13 0.00045 
   69   69    1    1    1    1    1    1    1    1  1.95024E+13 0.00042 
   70   70    1    1    1    1    1    1    1    1  2.34437E+13 0.00035 
   71   71    1    1    1    1    1    1    1    1  1.99403E+13 0.00041 
   72   72    1    1    1    1    1    1    1    1  3.63246E+13 0.00041 
   73   73    1    1    1    1    1    1    1    1  2.57355E+13 0.00036 
   74   74    1    1    1    1    1    1    1    1  1.93829E+13 0.00036 
   75   75    1    1    1    1    1    1    1    1  1.55502E+13 0.00038 
   76   76    1    1    1    1    1    1    1    1  1.28753E+13 0.00046 
   77   77    1    1    1    1    1    1    1    1  1.48830E+13 0.00037 
   78   78    1    1    1    1    1    1    1    1  1.17355E+13 0.00058 
   79   79    1    1    1    1    1    1    1    1  9.31800E+12 0.00041 
   80   80    1    1    1    1    1    1    1    1  9.61423E+12 0.00043 
   81   81    1    1    1    1    1    1    1    1  7.11261E+12 0.00061 
   82   82    1    1    1    1    1    1    1    1  5.48651E+12 0.00078 
   83   83    1    1    1    1    1    1    1    1  4.21609E+12 0.00069 
   84   84    1    1    1    1    1    1    1    1  3.94404E+12 0.00074 
   85   85    1    1    1    1    1    1    1    1  2.83806E+12 0.00171 
   86   86    1    1    1    1    1    1    1    1  2.04662E+12 0.00154 
   87   87    1    1    1    1    1    1    1    1  1.91593E+12 0.00103 
   88   88    1    1    1    1    1    1    1    1  1.18009E+12 0.00222 
   89   89    1    1    1    1    1    1    1    1  7.96904E+11 0.00190 
   90   90    1    1    1    1    1    1    1    1  4.62074E+11 0.00190 
   91   91    1    1    1    1    1    1    1    1  5.90588E+11 0.00233 
   92   92    1    1    1    1    1    1    1    1  0.00000E+00 0.00000 
   93   93    1    1    1    1    1    1    1    1  0.00000E+00 0.00000 
   94   94    1    1    1    1    1    1    1    1  0.00000E+00 0.00000 
   95   95    1    1    1    1    1    1    1    1  0.00000E+00 0.00000 
   96   96    1    1    1    1    1    1    1    1  0.00000E+00 0.00000 
   97   97    1    1    1    1    1    1    1    1  0.00000E+00 0.00000 
   98   98    1    1    1    1    1    1    1    1  0.00000E+00 0.00000 
   99   99    1    1    1    1    1    1    1    1  0.00000E+00 0.00000 
  100  100    1    1    1    1    1    1    1    1  0.00000E+00 0.00000 
];


