
DETdpaspec = [
    1    1    1    1    1    1    1    1    1    1  0.00000E+00 0.00000 
    2    2    1    1    1    1    1    1    1    1  0.00000E+00 0.00000 
    3    3    1    1    1    1    1    1    1    1  0.00000E+00 0.00000 
    4    4    1    1    1    1    1    1    1    1  0.00000E+00 0.00000 
    5    5    1    1    1    1    1    1    1    1  0.00000E+00 0.00000 
    6    6    1    1    1    1    1    1    1    1  0.00000E+00 0.00000 
    7    7    1    1    1    1    1    1    1    1  0.00000E+00 0.00000 
    8    8    1    1    1    1    1    1    1    1  0.00000E+00 0.00000 
    9    9    1    1    1    1    1    1    1    1  0.00000E+00 0.00000 
   10   10    1    1    1    1    1    1    1    1  0.00000E+00 0.00000 
   11   11    1    1    1    1    1    1    1    1  0.00000E+00 0.00000 
   12   12    1    1    1    1    1    1    1    1  0.00000E+00 0.00000 
   13   13    1    1    1    1    1    1    1    1  0.00000E+00 0.00000 
   14   14    1    1    1    1    1    1    1    1  0.00000E+00 0.00000 
   15   15    1    1    1    1    1    1    1    1  0.00000E+00 0.00000 
   16   16    1    1    1    1    1    1    1    1  0.00000E+00 0.00000 
   17   17    1    1    1    1    1    1    1    1  0.00000E+00 0.00000 
   18   18    1    1    1    1    1    1    1    1  0.00000E+00 0.00000 
   19   19    1    1    1    1    1    1    1    1  1.18797E+09 0.08452 
   20   20    1    1    1    1    1    1    1    1  1.48917E+08 0.15952 
   21   21    1    1    1    1    1    1    1    1  5.32626E+08 0.08797 
   22   22    1    1    1    1    1    1    1    1  4.20673E+08 0.07026 
   23   23    1    1    1    1    1    1    1    1  9.37289E+08 0.05196 
   24   24    1    1    1    1    1    1    1    1  1.83216E+09 0.04040 
   25   25    1    1    1    1    1    1    1    1  3.42567E+09 0.02071 
   26   26    1    1    1    1    1    1    1    1  5.36803E+09 0.01924 
   27   27    1    1    1    1    1    1    1    1  1.10013E+10 0.01978 
   28   28    1    1    1    1    1    1    1    1  2.57964E+10 0.00956 
   29   29    1    1    1    1    1    1    1    1  6.58183E+10 0.00768 
   30   30    1    1    1    1    1    1    1    1  1.20878E+11 0.00612 
   31   31    1    1    1    1    1    1    1    1  2.97100E+11 0.00432 
   32   32    1    1    1    1    1    1    1    1  8.20009E+11 0.00257 
   33   33    1    1    1    1    1    1    1    1  1.39804E+12 0.00161 
   34   34    1    1    1    1    1    1    1    1  3.16811E+12 0.00124 
   35   35    1    1    1    1    1    1    1    1  4.30596E+12 0.00108 
   36   36    1    1    1    1    1    1    1    1  5.00509E+12 0.00084 
   37   37    1    1    1    1    1    1    1    1  3.21844E+12 0.00083 
   38   38    1    1    1    1    1    1    1    1  9.60755E+11 0.00068 
   39   39    1    1    1    1    1    1    1    1  5.45855E+12 0.00056 
   40   40    1    1    1    1    1    1    1    1  7.30394E+12 0.00056 
   41   41    1    1    1    1    1    1    1    1  1.25386E+13 0.00044 
   42   42    1    1    1    1    1    1    1    1  1.22936E+13 0.00040 
   43   43    1    1    1    1    1    1    1    1  2.63076E+13 0.00049 
   44   44    1    1    1    1    1    1    1    1  3.15441E+13 0.00040 
   45   45    1    1    1    1    1    1    1    1  4.50179E+13 0.00028 
   46   46    1    1    1    1    1    1    1    1  8.89024E+13 0.00020 
   47   47    1    1    1    1    1    1    1    1  4.06966E+13 0.00027 
   48   48    1    1    1    1    1    1    1    1  6.44950E+13 0.00022 
   49   49    1    1    1    1    1    1    1    1  8.91535E+13 0.00017 
   50   50    1    1    1    1    1    1    1    1  8.66760E+13 0.00014 
   51   51    1    1    1    1    1    1    1    1  1.34984E+14 0.00016 
   52   52    1    1    1    1    1    1    1    1  1.04797E+14 0.00015 
   53   53    1    1    1    1    1    1    1    1  1.25074E+14 0.00018 
   54   54    1    1    1    1    1    1    1    1  8.58589E+13 0.00019 
   55   55    1    1    1    1    1    1    1    1  1.05837E+14 0.00019 
   56   56    1    1    1    1    1    1    1    1  7.22321E+13 0.00015 
   57   57    1    1    1    1    1    1    1    1  9.75257E+12 0.00038 
   58   58    1    1    1    1    1    1    1    1  1.42274E+14 0.00013 
   59   59    1    1    1    1    1    1    1    1  6.41130E+13 0.00021 
   60   60    1    1    1    1    1    1    1    1  6.73722E+13 0.00018 
   61   61    1    1    1    1    1    1    1    1  5.28113E+13 0.00019 
   62   62    1    1    1    1    1    1    1    1  5.26372E+13 0.00022 
   63   63    1    1    1    1    1    1    1    1  5.46832E+13 0.00028 
   64   64    1    1    1    1    1    1    1    1  4.58251E+13 0.00024 
   65   65    1    1    1    1    1    1    1    1  3.61824E+13 0.00036 
   66   66    1    1    1    1    1    1    1    1  3.56888E+13 0.00027 
   67   67    1    1    1    1    1    1    1    1  2.56966E+13 0.00019 
   68   68    1    1    1    1    1    1    1    1  2.07915E+13 0.00031 
   69   69    1    1    1    1    1    1    1    1  1.85706E+13 0.00037 
   70   70    1    1    1    1    1    1    1    1  2.22344E+13 0.00033 
   71   71    1    1    1    1    1    1    1    1  1.88186E+13 0.00044 
   72   72    1    1    1    1    1    1    1    1  3.35905E+13 0.00030 
   73   73    1    1    1    1    1    1    1    1  2.35420E+13 0.00025 
   74   74    1    1    1    1    1    1    1    1  1.77035E+13 0.00042 
   75   75    1    1    1    1    1    1    1    1  1.43164E+13 0.00053 
   76   76    1    1    1    1    1    1    1    1  1.19716E+13 0.00048 
   77   77    1    1    1    1    1    1    1    1  1.39584E+13 0.00045 
   78   78    1    1    1    1    1    1    1    1  1.11265E+13 0.00057 
   79   79    1    1    1    1    1    1    1    1  8.92429E+12 0.00063 
   80   80    1    1    1    1    1    1    1    1  9.24017E+12 0.00075 
   81   81    1    1    1    1    1    1    1    1  6.87386E+12 0.00079 
   82   82    1    1    1    1    1    1    1    1  5.31086E+12 0.00095 
   83   83    1    1    1    1    1    1    1    1  4.07888E+12 0.00098 
   84   84    1    1    1    1    1    1    1    1  3.81490E+12 0.00086 
   85   85    1    1    1    1    1    1    1    1  2.74649E+12 0.00094 
   86   86    1    1    1    1    1    1    1    1  1.99139E+12 0.00185 
   87   87    1    1    1    1    1    1    1    1  1.85970E+12 0.00129 
   88   88    1    1    1    1    1    1    1    1  1.14382E+12 0.00226 
   89   89    1    1    1    1    1    1    1    1  7.67254E+11 0.00244 
   90   90    1    1    1    1    1    1    1    1  4.44383E+11 0.00242 
   91   91    1    1    1    1    1    1    1    1  5.61208E+11 0.00212 
   92   92    1    1    1    1    1    1    1    1  0.00000E+00 0.00000 
   93   93    1    1    1    1    1    1    1    1  0.00000E+00 0.00000 
   94   94    1    1    1    1    1    1    1    1  0.00000E+00 0.00000 
   95   95    1    1    1    1    1    1    1    1  0.00000E+00 0.00000 
   96   96    1    1    1    1    1    1    1    1  0.00000E+00 0.00000 
   97   97    1    1    1    1    1    1    1    1  0.00000E+00 0.00000 
   98   98    1    1    1    1    1    1    1    1  0.00000E+00 0.00000 
   99   99    1    1    1    1    1    1    1    1  0.00000E+00 0.00000 
  100  100    1    1    1    1    1    1    1    1  0.00000E+00 0.00000 
];


