
DETdpaspec = [
    1    1    1    1    1    1    1    1    1    1  0.00000E+00 0.00000 
    2    2    1    1    1    1    1    1    1    1  0.00000E+00 0.00000 
    3    3    1    1    1    1    1    1    1    1  0.00000E+00 0.00000 
    4    4    1    1    1    1    1    1    1    1  0.00000E+00 0.00000 
    5    5    1    1    1    1    1    1    1    1  0.00000E+00 0.00000 
    6    6    1    1    1    1    1    1    1    1  0.00000E+00 0.00000 
    7    7    1    1    1    1    1    1    1    1  0.00000E+00 0.00000 
    8    8    1    1    1    1    1    1    1    1  0.00000E+00 0.00000 
    9    9    1    1    1    1    1    1    1    1  0.00000E+00 0.00000 
   10   10    1    1    1    1    1    1    1    1  0.00000E+00 0.00000 
   11   11    1    1    1    1    1    1    1    1  0.00000E+00 0.00000 
   12   12    1    1    1    1    1    1    1    1  0.00000E+00 0.00000 
   13   13    1    1    1    1    1    1    1    1  0.00000E+00 0.00000 
   14   14    1    1    1    1    1    1    1    1  0.00000E+00 0.00000 
   15   15    1    1    1    1    1    1    1    1  0.00000E+00 0.00000 
   16   16    1    1    1    1    1    1    1    1  0.00000E+00 0.00000 
   17   17    1    1    1    1    1    1    1    1  0.00000E+00 0.00000 
   18   18    1    1    1    1    1    1    1    1  0.00000E+00 0.00000 
   19   19    1    1    1    1    1    1    1    1  1.78422E+09 0.06847 
   20   20    1    1    1    1    1    1    1    1  2.78078E+08 0.07054 
   21   21    1    1    1    1    1    1    1    1  1.08412E+09 0.06296 
   22   22    1    1    1    1    1    1    1    1  7.99760E+08 0.04488 
   23   23    1    1    1    1    1    1    1    1  1.84827E+09 0.03395 
   24   24    1    1    1    1    1    1    1    1  2.70070E+09 0.03526 
   25   25    1    1    1    1    1    1    1    1  4.29153E+09 0.01817 
   26   26    1    1    1    1    1    1    1    1  5.55710E+09 0.02036 
   27   27    1    1    1    1    1    1    1    1  8.97011E+09 0.01606 
   28   28    1    1    1    1    1    1    1    1  1.65125E+10 0.01449 
   29   29    1    1    1    1    1    1    1    1  3.35979E+10 0.00808 
   30   30    1    1    1    1    1    1    1    1  5.19031E+10 0.00648 
   31   31    1    1    1    1    1    1    1    1  1.56090E+11 0.00453 
   32   32    1    1    1    1    1    1    1    1  4.88723E+11 0.00255 
   33   33    1    1    1    1    1    1    1    1  9.16224E+11 0.00206 
   34   34    1    1    1    1    1    1    1    1  2.14003E+12 0.00140 
   35   35    1    1    1    1    1    1    1    1  2.94705E+12 0.00082 
   36   36    1    1    1    1    1    1    1    1  4.05058E+12 0.00080 
   37   37    1    1    1    1    1    1    1    1  2.81851E+12 0.00070 
   38   38    1    1    1    1    1    1    1    1  8.78629E+11 0.00063 
   39   39    1    1    1    1    1    1    1    1  4.83860E+12 0.00057 
   40   40    1    1    1    1    1    1    1    1  6.50516E+12 0.00057 
   41   41    1    1    1    1    1    1    1    1  1.11176E+13 0.00054 
   42   42    1    1    1    1    1    1    1    1  1.13810E+13 0.00049 
   43   43    1    1    1    1    1    1    1    1  2.39022E+13 0.00032 
   44   44    1    1    1    1    1    1    1    1  2.88523E+13 0.00043 
   45   45    1    1    1    1    1    1    1    1  4.15187E+13 0.00033 
   46   46    1    1    1    1    1    1    1    1  8.18628E+13 0.00021 
   47   47    1    1    1    1    1    1    1    1  3.87972E+13 0.00019 
   48   48    1    1    1    1    1    1    1    1  6.25131E+13 0.00021 
   49   49    1    1    1    1    1    1    1    1  8.73240E+13 0.00016 
   50   50    1    1    1    1    1    1    1    1  8.61942E+13 0.00016 
   51   51    1    1    1    1    1    1    1    1  1.33436E+14 0.00014 
   52   52    1    1    1    1    1    1    1    1  1.07111E+14 0.00017 
   53   53    1    1    1    1    1    1    1    1  1.25842E+14 0.00020 
   54   54    1    1    1    1    1    1    1    1  8.79091E+13 0.00013 
   55   55    1    1    1    1    1    1    1    1  1.06417E+14 0.00020 
   56   56    1    1    1    1    1    1    1    1  7.35377E+13 0.00018 
   57   57    1    1    1    1    1    1    1    1  1.00408E+13 0.00032 
   58   58    1    1    1    1    1    1    1    1  1.46063E+14 0.00014 
   59   59    1    1    1    1    1    1    1    1  6.42360E+13 0.00019 
   60   60    1    1    1    1    1    1    1    1  6.85734E+13 0.00019 
   61   61    1    1    1    1    1    1    1    1  5.29287E+13 0.00023 
   62   62    1    1    1    1    1    1    1    1  5.32171E+13 0.00025 
   63   63    1    1    1    1    1    1    1    1  5.52294E+13 0.00024 
   64   64    1    1    1    1    1    1    1    1  4.63199E+13 0.00025 
   65   65    1    1    1    1    1    1    1    1  3.68438E+13 0.00026 
   66   66    1    1    1    1    1    1    1    1  3.65379E+13 0.00029 
   67   67    1    1    1    1    1    1    1    1  2.64927E+13 0.00033 
   68   68    1    1    1    1    1    1    1    1  2.16599E+13 0.00039 
   69   69    1    1    1    1    1    1    1    1  1.94466E+13 0.00043 
   70   70    1    1    1    1    1    1    1    1  2.33912E+13 0.00029 
   71   71    1    1    1    1    1    1    1    1  1.99430E+13 0.00043 
   72   72    1    1    1    1    1    1    1    1  3.66207E+13 0.00027 
   73   73    1    1    1    1    1    1    1    1  2.60140E+13 0.00033 
   74   74    1    1    1    1    1    1    1    1  1.95668E+13 0.00042 
   75   75    1    1    1    1    1    1    1    1  1.56206E+13 0.00044 
   76   76    1    1    1    1    1    1    1    1  1.28668E+13 0.00048 
   77   77    1    1    1    1    1    1    1    1  1.47853E+13 0.00037 
   78   78    1    1    1    1    1    1    1    1  1.15839E+13 0.00063 
   79   79    1    1    1    1    1    1    1    1  9.16999E+12 0.00059 
   80   80    1    1    1    1    1    1    1    1  9.42566E+12 0.00064 
   81   81    1    1    1    1    1    1    1    1  6.95861E+12 0.00059 
   82   82    1    1    1    1    1    1    1    1  5.35579E+12 0.00061 
   83   83    1    1    1    1    1    1    1    1  4.10975E+12 0.00082 
   84   84    1    1    1    1    1    1    1    1  3.84290E+12 0.00086 
   85   85    1    1    1    1    1    1    1    1  2.76256E+12 0.00106 
   86   86    1    1    1    1    1    1    1    1  1.99263E+12 0.00141 
   87   87    1    1    1    1    1    1    1    1  1.86223E+12 0.00137 
   88   88    1    1    1    1    1    1    1    1  1.14852E+12 0.00209 
   89   89    1    1    1    1    1    1    1    1  7.77799E+11 0.00209 
   90   90    1    1    1    1    1    1    1    1  4.51386E+11 0.00292 
   91   91    1    1    1    1    1    1    1    1  5.76119E+11 0.00213 
   92   92    1    1    1    1    1    1    1    1  0.00000E+00 0.00000 
   93   93    1    1    1    1    1    1    1    1  0.00000E+00 0.00000 
   94   94    1    1    1    1    1    1    1    1  0.00000E+00 0.00000 
   95   95    1    1    1    1    1    1    1    1  0.00000E+00 0.00000 
   96   96    1    1    1    1    1    1    1    1  0.00000E+00 0.00000 
   97   97    1    1    1    1    1    1    1    1  0.00000E+00 0.00000 
   98   98    1    1    1    1    1    1    1    1  0.00000E+00 0.00000 
   99   99    1    1    1    1    1    1    1    1  0.00000E+00 0.00000 
  100  100    1    1    1    1    1    1    1    1  0.00000E+00 0.00000 
];


