
DETdpaspec = [
    1    1    1    1    1    1    1    1    1    1  0.00000E+00 0.00000 
    2    2    1    1    1    1    1    1    1    1  0.00000E+00 0.00000 
    3    3    1    1    1    1    1    1    1    1  0.00000E+00 0.00000 
    4    4    1    1    1    1    1    1    1    1  0.00000E+00 0.00000 
    5    5    1    1    1    1    1    1    1    1  0.00000E+00 0.00000 
    6    6    1    1    1    1    1    1    1    1  0.00000E+00 0.00000 
    7    7    1    1    1    1    1    1    1    1  0.00000E+00 0.00000 
    8    8    1    1    1    1    1    1    1    1  0.00000E+00 0.00000 
    9    9    1    1    1    1    1    1    1    1  0.00000E+00 0.00000 
   10   10    1    1    1    1    1    1    1    1  0.00000E+00 0.00000 
   11   11    1    1    1    1    1    1    1    1  0.00000E+00 0.00000 
   12   12    1    1    1    1    1    1    1    1  0.00000E+00 0.00000 
   13   13    1    1    1    1    1    1    1    1  0.00000E+00 0.00000 
   14   14    1    1    1    1    1    1    1    1  0.00000E+00 0.00000 
   15   15    1    1    1    1    1    1    1    1  0.00000E+00 0.00000 
   16   16    1    1    1    1    1    1    1    1  0.00000E+00 0.00000 
   17   17    1    1    1    1    1    1    1    1  0.00000E+00 0.00000 
   18   18    1    1    1    1    1    1    1    1  0.00000E+00 0.00000 
   19   19    1    1    1    1    1    1    1    1  3.03848E+09 0.03280 
   20   20    1    1    1    1    1    1    1    1  6.69071E+08 0.03528 
   21   21    1    1    1    1    1    1    1    1  2.20166E+09 0.03067 
   22   22    1    1    1    1    1    1    1    1  1.65676E+09 0.02703 
   23   23    1    1    1    1    1    1    1    1  5.09625E+09 0.01772 
   24   24    1    1    1    1    1    1    1    1  6.10602E+09 0.01681 
   25   25    1    1    1    1    1    1    1    1  9.71979E+09 0.01369 
   26   26    1    1    1    1    1    1    1    1  1.19945E+10 0.01451 
   27   27    1    1    1    1    1    1    1    1  1.94570E+10 0.01387 
   28   28    1    1    1    1    1    1    1    1  3.65556E+10 0.00776 
   29   29    1    1    1    1    1    1    1    1  6.05631E+10 0.00585 
   30   30    1    1    1    1    1    1    1    1  8.00927E+10 0.00455 
   31   31    1    1    1    1    1    1    1    1  2.60884E+11 0.00328 
   32   32    1    1    1    1    1    1    1    1  7.47830E+11 0.00143 
   33   33    1    1    1    1    1    1    1    1  1.33449E+12 0.00100 
   34   34    1    1    1    1    1    1    1    1  2.77389E+12 0.00086 
   35   35    1    1    1    1    1    1    1    1  3.51011E+12 0.00061 
   36   36    1    1    1    1    1    1    1    1  5.20423E+12 0.00060 
   37   37    1    1    1    1    1    1    1    1  3.68449E+12 0.00066 
   38   38    1    1    1    1    1    1    1    1  1.18298E+12 0.00069 
   39   39    1    1    1    1    1    1    1    1  6.17833E+12 0.00059 
   40   40    1    1    1    1    1    1    1    1  8.15076E+12 0.00045 
   41   41    1    1    1    1    1    1    1    1  1.32850E+13 0.00046 
   42   42    1    1    1    1    1    1    1    1  1.39015E+13 0.00037 
   43   43    1    1    1    1    1    1    1    1  2.75748E+13 0.00027 
   44   44    1    1    1    1    1    1    1    1  3.24786E+13 0.00037 
   45   45    1    1    1    1    1    1    1    1  4.55026E+13 0.00027 
   46   46    1    1    1    1    1    1    1    1  8.53317E+13 0.00020 
   47   47    1    1    1    1    1    1    1    1  4.07539E+13 0.00018 
   48   48    1    1    1    1    1    1    1    1  6.58023E+13 0.00021 
   49   49    1    1    1    1    1    1    1    1  9.07649E+13 0.00013 
   50   50    1    1    1    1    1    1    1    1  8.97667E+13 0.00019 
   51   51    1    1    1    1    1    1    1    1  1.35351E+14 0.00017 
   52   52    1    1    1    1    1    1    1    1  1.10846E+14 0.00019 
   53   53    1    1    1    1    1    1    1    1  1.25816E+14 0.00017 
   54   54    1    1    1    1    1    1    1    1  8.87953E+13 0.00017 
   55   55    1    1    1    1    1    1    1    1  1.04215E+14 0.00017 
   56   56    1    1    1    1    1    1    1    1  7.28174E+13 0.00016 
   57   57    1    1    1    1    1    1    1    1  1.00560E+13 0.00038 
   58   58    1    1    1    1    1    1    1    1  1.44706E+14 0.00013 
   59   59    1    1    1    1    1    1    1    1  6.13665E+13 0.00017 
   60   60    1    1    1    1    1    1    1    1  6.62133E+13 0.00019 
   61   61    1    1    1    1    1    1    1    1  4.98890E+13 0.00020 
   62   62    1    1    1    1    1    1    1    1  5.04975E+13 0.00023 
   63   63    1    1    1    1    1    1    1    1  5.19613E+13 0.00014 
   64   64    1    1    1    1    1    1    1    1  4.32494E+13 0.00022 
   65   65    1    1    1    1    1    1    1    1  3.44791E+13 0.00032 
   66   66    1    1    1    1    1    1    1    1  3.41004E+13 0.00030 
   67   67    1    1    1    1    1    1    1    1  2.47791E+13 0.00031 
   68   68    1    1    1    1    1    1    1    1  2.04472E+13 0.00032 
   69   69    1    1    1    1    1    1    1    1  1.84214E+13 0.00043 
   70   70    1    1    1    1    1    1    1    1  2.21450E+13 0.00035 
   71   71    1    1    1    1    1    1    1    1  1.89588E+13 0.00031 
   72   72    1    1    1    1    1    1    1    1  3.57074E+13 0.00039 
   73   73    1    1    1    1    1    1    1    1  2.55012E+13 0.00040 
   74   74    1    1    1    1    1    1    1    1  1.90841E+13 0.00047 
   75   75    1    1    1    1    1    1    1    1  1.49044E+13 0.00039 
   76   76    1    1    1    1    1    1    1    1  1.19858E+13 0.00056 
   77   77    1    1    1    1    1    1    1    1  1.35056E+13 0.00037 
   78   78    1    1    1    1    1    1    1    1  1.03230E+13 0.00060 
   79   79    1    1    1    1    1    1    1    1  8.02521E+12 0.00067 
   80   80    1    1    1    1    1    1    1    1  8.12977E+12 0.00075 
   81   81    1    1    1    1    1    1    1    1  5.96260E+12 0.00092 
   82   82    1    1    1    1    1    1    1    1  4.54335E+12 0.00087 
   83   83    1    1    1    1    1    1    1    1  3.48221E+12 0.00087 
   84   84    1    1    1    1    1    1    1    1  3.24128E+12 0.00076 
   85   85    1    1    1    1    1    1    1    1  2.32476E+12 0.00081 
   86   86    1    1    1    1    1    1    1    1  1.66938E+12 0.00146 
   87   87    1    1    1    1    1    1    1    1  1.56241E+12 0.00107 
   88   88    1    1    1    1    1    1    1    1  9.72385E+11 0.00143 
   89   89    1    1    1    1    1    1    1    1  6.60187E+11 0.00130 
   90   90    1    1    1    1    1    1    1    1  3.83447E+11 0.00327 
   91   91    1    1    1    1    1    1    1    1  4.93126E+11 0.00318 
   92   92    1    1    1    1    1    1    1    1  0.00000E+00 0.00000 
   93   93    1    1    1    1    1    1    1    1  0.00000E+00 0.00000 
   94   94    1    1    1    1    1    1    1    1  0.00000E+00 0.00000 
   95   95    1    1    1    1    1    1    1    1  0.00000E+00 0.00000 
   96   96    1    1    1    1    1    1    1    1  0.00000E+00 0.00000 
   97   97    1    1    1    1    1    1    1    1  0.00000E+00 0.00000 
   98   98    1    1    1    1    1    1    1    1  0.00000E+00 0.00000 
   99   99    1    1    1    1    1    1    1    1  0.00000E+00 0.00000 
  100  100    1    1    1    1    1    1    1    1  0.00000E+00 0.00000 
];


