
DETdpaspec = [
    1    1    1    1    1    1    1    1    1    1  0.00000E+00 0.00000 
    2    2    1    1    1    1    1    1    1    1  0.00000E+00 0.00000 
    3    3    1    1    1    1    1    1    1    1  0.00000E+00 0.00000 
    4    4    1    1    1    1    1    1    1    1  0.00000E+00 0.00000 
    5    5    1    1    1    1    1    1    1    1  0.00000E+00 0.00000 
    6    6    1    1    1    1    1    1    1    1  0.00000E+00 0.00000 
    7    7    1    1    1    1    1    1    1    1  0.00000E+00 0.00000 
    8    8    1    1    1    1    1    1    1    1  0.00000E+00 0.00000 
    9    9    1    1    1    1    1    1    1    1  0.00000E+00 0.00000 
   10   10    1    1    1    1    1    1    1    1  0.00000E+00 0.00000 
   11   11    1    1    1    1    1    1    1    1  0.00000E+00 0.00000 
   12   12    1    1    1    1    1    1    1    1  0.00000E+00 0.00000 
   13   13    1    1    1    1    1    1    1    1  0.00000E+00 0.00000 
   14   14    1    1    1    1    1    1    1    1  0.00000E+00 0.00000 
   15   15    1    1    1    1    1    1    1    1  0.00000E+00 0.00000 
   16   16    1    1    1    1    1    1    1    1  0.00000E+00 0.00000 
   17   17    1    1    1    1    1    1    1    1  0.00000E+00 0.00000 
   18   18    1    1    1    1    1    1    1    1  0.00000E+00 0.00000 
   19   19    1    1    1    1    1    1    1    1  2.08906E+09 0.04223 
   20   20    1    1    1    1    1    1    1    1  3.89970E+08 0.05709 
   21   21    1    1    1    1    1    1    1    1  1.24171E+09 0.04460 
   22   22    1    1    1    1    1    1    1    1  9.18190E+08 0.02925 
   23   23    1    1    1    1    1    1    1    1  2.44487E+09 0.02509 
   24   24    1    1    1    1    1    1    1    1  3.37361E+09 0.02105 
   25   25    1    1    1    1    1    1    1    1  5.32426E+09 0.01986 
   26   26    1    1    1    1    1    1    1    1  6.69429E+09 0.02012 
   27   27    1    1    1    1    1    1    1    1  1.08176E+10 0.01054 
   28   28    1    1    1    1    1    1    1    1  1.94454E+10 0.01361 
   29   29    1    1    1    1    1    1    1    1  3.70707E+10 0.00606 
   30   30    1    1    1    1    1    1    1    1  5.45933E+10 0.00565 
   31   31    1    1    1    1    1    1    1    1  1.66651E+11 0.00366 
   32   32    1    1    1    1    1    1    1    1  5.15984E+11 0.00212 
   33   33    1    1    1    1    1    1    1    1  9.66222E+11 0.00191 
   34   34    1    1    1    1    1    1    1    1  2.19848E+12 0.00141 
   35   35    1    1    1    1    1    1    1    1  2.96572E+12 0.00102 
   36   36    1    1    1    1    1    1    1    1  4.20218E+12 0.00079 
   37   37    1    1    1    1    1    1    1    1  2.95605E+12 0.00061 
   38   38    1    1    1    1    1    1    1    1  9.29788E+11 0.00073 
   39   39    1    1    1    1    1    1    1    1  5.06092E+12 0.00053 
   40   40    1    1    1    1    1    1    1    1  6.77717E+12 0.00048 
   41   41    1    1    1    1    1    1    1    1  1.14561E+13 0.00051 
   42   42    1    1    1    1    1    1    1    1  1.18211E+13 0.00044 
   43   43    1    1    1    1    1    1    1    1  2.45080E+13 0.00045 
   44   44    1    1    1    1    1    1    1    1  2.94510E+13 0.00034 
   45   45    1    1    1    1    1    1    1    1  4.21717E+13 0.00034 
   46   46    1    1    1    1    1    1    1    1  8.22926E+13 0.00025 
   47   47    1    1    1    1    1    1    1    1  3.91550E+13 0.00022 
   48   48    1    1    1    1    1    1    1    1  6.32018E+13 0.00022 
   49   49    1    1    1    1    1    1    1    1  8.80769E+13 0.00018 
   50   50    1    1    1    1    1    1    1    1  8.71015E+13 0.00018 
   51   51    1    1    1    1    1    1    1    1  1.33949E+14 0.00015 
   52   52    1    1    1    1    1    1    1    1  1.08279E+14 0.00014 
   53   53    1    1    1    1    1    1    1    1  1.26068E+14 0.00017 
   54   54    1    1    1    1    1    1    1    1  8.82985E+13 0.00018 
   55   55    1    1    1    1    1    1    1    1  1.06001E+14 0.00018 
   56   56    1    1    1    1    1    1    1    1  7.34693E+13 0.00015 
   57   57    1    1    1    1    1    1    1    1  1.00558E+13 0.00033 
   58   58    1    1    1    1    1    1    1    1  1.46016E+14 0.00015 
   59   59    1    1    1    1    1    1    1    1  6.35612E+13 0.00023 
   60   60    1    1    1    1    1    1    1    1  6.81059E+13 0.00021 
   61   61    1    1    1    1    1    1    1    1  5.21904E+13 0.00016 
   62   62    1    1    1    1    1    1    1    1  5.25671E+13 0.00019 
   63   63    1    1    1    1    1    1    1    1  5.44603E+13 0.00012 
   64   64    1    1    1    1    1    1    1    1  4.56153E+13 0.00019 
   65   65    1    1    1    1    1    1    1    1  3.63262E+13 0.00032 
   66   66    1    1    1    1    1    1    1    1  3.59974E+13 0.00034 
   67   67    1    1    1    1    1    1    1    1  2.61139E+13 0.00028 
   68   68    1    1    1    1    1    1    1    1  2.14131E+13 0.00031 
   69   69    1    1    1    1    1    1    1    1  1.92562E+13 0.00046 
   70   70    1    1    1    1    1    1    1    1  2.31528E+13 0.00041 
   71   71    1    1    1    1    1    1    1    1  1.97727E+13 0.00037 
   72   72    1    1    1    1    1    1    1    1  3.66044E+13 0.00037 
   73   73    1    1    1    1    1    1    1    1  2.60560E+13 0.00028 
   74   74    1    1    1    1    1    1    1    1  1.95754E+13 0.00046 
   75   75    1    1    1    1    1    1    1    1  1.55377E+13 0.00031 
   76   76    1    1    1    1    1    1    1    1  1.27189E+13 0.00046 
   77   77    1    1    1    1    1    1    1    1  1.45519E+13 0.00061 
   78   78    1    1    1    1    1    1    1    1  1.13260E+13 0.00061 
   79   79    1    1    1    1    1    1    1    1  8.92116E+12 0.00064 
   80   80    1    1    1    1    1    1    1    1  9.12859E+12 0.00047 
   81   81    1    1    1    1    1    1    1    1  6.73904E+12 0.00061 
   82   82    1    1    1    1    1    1    1    1  5.16730E+12 0.00075 
   83   83    1    1    1    1    1    1    1    1  3.95974E+12 0.00080 
   84   84    1    1    1    1    1    1    1    1  3.70460E+12 0.00084 
   85   85    1    1    1    1    1    1    1    1  2.65872E+12 0.00093 
   86   86    1    1    1    1    1    1    1    1  1.91541E+12 0.00118 
   87   87    1    1    1    1    1    1    1    1  1.79248E+12 0.00124 
   88   88    1    1    1    1    1    1    1    1  1.10903E+12 0.00238 
   89   89    1    1    1    1    1    1    1    1  7.51370E+11 0.00273 
   90   90    1    1    1    1    1    1    1    1  4.36223E+11 0.00312 
   91   91    1    1    1    1    1    1    1    1  5.58433E+11 0.00182 
   92   92    1    1    1    1    1    1    1    1  0.00000E+00 0.00000 
   93   93    1    1    1    1    1    1    1    1  0.00000E+00 0.00000 
   94   94    1    1    1    1    1    1    1    1  0.00000E+00 0.00000 
   95   95    1    1    1    1    1    1    1    1  0.00000E+00 0.00000 
   96   96    1    1    1    1    1    1    1    1  0.00000E+00 0.00000 
   97   97    1    1    1    1    1    1    1    1  0.00000E+00 0.00000 
   98   98    1    1    1    1    1    1    1    1  0.00000E+00 0.00000 
   99   99    1    1    1    1    1    1    1    1  0.00000E+00 0.00000 
  100  100    1    1    1    1    1    1    1    1  0.00000E+00 0.00000 
];


