
DETdpaspec = [
    1    1    1    1    1    1    1    1    1    1  0.00000E+00 0.00000 
    2    2    1    1    1    1    1    1    1    1  0.00000E+00 0.00000 
    3    3    1    1    1    1    1    1    1    1  0.00000E+00 0.00000 
    4    4    1    1    1    1    1    1    1    1  0.00000E+00 0.00000 
    5    5    1    1    1    1    1    1    1    1  0.00000E+00 0.00000 
    6    6    1    1    1    1    1    1    1    1  0.00000E+00 0.00000 
    7    7    1    1    1    1    1    1    1    1  0.00000E+00 0.00000 
    8    8    1    1    1    1    1    1    1    1  0.00000E+00 0.00000 
    9    9    1    1    1    1    1    1    1    1  0.00000E+00 0.00000 
   10   10    1    1    1    1    1    1    1    1  0.00000E+00 0.00000 
   11   11    1    1    1    1    1    1    1    1  0.00000E+00 0.00000 
   12   12    1    1    1    1    1    1    1    1  0.00000E+00 0.00000 
   13   13    1    1    1    1    1    1    1    1  0.00000E+00 0.00000 
   14   14    1    1    1    1    1    1    1    1  0.00000E+00 0.00000 
   15   15    1    1    1    1    1    1    1    1  0.00000E+00 0.00000 
   16   16    1    1    1    1    1    1    1    1  0.00000E+00 0.00000 
   17   17    1    1    1    1    1    1    1    1  0.00000E+00 0.00000 
   18   18    1    1    1    1    1    1    1    1  0.00000E+00 0.00000 
   19   19    1    1    1    1    1    1    1    1  7.28408E+08 0.11184 
   20   20    1    1    1    1    1    1    1    1  1.44653E+08 0.10521 
   21   21    1    1    1    1    1    1    1    1  3.54878E+08 0.10002 
   22   22    1    1    1    1    1    1    1    1  4.48871E+08 0.07696 
   23   23    1    1    1    1    1    1    1    1  1.43996E+09 0.04513 
   24   24    1    1    1    1    1    1    1    1  6.02176E+09 0.02423 
   25   25    1    1    1    1    1    1    1    1  2.00639E+10 0.01297 
   26   26    1    1    1    1    1    1    1    1  3.46356E+10 0.00978 
   27   27    1    1    1    1    1    1    1    1  7.62374E+10 0.00734 
   28   28    1    1    1    1    1    1    1    1  1.57135E+11 0.00394 
   29   29    1    1    1    1    1    1    1    1  3.16971E+11 0.00347 
   30   30    1    1    1    1    1    1    1    1  5.03057E+11 0.00259 
   31   31    1    1    1    1    1    1    1    1  9.80292E+11 0.00208 
   32   32    1    1    1    1    1    1    1    1  2.05771E+12 0.00162 
   33   33    1    1    1    1    1    1    1    1  3.00655E+12 0.00127 
   34   34    1    1    1    1    1    1    1    1  5.92000E+12 0.00111 
   35   35    1    1    1    1    1    1    1    1  7.27150E+12 0.00085 
   36   36    1    1    1    1    1    1    1    1  7.44742E+12 0.00056 
   37   37    1    1    1    1    1    1    1    1  4.45559E+12 0.00052 
   38   38    1    1    1    1    1    1    1    1  1.29803E+12 0.00064 
   39   39    1    1    1    1    1    1    1    1  7.38465E+12 0.00044 
   40   40    1    1    1    1    1    1    1    1  9.68319E+12 0.00045 
   41   41    1    1    1    1    1    1    1    1  1.62930E+13 0.00035 
   42   42    1    1    1    1    1    1    1    1  1.54747E+13 0.00030 
   43   43    1    1    1    1    1    1    1    1  3.27254E+13 0.00031 
   44   44    1    1    1    1    1    1    1    1  3.83441E+13 0.00026 
   45   45    1    1    1    1    1    1    1    1  5.34011E+13 0.00027 
   46   46    1    1    1    1    1    1    1    1  1.02075E+14 0.00020 
   47   47    1    1    1    1    1    1    1    1  4.50330E+13 0.00012 
   48   48    1    1    1    1    1    1    1    1  7.03034E+13 0.00014 
   49   49    1    1    1    1    1    1    1    1  9.49606E+13 0.00016 
   50   50    1    1    1    1    1    1    1    1  9.05992E+13 0.00024 
   51   51    1    1    1    1    1    1    1    1  1.38671E+14 0.00016 
   52   52    1    1    1    1    1    1    1    1  1.04840E+14 0.00015 
   53   53    1    1    1    1    1    1    1    1  1.24187E+14 0.00014 
   54   54    1    1    1    1    1    1    1    1  8.37215E+13 0.00019 
   55   55    1    1    1    1    1    1    1    1  1.02679E+14 0.00015 
   56   56    1    1    1    1    1    1    1    1  6.93006E+13 0.00017 
   57   57    1    1    1    1    1    1    1    1  9.30090E+12 0.00039 
   58   58    1    1    1    1    1    1    1    1  1.34833E+14 0.00012 
   59   59    1    1    1    1    1    1    1    1  6.06430E+13 0.00020 
   60   60    1    1    1    1    1    1    1    1  6.30348E+13 0.00022 
   61   61    1    1    1    1    1    1    1    1  4.93418E+13 0.00026 
   62   62    1    1    1    1    1    1    1    1  4.88849E+13 0.00025 
   63   63    1    1    1    1    1    1    1    1  5.04752E+13 0.00027 
   64   64    1    1    1    1    1    1    1    1  4.20460E+13 0.00026 
   65   65    1    1    1    1    1    1    1    1  3.29512E+13 0.00028 
   66   66    1    1    1    1    1    1    1    1  3.22804E+13 0.00035 
   67   67    1    1    1    1    1    1    1    1  2.30699E+13 0.00029 
   68   68    1    1    1    1    1    1    1    1  1.85519E+13 0.00029 
   69   69    1    1    1    1    1    1    1    1  1.64972E+13 0.00033 
   70   70    1    1    1    1    1    1    1    1  1.96424E+13 0.00038 
   71   71    1    1    1    1    1    1    1    1  1.64991E+13 0.00038 
   72   72    1    1    1    1    1    1    1    1  2.90233E+13 0.00026 
   73   73    1    1    1    1    1    1    1    1  2.01363E+13 0.00035 
   74   74    1    1    1    1    1    1    1    1  1.50541E+13 0.00033 
   75   75    1    1    1    1    1    1    1    1  1.21771E+13 0.00056 
   76   76    1    1    1    1    1    1    1    1  1.02067E+13 0.00053 
   77   77    1    1    1    1    1    1    1    1  1.19205E+13 0.00060 
   78   78    1    1    1    1    1    1    1    1  9.51979E+12 0.00048 
   79   79    1    1    1    1    1    1    1    1  7.63004E+12 0.00052 
   80   80    1    1    1    1    1    1    1    1  7.91843E+12 0.00056 
   81   81    1    1    1    1    1    1    1    1  5.87393E+12 0.00042 
   82   82    1    1    1    1    1    1    1    1  4.52801E+12 0.00067 
   83   83    1    1    1    1    1    1    1    1  3.47850E+12 0.00065 
   84   84    1    1    1    1    1    1    1    1  3.24723E+12 0.00089 
   85   85    1    1    1    1    1    1    1    1  2.32944E+12 0.00106 
   86   86    1    1    1    1    1    1    1    1  1.68107E+12 0.00148 
   87   87    1    1    1    1    1    1    1    1  1.57274E+12 0.00131 
   88   88    1    1    1    1    1    1    1    1  9.56267E+11 0.00165 
   89   89    1    1    1    1    1    1    1    1  6.39393E+11 0.00199 
   90   90    1    1    1    1    1    1    1    1  3.67390E+11 0.00252 
   91   91    1    1    1    1    1    1    1    1  4.55622E+11 0.00304 
   92   92    1    1    1    1    1    1    1    1  0.00000E+00 0.00000 
   93   93    1    1    1    1    1    1    1    1  0.00000E+00 0.00000 
   94   94    1    1    1    1    1    1    1    1  0.00000E+00 0.00000 
   95   95    1    1    1    1    1    1    1    1  0.00000E+00 0.00000 
   96   96    1    1    1    1    1    1    1    1  0.00000E+00 0.00000 
   97   97    1    1    1    1    1    1    1    1  0.00000E+00 0.00000 
   98   98    1    1    1    1    1    1    1    1  0.00000E+00 0.00000 
   99   99    1    1    1    1    1    1    1    1  0.00000E+00 0.00000 
  100  100    1    1    1    1    1    1    1    1  0.00000E+00 0.00000 
];


