
DETdpaspec = [
    1    1    1    1    1    1    1    1    1    1  0.00000E+00 0.00000 
    2    2    1    1    1    1    1    1    1    1  0.00000E+00 0.00000 
    3    3    1    1    1    1    1    1    1    1  0.00000E+00 0.00000 
    4    4    1    1    1    1    1    1    1    1  0.00000E+00 0.00000 
    5    5    1    1    1    1    1    1    1    1  0.00000E+00 0.00000 
    6    6    1    1    1    1    1    1    1    1  0.00000E+00 0.00000 
    7    7    1    1    1    1    1    1    1    1  0.00000E+00 0.00000 
    8    8    1    1    1    1    1    1    1    1  0.00000E+00 0.00000 
    9    9    1    1    1    1    1    1    1    1  0.00000E+00 0.00000 
   10   10    1    1    1    1    1    1    1    1  0.00000E+00 0.00000 
   11   11    1    1    1    1    1    1    1    1  0.00000E+00 0.00000 
   12   12    1    1    1    1    1    1    1    1  0.00000E+00 0.00000 
   13   13    1    1    1    1    1    1    1    1  0.00000E+00 0.00000 
   14   14    1    1    1    1    1    1    1    1  0.00000E+00 0.00000 
   15   15    1    1    1    1    1    1    1    1  0.00000E+00 0.00000 
   16   16    1    1    1    1    1    1    1    1  0.00000E+00 0.00000 
   17   17    1    1    1    1    1    1    1    1  0.00000E+00 0.00000 
   18   18    1    1    1    1    1    1    1    1  0.00000E+00 0.00000 
   19   19    1    1    1    1    1    1    1    1  1.47344E+09 0.08795 
   20   20    1    1    1    1    1    1    1    1  2.54529E+08 0.07643 
   21   21    1    1    1    1    1    1    1    1  7.99361E+08 0.06378 
   22   22    1    1    1    1    1    1    1    1  6.12023E+08 0.07020 
   23   23    1    1    1    1    1    1    1    1  1.40149E+09 0.04519 
   24   24    1    1    1    1    1    1    1    1  2.14033E+09 0.02737 
   25   25    1    1    1    1    1    1    1    1  3.70760E+09 0.02408 
   26   26    1    1    1    1    1    1    1    1  4.64007E+09 0.02719 
   27   27    1    1    1    1    1    1    1    1  7.63776E+09 0.02534 
   28   28    1    1    1    1    1    1    1    1  1.47738E+10 0.01273 
   29   29    1    1    1    1    1    1    1    1  3.47478E+10 0.00849 
   30   30    1    1    1    1    1    1    1    1  5.87162E+10 0.00719 
   31   31    1    1    1    1    1    1    1    1  1.67182E+11 0.00381 
   32   32    1    1    1    1    1    1    1    1  5.18379E+11 0.00279 
   33   33    1    1    1    1    1    1    1    1  9.58519E+11 0.00201 
   34   34    1    1    1    1    1    1    1    1  2.27005E+12 0.00123 
   35   35    1    1    1    1    1    1    1    1  3.17231E+12 0.00109 
   36   36    1    1    1    1    1    1    1    1  4.11436E+12 0.00075 
   37   37    1    1    1    1    1    1    1    1  2.79743E+12 0.00077 
   38   38    1    1    1    1    1    1    1    1  8.55609E+11 0.00082 
   39   39    1    1    1    1    1    1    1    1  4.79423E+12 0.00064 
   40   40    1    1    1    1    1    1    1    1  6.45851E+12 0.00071 
   41   41    1    1    1    1    1    1    1    1  1.11172E+13 0.00040 
   42   42    1    1    1    1    1    1    1    1  1.12021E+13 0.00054 
   43   43    1    1    1    1    1    1    1    1  2.38446E+13 0.00050 
   44   44    1    1    1    1    1    1    1    1  2.88342E+13 0.00041 
   45   45    1    1    1    1    1    1    1    1  4.15769E+13 0.00032 
   46   46    1    1    1    1    1    1    1    1  8.27532E+13 0.00019 
   47   47    1    1    1    1    1    1    1    1  3.88322E+13 0.00021 
   48   48    1    1    1    1    1    1    1    1  6.22712E+13 0.00025 
   49   49    1    1    1    1    1    1    1    1  8.68957E+13 0.00018 
   50   50    1    1    1    1    1    1    1    1  8.54680E+13 0.00023 
   51   51    1    1    1    1    1    1    1    1  1.33181E+14 0.00018 
   52   52    1    1    1    1    1    1    1    1  1.05707E+14 0.00018 
   53   53    1    1    1    1    1    1    1    1  1.25444E+14 0.00013 
   54   54    1    1    1    1    1    1    1    1  8.71260E+13 0.00019 
   55   55    1    1    1    1    1    1    1    1  1.06640E+14 0.00013 
   56   56    1    1    1    1    1    1    1    1  7.33880E+13 0.00017 
   57   57    1    1    1    1    1    1    1    1  9.97170E+12 0.00043 
   58   58    1    1    1    1    1    1    1    1  1.45500E+14 0.00018 
   59   59    1    1    1    1    1    1    1    1  6.48300E+13 0.00022 
   60   60    1    1    1    1    1    1    1    1  6.88000E+13 0.00017 
   61   61    1    1    1    1    1    1    1    1  5.35448E+13 0.00022 
   62   62    1    1    1    1    1    1    1    1  5.36775E+13 0.00026 
   63   63    1    1    1    1    1    1    1    1  5.57937E+13 0.00028 
   64   64    1    1    1    1    1    1    1    1  4.68578E+13 0.00027 
   65   65    1    1    1    1    1    1    1    1  3.72096E+13 0.00029 
   66   66    1    1    1    1    1    1    1    1  3.68215E+13 0.00038 
   67   67    1    1    1    1    1    1    1    1  2.66469E+13 0.00041 
   68   68    1    1    1    1    1    1    1    1  2.17037E+13 0.00045 
   69   69    1    1    1    1    1    1    1    1  1.94525E+13 0.00038 
   70   70    1    1    1    1    1    1    1    1  2.33742E+13 0.00047 
   71   71    1    1    1    1    1    1    1    1  1.98837E+13 0.00043 
   72   72    1    1    1    1    1    1    1    1  3.60982E+13 0.00030 
   73   73    1    1    1    1    1    1    1    1  2.55015E+13 0.00046 
   74   74    1    1    1    1    1    1    1    1  1.92180E+13 0.00045 
   75   75    1    1    1    1    1    1    1    1  1.54579E+13 0.00045 
   76   76    1    1    1    1    1    1    1    1  1.28276E+13 0.00058 
   77   77    1    1    1    1    1    1    1    1  1.48363E+13 0.00042 
   78   78    1    1    1    1    1    1    1    1  1.17281E+13 0.00046 
   79   79    1    1    1    1    1    1    1    1  9.34916E+12 0.00053 
   80   80    1    1    1    1    1    1    1    1  9.64831E+12 0.00062 
   81   81    1    1    1    1    1    1    1    1  7.14972E+12 0.00085 
   82   82    1    1    1    1    1    1    1    1  5.51329E+12 0.00075 
   83   83    1    1    1    1    1    1    1    1  4.24067E+12 0.00077 
   84   84    1    1    1    1    1    1    1    1  3.96884E+12 0.00101 
   85   85    1    1    1    1    1    1    1    1  2.85191E+12 0.00087 
   86   86    1    1    1    1    1    1    1    1  2.05820E+12 0.00142 
   87   87    1    1    1    1    1    1    1    1  1.92514E+12 0.00102 
   88   88    1    1    1    1    1    1    1    1  1.18490E+12 0.00185 
   89   89    1    1    1    1    1    1    1    1  8.01479E+11 0.00272 
   90   90    1    1    1    1    1    1    1    1  4.64620E+11 0.00262 
   91   91    1    1    1    1    1    1    1    1  5.89985E+11 0.00248 
   92   92    1    1    1    1    1    1    1    1  0.00000E+00 0.00000 
   93   93    1    1    1    1    1    1    1    1  0.00000E+00 0.00000 
   94   94    1    1    1    1    1    1    1    1  0.00000E+00 0.00000 
   95   95    1    1    1    1    1    1    1    1  0.00000E+00 0.00000 
   96   96    1    1    1    1    1    1    1    1  0.00000E+00 0.00000 
   97   97    1    1    1    1    1    1    1    1  0.00000E+00 0.00000 
   98   98    1    1    1    1    1    1    1    1  0.00000E+00 0.00000 
   99   99    1    1    1    1    1    1    1    1  0.00000E+00 0.00000 
  100  100    1    1    1    1    1    1    1    1  0.00000E+00 0.00000 
];


