
DETdpaspec = [
    1    1    1    1    1    1    1    1    1    1  0.00000E+00 0.00000 
    2    2    1    1    1    1    1    1    1    1  0.00000E+00 0.00000 
    3    3    1    1    1    1    1    1    1    1  0.00000E+00 0.00000 
    4    4    1    1    1    1    1    1    1    1  0.00000E+00 0.00000 
    5    5    1    1    1    1    1    1    1    1  0.00000E+00 0.00000 
    6    6    1    1    1    1    1    1    1    1  0.00000E+00 0.00000 
    7    7    1    1    1    1    1    1    1    1  0.00000E+00 0.00000 
    8    8    1    1    1    1    1    1    1    1  0.00000E+00 0.00000 
    9    9    1    1    1    1    1    1    1    1  0.00000E+00 0.00000 
   10   10    1    1    1    1    1    1    1    1  0.00000E+00 0.00000 
   11   11    1    1    1    1    1    1    1    1  0.00000E+00 0.00000 
   12   12    1    1    1    1    1    1    1    1  0.00000E+00 0.00000 
   13   13    1    1    1    1    1    1    1    1  0.00000E+00 0.00000 
   14   14    1    1    1    1    1    1    1    1  0.00000E+00 0.00000 
   15   15    1    1    1    1    1    1    1    1  0.00000E+00 0.00000 
   16   16    1    1    1    1    1    1    1    1  0.00000E+00 0.00000 
   17   17    1    1    1    1    1    1    1    1  0.00000E+00 0.00000 
   18   18    1    1    1    1    1    1    1    1  0.00000E+00 0.00000 
   19   19    1    1    1    1    1    1    1    1  1.75618E+09 0.05861 
   20   20    1    1    1    1    1    1    1    1  2.94618E+08 0.07013 
   21   21    1    1    1    1    1    1    1    1  1.10638E+09 0.05729 
   22   22    1    1    1    1    1    1    1    1  8.28761E+08 0.05404 
   23   23    1    1    1    1    1    1    1    1  2.11237E+09 0.04155 
   24   24    1    1    1    1    1    1    1    1  3.11392E+09 0.01929 
   25   25    1    1    1    1    1    1    1    1  4.62195E+09 0.01920 
   26   26    1    1    1    1    1    1    1    1  5.87468E+09 0.01860 
   27   27    1    1    1    1    1    1    1    1  9.50752E+09 0.01275 
   28   28    1    1    1    1    1    1    1    1  1.68671E+10 0.01386 
   29   29    1    1    1    1    1    1    1    1  3.39620E+10 0.00684 
   30   30    1    1    1    1    1    1    1    1  5.25174E+10 0.00644 
   31   31    1    1    1    1    1    1    1    1  1.58720E+11 0.00428 
   32   32    1    1    1    1    1    1    1    1  4.93655E+11 0.00319 
   33   33    1    1    1    1    1    1    1    1  9.23258E+11 0.00173 
   34   34    1    1    1    1    1    1    1    1  2.14379E+12 0.00113 
   35   35    1    1    1    1    1    1    1    1  2.93422E+12 0.00089 
   36   36    1    1    1    1    1    1    1    1  4.08005E+12 0.00068 
   37   37    1    1    1    1    1    1    1    1  2.85237E+12 0.00091 
   38   38    1    1    1    1    1    1    1    1  8.90728E+11 0.00098 
   39   39    1    1    1    1    1    1    1    1  4.89675E+12 0.00083 
   40   40    1    1    1    1    1    1    1    1  6.57549E+12 0.00074 
   41   41    1    1    1    1    1    1    1    1  1.11982E+13 0.00064 
   42   42    1    1    1    1    1    1    1    1  1.14954E+13 0.00059 
   43   43    1    1    1    1    1    1    1    1  2.40517E+13 0.00043 
   44   44    1    1    1    1    1    1    1    1  2.89958E+13 0.00035 
   45   45    1    1    1    1    1    1    1    1  4.16779E+13 0.00034 
   46   46    1    1    1    1    1    1    1    1  8.19017E+13 0.00023 
   47   47    1    1    1    1    1    1    1    1  3.88694E+13 0.00027 
   48   48    1    1    1    1    1    1    1    1  6.26811E+13 0.00018 
   49   49    1    1    1    1    1    1    1    1  8.74479E+13 0.00020 
   50   50    1    1    1    1    1    1    1    1  8.64398E+13 0.00018 
   51   51    1    1    1    1    1    1    1    1  1.33565E+14 0.00018 
   52   52    1    1    1    1    1    1    1    1  1.07491E+14 0.00024 
   53   53    1    1    1    1    1    1    1    1  1.25909E+14 0.00012 
   54   54    1    1    1    1    1    1    1    1  8.80297E+13 0.00017 
   55   55    1    1    1    1    1    1    1    1  1.06308E+14 0.00016 
   56   56    1    1    1    1    1    1    1    1  7.35366E+13 0.00017 
   57   57    1    1    1    1    1    1    1    1  1.00445E+13 0.00024 
   58   58    1    1    1    1    1    1    1    1  1.46117E+14 0.00020 
   59   59    1    1    1    1    1    1    1    1  6.40682E+13 0.00028 
   60   60    1    1    1    1    1    1    1    1  6.84721E+13 0.00018 
   61   61    1    1    1    1    1    1    1    1  5.27402E+13 0.00028 
   62   62    1    1    1    1    1    1    1    1  5.30158E+13 0.00022 
   63   63    1    1    1    1    1    1    1    1  5.50134E+13 0.00026 
   64   64    1    1    1    1    1    1    1    1  4.61311E+13 0.00029 
   65   65    1    1    1    1    1    1    1    1  3.67117E+13 0.00032 
   66   66    1    1    1    1    1    1    1    1  3.63789E+13 0.00030 
   67   67    1    1    1    1    1    1    1    1  2.63934E+13 0.00028 
   68   68    1    1    1    1    1    1    1    1  2.15940E+13 0.00026 
   69   69    1    1    1    1    1    1    1    1  1.94100E+13 0.00044 
   70   70    1    1    1    1    1    1    1    1  2.33429E+13 0.00027 
   71   71    1    1    1    1    1    1    1    1  1.99210E+13 0.00037 
   72   72    1    1    1    1    1    1    1    1  3.66586E+13 0.00036 
   73   73    1    1    1    1    1    1    1    1  2.60369E+13 0.00033 
   74   74    1    1    1    1    1    1    1    1  1.95837E+13 0.00044 
   75   75    1    1    1    1    1    1    1    1  1.56157E+13 0.00037 
   76   76    1    1    1    1    1    1    1    1  1.28287E+13 0.00046 
   77   77    1    1    1    1    1    1    1    1  1.47332E+13 0.00044 
   78   78    1    1    1    1    1    1    1    1  1.15223E+13 0.00041 
   79   79    1    1    1    1    1    1    1    1  9.10013E+12 0.00065 
   80   80    1    1    1    1    1    1    1    1  9.33591E+12 0.00045 
   81   81    1    1    1    1    1    1    1    1  6.90101E+12 0.00053 
   82   82    1    1    1    1    1    1    1    1  5.30066E+12 0.00085 
   83   83    1    1    1    1    1    1    1    1  4.07083E+12 0.00101 
   84   84    1    1    1    1    1    1    1    1  3.80008E+12 0.00074 
   85   85    1    1    1    1    1    1    1    1  2.73680E+12 0.00115 
   86   86    1    1    1    1    1    1    1    1  1.96959E+12 0.00112 
   87   87    1    1    1    1    1    1    1    1  1.84469E+12 0.00135 
   88   88    1    1    1    1    1    1    1    1  1.13814E+12 0.00123 
   89   89    1    1    1    1    1    1    1    1  7.70900E+11 0.00171 
   90   90    1    1    1    1    1    1    1    1  4.46383E+11 0.00360 
   91   91    1    1    1    1    1    1    1    1  5.71281E+11 0.00243 
   92   92    1    1    1    1    1    1    1    1  0.00000E+00 0.00000 
   93   93    1    1    1    1    1    1    1    1  0.00000E+00 0.00000 
   94   94    1    1    1    1    1    1    1    1  0.00000E+00 0.00000 
   95   95    1    1    1    1    1    1    1    1  0.00000E+00 0.00000 
   96   96    1    1    1    1    1    1    1    1  0.00000E+00 0.00000 
   97   97    1    1    1    1    1    1    1    1  0.00000E+00 0.00000 
   98   98    1    1    1    1    1    1    1    1  0.00000E+00 0.00000 
   99   99    1    1    1    1    1    1    1    1  0.00000E+00 0.00000 
  100  100    1    1    1    1    1    1    1    1  0.00000E+00 0.00000 
];


