
DETdpaspec = [
    1    1    1    1    1    1    1    1    1    1  0.00000E+00 0.00000 
    2    2    1    1    1    1    1    1    1    1  0.00000E+00 0.00000 
    3    3    1    1    1    1    1    1    1    1  0.00000E+00 0.00000 
    4    4    1    1    1    1    1    1    1    1  0.00000E+00 0.00000 
    5    5    1    1    1    1    1    1    1    1  0.00000E+00 0.00000 
    6    6    1    1    1    1    1    1    1    1  0.00000E+00 0.00000 
    7    7    1    1    1    1    1    1    1    1  0.00000E+00 0.00000 
    8    8    1    1    1    1    1    1    1    1  0.00000E+00 0.00000 
    9    9    1    1    1    1    1    1    1    1  0.00000E+00 0.00000 
   10   10    1    1    1    1    1    1    1    1  0.00000E+00 0.00000 
   11   11    1    1    1    1    1    1    1    1  0.00000E+00 0.00000 
   12   12    1    1    1    1    1    1    1    1  0.00000E+00 0.00000 
   13   13    1    1    1    1    1    1    1    1  0.00000E+00 0.00000 
   14   14    1    1    1    1    1    1    1    1  0.00000E+00 0.00000 
   15   15    1    1    1    1    1    1    1    1  0.00000E+00 0.00000 
   16   16    1    1    1    1    1    1    1    1  0.00000E+00 0.00000 
   17   17    1    1    1    1    1    1    1    1  0.00000E+00 0.00000 
   18   18    1    1    1    1    1    1    1    1  0.00000E+00 0.00000 
   19   19    1    1    1    1    1    1    1    1  1.38851E+09 0.06575 
   20   20    1    1    1    1    1    1    1    1  2.08377E+08 0.06225 
   21   21    1    1    1    1    1    1    1    1  6.28645E+08 0.07106 
   22   22    1    1    1    1    1    1    1    1  5.24193E+08 0.05211 
   23   23    1    1    1    1    1    1    1    1  1.13639E+09 0.05529 
   24   24    1    1    1    1    1    1    1    1  1.98142E+09 0.02771 
   25   25    1    1    1    1    1    1    1    1  3.22690E+09 0.03466 
   26   26    1    1    1    1    1    1    1    1  4.49296E+09 0.02986 
   27   27    1    1    1    1    1    1    1    1  7.85797E+09 0.02089 
   28   28    1    1    1    1    1    1    1    1  1.61654E+10 0.01871 
   29   29    1    1    1    1    1    1    1    1  4.00338E+10 0.01036 
   30   30    1    1    1    1    1    1    1    1  7.21705E+10 0.00798 
   31   31    1    1    1    1    1    1    1    1  1.96771E+11 0.00497 
   32   32    1    1    1    1    1    1    1    1  5.91345E+11 0.00185 
   33   33    1    1    1    1    1    1    1    1  1.06614E+12 0.00173 
   34   34    1    1    1    1    1    1    1    1  2.50923E+12 0.00143 
   35   35    1    1    1    1    1    1    1    1  3.49111E+12 0.00131 
   36   36    1    1    1    1    1    1    1    1  4.34256E+12 0.00075 
   37   37    1    1    1    1    1    1    1    1  2.88983E+12 0.00081 
   38   38    1    1    1    1    1    1    1    1  8.74688E+11 0.00079 
   39   39    1    1    1    1    1    1    1    1  4.93935E+12 0.00076 
   40   40    1    1    1    1    1    1    1    1  6.64398E+12 0.00052 
   41   41    1    1    1    1    1    1    1    1  1.14561E+13 0.00052 
   42   42    1    1    1    1    1    1    1    1  1.14266E+13 0.00045 
   43   43    1    1    1    1    1    1    1    1  2.44484E+13 0.00042 
   44   44    1    1    1    1    1    1    1    1  2.95143E+13 0.00038 
   45   45    1    1    1    1    1    1    1    1  4.24739E+13 0.00031 
   46   46    1    1    1    1    1    1    1    1  8.45294E+13 0.00025 
   47   47    1    1    1    1    1    1    1    1  3.93082E+13 0.00021 
   48   48    1    1    1    1    1    1    1    1  6.27512E+13 0.00019 
   49   49    1    1    1    1    1    1    1    1  8.73615E+13 0.00021 
   50   50    1    1    1    1    1    1    1    1  8.55662E+13 0.00022 
   51   51    1    1    1    1    1    1    1    1  1.33577E+14 0.00024 
   52   52    1    1    1    1    1    1    1    1  1.05151E+14 0.00017 
   53   53    1    1    1    1    1    1    1    1  1.25307E+14 0.00021 
   54   54    1    1    1    1    1    1    1    1  8.66847E+13 0.00018 
   55   55    1    1    1    1    1    1    1    1  1.06519E+14 0.00013 
   56   56    1    1    1    1    1    1    1    1  7.30651E+13 0.00018 
   57   57    1    1    1    1    1    1    1    1  9.90802E+12 0.00034 
   58   58    1    1    1    1    1    1    1    1  1.44554E+14 0.00016 
   59   59    1    1    1    1    1    1    1    1  6.48208E+13 0.00020 
   60   60    1    1    1    1    1    1    1    1  6.85257E+13 0.00022 
   61   61    1    1    1    1    1    1    1    1  5.35138E+13 0.00025 
   62   62    1    1    1    1    1    1    1    1  5.35344E+13 0.00023 
   63   63    1    1    1    1    1    1    1    1  5.56564E+13 0.00026 
   64   64    1    1    1    1    1    1    1    1  4.67283E+13 0.00027 
   65   65    1    1    1    1    1    1    1    1  3.70207E+13 0.00031 
   66   66    1    1    1    1    1    1    1    1  3.66302E+13 0.00033 
   67   67    1    1    1    1    1    1    1    1  2.64485E+13 0.00035 
   68   68    1    1    1    1    1    1    1    1  2.14796E+13 0.00034 
   69   69    1    1    1    1    1    1    1    1  1.92288E+13 0.00036 
   70   70    1    1    1    1    1    1    1    1  2.30799E+13 0.00036 
   71   71    1    1    1    1    1    1    1    1  1.95858E+13 0.00038 
   72   72    1    1    1    1    1    1    1    1  3.53207E+13 0.00031 
   73   73    1    1    1    1    1    1    1    1  2.48820E+13 0.00043 
   74   74    1    1    1    1    1    1    1    1  1.87486E+13 0.00042 
   75   75    1    1    1    1    1    1    1    1  1.51143E+13 0.00054 
   76   76    1    1    1    1    1    1    1    1  1.25864E+13 0.00057 
   77   77    1    1    1    1    1    1    1    1  1.46218E+13 0.00069 
   78   78    1    1    1    1    1    1    1    1  1.16143E+13 0.00050 
   79   79    1    1    1    1    1    1    1    1  9.27765E+12 0.00056 
   80   80    1    1    1    1    1    1    1    1  9.60498E+12 0.00059 
   81   81    1    1    1    1    1    1    1    1  7.13202E+12 0.00048 
   82   82    1    1    1    1    1    1    1    1  5.49975E+12 0.00071 
   83   83    1    1    1    1    1    1    1    1  4.22503E+12 0.00071 
   84   84    1    1    1    1    1    1    1    1  3.96302E+12 0.00096 
   85   85    1    1    1    1    1    1    1    1  2.84926E+12 0.00111 
   86   86    1    1    1    1    1    1    1    1  2.05668E+12 0.00115 
   87   87    1    1    1    1    1    1    1    1  1.92697E+12 0.00143 
   88   88    1    1    1    1    1    1    1    1  1.18275E+12 0.00179 
   89   89    1    1    1    1    1    1    1    1  7.97689E+11 0.00229 
   90   90    1    1    1    1    1    1    1    1  4.61891E+11 0.00358 
   91   91    1    1    1    1    1    1    1    1  5.85074E+11 0.00253 
   92   92    1    1    1    1    1    1    1    1  0.00000E+00 0.00000 
   93   93    1    1    1    1    1    1    1    1  0.00000E+00 0.00000 
   94   94    1    1    1    1    1    1    1    1  0.00000E+00 0.00000 
   95   95    1    1    1    1    1    1    1    1  0.00000E+00 0.00000 
   96   96    1    1    1    1    1    1    1    1  0.00000E+00 0.00000 
   97   97    1    1    1    1    1    1    1    1  0.00000E+00 0.00000 
   98   98    1    1    1    1    1    1    1    1  0.00000E+00 0.00000 
   99   99    1    1    1    1    1    1    1    1  0.00000E+00 0.00000 
  100  100    1    1    1    1    1    1    1    1  0.00000E+00 0.00000 
];


