
DETdpaspec = [
    1    1    1    1    1    1    1    1    1    1  0.00000E+00 0.00000 
    2    2    1    1    1    1    1    1    1    1  0.00000E+00 0.00000 
    3    3    1    1    1    1    1    1    1    1  0.00000E+00 0.00000 
    4    4    1    1    1    1    1    1    1    1  0.00000E+00 0.00000 
    5    5    1    1    1    1    1    1    1    1  0.00000E+00 0.00000 
    6    6    1    1    1    1    1    1    1    1  0.00000E+00 0.00000 
    7    7    1    1    1    1    1    1    1    1  0.00000E+00 0.00000 
    8    8    1    1    1    1    1    1    1    1  0.00000E+00 0.00000 
    9    9    1    1    1    1    1    1    1    1  0.00000E+00 0.00000 
   10   10    1    1    1    1    1    1    1    1  0.00000E+00 0.00000 
   11   11    1    1    1    1    1    1    1    1  0.00000E+00 0.00000 
   12   12    1    1    1    1    1    1    1    1  0.00000E+00 0.00000 
   13   13    1    1    1    1    1    1    1    1  0.00000E+00 0.00000 
   14   14    1    1    1    1    1    1    1    1  0.00000E+00 0.00000 
   15   15    1    1    1    1    1    1    1    1  0.00000E+00 0.00000 
   16   16    1    1    1    1    1    1    1    1  0.00000E+00 0.00000 
   17   17    1    1    1    1    1    1    1    1  0.00000E+00 0.00000 
   18   18    1    1    1    1    1    1    1    1  0.00000E+00 0.00000 
   19   19    1    1    1    1    1    1    1    1  1.43977E+09 0.06811 
   20   20    1    1    1    1    1    1    1    1  1.80711E+08 0.11938 
   21   21    1    1    1    1    1    1    1    1  6.76358E+08 0.06933 
   22   22    1    1    1    1    1    1    1    1  4.94883E+08 0.06500 
   23   23    1    1    1    1    1    1    1    1  1.02456E+09 0.04638 
   24   24    1    1    1    1    1    1    1    1  1.73306E+09 0.04427 
   25   25    1    1    1    1    1    1    1    1  3.31308E+09 0.04236 
   26   26    1    1    1    1    1    1    1    1  4.63484E+09 0.03342 
   27   27    1    1    1    1    1    1    1    1  8.46289E+09 0.01731 
   28   28    1    1    1    1    1    1    1    1  1.81511E+10 0.01215 
   29   29    1    1    1    1    1    1    1    1  4.63127E+10 0.00808 
   30   30    1    1    1    1    1    1    1    1  8.46096E+10 0.00620 
   31   31    1    1    1    1    1    1    1    1  2.21989E+11 0.00446 
   32   32    1    1    1    1    1    1    1    1  6.52850E+11 0.00311 
   33   33    1    1    1    1    1    1    1    1  1.15504E+12 0.00227 
   34   34    1    1    1    1    1    1    1    1  2.69302E+12 0.00124 
   35   35    1    1    1    1    1    1    1    1  3.72265E+12 0.00103 
   36   36    1    1    1    1    1    1    1    1  4.52330E+12 0.00077 
   37   37    1    1    1    1    1    1    1    1  2.97520E+12 0.00066 
   38   38    1    1    1    1    1    1    1    1  8.96107E+11 0.00067 
   39   39    1    1    1    1    1    1    1    1  5.07678E+12 0.00059 
   40   40    1    1    1    1    1    1    1    1  6.81659E+12 0.00057 
   41   41    1    1    1    1    1    1    1    1  1.17493E+13 0.00054 
   42   42    1    1    1    1    1    1    1    1  1.16501E+13 0.00038 
   43   43    1    1    1    1    1    1    1    1  2.49544E+13 0.00036 
   44   44    1    1    1    1    1    1    1    1  3.00644E+13 0.00035 
   45   45    1    1    1    1    1    1    1    1  4.31676E+13 0.00030 
   46   46    1    1    1    1    1    1    1    1  8.57669E+13 0.00023 
   47   47    1    1    1    1    1    1    1    1  3.96958E+13 0.00016 
   48   48    1    1    1    1    1    1    1    1  6.32242E+13 0.00020 
   49   49    1    1    1    1    1    1    1    1  8.78398E+13 0.00020 
   50   50    1    1    1    1    1    1    1    1  8.58283E+13 0.00020 
   51   51    1    1    1    1    1    1    1    1  1.33895E+14 0.00013 
   52   52    1    1    1    1    1    1    1    1  1.04912E+14 0.00022 
   53   53    1    1    1    1    1    1    1    1  1.25213E+14 0.00014 
   54   54    1    1    1    1    1    1    1    1  8.64169E+13 0.00018 
   55   55    1    1    1    1    1    1    1    1  1.06327E+14 0.00012 
   56   56    1    1    1    1    1    1    1    1  7.28554E+13 0.00019 
   57   57    1    1    1    1    1    1    1    1  9.86900E+12 0.00024 
   58   58    1    1    1    1    1    1    1    1  1.43959E+14 0.00012 
   59   59    1    1    1    1    1    1    1    1  6.46862E+13 0.00024 
   60   60    1    1    1    1    1    1    1    1  6.82125E+13 0.00023 
   61   61    1    1    1    1    1    1    1    1  5.33747E+13 0.00024 
   62   62    1    1    1    1    1    1    1    1  5.33457E+13 0.00020 
   63   63    1    1    1    1    1    1    1    1  5.54266E+13 0.00025 
   64   64    1    1    1    1    1    1    1    1  4.65228E+13 0.00031 
   65   65    1    1    1    1    1    1    1    1  3.68067E+13 0.00018 
   66   66    1    1    1    1    1    1    1    1  3.64041E+13 0.00035 
   67   67    1    1    1    1    1    1    1    1  2.62446E+13 0.00022 
   68   68    1    1    1    1    1    1    1    1  2.12895E+13 0.00028 
   69   69    1    1    1    1    1    1    1    1  1.90470E+13 0.00041 
   70   70    1    1    1    1    1    1    1    1  2.28418E+13 0.00046 
   71   71    1    1    1    1    1    1    1    1  1.93739E+13 0.00047 
   72   72    1    1    1    1    1    1    1    1  3.48170E+13 0.00032 
   73   73    1    1    1    1    1    1    1    1  2.44820E+13 0.00040 
   74   74    1    1    1    1    1    1    1    1  1.84333E+13 0.00040 
   75   75    1    1    1    1    1    1    1    1  1.48865E+13 0.00035 
   76   76    1    1    1    1    1    1    1    1  1.24229E+13 0.00041 
   77   77    1    1    1    1    1    1    1    1  1.44475E+13 0.00036 
   78   78    1    1    1    1    1    1    1    1  1.14906E+13 0.00053 
   79   79    1    1    1    1    1    1    1    1  9.19075E+12 0.00053 
   80   80    1    1    1    1    1    1    1    1  9.51232E+12 0.00056 
   81   81    1    1    1    1    1    1    1    1  7.06147E+12 0.00057 
   82   82    1    1    1    1    1    1    1    1  5.45648E+12 0.00088 
   83   83    1    1    1    1    1    1    1    1  4.19851E+12 0.00102 
   84   84    1    1    1    1    1    1    1    1  3.93420E+12 0.00068 
   85   85    1    1    1    1    1    1    1    1  2.83158E+12 0.00104 
   86   86    1    1    1    1    1    1    1    1  2.04323E+12 0.00106 
   87   87    1    1    1    1    1    1    1    1  1.91389E+12 0.00146 
   88   88    1    1    1    1    1    1    1    1  1.17294E+12 0.00170 
   89   89    1    1    1    1    1    1    1    1  7.93617E+11 0.00192 
   90   90    1    1    1    1    1    1    1    1  4.59407E+11 0.00246 
   91   91    1    1    1    1    1    1    1    1  5.82443E+11 0.00268 
   92   92    1    1    1    1    1    1    1    1  0.00000E+00 0.00000 
   93   93    1    1    1    1    1    1    1    1  0.00000E+00 0.00000 
   94   94    1    1    1    1    1    1    1    1  0.00000E+00 0.00000 
   95   95    1    1    1    1    1    1    1    1  0.00000E+00 0.00000 
   96   96    1    1    1    1    1    1    1    1  0.00000E+00 0.00000 
   97   97    1    1    1    1    1    1    1    1  0.00000E+00 0.00000 
   98   98    1    1    1    1    1    1    1    1  0.00000E+00 0.00000 
   99   99    1    1    1    1    1    1    1    1  0.00000E+00 0.00000 
  100  100    1    1    1    1    1    1    1    1  0.00000E+00 0.00000 
];


