
DETdpaspec = [
    1    1    1    1    1    1    1    1    1    1  0.00000E+00 0.00000 
    2    2    1    1    1    1    1    1    1    1  0.00000E+00 0.00000 
    3    3    1    1    1    1    1    1    1    1  0.00000E+00 0.00000 
    4    4    1    1    1    1    1    1    1    1  0.00000E+00 0.00000 
    5    5    1    1    1    1    1    1    1    1  0.00000E+00 0.00000 
    6    6    1    1    1    1    1    1    1    1  0.00000E+00 0.00000 
    7    7    1    1    1    1    1    1    1    1  0.00000E+00 0.00000 
    8    8    1    1    1    1    1    1    1    1  0.00000E+00 0.00000 
    9    9    1    1    1    1    1    1    1    1  0.00000E+00 0.00000 
   10   10    1    1    1    1    1    1    1    1  0.00000E+00 0.00000 
   11   11    1    1    1    1    1    1    1    1  0.00000E+00 0.00000 
   12   12    1    1    1    1    1    1    1    1  0.00000E+00 0.00000 
   13   13    1    1    1    1    1    1    1    1  0.00000E+00 0.00000 
   14   14    1    1    1    1    1    1    1    1  0.00000E+00 0.00000 
   15   15    1    1    1    1    1    1    1    1  0.00000E+00 0.00000 
   16   16    1    1    1    1    1    1    1    1  0.00000E+00 0.00000 
   17   17    1    1    1    1    1    1    1    1  0.00000E+00 0.00000 
   18   18    1    1    1    1    1    1    1    1  0.00000E+00 0.00000 
   19   19    1    1    1    1    1    1    1    1  9.46624E+08 0.15860 
   20   20    1    1    1    1    1    1    1    1  9.45017E+07 0.23643 
   21   21    1    1    1    1    1    1    1    1  3.25774E+08 0.12423 
   22   22    1    1    1    1    1    1    1    1  7.64215E+08 0.04255 
   23   23    1    1    1    1    1    1    1    1  3.56115E+09 0.03663 
   24   24    1    1    1    1    1    1    1    1  1.61779E+10 0.01322 
   25   25    1    1    1    1    1    1    1    1  4.93987E+10 0.00897 
   26   26    1    1    1    1    1    1    1    1  7.76023E+10 0.00746 
   27   27    1    1    1    1    1    1    1    1  1.55358E+11 0.00546 
   28   28    1    1    1    1    1    1    1    1  2.86850E+11 0.00408 
   29   29    1    1    1    1    1    1    1    1  5.13467E+11 0.00225 
   30   30    1    1    1    1    1    1    1    1  7.64306E+11 0.00184 
   31   31    1    1    1    1    1    1    1    1  1.40137E+12 0.00150 
   32   32    1    1    1    1    1    1    1    1  2.69063E+12 0.00145 
   33   33    1    1    1    1    1    1    1    1  3.75990E+12 0.00099 
   34   34    1    1    1    1    1    1    1    1  7.08356E+12 0.00048 
   35   35    1    1    1    1    1    1    1    1  8.40482E+12 0.00037 
   36   36    1    1    1    1    1    1    1    1  8.34862E+12 0.00055 
   37   37    1    1    1    1    1    1    1    1  4.90843E+12 0.00043 
   38   38    1    1    1    1    1    1    1    1  1.42208E+12 0.00045 
   39   39    1    1    1    1    1    1    1    1  8.07793E+12 0.00040 
   40   40    1    1    1    1    1    1    1    1  1.05303E+13 0.00036 
   41   41    1    1    1    1    1    1    1    1  1.75943E+13 0.00027 
   42   42    1    1    1    1    1    1    1    1  1.65682E+13 0.00032 
   43   43    1    1    1    1    1    1    1    1  3.48791E+13 0.00026 
   44   44    1    1    1    1    1    1    1    1  4.05703E+13 0.00028 
   45   45    1    1    1    1    1    1    1    1  5.60540E+13 0.00031 
   46   46    1    1    1    1    1    1    1    1  1.06017E+14 0.00018 
   47   47    1    1    1    1    1    1    1    1  4.63220E+13 0.00024 
   48   48    1    1    1    1    1    1    1    1  7.19805E+13 0.00020 
   49   49    1    1    1    1    1    1    1    1  9.66140E+13 0.00012 
   50   50    1    1    1    1    1    1    1    1  9.16910E+13 0.00019 
   51   51    1    1    1    1    1    1    1    1  1.39516E+14 0.00016 
   52   52    1    1    1    1    1    1    1    1  1.04776E+14 0.00016 
   53   53    1    1    1    1    1    1    1    1  1.23624E+14 0.00015 
   54   54    1    1    1    1    1    1    1    1  8.29168E+13 0.00017 
   55   55    1    1    1    1    1    1    1    1  1.01464E+14 0.00012 
   56   56    1    1    1    1    1    1    1    1  6.82621E+13 0.00019 
   57   57    1    1    1    1    1    1    1    1  9.14627E+12 0.00031 
   58   58    1    1    1    1    1    1    1    1  1.32366E+14 0.00012 
   59   59    1    1    1    1    1    1    1    1  5.94121E+13 0.00021 
   60   60    1    1    1    1    1    1    1    1  6.15716E+13 0.00017 
   61   61    1    1    1    1    1    1    1    1  4.81256E+13 0.00020 
   62   62    1    1    1    1    1    1    1    1  4.75923E+13 0.00024 
   63   63    1    1    1    1    1    1    1    1  4.90453E+13 0.00022 
   64   64    1    1    1    1    1    1    1    1  4.07691E+13 0.00028 
   65   65    1    1    1    1    1    1    1    1  3.18830E+13 0.00026 
   66   66    1    1    1    1    1    1    1    1  3.11764E+13 0.00031 
   67   67    1    1    1    1    1    1    1    1  2.22411E+13 0.00030 
   68   68    1    1    1    1    1    1    1    1  1.78615E+13 0.00032 
   69   69    1    1    1    1    1    1    1    1  1.58637E+13 0.00043 
   70   70    1    1    1    1    1    1    1    1  1.88588E+13 0.00042 
   71   71    1    1    1    1    1    1    1    1  1.58015E+13 0.00039 
   72   72    1    1    1    1    1    1    1    1  2.76835E+13 0.00039 
   73   73    1    1    1    1    1    1    1    1  1.91477E+13 0.00037 
   74   74    1    1    1    1    1    1    1    1  1.43128E+13 0.00066 
   75   75    1    1    1    1    1    1    1    1  1.15602E+13 0.00048 
   76   76    1    1    1    1    1    1    1    1  9.68759E+12 0.00043 
   77   77    1    1    1    1    1    1    1    1  1.13023E+13 0.00063 
   78   78    1    1    1    1    1    1    1    1  9.01997E+12 0.00043 
   79   79    1    1    1    1    1    1    1    1  7.21777E+12 0.00062 
   80   80    1    1    1    1    1    1    1    1  7.47143E+12 0.00054 
   81   81    1    1    1    1    1    1    1    1  5.53785E+12 0.00069 
   82   82    1    1    1    1    1    1    1    1  4.26252E+12 0.00084 
   83   83    1    1    1    1    1    1    1    1  3.26390E+12 0.00076 
   84   84    1    1    1    1    1    1    1    1  3.04111E+12 0.00120 
   85   85    1    1    1    1    1    1    1    1  2.18297E+12 0.00109 
   86   86    1    1    1    1    1    1    1    1  1.56595E+12 0.00157 
   87   87    1    1    1    1    1    1    1    1  1.45746E+12 0.00127 
   88   88    1    1    1    1    1    1    1    1  8.85302E+11 0.00196 
   89   89    1    1    1    1    1    1    1    1  5.90636E+11 0.00269 
   90   90    1    1    1    1    1    1    1    1  3.38233E+11 0.00379 
   91   91    1    1    1    1    1    1    1    1  4.10406E+11 0.00299 
   92   92    1    1    1    1    1    1    1    1  0.00000E+00 0.00000 
   93   93    1    1    1    1    1    1    1    1  0.00000E+00 0.00000 
   94   94    1    1    1    1    1    1    1    1  0.00000E+00 0.00000 
   95   95    1    1    1    1    1    1    1    1  0.00000E+00 0.00000 
   96   96    1    1    1    1    1    1    1    1  0.00000E+00 0.00000 
   97   97    1    1    1    1    1    1    1    1  0.00000E+00 0.00000 
   98   98    1    1    1    1    1    1    1    1  0.00000E+00 0.00000 
   99   99    1    1    1    1    1    1    1    1  0.00000E+00 0.00000 
  100  100    1    1    1    1    1    1    1    1  0.00000E+00 0.00000 
];


