
DETdpaspec = [
    1    1    1    1    1    1    1    1    1    1  0.00000E+00 0.00000 
    2    2    1    1    1    1    1    1    1    1  0.00000E+00 0.00000 
    3    3    1    1    1    1    1    1    1    1  0.00000E+00 0.00000 
    4    4    1    1    1    1    1    1    1    1  0.00000E+00 0.00000 
    5    5    1    1    1    1    1    1    1    1  0.00000E+00 0.00000 
    6    6    1    1    1    1    1    1    1    1  0.00000E+00 0.00000 
    7    7    1    1    1    1    1    1    1    1  0.00000E+00 0.00000 
    8    8    1    1    1    1    1    1    1    1  0.00000E+00 0.00000 
    9    9    1    1    1    1    1    1    1    1  0.00000E+00 0.00000 
   10   10    1    1    1    1    1    1    1    1  0.00000E+00 0.00000 
   11   11    1    1    1    1    1    1    1    1  0.00000E+00 0.00000 
   12   12    1    1    1    1    1    1    1    1  0.00000E+00 0.00000 
   13   13    1    1    1    1    1    1    1    1  0.00000E+00 0.00000 
   14   14    1    1    1    1    1    1    1    1  0.00000E+00 0.00000 
   15   15    1    1    1    1    1    1    1    1  0.00000E+00 0.00000 
   16   16    1    1    1    1    1    1    1    1  0.00000E+00 0.00000 
   17   17    1    1    1    1    1    1    1    1  0.00000E+00 0.00000 
   18   18    1    1    1    1    1    1    1    1  0.00000E+00 0.00000 
   19   19    1    1    1    1    1    1    1    1  1.68242E+09 0.06686 
   20   20    1    1    1    1    1    1    1    1  2.54307E+08 0.08951 
   21   21    1    1    1    1    1    1    1    1  9.85768E+08 0.04290 
   22   22    1    1    1    1    1    1    1    1  6.19356E+08 0.06906 
   23   23    1    1    1    1    1    1    1    1  1.56437E+09 0.03631 
   24   24    1    1    1    1    1    1    1    1  2.35604E+09 0.02624 
   25   25    1    1    1    1    1    1    1    1  3.80725E+09 0.02390 
   26   26    1    1    1    1    1    1    1    1  4.84547E+09 0.02204 
   27   27    1    1    1    1    1    1    1    1  7.87006E+09 0.01452 
   28   28    1    1    1    1    1    1    1    1  1.48993E+10 0.00918 
   29   29    1    1    1    1    1    1    1    1  3.38825E+10 0.00723 
   30   30    1    1    1    1    1    1    1    1  5.64688E+10 0.00725 
   31   31    1    1    1    1    1    1    1    1  1.60866E+11 0.00435 
   32   32    1    1    1    1    1    1    1    1  5.02665E+11 0.00275 
   33   33    1    1    1    1    1    1    1    1  9.34973E+11 0.00224 
   34   34    1    1    1    1    1    1    1    1  2.21344E+12 0.00136 
   35   35    1    1    1    1    1    1    1    1  3.08908E+12 0.00132 
   36   36    1    1    1    1    1    1    1    1  4.06789E+12 0.00091 
   37   37    1    1    1    1    1    1    1    1  2.78211E+12 0.00086 
   38   38    1    1    1    1    1    1    1    1  8.54443E+11 0.00083 
   39   39    1    1    1    1    1    1    1    1  4.77247E+12 0.00079 
   40   40    1    1    1    1    1    1    1    1  6.43028E+12 0.00067 
   41   41    1    1    1    1    1    1    1    1  1.10545E+13 0.00045 
   42   42    1    1    1    1    1    1    1    1  1.11843E+13 0.00037 
   43   43    1    1    1    1    1    1    1    1  2.37411E+13 0.00041 
   44   44    1    1    1    1    1    1    1    1  2.87207E+13 0.00026 
   45   45    1    1    1    1    1    1    1    1  4.14251E+13 0.00033 
   46   46    1    1    1    1    1    1    1    1  8.23467E+13 0.00026 
   47   47    1    1    1    1    1    1    1    1  3.87359E+13 0.00021 
   48   48    1    1    1    1    1    1    1    1  6.21928E+13 0.00019 
   49   49    1    1    1    1    1    1    1    1  8.68588E+13 0.00016 
   50   50    1    1    1    1    1    1    1    1  8.55302E+13 0.00021 
   51   51    1    1    1    1    1    1    1    1  1.33121E+14 0.00016 
   52   52    1    1    1    1    1    1    1    1  1.05964E+14 0.00016 
   53   53    1    1    1    1    1    1    1    1  1.25546E+14 0.00016 
   54   54    1    1    1    1    1    1    1    1  8.73364E+13 0.00016 
   55   55    1    1    1    1    1    1    1    1  1.06641E+14 0.00013 
   56   56    1    1    1    1    1    1    1    1  7.34454E+13 0.00017 
   57   57    1    1    1    1    1    1    1    1  9.99813E+12 0.00031 
   58   58    1    1    1    1    1    1    1    1  1.45704E+14 0.00011 
   59   59    1    1    1    1    1    1    1    1  6.47617E+13 0.00018 
   60   60    1    1    1    1    1    1    1    1  6.88295E+13 0.00018 
   61   61    1    1    1    1    1    1    1    1  5.34856E+13 0.00018 
   62   62    1    1    1    1    1    1    1    1  5.36315E+13 0.00019 
   63   63    1    1    1    1    1    1    1    1  5.57614E+13 0.00032 
   64   64    1    1    1    1    1    1    1    1  4.68081E+13 0.00023 
   65   65    1    1    1    1    1    1    1    1  3.71855E+13 0.00039 
   66   66    1    1    1    1    1    1    1    1  3.68321E+13 0.00029 
   67   67    1    1    1    1    1    1    1    1  2.66658E+13 0.00040 
   68   68    1    1    1    1    1    1    1    1  2.17433E+13 0.00036 
   69   69    1    1    1    1    1    1    1    1  1.94904E+13 0.00039 
   70   70    1    1    1    1    1    1    1    1  2.34180E+13 0.00033 
   71   71    1    1    1    1    1    1    1    1  1.99462E+13 0.00048 
   72   72    1    1    1    1    1    1    1    1  3.63188E+13 0.00036 
   73   73    1    1    1    1    1    1    1    1  2.56867E+13 0.00052 
   74   74    1    1    1    1    1    1    1    1  1.93350E+13 0.00056 
   75   75    1    1    1    1    1    1    1    1  1.55158E+13 0.00049 
   76   76    1    1    1    1    1    1    1    1  1.28740E+13 0.00040 
   77   77    1    1    1    1    1    1    1    1  1.48703E+13 0.00046 
   78   78    1    1    1    1    1    1    1    1  1.17317E+13 0.00051 
   79   79    1    1    1    1    1    1    1    1  9.33470E+12 0.00051 
   80   80    1    1    1    1    1    1    1    1  9.62995E+12 0.00046 
   81   81    1    1    1    1    1    1    1    1  7.13290E+12 0.00074 
   82   82    1    1    1    1    1    1    1    1  5.49593E+12 0.00066 
   83   83    1    1    1    1    1    1    1    1  4.23097E+12 0.00099 
   84   84    1    1    1    1    1    1    1    1  3.94766E+12 0.00111 
   85   85    1    1    1    1    1    1    1    1  2.84320E+12 0.00106 
   86   86    1    1    1    1    1    1    1    1  2.05332E+12 0.00133 
   87   87    1    1    1    1    1    1    1    1  1.92105E+12 0.00148 
   88   88    1    1    1    1    1    1    1    1  1.18487E+12 0.00170 
   89   89    1    1    1    1    1    1    1    1  7.99969E+11 0.00161 
   90   90    1    1    1    1    1    1    1    1  4.62616E+11 0.00314 
   91   91    1    1    1    1    1    1    1    1  5.89737E+11 0.00208 
   92   92    1    1    1    1    1    1    1    1  0.00000E+00 0.00000 
   93   93    1    1    1    1    1    1    1    1  0.00000E+00 0.00000 
   94   94    1    1    1    1    1    1    1    1  0.00000E+00 0.00000 
   95   95    1    1    1    1    1    1    1    1  0.00000E+00 0.00000 
   96   96    1    1    1    1    1    1    1    1  0.00000E+00 0.00000 
   97   97    1    1    1    1    1    1    1    1  0.00000E+00 0.00000 
   98   98    1    1    1    1    1    1    1    1  0.00000E+00 0.00000 
   99   99    1    1    1    1    1    1    1    1  0.00000E+00 0.00000 
  100  100    1    1    1    1    1    1    1    1  0.00000E+00 0.00000 
];


