
DETdpaspec = [
    1    1    1    1    1    1    1    1    1    1  0.00000E+00 0.00000 
    2    2    1    1    1    1    1    1    1    1  0.00000E+00 0.00000 
    3    3    1    1    1    1    1    1    1    1  0.00000E+00 0.00000 
    4    4    1    1    1    1    1    1    1    1  0.00000E+00 0.00000 
    5    5    1    1    1    1    1    1    1    1  0.00000E+00 0.00000 
    6    6    1    1    1    1    1    1    1    1  0.00000E+00 0.00000 
    7    7    1    1    1    1    1    1    1    1  0.00000E+00 0.00000 
    8    8    1    1    1    1    1    1    1    1  0.00000E+00 0.00000 
    9    9    1    1    1    1    1    1    1    1  0.00000E+00 0.00000 
   10   10    1    1    1    1    1    1    1    1  0.00000E+00 0.00000 
   11   11    1    1    1    1    1    1    1    1  0.00000E+00 0.00000 
   12   12    1    1    1    1    1    1    1    1  0.00000E+00 0.00000 
   13   13    1    1    1    1    1    1    1    1  0.00000E+00 0.00000 
   14   14    1    1    1    1    1    1    1    1  0.00000E+00 0.00000 
   15   15    1    1    1    1    1    1    1    1  0.00000E+00 0.00000 
   16   16    1    1    1    1    1    1    1    1  0.00000E+00 0.00000 
   17   17    1    1    1    1    1    1    1    1  0.00000E+00 0.00000 
   18   18    1    1    1    1    1    1    1    1  0.00000E+00 0.00000 
   19   19    1    1    1    1    1    1    1    1  8.93770E+08 0.13411 
   20   20    1    1    1    1    1    1    1    1  1.44342E+08 0.13587 
   21   21    1    1    1    1    1    1    1    1  4.25238E+08 0.08063 
   22   22    1    1    1    1    1    1    1    1  4.64199E+08 0.06654 
   23   23    1    1    1    1    1    1    1    1  1.09544E+09 0.06662 
   24   24    1    1    1    1    1    1    1    1  3.16952E+09 0.03067 
   25   25    1    1    1    1    1    1    1    1  9.34846E+09 0.01451 
   26   26    1    1    1    1    1    1    1    1  1.68828E+10 0.01547 
   27   27    1    1    1    1    1    1    1    1  3.85160E+10 0.00902 
   28   28    1    1    1    1    1    1    1    1  8.76100E+10 0.00610 
   29   29    1    1    1    1    1    1    1    1  1.93745E+11 0.00277 
   30   30    1    1    1    1    1    1    1    1  3.28079E+11 0.00273 
   31   31    1    1    1    1    1    1    1    1  6.83527E+11 0.00240 
   32   32    1    1    1    1    1    1    1    1  1.56402E+12 0.00146 
   33   33    1    1    1    1    1    1    1    1  2.38847E+12 0.00121 
   34   34    1    1    1    1    1    1    1    1  4.92588E+12 0.00086 
   35   35    1    1    1    1    1    1    1    1  6.25148E+12 0.00066 
   36   36    1    1    1    1    1    1    1    1  6.61708E+12 0.00047 
   37   37    1    1    1    1    1    1    1    1  4.03769E+12 0.00052 
   38   38    1    1    1    1    1    1    1    1  1.18329E+12 0.00057 
   39   39    1    1    1    1    1    1    1    1  6.73888E+12 0.00057 
   40   40    1    1    1    1    1    1    1    1  8.88861E+12 0.00047 
   41   41    1    1    1    1    1    1    1    1  1.50584E+13 0.00042 
   42   42    1    1    1    1    1    1    1    1  1.44225E+13 0.00033 
   43   43    1    1    1    1    1    1    1    1  3.06497E+13 0.00037 
   44   44    1    1    1    1    1    1    1    1  3.61763E+13 0.00028 
   45   45    1    1    1    1    1    1    1    1  5.07543E+13 0.00027 
   46   46    1    1    1    1    1    1    1    1  9.80933E+13 0.00018 
   47   47    1    1    1    1    1    1    1    1  4.37290E+13 0.00016 
   48   48    1    1    1    1    1    1    1    1  6.85394E+13 0.00015 
   49   49    1    1    1    1    1    1    1    1  9.32497E+13 0.00015 
   50   50    1    1    1    1    1    1    1    1  8.94303E+13 0.00017 
   51   51    1    1    1    1    1    1    1    1  1.37663E+14 0.00014 
   52   52    1    1    1    1    1    1    1    1  1.04828E+14 0.00017 
   53   53    1    1    1    1    1    1    1    1  1.24594E+14 0.00016 
   54   54    1    1    1    1    1    1    1    1  8.44402E+13 0.00013 
   55   55    1    1    1    1    1    1    1    1  1.03775E+14 0.00011 
   56   56    1    1    1    1    1    1    1    1  7.02763E+13 0.00012 
   57   57    1    1    1    1    1    1    1    1  9.45208E+12 0.00033 
   58   58    1    1    1    1    1    1    1    1  1.37253E+14 0.00009 
   59   59    1    1    1    1    1    1    1    1  6.18318E+13 0.00018 
   60   60    1    1    1    1    1    1    1    1  6.44444E+13 0.00024 
   61   61    1    1    1    1    1    1    1    1  5.04845E+13 0.00020 
   62   62    1    1    1    1    1    1    1    1  5.01041E+13 0.00018 
   63   63    1    1    1    1    1    1    1    1  5.18539E+13 0.00019 
   64   64    1    1    1    1    1    1    1    1  4.32565E+13 0.00018 
   65   65    1    1    1    1    1    1    1    1  3.39793E+13 0.00028 
   66   66    1    1    1    1    1    1    1    1  3.33507E+13 0.00022 
   67   67    1    1    1    1    1    1    1    1  2.38988E+13 0.00023 
   68   68    1    1    1    1    1    1    1    1  1.92551E+13 0.00032 
   69   69    1    1    1    1    1    1    1    1  1.71320E+13 0.00032 
   70   70    1    1    1    1    1    1    1    1  2.04545E+13 0.00035 
   71   71    1    1    1    1    1    1    1    1  1.72046E+13 0.00039 
   72   72    1    1    1    1    1    1    1    1  3.03574E+13 0.00043 
   73   73    1    1    1    1    1    1    1    1  2.11267E+13 0.00039 
   74   74    1    1    1    1    1    1    1    1  1.58194E+13 0.00046 
   75   75    1    1    1    1    1    1    1    1  1.28128E+13 0.00044 
   76   76    1    1    1    1    1    1    1    1  1.07334E+13 0.00042 
   77   77    1    1    1    1    1    1    1    1  1.25539E+13 0.00054 
   78   78    1    1    1    1    1    1    1    1  1.00175E+13 0.00045 
   79   79    1    1    1    1    1    1    1    1  8.03435E+12 0.00068 
   80   80    1    1    1    1    1    1    1    1  8.34740E+12 0.00075 
   81   81    1    1    1    1    1    1    1    1  6.19970E+12 0.00103 
   82   82    1    1    1    1    1    1    1    1  4.78182E+12 0.00083 
   83   83    1    1    1    1    1    1    1    1  3.67088E+12 0.00098 
   84   84    1    1    1    1    1    1    1    1  3.43554E+12 0.00094 
   85   85    1    1    1    1    1    1    1    1  2.47095E+12 0.00121 
   86   86    1    1    1    1    1    1    1    1  1.78533E+12 0.00148 
   87   87    1    1    1    1    1    1    1    1  1.67005E+12 0.00152 
   88   88    1    1    1    1    1    1    1    1  1.01930E+12 0.00171 
   89   89    1    1    1    1    1    1    1    1  6.83778E+11 0.00161 
   90   90    1    1    1    1    1    1    1    1  3.92638E+11 0.00309 
   91   91    1    1    1    1    1    1    1    1  4.93571E+11 0.00228 
   92   92    1    1    1    1    1    1    1    1  0.00000E+00 0.00000 
   93   93    1    1    1    1    1    1    1    1  0.00000E+00 0.00000 
   94   94    1    1    1    1    1    1    1    1  0.00000E+00 0.00000 
   95   95    1    1    1    1    1    1    1    1  0.00000E+00 0.00000 
   96   96    1    1    1    1    1    1    1    1  0.00000E+00 0.00000 
   97   97    1    1    1    1    1    1    1    1  0.00000E+00 0.00000 
   98   98    1    1    1    1    1    1    1    1  0.00000E+00 0.00000 
   99   99    1    1    1    1    1    1    1    1  0.00000E+00 0.00000 
  100  100    1    1    1    1    1    1    1    1  0.00000E+00 0.00000 
];


