
DETdpaspec = [
    1    1    1    1    1    1    1    1    1    1  0.00000E+00 0.00000 
    2    2    1    1    1    1    1    1    1    1  0.00000E+00 0.00000 
    3    3    1    1    1    1    1    1    1    1  0.00000E+00 0.00000 
    4    4    1    1    1    1    1    1    1    1  0.00000E+00 0.00000 
    5    5    1    1    1    1    1    1    1    1  0.00000E+00 0.00000 
    6    6    1    1    1    1    1    1    1    1  0.00000E+00 0.00000 
    7    7    1    1    1    1    1    1    1    1  0.00000E+00 0.00000 
    8    8    1    1    1    1    1    1    1    1  0.00000E+00 0.00000 
    9    9    1    1    1    1    1    1    1    1  0.00000E+00 0.00000 
   10   10    1    1    1    1    1    1    1    1  0.00000E+00 0.00000 
   11   11    1    1    1    1    1    1    1    1  0.00000E+00 0.00000 
   12   12    1    1    1    1    1    1    1    1  0.00000E+00 0.00000 
   13   13    1    1    1    1    1    1    1    1  0.00000E+00 0.00000 
   14   14    1    1    1    1    1    1    1    1  0.00000E+00 0.00000 
   15   15    1    1    1    1    1    1    1    1  0.00000E+00 0.00000 
   16   16    1    1    1    1    1    1    1    1  0.00000E+00 0.00000 
   17   17    1    1    1    1    1    1    1    1  0.00000E+00 0.00000 
   18   18    1    1    1    1    1    1    1    1  0.00000E+00 0.00000 
   19   19    1    1    1    1    1    1    1    1  1.74396E+09 0.06740 
   20   20    1    1    1    1    1    1    1    1  2.70108E+08 0.06696 
   21   21    1    1    1    1    1    1    1    1  9.27003E+08 0.03295 
   22   22    1    1    1    1    1    1    1    1  7.36524E+08 0.03263 
   23   23    1    1    1    1    1    1    1    1  1.72479E+09 0.03187 
   24   24    1    1    1    1    1    1    1    1  2.54700E+09 0.02458 
   25   25    1    1    1    1    1    1    1    1  3.98280E+09 0.02681 
   26   26    1    1    1    1    1    1    1    1  5.17666E+09 0.02497 
   27   27    1    1    1    1    1    1    1    1  8.44017E+09 0.02354 
   28   28    1    1    1    1    1    1    1    1  1.56676E+10 0.01786 
   29   29    1    1    1    1    1    1    1    1  3.31964E+10 0.01114 
   30   30    1    1    1    1    1    1    1    1  5.29170E+10 0.00845 
   31   31    1    1    1    1    1    1    1    1  1.56795E+11 0.00495 
   32   32    1    1    1    1    1    1    1    1  4.87653E+11 0.00337 
   33   33    1    1    1    1    1    1    1    1  9.12686E+11 0.00206 
   34   34    1    1    1    1    1    1    1    1  2.14357E+12 0.00096 
   35   35    1    1    1    1    1    1    1    1  2.96992E+12 0.00087 
   36   36    1    1    1    1    1    1    1    1  4.03567E+12 0.00058 
   37   37    1    1    1    1    1    1    1    1  2.79593E+12 0.00061 
   38   38    1    1    1    1    1    1    1    1  8.67351E+11 0.00077 
   39   39    1    1    1    1    1    1    1    1  4.80181E+12 0.00053 
   40   40    1    1    1    1    1    1    1    1  6.45641E+12 0.00049 
   41   41    1    1    1    1    1    1    1    1  1.10601E+13 0.00032 
   42   42    1    1    1    1    1    1    1    1  1.12890E+13 0.00042 
   43   43    1    1    1    1    1    1    1    1  2.37887E+13 0.00036 
   44   44    1    1    1    1    1    1    1    1  2.87403E+13 0.00036 
   45   45    1    1    1    1    1    1    1    1  4.13865E+13 0.00030 
   46   46    1    1    1    1    1    1    1    1  8.18711E+13 0.00031 
   47   47    1    1    1    1    1    1    1    1  3.87243E+13 0.00023 
   48   48    1    1    1    1    1    1    1    1  6.23540E+13 0.00024 
   49   49    1    1    1    1    1    1    1    1  8.70758E+13 0.00021 
   50   50    1    1    1    1    1    1    1    1  8.59626E+13 0.00024 
   51   51    1    1    1    1    1    1    1    1  1.33306E+14 0.00017 
   52   52    1    1    1    1    1    1    1    1  1.06737E+14 0.00018 
   53   53    1    1    1    1    1    1    1    1  1.25759E+14 0.00015 
   54   54    1    1    1    1    1    1    1    1  8.77508E+13 0.00014 
   55   55    1    1    1    1    1    1    1    1  1.06530E+14 0.00013 
   56   56    1    1    1    1    1    1    1    1  7.35234E+13 0.00016 
   57   57    1    1    1    1    1    1    1    1  1.00310E+13 0.00037 
   58   58    1    1    1    1    1    1    1    1  1.45980E+14 0.00016 
   59   59    1    1    1    1    1    1    1    1  6.44466E+13 0.00016 
   60   60    1    1    1    1    1    1    1    1  6.86853E+13 0.00018 
   61   61    1    1    1    1    1    1    1    1  5.31270E+13 0.00022 
   62   62    1    1    1    1    1    1    1    1  5.33745E+13 0.00014 
   63   63    1    1    1    1    1    1    1    1  5.54454E+13 0.00030 
   64   64    1    1    1    1    1    1    1    1  4.65291E+13 0.00025 
   65   65    1    1    1    1    1    1    1    1  3.69863E+13 0.00031 
   66   66    1    1    1    1    1    1    1    1  3.66458E+13 0.00031 
   67   67    1    1    1    1    1    1    1    1  2.65617E+13 0.00030 
   68   68    1    1    1    1    1    1    1    1  2.17060E+13 0.00037 
   69   69    1    1    1    1    1    1    1    1  1.94830E+13 0.00023 
   70   70    1    1    1    1    1    1    1    1  2.34411E+13 0.00028 
   71   71    1    1    1    1    1    1    1    1  1.99575E+13 0.00035 
   72   72    1    1    1    1    1    1    1    1  3.65861E+13 0.00036 
   73   73    1    1    1    1    1    1    1    1  2.59367E+13 0.00054 
   74   74    1    1    1    1    1    1    1    1  1.95304E+13 0.00054 
   75   75    1    1    1    1    1    1    1    1  1.56202E+13 0.00053 
   76   76    1    1    1    1    1    1    1    1  1.28902E+13 0.00062 
   77   77    1    1    1    1    1    1    1    1  1.48459E+13 0.00043 
   78   78    1    1    1    1    1    1    1    1  1.16677E+13 0.00058 
   79   79    1    1    1    1    1    1    1    1  9.24648E+12 0.00047 
   80   80    1    1    1    1    1    1    1    1  9.49598E+12 0.00056 
   81   81    1    1    1    1    1    1    1    1  7.03552E+12 0.00061 
   82   82    1    1    1    1    1    1    1    1  5.40701E+12 0.00083 
   83   83    1    1    1    1    1    1    1    1  4.15532E+12 0.00064 
   84   84    1    1    1    1    1    1    1    1  3.88365E+12 0.00093 
   85   85    1    1    1    1    1    1    1    1  2.79104E+12 0.00113 
   86   86    1    1    1    1    1    1    1    1  2.01176E+12 0.00135 
   87   87    1    1    1    1    1    1    1    1  1.88715E+12 0.00098 
   88   88    1    1    1    1    1    1    1    1  1.16398E+12 0.00173 
   89   89    1    1    1    1    1    1    1    1  7.90132E+11 0.00261 
   90   90    1    1    1    1    1    1    1    1  4.56310E+11 0.00202 
   91   91    1    1    1    1    1    1    1    1  5.83529E+11 0.00360 
   92   92    1    1    1    1    1    1    1    1  0.00000E+00 0.00000 
   93   93    1    1    1    1    1    1    1    1  0.00000E+00 0.00000 
   94   94    1    1    1    1    1    1    1    1  0.00000E+00 0.00000 
   95   95    1    1    1    1    1    1    1    1  0.00000E+00 0.00000 
   96   96    1    1    1    1    1    1    1    1  0.00000E+00 0.00000 
   97   97    1    1    1    1    1    1    1    1  0.00000E+00 0.00000 
   98   98    1    1    1    1    1    1    1    1  0.00000E+00 0.00000 
   99   99    1    1    1    1    1    1    1    1  0.00000E+00 0.00000 
  100  100    1    1    1    1    1    1    1    1  0.00000E+00 0.00000 
];


