
DETdpaspec = [
    1    1    1    1    1    1    1    1    1    1  0.00000E+00 0.00000 
    2    2    1    1    1    1    1    1    1    1  0.00000E+00 0.00000 
    3    3    1    1    1    1    1    1    1    1  0.00000E+00 0.00000 
    4    4    1    1    1    1    1    1    1    1  0.00000E+00 0.00000 
    5    5    1    1    1    1    1    1    1    1  0.00000E+00 0.00000 
    6    6    1    1    1    1    1    1    1    1  0.00000E+00 0.00000 
    7    7    1    1    1    1    1    1    1    1  0.00000E+00 0.00000 
    8    8    1    1    1    1    1    1    1    1  0.00000E+00 0.00000 
    9    9    1    1    1    1    1    1    1    1  0.00000E+00 0.00000 
   10   10    1    1    1    1    1    1    1    1  0.00000E+00 0.00000 
   11   11    1    1    1    1    1    1    1    1  0.00000E+00 0.00000 
   12   12    1    1    1    1    1    1    1    1  0.00000E+00 0.00000 
   13   13    1    1    1    1    1    1    1    1  0.00000E+00 0.00000 
   14   14    1    1    1    1    1    1    1    1  0.00000E+00 0.00000 
   15   15    1    1    1    1    1    1    1    1  0.00000E+00 0.00000 
   16   16    1    1    1    1    1    1    1    1  0.00000E+00 0.00000 
   17   17    1    1    1    1    1    1    1    1  0.00000E+00 0.00000 
   18   18    1    1    1    1    1    1    1    1  0.00000E+00 0.00000 
   19   19    1    1    1    1    1    1    1    1  9.15345E+08 0.15968 
   20   20    1    1    1    1    1    1    1    1  8.67384E+07 0.17472 
   21   21    1    1    1    1    1    1    1    1  3.67424E+08 0.10534 
   22   22    1    1    1    1    1    1    1    1  1.00153E+09 0.04484 
   23   23    1    1    1    1    1    1    1    1  4.47064E+09 0.03050 
   24   24    1    1    1    1    1    1    1    1  1.92807E+10 0.01080 
   25   25    1    1    1    1    1    1    1    1  5.64562E+10 0.00822 
   26   26    1    1    1    1    1    1    1    1  8.61113E+10 0.00736 
   27   27    1    1    1    1    1    1    1    1  1.70644E+11 0.00458 
   28   28    1    1    1    1    1    1    1    1  3.11647E+11 0.00355 
   29   29    1    1    1    1    1    1    1    1  5.50513E+11 0.00310 
   30   30    1    1    1    1    1    1    1    1  8.12985E+11 0.00206 
   31   31    1    1    1    1    1    1    1    1  1.47479E+12 0.00152 
   32   32    1    1    1    1    1    1    1    1  2.78928E+12 0.00119 
   33   33    1    1    1    1    1    1    1    1  3.87446E+12 0.00095 
   34   34    1    1    1    1    1    1    1    1  7.25812E+12 0.00081 
   35   35    1    1    1    1    1    1    1    1  8.56096E+12 0.00073 
   36   36    1    1    1    1    1    1    1    1  8.47969E+12 0.00050 
   37   37    1    1    1    1    1    1    1    1  4.97335E+12 0.00042 
   38   38    1    1    1    1    1    1    1    1  1.43904E+12 0.00043 
   39   39    1    1    1    1    1    1    1    1  8.17610E+12 0.00050 
   40   40    1    1    1    1    1    1    1    1  1.06436E+13 0.00046 
   41   41    1    1    1    1    1    1    1    1  1.77686E+13 0.00045 
   42   42    1    1    1    1    1    1    1    1  1.67215E+13 0.00023 
   43   43    1    1    1    1    1    1    1    1  3.51676E+13 0.00020 
   44   44    1    1    1    1    1    1    1    1  4.08667E+13 0.00018 
   45   45    1    1    1    1    1    1    1    1  5.64232E+13 0.00018 
   46   46    1    1    1    1    1    1    1    1  1.06527E+14 0.00016 
   47   47    1    1    1    1    1    1    1    1  4.64694E+13 0.00016 
   48   48    1    1    1    1    1    1    1    1  7.21863E+13 0.00012 
   49   49    1    1    1    1    1    1    1    1  9.68157E+13 0.00013 
   50   50    1    1    1    1    1    1    1    1  9.18071E+13 0.00011 
   51   51    1    1    1    1    1    1    1    1  1.39613E+14 0.00014 
   52   52    1    1    1    1    1    1    1    1  1.04728E+14 0.00015 
   53   53    1    1    1    1    1    1    1    1  1.23585E+14 0.00017 
   54   54    1    1    1    1    1    1    1    1  8.28203E+13 0.00015 
   55   55    1    1    1    1    1    1    1    1  1.01283E+14 0.00013 
   56   56    1    1    1    1    1    1    1    1  6.81245E+13 0.00014 
   57   57    1    1    1    1    1    1    1    1  9.13030E+12 0.00036 
   58   58    1    1    1    1    1    1    1    1  1.31984E+14 0.00014 
   59   59    1    1    1    1    1    1    1    1  5.92433E+13 0.00019 
   60   60    1    1    1    1    1    1    1    1  6.13885E+13 0.00019 
   61   61    1    1    1    1    1    1    1    1  4.79662E+13 0.00026 
   62   62    1    1    1    1    1    1    1    1  4.74275E+13 0.00022 
   63   63    1    1    1    1    1    1    1    1  4.88699E+13 0.00023 
   64   64    1    1    1    1    1    1    1    1  4.05828E+13 0.00033 
   65   65    1    1    1    1    1    1    1    1  3.17514E+13 0.00038 
   66   66    1    1    1    1    1    1    1    1  3.10354E+13 0.00035 
   67   67    1    1    1    1    1    1    1    1  2.21400E+13 0.00035 
   68   68    1    1    1    1    1    1    1    1  1.77769E+13 0.00026 
   69   69    1    1    1    1    1    1    1    1  1.57793E+13 0.00041 
   70   70    1    1    1    1    1    1    1    1  1.87732E+13 0.00030 
   71   71    1    1    1    1    1    1    1    1  1.57288E+13 0.00045 
   72   72    1    1    1    1    1    1    1    1  2.75174E+13 0.00042 
   73   73    1    1    1    1    1    1    1    1  1.90189E+13 0.00037 
   74   74    1    1    1    1    1    1    1    1  1.41983E+13 0.00046 
   75   75    1    1    1    1    1    1    1    1  1.14836E+13 0.00040 
   76   76    1    1    1    1    1    1    1    1  9.61282E+12 0.00063 
   77   77    1    1    1    1    1    1    1    1  1.12098E+13 0.00044 
   78   78    1    1    1    1    1    1    1    1  8.93292E+12 0.00059 
   79   79    1    1    1    1    1    1    1    1  7.16483E+12 0.00058 
   80   80    1    1    1    1    1    1    1    1  7.41525E+12 0.00065 
   81   81    1    1    1    1    1    1    1    1  5.48227E+12 0.00064 
   82   82    1    1    1    1    1    1    1    1  4.21914E+12 0.00081 
   83   83    1    1    1    1    1    1    1    1  3.22677E+12 0.00085 
   84   84    1    1    1    1    1    1    1    1  3.01207E+12 0.00125 
   85   85    1    1    1    1    1    1    1    1  2.15725E+12 0.00104 
   86   86    1    1    1    1    1    1    1    1  1.54934E+12 0.00171 
   87   87    1    1    1    1    1    1    1    1  1.44185E+12 0.00141 
   88   88    1    1    1    1    1    1    1    1  8.74250E+11 0.00215 
   89   89    1    1    1    1    1    1    1    1  5.79051E+11 0.00197 
   90   90    1    1    1    1    1    1    1    1  3.31677E+11 0.00233 
   91   91    1    1    1    1    1    1    1    1  4.04532E+11 0.00250 
   92   92    1    1    1    1    1    1    1    1  0.00000E+00 0.00000 
   93   93    1    1    1    1    1    1    1    1  0.00000E+00 0.00000 
   94   94    1    1    1    1    1    1    1    1  0.00000E+00 0.00000 
   95   95    1    1    1    1    1    1    1    1  0.00000E+00 0.00000 
   96   96    1    1    1    1    1    1    1    1  0.00000E+00 0.00000 
   97   97    1    1    1    1    1    1    1    1  0.00000E+00 0.00000 
   98   98    1    1    1    1    1    1    1    1  0.00000E+00 0.00000 
   99   99    1    1    1    1    1    1    1    1  0.00000E+00 0.00000 
  100  100    1    1    1    1    1    1    1    1  0.00000E+00 0.00000 
];


