
DETdpaspec = [
    1    1    1    1    1    1    1    1    1    1  0.00000E+00 0.00000 
    2    2    1    1    1    1    1    1    1    1  0.00000E+00 0.00000 
    3    3    1    1    1    1    1    1    1    1  0.00000E+00 0.00000 
    4    4    1    1    1    1    1    1    1    1  0.00000E+00 0.00000 
    5    5    1    1    1    1    1    1    1    1  0.00000E+00 0.00000 
    6    6    1    1    1    1    1    1    1    1  0.00000E+00 0.00000 
    7    7    1    1    1    1    1    1    1    1  0.00000E+00 0.00000 
    8    8    1    1    1    1    1    1    1    1  0.00000E+00 0.00000 
    9    9    1    1    1    1    1    1    1    1  0.00000E+00 0.00000 
   10   10    1    1    1    1    1    1    1    1  0.00000E+00 0.00000 
   11   11    1    1    1    1    1    1    1    1  0.00000E+00 0.00000 
   12   12    1    1    1    1    1    1    1    1  0.00000E+00 0.00000 
   13   13    1    1    1    1    1    1    1    1  0.00000E+00 0.00000 
   14   14    1    1    1    1    1    1    1    1  0.00000E+00 0.00000 
   15   15    1    1    1    1    1    1    1    1  0.00000E+00 0.00000 
   16   16    1    1    1    1    1    1    1    1  0.00000E+00 0.00000 
   17   17    1    1    1    1    1    1    1    1  0.00000E+00 0.00000 
   18   18    1    1    1    1    1    1    1    1  0.00000E+00 0.00000 
   19   19    1    1    1    1    1    1    1    1  1.51595E+09 0.06083 
   20   20    1    1    1    1    1    1    1    1  2.34142E+08 0.07757 
   21   21    1    1    1    1    1    1    1    1  9.01672E+08 0.04962 
   22   22    1    1    1    1    1    1    1    1  7.33526E+08 0.06037 
   23   23    1    1    1    1    1    1    1    1  1.63452E+09 0.04406 
   24   24    1    1    1    1    1    1    1    1  2.39567E+09 0.03200 
   25   25    1    1    1    1    1    1    1    1  3.83707E+09 0.02552 
   26   26    1    1    1    1    1    1    1    1  4.80723E+09 0.02926 
   27   27    1    1    1    1    1    1    1    1  8.04724E+09 0.02144 
   28   28    1    1    1    1    1    1    1    1  1.49526E+10 0.01333 
   29   29    1    1    1    1    1    1    1    1  3.36234E+10 0.00847 
   30   30    1    1    1    1    1    1    1    1  5.49583E+10 0.00546 
   31   31    1    1    1    1    1    1    1    1  1.59895E+11 0.00376 
   32   32    1    1    1    1    1    1    1    1  4.96900E+11 0.00379 
   33   33    1    1    1    1    1    1    1    1  9.24518E+11 0.00165 
   34   34    1    1    1    1    1    1    1    1  2.17871E+12 0.00093 
   35   35    1    1    1    1    1    1    1    1  3.03332E+12 0.00058 
   36   36    1    1    1    1    1    1    1    1  4.04086E+12 0.00076 
   37   37    1    1    1    1    1    1    1    1  2.77949E+12 0.00048 
   38   38    1    1    1    1    1    1    1    1  8.56236E+11 0.00053 
   39   39    1    1    1    1    1    1    1    1  4.77200E+12 0.00058 
   40   40    1    1    1    1    1    1    1    1  6.42664E+12 0.00053 
   41   41    1    1    1    1    1    1    1    1  1.10406E+13 0.00048 
   42   42    1    1    1    1    1    1    1    1  1.12025E+13 0.00045 
   43   43    1    1    1    1    1    1    1    1  2.37274E+13 0.00039 
   44   44    1    1    1    1    1    1    1    1  2.87000E+13 0.00037 
   45   45    1    1    1    1    1    1    1    1  4.13723E+13 0.00040 
   46   46    1    1    1    1    1    1    1    1  8.21075E+13 0.00030 
   47   47    1    1    1    1    1    1    1    1  3.87106E+13 0.00021 
   48   48    1    1    1    1    1    1    1    1  6.22053E+13 0.00024 
   49   49    1    1    1    1    1    1    1    1  8.68841E+13 0.00019 
   50   50    1    1    1    1    1    1    1    1  8.56249E+13 0.00022 
   51   51    1    1    1    1    1    1    1    1  1.33158E+14 0.00016 
   52   52    1    1    1    1    1    1    1    1  1.06222E+14 0.00012 
   53   53    1    1    1    1    1    1    1    1  1.25611E+14 0.00015 
   54   54    1    1    1    1    1    1    1    1  8.74983E+13 0.00016 
   55   55    1    1    1    1    1    1    1    1  1.06639E+14 0.00016 
   56   56    1    1    1    1    1    1    1    1  7.35031E+13 0.00015 
   57   57    1    1    1    1    1    1    1    1  1.00087E+13 0.00038 
   58   58    1    1    1    1    1    1    1    1  1.45866E+14 0.00016 
   59   59    1    1    1    1    1    1    1    1  6.46694E+13 0.00019 
   60   60    1    1    1    1    1    1    1    1  6.87937E+13 0.00021 
   61   61    1    1    1    1    1    1    1    1  5.33754E+13 0.00023 
   62   62    1    1    1    1    1    1    1    1  5.35576E+13 0.00025 
   63   63    1    1    1    1    1    1    1    1  5.56418E+13 0.00021 
   64   64    1    1    1    1    1    1    1    1  4.67350E+13 0.00027 
   65   65    1    1    1    1    1    1    1    1  3.71398E+13 0.00025 
   66   66    1    1    1    1    1    1    1    1  3.67864E+13 0.00035 
   67   67    1    1    1    1    1    1    1    1  2.66473E+13 0.00033 
   68   68    1    1    1    1    1    1    1    1  2.17469E+13 0.00036 
   69   69    1    1    1    1    1    1    1    1  1.95087E+13 0.00035 
   70   70    1    1    1    1    1    1    1    1  2.34414E+13 0.00037 
   71   71    1    1    1    1    1    1    1    1  1.99637E+13 0.00053 
   72   72    1    1    1    1    1    1    1    1  3.64045E+13 0.00023 
   73   73    1    1    1    1    1    1    1    1  2.58128E+13 0.00037 
   74   74    1    1    1    1    1    1    1    1  1.94336E+13 0.00054 
   75   75    1    1    1    1    1    1    1    1  1.55741E+13 0.00053 
   76   76    1    1    1    1    1    1    1    1  1.28877E+13 0.00046 
   77   77    1    1    1    1    1    1    1    1  1.48816E+13 0.00040 
   78   78    1    1    1    1    1    1    1    1  1.17239E+13 0.00052 
   79   79    1    1    1    1    1    1    1    1  9.31769E+12 0.00056 
   80   80    1    1    1    1    1    1    1    1  9.59294E+12 0.00058 
   81   81    1    1    1    1    1    1    1    1  7.09940E+12 0.00087 
   82   82    1    1    1    1    1    1    1    1  5.47122E+12 0.00049 
   83   83    1    1    1    1    1    1    1    1  4.19859E+12 0.00075 
   84   84    1    1    1    1    1    1    1    1  3.93158E+12 0.00067 
   85   85    1    1    1    1    1    1    1    1  2.82751E+12 0.00089 
   86   86    1    1    1    1    1    1    1    1  2.03466E+12 0.00142 
   87   87    1    1    1    1    1    1    1    1  1.90693E+12 0.00100 
   88   88    1    1    1    1    1    1    1    1  1.17447E+12 0.00164 
   89   89    1    1    1    1    1    1    1    1  7.93867E+11 0.00218 
   90   90    1    1    1    1    1    1    1    1  4.61165E+11 0.00279 
   91   91    1    1    1    1    1    1    1    1  5.88513E+11 0.00253 
   92   92    1    1    1    1    1    1    1    1  0.00000E+00 0.00000 
   93   93    1    1    1    1    1    1    1    1  0.00000E+00 0.00000 
   94   94    1    1    1    1    1    1    1    1  0.00000E+00 0.00000 
   95   95    1    1    1    1    1    1    1    1  0.00000E+00 0.00000 
   96   96    1    1    1    1    1    1    1    1  0.00000E+00 0.00000 
   97   97    1    1    1    1    1    1    1    1  0.00000E+00 0.00000 
   98   98    1    1    1    1    1    1    1    1  0.00000E+00 0.00000 
   99   99    1    1    1    1    1    1    1    1  0.00000E+00 0.00000 
  100  100    1    1    1    1    1    1    1    1  0.00000E+00 0.00000 
];


