
DETdpaspec = [
    1    1    1    1    1    1    1    1    1    1  0.00000E+00 0.00000 
    2    2    1    1    1    1    1    1    1    1  0.00000E+00 0.00000 
    3    3    1    1    1    1    1    1    1    1  0.00000E+00 0.00000 
    4    4    1    1    1    1    1    1    1    1  0.00000E+00 0.00000 
    5    5    1    1    1    1    1    1    1    1  0.00000E+00 0.00000 
    6    6    1    1    1    1    1    1    1    1  0.00000E+00 0.00000 
    7    7    1    1    1    1    1    1    1    1  0.00000E+00 0.00000 
    8    8    1    1    1    1    1    1    1    1  0.00000E+00 0.00000 
    9    9    1    1    1    1    1    1    1    1  0.00000E+00 0.00000 
   10   10    1    1    1    1    1    1    1    1  0.00000E+00 0.00000 
   11   11    1    1    1    1    1    1    1    1  0.00000E+00 0.00000 
   12   12    1    1    1    1    1    1    1    1  0.00000E+00 0.00000 
   13   13    1    1    1    1    1    1    1    1  0.00000E+00 0.00000 
   14   14    1    1    1    1    1    1    1    1  0.00000E+00 0.00000 
   15   15    1    1    1    1    1    1    1    1  0.00000E+00 0.00000 
   16   16    1    1    1    1    1    1    1    1  0.00000E+00 0.00000 
   17   17    1    1    1    1    1    1    1    1  0.00000E+00 0.00000 
   18   18    1    1    1    1    1    1    1    1  0.00000E+00 0.00000 
   19   19    1    1    1    1    1    1    1    1  1.26817E+09 0.04919 
   20   20    1    1    1    1    1    1    1    1  1.90248E+08 0.07091 
   21   21    1    1    1    1    1    1    1    1  6.02732E+08 0.08474 
   22   22    1    1    1    1    1    1    1    1  4.86158E+08 0.06871 
   23   23    1    1    1    1    1    1    1    1  1.05420E+09 0.05475 
   24   24    1    1    1    1    1    1    1    1  1.84981E+09 0.03962 
   25   25    1    1    1    1    1    1    1    1  3.27049E+09 0.02790 
   26   26    1    1    1    1    1    1    1    1  4.70793E+09 0.02522 
   27   27    1    1    1    1    1    1    1    1  9.04762E+09 0.01946 
   28   28    1    1    1    1    1    1    1    1  1.97781E+10 0.01132 
   29   29    1    1    1    1    1    1    1    1  5.02513E+10 0.00766 
   30   30    1    1    1    1    1    1    1    1  9.14867E+10 0.00589 
   31   31    1    1    1    1    1    1    1    1  2.36198E+11 0.00513 
   32   32    1    1    1    1    1    1    1    1  6.86222E+11 0.00251 
   33   33    1    1    1    1    1    1    1    1  1.20545E+12 0.00171 
   34   34    1    1    1    1    1    1    1    1  2.79333E+12 0.00150 
   35   35    1    1    1    1    1    1    1    1  3.85879E+12 0.00107 
   36   36    1    1    1    1    1    1    1    1  4.63714E+12 0.00087 
   37   37    1    1    1    1    1    1    1    1  3.03463E+12 0.00077 
   38   38    1    1    1    1    1    1    1    1  9.10859E+11 0.00074 
   39   39    1    1    1    1    1    1    1    1  5.16147E+12 0.00072 
   40   40    1    1    1    1    1    1    1    1  6.92843E+12 0.00065 
   41   41    1    1    1    1    1    1    1    1  1.19260E+13 0.00047 
   42   42    1    1    1    1    1    1    1    1  1.17906E+13 0.00038 
   43   43    1    1    1    1    1    1    1    1  2.52501E+13 0.00036 
   44   44    1    1    1    1    1    1    1    1  3.04106E+13 0.00033 
   45   45    1    1    1    1    1    1    1    1  4.35578E+13 0.00033 
   46   46    1    1    1    1    1    1    1    1  8.65004E+13 0.00027 
   47   47    1    1    1    1    1    1    1    1  3.99250E+13 0.00019 
   48   48    1    1    1    1    1    1    1    1  6.35079E+13 0.00019 
   49   49    1    1    1    1    1    1    1    1  8.81161E+13 0.00022 
   50   50    1    1    1    1    1    1    1    1  8.59924E+13 0.00018 
   51   51    1    1    1    1    1    1    1    1  1.34129E+14 0.00016 
   52   52    1    1    1    1    1    1    1    1  1.04864E+14 0.00020 
   53   53    1    1    1    1    1    1    1    1  1.25168E+14 0.00014 
   54   54    1    1    1    1    1    1    1    1  8.62771E+13 0.00018 
   55   55    1    1    1    1    1    1    1    1  1.06246E+14 0.00014 
   56   56    1    1    1    1    1    1    1    1  7.27000E+13 0.00019 
   57   57    1    1    1    1    1    1    1    1  9.84169E+12 0.00034 
   58   58    1    1    1    1    1    1    1    1  1.43583E+14 0.00013 
   59   59    1    1    1    1    1    1    1    1  6.45764E+13 0.00022 
   60   60    1    1    1    1    1    1    1    1  6.80350E+13 0.00015 
   61   61    1    1    1    1    1    1    1    1  5.32670E+13 0.00022 
   62   62    1    1    1    1    1    1    1    1  5.31688E+13 0.00025 
   63   63    1    1    1    1    1    1    1    1  5.53005E+13 0.00027 
   64   64    1    1    1    1    1    1    1    1  4.63933E+13 0.00024 
   65   65    1    1    1    1    1    1    1    1  3.66936E+13 0.00033 
   66   66    1    1    1    1    1    1    1    1  3.62412E+13 0.00025 
   67   67    1    1    1    1    1    1    1    1  2.61333E+13 0.00032 
   68   68    1    1    1    1    1    1    1    1  2.11753E+13 0.00037 
   69   69    1    1    1    1    1    1    1    1  1.89336E+13 0.00041 
   70   70    1    1    1    1    1    1    1    1  2.27030E+13 0.00043 
   71   71    1    1    1    1    1    1    1    1  1.92402E+13 0.00051 
   72   72    1    1    1    1    1    1    1    1  3.45238E+13 0.00050 
   73   73    1    1    1    1    1    1    1    1  2.42588E+13 0.00034 
   74   74    1    1    1    1    1    1    1    1  1.82566E+13 0.00041 
   75   75    1    1    1    1    1    1    1    1  1.47502E+13 0.00050 
   76   76    1    1    1    1    1    1    1    1  1.23250E+13 0.00042 
   77   77    1    1    1    1    1    1    1    1  1.43471E+13 0.00041 
   78   78    1    1    1    1    1    1    1    1  1.14138E+13 0.00055 
   79   79    1    1    1    1    1    1    1    1  9.12977E+12 0.00059 
   80   80    1    1    1    1    1    1    1    1  9.45839E+12 0.00064 
   81   81    1    1    1    1    1    1    1    1  7.02488E+12 0.00058 
   82   82    1    1    1    1    1    1    1    1  5.42234E+12 0.00077 
   83   83    1    1    1    1    1    1    1    1  4.16875E+12 0.00064 
   84   84    1    1    1    1    1    1    1    1  3.89891E+12 0.00116 
   85   85    1    1    1    1    1    1    1    1  2.80826E+12 0.00110 
   86   86    1    1    1    1    1    1    1    1  2.03363E+12 0.00146 
   87   87    1    1    1    1    1    1    1    1  1.90213E+12 0.00183 
   88   88    1    1    1    1    1    1    1    1  1.17399E+12 0.00154 
   89   89    1    1    1    1    1    1    1    1  7.86564E+11 0.00140 
   90   90    1    1    1    1    1    1    1    1  4.55788E+11 0.00263 
   91   91    1    1    1    1    1    1    1    1  5.77451E+11 0.00216 
   92   92    1    1    1    1    1    1    1    1  0.00000E+00 0.00000 
   93   93    1    1    1    1    1    1    1    1  0.00000E+00 0.00000 
   94   94    1    1    1    1    1    1    1    1  0.00000E+00 0.00000 
   95   95    1    1    1    1    1    1    1    1  0.00000E+00 0.00000 
   96   96    1    1    1    1    1    1    1    1  0.00000E+00 0.00000 
   97   97    1    1    1    1    1    1    1    1  0.00000E+00 0.00000 
   98   98    1    1    1    1    1    1    1    1  0.00000E+00 0.00000 
   99   99    1    1    1    1    1    1    1    1  0.00000E+00 0.00000 
  100  100    1    1    1    1    1    1    1    1  0.00000E+00 0.00000 
];


