
DETdpaspec = [
    1    1    1    1    1    1    1    1    1    1  0.00000E+00 0.00000 
    2    2    1    1    1    1    1    1    1    1  0.00000E+00 0.00000 
    3    3    1    1    1    1    1    1    1    1  0.00000E+00 0.00000 
    4    4    1    1    1    1    1    1    1    1  0.00000E+00 0.00000 
    5    5    1    1    1    1    1    1    1    1  0.00000E+00 0.00000 
    6    6    1    1    1    1    1    1    1    1  0.00000E+00 0.00000 
    7    7    1    1    1    1    1    1    1    1  0.00000E+00 0.00000 
    8    8    1    1    1    1    1    1    1    1  0.00000E+00 0.00000 
    9    9    1    1    1    1    1    1    1    1  0.00000E+00 0.00000 
   10   10    1    1    1    1    1    1    1    1  0.00000E+00 0.00000 
   11   11    1    1    1    1    1    1    1    1  0.00000E+00 0.00000 
   12   12    1    1    1    1    1    1    1    1  0.00000E+00 0.00000 
   13   13    1    1    1    1    1    1    1    1  0.00000E+00 0.00000 
   14   14    1    1    1    1    1    1    1    1  0.00000E+00 0.00000 
   15   15    1    1    1    1    1    1    1    1  0.00000E+00 0.00000 
   16   16    1    1    1    1    1    1    1    1  0.00000E+00 0.00000 
   17   17    1    1    1    1    1    1    1    1  0.00000E+00 0.00000 
   18   18    1    1    1    1    1    1    1    1  0.00000E+00 0.00000 
   19   19    1    1    1    1    1    1    1    1  1.42699E+09 0.09474 
   20   20    1    1    1    1    1    1    1    1  2.42012E+08 0.07984 
   21   21    1    1    1    1    1    1    1    1  8.28222E+08 0.05453 
   22   22    1    1    1    1    1    1    1    1  6.48386E+08 0.04780 
   23   23    1    1    1    1    1    1    1    1  1.45724E+09 0.03898 
   24   24    1    1    1    1    1    1    1    1  2.22195E+09 0.02897 
   25   25    1    1    1    1    1    1    1    1  3.71133E+09 0.02148 
   26   26    1    1    1    1    1    1    1    1  4.77498E+09 0.02105 
   27   27    1    1    1    1    1    1    1    1  7.68702E+09 0.01986 
   28   28    1    1    1    1    1    1    1    1  1.48059E+10 0.01474 
   29   29    1    1    1    1    1    1    1    1  3.34079E+10 0.00880 
   30   30    1    1    1    1    1    1    1    1  5.54493E+10 0.00604 
   31   31    1    1    1    1    1    1    1    1  1.60830E+11 0.00417 
   32   32    1    1    1    1    1    1    1    1  4.99897E+11 0.00275 
   33   33    1    1    1    1    1    1    1    1  9.25295E+11 0.00262 
   34   34    1    1    1    1    1    1    1    1  2.19593E+12 0.00154 
   35   35    1    1    1    1    1    1    1    1  3.06081E+12 0.00116 
   36   36    1    1    1    1    1    1    1    1  4.05318E+12 0.00065 
   37   37    1    1    1    1    1    1    1    1  2.77760E+12 0.00062 
   38   38    1    1    1    1    1    1    1    1  8.54450E+11 0.00069 
   39   39    1    1    1    1    1    1    1    1  4.77031E+12 0.00056 
   40   40    1    1    1    1    1    1    1    1  6.42758E+12 0.00056 
   41   41    1    1    1    1    1    1    1    1  1.10471E+13 0.00040 
   42   42    1    1    1    1    1    1    1    1  1.11889E+13 0.00034 
   43   43    1    1    1    1    1    1    1    1  2.37389E+13 0.00036 
   44   44    1    1    1    1    1    1    1    1  2.87236E+13 0.00026 
   45   45    1    1    1    1    1    1    1    1  4.13853E+13 0.00032 
   46   46    1    1    1    1    1    1    1    1  8.22289E+13 0.00020 
   47   47    1    1    1    1    1    1    1    1  3.87084E+13 0.00022 
   48   48    1    1    1    1    1    1    1    1  6.21903E+13 0.00024 
   49   49    1    1    1    1    1    1    1    1  8.68468E+13 0.00026 
   50   50    1    1    1    1    1    1    1    1  8.55487E+13 0.00015 
   51   51    1    1    1    1    1    1    1    1  1.33112E+14 0.00015 
   52   52    1    1    1    1    1    1    1    1  1.06051E+14 0.00017 
   53   53    1    1    1    1    1    1    1    1  1.25588E+14 0.00015 
   54   54    1    1    1    1    1    1    1    1  8.74071E+13 0.00015 
   55   55    1    1    1    1    1    1    1    1  1.06646E+14 0.00018 
   56   56    1    1    1    1    1    1    1    1  7.35007E+13 0.00015 
   57   57    1    1    1    1    1    1    1    1  1.00045E+13 0.00034 
   58   58    1    1    1    1    1    1    1    1  1.45830E+14 0.00013 
   59   59    1    1    1    1    1    1    1    1  6.47448E+13 0.00019 
   60   60    1    1    1    1    1    1    1    1  6.88408E+13 0.00017 
   61   61    1    1    1    1    1    1    1    1  5.34404E+13 0.00022 
   62   62    1    1    1    1    1    1    1    1  5.36072E+13 0.00022 
   63   63    1    1    1    1    1    1    1    1  5.57220E+13 0.00020 
   64   64    1    1    1    1    1    1    1    1  4.67943E+13 0.00022 
   65   65    1    1    1    1    1    1    1    1  3.71641E+13 0.00029 
   66   66    1    1    1    1    1    1    1    1  3.68009E+13 0.00039 
   67   67    1    1    1    1    1    1    1    1  2.66510E+13 0.00023 
   68   68    1    1    1    1    1    1    1    1  2.17361E+13 0.00033 
   69   69    1    1    1    1    1    1    1    1  1.94947E+13 0.00031 
   70   70    1    1    1    1    1    1    1    1  2.34227E+13 0.00039 
   71   71    1    1    1    1    1    1    1    1  1.99434E+13 0.00038 
   72   72    1    1    1    1    1    1    1    1  3.63473E+13 0.00027 
   73   73    1    1    1    1    1    1    1    1  2.57288E+13 0.00042 
   74   74    1    1    1    1    1    1    1    1  1.93834E+13 0.00054 
   75   75    1    1    1    1    1    1    1    1  1.55443E+13 0.00038 
   76   76    1    1    1    1    1    1    1    1  1.28695E+13 0.00052 
   77   77    1    1    1    1    1    1    1    1  1.48736E+13 0.00046 
   78   78    1    1    1    1    1    1    1    1  1.17402E+13 0.00055 
   79   79    1    1    1    1    1    1    1    1  9.32683E+12 0.00069 
   80   80    1    1    1    1    1    1    1    1  9.61855E+12 0.00084 
   81   81    1    1    1    1    1    1    1    1  7.12196E+12 0.00061 
   82   82    1    1    1    1    1    1    1    1  5.48615E+12 0.00091 
   83   83    1    1    1    1    1    1    1    1  4.21367E+12 0.00070 
   84   84    1    1    1    1    1    1    1    1  3.94707E+12 0.00082 
   85   85    1    1    1    1    1    1    1    1  2.84373E+12 0.00118 
   86   86    1    1    1    1    1    1    1    1  2.04484E+12 0.00155 
   87   87    1    1    1    1    1    1    1    1  1.91461E+12 0.00127 
   88   88    1    1    1    1    1    1    1    1  1.18276E+12 0.00209 
   89   89    1    1    1    1    1    1    1    1  8.01438E+11 0.00229 
   90   90    1    1    1    1    1    1    1    1  4.61941E+11 0.00275 
   91   91    1    1    1    1    1    1    1    1  5.88336E+11 0.00214 
   92   92    1    1    1    1    1    1    1    1  0.00000E+00 0.00000 
   93   93    1    1    1    1    1    1    1    1  0.00000E+00 0.00000 
   94   94    1    1    1    1    1    1    1    1  0.00000E+00 0.00000 
   95   95    1    1    1    1    1    1    1    1  0.00000E+00 0.00000 
   96   96    1    1    1    1    1    1    1    1  0.00000E+00 0.00000 
   97   97    1    1    1    1    1    1    1    1  0.00000E+00 0.00000 
   98   98    1    1    1    1    1    1    1    1  0.00000E+00 0.00000 
   99   99    1    1    1    1    1    1    1    1  0.00000E+00 0.00000 
  100  100    1    1    1    1    1    1    1    1  0.00000E+00 0.00000 
];


