
DETdpaspec = [
    1    1    1    1    1    1    1    1    1    1  0.00000E+00 0.00000 
    2    2    1    1    1    1    1    1    1    1  0.00000E+00 0.00000 
    3    3    1    1    1    1    1    1    1    1  0.00000E+00 0.00000 
    4    4    1    1    1    1    1    1    1    1  0.00000E+00 0.00000 
    5    5    1    1    1    1    1    1    1    1  0.00000E+00 0.00000 
    6    6    1    1    1    1    1    1    1    1  0.00000E+00 0.00000 
    7    7    1    1    1    1    1    1    1    1  0.00000E+00 0.00000 
    8    8    1    1    1    1    1    1    1    1  0.00000E+00 0.00000 
    9    9    1    1    1    1    1    1    1    1  0.00000E+00 0.00000 
   10   10    1    1    1    1    1    1    1    1  0.00000E+00 0.00000 
   11   11    1    1    1    1    1    1    1    1  0.00000E+00 0.00000 
   12   12    1    1    1    1    1    1    1    1  0.00000E+00 0.00000 
   13   13    1    1    1    1    1    1    1    1  0.00000E+00 0.00000 
   14   14    1    1    1    1    1    1    1    1  0.00000E+00 0.00000 
   15   15    1    1    1    1    1    1    1    1  0.00000E+00 0.00000 
   16   16    1    1    1    1    1    1    1    1  0.00000E+00 0.00000 
   17   17    1    1    1    1    1    1    1    1  0.00000E+00 0.00000 
   18   18    1    1    1    1    1    1    1    1  0.00000E+00 0.00000 
   19   19    1    1    1    1    1    1    1    1  2.05240E+09 0.06175 
   20   20    1    1    1    1    1    1    1    1  3.14951E+08 0.09067 
   21   21    1    1    1    1    1    1    1    1  1.11683E+09 0.04967 
   22   22    1    1    1    1    1    1    1    1  8.09594E+08 0.04148 
   23   23    1    1    1    1    1    1    1    1  2.13900E+09 0.02636 
   24   24    1    1    1    1    1    1    1    1  3.23010E+09 0.02874 
   25   25    1    1    1    1    1    1    1    1  4.89584E+09 0.02408 
   26   26    1    1    1    1    1    1    1    1  6.25391E+09 0.02082 
   27   27    1    1    1    1    1    1    1    1  9.99816E+09 0.01393 
   28   28    1    1    1    1    1    1    1    1  1.79423E+10 0.01281 
   29   29    1    1    1    1    1    1    1    1  3.48934E+10 0.00880 
   30   30    1    1    1    1    1    1    1    1  5.33637E+10 0.00752 
   31   31    1    1    1    1    1    1    1    1  1.60818E+11 0.00591 
   32   32    1    1    1    1    1    1    1    1  4.99037E+11 0.00273 
   33   33    1    1    1    1    1    1    1    1  9.34476E+11 0.00173 
   34   34    1    1    1    1    1    1    1    1  2.15989E+12 0.00114 
   35   35    1    1    1    1    1    1    1    1  2.94880E+12 0.00099 
   36   36    1    1    1    1    1    1    1    1  4.11317E+12 0.00061 
   37   37    1    1    1    1    1    1    1    1  2.88256E+12 0.00061 
   38   38    1    1    1    1    1    1    1    1  9.02451E+11 0.00066 
   39   39    1    1    1    1    1    1    1    1  4.94163E+12 0.00063 
   40   40    1    1    1    1    1    1    1    1  6.63198E+12 0.00059 
   41   41    1    1    1    1    1    1    1    1  1.12762E+13 0.00039 
   42   42    1    1    1    1    1    1    1    1  1.15863E+13 0.00041 
   43   43    1    1    1    1    1    1    1    1  2.41738E+13 0.00040 
   44   44    1    1    1    1    1    1    1    1  2.91077E+13 0.00035 
   45   45    1    1    1    1    1    1    1    1  4.17896E+13 0.00035 
   46   46    1    1    1    1    1    1    1    1  8.20289E+13 0.00029 
   47   47    1    1    1    1    1    1    1    1  3.89588E+13 0.00030 
   48   48    1    1    1    1    1    1    1    1  6.28224E+13 0.00022 
   49   49    1    1    1    1    1    1    1    1  8.76610E+13 0.00017 
   50   50    1    1    1    1    1    1    1    1  8.66308E+13 0.00019 
   51   51    1    1    1    1    1    1    1    1  1.33709E+14 0.00020 
   52   52    1    1    1    1    1    1    1    1  1.07691E+14 0.00020 
   53   53    1    1    1    1    1    1    1    1  1.25941E+14 0.00016 
   54   54    1    1    1    1    1    1    1    1  8.81264E+13 0.00015 
   55   55    1    1    1    1    1    1    1    1  1.06239E+14 0.00016 
   56   56    1    1    1    1    1    1    1    1  7.35143E+13 0.00020 
   57   57    1    1    1    1    1    1    1    1  1.00535E+13 0.00030 
   58   58    1    1    1    1    1    1    1    1  1.46049E+14 0.00017 
   59   59    1    1    1    1    1    1    1    1  6.39015E+13 0.00016 
   60   60    1    1    1    1    1    1    1    1  6.83506E+13 0.00019 
   61   61    1    1    1    1    1    1    1    1  5.25655E+13 0.00014 
   62   62    1    1    1    1    1    1    1    1  5.28913E+13 0.00027 
   63   63    1    1    1    1    1    1    1    1  5.48361E+13 0.00032 
   64   64    1    1    1    1    1    1    1    1  4.59811E+13 0.00024 
   65   65    1    1    1    1    1    1    1    1  3.65976E+13 0.00026 
   66   66    1    1    1    1    1    1    1    1  3.62735E+13 0.00033 
   67   67    1    1    1    1    1    1    1    1  2.63205E+13 0.00029 
   68   68    1    1    1    1    1    1    1    1  2.15478E+13 0.00028 
   69   69    1    1    1    1    1    1    1    1  1.93732E+13 0.00038 
   70   70    1    1    1    1    1    1    1    1  2.32709E+13 0.00043 
   71   71    1    1    1    1    1    1    1    1  1.98733E+13 0.00042 
   72   72    1    1    1    1    1    1    1    1  3.66457E+13 0.00043 
   73   73    1    1    1    1    1    1    1    1  2.60492E+13 0.00032 
   74   74    1    1    1    1    1    1    1    1  1.95987E+13 0.00038 
   75   75    1    1    1    1    1    1    1    1  1.56104E+13 0.00054 
   76   76    1    1    1    1    1    1    1    1  1.28148E+13 0.00054 
   77   77    1    1    1    1    1    1    1    1  1.46879E+13 0.00051 
   78   78    1    1    1    1    1    1    1    1  1.14796E+13 0.00059 
   79   79    1    1    1    1    1    1    1    1  9.04927E+12 0.00074 
   80   80    1    1    1    1    1    1    1    1  9.26991E+12 0.00045 
   81   81    1    1    1    1    1    1    1    1  6.85878E+12 0.00075 
   82   82    1    1    1    1    1    1    1    1  5.26487E+12 0.00088 
   83   83    1    1    1    1    1    1    1    1  4.03677E+12 0.00100 
   84   84    1    1    1    1    1    1    1    1  3.77083E+12 0.00077 
   85   85    1    1    1    1    1    1    1    1  2.71267E+12 0.00109 
   86   86    1    1    1    1    1    1    1    1  1.95599E+12 0.00125 
   87   87    1    1    1    1    1    1    1    1  1.82908E+12 0.00125 
   88   88    1    1    1    1    1    1    1    1  1.13172E+12 0.00132 
   89   89    1    1    1    1    1    1    1    1  7.66617E+11 0.00229 
   90   90    1    1    1    1    1    1    1    1  4.44997E+11 0.00218 
   91   91    1    1    1    1    1    1    1    1  5.67727E+11 0.00278 
   92   92    1    1    1    1    1    1    1    1  0.00000E+00 0.00000 
   93   93    1    1    1    1    1    1    1    1  0.00000E+00 0.00000 
   94   94    1    1    1    1    1    1    1    1  0.00000E+00 0.00000 
   95   95    1    1    1    1    1    1    1    1  0.00000E+00 0.00000 
   96   96    1    1    1    1    1    1    1    1  0.00000E+00 0.00000 
   97   97    1    1    1    1    1    1    1    1  0.00000E+00 0.00000 
   98   98    1    1    1    1    1    1    1    1  0.00000E+00 0.00000 
   99   99    1    1    1    1    1    1    1    1  0.00000E+00 0.00000 
  100  100    1    1    1    1    1    1    1    1  0.00000E+00 0.00000 
];


