
DETdpaspec = [
    1    1    1    1    1    1    1    1    1    1  0.00000E+00 0.00000 
    2    2    1    1    1    1    1    1    1    1  0.00000E+00 0.00000 
    3    3    1    1    1    1    1    1    1    1  0.00000E+00 0.00000 
    4    4    1    1    1    1    1    1    1    1  0.00000E+00 0.00000 
    5    5    1    1    1    1    1    1    1    1  0.00000E+00 0.00000 
    6    6    1    1    1    1    1    1    1    1  0.00000E+00 0.00000 
    7    7    1    1    1    1    1    1    1    1  0.00000E+00 0.00000 
    8    8    1    1    1    1    1    1    1    1  0.00000E+00 0.00000 
    9    9    1    1    1    1    1    1    1    1  0.00000E+00 0.00000 
   10   10    1    1    1    1    1    1    1    1  0.00000E+00 0.00000 
   11   11    1    1    1    1    1    1    1    1  0.00000E+00 0.00000 
   12   12    1    1    1    1    1    1    1    1  0.00000E+00 0.00000 
   13   13    1    1    1    1    1    1    1    1  0.00000E+00 0.00000 
   14   14    1    1    1    1    1    1    1    1  0.00000E+00 0.00000 
   15   15    1    1    1    1    1    1    1    1  0.00000E+00 0.00000 
   16   16    1    1    1    1    1    1    1    1  0.00000E+00 0.00000 
   17   17    1    1    1    1    1    1    1    1  0.00000E+00 0.00000 
   18   18    1    1    1    1    1    1    1    1  0.00000E+00 0.00000 
   19   19    1    1    1    1    1    1    1    1  1.24824E+09 0.08932 
   20   20    1    1    1    1    1    1    1    1  2.18634E+08 0.09769 
   21   21    1    1    1    1    1    1    1    1  6.87827E+08 0.06698 
   22   22    1    1    1    1    1    1    1    1  5.67124E+08 0.05060 
   23   23    1    1    1    1    1    1    1    1  1.19630E+09 0.03786 
   24   24    1    1    1    1    1    1    1    1  1.86183E+09 0.04156 
   25   25    1    1    1    1    1    1    1    1  3.37895E+09 0.02732 
   26   26    1    1    1    1    1    1    1    1  4.55927E+09 0.01855 
   27   27    1    1    1    1    1    1    1    1  7.96658E+09 0.01746 
   28   28    1    1    1    1    1    1    1    1  1.56280E+10 0.00910 
   29   29    1    1    1    1    1    1    1    1  3.72893E+10 0.00885 
   30   30    1    1    1    1    1    1    1    1  6.60757E+10 0.00618 
   31   31    1    1    1    1    1    1    1    1  1.82234E+11 0.00414 
   32   32    1    1    1    1    1    1    1    1  5.56473E+11 0.00254 
   33   33    1    1    1    1    1    1    1    1  1.01503E+12 0.00194 
   34   34    1    1    1    1    1    1    1    1  2.40252E+12 0.00137 
   35   35    1    1    1    1    1    1    1    1  3.35511E+12 0.00124 
   36   36    1    1    1    1    1    1    1    1  4.24256E+12 0.00081 
   37   37    1    1    1    1    1    1    1    1  2.84373E+12 0.00067 
   38   38    1    1    1    1    1    1    1    1  8.64975E+11 0.00073 
   39   39    1    1    1    1    1    1    1    1  4.86799E+12 0.00073 
   40   40    1    1    1    1    1    1    1    1  6.55708E+12 0.00055 
   41   41    1    1    1    1    1    1    1    1  1.12972E+13 0.00053 
   42   42    1    1    1    1    1    1    1    1  1.13093E+13 0.00050 
   43   43    1    1    1    1    1    1    1    1  2.41679E+13 0.00038 
   44   44    1    1    1    1    1    1    1    1  2.91865E+13 0.00052 
   45   45    1    1    1    1    1    1    1    1  4.20314E+13 0.00032 
   46   46    1    1    1    1    1    1    1    1  8.37288E+13 0.00022 
   47   47    1    1    1    1    1    1    1    1  3.90775E+13 0.00022 
   48   48    1    1    1    1    1    1    1    1  6.24982E+13 0.00011 
   49   49    1    1    1    1    1    1    1    1  8.71261E+13 0.00015 
   50   50    1    1    1    1    1    1    1    1  8.54687E+13 0.00022 
   51   51    1    1    1    1    1    1    1    1  1.33392E+14 0.00021 
   52   52    1    1    1    1    1    1    1    1  1.05299E+14 0.00015 
   53   53    1    1    1    1    1    1    1    1  1.25310E+14 0.00014 
   54   54    1    1    1    1    1    1    1    1  8.68532E+13 0.00015 
   55   55    1    1    1    1    1    1    1    1  1.06618E+14 0.00020 
   56   56    1    1    1    1    1    1    1    1  7.32260E+13 0.00014 
   57   57    1    1    1    1    1    1    1    1  9.93281E+12 0.00023 
   58   58    1    1    1    1    1    1    1    1  1.44956E+14 0.00014 
   59   59    1    1    1    1    1    1    1    1  6.48644E+13 0.00023 
   60   60    1    1    1    1    1    1    1    1  6.86644E+13 0.00015 
   61   61    1    1    1    1    1    1    1    1  5.35737E+13 0.00021 
   62   62    1    1    1    1    1    1    1    1  5.36204E+13 0.00024 
   63   63    1    1    1    1    1    1    1    1  5.57666E+13 0.00024 
   64   64    1    1    1    1    1    1    1    1  4.68463E+13 0.00033 
   65   65    1    1    1    1    1    1    1    1  3.71282E+13 0.00032 
   66   66    1    1    1    1    1    1    1    1  3.67315E+13 0.00029 
   67   67    1    1    1    1    1    1    1    1  2.65487E+13 0.00040 
   68   68    1    1    1    1    1    1    1    1  2.15976E+13 0.00040 
   69   69    1    1    1    1    1    1    1    1  1.93326E+13 0.00036 
   70   70    1    1    1    1    1    1    1    1  2.32397E+13 0.00051 
   71   71    1    1    1    1    1    1    1    1  1.97162E+13 0.00050 
   72   72    1    1    1    1    1    1    1    1  3.56697E+13 0.00039 
   73   73    1    1    1    1    1    1    1    1  2.51547E+13 0.00052 
   74   74    1    1    1    1    1    1    1    1  1.89416E+13 0.00049 
   75   75    1    1    1    1    1    1    1    1  1.52651E+13 0.00056 
   76   76    1    1    1    1    1    1    1    1  1.26957E+13 0.00044 
   77   77    1    1    1    1    1    1    1    1  1.47285E+13 0.00045 
   78   78    1    1    1    1    1    1    1    1  1.16752E+13 0.00049 
   79   79    1    1    1    1    1    1    1    1  9.32034E+12 0.00065 
   80   80    1    1    1    1    1    1    1    1  9.63520E+12 0.00060 
   81   81    1    1    1    1    1    1    1    1  7.15771E+12 0.00072 
   82   82    1    1    1    1    1    1    1    1  5.50931E+12 0.00089 
   83   83    1    1    1    1    1    1    1    1  4.24016E+12 0.00105 
   84   84    1    1    1    1    1    1    1    1  3.97716E+12 0.00107 
   85   85    1    1    1    1    1    1    1    1  2.86017E+12 0.00093 
   86   86    1    1    1    1    1    1    1    1  2.06051E+12 0.00145 
   87   87    1    1    1    1    1    1    1    1  1.92902E+12 0.00156 
   88   88    1    1    1    1    1    1    1    1  1.18955E+12 0.00139 
   89   89    1    1    1    1    1    1    1    1  8.01133E+11 0.00224 
   90   90    1    1    1    1    1    1    1    1  4.64165E+11 0.00295 
   91   91    1    1    1    1    1    1    1    1  5.88165E+11 0.00222 
   92   92    1    1    1    1    1    1    1    1  0.00000E+00 0.00000 
   93   93    1    1    1    1    1    1    1    1  0.00000E+00 0.00000 
   94   94    1    1    1    1    1    1    1    1  0.00000E+00 0.00000 
   95   95    1    1    1    1    1    1    1    1  0.00000E+00 0.00000 
   96   96    1    1    1    1    1    1    1    1  0.00000E+00 0.00000 
   97   97    1    1    1    1    1    1    1    1  0.00000E+00 0.00000 
   98   98    1    1    1    1    1    1    1    1  0.00000E+00 0.00000 
   99   99    1    1    1    1    1    1    1    1  0.00000E+00 0.00000 
  100  100    1    1    1    1    1    1    1    1  0.00000E+00 0.00000 
];


