
DETdpaspec = [
    1    1    1    1    1    1    1    1    1    1  0.00000E+00 0.00000 
    2    2    1    1    1    1    1    1    1    1  0.00000E+00 0.00000 
    3    3    1    1    1    1    1    1    1    1  0.00000E+00 0.00000 
    4    4    1    1    1    1    1    1    1    1  0.00000E+00 0.00000 
    5    5    1    1    1    1    1    1    1    1  0.00000E+00 0.00000 
    6    6    1    1    1    1    1    1    1    1  0.00000E+00 0.00000 
    7    7    1    1    1    1    1    1    1    1  0.00000E+00 0.00000 
    8    8    1    1    1    1    1    1    1    1  0.00000E+00 0.00000 
    9    9    1    1    1    1    1    1    1    1  0.00000E+00 0.00000 
   10   10    1    1    1    1    1    1    1    1  0.00000E+00 0.00000 
   11   11    1    1    1    1    1    1    1    1  0.00000E+00 0.00000 
   12   12    1    1    1    1    1    1    1    1  0.00000E+00 0.00000 
   13   13    1    1    1    1    1    1    1    1  0.00000E+00 0.00000 
   14   14    1    1    1    1    1    1    1    1  0.00000E+00 0.00000 
   15   15    1    1    1    1    1    1    1    1  0.00000E+00 0.00000 
   16   16    1    1    1    1    1    1    1    1  0.00000E+00 0.00000 
   17   17    1    1    1    1    1    1    1    1  0.00000E+00 0.00000 
   18   18    1    1    1    1    1    1    1    1  0.00000E+00 0.00000 
   19   19    1    1    1    1    1    1    1    1  5.96036E+08 0.17313 
   20   20    1    1    1    1    1    1    1    1  6.13691E+07 0.20105 
   21   21    1    1    1    1    1    1    1    1  5.57191E+08 0.09419 
   22   22    1    1    1    1    1    1    1    1  3.12009E+09 0.02817 
   23   23    1    1    1    1    1    1    1    1  1.34911E+10 0.01807 
   24   24    1    1    1    1    1    1    1    1  4.73284E+10 0.01082 
   25   25    1    1    1    1    1    1    1    1  1.14538E+11 0.00561 
   26   26    1    1    1    1    1    1    1    1  1.59706E+11 0.00556 
   27   27    1    1    1    1    1    1    1    1  2.95606E+11 0.00320 
   28   28    1    1    1    1    1    1    1    1  4.97755E+11 0.00267 
   29   29    1    1    1    1    1    1    1    1  7.97895E+11 0.00219 
   30   30    1    1    1    1    1    1    1    1  1.11289E+12 0.00226 
   31   31    1    1    1    1    1    1    1    1  1.93389E+12 0.00154 
   32   32    1    1    1    1    1    1    1    1  3.41074E+12 0.00121 
   33   33    1    1    1    1    1    1    1    1  4.57910E+12 0.00087 
   34   34    1    1    1    1    1    1    1    1  8.27936E+12 0.00059 
   35   35    1    1    1    1    1    1    1    1  9.51758E+12 0.00073 
   36   36    1    1    1    1    1    1    1    1  9.22652E+12 0.00059 
   37   37    1    1    1    1    1    1    1    1  5.34047E+12 0.00053 
   38   38    1    1    1    1    1    1    1    1  1.53946E+12 0.00054 
   39   39    1    1    1    1    1    1    1    1  8.73935E+12 0.00057 
   40   40    1    1    1    1    1    1    1    1  1.13196E+13 0.00049 
   41   41    1    1    1    1    1    1    1    1  1.88047E+13 0.00050 
   42   42    1    1    1    1    1    1    1    1  1.75915E+13 0.00041 
   43   43    1    1    1    1    1    1    1    1  3.68633E+13 0.00030 
   44   44    1    1    1    1    1    1    1    1  4.25873E+13 0.00023 
   45   45    1    1    1    1    1    1    1    1  5.84420E+13 0.00021 
   46   46    1    1    1    1    1    1    1    1  1.09503E+14 0.00016 
   47   47    1    1    1    1    1    1    1    1  4.74428E+13 0.00016 
   48   48    1    1    1    1    1    1    1    1  7.34741E+13 0.00012 
   49   49    1    1    1    1    1    1    1    1  9.80110E+13 0.00010 
   50   50    1    1    1    1    1    1    1    1  9.26049E+13 0.00015 
   51   51    1    1    1    1    1    1    1    1  1.40138E+14 0.00018 
   52   52    1    1    1    1    1    1    1    1  1.04592E+14 0.00013 
   53   53    1    1    1    1    1    1    1    1  1.23070E+14 0.00012 
   54   54    1    1    1    1    1    1    1    1  8.21324E+13 0.00015 
   55   55    1    1    1    1    1    1    1    1  1.00251E+14 0.00013 
   56   56    1    1    1    1    1    1    1    1  6.72675E+13 0.00019 
   57   57    1    1    1    1    1    1    1    1  9.00731E+12 0.00033 
   58   58    1    1    1    1    1    1    1    1  1.30000E+14 0.00011 
   59   59    1    1    1    1    1    1    1    1  5.82301E+13 0.00016 
   60   60    1    1    1    1    1    1    1    1  6.02442E+13 0.00019 
   61   61    1    1    1    1    1    1    1    1  4.70212E+13 0.00022 
   62   62    1    1    1    1    1    1    1    1  4.64354E+13 0.00019 
   63   63    1    1    1    1    1    1    1    1  4.77722E+13 0.00026 
   64   64    1    1    1    1    1    1    1    1  3.96183E+13 0.00025 
   65   65    1    1    1    1    1    1    1    1  3.09305E+13 0.00031 
   66   66    1    1    1    1    1    1    1    1  3.01830E+13 0.00031 
   67   67    1    1    1    1    1    1    1    1  2.14933E+13 0.00028 
   68   68    1    1    1    1    1    1    1    1  1.72375E+13 0.00035 
   69   69    1    1    1    1    1    1    1    1  1.52869E+13 0.00034 
   70   70    1    1    1    1    1    1    1    1  1.81571E+13 0.00033 
   71   71    1    1    1    1    1    1    1    1  1.52018E+13 0.00048 
   72   72    1    1    1    1    1    1    1    1  2.65264E+13 0.00025 
   73   73    1    1    1    1    1    1    1    1  1.82944E+13 0.00047 
   74   74    1    1    1    1    1    1    1    1  1.36344E+13 0.00051 
   75   75    1    1    1    1    1    1    1    1  1.10152E+13 0.00038 
   76   76    1    1    1    1    1    1    1    1  9.21177E+12 0.00048 
   77   77    1    1    1    1    1    1    1    1  1.07104E+13 0.00037 
   78   78    1    1    1    1    1    1    1    1  8.52085E+12 0.00056 
   79   79    1    1    1    1    1    1    1    1  6.81800E+12 0.00052 
   80   80    1    1    1    1    1    1    1    1  7.02075E+12 0.00067 
   81   81    1    1    1    1    1    1    1    1  5.17718E+12 0.00072 
   82   82    1    1    1    1    1    1    1    1  3.97031E+12 0.00094 
   83   83    1    1    1    1    1    1    1    1  3.02354E+12 0.00084 
   84   84    1    1    1    1    1    1    1    1  2.80716E+12 0.00113 
   85   85    1    1    1    1    1    1    1    1  2.00456E+12 0.00147 
   86   86    1    1    1    1    1    1    1    1  1.43548E+12 0.00120 
   87   87    1    1    1    1    1    1    1    1  1.32843E+12 0.00161 
   88   88    1    1    1    1    1    1    1    1  7.96306E+11 0.00172 
   89   89    1    1    1    1    1    1    1    1  5.25017E+11 0.00277 
   90   90    1    1    1    1    1    1    1    1  2.97894E+11 0.00242 
   91   91    1    1    1    1    1    1    1    1  3.56556E+11 0.00271 
   92   92    1    1    1    1    1    1    1    1  0.00000E+00 0.00000 
   93   93    1    1    1    1    1    1    1    1  0.00000E+00 0.00000 
   94   94    1    1    1    1    1    1    1    1  0.00000E+00 0.00000 
   95   95    1    1    1    1    1    1    1    1  0.00000E+00 0.00000 
   96   96    1    1    1    1    1    1    1    1  0.00000E+00 0.00000 
   97   97    1    1    1    1    1    1    1    1  0.00000E+00 0.00000 
   98   98    1    1    1    1    1    1    1    1  0.00000E+00 0.00000 
   99   99    1    1    1    1    1    1    1    1  0.00000E+00 0.00000 
  100  100    1    1    1    1    1    1    1    1  0.00000E+00 0.00000 
];


