
DETdpaspec = [
    1    1    1    1    1    1    1    1    1    1  0.00000E+00 0.00000 
    2    2    1    1    1    1    1    1    1    1  0.00000E+00 0.00000 
    3    3    1    1    1    1    1    1    1    1  0.00000E+00 0.00000 
    4    4    1    1    1    1    1    1    1    1  0.00000E+00 0.00000 
    5    5    1    1    1    1    1    1    1    1  0.00000E+00 0.00000 
    6    6    1    1    1    1    1    1    1    1  0.00000E+00 0.00000 
    7    7    1    1    1    1    1    1    1    1  0.00000E+00 0.00000 
    8    8    1    1    1    1    1    1    1    1  0.00000E+00 0.00000 
    9    9    1    1    1    1    1    1    1    1  0.00000E+00 0.00000 
   10   10    1    1    1    1    1    1    1    1  0.00000E+00 0.00000 
   11   11    1    1    1    1    1    1    1    1  0.00000E+00 0.00000 
   12   12    1    1    1    1    1    1    1    1  0.00000E+00 0.00000 
   13   13    1    1    1    1    1    1    1    1  0.00000E+00 0.00000 
   14   14    1    1    1    1    1    1    1    1  0.00000E+00 0.00000 
   15   15    1    1    1    1    1    1    1    1  0.00000E+00 0.00000 
   16   16    1    1    1    1    1    1    1    1  0.00000E+00 0.00000 
   17   17    1    1    1    1    1    1    1    1  0.00000E+00 0.00000 
   18   18    1    1    1    1    1    1    1    1  0.00000E+00 0.00000 
   19   19    1    1    1    1    1    1    1    1  1.31589E+09 0.08725 
   20   20    1    1    1    1    1    1    1    1  1.23863E+08 0.09341 
   21   21    1    1    1    1    1    1    1    1  5.50909E+08 0.09561 
   22   22    1    1    1    1    1    1    1    1  4.28421E+08 0.05542 
   23   23    1    1    1    1    1    1    1    1  1.00723E+09 0.05167 
   24   24    1    1    1    1    1    1    1    1  1.71453E+09 0.03827 
   25   25    1    1    1    1    1    1    1    1  3.93193E+09 0.03809 
   26   26    1    1    1    1    1    1    1    1  6.31301E+09 0.02921 
   27   27    1    1    1    1    1    1    1    1  1.38345E+10 0.01636 
   28   28    1    1    1    1    1    1    1    1  3.25896E+10 0.01004 
   29   29    1    1    1    1    1    1    1    1  8.07488E+10 0.00613 
   30   30    1    1    1    1    1    1    1    1  1.47122E+11 0.00744 
   31   31    1    1    1    1    1    1    1    1  3.50286E+11 0.00334 
   32   32    1    1    1    1    1    1    1    1  9.36825E+11 0.00257 
   33   33    1    1    1    1    1    1    1    1  1.55923E+12 0.00206 
   34   34    1    1    1    1    1    1    1    1  3.47164E+12 0.00118 
   35   35    1    1    1    1    1    1    1    1  4.65883E+12 0.00097 
   36   36    1    1    1    1    1    1    1    1  5.30344E+12 0.00088 
   37   37    1    1    1    1    1    1    1    1  3.36517E+12 0.00070 
   38   38    1    1    1    1    1    1    1    1  1.00001E+12 0.00055 
   39   39    1    1    1    1    1    1    1    1  5.69219E+12 0.00050 
   40   40    1    1    1    1    1    1    1    1  7.59373E+12 0.00050 
   41   41    1    1    1    1    1    1    1    1  1.29984E+13 0.00047 
   42   42    1    1    1    1    1    1    1    1  1.26765E+13 0.00045 
   43   43    1    1    1    1    1    1    1    1  2.71095E+13 0.00034 
   44   44    1    1    1    1    1    1    1    1  3.24017E+13 0.00025 
   45   45    1    1    1    1    1    1    1    1  4.61095E+13 0.00025 
   46   46    1    1    1    1    1    1    1    1  9.07050E+13 0.00022 
   47   47    1    1    1    1    1    1    1    1  4.12998E+13 0.00024 
   48   48    1    1    1    1    1    1    1    1  6.52962E+13 0.00021 
   49   49    1    1    1    1    1    1    1    1  8.99580E+13 0.00020 
   50   50    1    1    1    1    1    1    1    1  8.71962E+13 0.00018 
   51   51    1    1    1    1    1    1    1    1  1.35472E+14 0.00013 
   52   52    1    1    1    1    1    1    1    1  1.04762E+14 0.00018 
   53   53    1    1    1    1    1    1    1    1  1.25048E+14 0.00016 
   54   54    1    1    1    1    1    1    1    1  8.56128E+13 0.00021 
   55   55    1    1    1    1    1    1    1    1  1.05506E+14 0.00019 
   56   56    1    1    1    1    1    1    1    1  7.18972E+13 0.00021 
   57   57    1    1    1    1    1    1    1    1  9.70038E+12 0.00035 
   58   58    1    1    1    1    1    1    1    1  1.41310E+14 0.00015 
   59   59    1    1    1    1    1    1    1    1  6.37461E+13 0.00019 
   60   60    1    1    1    1    1    1    1    1  6.68229E+13 0.00020 
   61   61    1    1    1    1    1    1    1    1  5.24100E+13 0.00024 
   62   62    1    1    1    1    1    1    1    1  5.21970E+13 0.00019 
   63   63    1    1    1    1    1    1    1    1  5.41638E+13 0.00024 
   64   64    1    1    1    1    1    1    1    1  4.53573E+13 0.00028 
   65   65    1    1    1    1    1    1    1    1  3.57671E+13 0.00025 
   66   66    1    1    1    1    1    1    1    1  3.52526E+13 0.00023 
   67   67    1    1    1    1    1    1    1    1  2.53489E+13 0.00022 
   68   68    1    1    1    1    1    1    1    1  2.04887E+13 0.00035 
   69   69    1    1    1    1    1    1    1    1  1.82899E+13 0.00036 
   70   70    1    1    1    1    1    1    1    1  2.18843E+13 0.00027 
   71   71    1    1    1    1    1    1    1    1  1.84756E+13 0.00047 
   72   72    1    1    1    1    1    1    1    1  3.29412E+13 0.00039 
   73   73    1    1    1    1    1    1    1    1  2.30424E+13 0.00033 
   74   74    1    1    1    1    1    1    1    1  1.73182E+13 0.00042 
   75   75    1    1    1    1    1    1    1    1  1.40078E+13 0.00056 
   76   76    1    1    1    1    1    1    1    1  1.17217E+13 0.00049 
   77   77    1    1    1    1    1    1    1    1  1.36864E+13 0.00034 
   78   78    1    1    1    1    1    1    1    1  1.09176E+13 0.00049 
   79   79    1    1    1    1    1    1    1    1  8.74696E+12 0.00058 
   80   80    1    1    1    1    1    1    1    1  9.06947E+12 0.00066 
   81   81    1    1    1    1    1    1    1    1  6.75021E+12 0.00044 
   82   82    1    1    1    1    1    1    1    1  5.21099E+12 0.00086 
   83   83    1    1    1    1    1    1    1    1  4.00777E+12 0.00069 
   84   84    1    1    1    1    1    1    1    1  3.75355E+12 0.00098 
   85   85    1    1    1    1    1    1    1    1  2.69929E+12 0.00109 
   86   86    1    1    1    1    1    1    1    1  1.95804E+12 0.00141 
   87   87    1    1    1    1    1    1    1    1  1.82605E+12 0.00172 
   88   88    1    1    1    1    1    1    1    1  1.11899E+12 0.00222 
   89   89    1    1    1    1    1    1    1    1  7.53980E+11 0.00178 
   90   90    1    1    1    1    1    1    1    1  4.37986E+11 0.00237 
   91   91    1    1    1    1    1    1    1    1  5.48309E+11 0.00195 
   92   92    1    1    1    1    1    1    1    1  0.00000E+00 0.00000 
   93   93    1    1    1    1    1    1    1    1  0.00000E+00 0.00000 
   94   94    1    1    1    1    1    1    1    1  0.00000E+00 0.00000 
   95   95    1    1    1    1    1    1    1    1  0.00000E+00 0.00000 
   96   96    1    1    1    1    1    1    1    1  0.00000E+00 0.00000 
   97   97    1    1    1    1    1    1    1    1  0.00000E+00 0.00000 
   98   98    1    1    1    1    1    1    1    1  0.00000E+00 0.00000 
   99   99    1    1    1    1    1    1    1    1  0.00000E+00 0.00000 
  100  100    1    1    1    1    1    1    1    1  0.00000E+00 0.00000 
];


