
DETdpaspec = [
    1    1    1    1    1    1    1    1    1    1  0.00000E+00 0.00000 
    2    2    1    1    1    1    1    1    1    1  0.00000E+00 0.00000 
    3    3    1    1    1    1    1    1    1    1  0.00000E+00 0.00000 
    4    4    1    1    1    1    1    1    1    1  0.00000E+00 0.00000 
    5    5    1    1    1    1    1    1    1    1  0.00000E+00 0.00000 
    6    6    1    1    1    1    1    1    1    1  0.00000E+00 0.00000 
    7    7    1    1    1    1    1    1    1    1  0.00000E+00 0.00000 
    8    8    1    1    1    1    1    1    1    1  0.00000E+00 0.00000 
    9    9    1    1    1    1    1    1    1    1  0.00000E+00 0.00000 
   10   10    1    1    1    1    1    1    1    1  0.00000E+00 0.00000 
   11   11    1    1    1    1    1    1    1    1  0.00000E+00 0.00000 
   12   12    1    1    1    1    1    1    1    1  0.00000E+00 0.00000 
   13   13    1    1    1    1    1    1    1    1  0.00000E+00 0.00000 
   14   14    1    1    1    1    1    1    1    1  0.00000E+00 0.00000 
   15   15    1    1    1    1    1    1    1    1  0.00000E+00 0.00000 
   16   16    1    1    1    1    1    1    1    1  0.00000E+00 0.00000 
   17   17    1    1    1    1    1    1    1    1  0.00000E+00 0.00000 
   18   18    1    1    1    1    1    1    1    1  0.00000E+00 0.00000 
   19   19    1    1    1    1    1    1    1    1  2.94606E+09 0.03223 
   20   20    1    1    1    1    1    1    1    1  6.17959E+08 0.03816 
   21   21    1    1    1    1    1    1    1    1  2.17644E+09 0.03581 
   22   22    1    1    1    1    1    1    1    1  1.52152E+09 0.01987 
   23   23    1    1    1    1    1    1    1    1  4.61300E+09 0.01989 
   24   24    1    1    1    1    1    1    1    1  5.84077E+09 0.01439 
   25   25    1    1    1    1    1    1    1    1  9.03240E+09 0.01405 
   26   26    1    1    1    1    1    1    1    1  1.12901E+10 0.01588 
   27   27    1    1    1    1    1    1    1    1  1.82751E+10 0.00966 
   28   28    1    1    1    1    1    1    1    1  3.42263E+10 0.00817 
   29   29    1    1    1    1    1    1    1    1  5.75376E+10 0.00564 
   30   30    1    1    1    1    1    1    1    1  7.70600E+10 0.00493 
   31   31    1    1    1    1    1    1    1    1  2.49825E+11 0.00361 
   32   32    1    1    1    1    1    1    1    1  7.20605E+11 0.00225 
   33   33    1    1    1    1    1    1    1    1  1.29242E+12 0.00153 
   34   34    1    1    1    1    1    1    1    1  2.71083E+12 0.00116 
   35   35    1    1    1    1    1    1    1    1  3.44352E+12 0.00099 
   36   36    1    1    1    1    1    1    1    1  5.09180E+12 0.00058 
   37   37    1    1    1    1    1    1    1    1  3.60316E+12 0.00057 
   38   38    1    1    1    1    1    1    1    1  1.15621E+12 0.00049 
   39   39    1    1    1    1    1    1    1    1  6.05387E+12 0.00049 
   40   40    1    1    1    1    1    1    1    1  8.00625E+12 0.00043 
   41   41    1    1    1    1    1    1    1    1  1.30937E+13 0.00034 
   42   42    1    1    1    1    1    1    1    1  1.36959E+13 0.00024 
   43   43    1    1    1    1    1    1    1    1  2.72732E+13 0.00025 
   44   44    1    1    1    1    1    1    1    1  3.21897E+13 0.00028 
   45   45    1    1    1    1    1    1    1    1  4.51773E+13 0.00035 
   46   46    1    1    1    1    1    1    1    1  8.49998E+13 0.00025 
   47   47    1    1    1    1    1    1    1    1  4.06015E+13 0.00023 
   48   48    1    1    1    1    1    1    1    1  6.55898E+13 0.00023 
   49   49    1    1    1    1    1    1    1    1  9.05319E+13 0.00018 
   50   50    1    1    1    1    1    1    1    1  8.95588E+13 0.00012 
   51   51    1    1    1    1    1    1    1    1  1.35265E+14 0.00013 
   52   52    1    1    1    1    1    1    1    1  1.10686E+14 0.00014 
   53   53    1    1    1    1    1    1    1    1  1.25943E+14 0.00010 
   54   54    1    1    1    1    1    1    1    1  8.88136E+13 0.00017 
   55   55    1    1    1    1    1    1    1    1  1.04395E+14 0.00014 
   56   56    1    1    1    1    1    1    1    1  7.29054E+13 0.00018 
   57   57    1    1    1    1    1    1    1    1  1.00685E+13 0.00027 
   58   58    1    1    1    1    1    1    1    1  1.44903E+14 0.00016 
   59   59    1    1    1    1    1    1    1    1  6.15595E+13 0.00016 
   60   60    1    1    1    1    1    1    1    1  6.63665E+13 0.00027 
   61   61    1    1    1    1    1    1    1    1  5.00725E+13 0.00029 
   62   62    1    1    1    1    1    1    1    1  5.06669E+13 0.00032 
   63   63    1    1    1    1    1    1    1    1  5.21801E+13 0.00026 
   64   64    1    1    1    1    1    1    1    1  4.34411E+13 0.00027 
   65   65    1    1    1    1    1    1    1    1  3.46068E+13 0.00024 
   66   66    1    1    1    1    1    1    1    1  3.42689E+13 0.00034 
   67   67    1    1    1    1    1    1    1    1  2.48927E+13 0.00028 
   68   68    1    1    1    1    1    1    1    1  2.05152E+13 0.00031 
   69   69    1    1    1    1    1    1    1    1  1.84859E+13 0.00033 
   70   70    1    1    1    1    1    1    1    1  2.22320E+13 0.00057 
   71   71    1    1    1    1    1    1    1    1  1.90293E+13 0.00039 
   72   72    1    1    1    1    1    1    1    1  3.57928E+13 0.00029 
   73   73    1    1    1    1    1    1    1    1  2.55598E+13 0.00036 
   74   74    1    1    1    1    1    1    1    1  1.91408E+13 0.00052 
   75   75    1    1    1    1    1    1    1    1  1.49771E+13 0.00053 
   76   76    1    1    1    1    1    1    1    1  1.20518E+13 0.00053 
   77   77    1    1    1    1    1    1    1    1  1.35945E+13 0.00044 
   78   78    1    1    1    1    1    1    1    1  1.04164E+13 0.00063 
   79   79    1    1    1    1    1    1    1    1  8.10282E+12 0.00052 
   80   80    1    1    1    1    1    1    1    1  8.22334E+12 0.00049 
   81   81    1    1    1    1    1    1    1    1  6.02499E+12 0.00060 
   82   82    1    1    1    1    1    1    1    1  4.59420E+12 0.00054 
   83   83    1    1    1    1    1    1    1    1  3.51538E+12 0.00086 
   84   84    1    1    1    1    1    1    1    1  3.28064E+12 0.00079 
   85   85    1    1    1    1    1    1    1    1  2.35128E+12 0.00110 
   86   86    1    1    1    1    1    1    1    1  1.69368E+12 0.00124 
   87   87    1    1    1    1    1    1    1    1  1.58149E+12 0.00124 
   88   88    1    1    1    1    1    1    1    1  9.81460E+11 0.00177 
   89   89    1    1    1    1    1    1    1    1  6.68593E+11 0.00224 
   90   90    1    1    1    1    1    1    1    1  3.86205E+11 0.00315 
   91   91    1    1    1    1    1    1    1    1  5.01306E+11 0.00253 
   92   92    1    1    1    1    1    1    1    1  0.00000E+00 0.00000 
   93   93    1    1    1    1    1    1    1    1  0.00000E+00 0.00000 
   94   94    1    1    1    1    1    1    1    1  0.00000E+00 0.00000 
   95   95    1    1    1    1    1    1    1    1  0.00000E+00 0.00000 
   96   96    1    1    1    1    1    1    1    1  0.00000E+00 0.00000 
   97   97    1    1    1    1    1    1    1    1  0.00000E+00 0.00000 
   98   98    1    1    1    1    1    1    1    1  0.00000E+00 0.00000 
   99   99    1    1    1    1    1    1    1    1  0.00000E+00 0.00000 
  100  100    1    1    1    1    1    1    1    1  0.00000E+00 0.00000 
];


