
DETdpaspec = [
    1    1    1    1    1    1    1    1    1    1  0.00000E+00 0.00000 
    2    2    1    1    1    1    1    1    1    1  0.00000E+00 0.00000 
    3    3    1    1    1    1    1    1    1    1  0.00000E+00 0.00000 
    4    4    1    1    1    1    1    1    1    1  0.00000E+00 0.00000 
    5    5    1    1    1    1    1    1    1    1  0.00000E+00 0.00000 
    6    6    1    1    1    1    1    1    1    1  0.00000E+00 0.00000 
    7    7    1    1    1    1    1    1    1    1  0.00000E+00 0.00000 
    8    8    1    1    1    1    1    1    1    1  0.00000E+00 0.00000 
    9    9    1    1    1    1    1    1    1    1  0.00000E+00 0.00000 
   10   10    1    1    1    1    1    1    1    1  0.00000E+00 0.00000 
   11   11    1    1    1    1    1    1    1    1  0.00000E+00 0.00000 
   12   12    1    1    1    1    1    1    1    1  0.00000E+00 0.00000 
   13   13    1    1    1    1    1    1    1    1  0.00000E+00 0.00000 
   14   14    1    1    1    1    1    1    1    1  0.00000E+00 0.00000 
   15   15    1    1    1    1    1    1    1    1  0.00000E+00 0.00000 
   16   16    1    1    1    1    1    1    1    1  0.00000E+00 0.00000 
   17   17    1    1    1    1    1    1    1    1  0.00000E+00 0.00000 
   18   18    1    1    1    1    1    1    1    1  0.00000E+00 0.00000 
   19   19    1    1    1    1    1    1    1    1  1.15608E+09 0.10789 
   20   20    1    1    1    1    1    1    1    1  1.19674E+08 0.10198 
   21   21    1    1    1    1    1    1    1    1  3.72225E+08 0.08577 
   22   22    1    1    1    1    1    1    1    1  3.88060E+08 0.05384 
   23   23    1    1    1    1    1    1    1    1  9.64541E+08 0.06048 
   24   24    1    1    1    1    1    1    1    1  2.44228E+09 0.03747 
   25   25    1    1    1    1    1    1    1    1  6.81340E+09 0.02091 
   26   26    1    1    1    1    1    1    1    1  1.19015E+10 0.01823 
   27   27    1    1    1    1    1    1    1    1  2.69702E+10 0.00919 
   28   28    1    1    1    1    1    1    1    1  6.25543E+10 0.00549 
   29   29    1    1    1    1    1    1    1    1  1.47209E+11 0.00335 
   30   30    1    1    1    1    1    1    1    1  2.55769E+11 0.00267 
   31   31    1    1    1    1    1    1    1    1  5.53897E+11 0.00320 
   32   32    1    1    1    1    1    1    1    1  1.33378E+12 0.00209 
   33   33    1    1    1    1    1    1    1    1  2.09108E+12 0.00198 
   34   34    1    1    1    1    1    1    1    1  4.42016E+12 0.00127 
   35   35    1    1    1    1    1    1    1    1  5.71213E+12 0.00100 
   36   36    1    1    1    1    1    1    1    1  6.17346E+12 0.00085 
   37   37    1    1    1    1    1    1    1    1  3.81310E+12 0.00071 
   38   38    1    1    1    1    1    1    1    1  1.12100E+12 0.00053 
   39   39    1    1    1    1    1    1    1    1  6.38555E+12 0.00037 
   40   40    1    1    1    1    1    1    1    1  8.45783E+12 0.00039 
   41   41    1    1    1    1    1    1    1    1  1.43766E+13 0.00032 
   42   42    1    1    1    1    1    1    1    1  1.38502E+13 0.00037 
   43   43    1    1    1    1    1    1    1    1  2.94968E+13 0.00034 
   44   44    1    1    1    1    1    1    1    1  3.49551E+13 0.00028 
   45   45    1    1    1    1    1    1    1    1  4.92522E+13 0.00023 
   46   46    1    1    1    1    1    1    1    1  9.57286E+13 0.00016 
   47   47    1    1    1    1    1    1    1    1  4.29571E+13 0.00014 
   48   48    1    1    1    1    1    1    1    1  6.75114E+13 0.00017 
   49   49    1    1    1    1    1    1    1    1  9.22150E+13 0.00017 
   50   50    1    1    1    1    1    1    1    1  8.87338E+13 0.00018 
   51   51    1    1    1    1    1    1    1    1  1.36973E+14 0.00012 
   52   52    1    1    1    1    1    1    1    1  1.04798E+14 0.00014 
   53   53    1    1    1    1    1    1    1    1  1.24794E+14 0.00017 
   54   54    1    1    1    1    1    1    1    1  8.48213E+13 0.00020 
   55   55    1    1    1    1    1    1    1    1  1.04341E+14 0.00014 
   56   56    1    1    1    1    1    1    1    1  7.08061E+13 0.00017 
   57   57    1    1    1    1    1    1    1    1  9.52939E+12 0.00040 
   58   58    1    1    1    1    1    1    1    1  1.38590E+14 0.00016 
   59   59    1    1    1    1    1    1    1    1  6.24677E+13 0.00019 
   60   60    1    1    1    1    1    1    1    1  6.52641E+13 0.00017 
   61   61    1    1    1    1    1    1    1    1  5.11457E+13 0.00024 
   62   62    1    1    1    1    1    1    1    1  5.08040E+13 0.00022 
   63   63    1    1    1    1    1    1    1    1  5.26176E+13 0.00024 
   64   64    1    1    1    1    1    1    1    1  4.39405E+13 0.00026 
   65   65    1    1    1    1    1    1    1    1  3.45703E+13 0.00029 
   66   66    1    1    1    1    1    1    1    1  3.39644E+13 0.00033 
   67   67    1    1    1    1    1    1    1    1  2.43699E+13 0.00031 
   68   68    1    1    1    1    1    1    1    1  1.96594E+13 0.00041 
   69   69    1    1    1    1    1    1    1    1  1.75128E+13 0.00038 
   70   70    1    1    1    1    1    1    1    1  2.09187E+13 0.00046 
   71   71    1    1    1    1    1    1    1    1  1.76123E+13 0.00043 
   72   72    1    1    1    1    1    1    1    1  3.11414E+13 0.00026 
   73   73    1    1    1    1    1    1    1    1  2.17122E+13 0.00038 
   74   74    1    1    1    1    1    1    1    1  1.62887E+13 0.00052 
   75   75    1    1    1    1    1    1    1    1  1.31860E+13 0.00039 
   76   76    1    1    1    1    1    1    1    1  1.10506E+13 0.00049 
   77   77    1    1    1    1    1    1    1    1  1.29090E+13 0.00048 
   78   78    1    1    1    1    1    1    1    1  1.02966E+13 0.00055 
   79   79    1    1    1    1    1    1    1    1  8.26544E+12 0.00063 
   80   80    1    1    1    1    1    1    1    1  8.58339E+12 0.00044 
   81   81    1    1    1    1    1    1    1    1  6.38233E+12 0.00056 
   82   82    1    1    1    1    1    1    1    1  4.92346E+12 0.00069 
   83   83    1    1    1    1    1    1    1    1  3.77335E+12 0.00088 
   84   84    1    1    1    1    1    1    1    1  3.54214E+12 0.00109 
   85   85    1    1    1    1    1    1    1    1  2.55045E+12 0.00142 
   86   86    1    1    1    1    1    1    1    1  1.84465E+12 0.00177 
   87   87    1    1    1    1    1    1    1    1  1.71960E+12 0.00094 
   88   88    1    1    1    1    1    1    1    1  1.05267E+12 0.00233 
   89   89    1    1    1    1    1    1    1    1  7.06368E+11 0.00236 
   90   90    1    1    1    1    1    1    1    1  4.07050E+11 0.00237 
   91   91    1    1    1    1    1    1    1    1  5.09645E+11 0.00316 
   92   92    1    1    1    1    1    1    1    1  0.00000E+00 0.00000 
   93   93    1    1    1    1    1    1    1    1  0.00000E+00 0.00000 
   94   94    1    1    1    1    1    1    1    1  0.00000E+00 0.00000 
   95   95    1    1    1    1    1    1    1    1  0.00000E+00 0.00000 
   96   96    1    1    1    1    1    1    1    1  0.00000E+00 0.00000 
   97   97    1    1    1    1    1    1    1    1  0.00000E+00 0.00000 
   98   98    1    1    1    1    1    1    1    1  0.00000E+00 0.00000 
   99   99    1    1    1    1    1    1    1    1  0.00000E+00 0.00000 
  100  100    1    1    1    1    1    1    1    1  0.00000E+00 0.00000 
];


