
DETdpaspec = [
    1    1    1    1    1    1    1    1    1    1  0.00000E+00 0.00000 
    2    2    1    1    1    1    1    1    1    1  0.00000E+00 0.00000 
    3    3    1    1    1    1    1    1    1    1  0.00000E+00 0.00000 
    4    4    1    1    1    1    1    1    1    1  0.00000E+00 0.00000 
    5    5    1    1    1    1    1    1    1    1  0.00000E+00 0.00000 
    6    6    1    1    1    1    1    1    1    1  0.00000E+00 0.00000 
    7    7    1    1    1    1    1    1    1    1  0.00000E+00 0.00000 
    8    8    1    1    1    1    1    1    1    1  0.00000E+00 0.00000 
    9    9    1    1    1    1    1    1    1    1  0.00000E+00 0.00000 
   10   10    1    1    1    1    1    1    1    1  0.00000E+00 0.00000 
   11   11    1    1    1    1    1    1    1    1  0.00000E+00 0.00000 
   12   12    1    1    1    1    1    1    1    1  0.00000E+00 0.00000 
   13   13    1    1    1    1    1    1    1    1  0.00000E+00 0.00000 
   14   14    1    1    1    1    1    1    1    1  0.00000E+00 0.00000 
   15   15    1    1    1    1    1    1    1    1  0.00000E+00 0.00000 
   16   16    1    1    1    1    1    1    1    1  0.00000E+00 0.00000 
   17   17    1    1    1    1    1    1    1    1  0.00000E+00 0.00000 
   18   18    1    1    1    1    1    1    1    1  0.00000E+00 0.00000 
   19   19    1    1    1    1    1    1    1    1  1.72125E+09 0.03883 
   20   20    1    1    1    1    1    1    1    1  2.60410E+08 0.08713 
   21   21    1    1    1    1    1    1    1    1  9.37568E+08 0.05545 
   22   22    1    1    1    1    1    1    1    1  7.62780E+08 0.03812 
   23   23    1    1    1    1    1    1    1    1  1.74806E+09 0.02577 
   24   24    1    1    1    1    1    1    1    1  2.46574E+09 0.03243 
   25   25    1    1    1    1    1    1    1    1  4.14968E+09 0.02237 
   26   26    1    1    1    1    1    1    1    1  5.42480E+09 0.02653 
   27   27    1    1    1    1    1    1    1    1  8.25899E+09 0.01735 
   28   28    1    1    1    1    1    1    1    1  1.52800E+10 0.01376 
   29   29    1    1    1    1    1    1    1    1  3.29346E+10 0.01055 
   30   30    1    1    1    1    1    1    1    1  5.35943E+10 0.00806 
   31   31    1    1    1    1    1    1    1    1  1.57697E+11 0.00537 
   32   32    1    1    1    1    1    1    1    1  4.91583E+11 0.00296 
   33   33    1    1    1    1    1    1    1    1  9.16874E+11 0.00226 
   34   34    1    1    1    1    1    1    1    1  2.16052E+12 0.00143 
   35   35    1    1    1    1    1    1    1    1  2.99855E+12 0.00119 
   36   36    1    1    1    1    1    1    1    1  4.03973E+12 0.00085 
   37   37    1    1    1    1    1    1    1    1  2.79213E+12 0.00079 
   38   38    1    1    1    1    1    1    1    1  8.63888E+11 0.00087 
   39   39    1    1    1    1    1    1    1    1  4.79238E+12 0.00082 
   40   40    1    1    1    1    1    1    1    1  6.45448E+12 0.00063 
   41   41    1    1    1    1    1    1    1    1  1.10598E+13 0.00055 
   42   42    1    1    1    1    1    1    1    1  1.12556E+13 0.00047 
   43   43    1    1    1    1    1    1    1    1  2.37678E+13 0.00037 
   44   44    1    1    1    1    1    1    1    1  2.87298E+13 0.00043 
   45   45    1    1    1    1    1    1    1    1  4.13870E+13 0.00030 
   46   46    1    1    1    1    1    1    1    1  8.19696E+13 0.00028 
   47   47    1    1    1    1    1    1    1    1  3.87121E+13 0.00023 
   48   48    1    1    1    1    1    1    1    1  6.22827E+13 0.00019 
   49   49    1    1    1    1    1    1    1    1  8.70122E+13 0.00018 
   50   50    1    1    1    1    1    1    1    1  8.58165E+13 0.00018 
   51   51    1    1    1    1    1    1    1    1  1.33274E+14 0.00016 
   52   52    1    1    1    1    1    1    1    1  1.06542E+14 0.00015 
   53   53    1    1    1    1    1    1    1    1  1.25689E+14 0.00016 
   54   54    1    1    1    1    1    1    1    1  8.76189E+13 0.00010 
   55   55    1    1    1    1    1    1    1    1  1.06537E+14 0.00013 
   56   56    1    1    1    1    1    1    1    1  7.35404E+13 0.00017 
   57   57    1    1    1    1    1    1    1    1  1.00195E+13 0.00029 
   58   58    1    1    1    1    1    1    1    1  1.45933E+14 0.00019 
   59   59    1    1    1    1    1    1    1    1  6.45387E+13 0.00020 
   60   60    1    1    1    1    1    1    1    1  6.87303E+13 0.00018 
   61   61    1    1    1    1    1    1    1    1  5.32166E+13 0.00014 
   62   62    1    1    1    1    1    1    1    1  5.34486E+13 0.00019 
   63   63    1    1    1    1    1    1    1    1  5.54918E+13 0.00026 
   64   64    1    1    1    1    1    1    1    1  4.66111E+13 0.00034 
   65   65    1    1    1    1    1    1    1    1  3.70382E+13 0.00031 
   66   66    1    1    1    1    1    1    1    1  3.67056E+13 0.00026 
   67   67    1    1    1    1    1    1    1    1  2.66029E+13 0.00032 
   68   68    1    1    1    1    1    1    1    1  2.17143E+13 0.00031 
   69   69    1    1    1    1    1    1    1    1  1.94888E+13 0.00033 
   70   70    1    1    1    1    1    1    1    1  2.34226E+13 0.00034 
   71   71    1    1    1    1    1    1    1    1  1.99589E+13 0.00042 
   72   72    1    1    1    1    1    1    1    1  3.65258E+13 0.00026 
   73   73    1    1    1    1    1    1    1    1  2.59021E+13 0.00052 
   74   74    1    1    1    1    1    1    1    1  1.94897E+13 0.00033 
   75   75    1    1    1    1    1    1    1    1  1.56059E+13 0.00055 
   76   76    1    1    1    1    1    1    1    1  1.28935E+13 0.00049 
   77   77    1    1    1    1    1    1    1    1  1.48754E+13 0.00054 
   78   78    1    1    1    1    1    1    1    1  1.16871E+13 0.00043 
   79   79    1    1    1    1    1    1    1    1  9.26386E+12 0.00043 
   80   80    1    1    1    1    1    1    1    1  9.53933E+12 0.00056 
   81   81    1    1    1    1    1    1    1    1  7.05689E+12 0.00073 
   82   82    1    1    1    1    1    1    1    1  5.43347E+12 0.00079 
   83   83    1    1    1    1    1    1    1    1  4.17683E+12 0.00094 
   84   84    1    1    1    1    1    1    1    1  3.89632E+12 0.00086 
   85   85    1    1    1    1    1    1    1    1  2.81293E+12 0.00085 
   86   86    1    1    1    1    1    1    1    1  2.02538E+12 0.00184 
   87   87    1    1    1    1    1    1    1    1  1.89690E+12 0.00157 
   88   88    1    1    1    1    1    1    1    1  1.17163E+12 0.00185 
   89   89    1    1    1    1    1    1    1    1  7.90353E+11 0.00239 
   90   90    1    1    1    1    1    1    1    1  4.58040E+11 0.00300 
   91   91    1    1    1    1    1    1    1    1  5.88122E+11 0.00217 
   92   92    1    1    1    1    1    1    1    1  0.00000E+00 0.00000 
   93   93    1    1    1    1    1    1    1    1  0.00000E+00 0.00000 
   94   94    1    1    1    1    1    1    1    1  0.00000E+00 0.00000 
   95   95    1    1    1    1    1    1    1    1  0.00000E+00 0.00000 
   96   96    1    1    1    1    1    1    1    1  0.00000E+00 0.00000 
   97   97    1    1    1    1    1    1    1    1  0.00000E+00 0.00000 
   98   98    1    1    1    1    1    1    1    1  0.00000E+00 0.00000 
   99   99    1    1    1    1    1    1    1    1  0.00000E+00 0.00000 
  100  100    1    1    1    1    1    1    1    1  0.00000E+00 0.00000 
];


