
DETdpaspec = [
    1    1    1    1    1    1    1    1    1    1  0.00000E+00 0.00000 
    2    2    1    1    1    1    1    1    1    1  0.00000E+00 0.00000 
    3    3    1    1    1    1    1    1    1    1  0.00000E+00 0.00000 
    4    4    1    1    1    1    1    1    1    1  0.00000E+00 0.00000 
    5    5    1    1    1    1    1    1    1    1  0.00000E+00 0.00000 
    6    6    1    1    1    1    1    1    1    1  0.00000E+00 0.00000 
    7    7    1    1    1    1    1    1    1    1  0.00000E+00 0.00000 
    8    8    1    1    1    1    1    1    1    1  0.00000E+00 0.00000 
    9    9    1    1    1    1    1    1    1    1  0.00000E+00 0.00000 
   10   10    1    1    1    1    1    1    1    1  0.00000E+00 0.00000 
   11   11    1    1    1    1    1    1    1    1  0.00000E+00 0.00000 
   12   12    1    1    1    1    1    1    1    1  0.00000E+00 0.00000 
   13   13    1    1    1    1    1    1    1    1  0.00000E+00 0.00000 
   14   14    1    1    1    1    1    1    1    1  0.00000E+00 0.00000 
   15   15    1    1    1    1    1    1    1    1  0.00000E+00 0.00000 
   16   16    1    1    1    1    1    1    1    1  0.00000E+00 0.00000 
   17   17    1    1    1    1    1    1    1    1  0.00000E+00 0.00000 
   18   18    1    1    1    1    1    1    1    1  0.00000E+00 0.00000 
   19   19    1    1    1    1    1    1    1    1  2.33756E+09 0.04259 
   20   20    1    1    1    1    1    1    1    1  4.23256E+08 0.06485 
   21   21    1    1    1    1    1    1    1    1  1.62376E+09 0.03129 
   22   22    1    1    1    1    1    1    1    1  1.12511E+09 0.04221 
   23   23    1    1    1    1    1    1    1    1  3.09528E+09 0.02269 
   24   24    1    1    1    1    1    1    1    1  4.24694E+09 0.01994 
   25   25    1    1    1    1    1    1    1    1  6.57869E+09 0.01875 
   26   26    1    1    1    1    1    1    1    1  8.03669E+09 0.02004 
   27   27    1    1    1    1    1    1    1    1  1.32875E+10 0.01461 
   28   28    1    1    1    1    1    1    1    1  2.40522E+10 0.00949 
   29   29    1    1    1    1    1    1    1    1  4.33646E+10 0.00660 
   30   30    1    1    1    1    1    1    1    1  6.06335E+10 0.00622 
   31   31    1    1    1    1    1    1    1    1  1.90211E+11 0.00419 
   32   32    1    1    1    1    1    1    1    1  5.73440E+11 0.00271 
   33   33    1    1    1    1    1    1    1    1  1.06094E+12 0.00160 
   34   34    1    1    1    1    1    1    1    1  2.34530E+12 0.00124 
   35   35    1    1    1    1    1    1    1    1  3.09051E+12 0.00095 
   36   36    1    1    1    1    1    1    1    1  4.47660E+12 0.00070 
   37   37    1    1    1    1    1    1    1    1  3.17070E+12 0.00077 
   38   38    1    1    1    1    1    1    1    1  1.00665E+12 0.00087 
   39   39    1    1    1    1    1    1    1    1  5.39276E+12 0.00062 
   40   40    1    1    1    1    1    1    1    1  7.18894E+12 0.00064 
   41   41    1    1    1    1    1    1    1    1  1.20066E+13 0.00060 
   42   42    1    1    1    1    1    1    1    1  1.24763E+13 0.00040 
   43   43    1    1    1    1    1    1    1    1  2.54582E+13 0.00046 
   44   44    1    1    1    1    1    1    1    1  3.03970E+13 0.00036 
   45   45    1    1    1    1    1    1    1    1  4.32370E+13 0.00032 
   46   46    1    1    1    1    1    1    1    1  8.31526E+13 0.00019 
   47   47    1    1    1    1    1    1    1    1  3.96802E+13 0.00017 
   48   48    1    1    1    1    1    1    1    1  6.41200E+13 0.00017 
   49   49    1    1    1    1    1    1    1    1  8.90728E+13 0.00015 
   50   50    1    1    1    1    1    1    1    1  8.81494E+13 0.00012 
   51   51    1    1    1    1    1    1    1    1  1.34535E+14 0.00019 
   52   52    1    1    1    1    1    1    1    1  1.09342E+14 0.00017 
   53   53    1    1    1    1    1    1    1    1  1.26122E+14 0.00014 
   54   54    1    1    1    1    1    1    1    1  8.85776E+13 0.00015 
   55   55    1    1    1    1    1    1    1    1  1.05439E+14 0.00018 
   56   56    1    1    1    1    1    1    1    1  7.32999E+13 0.00019 
   57   57    1    1    1    1    1    1    1    1  1.00697E+13 0.00035 
   58   58    1    1    1    1    1    1    1    1  1.45696E+14 0.00014 
   59   59    1    1    1    1    1    1    1    1  6.27878E+13 0.00015 
   60   60    1    1    1    1    1    1    1    1  6.74474E+13 0.00019 
   61   61    1    1    1    1    1    1    1    1  5.13593E+13 0.00030 
   62   62    1    1    1    1    1    1    1    1  5.18239E+13 0.00021 
   63   63    1    1    1    1    1    1    1    1  5.35755E+13 0.00024 
   64   64    1    1    1    1    1    1    1    1  4.47700E+13 0.00031 
   65   65    1    1    1    1    1    1    1    1  3.56625E+13 0.00039 
   66   66    1    1    1    1    1    1    1    1  3.53384E+13 0.00028 
   67   67    1    1    1    1    1    1    1    1  2.56626E+13 0.00026 
   68   68    1    1    1    1    1    1    1    1  2.10888E+13 0.00029 
   69   69    1    1    1    1    1    1    1    1  1.89866E+13 0.00040 
   70   70    1    1    1    1    1    1    1    1  2.28248E+13 0.00037 
   71   71    1    1    1    1    1    1    1    1  1.95215E+13 0.00047 
   72   72    1    1    1    1    1    1    1    1  3.63660E+13 0.00026 
   73   73    1    1    1    1    1    1    1    1  2.59240E+13 0.00041 
   74   74    1    1    1    1    1    1    1    1  1.94750E+13 0.00032 
   75   75    1    1    1    1    1    1    1    1  1.53575E+13 0.00042 
   76   76    1    1    1    1    1    1    1    1  1.24799E+13 0.00044 
   77   77    1    1    1    1    1    1    1    1  1.41875E+13 0.00042 
   78   78    1    1    1    1    1    1    1    1  1.09893E+13 0.00058 
   79   79    1    1    1    1    1    1    1    1  8.60498E+12 0.00065 
   80   80    1    1    1    1    1    1    1    1  8.76292E+12 0.00068 
   81   81    1    1    1    1    1    1    1    1  6.44894E+12 0.00090 
   82   82    1    1    1    1    1    1    1    1  4.94412E+12 0.00090 
   83   83    1    1    1    1    1    1    1    1  3.78351E+12 0.00089 
   84   84    1    1    1    1    1    1    1    1  3.53495E+12 0.00063 
   85   85    1    1    1    1    1    1    1    1  2.54066E+12 0.00089 
   86   86    1    1    1    1    1    1    1    1  1.82782E+12 0.00112 
   87   87    1    1    1    1    1    1    1    1  1.70452E+12 0.00166 
   88   88    1    1    1    1    1    1    1    1  1.05543E+12 0.00159 
   89   89    1    1    1    1    1    1    1    1  7.16512E+11 0.00197 
   90   90    1    1    1    1    1    1    1    1  4.16703E+11 0.00262 
   91   91    1    1    1    1    1    1    1    1  5.33195E+11 0.00260 
   92   92    1    1    1    1    1    1    1    1  0.00000E+00 0.00000 
   93   93    1    1    1    1    1    1    1    1  0.00000E+00 0.00000 
   94   94    1    1    1    1    1    1    1    1  0.00000E+00 0.00000 
   95   95    1    1    1    1    1    1    1    1  0.00000E+00 0.00000 
   96   96    1    1    1    1    1    1    1    1  0.00000E+00 0.00000 
   97   97    1    1    1    1    1    1    1    1  0.00000E+00 0.00000 
   98   98    1    1    1    1    1    1    1    1  0.00000E+00 0.00000 
   99   99    1    1    1    1    1    1    1    1  0.00000E+00 0.00000 
  100  100    1    1    1    1    1    1    1    1  0.00000E+00 0.00000 
];


