
DETdpaspec = [
    1    1    1    1    1    1    1    1    1    1  0.00000E+00 0.00000 
    2    2    1    1    1    1    1    1    1    1  0.00000E+00 0.00000 
    3    3    1    1    1    1    1    1    1    1  0.00000E+00 0.00000 
    4    4    1    1    1    1    1    1    1    1  0.00000E+00 0.00000 
    5    5    1    1    1    1    1    1    1    1  0.00000E+00 0.00000 
    6    6    1    1    1    1    1    1    1    1  0.00000E+00 0.00000 
    7    7    1    1    1    1    1    1    1    1  0.00000E+00 0.00000 
    8    8    1    1    1    1    1    1    1    1  0.00000E+00 0.00000 
    9    9    1    1    1    1    1    1    1    1  0.00000E+00 0.00000 
   10   10    1    1    1    1    1    1    1    1  0.00000E+00 0.00000 
   11   11    1    1    1    1    1    1    1    1  0.00000E+00 0.00000 
   12   12    1    1    1    1    1    1    1    1  0.00000E+00 0.00000 
   13   13    1    1    1    1    1    1    1    1  0.00000E+00 0.00000 
   14   14    1    1    1    1    1    1    1    1  0.00000E+00 0.00000 
   15   15    1    1    1    1    1    1    1    1  0.00000E+00 0.00000 
   16   16    1    1    1    1    1    1    1    1  0.00000E+00 0.00000 
   17   17    1    1    1    1    1    1    1    1  0.00000E+00 0.00000 
   18   18    1    1    1    1    1    1    1    1  0.00000E+00 0.00000 
   19   19    1    1    1    1    1    1    1    1  1.40244E+09 0.07647 
   20   20    1    1    1    1    1    1    1    1  1.35521E+08 0.12165 
   21   21    1    1    1    1    1    1    1    1  6.20695E+08 0.08937 
   22   22    1    1    1    1    1    1    1    1  4.53371E+08 0.08286 
   23   23    1    1    1    1    1    1    1    1  8.46756E+08 0.04397 
   24   24    1    1    1    1    1    1    1    1  1.65833E+09 0.03575 
   25   25    1    1    1    1    1    1    1    1  3.66051E+09 0.03217 
   26   26    1    1    1    1    1    1    1    1  5.70782E+09 0.02859 
   27   27    1    1    1    1    1    1    1    1  1.22888E+10 0.01663 
   28   28    1    1    1    1    1    1    1    1  2.81658E+10 0.00806 
   29   29    1    1    1    1    1    1    1    1  7.31168E+10 0.00600 
   30   30    1    1    1    1    1    1    1    1  1.34548E+11 0.00539 
   31   31    1    1    1    1    1    1    1    1  3.23308E+11 0.00363 
   32   32    1    1    1    1    1    1    1    1  8.78509E+11 0.00220 
   33   33    1    1    1    1    1    1    1    1  1.47663E+12 0.00164 
   34   34    1    1    1    1    1    1    1    1  3.31344E+12 0.00113 
   35   35    1    1    1    1    1    1    1    1  4.47293E+12 0.00097 
   36   36    1    1    1    1    1    1    1    1  5.14613E+12 0.00092 
   37   37    1    1    1    1    1    1    1    1  3.28474E+12 0.00070 
   38   38    1    1    1    1    1    1    1    1  9.79132E+11 0.00064 
   39   39    1    1    1    1    1    1    1    1  5.56477E+12 0.00069 
   40   40    1    1    1    1    1    1    1    1  7.43803E+12 0.00055 
   41   41    1    1    1    1    1    1    1    1  1.27574E+13 0.00054 
   42   42    1    1    1    1    1    1    1    1  1.24747E+13 0.00039 
   43   43    1    1    1    1    1    1    1    1  2.66911E+13 0.00034 
   44   44    1    1    1    1    1    1    1    1  3.19608E+13 0.00028 
   45   45    1    1    1    1    1    1    1    1  4.55436E+13 0.00027 
   46   46    1    1    1    1    1    1    1    1  8.97891E+13 0.00025 
   47   47    1    1    1    1    1    1    1    1  4.09859E+13 0.00018 
   48   48    1    1    1    1    1    1    1    1  6.49074E+13 0.00016 
   49   49    1    1    1    1    1    1    1    1  8.95452E+13 0.00016 
   50   50    1    1    1    1    1    1    1    1  8.69250E+13 0.00021 
   51   51    1    1    1    1    1    1    1    1  1.35193E+14 0.00014 
   52   52    1    1    1    1    1    1    1    1  1.04799E+14 0.00019 
   53   53    1    1    1    1    1    1    1    1  1.25073E+14 0.00016 
   54   54    1    1    1    1    1    1    1    1  8.57355E+13 0.00012 
   55   55    1    1    1    1    1    1    1    1  1.05658E+14 0.00014 
   56   56    1    1    1    1    1    1    1    1  7.20401E+13 0.00017 
   57   57    1    1    1    1    1    1    1    1  9.72788E+12 0.00035 
   58   58    1    1    1    1    1    1    1    1  1.41761E+14 0.00013 
   59   59    1    1    1    1    1    1    1    1  6.39085E+13 0.00017 
   60   60    1    1    1    1    1    1    1    1  6.71226E+13 0.00022 
   61   61    1    1    1    1    1    1    1    1  5.26052E+13 0.00020 
   62   62    1    1    1    1    1    1    1    1  5.24240E+13 0.00023 
   63   63    1    1    1    1    1    1    1    1  5.44233E+13 0.00023 
   64   64    1    1    1    1    1    1    1    1  4.56229E+13 0.00029 
   65   65    1    1    1    1    1    1    1    1  3.59798E+13 0.00023 
   66   66    1    1    1    1    1    1    1    1  3.54635E+13 0.00027 
   67   67    1    1    1    1    1    1    1    1  2.55422E+13 0.00027 
   68   68    1    1    1    1    1    1    1    1  2.06594E+13 0.00031 
   69   69    1    1    1    1    1    1    1    1  1.84454E+13 0.00032 
   70   70    1    1    1    1    1    1    1    1  2.20909E+13 0.00042 
   71   71    1    1    1    1    1    1    1    1  1.86688E+13 0.00046 
   72   72    1    1    1    1    1    1    1    1  3.32894E+13 0.00034 
   73   73    1    1    1    1    1    1    1    1  2.33094E+13 0.00035 
   74   74    1    1    1    1    1    1    1    1  1.75152E+13 0.00054 
   75   75    1    1    1    1    1    1    1    1  1.41545E+13 0.00046 
   76   76    1    1    1    1    1    1    1    1  1.18585E+13 0.00051 
   77   77    1    1    1    1    1    1    1    1  1.38294E+13 0.00059 
   78   78    1    1    1    1    1    1    1    1  1.10250E+13 0.00069 
   79   79    1    1    1    1    1    1    1    1  8.83041E+12 0.00066 
   80   80    1    1    1    1    1    1    1    1  9.17046E+12 0.00055 
   81   81    1    1    1    1    1    1    1    1  6.81568E+12 0.00074 
   82   82    1    1    1    1    1    1    1    1  5.26436E+12 0.00097 
   83   83    1    1    1    1    1    1    1    1  4.04805E+12 0.00094 
   84   84    1    1    1    1    1    1    1    1  3.78930E+12 0.00077 
   85   85    1    1    1    1    1    1    1    1  2.72953E+12 0.00088 
   86   86    1    1    1    1    1    1    1    1  1.97390E+12 0.00123 
   87   87    1    1    1    1    1    1    1    1  1.84574E+12 0.00156 
   88   88    1    1    1    1    1    1    1    1  1.13231E+12 0.00174 
   89   89    1    1    1    1    1    1    1    1  7.59764E+11 0.00198 
   90   90    1    1    1    1    1    1    1    1  4.40288E+11 0.00312 
   91   91    1    1    1    1    1    1    1    1  5.55612E+11 0.00320 
   92   92    1    1    1    1    1    1    1    1  0.00000E+00 0.00000 
   93   93    1    1    1    1    1    1    1    1  0.00000E+00 0.00000 
   94   94    1    1    1    1    1    1    1    1  0.00000E+00 0.00000 
   95   95    1    1    1    1    1    1    1    1  0.00000E+00 0.00000 
   96   96    1    1    1    1    1    1    1    1  0.00000E+00 0.00000 
   97   97    1    1    1    1    1    1    1    1  0.00000E+00 0.00000 
   98   98    1    1    1    1    1    1    1    1  0.00000E+00 0.00000 
   99   99    1    1    1    1    1    1    1    1  0.00000E+00 0.00000 
  100  100    1    1    1    1    1    1    1    1  0.00000E+00 0.00000 
];


