
DETdpaspec = [
    1    1    1    1    1    1    1    1    1    1  0.00000E+00 0.00000 
    2    2    1    1    1    1    1    1    1    1  0.00000E+00 0.00000 
    3    3    1    1    1    1    1    1    1    1  0.00000E+00 0.00000 
    4    4    1    1    1    1    1    1    1    1  0.00000E+00 0.00000 
    5    5    1    1    1    1    1    1    1    1  0.00000E+00 0.00000 
    6    6    1    1    1    1    1    1    1    1  0.00000E+00 0.00000 
    7    7    1    1    1    1    1    1    1    1  0.00000E+00 0.00000 
    8    8    1    1    1    1    1    1    1    1  0.00000E+00 0.00000 
    9    9    1    1    1    1    1    1    1    1  0.00000E+00 0.00000 
   10   10    1    1    1    1    1    1    1    1  0.00000E+00 0.00000 
   11   11    1    1    1    1    1    1    1    1  0.00000E+00 0.00000 
   12   12    1    1    1    1    1    1    1    1  0.00000E+00 0.00000 
   13   13    1    1    1    1    1    1    1    1  0.00000E+00 0.00000 
   14   14    1    1    1    1    1    1    1    1  0.00000E+00 0.00000 
   15   15    1    1    1    1    1    1    1    1  0.00000E+00 0.00000 
   16   16    1    1    1    1    1    1    1    1  0.00000E+00 0.00000 
   17   17    1    1    1    1    1    1    1    1  0.00000E+00 0.00000 
   18   18    1    1    1    1    1    1    1    1  0.00000E+00 0.00000 
   19   19    1    1    1    1    1    1    1    1  1.37627E+09 0.07664 
   20   20    1    1    1    1    1    1    1    1  2.53541E+08 0.07601 
   21   21    1    1    1    1    1    1    1    1  6.93509E+08 0.07445 
   22   22    1    1    1    1    1    1    1    1  5.68435E+08 0.05590 
   23   23    1    1    1    1    1    1    1    1  1.40684E+09 0.04891 
   24   24    1    1    1    1    1    1    1    1  2.19988E+09 0.03526 
   25   25    1    1    1    1    1    1    1    1  3.53057E+09 0.03124 
   26   26    1    1    1    1    1    1    1    1  4.43755E+09 0.02266 
   27   27    1    1    1    1    1    1    1    1  7.66872E+09 0.01891 
   28   28    1    1    1    1    1    1    1    1  1.52534E+10 0.01401 
   29   29    1    1    1    1    1    1    1    1  3.61299E+10 0.00909 
   30   30    1    1    1    1    1    1    1    1  6.27011E+10 0.00638 
   31   31    1    1    1    1    1    1    1    1  1.75535E+11 0.00441 
   32   32    1    1    1    1    1    1    1    1  5.37840E+11 0.00245 
   33   33    1    1    1    1    1    1    1    1  9.85354E+11 0.00192 
   34   34    1    1    1    1    1    1    1    1  2.33500E+12 0.00154 
   35   35    1    1    1    1    1    1    1    1  3.26197E+12 0.00136 
   36   36    1    1    1    1    1    1    1    1  4.17140E+12 0.00097 
   37   37    1    1    1    1    1    1    1    1  2.81442E+12 0.00085 
   38   38    1    1    1    1    1    1    1    1  8.58708E+11 0.00081 
   39   39    1    1    1    1    1    1    1    1  4.82983E+12 0.00076 
   40   40    1    1    1    1    1    1    1    1  6.50820E+12 0.00062 
   41   41    1    1    1    1    1    1    1    1  1.12137E+13 0.00048 
   42   42    1    1    1    1    1    1    1    1  1.12619E+13 0.00051 
   43   43    1    1    1    1    1    1    1    1  2.40202E+13 0.00034 
   44   44    1    1    1    1    1    1    1    1  2.90066E+13 0.00038 
   45   45    1    1    1    1    1    1    1    1  4.17950E+13 0.00027 
   46   46    1    1    1    1    1    1    1    1  8.32471E+13 0.00034 
   47   47    1    1    1    1    1    1    1    1  3.89411E+13 0.00028 
   48   48    1    1    1    1    1    1    1    1  6.23464E+13 0.00023 
   49   49    1    1    1    1    1    1    1    1  8.69581E+13 0.00017 
   50   50    1    1    1    1    1    1    1    1  8.54206E+13 0.00019 
   51   51    1    1    1    1    1    1    1    1  1.33213E+14 0.00017 
   52   52    1    1    1    1    1    1    1    1  1.05425E+14 0.00015 
   53   53    1    1    1    1    1    1    1    1  1.25366E+14 0.00018 
   54   54    1    1    1    1    1    1    1    1  8.69634E+13 0.00015 
   55   55    1    1    1    1    1    1    1    1  1.06606E+14 0.00015 
   56   56    1    1    1    1    1    1    1    1  7.33022E+13 0.00010 
   57   57    1    1    1    1    1    1    1    1  9.95205E+12 0.00037 
   58   58    1    1    1    1    1    1    1    1  1.45203E+14 0.00012 
   59   59    1    1    1    1    1    1    1    1  6.48829E+13 0.00026 
   60   60    1    1    1    1    1    1    1    1  6.87583E+13 0.00015 
   61   61    1    1    1    1    1    1    1    1  5.36051E+13 0.00027 
   62   62    1    1    1    1    1    1    1    1  5.36954E+13 0.00028 
   63   63    1    1    1    1    1    1    1    1  5.58198E+13 0.00021 
   64   64    1    1    1    1    1    1    1    1  4.68621E+13 0.00029 
   65   65    1    1    1    1    1    1    1    1  3.71906E+13 0.00031 
   66   66    1    1    1    1    1    1    1    1  3.68155E+13 0.00029 
   67   67    1    1    1    1    1    1    1    1  2.66129E+13 0.00037 
   68   68    1    1    1    1    1    1    1    1  2.16619E+13 0.00040 
   69   69    1    1    1    1    1    1    1    1  1.94026E+13 0.00043 
   70   70    1    1    1    1    1    1    1    1  2.33041E+13 0.00041 
   71   71    1    1    1    1    1    1    1    1  1.98111E+13 0.00041 
   72   72    1    1    1    1    1    1    1    1  3.58811E+13 0.00039 
   73   73    1    1    1    1    1    1    1    1  2.53289E+13 0.00042 
   74   74    1    1    1    1    1    1    1    1  1.90877E+13 0.00048 
   75   75    1    1    1    1    1    1    1    1  1.53605E+13 0.00051 
   76   76    1    1    1    1    1    1    1    1  1.27620E+13 0.00053 
   77   77    1    1    1    1    1    1    1    1  1.47905E+13 0.00063 
   78   78    1    1    1    1    1    1    1    1  1.17218E+13 0.00065 
   79   79    1    1    1    1    1    1    1    1  9.34041E+12 0.00063 
   80   80    1    1    1    1    1    1    1    1  9.65518E+12 0.00081 
   81   81    1    1    1    1    1    1    1    1  7.16429E+12 0.00074 
   82   82    1    1    1    1    1    1    1    1  5.52018E+12 0.00106 
   83   83    1    1    1    1    1    1    1    1  4.23955E+12 0.00098 
   84   84    1    1    1    1    1    1    1    1  3.97083E+12 0.00108 
   85   85    1    1    1    1    1    1    1    1  2.86244E+12 0.00093 
   86   86    1    1    1    1    1    1    1    1  2.06103E+12 0.00128 
   87   87    1    1    1    1    1    1    1    1  1.93177E+12 0.00117 
   88   88    1    1    1    1    1    1    1    1  1.19006E+12 0.00176 
   89   89    1    1    1    1    1    1    1    1  8.03130E+11 0.00231 
   90   90    1    1    1    1    1    1    1    1  4.64509E+11 0.00304 
   91   91    1    1    1    1    1    1    1    1  5.86640E+11 0.00277 
   92   92    1    1    1    1    1    1    1    1  0.00000E+00 0.00000 
   93   93    1    1    1    1    1    1    1    1  0.00000E+00 0.00000 
   94   94    1    1    1    1    1    1    1    1  0.00000E+00 0.00000 
   95   95    1    1    1    1    1    1    1    1  0.00000E+00 0.00000 
   96   96    1    1    1    1    1    1    1    1  0.00000E+00 0.00000 
   97   97    1    1    1    1    1    1    1    1  0.00000E+00 0.00000 
   98   98    1    1    1    1    1    1    1    1  0.00000E+00 0.00000 
   99   99    1    1    1    1    1    1    1    1  0.00000E+00 0.00000 
  100  100    1    1    1    1    1    1    1    1  0.00000E+00 0.00000 
];


