
DETdpaspec = [
    1    1    1    1    1    1    1    1    1    1  0.00000E+00 0.00000 
    2    2    1    1    1    1    1    1    1    1  0.00000E+00 0.00000 
    3    3    1    1    1    1    1    1    1    1  0.00000E+00 0.00000 
    4    4    1    1    1    1    1    1    1    1  1.71617E+07 1.00000 
    5    5    1    1    1    1    1    1    1    1  0.00000E+00 0.00000 
    6    6    1    1    1    1    1    1    1    1  1.49607E+07 1.00000 
    7    7    1    1    1    1    1    1    1    1  0.00000E+00 0.00000 
    8    8    1    1    1    1    1    1    1    1  0.00000E+00 0.00000 
    9    9    1    1    1    1    1    1    1    1  0.00000E+00 0.00000 
   10   10    1    1    1    1    1    1    1    1  4.56961E+07 1.00000 
   11   11    1    1    1    1    1    1    1    1  0.00000E+00 0.00000 
   12   12    1    1    1    1    1    1    1    1  7.77173E+07 0.68825 
   13   13    1    1    1    1    1    1    1    1  1.89106E+09 0.39705 
   14   14    1    1    1    1    1    1    1    1  7.69426E+09 0.35332 
   15   15    1    1    1    1    1    1    1    1  8.27649E+09 0.35449 
   16   16    1    1    1    1    1    1    1    1  2.64291E+09 0.19665 
   17   17    1    1    1    1    1    1    1    1  3.94955E+09 0.29255 
   18   18    1    1    1    1    1    1    1    1  8.81636E+09 0.17821 
   19   19    1    1    1    1    1    1    1    1  1.36336E+10 0.14940 
   20   20    1    1    1    1    1    1    1    1  3.70453E+10 0.14224 
   21   21    1    1    1    1    1    1    1    1  3.43111E+10 0.10921 
   22   22    1    1    1    1    1    1    1    1  6.59116E+10 0.10092 
   23   23    1    1    1    1    1    1    1    1  1.19372E+11 0.06701 
   24   24    1    1    1    1    1    1    1    1  1.72450E+11 0.05620 
   25   25    1    1    1    1    1    1    1    1  2.19033E+11 0.04957 
   26   26    1    1    1    1    1    1    1    1  3.54477E+11 0.04594 
   27   27    1    1    1    1    1    1    1    1  6.52203E+11 0.04483 
   28   28    1    1    1    1    1    1    1    1  1.49925E+12 0.02537 
   29   29    1    1    1    1    1    1    1    1  2.54748E+12 0.01728 
   30   30    1    1    1    1    1    1    1    1  7.21150E+12 0.01432 
   31   31    1    1    1    1    1    1    1    1  2.24775E+13 0.00722 
   32   32    1    1    1    1    1    1    1    1  4.27171E+13 0.00450 
   33   33    1    1    1    1    1    1    1    1  1.02963E+14 0.00400 
   34   34    1    1    1    1    1    1    1    1  1.44735E+14 0.00261 
   35   35    1    1    1    1    1    1    1    1  1.87470E+14 0.00206 
   36   36    1    1    1    1    1    1    1    1  1.26307E+14 0.00189 
   37   37    1    1    1    1    1    1    1    1  3.85507E+13 0.00184 
   38   38    1    1    1    1    1    1    1    1  2.17568E+14 0.00203 
   39   39    1    1    1    1    1    1    1    1  2.94759E+14 0.00179 
   40   40    1    1    1    1    1    1    1    1  5.08830E+14 0.00109 
   41   41    1    1    1    1    1    1    1    1  5.16043E+14 0.00119 
   42   42    1    1    1    1    1    1    1    1  1.11378E+15 0.00107 
   43   43    1    1    1    1    1    1    1    1  1.35908E+15 0.00106 
   44   44    1    1    1    1    1    1    1    1  1.98379E+15 0.00113 
   45   45    1    1    1    1    1    1    1    1  3.98191E+15 0.00073 
   46   46    1    1    1    1    1    1    1    1  1.86348E+15 0.00079 
   47   47    1    1    1    1    1    1    1    1  3.01799E+15 0.00077 
   48   48    1    1    1    1    1    1    1    1  4.22685E+15 0.00077 
   49   49    1    1    1    1    1    1    1    1  4.20227E+15 0.00075 
   50   50    1    1    1    1    1    1    1    1  6.58294E+15 0.00076 
   51   51    1    1    1    1    1    1    1    1  5.25845E+15 0.00085 
   52   52    1    1    1    1    1    1    1    1  6.28684E+15 0.00088 
   53   53    1    1    1    1    1    1    1    1  4.37641E+15 0.00077 
   54   54    1    1    1    1    1    1    1    1  5.37713E+15 0.00089 
   55   55    1    1    1    1    1    1    1    1  3.70233E+15 0.00070 
   56   56    1    1    1    1    1    1    1    1  5.03386E+14 0.00076 
   57   57    1    1    1    1    1    1    1    1  7.38043E+15 0.00069 
   58   58    1    1    1    1    1    1    1    1  3.29991E+15 0.00064 
   59   59    1    1    1    1    1    1    1    1  3.51356E+15 0.00075 
   60   60    1    1    1    1    1    1    1    1  2.73974E+15 0.00075 
   61   61    1    1    1    1    1    1    1    1  2.74714E+15 0.00081 
   62   62    1    1    1    1    1    1    1    1  2.86760E+15 0.00080 
   63   63    1    1    1    1    1    1    1    1  2.41630E+15 0.00072 
   64   64    1    1    1    1    1    1    1    1  1.92586E+15 0.00116 
   65   65    1    1    1    1    1    1    1    1  1.91467E+15 0.00094 
   66   66    1    1    1    1    1    1    1    1  1.37841E+15 0.00110 
   67   67    1    1    1    1    1    1    1    1  1.12359E+15 0.00103 
   68   68    1    1    1    1    1    1    1    1  1.00783E+15 0.00107 
   69   69    1    1    1    1    1    1    1    1  1.21168E+15 0.00118 
   70   70    1    1    1    1    1    1    1    1  1.02961E+15 0.00104 
   71   71    1    1    1    1    1    1    1    1  1.87415E+15 0.00088 
   72   72    1    1    1    1    1    1    1    1  1.32739E+15 0.00106 
   73   73    1    1    1    1    1    1    1    1  1.00018E+15 0.00098 
   74   74    1    1    1    1    1    1    1    1  8.04776E+14 0.00150 
   75   75    1    1    1    1    1    1    1    1  6.67056E+14 0.00142 
   76   76    1    1    1    1    1    1    1    1  7.76909E+14 0.00125 
   77   77    1    1    1    1    1    1    1    1  6.14431E+14 0.00149 
   78   78    1    1    1    1    1    1    1    1  4.90780E+14 0.00129 
   79   79    1    1    1    1    1    1    1    1  5.05890E+14 0.00195 
   80   80    1    1    1    1    1    1    1    1  3.74748E+14 0.00183 
   81   81    1    1    1    1    1    1    1    1  2.88261E+14 0.00225 
   82   82    1    1    1    1    1    1    1    1  2.21658E+14 0.00153 
   83   83    1    1    1    1    1    1    1    1  2.07466E+14 0.00256 
   84   84    1    1    1    1    1    1    1    1  1.49513E+14 0.00336 
   85   85    1    1    1    1    1    1    1    1  1.08008E+14 0.00296 
   86   86    1    1    1    1    1    1    1    1  1.00605E+14 0.00292 
   87   87    1    1    1    1    1    1    1    1  6.23822E+13 0.00436 
   88   88    1    1    1    1    1    1    1    1  4.19799E+13 0.00555 
   89   89    1    1    1    1    1    1    1    1  2.39577E+13 0.00611 
   90   90    1    1    1    1    1    1    1    1  1.61073E+13 0.00574 
   91   91    1    1    1    1    1    1    1    1  8.01720E+12 0.00825 
   92   92    1    1    1    1    1    1    1    1  3.92040E+12 0.01399 
   93   93    1    1    1    1    1    1    1    1  1.87720E+12 0.01613 
   94   94    1    1    1    1    1    1    1    1  8.83848E+11 0.02778 
   95   95    1    1    1    1    1    1    1    1  3.98567E+11 0.03404 
   96   96    1    1    1    1    1    1    1    1  2.25840E+11 0.06075 
   97   97    1    1    1    1    1    1    1    1  1.03943E+11 0.11101 
   98   98    1    1    1    1    1    1    1    1  4.63262E+10 0.13592 
   99   99    1    1    1    1    1    1    1    1  2.18475E+10 0.20129 
  100  100    1    1    1    1    1    1    1    1  1.91269E+10 0.20085 
];


