
DETdpaspec = [
    1    1    1    1    1    1    1    1    1    1  0.00000E+00 0.00000 
    2    2    1    1    1    1    1    1    1    1  0.00000E+00 0.00000 
    3    3    1    1    1    1    1    1    1    1  0.00000E+00 0.00000 
    4    4    1    1    1    1    1    1    1    1  0.00000E+00 0.00000 
    5    5    1    1    1    1    1    1    1    1  0.00000E+00 0.00000 
    6    6    1    1    1    1    1    1    1    1  0.00000E+00 0.00000 
    7    7    1    1    1    1    1    1    1    1  0.00000E+00 0.00000 
    8    8    1    1    1    1    1    1    1    1  4.15779E+07 0.68883 
    9    9    1    1    1    1    1    1    1    1  3.73788E+07 0.71182 
   10   10    1    1    1    1    1    1    1    1  8.19719E+07 1.00000 
   11   11    1    1    1    1    1    1    1    1  5.51696E+07 1.00000 
   12   12    1    1    1    1    1    1    1    1  8.22677E+07 0.55889 
   13   13    1    1    1    1    1    1    1    1  5.37014E+08 0.55626 
   14   14    1    1    1    1    1    1    1    1  2.35372E+09 0.53612 
   15   15    1    1    1    1    1    1    1    1  3.45810E+09 0.31882 
   16   16    1    1    1    1    1    1    1    1  1.78787E+09 0.27422 
   17   17    1    1    1    1    1    1    1    1  3.10018E+09 0.21082 
   18   18    1    1    1    1    1    1    1    1  1.24303E+10 0.22795 
   19   19    1    1    1    1    1    1    1    1  1.42992E+10 0.15410 
   20   20    1    1    1    1    1    1    1    1  3.04007E+10 0.15760 
   21   21    1    1    1    1    1    1    1    1  2.91407E+10 0.15212 
   22   22    1    1    1    1    1    1    1    1  6.85878E+10 0.11158 
   23   23    1    1    1    1    1    1    1    1  9.35299E+10 0.09701 
   24   24    1    1    1    1    1    1    1    1  1.58587E+11 0.06558 
   25   25    1    1    1    1    1    1    1    1  1.83759E+11 0.04895 
   26   26    1    1    1    1    1    1    1    1  3.11308E+11 0.05181 
   27   27    1    1    1    1    1    1    1    1  5.54276E+11 0.05280 
   28   28    1    1    1    1    1    1    1    1  9.44532E+11 0.03354 
   29   29    1    1    1    1    1    1    1    1  1.25483E+12 0.01846 
   30   30    1    1    1    1    1    1    1    1  4.17734E+12 0.01399 
   31   31    1    1    1    1    1    1    1    1  1.21137E+13 0.01095 
   32   32    1    1    1    1    1    1    1    1  2.16450E+13 0.00745 
   33   33    1    1    1    1    1    1    1    1  4.47260E+13 0.00657 
   34   34    1    1    1    1    1    1    1    1  5.67731E+13 0.00677 
   35   35    1    1    1    1    1    1    1    1  8.40254E+13 0.00619 
   36   36    1    1    1    1    1    1    1    1  5.90005E+13 0.00724 
   37   37    1    1    1    1    1    1    1    1  1.89966E+13 0.00677 
   38   38    1    1    1    1    1    1    1    1  9.98096E+13 0.00727 
   39   39    1    1    1    1    1    1    1    1  1.31937E+14 0.00693 
   40   40    1    1    1    1    1    1    1    1  2.14443E+14 0.00676 
   41   41    1    1    1    1    1    1    1    1  2.25131E+14 0.00686 
   42   42    1    1    1    1    1    1    1    1  4.50083E+14 0.00638 
   43   43    1    1    1    1    1    1    1    1  5.31889E+14 0.00614 
   44   44    1    1    1    1    1    1    1    1  7.48952E+14 0.00644 
   45   45    1    1    1    1    1    1    1    1  1.39662E+15 0.00611 
   46   46    1    1    1    1    1    1    1    1  6.60742E+14 0.00599 
   47   47    1    1    1    1    1    1    1    1  1.07503E+15 0.00590 
   48   48    1    1    1    1    1    1    1    1  1.47889E+15 0.00621 
   49   49    1    1    1    1    1    1    1    1  1.47007E+15 0.00621 
   50   50    1    1    1    1    1    1    1    1  2.20804E+15 0.00635 
   51   51    1    1    1    1    1    1    1    1  1.81121E+15 0.00662 
   52   52    1    1    1    1    1    1    1    1  2.05182E+15 0.00673 
   53   53    1    1    1    1    1    1    1    1  1.43992E+15 0.00646 
   54   54    1    1    1    1    1    1    1    1  1.68407E+15 0.00642 
   55   55    1    1    1    1    1    1    1    1  1.17563E+15 0.00626 
   56   56    1    1    1    1    1    1    1    1  1.62146E+14 0.00661 
   57   57    1    1    1    1    1    1    1    1  2.33995E+15 0.00674 
   58   58    1    1    1    1    1    1    1    1  9.87532E+14 0.00665 
   59   59    1    1    1    1    1    1    1    1  1.06381E+15 0.00679 
   60   60    1    1    1    1    1    1    1    1  7.98105E+14 0.00665 
   61   61    1    1    1    1    1    1    1    1  8.06888E+14 0.00698 
   62   62    1    1    1    1    1    1    1    1  8.31155E+14 0.00720 
   63   63    1    1    1    1    1    1    1    1  6.91913E+14 0.00711 
   64   64    1    1    1    1    1    1    1    1  5.50281E+14 0.00724 
   65   65    1    1    1    1    1    1    1    1  5.44027E+14 0.00748 
   66   66    1    1    1    1    1    1    1    1  3.93404E+14 0.00730 
   67   67    1    1    1    1    1    1    1    1  3.23439E+14 0.00725 
   68   68    1    1    1    1    1    1    1    1  2.92303E+14 0.00706 
   69   69    1    1    1    1    1    1    1    1  3.50743E+14 0.00685 
   70   70    1    1    1    1    1    1    1    1  3.00287E+14 0.00678 
   71   71    1    1    1    1    1    1    1    1  5.65668E+14 0.00694 
   72   72    1    1    1    1    1    1    1    1  4.03603E+14 0.00685 
   73   73    1    1    1    1    1    1    1    1  3.00874E+14 0.00713 
   74   74    1    1    1    1    1    1    1    1  2.33785E+14 0.00724 
   75   75    1    1    1    1    1    1    1    1  1.87649E+14 0.00762 
   76   76    1    1    1    1    1    1    1    1  2.11258E+14 0.00727 
   77   77    1    1    1    1    1    1    1    1  1.60621E+14 0.00785 
   78   78    1    1    1    1    1    1    1    1  1.25133E+14 0.00666 
   79   79    1    1    1    1    1    1    1    1  1.26914E+14 0.00738 
   80   80    1    1    1    1    1    1    1    1  9.31535E+13 0.00773 
   81   81    1    1    1    1    1    1    1    1  7.06890E+13 0.00649 
   82   82    1    1    1    1    1    1    1    1  5.38155E+13 0.00787 
   83   83    1    1    1    1    1    1    1    1  5.01831E+13 0.00590 
   84   84    1    1    1    1    1    1    1    1  3.61016E+13 0.00860 
   85   85    1    1    1    1    1    1    1    1  2.59279E+13 0.00825 
   86   86    1    1    1    1    1    1    1    1  2.42384E+13 0.00886 
   87   87    1    1    1    1    1    1    1    1  1.50217E+13 0.01178 
   88   88    1    1    1    1    1    1    1    1  1.02455E+13 0.01253 
   89   89    1    1    1    1    1    1    1    1  5.93298E+12 0.01034 
   90   90    1    1    1    1    1    1    1    1  3.95309E+12 0.01942 
   91   91    1    1    1    1    1    1    1    1  1.97935E+12 0.01617 
   92   92    1    1    1    1    1    1    1    1  9.45501E+11 0.03610 
   93   93    1    1    1    1    1    1    1    1  4.57865E+11 0.05632 
   94   94    1    1    1    1    1    1    1    1  2.30753E+11 0.04441 
   95   95    1    1    1    1    1    1    1    1  1.04241E+11 0.08372 
   96   96    1    1    1    1    1    1    1    1  4.98918E+10 0.11705 
   97   97    1    1    1    1    1    1    1    1  2.46115E+10 0.16907 
   98   98    1    1    1    1    1    1    1    1  1.62738E+10 0.28524 
   99   99    1    1    1    1    1    1    1    1  2.88704E+09 0.37909 
  100  100    1    1    1    1    1    1    1    1  5.03023E+09 0.46055 
];


