
DETdpaspec = [
    1    1    1    1    1    1    1    1    1    1  0.00000E+00 0.00000 
    2    2    1    1    1    1    1    1    1    1  0.00000E+00 0.00000 
    3    3    1    1    1    1    1    1    1    1  0.00000E+00 0.00000 
    4    4    1    1    1    1    1    1    1    1  0.00000E+00 0.00000 
    5    5    1    1    1    1    1    1    1    1  0.00000E+00 0.00000 
    6    6    1    1    1    1    1    1    1    1  0.00000E+00 0.00000 
    7    7    1    1    1    1    1    1    1    1  1.92103E+07 1.00000 
    8    8    1    1    1    1    1    1    1    1  0.00000E+00 0.00000 
    9    9    1    1    1    1    1    1    1    1  4.18594E+07 0.70613 
   10   10    1    1    1    1    1    1    1    1  1.65321E+08 0.74672 
   11   11    1    1    1    1    1    1    1    1  0.00000E+00 0.00000 
   12   12    1    1    1    1    1    1    1    1  5.66622E+07 0.64064 
   13   13    1    1    1    1    1    1    1    1  3.59855E+09 0.47407 
   14   14    1    1    1    1    1    1    1    1  6.41222E+09 0.30369 
   15   15    1    1    1    1    1    1    1    1  9.92157E+09 0.52469 
   16   16    1    1    1    1    1    1    1    1  1.05528E+09 0.62522 
   17   17    1    1    1    1    1    1    1    1  2.73334E+09 0.26397 
   18   18    1    1    1    1    1    1    1    1  8.77834E+09 0.20009 
   19   19    1    1    1    1    1    1    1    1  9.39258E+09 0.24120 
   20   20    1    1    1    1    1    1    1    1  4.61576E+10 0.15812 
   21   21    1    1    1    1    1    1    1    1  3.46315E+10 0.13148 
   22   22    1    1    1    1    1    1    1    1  7.70703E+10 0.07861 
   23   23    1    1    1    1    1    1    1    1  1.19291E+11 0.05945 
   24   24    1    1    1    1    1    1    1    1  1.85012E+11 0.04691 
   25   25    1    1    1    1    1    1    1    1  2.33016E+11 0.05175 
   26   26    1    1    1    1    1    1    1    1  3.48516E+11 0.03208 
   27   27    1    1    1    1    1    1    1    1  6.07409E+11 0.03601 
   28   28    1    1    1    1    1    1    1    1  1.23857E+12 0.03137 
   29   29    1    1    1    1    1    1    1    1  1.91081E+12 0.01977 
   30   30    1    1    1    1    1    1    1    1  5.62164E+12 0.01337 
   31   31    1    1    1    1    1    1    1    1  1.76363E+13 0.00877 
   32   32    1    1    1    1    1    1    1    1  3.36789E+13 0.00663 
   33   33    1    1    1    1    1    1    1    1  7.99111E+13 0.00447 
   34   34    1    1    1    1    1    1    1    1  1.10975E+14 0.00188 
   35   35    1    1    1    1    1    1    1    1  1.51348E+14 0.00273 
   36   36    1    1    1    1    1    1    1    1  1.04978E+14 0.00210 
   37   37    1    1    1    1    1    1    1    1  3.26357E+13 0.00221 
   38   38    1    1    1    1    1    1    1    1  1.81131E+14 0.00174 
   39   39    1    1    1    1    1    1    1    1  2.45319E+14 0.00213 
   40   40    1    1    1    1    1    1    1    1  4.19797E+14 0.00195 
   41   41    1    1    1    1    1    1    1    1  4.31702E+14 0.00140 
   42   42    1    1    1    1    1    1    1    1  9.16977E+14 0.00148 
   43   43    1    1    1    1    1    1    1    1  1.11588E+15 0.00159 
   44   44    1    1    1    1    1    1    1    1  1.62338E+15 0.00167 
   45   45    1    1    1    1    1    1    1    1  3.22092E+15 0.00134 
   46   46    1    1    1    1    1    1    1    1  1.51839E+15 0.00141 
   47   47    1    1    1    1    1    1    1    1  2.46537E+15 0.00113 
   48   48    1    1    1    1    1    1    1    1  3.45064E+15 0.00122 
   49   49    1    1    1    1    1    1    1    1  3.43443E+15 0.00134 
   50   50    1    1    1    1    1    1    1    1  5.33152E+15 0.00121 
   51   51    1    1    1    1    1    1    1    1  4.29135E+15 0.00133 
   52   52    1    1    1    1    1    1    1    1  5.06374E+15 0.00138 
   53   53    1    1    1    1    1    1    1    1  3.52917E+15 0.00137 
   54   54    1    1    1    1    1    1    1    1  4.28096E+15 0.00123 
   55   55    1    1    1    1    1    1    1    1  2.95436E+15 0.00130 
   56   56    1    1    1    1    1    1    1    1  4.03028E+14 0.00140 
   57   57    1    1    1    1    1    1    1    1  5.88616E+15 0.00130 
   58   58    1    1    1    1    1    1    1    1  2.59170E+15 0.00155 
   59   59    1    1    1    1    1    1    1    1  2.76583E+15 0.00142 
   60   60    1    1    1    1    1    1    1    1  2.13399E+15 0.00157 
   61   61    1    1    1    1    1    1    1    1  2.14329E+15 0.00149 
   62   62    1    1    1    1    1    1    1    1  2.23068E+15 0.00156 
   63   63    1    1    1    1    1    1    1    1  1.87589E+15 0.00150 
   64   64    1    1    1    1    1    1    1    1  1.49204E+15 0.00158 
   65   65    1    1    1    1    1    1    1    1  1.48195E+15 0.00145 
   66   66    1    1    1    1    1    1    1    1  1.06658E+15 0.00144 
   67   67    1    1    1    1    1    1    1    1  8.71540E+14 0.00180 
   68   68    1    1    1    1    1    1    1    1  7.85118E+14 0.00152 
   69   69    1    1    1    1    1    1    1    1  9.40593E+14 0.00172 
   70   70    1    1    1    1    1    1    1    1  8.01698E+14 0.00160 
   71   71    1    1    1    1    1    1    1    1  1.47085E+15 0.00167 
   72   72    1    1    1    1    1    1    1    1  1.04382E+15 0.00153 
   73   73    1    1    1    1    1    1    1    1  7.85604E+14 0.00187 
   74   74    1    1    1    1    1    1    1    1  6.26998E+14 0.00194 
   75   75    1    1    1    1    1    1    1    1  5.15055E+14 0.00200 
   76   76    1    1    1    1    1    1    1    1  5.94056E+14 0.00195 
   77   77    1    1    1    1    1    1    1    1  4.64631E+14 0.00198 
   78   78    1    1    1    1    1    1    1    1  3.69150E+14 0.00224 
   79   79    1    1    1    1    1    1    1    1  3.79749E+14 0.00212 
   80   80    1    1    1    1    1    1    1    1  2.80159E+14 0.00170 
   81   81    1    1    1    1    1    1    1    1  2.15448E+14 0.00271 
   82   82    1    1    1    1    1    1    1    1  1.64814E+14 0.00207 
   83   83    1    1    1    1    1    1    1    1  1.54022E+14 0.00272 
   84   84    1    1    1    1    1    1    1    1  1.10706E+14 0.00325 
   85   85    1    1    1    1    1    1    1    1  8.01866E+13 0.00325 
   86   86    1    1    1    1    1    1    1    1  7.48378E+13 0.00391 
   87   87    1    1    1    1    1    1    1    1  4.62629E+13 0.00586 
   88   88    1    1    1    1    1    1    1    1  3.11925E+13 0.00438 
   89   89    1    1    1    1    1    1    1    1  1.80766E+13 0.00876 
   90   90    1    1    1    1    1    1    1    1  1.18940E+13 0.00779 
   91   91    1    1    1    1    1    1    1    1  6.02156E+12 0.01077 
   92   92    1    1    1    1    1    1    1    1  2.93896E+12 0.01925 
   93   93    1    1    1    1    1    1    1    1  1.39747E+12 0.02104 
   94   94    1    1    1    1    1    1    1    1  6.91751E+11 0.04465 
   95   95    1    1    1    1    1    1    1    1  3.33743E+11 0.06785 
   96   96    1    1    1    1    1    1    1    1  1.64159E+11 0.05275 
   97   97    1    1    1    1    1    1    1    1  7.81267E+10 0.12068 
   98   98    1    1    1    1    1    1    1    1  4.11261E+10 0.18762 
   99   99    1    1    1    1    1    1    1    1  1.50089E+10 0.25436 
  100  100    1    1    1    1    1    1    1    1  1.47863E+10 0.28525 
];


