
DETdpaspec = [
    1    1    1    1    1    1    1    1    1    1  0.00000E+00 0.00000 
    2    2    1    1    1    1    1    1    1    1  0.00000E+00 0.00000 
    3    3    1    1    1    1    1    1    1    1  0.00000E+00 0.00000 
    4    4    1    1    1    1    1    1    1    1  0.00000E+00 0.00000 
    5    5    1    1    1    1    1    1    1    1  0.00000E+00 0.00000 
    6    6    1    1    1    1    1    1    1    1  0.00000E+00 0.00000 
    7    7    1    1    1    1    1    1    1    1  0.00000E+00 0.00000 
    8    8    1    1    1    1    1    1    1    1  0.00000E+00 0.00000 
    9    9    1    1    1    1    1    1    1    1  1.71015E+07 1.00000 
   10   10    1    1    1    1    1    1    1    1  0.00000E+00 0.00000 
   11   11    1    1    1    1    1    1    1    1  2.10461E+08 0.46458 
   12   12    1    1    1    1    1    1    1    1  7.95466E+07 0.57726 
   13   13    1    1    1    1    1    1    1    1  1.33685E+09 0.40506 
   14   14    1    1    1    1    1    1    1    1  3.14625E+09 0.46475 
   15   15    1    1    1    1    1    1    1    1  3.83957E+09 0.32000 
   16   16    1    1    1    1    1    1    1    1  2.68195E+09 0.23595 
   17   17    1    1    1    1    1    1    1    1  3.16238E+09 0.20239 
   18   18    1    1    1    1    1    1    1    1  7.27673E+09 0.25184 
   19   19    1    1    1    1    1    1    1    1  1.05517E+10 0.14713 
   20   20    1    1    1    1    1    1    1    1  4.16263E+10 0.12000 
   21   21    1    1    1    1    1    1    1    1  3.05815E+10 0.11154 
   22   22    1    1    1    1    1    1    1    1  7.20827E+10 0.07844 
   23   23    1    1    1    1    1    1    1    1  1.01056E+11 0.08860 
   24   24    1    1    1    1    1    1    1    1  1.55742E+11 0.06275 
   25   25    1    1    1    1    1    1    1    1  1.95072E+11 0.05371 
   26   26    1    1    1    1    1    1    1    1  3.06569E+11 0.03839 
   27   27    1    1    1    1    1    1    1    1  5.48689E+11 0.03442 
   28   28    1    1    1    1    1    1    1    1  1.02207E+12 0.02700 
   29   29    1    1    1    1    1    1    1    1  1.51873E+12 0.02384 
   30   30    1    1    1    1    1    1    1    1  4.68642E+12 0.01059 
   31   31    1    1    1    1    1    1    1    1  1.45469E+13 0.00533 
   32   32    1    1    1    1    1    1    1    1  2.73622E+13 0.00478 
   33   33    1    1    1    1    1    1    1    1  6.34870E+13 0.00346 
   34   34    1    1    1    1    1    1    1    1  8.66722E+13 0.00305 
   35   35    1    1    1    1    1    1    1    1  1.22728E+14 0.00226 
   36   36    1    1    1    1    1    1    1    1  8.55654E+13 0.00269 
   37   37    1    1    1    1    1    1    1    1  2.68953E+13 0.00222 
   38   38    1    1    1    1    1    1    1    1  1.47945E+14 0.00215 
   39   39    1    1    1    1    1    1    1    1  1.99022E+14 0.00164 
   40   40    1    1    1    1    1    1    1    1  3.38257E+14 0.00164 
   41   41    1    1    1    1    1    1    1    1  3.49448E+14 0.00172 
   42   42    1    1    1    1    1    1    1    1  7.33186E+14 0.00154 
   43   43    1    1    1    1    1    1    1    1  8.87516E+14 0.00142 
   44   44    1    1    1    1    1    1    1    1  1.28246E+15 0.00112 
   45   45    1    1    1    1    1    1    1    1  2.50596E+15 0.00078 
   46   46    1    1    1    1    1    1    1    1  1.18200E+15 0.00098 
   47   47    1    1    1    1    1    1    1    1  1.92299E+15 0.00103 
   48   48    1    1    1    1    1    1    1    1  2.67996E+15 0.00096 
   49   49    1    1    1    1    1    1    1    1  2.66772E+15 0.00109 
   50   50    1    1    1    1    1    1    1    1  4.09736E+15 0.00105 
   51   51    1    1    1    1    1    1    1    1  3.31266E+15 0.00097 
   52   52    1    1    1    1    1    1    1    1  3.86306E+15 0.00100 
   53   53    1    1    1    1    1    1    1    1  2.69276E+15 0.00092 
   54   54    1    1    1    1    1    1    1    1  3.23284E+15 0.00094 
   55   55    1    1    1    1    1    1    1    1  2.23226E+15 0.00099 
   56   56    1    1    1    1    1    1    1    1  3.05453E+14 0.00152 
   57   57    1    1    1    1    1    1    1    1  4.44235E+15 0.00101 
   58   58    1    1    1    1    1    1    1    1  1.93218E+15 0.00124 
   59   59    1    1    1    1    1    1    1    1  2.06385E+15 0.00138 
   60   60    1    1    1    1    1    1    1    1  1.57753E+15 0.00132 
   61   61    1    1    1    1    1    1    1    1  1.58617E+15 0.00137 
   62   62    1    1    1    1    1    1    1    1  1.64692E+15 0.00125 
   63   63    1    1    1    1    1    1    1    1  1.37643E+15 0.00163 
   64   64    1    1    1    1    1    1    1    1  1.09561E+15 0.00177 
   65   65    1    1    1    1    1    1    1    1  1.08670E+15 0.00125 
   66   66    1    1    1    1    1    1    1    1  7.80981E+14 0.00162 
   67   67    1    1    1    1    1    1    1    1  6.39911E+14 0.00147 
   68   68    1    1    1    1    1    1    1    1  5.75759E+14 0.00134 
   69   69    1    1    1    1    1    1    1    1  6.91692E+14 0.00159 
   70   70    1    1    1    1    1    1    1    1  5.90139E+14 0.00178 
   71   71    1    1    1    1    1    1    1    1  1.08590E+15 0.00170 
   72   72    1    1    1    1    1    1    1    1  7.69792E+14 0.00146 
   73   73    1    1    1    1    1    1    1    1  5.77923E+14 0.00183 
   74   74    1    1    1    1    1    1    1    1  4.58243E+14 0.00213 
   75   75    1    1    1    1    1    1    1    1  3.73993E+14 0.00218 
   76   76    1    1    1    1    1    1    1    1  4.28409E+14 0.00167 
   77   77    1    1    1    1    1    1    1    1  3.33301E+14 0.00190 
   78   78    1    1    1    1    1    1    1    1  2.63748E+14 0.00209 
   79   79    1    1    1    1    1    1    1    1  2.69307E+14 0.00165 
   80   80    1    1    1    1    1    1    1    1  1.98000E+14 0.00268 
   81   81    1    1    1    1    1    1    1    1  1.52326E+14 0.00338 
   82   82    1    1    1    1    1    1    1    1  1.16442E+14 0.00374 
   83   83    1    1    1    1    1    1    1    1  1.09111E+14 0.00254 
   84   84    1    1    1    1    1    1    1    1  7.86289E+13 0.00316 
   85   85    1    1    1    1    1    1    1    1  5.64764E+13 0.00595 
   86   86    1    1    1    1    1    1    1    1  5.30243E+13 0.00294 
   87   87    1    1    1    1    1    1    1    1  3.28618E+13 0.00458 
   88   88    1    1    1    1    1    1    1    1  2.21922E+13 0.00529 
   89   89    1    1    1    1    1    1    1    1  1.28520E+13 0.00937 
   90   90    1    1    1    1    1    1    1    1  8.59621E+12 0.01053 
   91   91    1    1    1    1    1    1    1    1  4.37480E+12 0.01445 
   92   92    1    1    1    1    1    1    1    1  2.12633E+12 0.01807 
   93   93    1    1    1    1    1    1    1    1  9.99585E+11 0.02269 
   94   94    1    1    1    1    1    1    1    1  5.25305E+11 0.03869 
   95   95    1    1    1    1    1    1    1    1  2.58999E+11 0.05079 
   96   96    1    1    1    1    1    1    1    1  1.08488E+11 0.10499 
   97   97    1    1    1    1    1    1    1    1  5.27621E+10 0.12599 
   98   98    1    1    1    1    1    1    1    1  2.09369E+10 0.20761 
   99   99    1    1    1    1    1    1    1    1  1.36599E+10 0.24129 
  100  100    1    1    1    1    1    1    1    1  1.41402E+10 0.19625 
];


