
DETdpaspec = [
    1    1    1    1    1    1    1    1    1    1  0.00000E+00 0.00000 
    2    2    1    1    1    1    1    1    1    1  0.00000E+00 0.00000 
    3    3    1    1    1    1    1    1    1    1  0.00000E+00 0.00000 
    4    4    1    1    1    1    1    1    1    1  9.20312E+06 1.00000 
    5    5    1    1    1    1    1    1    1    1  0.00000E+00 0.00000 
    6    6    1    1    1    1    1    1    1    1  0.00000E+00 0.00000 
    7    7    1    1    1    1    1    1    1    1  2.16135E+07 1.00000 
    8    8    1    1    1    1    1    1    1    1  0.00000E+00 0.00000 
    9    9    1    1    1    1    1    1    1    1  1.95424E+07 1.00000 
   10   10    1    1    1    1    1    1    1    1  9.96129E+07 0.69213 
   11   11    1    1    1    1    1    1    1    1  1.37445E+08 1.00000 
   12   12    1    1    1    1    1    1    1    1  5.64610E+07 0.83279 
   13   13    1    1    1    1    1    1    1    1  4.86870E+08 0.69400 
   14   14    1    1    1    1    1    1    1    1  2.93483E+09 0.39185 
   15   15    1    1    1    1    1    1    1    1  4.60307E+09 0.38858 
   16   16    1    1    1    1    1    1    1    1  7.62552E+08 0.35887 
   17   17    1    1    1    1    1    1    1    1  1.49704E+09 0.30550 
   18   18    1    1    1    1    1    1    1    1  5.43418E+09 0.28941 
   19   19    1    1    1    1    1    1    1    1  8.03440E+09 0.18453 
   20   20    1    1    1    1    1    1    1    1  1.95397E+10 0.14774 
   21   21    1    1    1    1    1    1    1    1  1.45184E+10 0.15050 
   22   22    1    1    1    1    1    1    1    1  4.16378E+10 0.09968 
   23   23    1    1    1    1    1    1    1    1  4.43110E+10 0.09647 
   24   24    1    1    1    1    1    1    1    1  7.62649E+10 0.08399 
   25   25    1    1    1    1    1    1    1    1  9.16033E+10 0.06892 
   26   26    1    1    1    1    1    1    1    1  1.90653E+11 0.07684 
   27   27    1    1    1    1    1    1    1    1  3.26330E+11 0.04587 
   28   28    1    1    1    1    1    1    1    1  5.42346E+11 0.03550 
   29   29    1    1    1    1    1    1    1    1  7.36766E+11 0.03691 
   30   30    1    1    1    1    1    1    1    1  2.44149E+12 0.02704 
   31   31    1    1    1    1    1    1    1    1  7.35374E+12 0.01428 
   32   32    1    1    1    1    1    1    1    1  1.35749E+13 0.01227 
   33   33    1    1    1    1    1    1    1    1  2.93121E+13 0.00582 
   34   34    1    1    1    1    1    1    1    1  3.81644E+13 0.00551 
   35   35    1    1    1    1    1    1    1    1  5.54801E+13 0.00373 
   36   36    1    1    1    1    1    1    1    1  3.87844E+13 0.00398 
   37   37    1    1    1    1    1    1    1    1  1.24152E+13 0.00410 
   38   38    1    1    1    1    1    1    1    1  6.64719E+13 0.00424 
   39   39    1    1    1    1    1    1    1    1  8.84379E+13 0.00362 
   40   40    1    1    1    1    1    1    1    1  1.45880E+14 0.00380 
   41   41    1    1    1    1    1    1    1    1  1.52810E+14 0.00402 
   42   42    1    1    1    1    1    1    1    1  3.10722E+14 0.00366 
   43   43    1    1    1    1    1    1    1    1  3.69718E+14 0.00360 
   44   44    1    1    1    1    1    1    1    1  5.24601E+14 0.00327 
   45   45    1    1    1    1    1    1    1    1  9.91901E+14 0.00326 
   46   46    1    1    1    1    1    1    1    1  4.67053E+14 0.00314 
   47   47    1    1    1    1    1    1    1    1  7.58001E+14 0.00305 
   48   48    1    1    1    1    1    1    1    1  1.04302E+15 0.00299 
   49   49    1    1    1    1    1    1    1    1  1.03310E+15 0.00314 
   50   50    1    1    1    1    1    1    1    1  1.55551E+15 0.00336 
   51   51    1    1    1    1    1    1    1    1  1.26345E+15 0.00344 
   52   52    1    1    1    1    1    1    1    1  1.43740E+15 0.00352 
   53   53    1    1    1    1    1    1    1    1  1.00044E+15 0.00385 
   54   54    1    1    1    1    1    1    1    1  1.17779E+15 0.00377 
   55   55    1    1    1    1    1    1    1    1  8.15713E+14 0.00415 
   56   56    1    1    1    1    1    1    1    1  1.12010E+14 0.00385 
   57   57    1    1    1    1    1    1    1    1  1.61745E+15 0.00394 
   58   58    1    1    1    1    1    1    1    1  6.85154E+14 0.00420 
   59   59    1    1    1    1    1    1    1    1  7.34606E+14 0.00403 
   60   60    1    1    1    1    1    1    1    1  5.51961E+14 0.00393 
   61   61    1    1    1    1    1    1    1    1  5.57357E+14 0.00392 
   62   62    1    1    1    1    1    1    1    1  5.74368E+14 0.00397 
   63   63    1    1    1    1    1    1    1    1  4.76906E+14 0.00379 
   64   64    1    1    1    1    1    1    1    1  3.77749E+14 0.00438 
   65   65    1    1    1    1    1    1    1    1  3.74301E+14 0.00366 
   66   66    1    1    1    1    1    1    1    1  2.68677E+14 0.00496 
   67   67    1    1    1    1    1    1    1    1  2.20179E+14 0.00542 
   68   68    1    1    1    1    1    1    1    1  1.98604E+14 0.00425 
   69   69    1    1    1    1    1    1    1    1  2.38034E+14 0.00445 
   70   70    1    1    1    1    1    1    1    1  2.03032E+14 0.00501 
   71   71    1    1    1    1    1    1    1    1  3.80281E+14 0.00471 
   72   72    1    1    1    1    1    1    1    1  2.68649E+14 0.00458 
   73   73    1    1    1    1    1    1    1    1  1.99912E+14 0.00450 
   74   74    1    1    1    1    1    1    1    1  1.57047E+14 0.00519 
   75   75    1    1    1    1    1    1    1    1  1.27045E+14 0.00604 
   76   76    1    1    1    1    1    1    1    1  1.43930E+14 0.00551 
   77   77    1    1    1    1    1    1    1    1  1.10833E+14 0.00487 
   78   78    1    1    1    1    1    1    1    1  8.59935E+13 0.00556 
   79   79    1    1    1    1    1    1    1    1  8.71914E+13 0.00489 
   80   80    1    1    1    1    1    1    1    1  6.41535E+13 0.00652 
   81   81    1    1    1    1    1    1    1    1  4.87244E+13 0.00726 
   82   82    1    1    1    1    1    1    1    1  3.72126E+13 0.00690 
   83   83    1    1    1    1    1    1    1    1  3.49821E+13 0.00738 
   84   84    1    1    1    1    1    1    1    1  2.48648E+13 0.00766 
   85   85    1    1    1    1    1    1    1    1  1.80180E+13 0.00693 
   86   86    1    1    1    1    1    1    1    1  1.68620E+13 0.00782 
   87   87    1    1    1    1    1    1    1    1  1.05127E+13 0.00896 
   88   88    1    1    1    1    1    1    1    1  7.21632E+12 0.01146 
   89   89    1    1    1    1    1    1    1    1  4.05950E+12 0.01606 
   90   90    1    1    1    1    1    1    1    1  2.77215E+12 0.01659 
   91   91    1    1    1    1    1    1    1    1  1.42351E+12 0.02313 
   92   92    1    1    1    1    1    1    1    1  7.16520E+11 0.03475 
   93   93    1    1    1    1    1    1    1    1  3.05926E+11 0.05817 
   94   94    1    1    1    1    1    1    1    1  1.55869E+11 0.07730 
   95   95    1    1    1    1    1    1    1    1  8.40461E+10 0.09563 
   96   96    1    1    1    1    1    1    1    1  4.39335E+10 0.14760 
   97   97    1    1    1    1    1    1    1    1  1.10865E+10 0.17831 
   98   98    1    1    1    1    1    1    1    1  1.04821E+10 0.22704 
   99   99    1    1    1    1    1    1    1    1  3.36185E+09 0.63551 
  100  100    1    1    1    1    1    1    1    1  1.50846E+09 0.57886 
];


