
DETdpaspec = [
    1    1    1    1    1    1    1    1    1    1  0.00000E+00 0.00000 
    2    2    1    1    1    1    1    1    1    1  0.00000E+00 0.00000 
    3    3    1    1    1    1    1    1    1    1  0.00000E+00 0.00000 
    4    4    1    1    1    1    1    1    1    1  0.00000E+00 0.00000 
    5    5    1    1    1    1    1    1    1    1  0.00000E+00 0.00000 
    6    6    1    1    1    1    1    1    1    1  0.00000E+00 0.00000 
    7    7    1    1    1    1    1    1    1    1  0.00000E+00 0.00000 
    8    8    1    1    1    1    1    1    1    1  0.00000E+00 0.00000 
    9    9    1    1    1    1    1    1    1    1  1.01491E+08 0.69746 
   10   10    1    1    1    1    1    1    1    1  2.02637E+08 0.69442 
   11   11    1    1    1    1    1    1    1    1  5.92310E+07 1.00000 
   12   12    1    1    1    1    1    1    1    1  1.39170E+08 0.46155 
   13   13    1    1    1    1    1    1    1    1  1.43229E+09 0.39284 
   14   14    1    1    1    1    1    1    1    1  4.04419E+09 0.26621 
   15   15    1    1    1    1    1    1    1    1  5.03251E+09 0.37372 
   16   16    1    1    1    1    1    1    1    1  2.27132E+09 0.30666 
   17   17    1    1    1    1    1    1    1    1  1.56552E+09 0.49712 
   18   18    1    1    1    1    1    1    1    1  5.60878E+09 0.25886 
   19   19    1    1    1    1    1    1    1    1  9.26825E+09 0.19678 
   20   20    1    1    1    1    1    1    1    1  2.69974E+10 0.15628 
   21   21    1    1    1    1    1    1    1    1  2.09191E+10 0.12642 
   22   22    1    1    1    1    1    1    1    1  6.30453E+10 0.10233 
   23   23    1    1    1    1    1    1    1    1  7.99176E+10 0.09059 
   24   24    1    1    1    1    1    1    1    1  1.42195E+11 0.04856 
   25   25    1    1    1    1    1    1    1    1  1.56377E+11 0.05620 
   26   26    1    1    1    1    1    1    1    1  2.39855E+11 0.05918 
   27   27    1    1    1    1    1    1    1    1  4.39208E+11 0.03871 
   28   28    1    1    1    1    1    1    1    1  7.60573E+11 0.03196 
   29   29    1    1    1    1    1    1    1    1  1.07622E+12 0.02925 
   30   30    1    1    1    1    1    1    1    1  3.42665E+12 0.01624 
   31   31    1    1    1    1    1    1    1    1  1.06536E+13 0.00911 
   32   32    1    1    1    1    1    1    1    1  1.98457E+13 0.00728 
   33   33    1    1    1    1    1    1    1    1  4.44388E+13 0.00471 
   34   34    1    1    1    1    1    1    1    1  5.96465E+13 0.00376 
   35   35    1    1    1    1    1    1    1    1  8.55439E+13 0.00448 
   36   36    1    1    1    1    1    1    1    1  6.00623E+13 0.00352 
   37   37    1    1    1    1    1    1    1    1  1.90125E+13 0.00314 
   38   38    1    1    1    1    1    1    1    1  1.02962E+14 0.00255 
   39   39    1    1    1    1    1    1    1    1  1.38118E+14 0.00259 
   40   40    1    1    1    1    1    1    1    1  2.31410E+14 0.00233 
   41   41    1    1    1    1    1    1    1    1  2.40638E+14 0.00219 
   42   42    1    1    1    1    1    1    1    1  4.99428E+14 0.00222 
   43   43    1    1    1    1    1    1    1    1  5.99873E+14 0.00219 
   44   44    1    1    1    1    1    1    1    1  8.59791E+14 0.00189 
   45   45    1    1    1    1    1    1    1    1  1.65128E+15 0.00159 
   46   46    1    1    1    1    1    1    1    1  7.77672E+14 0.00154 
   47   47    1    1    1    1    1    1    1    1  1.26492E+15 0.00154 
   48   48    1    1    1    1    1    1    1    1  1.75301E+15 0.00184 
   49   49    1    1    1    1    1    1    1    1  1.73578E+15 0.00187 
   50   50    1    1    1    1    1    1    1    1  2.64246E+15 0.00180 
   51   51    1    1    1    1    1    1    1    1  2.14037E+15 0.00173 
   52   52    1    1    1    1    1    1    1    1  2.46669E+15 0.00175 
   53   53    1    1    1    1    1    1    1    1  1.71593E+15 0.00178 
   54   54    1    1    1    1    1    1    1    1  2.03767E+15 0.00159 
   55   55    1    1    1    1    1    1    1    1  1.40650E+15 0.00140 
   56   56    1    1    1    1    1    1    1    1  1.92308E+14 0.00189 
   57   57    1    1    1    1    1    1    1    1  2.79266E+15 0.00164 
   58   58    1    1    1    1    1    1    1    1  1.19837E+15 0.00165 
   59   59    1    1    1    1    1    1    1    1  1.28196E+15 0.00171 
   60   60    1    1    1    1    1    1    1    1  9.70860E+14 0.00184 
   61   61    1    1    1    1    1    1    1    1  9.77922E+14 0.00182 
   62   62    1    1    1    1    1    1    1    1  1.01262E+15 0.00178 
   63   63    1    1    1    1    1    1    1    1  8.42669E+14 0.00205 
   64   64    1    1    1    1    1    1    1    1  6.69310E+14 0.00191 
   65   65    1    1    1    1    1    1    1    1  6.61855E+14 0.00251 
   66   66    1    1    1    1    1    1    1    1  4.75161E+14 0.00237 
   67   67    1    1    1    1    1    1    1    1  3.89908E+14 0.00220 
   68   68    1    1    1    1    1    1    1    1  3.51888E+14 0.00256 
   69   69    1    1    1    1    1    1    1    1  4.20937E+14 0.00255 
   70   70    1    1    1    1    1    1    1    1  3.58250E+14 0.00281 
   71   71    1    1    1    1    1    1    1    1  6.63844E+14 0.00256 
   72   72    1    1    1    1    1    1    1    1  4.70198E+14 0.00243 
   73   73    1    1    1    1    1    1    1    1  3.52312E+14 0.00218 
   74   74    1    1    1    1    1    1    1    1  2.76964E+14 0.00281 
   75   75    1    1    1    1    1    1    1    1  2.25420E+14 0.00181 
   76   76    1    1    1    1    1    1    1    1  2.56649E+14 0.00212 
   77   77    1    1    1    1    1    1    1    1  1.98359E+14 0.00229 
   78   78    1    1    1    1    1    1    1    1  1.54622E+14 0.00264 
   79   79    1    1    1    1    1    1    1    1  1.58402E+14 0.00318 
   80   80    1    1    1    1    1    1    1    1  1.16664E+14 0.00264 
   81   81    1    1    1    1    1    1    1    1  8.93036E+13 0.00366 
   82   82    1    1    1    1    1    1    1    1  6.81935E+13 0.00351 
   83   83    1    1    1    1    1    1    1    1  6.38199E+13 0.00425 
   84   84    1    1    1    1    1    1    1    1  4.58361E+13 0.00398 
   85   85    1    1    1    1    1    1    1    1  3.27702E+13 0.00504 
   86   86    1    1    1    1    1    1    1    1  3.10396E+13 0.00511 
   87   87    1    1    1    1    1    1    1    1  1.92310E+13 0.00650 
   88   88    1    1    1    1    1    1    1    1  1.28977E+13 0.00936 
   89   89    1    1    1    1    1    1    1    1  7.45061E+12 0.01246 
   90   90    1    1    1    1    1    1    1    1  4.84360E+12 0.01226 
   91   91    1    1    1    1    1    1    1    1  2.54213E+12 0.02079 
   92   92    1    1    1    1    1    1    1    1  1.19480E+12 0.02378 
   93   93    1    1    1    1    1    1    1    1  5.79272E+11 0.04460 
   94   94    1    1    1    1    1    1    1    1  2.81746E+11 0.04478 
   95   95    1    1    1    1    1    1    1    1  1.42813E+11 0.07342 
   96   96    1    1    1    1    1    1    1    1  6.54059E+10 0.09383 
   97   97    1    1    1    1    1    1    1    1  4.37569E+10 0.16571 
   98   98    1    1    1    1    1    1    1    1  1.94878E+10 0.24525 
   99   99    1    1    1    1    1    1    1    1  9.24682E+09 0.32159 
  100  100    1    1    1    1    1    1    1    1  7.39849E+09 0.45391 
];


