
DETdpaspec = [
    1    1    1    1    1    1    1    1    1    1  0.00000E+00 0.00000 
    2    2    1    1    1    1    1    1    1    1  0.00000E+00 0.00000 
    3    3    1    1    1    1    1    1    1    1  0.00000E+00 0.00000 
    4    4    1    1    1    1    1    1    1    1  0.00000E+00 0.00000 
    5    5    1    1    1    1    1    1    1    1  0.00000E+00 0.00000 
    6    6    1    1    1    1    1    1    1    1  0.00000E+00 0.00000 
    7    7    1    1    1    1    1    1    1    1  4.34699E+07 1.00000 
    8    8    1    1    1    1    1    1    1    1  1.77927E+07 1.00000 
    9    9    1    1    1    1    1    1    1    1  0.00000E+00 0.00000 
   10   10    1    1    1    1    1    1    1    1  1.68253E+08 0.55139 
   11   11    1    1    1    1    1    1    1    1  1.27653E+08 0.69445 
   12   12    1    1    1    1    1    1    1    1  2.28508E+07 1.00000 
   13   13    1    1    1    1    1    1    1    1  9.22938E+08 0.42593 
   14   14    1    1    1    1    1    1    1    1  1.25158E+09 0.45535 
   15   15    1    1    1    1    1    1    1    1  2.25257E+09 0.63785 
   16   16    1    1    1    1    1    1    1    1  8.45629E+08 0.72591 
   17   17    1    1    1    1    1    1    1    1  2.68698E+09 0.32491 
   18   18    1    1    1    1    1    1    1    1  7.36893E+09 0.33949 
   19   19    1    1    1    1    1    1    1    1  5.35392E+09 0.25225 
   20   20    1    1    1    1    1    1    1    1  1.88620E+10 0.17594 
   21   21    1    1    1    1    1    1    1    1  1.18650E+10 0.13089 
   22   22    1    1    1    1    1    1    1    1  4.53534E+10 0.11685 
   23   23    1    1    1    1    1    1    1    1  6.79616E+10 0.08675 
   24   24    1    1    1    1    1    1    1    1  9.24180E+10 0.09156 
   25   25    1    1    1    1    1    1    1    1  1.11701E+11 0.08519 
   26   26    1    1    1    1    1    1    1    1  1.73399E+11 0.06150 
   27   27    1    1    1    1    1    1    1    1  3.24542E+11 0.04827 
   28   28    1    1    1    1    1    1    1    1  5.28585E+11 0.03131 
   29   29    1    1    1    1    1    1    1    1  7.55991E+11 0.02611 
   30   30    1    1    1    1    1    1    1    1  2.43159E+12 0.01430 
   31   31    1    1    1    1    1    1    1    1  7.30034E+12 0.00673 
   32   32    1    1    1    1    1    1    1    1  1.35284E+13 0.00827 
   33   33    1    1    1    1    1    1    1    1  2.91239E+13 0.00691 
   34   34    1    1    1    1    1    1    1    1  3.80518E+13 0.00566 
   35   35    1    1    1    1    1    1    1    1  5.54065E+13 0.00482 
   36   36    1    1    1    1    1    1    1    1  3.86575E+13 0.00493 
   37   37    1    1    1    1    1    1    1    1  1.23795E+13 0.00542 
   38   38    1    1    1    1    1    1    1    1  6.62088E+13 0.00487 
   39   39    1    1    1    1    1    1    1    1  8.80989E+13 0.00420 
   40   40    1    1    1    1    1    1    1    1  1.45488E+14 0.00425 
   41   41    1    1    1    1    1    1    1    1  1.52372E+14 0.00467 
   42   42    1    1    1    1    1    1    1    1  3.10606E+14 0.00417 
   43   43    1    1    1    1    1    1    1    1  3.70374E+14 0.00443 
   44   44    1    1    1    1    1    1    1    1  5.26172E+14 0.00356 
   45   45    1    1    1    1    1    1    1    1  9.90245E+14 0.00388 
   46   46    1    1    1    1    1    1    1    1  4.66189E+14 0.00370 
   47   47    1    1    1    1    1    1    1    1  7.56347E+14 0.00390 
   48   48    1    1    1    1    1    1    1    1  1.04247E+15 0.00425 
   49   49    1    1    1    1    1    1    1    1  1.03188E+15 0.00426 
   50   50    1    1    1    1    1    1    1    1  1.55411E+15 0.00396 
   51   51    1    1    1    1    1    1    1    1  1.25885E+15 0.00408 
   52   52    1    1    1    1    1    1    1    1  1.43533E+15 0.00379 
   53   53    1    1    1    1    1    1    1    1  1.00131E+15 0.00392 
   54   54    1    1    1    1    1    1    1    1  1.17615E+15 0.00405 
   55   55    1    1    1    1    1    1    1    1  8.12409E+14 0.00401 
   56   56    1    1    1    1    1    1    1    1  1.11592E+14 0.00390 
   57   57    1    1    1    1    1    1    1    1  1.61125E+15 0.00385 
   58   58    1    1    1    1    1    1    1    1  6.83421E+14 0.00388 
   59   59    1    1    1    1    1    1    1    1  7.31126E+14 0.00459 
   60   60    1    1    1    1    1    1    1    1  5.49822E+14 0.00485 
   61   61    1    1    1    1    1    1    1    1  5.53575E+14 0.00425 
   62   62    1    1    1    1    1    1    1    1  5.73405E+14 0.00427 
   63   63    1    1    1    1    1    1    1    1  4.76278E+14 0.00371 
   64   64    1    1    1    1    1    1    1    1  3.77106E+14 0.00422 
   65   65    1    1    1    1    1    1    1    1  3.72639E+14 0.00362 
   66   66    1    1    1    1    1    1    1    1  2.67178E+14 0.00449 
   67   67    1    1    1    1    1    1    1    1  2.19871E+14 0.00464 
   68   68    1    1    1    1    1    1    1    1  1.97958E+14 0.00401 
   69   69    1    1    1    1    1    1    1    1  2.36928E+14 0.00475 
   70   70    1    1    1    1    1    1    1    1  2.02545E+14 0.00470 
   71   71    1    1    1    1    1    1    1    1  3.76729E+14 0.00527 
   72   72    1    1    1    1    1    1    1    1  2.67295E+14 0.00449 
   73   73    1    1    1    1    1    1    1    1  2.00106E+14 0.00429 
   74   74    1    1    1    1    1    1    1    1  1.56562E+14 0.00433 
   75   75    1    1    1    1    1    1    1    1  1.26316E+14 0.00491 
   76   76    1    1    1    1    1    1    1    1  1.42400E+14 0.00505 
   77   77    1    1    1    1    1    1    1    1  1.09803E+14 0.00463 
   78   78    1    1    1    1    1    1    1    1  8.57748E+13 0.00531 
   79   79    1    1    1    1    1    1    1    1  8.70315E+13 0.00446 
   80   80    1    1    1    1    1    1    1    1  6.40091E+13 0.00549 
   81   81    1    1    1    1    1    1    1    1  4.87517E+13 0.00705 
   82   82    1    1    1    1    1    1    1    1  3.73835E+13 0.00609 
   83   83    1    1    1    1    1    1    1    1  3.50097E+13 0.00681 
   84   84    1    1    1    1    1    1    1    1  2.51350E+13 0.00640 
   85   85    1    1    1    1    1    1    1    1  1.78788E+13 0.00615 
   86   86    1    1    1    1    1    1    1    1  1.67490E+13 0.00802 
   87   87    1    1    1    1    1    1    1    1  1.03910E+13 0.00850 
   88   88    1    1    1    1    1    1    1    1  7.06970E+12 0.01058 
   89   89    1    1    1    1    1    1    1    1  4.08172E+12 0.01305 
   90   90    1    1    1    1    1    1    1    1  2.68274E+12 0.01781 
   91   91    1    1    1    1    1    1    1    1  1.37932E+12 0.02892 
   92   92    1    1    1    1    1    1    1    1  6.70236E+11 0.03568 
   93   93    1    1    1    1    1    1    1    1  3.58532E+11 0.04329 
   94   94    1    1    1    1    1    1    1    1  1.80520E+11 0.05356 
   95   95    1    1    1    1    1    1    1    1  9.07520E+10 0.08709 
   96   96    1    1    1    1    1    1    1    1  4.70971E+10 0.15392 
   97   97    1    1    1    1    1    1    1    1  2.17956E+10 0.25412 
   98   98    1    1    1    1    1    1    1    1  8.92833E+09 0.33532 
   99   99    1    1    1    1    1    1    1    1  4.86818E+09 0.50063 
  100  100    1    1    1    1    1    1    1    1  1.14872E+09 0.54612 
];


