
DETdpaspec = [
    1    1    1    1    1    1    1    1    1    1  0.00000E+00 0.00000 
    2    2    1    1    1    1    1    1    1    1  0.00000E+00 0.00000 
    3    3    1    1    1    1    1    1    1    1  0.00000E+00 0.00000 
    4    4    1    1    1    1    1    1    1    1  1.20992E+07 1.00000 
    5    5    1    1    1    1    1    1    1    1  0.00000E+00 0.00000 
    6    6    1    1    1    1    1    1    1    1  0.00000E+00 0.00000 
    7    7    1    1    1    1    1    1    1    1  1.27514E+07 1.00000 
    8    8    1    1    1    1    1    1    1    1  0.00000E+00 0.00000 
    9    9    1    1    1    1    1    1    1    1  0.00000E+00 0.00000 
   10   10    1    1    1    1    1    1    1    1  2.36702E+08 0.78318 
   11   11    1    1    1    1    1    1    1    1  6.31820E+07 1.00000 
   12   12    1    1    1    1    1    1    1    1  5.90885E+07 0.71598 
   13   13    1    1    1    1    1    1    1    1  1.93393E+08 0.72420 
   14   14    1    1    1    1    1    1    1    1  6.38717E+09 0.28676 
   15   15    1    1    1    1    1    1    1    1  6.29202E+09 0.20471 
   16   16    1    1    1    1    1    1    1    1  1.41337E+09 0.44647 
   17   17    1    1    1    1    1    1    1    1  3.64230E+09 0.22582 
   18   18    1    1    1    1    1    1    1    1  1.16684E+10 0.25378 
   19   19    1    1    1    1    1    1    1    1  1.30879E+10 0.17226 
   20   20    1    1    1    1    1    1    1    1  5.14762E+10 0.11992 
   21   21    1    1    1    1    1    1    1    1  3.84150E+10 0.10205 
   22   22    1    1    1    1    1    1    1    1  8.21600E+10 0.06875 
   23   23    1    1    1    1    1    1    1    1  1.04647E+11 0.07177 
   24   24    1    1    1    1    1    1    1    1  1.71076E+11 0.04985 
   25   25    1    1    1    1    1    1    1    1  2.05841E+11 0.04641 
   26   26    1    1    1    1    1    1    1    1  3.20803E+11 0.05069 
   27   27    1    1    1    1    1    1    1    1  5.68026E+11 0.03473 
   28   28    1    1    1    1    1    1    1    1  1.10500E+12 0.03878 
   29   29    1    1    1    1    1    1    1    1  1.63713E+12 0.02329 
   30   30    1    1    1    1    1    1    1    1  5.11704E+12 0.01566 
   31   31    1    1    1    1    1    1    1    1  1.58049E+13 0.00949 
   32   32    1    1    1    1    1    1    1    1  2.98941E+13 0.00506 
   33   33    1    1    1    1    1    1    1    1  7.03089E+13 0.00396 
   34   34    1    1    1    1    1    1    1    1  9.71295E+13 0.00247 
   35   35    1    1    1    1    1    1    1    1  1.35234E+14 0.00242 
   36   36    1    1    1    1    1    1    1    1  9.39611E+13 0.00190 
   37   37    1    1    1    1    1    1    1    1  2.94077E+13 0.00299 
   38   38    1    1    1    1    1    1    1    1  1.62120E+14 0.00214 
   39   39    1    1    1    1    1    1    1    1  2.18684E+14 0.00196 
   40   40    1    1    1    1    1    1    1    1  3.71915E+14 0.00141 
   41   41    1    1    1    1    1    1    1    1  3.84769E+14 0.00149 
   42   42    1    1    1    1    1    1    1    1  8.12953E+14 0.00130 
   43   43    1    1    1    1    1    1    1    1  9.86484E+14 0.00161 
   44   44    1    1    1    1    1    1    1    1  1.42904E+15 0.00162 
   45   45    1    1    1    1    1    1    1    1  2.81284E+15 0.00129 
   46   46    1    1    1    1    1    1    1    1  1.32566E+15 0.00111 
   47   47    1    1    1    1    1    1    1    1  2.15447E+15 0.00117 
   48   48    1    1    1    1    1    1    1    1  3.00811E+15 0.00132 
   49   49    1    1    1    1    1    1    1    1  2.99702E+15 0.00139 
   50   50    1    1    1    1    1    1    1    1  4.62193E+15 0.00127 
   51   51    1    1    1    1    1    1    1    1  3.73086E+15 0.00124 
   52   52    1    1    1    1    1    1    1    1  4.37343E+15 0.00137 
   53   53    1    1    1    1    1    1    1    1  3.05012E+15 0.00156 
   54   54    1    1    1    1    1    1    1    1  3.67638E+15 0.00144 
   55   55    1    1    1    1    1    1    1    1  2.53874E+15 0.00143 
   56   56    1    1    1    1    1    1    1    1  3.47041E+14 0.00148 
   57   57    1    1    1    1    1    1    1    1  5.05541E+15 0.00159 
   58   58    1    1    1    1    1    1    1    1  2.20972E+15 0.00152 
   59   59    1    1    1    1    1    1    1    1  2.36174E+15 0.00135 
   60   60    1    1    1    1    1    1    1    1  1.81066E+15 0.00161 
   61   61    1    1    1    1    1    1    1    1  1.82098E+15 0.00177 
   62   62    1    1    1    1    1    1    1    1  1.89313E+15 0.00159 
   63   63    1    1    1    1    1    1    1    1  1.58620E+15 0.00175 
   64   64    1    1    1    1    1    1    1    1  1.26315E+15 0.00201 
   65   65    1    1    1    1    1    1    1    1  1.25167E+15 0.00157 
   66   66    1    1    1    1    1    1    1    1  9.01026E+14 0.00169 
   67   67    1    1    1    1    1    1    1    1  7.37125E+14 0.00183 
   68   68    1    1    1    1    1    1    1    1  6.64234E+14 0.00202 
   69   69    1    1    1    1    1    1    1    1  7.97648E+14 0.00219 
   70   70    1    1    1    1    1    1    1    1  6.80081E+14 0.00259 
   71   71    1    1    1    1    1    1    1    1  1.25247E+15 0.00175 
   72   72    1    1    1    1    1    1    1    1  8.85418E+14 0.00144 
   73   73    1    1    1    1    1    1    1    1  6.62408E+14 0.00199 
   74   74    1    1    1    1    1    1    1    1  5.27395E+14 0.00211 
   75   75    1    1    1    1    1    1    1    1  4.33658E+14 0.00205 
   76   76    1    1    1    1    1    1    1    1  4.95986E+14 0.00173 
   77   77    1    1    1    1    1    1    1    1  3.89811E+14 0.00281 
   78   78    1    1    1    1    1    1    1    1  3.07147E+14 0.00235 
   79   79    1    1    1    1    1    1    1    1  3.13986E+14 0.00185 
   80   80    1    1    1    1    1    1    1    1  2.32068E+14 0.00252 
   81   81    1    1    1    1    1    1    1    1  1.78660E+14 0.00287 
   82   82    1    1    1    1    1    1    1    1  1.36558E+14 0.00348 
   83   83    1    1    1    1    1    1    1    1  1.27700E+14 0.00372 
   84   84    1    1    1    1    1    1    1    1  9.16174E+13 0.00373 
   85   85    1    1    1    1    1    1    1    1  6.59387E+13 0.00448 
   86   86    1    1    1    1    1    1    1    1  6.16669E+13 0.00416 
   87   87    1    1    1    1    1    1    1    1  3.79641E+13 0.00474 
   88   88    1    1    1    1    1    1    1    1  2.59458E+13 0.00602 
   89   89    1    1    1    1    1    1    1    1  1.48060E+13 0.00773 
   90   90    1    1    1    1    1    1    1    1  1.00379E+13 0.00780 
   91   91    1    1    1    1    1    1    1    1  5.07960E+12 0.01403 
   92   92    1    1    1    1    1    1    1    1  2.40978E+12 0.01607 
   93   93    1    1    1    1    1    1    1    1  1.25550E+12 0.02429 
   94   94    1    1    1    1    1    1    1    1  5.99257E+11 0.03518 
   95   95    1    1    1    1    1    1    1    1  2.95540E+11 0.04179 
   96   96    1    1    1    1    1    1    1    1  1.37597E+11 0.08198 
   97   97    1    1    1    1    1    1    1    1  4.61095E+10 0.13326 
   98   98    1    1    1    1    1    1    1    1  2.21225E+10 0.18724 
   99   99    1    1    1    1    1    1    1    1  1.22320E+10 0.19917 
  100  100    1    1    1    1    1    1    1    1  1.28180E+10 0.25950 
];


