
DETdpaspec = [
    1    1    1    1    1    1    1    1    1    1  0.00000E+00 0.00000 
    2    2    1    1    1    1    1    1    1    1  0.00000E+00 0.00000 
    3    3    1    1    1    1    1    1    1    1  0.00000E+00 0.00000 
    4    4    1    1    1    1    1    1    1    1  0.00000E+00 0.00000 
    5    5    1    1    1    1    1    1    1    1  7.92607E+06 1.00000 
    6    6    1    1    1    1    1    1    1    1  0.00000E+00 0.00000 
    7    7    1    1    1    1    1    1    1    1  0.00000E+00 0.00000 
    8    8    1    1    1    1    1    1    1    1  2.12169E+07 1.00000 
    9    9    1    1    1    1    1    1    1    1  3.42929E+07 1.00000 
   10   10    1    1    1    1    1    1    1    1  0.00000E+00 0.00000 
   11   11    1    1    1    1    1    1    1    1  2.17468E+08 0.69153 
   12   12    1    1    1    1    1    1    1    1  9.54804E+07 0.48319 
   13   13    1    1    1    1    1    1    1    1  9.46393E+08 0.38351 
   14   14    1    1    1    1    1    1    1    1  4.11626E+09 0.28590 
   15   15    1    1    1    1    1    1    1    1  9.02766E+09 0.25452 
   16   16    1    1    1    1    1    1    1    1  1.75950E+09 0.55410 
   17   17    1    1    1    1    1    1    1    1  3.17014E+09 0.20050 
   18   18    1    1    1    1    1    1    1    1  1.22257E+10 0.13010 
   19   19    1    1    1    1    1    1    1    1  1.40669E+10 0.14101 
   20   20    1    1    1    1    1    1    1    1  3.71785E+10 0.11624 
   21   21    1    1    1    1    1    1    1    1  2.66617E+10 0.12838 
   22   22    1    1    1    1    1    1    1    1  1.04736E+11 0.08407 
   23   23    1    1    1    1    1    1    1    1  1.12540E+11 0.05288 
   24   24    1    1    1    1    1    1    1    1  1.69473E+11 0.05173 
   25   25    1    1    1    1    1    1    1    1  2.15122E+11 0.05675 
   26   26    1    1    1    1    1    1    1    1  3.61164E+11 0.03469 
   27   27    1    1    1    1    1    1    1    1  6.61392E+11 0.04241 
   28   28    1    1    1    1    1    1    1    1  1.09429E+12 0.02062 
   29   29    1    1    1    1    1    1    1    1  1.43090E+12 0.01896 
   30   30    1    1    1    1    1    1    1    1  4.90167E+12 0.01458 
   31   31    1    1    1    1    1    1    1    1  1.37396E+13 0.01041 
   32   32    1    1    1    1    1    1    1    1  2.45623E+13 0.00814 
   33   33    1    1    1    1    1    1    1    1  5.03290E+13 0.00637 
   34   34    1    1    1    1    1    1    1    1  6.32066E+13 0.00647 
   35   35    1    1    1    1    1    1    1    1  9.38220E+13 0.00686 
   36   36    1    1    1    1    1    1    1    1  6.56597E+13 0.00697 
   37   37    1    1    1    1    1    1    1    1  2.12147E+13 0.00698 
   38   38    1    1    1    1    1    1    1    1  1.10349E+14 0.00636 
   39   39    1    1    1    1    1    1    1    1  1.46045E+14 0.00643 
   40   40    1    1    1    1    1    1    1    1  2.35884E+14 0.00601 
   41   41    1    1    1    1    1    1    1    1  2.48854E+14 0.00592 
   42   42    1    1    1    1    1    1    1    1  4.92682E+14 0.00588 
   43   43    1    1    1    1    1    1    1    1  5.81108E+14 0.00577 
   44   44    1    1    1    1    1    1    1    1  8.14010E+14 0.00585 
   45   45    1    1    1    1    1    1    1    1  1.51064E+15 0.00645 
   46   46    1    1    1    1    1    1    1    1  7.16612E+14 0.00630 
   47   47    1    1    1    1    1    1    1    1  1.16511E+15 0.00633 
   48   48    1    1    1    1    1    1    1    1  1.60128E+15 0.00614 
   49   49    1    1    1    1    1    1    1    1  1.59070E+15 0.00637 
   50   50    1    1    1    1    1    1    1    1  2.38479E+15 0.00604 
   51   51    1    1    1    1    1    1    1    1  1.96107E+15 0.00614 
   52   52    1    1    1    1    1    1    1    1  2.21225E+15 0.00619 
   53   53    1    1    1    1    1    1    1    1  1.55721E+15 0.00608 
   54   54    1    1    1    1    1    1    1    1  1.81710E+15 0.00626 
   55   55    1    1    1    1    1    1    1    1  1.27141E+15 0.00587 
   56   56    1    1    1    1    1    1    1    1  1.76463E+14 0.00571 
   57   57    1    1    1    1    1    1    1    1  2.53277E+15 0.00595 
   58   58    1    1    1    1    1    1    1    1  1.06294E+15 0.00599 
   59   59    1    1    1    1    1    1    1    1  1.14660E+15 0.00640 
   60   60    1    1    1    1    1    1    1    1  8.58928E+14 0.00637 
   61   61    1    1    1    1    1    1    1    1  8.70692E+14 0.00654 
   62   62    1    1    1    1    1    1    1    1  8.97305E+14 0.00667 
   63   63    1    1    1    1    1    1    1    1  7.44645E+14 0.00674 
   64   64    1    1    1    1    1    1    1    1  5.94218E+14 0.00672 
   65   65    1    1    1    1    1    1    1    1  5.86478E+14 0.00666 
   66   66    1    1    1    1    1    1    1    1  4.23454E+14 0.00651 
   67   67    1    1    1    1    1    1    1    1  3.50020E+14 0.00686 
   68   68    1    1    1    1    1    1    1    1  3.15543E+14 0.00674 
   69   69    1    1    1    1    1    1    1    1  3.78449E+14 0.00699 
   70   70    1    1    1    1    1    1    1    1  3.23904E+14 0.00640 
   71   71    1    1    1    1    1    1    1    1  6.10958E+14 0.00605 
   72   72    1    1    1    1    1    1    1    1  4.36235E+14 0.00674 
   73   73    1    1    1    1    1    1    1    1  3.25774E+14 0.00569 
   74   74    1    1    1    1    1    1    1    1  2.53919E+14 0.00688 
   75   75    1    1    1    1    1    1    1    1  2.01975E+14 0.00739 
   76   76    1    1    1    1    1    1    1    1  2.26550E+14 0.00653 
   77   77    1    1    1    1    1    1    1    1  1.73173E+14 0.00706 
   78   78    1    1    1    1    1    1    1    1  1.34444E+14 0.00713 
   79   79    1    1    1    1    1    1    1    1  1.35780E+14 0.00646 
   80   80    1    1    1    1    1    1    1    1  9.90391E+13 0.00726 
   81   81    1    1    1    1    1    1    1    1  7.50913E+13 0.00777 
   82   82    1    1    1    1    1    1    1    1  5.77368E+13 0.00709 
   83   83    1    1    1    1    1    1    1    1  5.33009E+13 0.00740 
   84   84    1    1    1    1    1    1    1    1  3.82865E+13 0.00797 
   85   85    1    1    1    1    1    1    1    1  2.76737E+13 0.01222 
   86   86    1    1    1    1    1    1    1    1  2.58864E+13 0.00741 
   87   87    1    1    1    1    1    1    1    1  1.59021E+13 0.01123 
   88   88    1    1    1    1    1    1    1    1  1.08509E+13 0.01156 
   89   89    1    1    1    1    1    1    1    1  6.24246E+12 0.01159 
   90   90    1    1    1    1    1    1    1    1  4.25300E+12 0.01421 
   91   91    1    1    1    1    1    1    1    1  2.13839E+12 0.01624 
   92   92    1    1    1    1    1    1    1    1  1.04679E+12 0.02848 
   93   93    1    1    1    1    1    1    1    1  4.90583E+11 0.03418 
   94   94    1    1    1    1    1    1    1    1  2.27087E+11 0.06349 
   95   95    1    1    1    1    1    1    1    1  1.15549E+11 0.11045 
   96   96    1    1    1    1    1    1    1    1  4.71695E+10 0.11488 
   97   97    1    1    1    1    1    1    1    1  2.01443E+10 0.22782 
   98   98    1    1    1    1    1    1    1    1  1.82945E+10 0.18683 
   99   99    1    1    1    1    1    1    1    1  7.34504E+09 0.28887 
  100  100    1    1    1    1    1    1    1    1  2.92631E+09 0.52782 
];


