
DETdpaspec = [
    1    1    1    1    1    1    1    1    1    1  0.00000E+00 0.00000 
    2    2    1    1    1    1    1    1    1    1  6.31437E+06 1.00000 
    3    3    1    1    1    1    1    1    1    1  0.00000E+00 0.00000 
    4    4    1    1    1    1    1    1    1    1  0.00000E+00 0.00000 
    5    5    1    1    1    1    1    1    1    1  0.00000E+00 0.00000 
    6    6    1    1    1    1    1    1    1    1  0.00000E+00 0.00000 
    7    7    1    1    1    1    1    1    1    1  0.00000E+00 0.00000 
    8    8    1    1    1    1    1    1    1    1  1.79163E+07 1.00000 
    9    9    1    1    1    1    1    1    1    1  0.00000E+00 0.00000 
   10   10    1    1    1    1    1    1    1    1  5.73581E+07 1.00000 
   11   11    1    1    1    1    1    1    1    1  5.23381E+07 1.00000 
   12   12    1    1    1    1    1    1    1    1  2.51163E+07 0.88768 
   13   13    1    1    1    1    1    1    1    1  1.40294E+09 0.48524 
   14   14    1    1    1    1    1    1    1    1  2.92774E+09 0.45650 
   15   15    1    1    1    1    1    1    1    1  3.84468E+09 0.41103 
   16   16    1    1    1    1    1    1    1    1  5.30927E+08 0.40906 
   17   17    1    1    1    1    1    1    1    1  3.70771E+09 0.35438 
   18   18    1    1    1    1    1    1    1    1  6.27845E+09 0.24305 
   19   19    1    1    1    1    1    1    1    1  6.55754E+09 0.18375 
   20   20    1    1    1    1    1    1    1    1  1.92985E+10 0.21974 
   21   21    1    1    1    1    1    1    1    1  1.61104E+10 0.14465 
   22   22    1    1    1    1    1    1    1    1  4.39568E+10 0.09945 
   23   23    1    1    1    1    1    1    1    1  7.06192E+10 0.10374 
   24   24    1    1    1    1    1    1    1    1  9.82650E+10 0.08207 
   25   25    1    1    1    1    1    1    1    1  1.33214E+11 0.06374 
   26   26    1    1    1    1    1    1    1    1  1.69502E+11 0.06294 
   27   27    1    1    1    1    1    1    1    1  3.13236E+11 0.04215 
   28   28    1    1    1    1    1    1    1    1  5.71787E+11 0.03962 
   29   29    1    1    1    1    1    1    1    1  8.08433E+11 0.03395 
   30   30    1    1    1    1    1    1    1    1  2.65099E+12 0.01564 
   31   31    1    1    1    1    1    1    1    1  8.08820E+12 0.01049 
   32   32    1    1    1    1    1    1    1    1  1.50496E+13 0.00905 
   33   33    1    1    1    1    1    1    1    1  3.29123E+13 0.00628 
   34   34    1    1    1    1    1    1    1    1  4.31025E+13 0.00558 
   35   35    1    1    1    1    1    1    1    1  6.26160E+13 0.00500 
   36   36    1    1    1    1    1    1    1    1  4.38275E+13 0.00364 
   37   37    1    1    1    1    1    1    1    1  1.38956E+13 0.00384 
   38   38    1    1    1    1    1    1    1    1  7.49674E+13 0.00393 
   39   39    1    1    1    1    1    1    1    1  9.98087E+13 0.00360 
   40   40    1    1    1    1    1    1    1    1  1.66728E+14 0.00396 
   41   41    1    1    1    1    1    1    1    1  1.73869E+14 0.00371 
   42   42    1    1    1    1    1    1    1    1  3.56544E+14 0.00345 
   43   43    1    1    1    1    1    1    1    1  4.25298E+14 0.00313 
   44   44    1    1    1    1    1    1    1    1  6.04948E+14 0.00375 
   45   45    1    1    1    1    1    1    1    1  1.15104E+15 0.00364 
   46   46    1    1    1    1    1    1    1    1  5.41204E+14 0.00355 
   47   47    1    1    1    1    1    1    1    1  8.79683E+14 0.00346 
   48   48    1    1    1    1    1    1    1    1  1.21407E+15 0.00351 
   49   49    1    1    1    1    1    1    1    1  1.20121E+15 0.00364 
   50   50    1    1    1    1    1    1    1    1  1.81308E+15 0.00353 
   51   51    1    1    1    1    1    1    1    1  1.46793E+15 0.00385 
   52   52    1    1    1    1    1    1    1    1  1.67732E+15 0.00348 
   53   53    1    1    1    1    1    1    1    1  1.16680E+15 0.00361 
   54   54    1    1    1    1    1    1    1    1  1.37712E+15 0.00371 
   55   55    1    1    1    1    1    1    1    1  9.51607E+14 0.00377 
   56   56    1    1    1    1    1    1    1    1  1.30555E+14 0.00424 
   57   57    1    1    1    1    1    1    1    1  1.88441E+15 0.00366 
   58   58    1    1    1    1    1    1    1    1  8.01885E+14 0.00394 
   59   59    1    1    1    1    1    1    1    1  8.57816E+14 0.00389 
   60   60    1    1    1    1    1    1    1    1  6.46066E+14 0.00430 
   61   61    1    1    1    1    1    1    1    1  6.49971E+14 0.00405 
   62   62    1    1    1    1    1    1    1    1  6.72735E+14 0.00360 
   63   63    1    1    1    1    1    1    1    1  5.58225E+14 0.00337 
   64   64    1    1    1    1    1    1    1    1  4.43345E+14 0.00374 
   65   65    1    1    1    1    1    1    1    1  4.37309E+14 0.00390 
   66   66    1    1    1    1    1    1    1    1  3.13956E+14 0.00441 
   67   67    1    1    1    1    1    1    1    1  2.57331E+14 0.00441 
   68   68    1    1    1    1    1    1    1    1  2.32460E+14 0.00388 
   69   69    1    1    1    1    1    1    1    1  2.78567E+14 0.00411 
   70   70    1    1    1    1    1    1    1    1  2.37217E+14 0.00403 
   71   71    1    1    1    1    1    1    1    1  4.39850E+14 0.00415 
   72   72    1    1    1    1    1    1    1    1  3.12563E+14 0.00428 
   73   73    1    1    1    1    1    1    1    1  2.33250E+14 0.00485 
   74   74    1    1    1    1    1    1    1    1  1.82623E+14 0.00499 
   75   75    1    1    1    1    1    1    1    1  1.47485E+14 0.00530 
   76   76    1    1    1    1    1    1    1    1  1.67178E+14 0.00450 
   77   77    1    1    1    1    1    1    1    1  1.29198E+14 0.00459 
   78   78    1    1    1    1    1    1    1    1  1.01243E+14 0.00572 
   79   79    1    1    1    1    1    1    1    1  1.02701E+14 0.00506 
   80   80    1    1    1    1    1    1    1    1  7.56245E+13 0.00514 
   81   81    1    1    1    1    1    1    1    1  5.77080E+13 0.00572 
   82   82    1    1    1    1    1    1    1    1  4.40482E+13 0.00687 
   83   83    1    1    1    1    1    1    1    1  4.11879E+13 0.00577 
   84   84    1    1    1    1    1    1    1    1  2.98695E+13 0.00750 
   85   85    1    1    1    1    1    1    1    1  2.15080E+13 0.00879 
   86   86    1    1    1    1    1    1    1    1  1.99132E+13 0.00694 
   87   87    1    1    1    1    1    1    1    1  1.23223E+13 0.01078 
   88   88    1    1    1    1    1    1    1    1  8.41042E+12 0.00922 
   89   89    1    1    1    1    1    1    1    1  4.84487E+12 0.01551 
   90   90    1    1    1    1    1    1    1    1  3.24757E+12 0.01618 
   91   91    1    1    1    1    1    1    1    1  1.63870E+12 0.02440 
   92   92    1    1    1    1    1    1    1    1  7.73664E+11 0.03229 
   93   93    1    1    1    1    1    1    1    1  4.12031E+11 0.03825 
   94   94    1    1    1    1    1    1    1    1  1.91054E+11 0.06386 
   95   95    1    1    1    1    1    1    1    1  9.75605E+10 0.10057 
   96   96    1    1    1    1    1    1    1    1  4.22802E+10 0.11634 
   97   97    1    1    1    1    1    1    1    1  2.24494E+10 0.21431 
   98   98    1    1    1    1    1    1    1    1  1.51395E+10 0.31154 
   99   99    1    1    1    1    1    1    1    1  2.25632E+09 0.42481 
  100  100    1    1    1    1    1    1    1    1  4.18659E+09 0.50190 
];


