
DETdpaspec = [
    1    1    1    1    1    1    1    1    1    1  0.00000E+00 0.00000 
    2    2    1    1    1    1    1    1    1    1  0.00000E+00 0.00000 
    3    3    1    1    1    1    1    1    1    1  0.00000E+00 0.00000 
    4    4    1    1    1    1    1    1    1    1  0.00000E+00 0.00000 
    5    5    1    1    1    1    1    1    1    1  0.00000E+00 0.00000 
    6    6    1    1    1    1    1    1    1    1  0.00000E+00 0.00000 
    7    7    1    1    1    1    1    1    1    1  2.07152E+07 1.00000 
    8    8    1    1    1    1    1    1    1    1  0.00000E+00 0.00000 
    9    9    1    1    1    1    1    1    1    1  4.73103E+07 0.76641 
   10   10    1    1    1    1    1    1    1    1  2.27943E+08 0.68825 
   11   11    1    1    1    1    1    1    1    1  4.99103E+08 0.57223 
   12   12    1    1    1    1    1    1    1    1  8.35589E+07 0.69326 
   13   13    1    1    1    1    1    1    1    1  9.65085E+08 0.52405 
   14   14    1    1    1    1    1    1    1    1  2.47493E+09 0.66837 
   15   15    1    1    1    1    1    1    1    1  5.36413E+09 0.37060 
   16   16    1    1    1    1    1    1    1    1  5.04629E+08 0.39031 
   17   17    1    1    1    1    1    1    1    1  2.35519E+09 0.36794 
   18   18    1    1    1    1    1    1    1    1  4.07802E+09 0.29109 
   19   19    1    1    1    1    1    1    1    1  5.81419E+09 0.22284 
   20   20    1    1    1    1    1    1    1    1  2.05166E+10 0.19157 
   21   21    1    1    1    1    1    1    1    1  1.90934E+10 0.16548 
   22   22    1    1    1    1    1    1    1    1  3.66914E+10 0.11893 
   23   23    1    1    1    1    1    1    1    1  5.74128E+10 0.09060 
   24   24    1    1    1    1    1    1    1    1  9.15305E+10 0.06635 
   25   25    1    1    1    1    1    1    1    1  1.06588E+11 0.08027 
   26   26    1    1    1    1    1    1    1    1  1.77154E+11 0.05866 
   27   27    1    1    1    1    1    1    1    1  3.05254E+11 0.04189 
   28   28    1    1    1    1    1    1    1    1  5.31425E+11 0.03008 
   29   29    1    1    1    1    1    1    1    1  7.29833E+11 0.02427 
   30   30    1    1    1    1    1    1    1    1  2.34053E+12 0.01592 
   31   31    1    1    1    1    1    1    1    1  7.24926E+12 0.01084 
   32   32    1    1    1    1    1    1    1    1  1.33211E+13 0.00855 
   33   33    1    1    1    1    1    1    1    1  2.92006E+13 0.00680 
   34   34    1    1    1    1    1    1    1    1  3.87957E+13 0.00520 
   35   35    1    1    1    1    1    1    1    1  5.65896E+13 0.00336 
   36   36    1    1    1    1    1    1    1    1  3.99321E+13 0.00285 
   37   37    1    1    1    1    1    1    1    1  1.26883E+13 0.00369 
   38   38    1    1    1    1    1    1    1    1  6.84092E+13 0.00304 
   39   39    1    1    1    1    1    1    1    1  9.13639E+13 0.00330 
   40   40    1    1    1    1    1    1    1    1  1.51361E+14 0.00352 
   41   41    1    1    1    1    1    1    1    1  1.57915E+14 0.00335 
   42   42    1    1    1    1    1    1    1    1  3.22939E+14 0.00345 
   43   43    1    1    1    1    1    1    1    1  3.84858E+14 0.00323 
   44   44    1    1    1    1    1    1    1    1  5.46329E+14 0.00388 
   45   45    1    1    1    1    1    1    1    1  1.03488E+15 0.00338 
   46   46    1    1    1    1    1    1    1    1  4.85941E+14 0.00319 
   47   47    1    1    1    1    1    1    1    1  7.90201E+14 0.00297 
   48   48    1    1    1    1    1    1    1    1  1.08797E+15 0.00303 
   49   49    1    1    1    1    1    1    1    1  1.07754E+15 0.00300 
   50   50    1    1    1    1    1    1    1    1  1.62427E+15 0.00333 
   51   51    1    1    1    1    1    1    1    1  1.31573E+15 0.00328 
   52   52    1    1    1    1    1    1    1    1  1.50102E+15 0.00316 
   53   53    1    1    1    1    1    1    1    1  1.04319E+15 0.00309 
   54   54    1    1    1    1    1    1    1    1  1.22912E+15 0.00324 
   55   55    1    1    1    1    1    1    1    1  8.50108E+14 0.00346 
   56   56    1    1    1    1    1    1    1    1  1.16746E+14 0.00400 
   57   57    1    1    1    1    1    1    1    1  1.68312E+15 0.00342 
   58   58    1    1    1    1    1    1    1    1  7.15655E+14 0.00336 
   59   59    1    1    1    1    1    1    1    1  7.63792E+14 0.00315 
   60   60    1    1    1    1    1    1    1    1  5.75619E+14 0.00338 
   61   61    1    1    1    1    1    1    1    1  5.79204E+14 0.00343 
   62   62    1    1    1    1    1    1    1    1  5.97558E+14 0.00338 
   63   63    1    1    1    1    1    1    1    1  4.97269E+14 0.00351 
   64   64    1    1    1    1    1    1    1    1  3.94781E+14 0.00347 
   65   65    1    1    1    1    1    1    1    1  3.88969E+14 0.00376 
   66   66    1    1    1    1    1    1    1    1  2.78168E+14 0.00380 
   67   67    1    1    1    1    1    1    1    1  2.28661E+14 0.00399 
   68   68    1    1    1    1    1    1    1    1  2.06268E+14 0.00402 
   69   69    1    1    1    1    1    1    1    1  2.47324E+14 0.00412 
   70   70    1    1    1    1    1    1    1    1  2.10971E+14 0.00404 
   71   71    1    1    1    1    1    1    1    1  3.92062E+14 0.00383 
   72   72    1    1    1    1    1    1    1    1  2.78651E+14 0.00380 
   73   73    1    1    1    1    1    1    1    1  2.07131E+14 0.00401 
   74   74    1    1    1    1    1    1    1    1  1.62215E+14 0.00466 
   75   75    1    1    1    1    1    1    1    1  1.31197E+14 0.00416 
   76   76    1    1    1    1    1    1    1    1  1.49251E+14 0.00509 
   77   77    1    1    1    1    1    1    1    1  1.14372E+14 0.00498 
   78   78    1    1    1    1    1    1    1    1  8.92493E+13 0.00438 
   79   79    1    1    1    1    1    1    1    1  9.08339E+13 0.00423 
   80   80    1    1    1    1    1    1    1    1  6.68710E+13 0.00699 
   81   81    1    1    1    1    1    1    1    1  5.11955E+13 0.00462 
   82   82    1    1    1    1    1    1    1    1  3.89870E+13 0.00594 
   83   83    1    1    1    1    1    1    1    1  3.62746E+13 0.00559 
   84   84    1    1    1    1    1    1    1    1  2.65693E+13 0.00605 
   85   85    1    1    1    1    1    1    1    1  1.89780E+13 0.00784 
   86   86    1    1    1    1    1    1    1    1  1.78982E+13 0.00982 
   87   87    1    1    1    1    1    1    1    1  1.09625E+13 0.01001 
   88   88    1    1    1    1    1    1    1    1  7.37559E+12 0.01020 
   89   89    1    1    1    1    1    1    1    1  4.26365E+12 0.01406 
   90   90    1    1    1    1    1    1    1    1  2.83201E+12 0.01659 
   91   91    1    1    1    1    1    1    1    1  1.39706E+12 0.02683 
   92   92    1    1    1    1    1    1    1    1  7.18692E+11 0.04151 
   93   93    1    1    1    1    1    1    1    1  3.14408E+11 0.04861 
   94   94    1    1    1    1    1    1    1    1  1.56941E+11 0.06623 
   95   95    1    1    1    1    1    1    1    1  8.36475E+10 0.09626 
   96   96    1    1    1    1    1    1    1    1  3.94158E+10 0.15923 
   97   97    1    1    1    1    1    1    1    1  2.02521E+10 0.23012 
   98   98    1    1    1    1    1    1    1    1  1.00264E+10 0.24766 
   99   99    1    1    1    1    1    1    1    1  5.14398E+09 0.31218 
  100  100    1    1    1    1    1    1    1    1  3.39522E+09 0.37802 
];


