
DETdpaspec = [
    1    1    1    1    1    1    1    1    1    1  0.00000E+00 0.00000 
    2    2    1    1    1    1    1    1    1    1  0.00000E+00 0.00000 
    3    3    1    1    1    1    1    1    1    1  0.00000E+00 0.00000 
    4    4    1    1    1    1    1    1    1    1  0.00000E+00 0.00000 
    5    5    1    1    1    1    1    1    1    1  1.39086E+07 1.00000 
    6    6    1    1    1    1    1    1    1    1  0.00000E+00 0.00000 
    7    7    1    1    1    1    1    1    1    1  0.00000E+00 0.00000 
    8    8    1    1    1    1    1    1    1    1  4.60170E+07 0.68840 
    9    9    1    1    1    1    1    1    1    1  1.36737E+07 1.00000 
   10   10    1    1    1    1    1    1    1    1  0.00000E+00 0.00000 
   11   11    1    1    1    1    1    1    1    1  5.03726E+08 0.62990 
   12   12    1    1    1    1    1    1    1    1  1.54517E+08 0.50219 
   13   13    1    1    1    1    1    1    1    1  2.30018E+09 0.48566 
   14   14    1    1    1    1    1    1    1    1  3.00489E+09 0.59419 
   15   15    1    1    1    1    1    1    1    1  4.78241E+09 0.52787 
   16   16    1    1    1    1    1    1    1    1  2.91527E+09 0.30141 
   17   17    1    1    1    1    1    1    1    1  5.04354E+09 0.26289 
   18   18    1    1    1    1    1    1    1    1  1.33733E+10 0.18084 
   19   19    1    1    1    1    1    1    1    1  1.12126E+10 0.20022 
   20   20    1    1    1    1    1    1    1    1  4.49333E+10 0.14948 
   21   21    1    1    1    1    1    1    1    1  3.36039E+10 0.11436 
   22   22    1    1    1    1    1    1    1    1  8.86213E+10 0.06737 
   23   23    1    1    1    1    1    1    1    1  1.22255E+11 0.08510 
   24   24    1    1    1    1    1    1    1    1  1.69095E+11 0.05902 
   25   25    1    1    1    1    1    1    1    1  2.11650E+11 0.05993 
   26   26    1    1    1    1    1    1    1    1  3.41756E+11 0.04228 
   27   27    1    1    1    1    1    1    1    1  6.21338E+11 0.03335 
   28   28    1    1    1    1    1    1    1    1  1.37372E+12 0.03072 
   29   29    1    1    1    1    1    1    1    1  2.28249E+12 0.02407 
   30   30    1    1    1    1    1    1    1    1  6.35201E+12 0.00988 
   31   31    1    1    1    1    1    1    1    1  2.03396E+13 0.00662 
   32   32    1    1    1    1    1    1    1    1  3.86629E+13 0.00391 
   33   33    1    1    1    1    1    1    1    1  9.26815E+13 0.00288 
   34   34    1    1    1    1    1    1    1    1  1.30516E+14 0.00266 
   35   35    1    1    1    1    1    1    1    1  1.73526E+14 0.00228 
   36   36    1    1    1    1    1    1    1    1  1.18034E+14 0.00186 
   37   37    1    1    1    1    1    1    1    1  3.62704E+13 0.00162 
   38   38    1    1    1    1    1    1    1    1  2.03802E+14 0.00205 
   39   39    1    1    1    1    1    1    1    1  2.75774E+14 0.00163 
   40   40    1    1    1    1    1    1    1    1  4.74465E+14 0.00137 
   41   41    1    1    1    1    1    1    1    1  4.84097E+14 0.00149 
   42   42    1    1    1    1    1    1    1    1  1.03976E+15 0.00121 
   43   43    1    1    1    1    1    1    1    1  1.27010E+15 0.00125 
   44   44    1    1    1    1    1    1    1    1  1.84987E+15 0.00090 
   45   45    1    1    1    1    1    1    1    1  3.70668E+15 0.00073 
   46   46    1    1    1    1    1    1    1    1  1.74073E+15 0.00077 
   47   47    1    1    1    1    1    1    1    1  2.82162E+15 0.00086 
   48   48    1    1    1    1    1    1    1    1  3.95700E+15 0.00099 
   49   49    1    1    1    1    1    1    1    1  3.93600E+15 0.00082 
   50   50    1    1    1    1    1    1    1    1  6.14396E+15 0.00085 
   51   51    1    1    1    1    1    1    1    1  4.93105E+15 0.00100 
   52   52    1    1    1    1    1    1    1    1  5.86596E+15 0.00089 
   53   53    1    1    1    1    1    1    1    1  4.08432E+15 0.00082 
   54   54    1    1    1    1    1    1    1    1  4.99572E+15 0.00083 
   55   55    1    1    1    1    1    1    1    1  3.44438E+15 0.00084 
   56   56    1    1    1    1    1    1    1    1  4.69772E+14 0.00114 
   57   57    1    1    1    1    1    1    1    1  6.87100E+15 0.00079 
   58   58    1    1    1    1    1    1    1    1  3.05511E+15 0.00100 
   59   59    1    1    1    1    1    1    1    1  3.25463E+15 0.00084 
   60   60    1    1    1    1    1    1    1    1  2.52731E+15 0.00085 
   61   61    1    1    1    1    1    1    1    1  2.53827E+15 0.00094 
   62   62    1    1    1    1    1    1    1    1  2.64410E+15 0.00110 
   63   63    1    1    1    1    1    1    1    1  2.22802E+15 0.00105 
   64   64    1    1    1    1    1    1    1    1  1.77615E+15 0.00115 
   65   65    1    1    1    1    1    1    1    1  1.76392E+15 0.00112 
   66   66    1    1    1    1    1    1    1    1  1.27056E+15 0.00133 
   67   67    1    1    1    1    1    1    1    1  1.03704E+15 0.00129 
   68   68    1    1    1    1    1    1    1    1  9.30596E+14 0.00118 
   69   69    1    1    1    1    1    1    1    1  1.11825E+15 0.00166 
   70   70    1    1    1    1    1    1    1    1  9.52972E+14 0.00149 
   71   71    1    1    1    1    1    1    1    1  1.73898E+15 0.00138 
   72   72    1    1    1    1    1    1    1    1  1.23269E+15 0.00136 
   73   73    1    1    1    1    1    1    1    1  9.26963E+14 0.00110 
   74   74    1    1    1    1    1    1    1    1  7.44170E+14 0.00140 
   75   75    1    1    1    1    1    1    1    1  6.15499E+14 0.00184 
   76   76    1    1    1    1    1    1    1    1  7.14968E+14 0.00154 
   77   77    1    1    1    1    1    1    1    1  5.62154E+14 0.00165 
   78   78    1    1    1    1    1    1    1    1  4.47193E+14 0.00170 
   79   79    1    1    1    1    1    1    1    1  4.61645E+14 0.00224 
   80   80    1    1    1    1    1    1    1    1  3.41497E+14 0.00179 
   81   81    1    1    1    1    1    1    1    1  2.62574E+14 0.00223 
   82   82    1    1    1    1    1    1    1    1  2.01693E+14 0.00255 
   83   83    1    1    1    1    1    1    1    1  1.89158E+14 0.00302 
   84   84    1    1    1    1    1    1    1    1  1.35690E+14 0.00243 
   85   85    1    1    1    1    1    1    1    1  9.83052E+13 0.00325 
   86   86    1    1    1    1    1    1    1    1  9.17096E+13 0.00316 
   87   87    1    1    1    1    1    1    1    1  5.67237E+13 0.00334 
   88   88    1    1    1    1    1    1    1    1  3.80850E+13 0.00302 
   89   89    1    1    1    1    1    1    1    1  2.19453E+13 0.00564 
   90   90    1    1    1    1    1    1    1    1  1.43743E+13 0.00782 
   91   91    1    1    1    1    1    1    1    1  7.41882E+12 0.01210 
   92   92    1    1    1    1    1    1    1    1  3.47421E+12 0.01951 
   93   93    1    1    1    1    1    1    1    1  1.71121E+12 0.01767 
   94   94    1    1    1    1    1    1    1    1  8.59480E+11 0.03941 
   95   95    1    1    1    1    1    1    1    1  4.00020E+11 0.03363 
   96   96    1    1    1    1    1    1    1    1  1.60919E+11 0.09695 
   97   97    1    1    1    1    1    1    1    1  8.67030E+10 0.08349 
   98   98    1    1    1    1    1    1    1    1  4.49613E+10 0.15515 
   99   99    1    1    1    1    1    1    1    1  2.01804E+10 0.23609 
  100  100    1    1    1    1    1    1    1    1  2.06051E+10 0.21790 
];


