
DETdpaspec = [
    1    1    1    1    1    1    1    1    1    1  0.00000E+00 0.00000 
    2    2    1    1    1    1    1    1    1    1  0.00000E+00 0.00000 
    3    3    1    1    1    1    1    1    1    1  0.00000E+00 0.00000 
    4    4    1    1    1    1    1    1    1    1  0.00000E+00 0.00000 
    5    5    1    1    1    1    1    1    1    1  0.00000E+00 0.00000 
    6    6    1    1    1    1    1    1    1    1  0.00000E+00 0.00000 
    7    7    1    1    1    1    1    1    1    1  0.00000E+00 0.00000 
    8    8    1    1    1    1    1    1    1    1  2.05623E+07 1.00000 
    9    9    1    1    1    1    1    1    1    1  2.23859E+07 1.00000 
   10   10    1    1    1    1    1    1    1    1  4.31393E+07 1.00000 
   11   11    1    1    1    1    1    1    1    1  2.60987E+08 1.00000 
   12   12    1    1    1    1    1    1    1    1  3.54150E+07 0.93726 
   13   13    1    1    1    1    1    1    1    1  1.17644E+09 0.38832 
   14   14    1    1    1    1    1    1    1    1  1.24749E+09 0.47293 
   15   15    1    1    1    1    1    1    1    1  3.38604E+09 0.41997 
   16   16    1    1    1    1    1    1    1    1  1.70773E+09 0.43423 
   17   17    1    1    1    1    1    1    1    1  3.14759E+09 0.21648 
   18   18    1    1    1    1    1    1    1    1  6.98465E+09 0.26357 
   19   19    1    1    1    1    1    1    1    1  7.56014E+09 0.25070 
   20   20    1    1    1    1    1    1    1    1  2.61271E+10 0.17154 
   21   21    1    1    1    1    1    1    1    1  2.00984E+10 0.13555 
   22   22    1    1    1    1    1    1    1    1  5.64048E+10 0.10788 
   23   23    1    1    1    1    1    1    1    1  7.48672E+10 0.10875 
   24   24    1    1    1    1    1    1    1    1  1.15799E+11 0.06727 
   25   25    1    1    1    1    1    1    1    1  1.36426E+11 0.04313 
   26   26    1    1    1    1    1    1    1    1  2.08310E+11 0.05152 
   27   27    1    1    1    1    1    1    1    1  3.60757E+11 0.04076 
   28   28    1    1    1    1    1    1    1    1  6.72175E+11 0.03725 
   29   29    1    1    1    1    1    1    1    1  9.51335E+11 0.02572 
   30   30    1    1    1    1    1    1    1    1  3.07745E+12 0.01376 
   31   31    1    1    1    1    1    1    1    1  9.42892E+12 0.01201 
   32   32    1    1    1    1    1    1    1    1  1.76786E+13 0.00801 
   33   33    1    1    1    1    1    1    1    1  3.95833E+13 0.00535 
   34   34    1    1    1    1    1    1    1    1  5.26000E+13 0.00466 
   35   35    1    1    1    1    1    1    1    1  7.56370E+13 0.00484 
   36   36    1    1    1    1    1    1    1    1  5.30403E+13 0.00374 
   37   37    1    1    1    1    1    1    1    1  1.68258E+13 0.00414 
   38   38    1    1    1    1    1    1    1    1  9.12200E+13 0.00372 
   39   39    1    1    1    1    1    1    1    1  1.21869E+14 0.00341 
   40   40    1    1    1    1    1    1    1    1  2.04709E+14 0.00254 
   41   41    1    1    1    1    1    1    1    1  2.13328E+14 0.00256 
   42   42    1    1    1    1    1    1    1    1  4.40363E+14 0.00208 
   43   43    1    1    1    1    1    1    1    1  5.27494E+14 0.00202 
   44   44    1    1    1    1    1    1    1    1  7.53769E+14 0.00134 
   45   45    1    1    1    1    1    1    1    1  1.44259E+15 0.00175 
   46   46    1    1    1    1    1    1    1    1  6.78085E+14 0.00130 
   47   47    1    1    1    1    1    1    1    1  1.10249E+15 0.00166 
   48   48    1    1    1    1    1    1    1    1  1.52520E+15 0.00203 
   49   49    1    1    1    1    1    1    1    1  1.51044E+15 0.00213 
   50   50    1    1    1    1    1    1    1    1  2.29102E+15 0.00178 
   51   51    1    1    1    1    1    1    1    1  1.85306E+15 0.00189 
   52   52    1    1    1    1    1    1    1    1  2.12635E+15 0.00156 
   53   53    1    1    1    1    1    1    1    1  1.48027E+15 0.00139 
   54   54    1    1    1    1    1    1    1    1  1.75456E+15 0.00173 
   55   55    1    1    1    1    1    1    1    1  1.21103E+15 0.00192 
   56   56    1    1    1    1    1    1    1    1  1.66171E+14 0.00215 
   57   57    1    1    1    1    1    1    1    1  2.40154E+15 0.00206 
   58   58    1    1    1    1    1    1    1    1  1.02685E+15 0.00218 
   59   59    1    1    1    1    1    1    1    1  1.09867E+15 0.00204 
   60   60    1    1    1    1    1    1    1    1  8.30053E+14 0.00198 
   61   61    1    1    1    1    1    1    1    1  8.34925E+14 0.00188 
   62   62    1    1    1    1    1    1    1    1  8.64282E+14 0.00192 
   63   63    1    1    1    1    1    1    1    1  7.19996E+14 0.00186 
   64   64    1    1    1    1    1    1    1    1  5.70985E+14 0.00205 
   65   65    1    1    1    1    1    1    1    1  5.64102E+14 0.00188 
   66   66    1    1    1    1    1    1    1    1  4.04702E+14 0.00228 
   67   67    1    1    1    1    1    1    1    1  3.32600E+14 0.00212 
   68   68    1    1    1    1    1    1    1    1  2.99268E+14 0.00232 
   69   69    1    1    1    1    1    1    1    1  3.58421E+14 0.00239 
   70   70    1    1    1    1    1    1    1    1  3.05739E+14 0.00250 
   71   71    1    1    1    1    1    1    1    1  5.67232E+14 0.00212 
   72   72    1    1    1    1    1    1    1    1  4.02238E+14 0.00185 
   73   73    1    1    1    1    1    1    1    1  2.99679E+14 0.00213 
   74   74    1    1    1    1    1    1    1    1  2.35336E+14 0.00202 
   75   75    1    1    1    1    1    1    1    1  1.91544E+14 0.00235 
   76   76    1    1    1    1    1    1    1    1  2.17229E+14 0.00202 
   77   77    1    1    1    1    1    1    1    1  1.68311E+14 0.00306 
   78   78    1    1    1    1    1    1    1    1  1.31865E+14 0.00354 
   79   79    1    1    1    1    1    1    1    1  1.34062E+14 0.00376 
   80   80    1    1    1    1    1    1    1    1  9.85455E+13 0.00301 
   81   81    1    1    1    1    1    1    1    1  7.57954E+13 0.00472 
   82   82    1    1    1    1    1    1    1    1  5.78923E+13 0.00577 
   83   83    1    1    1    1    1    1    1    1  5.41329E+13 0.00319 
   84   84    1    1    1    1    1    1    1    1  3.88577E+13 0.00634 
   85   85    1    1    1    1    1    1    1    1  2.77165E+13 0.00640 
   86   86    1    1    1    1    1    1    1    1  2.60974E+13 0.00584 
   87   87    1    1    1    1    1    1    1    1  1.59804E+13 0.00723 
   88   88    1    1    1    1    1    1    1    1  1.09229E+13 0.00875 
   89   89    1    1    1    1    1    1    1    1  6.22621E+12 0.01224 
   90   90    1    1    1    1    1    1    1    1  4.28227E+12 0.01164 
   91   91    1    1    1    1    1    1    1    1  2.12191E+12 0.02098 
   92   92    1    1    1    1    1    1    1    1  1.07804E+12 0.03022 
   93   93    1    1    1    1    1    1    1    1  5.25600E+11 0.04556 
   94   94    1    1    1    1    1    1    1    1  2.22815E+11 0.06474 
   95   95    1    1    1    1    1    1    1    1  1.15037E+11 0.11818 
   96   96    1    1    1    1    1    1    1    1  5.78495E+10 0.10432 
   97   97    1    1    1    1    1    1    1    1  2.53279E+10 0.16015 
   98   98    1    1    1    1    1    1    1    1  8.33469E+09 0.32309 
   99   99    1    1    1    1    1    1    1    1  5.55081E+09 0.39671 
  100  100    1    1    1    1    1    1    1    1  8.30169E+09 0.31559 
];


