
DETdpaspec = [
    1    1    1    1    1    1    1    1    1    1  0.00000E+00 0.00000 
    2    2    1    1    1    1    1    1    1    1  0.00000E+00 0.00000 
    3    3    1    1    1    1    1    1    1    1  0.00000E+00 0.00000 
    4    4    1    1    1    1    1    1    1    1  1.52813E+07 1.00000 
    5    5    1    1    1    1    1    1    1    1  0.00000E+00 0.00000 
    6    6    1    1    1    1    1    1    1    1  0.00000E+00 0.00000 
    7    7    1    1    1    1    1    1    1    1  0.00000E+00 0.00000 
    8    8    1    1    1    1    1    1    1    1  1.31640E+07 1.00000 
    9    9    1    1    1    1    1    1    1    1  2.07714E+07 1.00000 
   10   10    1    1    1    1    1    1    1    1  4.12486E+08 0.51425 
   11   11    1    1    1    1    1    1    1    1  4.46907E+08 0.55124 
   12   12    1    1    1    1    1    1    1    1  7.50241E+06 0.58425 
   13   13    1    1    1    1    1    1    1    1  1.09020E+09 0.62295 
   14   14    1    1    1    1    1    1    1    1  6.62837E+09 0.35164 
   15   15    1    1    1    1    1    1    1    1  1.02401E+10 0.31520 
   16   16    1    1    1    1    1    1    1    1  1.46203E+09 0.35682 
   17   17    1    1    1    1    1    1    1    1  2.82404E+09 0.30020 
   18   18    1    1    1    1    1    1    1    1  1.00144E+10 0.17465 
   19   19    1    1    1    1    1    1    1    1  1.28913E+10 0.13846 
   20   20    1    1    1    1    1    1    1    1  4.02245E+10 0.10352 
   21   21    1    1    1    1    1    1    1    1  3.49578E+10 0.11452 
   22   22    1    1    1    1    1    1    1    1  8.29244E+10 0.07843 
   23   23    1    1    1    1    1    1    1    1  1.07172E+11 0.06701 
   24   24    1    1    1    1    1    1    1    1  1.74540E+11 0.06713 
   25   25    1    1    1    1    1    1    1    1  2.25938E+11 0.05420 
   26   26    1    1    1    1    1    1    1    1  3.49847E+11 0.04534 
   27   27    1    1    1    1    1    1    1    1  6.32450E+11 0.02994 
   28   28    1    1    1    1    1    1    1    1  1.32547E+12 0.02079 
   29   29    1    1    1    1    1    1    1    1  2.14453E+12 0.01602 
   30   30    1    1    1    1    1    1    1    1  6.04744E+12 0.01040 
   31   31    1    1    1    1    1    1    1    1  1.91273E+13 0.00555 
   32   32    1    1    1    1    1    1    1    1  3.68326E+13 0.00428 
   33   33    1    1    1    1    1    1    1    1  8.84943E+13 0.00271 
   34   34    1    1    1    1    1    1    1    1  1.23930E+14 0.00248 
   35   35    1    1    1    1    1    1    1    1  1.66230E+14 0.00275 
   36   36    1    1    1    1    1    1    1    1  1.13958E+14 0.00254 
   37   37    1    1    1    1    1    1    1    1  3.52380E+13 0.00200 
   38   38    1    1    1    1    1    1    1    1  1.97378E+14 0.00184 
   39   39    1    1    1    1    1    1    1    1  2.67473E+14 0.00145 
   40   40    1    1    1    1    1    1    1    1  4.58882E+14 0.00159 
   41   41    1    1    1    1    1    1    1    1  4.69436E+14 0.00140 
   42   42    1    1    1    1    1    1    1    1  1.00450E+15 0.00126 
   43   43    1    1    1    1    1    1    1    1  1.22429E+15 0.00126 
   44   44    1    1    1    1    1    1    1    1  1.78389E+15 0.00105 
   45   45    1    1    1    1    1    1    1    1  3.56484E+15 0.00094 
   46   46    1    1    1    1    1    1    1    1  1.67546E+15 0.00090 
   47   47    1    1    1    1    1    1    1    1  2.71721E+15 0.00072 
   48   48    1    1    1    1    1    1    1    1  3.80832E+15 0.00080 
   49   49    1    1    1    1    1    1    1    1  3.78936E+15 0.00068 
   50   50    1    1    1    1    1    1    1    1  5.90973E+15 0.00073 
   51   51    1    1    1    1    1    1    1    1  4.74628E+15 0.00092 
   52   52    1    1    1    1    1    1    1    1  5.63525E+15 0.00073 
   53   53    1    1    1    1    1    1    1    1  3.92917E+15 0.00091 
   54   54    1    1    1    1    1    1    1    1  4.79483E+15 0.00075 
   55   55    1    1    1    1    1    1    1    1  3.30779E+15 0.00093 
   56   56    1    1    1    1    1    1    1    1  4.50930E+14 0.00111 
   57   57    1    1    1    1    1    1    1    1  6.59002E+15 0.00076 
   58   58    1    1    1    1    1    1    1    1  2.92132E+15 0.00091 
   59   59    1    1    1    1    1    1    1    1  3.11534E+15 0.00083 
   60   60    1    1    1    1    1    1    1    1  2.41454E+15 0.00077 
   61   61    1    1    1    1    1    1    1    1  2.42351E+15 0.00092 
   62   62    1    1    1    1    1    1    1    1  2.52920E+15 0.00077 
   63   63    1    1    1    1    1    1    1    1  2.12679E+15 0.00098 
   64   64    1    1    1    1    1    1    1    1  1.69336E+15 0.00087 
   65   65    1    1    1    1    1    1    1    1  1.68349E+15 0.00084 
   66   66    1    1    1    1    1    1    1    1  1.21261E+15 0.00098 
   67   67    1    1    1    1    1    1    1    1  9.90003E+14 0.00129 
   68   68    1    1    1    1    1    1    1    1  8.90217E+14 0.00108 
   69   69    1    1    1    1    1    1    1    1  1.06889E+15 0.00135 
   70   70    1    1    1    1    1    1    1    1  9.10849E+14 0.00147 
   71   71    1    1    1    1    1    1    1    1  1.66350E+15 0.00130 
   72   72    1    1    1    1    1    1    1    1  1.17789E+15 0.00123 
   73   73    1    1    1    1    1    1    1    1  8.87288E+14 0.00120 
   74   74    1    1    1    1    1    1    1    1  7.10291E+14 0.00109 
   75   75    1    1    1    1    1    1    1    1  5.85611E+14 0.00144 
   76   76    1    1    1    1    1    1    1    1  6.79462E+14 0.00109 
   77   77    1    1    1    1    1    1    1    1  5.34635E+14 0.00147 
   78   78    1    1    1    1    1    1    1    1  4.24351E+14 0.00180 
   79   79    1    1    1    1    1    1    1    1  4.37690E+14 0.00170 
   80   80    1    1    1    1    1    1    1    1  3.23677E+14 0.00159 
   81   81    1    1    1    1    1    1    1    1  2.49033E+14 0.00221 
   82   82    1    1    1    1    1    1    1    1  1.90227E+14 0.00234 
   83   83    1    1    1    1    1    1    1    1  1.79179E+14 0.00291 
   84   84    1    1    1    1    1    1    1    1  1.28403E+14 0.00253 
   85   85    1    1    1    1    1    1    1    1  9.27007E+13 0.00266 
   86   86    1    1    1    1    1    1    1    1  8.64184E+13 0.00324 
   87   87    1    1    1    1    1    1    1    1  5.36554E+13 0.00373 
   88   88    1    1    1    1    1    1    1    1  3.55967E+13 0.00324 
   89   89    1    1    1    1    1    1    1    1  2.07099E+13 0.00660 
   90   90    1    1    1    1    1    1    1    1  1.39216E+13 0.00754 
   91   91    1    1    1    1    1    1    1    1  6.86702E+12 0.01006 
   92   92    1    1    1    1    1    1    1    1  3.34247E+12 0.01274 
   93   93    1    1    1    1    1    1    1    1  1.63445E+12 0.02100 
   94   94    1    1    1    1    1    1    1    1  7.47784E+11 0.02835 
   95   95    1    1    1    1    1    1    1    1  3.80961E+11 0.04235 
   96   96    1    1    1    1    1    1    1    1  2.02133E+11 0.07742 
   97   97    1    1    1    1    1    1    1    1  9.98172E+10 0.10314 
   98   98    1    1    1    1    1    1    1    1  3.14212E+10 0.16291 
   99   99    1    1    1    1    1    1    1    1  1.74803E+10 0.21864 
  100  100    1    1    1    1    1    1    1    1  1.40360E+10 0.21586 
];


