
DETdpaspec = [
    1    1    1    1    1    1    1    1    1    1  0.00000E+00 0.00000 
    2    2    1    1    1    1    1    1    1    1  0.00000E+00 0.00000 
    3    3    1    1    1    1    1    1    1    1  0.00000E+00 0.00000 
    4    4    1    1    1    1    1    1    1    1  1.02963E+07 1.00000 
    5    5    1    1    1    1    1    1    1    1  1.12771E+07 1.00000 
    6    6    1    1    1    1    1    1    1    1  0.00000E+00 0.00000 
    7    7    1    1    1    1    1    1    1    1  1.34015E+07 1.00000 
    8    8    1    1    1    1    1    1    1    1  0.00000E+00 0.00000 
    9    9    1    1    1    1    1    1    1    1  1.61593E+07 1.00000 
   10   10    1    1    1    1    1    1    1    1  5.45025E+07 1.00000 
   11   11    1    1    1    1    1    1    1    1  0.00000E+00 0.00000 
   12   12    1    1    1    1    1    1    1    1  8.92585E+07 0.42753 
   13   13    1    1    1    1    1    1    1    1  8.40694E+08 0.40665 
   14   14    1    1    1    1    1    1    1    1  7.46494E+08 0.61700 
   15   15    1    1    1    1    1    1    1    1  6.65485E+09 0.37603 
   16   16    1    1    1    1    1    1    1    1  1.86735E+09 0.49188 
   17   17    1    1    1    1    1    1    1    1  2.27663E+09 0.28608 
   18   18    1    1    1    1    1    1    1    1  6.77872E+09 0.22611 
   19   19    1    1    1    1    1    1    1    1  8.53198E+09 0.19459 
   20   20    1    1    1    1    1    1    1    1  2.84079E+10 0.16123 
   21   21    1    1    1    1    1    1    1    1  1.88184E+10 0.14263 
   22   22    1    1    1    1    1    1    1    1  6.48252E+10 0.12784 
   23   23    1    1    1    1    1    1    1    1  7.75353E+10 0.05716 
   24   24    1    1    1    1    1    1    1    1  1.19483E+11 0.05979 
   25   25    1    1    1    1    1    1    1    1  1.46379E+11 0.06459 
   26   26    1    1    1    1    1    1    1    1  2.19757E+11 0.06151 
   27   27    1    1    1    1    1    1    1    1  4.20063E+11 0.03760 
   28   28    1    1    1    1    1    1    1    1  7.64977E+11 0.02859 
   29   29    1    1    1    1    1    1    1    1  1.03591E+12 0.02680 
   30   30    1    1    1    1    1    1    1    1  3.24844E+12 0.01964 
   31   31    1    1    1    1    1    1    1    1  1.00397E+13 0.01430 
   32   32    1    1    1    1    1    1    1    1  1.89204E+13 0.00699 
   33   33    1    1    1    1    1    1    1    1  4.25556E+13 0.00521 
   34   34    1    1    1    1    1    1    1    1  5.70035E+13 0.00451 
   35   35    1    1    1    1    1    1    1    1  8.19701E+13 0.00400 
   36   36    1    1    1    1    1    1    1    1  5.75772E+13 0.00371 
   37   37    1    1    1    1    1    1    1    1  1.82483E+13 0.00428 
   38   38    1    1    1    1    1    1    1    1  9.88602E+13 0.00307 
   39   39    1    1    1    1    1    1    1    1  1.32481E+14 0.00313 
   40   40    1    1    1    1    1    1    1    1  2.22132E+14 0.00299 
   41   41    1    1    1    1    1    1    1    1  2.31129E+14 0.00285 
   42   42    1    1    1    1    1    1    1    1  4.76970E+14 0.00278 
   43   43    1    1    1    1    1    1    1    1  5.72190E+14 0.00240 
   44   44    1    1    1    1    1    1    1    1  8.18016E+14 0.00271 
   45   45    1    1    1    1    1    1    1    1  1.57469E+15 0.00219 
   46   46    1    1    1    1    1    1    1    1  7.39370E+14 0.00238 
   47   47    1    1    1    1    1    1    1    1  1.20200E+15 0.00213 
   48   48    1    1    1    1    1    1    1    1  1.66344E+15 0.00205 
   49   49    1    1    1    1    1    1    1    1  1.64960E+15 0.00207 
   50   50    1    1    1    1    1    1    1    1  2.50557E+15 0.00211 
   51   51    1    1    1    1    1    1    1    1  2.02836E+15 0.00214 
   52   52    1    1    1    1    1    1    1    1  2.33331E+15 0.00215 
   53   53    1    1    1    1    1    1    1    1  1.62467E+15 0.00217 
   54   54    1    1    1    1    1    1    1    1  1.92857E+15 0.00205 
   55   55    1    1    1    1    1    1    1    1  1.33326E+15 0.00219 
   56   56    1    1    1    1    1    1    1    1  1.82810E+14 0.00214 
   57   57    1    1    1    1    1    1    1    1  2.64453E+15 0.00220 
   58   58    1    1    1    1    1    1    1    1  1.13420E+15 0.00234 
   59   59    1    1    1    1    1    1    1    1  1.21243E+15 0.00243 
   60   60    1    1    1    1    1    1    1    1  9.15363E+14 0.00262 
   61   61    1    1    1    1    1    1    1    1  9.22156E+14 0.00246 
   62   62    1    1    1    1    1    1    1    1  9.55029E+14 0.00243 
   63   63    1    1    1    1    1    1    1    1  7.95931E+14 0.00271 
   64   64    1    1    1    1    1    1    1    1  6.30776E+14 0.00209 
   65   65    1    1    1    1    1    1    1    1  6.23762E+14 0.00248 
   66   66    1    1    1    1    1    1    1    1  4.47518E+14 0.00260 
   67   67    1    1    1    1    1    1    1    1  3.67526E+14 0.00252 
   68   68    1    1    1    1    1    1    1    1  3.30891E+14 0.00253 
   69   69    1    1    1    1    1    1    1    1  3.97074E+14 0.00301 
   70   70    1    1    1    1    1    1    1    1  3.37672E+14 0.00283 
   71   71    1    1    1    1    1    1    1    1  6.26217E+14 0.00292 
   72   72    1    1    1    1    1    1    1    1  4.42532E+14 0.00313 
   73   73    1    1    1    1    1    1    1    1  3.30850E+14 0.00309 
   74   74    1    1    1    1    1    1    1    1  2.60864E+14 0.00364 
   75   75    1    1    1    1    1    1    1    1  2.12090E+14 0.00400 
   76   76    1    1    1    1    1    1    1    1  2.40620E+14 0.00305 
   77   77    1    1    1    1    1    1    1    1  1.86589E+14 0.00328 
   78   78    1    1    1    1    1    1    1    1  1.45749E+14 0.00352 
   79   79    1    1    1    1    1    1    1    1  1.49490E+14 0.00379 
   80   80    1    1    1    1    1    1    1    1  1.09767E+14 0.00338 
   81   81    1    1    1    1    1    1    1    1  8.40530E+13 0.00401 
   82   82    1    1    1    1    1    1    1    1  6.43535E+13 0.00357 
   83   83    1    1    1    1    1    1    1    1  6.00439E+13 0.00588 
   84   84    1    1    1    1    1    1    1    1  4.31802E+13 0.00509 
   85   85    1    1    1    1    1    1    1    1  3.08673E+13 0.00320 
   86   86    1    1    1    1    1    1    1    1  2.91559E+13 0.00696 
   87   87    1    1    1    1    1    1    1    1  1.78750E+13 0.00637 
   88   88    1    1    1    1    1    1    1    1  1.20632E+13 0.00776 
   89   89    1    1    1    1    1    1    1    1  7.00922E+12 0.01029 
   90   90    1    1    1    1    1    1    1    1  4.68272E+12 0.01377 
   91   91    1    1    1    1    1    1    1    1  2.34647E+12 0.02112 
   92   92    1    1    1    1    1    1    1    1  1.14910E+12 0.02243 
   93   93    1    1    1    1    1    1    1    1  5.68789E+11 0.03592 
   94   94    1    1    1    1    1    1    1    1  2.71438E+11 0.05708 
   95   95    1    1    1    1    1    1    1    1  1.11812E+11 0.07857 
   96   96    1    1    1    1    1    1    1    1  6.25683E+10 0.09939 
   97   97    1    1    1    1    1    1    1    1  2.91201E+10 0.14606 
   98   98    1    1    1    1    1    1    1    1  1.56605E+10 0.24623 
   99   99    1    1    1    1    1    1    1    1  5.91496E+09 0.40223 
  100  100    1    1    1    1    1    1    1    1  6.39675E+09 0.32163 
];


