
DETdpaspec = [
    1    1    1    1    1    1    1    1    1    1  0.00000E+00 0.00000 
    2    2    1    1    1    1    1    1    1    1  0.00000E+00 0.00000 
    3    3    1    1    1    1    1    1    1    1  0.00000E+00 0.00000 
    4    4    1    1    1    1    1    1    1    1  1.69554E+07 1.00000 
    5    5    1    1    1    1    1    1    1    1  0.00000E+00 0.00000 
    6    6    1    1    1    1    1    1    1    1  0.00000E+00 0.00000 
    7    7    1    1    1    1    1    1    1    1  0.00000E+00 0.00000 
    8    8    1    1    1    1    1    1    1    1  0.00000E+00 0.00000 
    9    9    1    1    1    1    1    1    1    1  0.00000E+00 0.00000 
   10   10    1    1    1    1    1    1    1    1  0.00000E+00 0.00000 
   11   11    1    1    1    1    1    1    1    1  7.89094E+07 1.00000 
   12   12    1    1    1    1    1    1    1    1  4.59771E+08 0.49678 
   13   13    1    1    1    1    1    1    1    1  2.37801E+09 0.38350 
   14   14    1    1    1    1    1    1    1    1  1.26890E+10 0.32376 
   15   15    1    1    1    1    1    1    1    1  1.03077E+10 0.29506 
   16   16    1    1    1    1    1    1    1    1  2.12294E+09 0.40304 
   17   17    1    1    1    1    1    1    1    1  3.33088E+09 0.45247 
   18   18    1    1    1    1    1    1    1    1  1.13294E+10 0.18127 
   19   19    1    1    1    1    1    1    1    1  1.35971E+10 0.19563 
   20   20    1    1    1    1    1    1    1    1  3.72734E+10 0.14202 
   21   21    1    1    1    1    1    1    1    1  2.78161E+10 0.15708 
   22   22    1    1    1    1    1    1    1    1  7.43832E+10 0.08931 
   23   23    1    1    1    1    1    1    1    1  1.18745E+11 0.07699 
   24   24    1    1    1    1    1    1    1    1  1.95512E+11 0.06225 
   25   25    1    1    1    1    1    1    1    1  2.24412E+11 0.04123 
   26   26    1    1    1    1    1    1    1    1  3.84937E+11 0.04181 
   27   27    1    1    1    1    1    1    1    1  6.75289E+11 0.03380 
   28   28    1    1    1    1    1    1    1    1  1.53021E+12 0.02077 
   29   29    1    1    1    1    1    1    1    1  2.64215E+12 0.01697 
   30   30    1    1    1    1    1    1    1    1  7.38311E+12 0.01000 
   31   31    1    1    1    1    1    1    1    1  2.30589E+13 0.00774 
   32   32    1    1    1    1    1    1    1    1  4.34640E+13 0.00522 
   33   33    1    1    1    1    1    1    1    1  1.04492E+14 0.00335 
   34   34    1    1    1    1    1    1    1    1  1.47676E+14 0.00190 
   35   35    1    1    1    1    1    1    1    1  1.90467E+14 0.00170 
   36   36    1    1    1    1    1    1    1    1  1.28351E+14 0.00149 
   37   37    1    1    1    1    1    1    1    1  3.91965E+13 0.00173 
   38   38    1    1    1    1    1    1    1    1  2.21088E+14 0.00138 
   39   39    1    1    1    1    1    1    1    1  2.99831E+14 0.00164 
   40   40    1    1    1    1    1    1    1    1  5.17599E+14 0.00177 
   41   41    1    1    1    1    1    1    1    1  5.22951E+14 0.00140 
   42   42    1    1    1    1    1    1    1    1  1.12652E+15 0.00124 
   43   43    1    1    1    1    1    1    1    1  1.37530E+15 0.00118 
   44   44    1    1    1    1    1    1    1    1  2.00739E+15 0.00098 
   45   45    1    1    1    1    1    1    1    1  4.03645E+15 0.00095 
   46   46    1    1    1    1    1    1    1    1  1.88713E+15 0.00098 
   47   47    1    1    1    1    1    1    1    1  3.05457E+15 0.00089 
   48   48    1    1    1    1    1    1    1    1  4.28056E+15 0.00090 
   49   49    1    1    1    1    1    1    1    1  4.25555E+15 0.00078 
   50   50    1    1    1    1    1    1    1    1  6.67061E+15 0.00063 
   51   51    1    1    1    1    1    1    1    1  5.32188E+15 0.00070 
   52   52    1    1    1    1    1    1    1    1  6.36400E+15 0.00076 
   53   53    1    1    1    1    1    1    1    1  4.42574E+15 0.00070 
   54   54    1    1    1    1    1    1    1    1  5.44163E+15 0.00061 
   55   55    1    1    1    1    1    1    1    1  3.74877E+15 0.00069 
   56   56    1    1    1    1    1    1    1    1  5.10060E+14 0.00100 
   57   57    1    1    1    1    1    1    1    1  7.46979E+15 0.00074 
   58   58    1    1    1    1    1    1    1    1  3.34673E+15 0.00066 
   59   59    1    1    1    1    1    1    1    1  3.55936E+15 0.00070 
   60   60    1    1    1    1    1    1    1    1  2.77839E+15 0.00081 
   61   61    1    1    1    1    1    1    1    1  2.78582E+15 0.00095 
   62   62    1    1    1    1    1    1    1    1  2.90808E+15 0.00083 
   63   63    1    1    1    1    1    1    1    1  2.45012E+15 0.00104 
   64   64    1    1    1    1    1    1    1    1  1.95204E+15 0.00092 
   65   65    1    1    1    1    1    1    1    1  1.94120E+15 0.00095 
   66   66    1    1    1    1    1    1    1    1  1.39724E+15 0.00105 
   67   67    1    1    1    1    1    1    1    1  1.13817E+15 0.00106 
   68   68    1    1    1    1    1    1    1    1  1.02270E+15 0.00117 
   69   69    1    1    1    1    1    1    1    1  1.22625E+15 0.00110 
   70   70    1    1    1    1    1    1    1    1  1.04416E+15 0.00138 
   71   71    1    1    1    1    1    1    1    1  1.89703E+15 0.00092 
   72   72    1    1    1    1    1    1    1    1  1.34208E+15 0.00121 
   73   73    1    1    1    1    1    1    1    1  1.01227E+15 0.00120 
   74   74    1    1    1    1    1    1    1    1  8.14986E+14 0.00140 
   75   75    1    1    1    1    1    1    1    1  6.77392E+14 0.00137 
   76   76    1    1    1    1    1    1    1    1  7.85987E+14 0.00135 
   77   77    1    1    1    1    1    1    1    1  6.23172E+14 0.00149 
   78   78    1    1    1    1    1    1    1    1  4.98187E+14 0.00123 
   79   79    1    1    1    1    1    1    1    1  5.12829E+14 0.00128 
   80   80    1    1    1    1    1    1    1    1  3.81101E+14 0.00222 
   81   81    1    1    1    1    1    1    1    1  2.93478E+14 0.00181 
   82   82    1    1    1    1    1    1    1    1  2.25061E+14 0.00196 
   83   83    1    1    1    1    1    1    1    1  2.10341E+14 0.00227 
   84   84    1    1    1    1    1    1    1    1  1.51746E+14 0.00183 
   85   85    1    1    1    1    1    1    1    1  1.09092E+14 0.00344 
   86   86    1    1    1    1    1    1    1    1  1.02593E+14 0.00327 
   87   87    1    1    1    1    1    1    1    1  6.28032E+13 0.00350 
   88   88    1    1    1    1    1    1    1    1  4.22677E+13 0.00378 
   89   89    1    1    1    1    1    1    1    1  2.44265E+13 0.00609 
   90   90    1    1    1    1    1    1    1    1  1.62084E+13 0.00797 
   91   91    1    1    1    1    1    1    1    1  8.20360E+12 0.00859 
   92   92    1    1    1    1    1    1    1    1  3.96478E+12 0.01401 
   93   93    1    1    1    1    1    1    1    1  1.96428E+12 0.02351 
   94   94    1    1    1    1    1    1    1    1  9.18922E+11 0.02551 
   95   95    1    1    1    1    1    1    1    1  4.40193E+11 0.05203 
   96   96    1    1    1    1    1    1    1    1  2.04997E+11 0.06452 
   97   97    1    1    1    1    1    1    1    1  1.03373E+11 0.10441 
   98   98    1    1    1    1    1    1    1    1  4.37013E+10 0.12998 
   99   99    1    1    1    1    1    1    1    1  2.26767E+10 0.16442 
  100  100    1    1    1    1    1    1    1    1  2.17480E+10 0.29561 
];


