
DETdpaspec = [
    1    1    1    1    1    1    1    1    1    1  0.00000E+00 0.00000 
    2    2    1    1    1    1    1    1    1    1  0.00000E+00 0.00000 
    3    3    1    1    1    1    1    1    1    1  0.00000E+00 0.00000 
    4    4    1    1    1    1    1    1    1    1  0.00000E+00 0.00000 
    5    5    1    1    1    1    1    1    1    1  0.00000E+00 0.00000 
    6    6    1    1    1    1    1    1    1    1  0.00000E+00 0.00000 
    7    7    1    1    1    1    1    1    1    1  0.00000E+00 0.00000 
    8    8    1    1    1    1    1    1    1    1  0.00000E+00 0.00000 
    9    9    1    1    1    1    1    1    1    1  0.00000E+00 0.00000 
   10   10    1    1    1    1    1    1    1    1  0.00000E+00 0.00000 
   11   11    1    1    1    1    1    1    1    1  5.08235E+07 1.00000 
   12   12    1    1    1    1    1    1    1    1  2.57433E+07 0.94123 
   13   13    1    1    1    1    1    1    1    1  3.64983E+08 0.64938 
   14   14    1    1    1    1    1    1    1    1  1.20563E+09 0.36305 
   15   15    1    1    1    1    1    1    1    1  2.43899E+09 0.46481 
   16   16    1    1    1    1    1    1    1    1  4.86966E+08 0.45682 
   17   17    1    1    1    1    1    1    1    1  1.67776E+09 0.33330 
   18   18    1    1    1    1    1    1    1    1  5.50551E+09 0.27790 
   19   19    1    1    1    1    1    1    1    1  7.45689E+09 0.15502 
   20   20    1    1    1    1    1    1    1    1  2.65621E+10 0.21818 
   21   21    1    1    1    1    1    1    1    1  1.66553E+10 0.17658 
   22   22    1    1    1    1    1    1    1    1  4.24378E+10 0.15857 
   23   23    1    1    1    1    1    1    1    1  5.76724E+10 0.08931 
   24   24    1    1    1    1    1    1    1    1  8.34801E+10 0.09344 
   25   25    1    1    1    1    1    1    1    1  1.19708E+11 0.06210 
   26   26    1    1    1    1    1    1    1    1  1.88887E+11 0.05466 
   27   27    1    1    1    1    1    1    1    1  3.54840E+11 0.04169 
   28   28    1    1    1    1    1    1    1    1  5.91682E+11 0.02490 
   29   29    1    1    1    1    1    1    1    1  8.07605E+11 0.02151 
   30   30    1    1    1    1    1    1    1    1  2.63593E+12 0.01604 
   31   31    1    1    1    1    1    1    1    1  8.02934E+12 0.01313 
   32   32    1    1    1    1    1    1    1    1  1.49275E+13 0.00812 
   33   33    1    1    1    1    1    1    1    1  3.29663E+13 0.00568 
   34   34    1    1    1    1    1    1    1    1  4.34821E+13 0.00471 
   35   35    1    1    1    1    1    1    1    1  6.30741E+13 0.00375 
   36   36    1    1    1    1    1    1    1    1  4.42058E+13 0.00354 
   37   37    1    1    1    1    1    1    1    1  1.41188E+13 0.00347 
   38   38    1    1    1    1    1    1    1    1  7.59387E+13 0.00309 
   39   39    1    1    1    1    1    1    1    1  1.01829E+14 0.00343 
   40   40    1    1    1    1    1    1    1    1  1.69399E+14 0.00247 
   41   41    1    1    1    1    1    1    1    1  1.76748E+14 0.00304 
   42   42    1    1    1    1    1    1    1    1  3.62830E+14 0.00265 
   43   43    1    1    1    1    1    1    1    1  4.33990E+14 0.00281 
   44   44    1    1    1    1    1    1    1    1  6.17819E+14 0.00257 
   45   45    1    1    1    1    1    1    1    1  1.17713E+15 0.00239 
   46   46    1    1    1    1    1    1    1    1  5.51930E+14 0.00212 
   47   47    1    1    1    1    1    1    1    1  8.97625E+14 0.00198 
   48   48    1    1    1    1    1    1    1    1  1.23954E+15 0.00205 
   49   49    1    1    1    1    1    1    1    1  1.22711E+15 0.00188 
   50   50    1    1    1    1    1    1    1    1  1.85281E+15 0.00199 
   51   51    1    1    1    1    1    1    1    1  1.49958E+15 0.00256 
   52   52    1    1    1    1    1    1    1    1  1.71443E+15 0.00249 
   53   53    1    1    1    1    1    1    1    1  1.19473E+15 0.00258 
   54   54    1    1    1    1    1    1    1    1  1.40907E+15 0.00276 
   55   55    1    1    1    1    1    1    1    1  9.73549E+14 0.00274 
   56   56    1    1    1    1    1    1    1    1  1.33613E+14 0.00297 
   57   57    1    1    1    1    1    1    1    1  1.92872E+15 0.00220 
   58   58    1    1    1    1    1    1    1    1  8.20671E+14 0.00279 
   59   59    1    1    1    1    1    1    1    1  8.77176E+14 0.00264 
   60   60    1    1    1    1    1    1    1    1  6.61709E+14 0.00237 
   61   61    1    1    1    1    1    1    1    1  6.65006E+14 0.00230 
   62   62    1    1    1    1    1    1    1    1  6.87452E+14 0.00243 
   63   63    1    1    1    1    1    1    1    1  5.71593E+14 0.00241 
   64   64    1    1    1    1    1    1    1    1  4.53111E+14 0.00236 
   65   65    1    1    1    1    1    1    1    1  4.46418E+14 0.00283 
   66   66    1    1    1    1    1    1    1    1  3.21290E+14 0.00226 
   67   67    1    1    1    1    1    1    1    1  2.62913E+14 0.00274 
   68   68    1    1    1    1    1    1    1    1  2.37555E+14 0.00341 
   69   69    1    1    1    1    1    1    1    1  2.85044E+14 0.00236 
   70   70    1    1    1    1    1    1    1    1  2.42331E+14 0.00341 
   71   71    1    1    1    1    1    1    1    1  4.50214E+14 0.00339 
   72   72    1    1    1    1    1    1    1    1  3.19224E+14 0.00257 
   73   73    1    1    1    1    1    1    1    1  2.37133E+14 0.00311 
   74   74    1    1    1    1    1    1    1    1  1.86675E+14 0.00393 
   75   75    1    1    1    1    1    1    1    1  1.51071E+14 0.00330 
   76   76    1    1    1    1    1    1    1    1  1.70668E+14 0.00346 
   77   77    1    1    1    1    1    1    1    1  1.32443E+14 0.00364 
   78   78    1    1    1    1    1    1    1    1  1.03517E+14 0.00346 
   79   79    1    1    1    1    1    1    1    1  1.05346E+14 0.00392 
   80   80    1    1    1    1    1    1    1    1  7.67014E+13 0.00345 
   81   81    1    1    1    1    1    1    1    1  5.89854E+13 0.00397 
   82   82    1    1    1    1    1    1    1    1  4.49877E+13 0.00561 
   83   83    1    1    1    1    1    1    1    1  4.23205E+13 0.00526 
   84   84    1    1    1    1    1    1    1    1  3.05239E+13 0.00496 
   85   85    1    1    1    1    1    1    1    1  2.19881E+13 0.00592 
   86   86    1    1    1    1    1    1    1    1  2.05688E+13 0.00700 
   87   87    1    1    1    1    1    1    1    1  1.26841E+13 0.00759 
   88   88    1    1    1    1    1    1    1    1  8.60705E+12 0.01159 
   89   89    1    1    1    1    1    1    1    1  4.98942E+12 0.01333 
   90   90    1    1    1    1    1    1    1    1  3.37179E+12 0.02196 
   91   91    1    1    1    1    1    1    1    1  1.63951E+12 0.02621 
   92   92    1    1    1    1    1    1    1    1  8.09765E+11 0.03116 
   93   93    1    1    1    1    1    1    1    1  3.94154E+11 0.04657 
   94   94    1    1    1    1    1    1    1    1  1.91840E+11 0.07726 
   95   95    1    1    1    1    1    1    1    1  8.85577E+10 0.12407 
   96   96    1    1    1    1    1    1    1    1  5.07963E+10 0.14588 
   97   97    1    1    1    1    1    1    1    1  2.57955E+10 0.25686 
   98   98    1    1    1    1    1    1    1    1  1.22048E+10 0.31963 
   99   99    1    1    1    1    1    1    1    1  5.60846E+09 0.25436 
  100  100    1    1    1    1    1    1    1    1  7.90140E+09 0.29936 
];


