
DETdpaspec = [
    1    1    1    1    1    1    1    1    1    1  0.00000E+00 0.00000 
    2    2    1    1    1    1    1    1    1    1  0.00000E+00 0.00000 
    3    3    1    1    1    1    1    1    1    1  0.00000E+00 0.00000 
    4    4    1    1    1    1    1    1    1    1  0.00000E+00 0.00000 
    5    5    1    1    1    1    1    1    1    1  2.21858E+07 0.68873 
    6    6    1    1    1    1    1    1    1    1  0.00000E+00 0.00000 
    7    7    1    1    1    1    1    1    1    1  1.92109E+07 1.00000 
    8    8    1    1    1    1    1    1    1    1  0.00000E+00 0.00000 
    9    9    1    1    1    1    1    1    1    1  5.29192E+07 0.79510 
   10   10    1    1    1    1    1    1    1    1  3.28626E+07 1.00000 
   11   11    1    1    1    1    1    1    1    1  1.19832E+08 0.68831 
   12   12    1    1    1    1    1    1    1    1  1.93509E+07 1.00000 
   13   13    1    1    1    1    1    1    1    1  1.07344E+09 0.63019 
   14   14    1    1    1    1    1    1    1    1  1.68464E+09 0.36887 
   15   15    1    1    1    1    1    1    1    1  7.60083E+08 0.49378 
   16   16    1    1    1    1    1    1    1    1  5.60341E+08 0.59005 
   17   17    1    1    1    1    1    1    1    1  2.03379E+09 0.24651 
   18   18    1    1    1    1    1    1    1    1  6.54853E+09 0.26352 
   19   19    1    1    1    1    1    1    1    1  7.40633E+09 0.18791 
   20   20    1    1    1    1    1    1    1    1  3.12942E+10 0.15766 
   21   21    1    1    1    1    1    1    1    1  2.55459E+10 0.13744 
   22   22    1    1    1    1    1    1    1    1  6.40196E+10 0.07825 
   23   23    1    1    1    1    1    1    1    1  8.22359E+10 0.08627 
   24   24    1    1    1    1    1    1    1    1  1.32754E+11 0.07010 
   25   25    1    1    1    1    1    1    1    1  1.50891E+11 0.08368 
   26   26    1    1    1    1    1    1    1    1  2.46761E+11 0.04590 
   27   27    1    1    1    1    1    1    1    1  4.26821E+11 0.02830 
   28   28    1    1    1    1    1    1    1    1  7.39310E+11 0.02743 
   29   29    1    1    1    1    1    1    1    1  1.09124E+12 0.01613 
   30   30    1    1    1    1    1    1    1    1  3.48576E+12 0.01152 
   31   31    1    1    1    1    1    1    1    1  1.07480E+13 0.01102 
   32   32    1    1    1    1    1    1    1    1  2.00594E+13 0.00761 
   33   33    1    1    1    1    1    1    1    1  4.49393E+13 0.00555 
   34   34    1    1    1    1    1    1    1    1  6.02589E+13 0.00463 
   35   35    1    1    1    1    1    1    1    1  8.68914E+13 0.00298 
   36   36    1    1    1    1    1    1    1    1  6.07764E+13 0.00251 
   37   37    1    1    1    1    1    1    1    1  1.92495E+13 0.00371 
   38   38    1    1    1    1    1    1    1    1  1.04246E+14 0.00297 
   39   39    1    1    1    1    1    1    1    1  1.39969E+14 0.00281 
   40   40    1    1    1    1    1    1    1    1  2.34629E+14 0.00292 
   41   41    1    1    1    1    1    1    1    1  2.44007E+14 0.00269 
   42   42    1    1    1    1    1    1    1    1  5.06341E+14 0.00241 
   43   43    1    1    1    1    1    1    1    1  6.10061E+14 0.00196 
   44   44    1    1    1    1    1    1    1    1  8.73194E+14 0.00202 
   45   45    1    1    1    1    1    1    1    1  1.67849E+15 0.00217 
   46   46    1    1    1    1    1    1    1    1  7.90372E+14 0.00235 
   47   47    1    1    1    1    1    1    1    1  1.28734E+15 0.00201 
   48   48    1    1    1    1    1    1    1    1  1.78275E+15 0.00209 
   49   49    1    1    1    1    1    1    1    1  1.76793E+15 0.00211 
   50   50    1    1    1    1    1    1    1    1  2.69060E+15 0.00240 
   51   51    1    1    1    1    1    1    1    1  2.17451E+15 0.00231 
   52   52    1    1    1    1    1    1    1    1  2.50665E+15 0.00212 
   53   53    1    1    1    1    1    1    1    1  1.74308E+15 0.00210 
   54   54    1    1    1    1    1    1    1    1  2.07308E+15 0.00196 
   55   55    1    1    1    1    1    1    1    1  1.43061E+15 0.00202 
   56   56    1    1    1    1    1    1    1    1  1.95800E+14 0.00209 
   57   57    1    1    1    1    1    1    1    1  2.84093E+15 0.00218 
   58   58    1    1    1    1    1    1    1    1  1.22031E+15 0.00207 
   59   59    1    1    1    1    1    1    1    1  1.30356E+15 0.00212 
   60   60    1    1    1    1    1    1    1    1  9.88623E+14 0.00229 
   61   61    1    1    1    1    1    1    1    1  9.94137E+14 0.00238 
   62   62    1    1    1    1    1    1    1    1  1.03046E+15 0.00256 
   63   63    1    1    1    1    1    1    1    1  8.57981E+14 0.00264 
   64   64    1    1    1    1    1    1    1    1  6.81794E+14 0.00226 
   65   65    1    1    1    1    1    1    1    1  6.73195E+14 0.00249 
   66   66    1    1    1    1    1    1    1    1  4.83450E+14 0.00230 
   67   67    1    1    1    1    1    1    1    1  3.96528E+14 0.00268 
   68   68    1    1    1    1    1    1    1    1  3.56564E+14 0.00244 
   69   69    1    1    1    1    1    1    1    1  4.28238E+14 0.00258 
   70   70    1    1    1    1    1    1    1    1  3.65613E+14 0.00272 
   71   71    1    1    1    1    1    1    1    1  6.74095E+14 0.00277 
   72   72    1    1    1    1    1    1    1    1  4.79133E+14 0.00324 
   73   73    1    1    1    1    1    1    1    1  3.58101E+14 0.00270 
   74   74    1    1    1    1    1    1    1    1  2.82794E+14 0.00316 
   75   75    1    1    1    1    1    1    1    1  2.29375E+14 0.00336 
   76   76    1    1    1    1    1    1    1    1  2.62216E+14 0.00285 
   77   77    1    1    1    1    1    1    1    1  2.01998E+14 0.00340 
   78   78    1    1    1    1    1    1    1    1  1.58280E+14 0.00386 
   79   79    1    1    1    1    1    1    1    1  1.61843E+14 0.00321 
   80   80    1    1    1    1    1    1    1    1  1.19562E+14 0.00382 
   81   81    1    1    1    1    1    1    1    1  9.09365E+13 0.00358 
   82   82    1    1    1    1    1    1    1    1  6.93863E+13 0.00392 
   83   83    1    1    1    1    1    1    1    1  6.52991E+13 0.00374 
   84   84    1    1    1    1    1    1    1    1  4.68736E+13 0.00596 
   85   85    1    1    1    1    1    1    1    1  3.38484E+13 0.00464 
   86   86    1    1    1    1    1    1    1    1  3.17009E+13 0.00536 
   87   87    1    1    1    1    1    1    1    1  1.96179E+13 0.00919 
   88   88    1    1    1    1    1    1    1    1  1.33589E+13 0.01028 
   89   89    1    1    1    1    1    1    1    1  7.66102E+12 0.01074 
   90   90    1    1    1    1    1    1    1    1  4.98053E+12 0.01098 
   91   91    1    1    1    1    1    1    1    1  2.50756E+12 0.02147 
   92   92    1    1    1    1    1    1    1    1  1.31409E+12 0.02574 
   93   93    1    1    1    1    1    1    1    1  5.98649E+11 0.04288 
   94   94    1    1    1    1    1    1    1    1  3.11426E+11 0.06569 
   95   95    1    1    1    1    1    1    1    1  1.51983E+11 0.07177 
   96   96    1    1    1    1    1    1    1    1  6.87290E+10 0.11005 
   97   97    1    1    1    1    1    1    1    1  4.04358E+10 0.14951 
   98   98    1    1    1    1    1    1    1    1  1.81609E+10 0.28693 
   99   99    1    1    1    1    1    1    1    1  7.83213E+09 0.26554 
  100  100    1    1    1    1    1    1    1    1  3.36140E+09 0.43963 
];


