
DETdpaspec = [
    1    1    1    1    1    1    1    1    1    1  0.00000E+00 0.00000 
    2    2    1    1    1    1    1    1    1    1  0.00000E+00 0.00000 
    3    3    1    1    1    1    1    1    1    1  0.00000E+00 0.00000 
    4    4    1    1    1    1    1    1    1    1  0.00000E+00 0.00000 
    5    5    1    1    1    1    1    1    1    1  0.00000E+00 0.00000 
    6    6    1    1    1    1    1    1    1    1  9.78130E+06 1.00000 
    7    7    1    1    1    1    1    1    1    1  0.00000E+00 0.00000 
    8    8    1    1    1    1    1    1    1    1  0.00000E+00 0.00000 
    9    9    1    1    1    1    1    1    1    1  0.00000E+00 0.00000 
   10   10    1    1    1    1    1    1    1    1  2.14635E+08 0.60919 
   11   11    1    1    1    1    1    1    1    1  0.00000E+00 0.00000 
   12   12    1    1    1    1    1    1    1    1  3.41467E+06 0.68920 
   13   13    1    1    1    1    1    1    1    1  9.39413E+08 0.63269 
   14   14    1    1    1    1    1    1    1    1  4.37769E+09 0.43303 
   15   15    1    1    1    1    1    1    1    1  3.97714E+09 0.34218 
   16   16    1    1    1    1    1    1    1    1  2.16993E+09 0.30417 
   17   17    1    1    1    1    1    1    1    1  3.49001E+09 0.26450 
   18   18    1    1    1    1    1    1    1    1  1.04984E+10 0.19402 
   19   19    1    1    1    1    1    1    1    1  1.09814E+10 0.18557 
   20   20    1    1    1    1    1    1    1    1  4.28393E+10 0.13651 
   21   21    1    1    1    1    1    1    1    1  2.33460E+10 0.13039 
   22   22    1    1    1    1    1    1    1    1  6.29211E+10 0.08729 
   23   23    1    1    1    1    1    1    1    1  1.05761E+11 0.05089 
   24   24    1    1    1    1    1    1    1    1  1.49237E+11 0.07185 
   25   25    1    1    1    1    1    1    1    1  2.02633E+11 0.05841 
   26   26    1    1    1    1    1    1    1    1  2.96772E+11 0.04042 
   27   27    1    1    1    1    1    1    1    1  5.37093E+11 0.03279 
   28   28    1    1    1    1    1    1    1    1  1.05627E+12 0.01671 
   29   29    1    1    1    1    1    1    1    1  1.51207E+12 0.02247 
   30   30    1    1    1    1    1    1    1    1  4.59214E+12 0.01557 
   31   31    1    1    1    1    1    1    1    1  1.43793E+13 0.00768 
   32   32    1    1    1    1    1    1    1    1  2.71647E+13 0.00532 
   33   33    1    1    1    1    1    1    1    1  6.28414E+13 0.00402 
   34   34    1    1    1    1    1    1    1    1  8.55327E+13 0.00338 
   35   35    1    1    1    1    1    1    1    1  1.20831E+14 0.00259 
   36   36    1    1    1    1    1    1    1    1  8.44760E+13 0.00202 
   37   37    1    1    1    1    1    1    1    1  2.65467E+13 0.00228 
   38   38    1    1    1    1    1    1    1    1  1.45434E+14 0.00200 
   39   39    1    1    1    1    1    1    1    1  1.95945E+14 0.00185 
   40   40    1    1    1    1    1    1    1    1  3.33085E+14 0.00172 
   41   41    1    1    1    1    1    1    1    1  3.44462E+14 0.00197 
   42   42    1    1    1    1    1    1    1    1  7.22111E+14 0.00119 
   43   43    1    1    1    1    1    1    1    1  8.74734E+14 0.00134 
   44   44    1    1    1    1    1    1    1    1  1.26287E+15 0.00131 
   45   45    1    1    1    1    1    1    1    1  2.46693E+15 0.00154 
   46   46    1    1    1    1    1    1    1    1  1.16164E+15 0.00131 
   47   47    1    1    1    1    1    1    1    1  1.88870E+15 0.00140 
   48   48    1    1    1    1    1    1    1    1  2.63144E+15 0.00153 
   49   49    1    1    1    1    1    1    1    1  2.61915E+15 0.00143 
   50   50    1    1    1    1    1    1    1    1  4.02369E+15 0.00148 
   51   51    1    1    1    1    1    1    1    1  3.25310E+15 0.00163 
   52   52    1    1    1    1    1    1    1    1  3.78778E+15 0.00150 
   53   53    1    1    1    1    1    1    1    1  2.64426E+15 0.00143 
   54   54    1    1    1    1    1    1    1    1  3.16901E+15 0.00145 
   55   55    1    1    1    1    1    1    1    1  2.18755E+15 0.00155 
   56   56    1    1    1    1    1    1    1    1  2.99004E+14 0.00179 
   57   57    1    1    1    1    1    1    1    1  4.35552E+15 0.00148 
   58   58    1    1    1    1    1    1    1    1  1.89144E+15 0.00147 
   59   59    1    1    1    1    1    1    1    1  2.02353E+15 0.00140 
   60   60    1    1    1    1    1    1    1    1  1.54549E+15 0.00155 
   61   61    1    1    1    1    1    1    1    1  1.55379E+15 0.00148 
   62   62    1    1    1    1    1    1    1    1  1.61265E+15 0.00146 
   63   63    1    1    1    1    1    1    1    1  1.35075E+15 0.00152 
   64   64    1    1    1    1    1    1    1    1  1.07289E+15 0.00182 
   65   65    1    1    1    1    1    1    1    1  1.06408E+15 0.00166 
   66   66    1    1    1    1    1    1    1    1  7.64358E+14 0.00167 
   67   67    1    1    1    1    1    1    1    1  6.26406E+14 0.00145 
   68   68    1    1    1    1    1    1    1    1  5.63914E+14 0.00206 
   69   69    1    1    1    1    1    1    1    1  6.76807E+14 0.00174 
   70   70    1    1    1    1    1    1    1    1  5.75015E+14 0.00196 
   71   71    1    1    1    1    1    1    1    1  1.06097E+15 0.00215 
   72   72    1    1    1    1    1    1    1    1  7.53398E+14 0.00242 
   73   73    1    1    1    1    1    1    1    1  5.64173E+14 0.00220 
   74   74    1    1    1    1    1    1    1    1  4.47680E+14 0.00269 
   75   75    1    1    1    1    1    1    1    1  3.66209E+14 0.00221 
   76   76    1    1    1    1    1    1    1    1  4.17973E+14 0.00240 
   77   77    1    1    1    1    1    1    1    1  3.27143E+14 0.00281 
   78   78    1    1    1    1    1    1    1    1  2.57793E+14 0.00299 
   79   79    1    1    1    1    1    1    1    1  2.62482E+14 0.00294 
   80   80    1    1    1    1    1    1    1    1  1.94076E+14 0.00245 
   81   81    1    1    1    1    1    1    1    1  1.49164E+14 0.00312 
   82   82    1    1    1    1    1    1    1    1  1.14025E+14 0.00328 
   83   83    1    1    1    1    1    1    1    1  1.06802E+14 0.00258 
   84   84    1    1    1    1    1    1    1    1  7.62202E+13 0.00455 
   85   85    1    1    1    1    1    1    1    1  5.50800E+13 0.00458 
   86   86    1    1    1    1    1    1    1    1  5.16634E+13 0.00427 
   87   87    1    1    1    1    1    1    1    1  3.17950E+13 0.00656 
   88   88    1    1    1    1    1    1    1    1  2.14582E+13 0.00629 
   89   89    1    1    1    1    1    1    1    1  1.23929E+13 0.00858 
   90   90    1    1    1    1    1    1    1    1  8.40586E+12 0.01121 
   91   91    1    1    1    1    1    1    1    1  4.19467E+12 0.01800 
   92   92    1    1    1    1    1    1    1    1  1.99743E+12 0.02186 
   93   93    1    1    1    1    1    1    1    1  1.05470E+12 0.03224 
   94   94    1    1    1    1    1    1    1    1  4.69588E+11 0.04721 
   95   95    1    1    1    1    1    1    1    1  2.28206E+11 0.05637 
   96   96    1    1    1    1    1    1    1    1  1.26095E+11 0.10705 
   97   97    1    1    1    1    1    1    1    1  4.89736E+10 0.11169 
   98   98    1    1    1    1    1    1    1    1  2.87086E+10 0.18100 
   99   99    1    1    1    1    1    1    1    1  9.59930E+09 0.25773 
  100  100    1    1    1    1    1    1    1    1  8.49469E+09 0.28326 
];


