
DETdpaspec = [
    1    1    1    1    1    1    1    1    1    1  0.00000E+00 0.00000 
    2    2    1    1    1    1    1    1    1    1  0.00000E+00 0.00000 
    3    3    1    1    1    1    1    1    1    1  0.00000E+00 0.00000 
    4    4    1    1    1    1    1    1    1    1  0.00000E+00 0.00000 
    5    5    1    1    1    1    1    1    1    1  1.26627E+07 1.00000 
    6    6    1    1    1    1    1    1    1    1  0.00000E+00 0.00000 
    7    7    1    1    1    1    1    1    1    1  1.92181E+07 1.00000 
    8    8    1    1    1    1    1    1    1    1  0.00000E+00 0.00000 
    9    9    1    1    1    1    1    1    1    1  3.24038E+07 0.71258 
   10   10    1    1    1    1    1    1    1    1  1.47850E+08 0.75519 
   11   11    1    1    1    1    1    1    1    1  2.81293E+08 0.55892 
   12   12    1    1    1    1    1    1    1    1  1.28448E+08 0.47292 
   13   13    1    1    1    1    1    1    1    1  1.17151E+09 0.51599 
   14   14    1    1    1    1    1    1    1    1  6.71745E+08 0.50738 
   15   15    1    1    1    1    1    1    1    1  4.97673E+09 0.31805 
   16   16    1    1    1    1    1    1    1    1  2.46244E+09 0.47119 
   17   17    1    1    1    1    1    1    1    1  2.55207E+09 0.26540 
   18   18    1    1    1    1    1    1    1    1  1.04391E+10 0.19252 
   19   19    1    1    1    1    1    1    1    1  1.62224E+10 0.19616 
   20   20    1    1    1    1    1    1    1    1  3.56638E+10 0.16079 
   21   21    1    1    1    1    1    1    1    1  3.14264E+10 0.07842 
   22   22    1    1    1    1    1    1    1    1  6.17444E+10 0.10688 
   23   23    1    1    1    1    1    1    1    1  9.86801E+10 0.07276 
   24   24    1    1    1    1    1    1    1    1  1.66082E+11 0.05079 
   25   25    1    1    1    1    1    1    1    1  2.05093E+11 0.07003 
   26   26    1    1    1    1    1    1    1    1  3.06063E+11 0.03698 
   27   27    1    1    1    1    1    1    1    1  5.71922E+11 0.02622 
   28   28    1    1    1    1    1    1    1    1  1.08937E+12 0.02055 
   29   29    1    1    1    1    1    1    1    1  1.59053E+12 0.01800 
   30   30    1    1    1    1    1    1    1    1  4.85268E+12 0.01152 
   31   31    1    1    1    1    1    1    1    1  1.50462E+13 0.00870 
   32   32    1    1    1    1    1    1    1    1  2.85467E+13 0.00610 
   33   33    1    1    1    1    1    1    1    1  6.55704E+13 0.00331 
   34   34    1    1    1    1    1    1    1    1  9.00954E+13 0.00331 
   35   35    1    1    1    1    1    1    1    1  1.26641E+14 0.00242 
   36   36    1    1    1    1    1    1    1    1  8.81209E+13 0.00249 
   37   37    1    1    1    1    1    1    1    1  2.75626E+13 0.00181 
   38   38    1    1    1    1    1    1    1    1  1.51714E+14 0.00183 
   39   39    1    1    1    1    1    1    1    1  2.04731E+14 0.00161 
   40   40    1    1    1    1    1    1    1    1  3.47987E+14 0.00121 
   41   41    1    1    1    1    1    1    1    1  3.60276E+14 0.00138 
   42   42    1    1    1    1    1    1    1    1  7.57203E+14 0.00137 
   43   43    1    1    1    1    1    1    1    1  9.16926E+14 0.00116 
   44   44    1    1    1    1    1    1    1    1  1.32722E+15 0.00094 
   45   45    1    1    1    1    1    1    1    1  2.60337E+15 0.00104 
   46   46    1    1    1    1    1    1    1    1  1.22856E+15 0.00086 
   47   47    1    1    1    1    1    1    1    1  1.99722E+15 0.00086 
   48   48    1    1    1    1    1    1    1    1  2.78531E+15 0.00085 
   49   49    1    1    1    1    1    1    1    1  2.76850E+15 0.00104 
   50   50    1    1    1    1    1    1    1    1  4.26148E+15 0.00111 
   51   51    1    1    1    1    1    1    1    1  3.44476E+15 0.00106 
   52   52    1    1    1    1    1    1    1    1  4.02407E+15 0.00114 
   53   53    1    1    1    1    1    1    1    1  2.80510E+15 0.00110 
   54   54    1    1    1    1    1    1    1    1  3.37399E+15 0.00094 
   55   55    1    1    1    1    1    1    1    1  2.32841E+15 0.00108 
   56   56    1    1    1    1    1    1    1    1  3.18454E+14 0.00151 
   57   57    1    1    1    1    1    1    1    1  4.63367E+15 0.00090 
   58   58    1    1    1    1    1    1    1    1  2.01831E+15 0.00121 
   59   59    1    1    1    1    1    1    1    1  2.15692E+15 0.00074 
   60   60    1    1    1    1    1    1    1    1  1.65020E+15 0.00112 
   61   61    1    1    1    1    1    1    1    1  1.65919E+15 0.00100 
   62   62    1    1    1    1    1    1    1    1  1.72346E+15 0.00116 
   63   63    1    1    1    1    1    1    1    1  1.44205E+15 0.00113 
   64   64    1    1    1    1    1    1    1    1  1.14806E+15 0.00107 
   65   65    1    1    1    1    1    1    1    1  1.13612E+15 0.00127 
   66   66    1    1    1    1    1    1    1    1  8.18400E+14 0.00124 
   67   67    1    1    1    1    1    1    1    1  6.69451E+14 0.00128 
   68   68    1    1    1    1    1    1    1    1  6.01518E+14 0.00113 
   69   69    1    1    1    1    1    1    1    1  7.23106E+14 0.00169 
   70   70    1    1    1    1    1    1    1    1  6.16250E+14 0.00175 
   71   71    1    1    1    1    1    1    1    1  1.13571E+15 0.00168 
   72   72    1    1    1    1    1    1    1    1  8.05378E+14 0.00159 
   73   73    1    1    1    1    1    1    1    1  6.05226E+14 0.00145 
   74   74    1    1    1    1    1    1    1    1  4.80169E+14 0.00181 
   75   75    1    1    1    1    1    1    1    1  3.92729E+14 0.00217 
   76   76    1    1    1    1    1    1    1    1  4.48225E+14 0.00159 
   77   77    1    1    1    1    1    1    1    1  3.51028E+14 0.00174 
   78   78    1    1    1    1    1    1    1    1  2.76941E+14 0.00189 
   79   79    1    1    1    1    1    1    1    1  2.83099E+14 0.00219 
   80   80    1    1    1    1    1    1    1    1  2.08937E+14 0.00211 
   81   81    1    1    1    1    1    1    1    1  1.60322E+14 0.00228 
   82   82    1    1    1    1    1    1    1    1  1.23123E+14 0.00317 
   83   83    1    1    1    1    1    1    1    1  1.14666E+14 0.00269 
   84   84    1    1    1    1    1    1    1    1  8.21772E+13 0.00310 
   85   85    1    1    1    1    1    1    1    1  5.95440E+13 0.00402 
   86   86    1    1    1    1    1    1    1    1  5.58381E+13 0.00400 
   87   87    1    1    1    1    1    1    1    1  3.43507E+13 0.00473 
   88   88    1    1    1    1    1    1    1    1  2.31050E+13 0.00590 
   89   89    1    1    1    1    1    1    1    1  1.33855E+13 0.00684 
   90   90    1    1    1    1    1    1    1    1  8.91145E+12 0.00990 
   91   91    1    1    1    1    1    1    1    1  4.42499E+12 0.01424 
   92   92    1    1    1    1    1    1    1    1  2.18828E+12 0.01635 
   93   93    1    1    1    1    1    1    1    1  1.08268E+12 0.03347 
   94   94    1    1    1    1    1    1    1    1  5.37206E+11 0.03621 
   95   95    1    1    1    1    1    1    1    1  2.48512E+11 0.07685 
   96   96    1    1    1    1    1    1    1    1  1.22514E+11 0.07218 
   97   97    1    1    1    1    1    1    1    1  6.14626E+10 0.11567 
   98   98    1    1    1    1    1    1    1    1  2.69675E+10 0.14041 
   99   99    1    1    1    1    1    1    1    1  1.41518E+10 0.18314 
  100  100    1    1    1    1    1    1    1    1  1.45389E+10 0.19276 
];


