
DETdpaspec = [
    1    1    1    1    1    1    1    1    1    1  0.00000E+00 0.00000 
    2    2    1    1    1    1    1    1    1    1  0.00000E+00 0.00000 
    3    3    1    1    1    1    1    1    1    1  0.00000E+00 0.00000 
    4    4    1    1    1    1    1    1    1    1  0.00000E+00 0.00000 
    5    5    1    1    1    1    1    1    1    1  0.00000E+00 0.00000 
    6    6    1    1    1    1    1    1    1    1  9.11109E+06 1.00000 
    7    7    1    1    1    1    1    1    1    1  0.00000E+00 0.00000 
    8    8    1    1    1    1    1    1    1    1  2.18547E+07 1.00000 
    9    9    1    1    1    1    1    1    1    1  1.20641E+07 1.00000 
   10   10    1    1    1    1    1    1    1    1  4.38218E+07 1.00000 
   11   11    1    1    1    1    1    1    1    1  2.51964E+08 0.57421 
   12   12    1    1    1    1    1    1    1    1  9.18488E+07 0.54730 
   13   13    1    1    1    1    1    1    1    1  1.07080E+09 0.77823 
   14   14    1    1    1    1    1    1    1    1  1.81038E+09 0.35155 
   15   15    1    1    1    1    1    1    1    1  2.53503E+09 0.46203 
   16   16    1    1    1    1    1    1    1    1  1.76081E+09 0.36096 
   17   17    1    1    1    1    1    1    1    1  1.35719E+09 0.36402 
   18   18    1    1    1    1    1    1    1    1  5.77965E+09 0.32311 
   19   19    1    1    1    1    1    1    1    1  7.64871E+09 0.24710 
   20   20    1    1    1    1    1    1    1    1  2.05257E+10 0.15291 
   21   21    1    1    1    1    1    1    1    1  1.27597E+10 0.16009 
   22   22    1    1    1    1    1    1    1    1  4.85018E+10 0.11391 
   23   23    1    1    1    1    1    1    1    1  5.36195E+10 0.07229 
   24   24    1    1    1    1    1    1    1    1  8.93450E+10 0.09424 
   25   25    1    1    1    1    1    1    1    1  1.14909E+11 0.07831 
   26   26    1    1    1    1    1    1    1    1  1.80479E+11 0.04984 
   27   27    1    1    1    1    1    1    1    1  3.30739E+11 0.03895 
   28   28    1    1    1    1    1    1    1    1  5.47159E+11 0.03785 
   29   29    1    1    1    1    1    1    1    1  7.57367E+11 0.03800 
   30   30    1    1    1    1    1    1    1    1  2.35936E+12 0.02123 
   31   31    1    1    1    1    1    1    1    1  7.34604E+12 0.01314 
   32   32    1    1    1    1    1    1    1    1  1.38989E+13 0.00920 
   33   33    1    1    1    1    1    1    1    1  2.99882E+13 0.00544 
   34   34    1    1    1    1    1    1    1    1  3.97177E+13 0.00444 
   35   35    1    1    1    1    1    1    1    1  5.74425E+13 0.00411 
   36   36    1    1    1    1    1    1    1    1  4.02148E+13 0.00435 
   37   37    1    1    1    1    1    1    1    1  1.28893E+13 0.00308 
   38   38    1    1    1    1    1    1    1    1  6.93015E+13 0.00371 
   39   39    1    1    1    1    1    1    1    1  9.22143E+13 0.00401 
   40   40    1    1    1    1    1    1    1    1  1.53402E+14 0.00383 
   41   41    1    1    1    1    1    1    1    1  1.60403E+14 0.00393 
   42   42    1    1    1    1    1    1    1    1  3.27018E+14 0.00356 
   43   43    1    1    1    1    1    1    1    1  3.90942E+14 0.00396 
   44   44    1    1    1    1    1    1    1    1  5.54158E+14 0.00384 
   45   45    1    1    1    1    1    1    1    1  1.04931E+15 0.00314 
   46   46    1    1    1    1    1    1    1    1  4.92416E+14 0.00301 
   47   47    1    1    1    1    1    1    1    1  7.99074E+14 0.00321 
   48   48    1    1    1    1    1    1    1    1  1.10209E+15 0.00313 
   49   49    1    1    1    1    1    1    1    1  1.09178E+15 0.00301 
   50   50    1    1    1    1    1    1    1    1  1.64629E+15 0.00319 
   51   51    1    1    1    1    1    1    1    1  1.33450E+15 0.00371 
   52   52    1    1    1    1    1    1    1    1  1.52298E+15 0.00362 
   53   53    1    1    1    1    1    1    1    1  1.05974E+15 0.00380 
   54   54    1    1    1    1    1    1    1    1  1.24801E+15 0.00414 
   55   55    1    1    1    1    1    1    1    1  8.62066E+14 0.00368 
   56   56    1    1    1    1    1    1    1    1  1.18299E+14 0.00397 
   57   57    1    1    1    1    1    1    1    1  1.70569E+15 0.00348 
   58   58    1    1    1    1    1    1    1    1  7.24261E+14 0.00364 
   59   59    1    1    1    1    1    1    1    1  7.75029E+14 0.00358 
   60   60    1    1    1    1    1    1    1    1  5.83911E+14 0.00359 
   61   61    1    1    1    1    1    1    1    1  5.86579E+14 0.00320 
   62   62    1    1    1    1    1    1    1    1  6.06654E+14 0.00382 
   63   63    1    1    1    1    1    1    1    1  5.04125E+14 0.00388 
   64   64    1    1    1    1    1    1    1    1  3.99724E+14 0.00428 
   65   65    1    1    1    1    1    1    1    1  3.94063E+14 0.00393 
   66   66    1    1    1    1    1    1    1    1  2.83041E+14 0.00391 
   67   67    1    1    1    1    1    1    1    1  2.32291E+14 0.00487 
   68   68    1    1    1    1    1    1    1    1  2.09274E+14 0.00432 
   69   69    1    1    1    1    1    1    1    1  2.51054E+14 0.00397 
   70   70    1    1    1    1    1    1    1    1  2.14136E+14 0.00380 
   71   71    1    1    1    1    1    1    1    1  3.96820E+14 0.00404 
   72   72    1    1    1    1    1    1    1    1  2.80685E+14 0.00383 
   73   73    1    1    1    1    1    1    1    1  2.09689E+14 0.00438 
   74   74    1    1    1    1    1    1    1    1  1.64939E+14 0.00479 
   75   75    1    1    1    1    1    1    1    1  1.33386E+14 0.00388 
   76   76    1    1    1    1    1    1    1    1  1.50363E+14 0.00386 
   77   77    1    1    1    1    1    1    1    1  1.16103E+14 0.00531 
   78   78    1    1    1    1    1    1    1    1  9.09201E+13 0.00558 
   79   79    1    1    1    1    1    1    1    1  9.19492E+13 0.00416 
   80   80    1    1    1    1    1    1    1    1  6.79483E+13 0.00566 
   81   81    1    1    1    1    1    1    1    1  5.19554E+13 0.00624 
   82   82    1    1    1    1    1    1    1    1  3.96053E+13 0.00465 
   83   83    1    1    1    1    1    1    1    1  3.71362E+13 0.00437 
   84   84    1    1    1    1    1    1    1    1  2.65508E+13 0.00820 
   85   85    1    1    1    1    1    1    1    1  1.91775E+13 0.00763 
   86   86    1    1    1    1    1    1    1    1  1.79060E+13 0.01005 
   87   87    1    1    1    1    1    1    1    1  1.09792E+13 0.00806 
   88   88    1    1    1    1    1    1    1    1  7.53907E+12 0.00626 
   89   89    1    1    1    1    1    1    1    1  4.29923E+12 0.01250 
   90   90    1    1    1    1    1    1    1    1  2.90190E+12 0.02035 
   91   91    1    1    1    1    1    1    1    1  1.40419E+12 0.02672 
   92   92    1    1    1    1    1    1    1    1  6.85299E+11 0.03758 
   93   93    1    1    1    1    1    1    1    1  3.25498E+11 0.05532 
   94   94    1    1    1    1    1    1    1    1  1.85320E+11 0.06621 
   95   95    1    1    1    1    1    1    1    1  7.51906E+10 0.13106 
   96   96    1    1    1    1    1    1    1    1  3.57050E+10 0.12813 
   97   97    1    1    1    1    1    1    1    1  1.73773E+10 0.18013 
   98   98    1    1    1    1    1    1    1    1  7.80539E+09 0.24421 
   99   99    1    1    1    1    1    1    1    1  1.14019E+09 0.73440 
  100  100    1    1    1    1    1    1    1    1  4.12785E+09 0.45049 
];


