
DETdpaspec = [
    1    1    1    1    1    1    1    1    1    1  0.00000E+00 0.00000 
    2    2    1    1    1    1    1    1    1    1  0.00000E+00 0.00000 
    3    3    1    1    1    1    1    1    1    1  0.00000E+00 0.00000 
    4    4    1    1    1    1    1    1    1    1  3.06563E+07 1.00000 
    5    5    1    1    1    1    1    1    1    1  0.00000E+00 0.00000 
    6    6    1    1    1    1    1    1    1    1  0.00000E+00 0.00000 
    7    7    1    1    1    1    1    1    1    1  0.00000E+00 0.00000 
    8    8    1    1    1    1    1    1    1    1  0.00000E+00 0.00000 
    9    9    1    1    1    1    1    1    1    1  0.00000E+00 0.00000 
   10   10    1    1    1    1    1    1    1    1  4.92944E+07 1.00000 
   11   11    1    1    1    1    1    1    1    1  1.49160E+08 1.00000 
   12   12    1    1    1    1    1    1    1    1  7.11973E+07 0.65382 
   13   13    1    1    1    1    1    1    1    1  2.66670E+08 0.68844 
   14   14    1    1    1    1    1    1    1    1  8.20578E+08 0.59703 
   15   15    1    1    1    1    1    1    1    1  3.74495E+09 0.39894 
   16   16    1    1    1    1    1    1    1    1  2.13664E+09 0.36939 
   17   17    1    1    1    1    1    1    1    1  3.56804E+09 0.27385 
   18   18    1    1    1    1    1    1    1    1  1.04009E+10 0.21030 
   19   19    1    1    1    1    1    1    1    1  1.10797E+10 0.17821 
   20   20    1    1    1    1    1    1    1    1  4.63982E+10 0.11818 
   21   21    1    1    1    1    1    1    1    1  3.00900E+10 0.12987 
   22   22    1    1    1    1    1    1    1    1  6.46053E+10 0.11544 
   23   23    1    1    1    1    1    1    1    1  9.93676E+10 0.06887 
   24   24    1    1    1    1    1    1    1    1  1.65364E+11 0.07553 
   25   25    1    1    1    1    1    1    1    1  2.17935E+11 0.05455 
   26   26    1    1    1    1    1    1    1    1  3.64885E+11 0.03684 
   27   27    1    1    1    1    1    1    1    1  6.91146E+11 0.03291 
   28   28    1    1    1    1    1    1    1    1  1.50989E+12 0.01877 
   29   29    1    1    1    1    1    1    1    1  2.52063E+12 0.01692 
   30   30    1    1    1    1    1    1    1    1  7.24585E+12 0.01095 
   31   31    1    1    1    1    1    1    1    1  2.27341E+13 0.00490 
   32   32    1    1    1    1    1    1    1    1  4.29508E+13 0.00369 
   33   33    1    1    1    1    1    1    1    1  1.03007E+14 0.00296 
   34   34    1    1    1    1    1    1    1    1  1.45766E+14 0.00231 
   35   35    1    1    1    1    1    1    1    1  1.88250E+14 0.00212 
   36   36    1    1    1    1    1    1    1    1  1.26825E+14 0.00255 
   37   37    1    1    1    1    1    1    1    1  3.86880E+13 0.00164 
   38   38    1    1    1    1    1    1    1    1  2.18892E+14 0.00221 
   39   39    1    1    1    1    1    1    1    1  2.96900E+14 0.00188 
   40   40    1    1    1    1    1    1    1    1  5.12382E+14 0.00151 
   41   41    1    1    1    1    1    1    1    1  5.18323E+14 0.00112 
   42   42    1    1    1    1    1    1    1    1  1.11813E+15 0.00107 
   43   43    1    1    1    1    1    1    1    1  1.36575E+15 0.00093 
   44   44    1    1    1    1    1    1    1    1  1.99217E+15 0.00115 
   45   45    1    1    1    1    1    1    1    1  4.00447E+15 0.00101 
   46   46    1    1    1    1    1    1    1    1  1.87428E+15 0.00084 
   47   47    1    1    1    1    1    1    1    1  3.03307E+15 0.00080 
   48   48    1    1    1    1    1    1    1    1  4.25239E+15 0.00098 
   49   49    1    1    1    1    1    1    1    1  4.22359E+15 0.00096 
   50   50    1    1    1    1    1    1    1    1  6.62278E+15 0.00068 
   51   51    1    1    1    1    1    1    1    1  5.28938E+15 0.00078 
   52   52    1    1    1    1    1    1    1    1  6.32431E+15 0.00058 
   53   53    1    1    1    1    1    1    1    1  4.40099E+15 0.00071 
   54   54    1    1    1    1    1    1    1    1  5.40678E+15 0.00058 
   55   55    1    1    1    1    1    1    1    1  3.72489E+15 0.00067 
   56   56    1    1    1    1    1    1    1    1  5.06114E+14 0.00077 
   57   57    1    1    1    1    1    1    1    1  7.42026E+15 0.00059 
   58   58    1    1    1    1    1    1    1    1  3.32462E+15 0.00072 
   59   59    1    1    1    1    1    1    1    1  3.53473E+15 0.00068 
   60   60    1    1    1    1    1    1    1    1  2.75651E+15 0.00072 
   61   61    1    1    1    1    1    1    1    1  2.76487E+15 0.00069 
   62   62    1    1    1    1    1    1    1    1  2.88804E+15 0.00066 
   63   63    1    1    1    1    1    1    1    1  2.43299E+15 0.00067 
   64   64    1    1    1    1    1    1    1    1  1.94104E+15 0.00078 
   65   65    1    1    1    1    1    1    1    1  1.92762E+15 0.00076 
   66   66    1    1    1    1    1    1    1    1  1.38914E+15 0.00091 
   67   67    1    1    1    1    1    1    1    1  1.13154E+15 0.00096 
   68   68    1    1    1    1    1    1    1    1  1.01676E+15 0.00106 
   69   69    1    1    1    1    1    1    1    1  1.21904E+15 0.00140 
   70   70    1    1    1    1    1    1    1    1  1.03817E+15 0.00169 
   71   71    1    1    1    1    1    1    1    1  1.88760E+15 0.00125 
   72   72    1    1    1    1    1    1    1    1  1.33617E+15 0.00129 
   73   73    1    1    1    1    1    1    1    1  1.00630E+15 0.00094 
   74   74    1    1    1    1    1    1    1    1  8.10090E+14 0.00143 
   75   75    1    1    1    1    1    1    1    1  6.73254E+14 0.00164 
   76   76    1    1    1    1    1    1    1    1  7.80854E+14 0.00111 
   77   77    1    1    1    1    1    1    1    1  6.17902E+14 0.00126 
   78   78    1    1    1    1    1    1    1    1  4.92878E+14 0.00213 
   79   79    1    1    1    1    1    1    1    1  5.09115E+14 0.00227 
   80   80    1    1    1    1    1    1    1    1  3.76565E+14 0.00159 
   81   81    1    1    1    1    1    1    1    1  2.90974E+14 0.00200 
   82   82    1    1    1    1    1    1    1    1  2.24405E+14 0.00175 
   83   83    1    1    1    1    1    1    1    1  2.09050E+14 0.00126 
   84   84    1    1    1    1    1    1    1    1  1.50450E+14 0.00211 
   85   85    1    1    1    1    1    1    1    1  1.08593E+14 0.00294 
   86   86    1    1    1    1    1    1    1    1  1.01377E+14 0.00179 
   87   87    1    1    1    1    1    1    1    1  6.29169E+13 0.00317 
   88   88    1    1    1    1    1    1    1    1  4.20338E+13 0.00335 
   89   89    1    1    1    1    1    1    1    1  2.40407E+13 0.00698 
   90   90    1    1    1    1    1    1    1    1  1.60340E+13 0.00605 
   91   91    1    1    1    1    1    1    1    1  8.05121E+12 0.01033 
   92   92    1    1    1    1    1    1    1    1  3.89990E+12 0.01274 
   93   93    1    1    1    1    1    1    1    1  1.87835E+12 0.02050 
   94   94    1    1    1    1    1    1    1    1  9.05663E+11 0.02804 
   95   95    1    1    1    1    1    1    1    1  4.24474E+11 0.03909 
   96   96    1    1    1    1    1    1    1    1  1.95206E+11 0.06392 
   97   97    1    1    1    1    1    1    1    1  1.06362E+11 0.08486 
   98   98    1    1    1    1    1    1    1    1  5.01128E+10 0.12289 
   99   99    1    1    1    1    1    1    1    1  2.13280E+10 0.22405 
  100  100    1    1    1    1    1    1    1    1  2.04334E+10 0.19503 
];


