
DETdpaspec = [
    1    1    1    1    1    1    1    1    1    1  0.00000E+00 0.00000 
    2    2    1    1    1    1    1    1    1    1  0.00000E+00 0.00000 
    3    3    1    1    1    1    1    1    1    1  0.00000E+00 0.00000 
    4    4    1    1    1    1    1    1    1    1  0.00000E+00 0.00000 
    5    5    1    1    1    1    1    1    1    1  1.10929E+07 1.00000 
    6    6    1    1    1    1    1    1    1    1  0.00000E+00 0.00000 
    7    7    1    1    1    1    1    1    1    1  1.29530E+07 1.00000 
    8    8    1    1    1    1    1    1    1    1  1.83491E+07 1.00000 
    9    9    1    1    1    1    1    1    1    1  2.41865E+07 1.00000 
   10   10    1    1    1    1    1    1    1    1  5.45667E+07 1.00000 
   11   11    1    1    1    1    1    1    1    1  4.96314E+07 1.00000 
   12   12    1    1    1    1    1    1    1    1  1.14463E+08 0.72507 
   13   13    1    1    1    1    1    1    1    1  1.70104E+09 0.41773 
   14   14    1    1    1    1    1    1    1    1  1.13129E+09 0.56482 
   15   15    1    1    1    1    1    1    1    1  1.75618E+09 0.42685 
   16   16    1    1    1    1    1    1    1    1  7.36316E+08 0.32235 
   17   17    1    1    1    1    1    1    1    1  2.76223E+09 0.27812 
   18   18    1    1    1    1    1    1    1    1  1.00148E+10 0.25471 
   19   19    1    1    1    1    1    1    1    1  7.83127E+09 0.19006 
   20   20    1    1    1    1    1    1    1    1  3.43550E+10 0.17873 
   21   21    1    1    1    1    1    1    1    1  2.55214E+10 0.16652 
   22   22    1    1    1    1    1    1    1    1  7.29676E+10 0.10545 
   23   23    1    1    1    1    1    1    1    1  8.91430E+10 0.05669 
   24   24    1    1    1    1    1    1    1    1  1.20396E+11 0.05460 
   25   25    1    1    1    1    1    1    1    1  1.55422E+11 0.06379 
   26   26    1    1    1    1    1    1    1    1  2.41224E+11 0.03489 
   27   27    1    1    1    1    1    1    1    1  4.59190E+11 0.03346 
   28   28    1    1    1    1    1    1    1    1  8.13058E+11 0.03092 
   29   29    1    1    1    1    1    1    1    1  1.13785E+12 0.02679 
   30   30    1    1    1    1    1    1    1    1  3.53360E+12 0.01508 
   31   31    1    1    1    1    1    1    1    1  1.10696E+13 0.01156 
   32   32    1    1    1    1    1    1    1    1  2.10981E+13 0.00845 
   33   33    1    1    1    1    1    1    1    1  4.73872E+13 0.00563 
   34   34    1    1    1    1    1    1    1    1  6.32847E+13 0.00506 
   35   35    1    1    1    1    1    1    1    1  9.03803E+13 0.00407 
   36   36    1    1    1    1    1    1    1    1  6.36179E+13 0.00414 
   37   37    1    1    1    1    1    1    1    1  2.00624E+13 0.00391 
   38   38    1    1    1    1    1    1    1    1  1.08888E+14 0.00329 
   39   39    1    1    1    1    1    1    1    1  1.45614E+14 0.00341 
   40   40    1    1    1    1    1    1    1    1  2.45327E+14 0.00298 
   41   41    1    1    1    1    1    1    1    1  2.54825E+14 0.00259 
   42   42    1    1    1    1    1    1    1    1  5.29077E+14 0.00239 
   43   43    1    1    1    1    1    1    1    1  6.36028E+14 0.00266 
   44   44    1    1    1    1    1    1    1    1  9.12037E+14 0.00237 
   45   45    1    1    1    1    1    1    1    1  1.76067E+15 0.00201 
   46   46    1    1    1    1    1    1    1    1  8.29775E+14 0.00182 
   47   47    1    1    1    1    1    1    1    1  1.34958E+15 0.00179 
   48   48    1    1    1    1    1    1    1    1  1.87387E+15 0.00159 
   49   49    1    1    1    1    1    1    1    1  1.86042E+15 0.00178 
   50   50    1    1    1    1    1    1    1    1  2.83076E+15 0.00195 
   51   51    1    1    1    1    1    1    1    1  2.29014E+15 0.00204 
   52   52    1    1    1    1    1    1    1    1  2.64266E+15 0.00203 
   53   53    1    1    1    1    1    1    1    1  1.84014E+15 0.00189 
   54   54    1    1    1    1    1    1    1    1  2.18763E+15 0.00190 
   55   55    1    1    1    1    1    1    1    1  1.51049E+15 0.00202 
   56   56    1    1    1    1    1    1    1    1  2.06882E+14 0.00273 
   57   57    1    1    1    1    1    1    1    1  3.00076E+15 0.00218 
   58   58    1    1    1    1    1    1    1    1  1.28940E+15 0.00209 
   59   59    1    1    1    1    1    1    1    1  1.37898E+15 0.00209 
   60   60    1    1    1    1    1    1    1    1  1.04579E+15 0.00206 
   61   61    1    1    1    1    1    1    1    1  1.05232E+15 0.00250 
   62   62    1    1    1    1    1    1    1    1  1.09062E+15 0.00241 
   63   63    1    1    1    1    1    1    1    1  9.08368E+14 0.00235 
   64   64    1    1    1    1    1    1    1    1  7.21042E+14 0.00288 
   65   65    1    1    1    1    1    1    1    1  7.13581E+14 0.00269 
   66   66    1    1    1    1    1    1    1    1  5.10823E+14 0.00238 
   67   67    1    1    1    1    1    1    1    1  4.19749E+14 0.00241 
   68   68    1    1    1    1    1    1    1    1  3.78798E+14 0.00295 
   69   69    1    1    1    1    1    1    1    1  4.53686E+14 0.00246 
   70   70    1    1    1    1    1    1    1    1  3.86086E+14 0.00240 
   71   71    1    1    1    1    1    1    1    1  7.13622E+14 0.00258 
   72   72    1    1    1    1    1    1    1    1  5.05923E+14 0.00281 
   73   73    1    1    1    1    1    1    1    1  3.79037E+14 0.00297 
   74   74    1    1    1    1    1    1    1    1  2.99112E+14 0.00330 
   75   75    1    1    1    1    1    1    1    1  2.42445E+14 0.00379 
   76   76    1    1    1    1    1    1    1    1  2.76459E+14 0.00290 
   77   77    1    1    1    1    1    1    1    1  2.14228E+14 0.00241 
   78   78    1    1    1    1    1    1    1    1  1.68578E+14 0.00301 
   79   79    1    1    1    1    1    1    1    1  1.71151E+14 0.00280 
   80   80    1    1    1    1    1    1    1    1  1.26420E+14 0.00326 
   81   81    1    1    1    1    1    1    1    1  9.63352E+13 0.00372 
   82   82    1    1    1    1    1    1    1    1  7.38770E+13 0.00357 
   83   83    1    1    1    1    1    1    1    1  6.92736E+13 0.00424 
   84   84    1    1    1    1    1    1    1    1  4.97653E+13 0.00333 
   85   85    1    1    1    1    1    1    1    1  3.57622E+13 0.00481 
   86   86    1    1    1    1    1    1    1    1  3.35077E+13 0.00538 
   87   87    1    1    1    1    1    1    1    1  2.07060E+13 0.00522 
   88   88    1    1    1    1    1    1    1    1  1.40934E+13 0.00821 
   89   89    1    1    1    1    1    1    1    1  7.87753E+12 0.01192 
   90   90    1    1    1    1    1    1    1    1  5.27580E+12 0.01329 
   91   91    1    1    1    1    1    1    1    1  2.81806E+12 0.02102 
   92   92    1    1    1    1    1    1    1    1  1.31568E+12 0.01717 
   93   93    1    1    1    1    1    1    1    1  6.38777E+11 0.04062 
   94   94    1    1    1    1    1    1    1    1  2.99595E+11 0.06403 
   95   95    1    1    1    1    1    1    1    1  1.53711E+11 0.10369 
   96   96    1    1    1    1    1    1    1    1  5.32167E+10 0.10445 
   97   97    1    1    1    1    1    1    1    1  4.85422E+10 0.14284 
   98   98    1    1    1    1    1    1    1    1  2.22960E+10 0.24508 
   99   99    1    1    1    1    1    1    1    1  1.03728E+10 0.28538 
  100  100    1    1    1    1    1    1    1    1  1.08080E+10 0.30984 
];


