
DETdpaspec = [
    1    1    1    1    1    1    1    1    1    1  0.00000E+00 0.00000 
    2    2    1    1    1    1    1    1    1    1  0.00000E+00 0.00000 
    3    3    1    1    1    1    1    1    1    1  0.00000E+00 0.00000 
    4    4    1    1    1    1    1    1    1    1  0.00000E+00 0.00000 
    5    5    1    1    1    1    1    1    1    1  0.00000E+00 0.00000 
    6    6    1    1    1    1    1    1    1    1  0.00000E+00 0.00000 
    7    7    1    1    1    1    1    1    1    1  2.13367E+07 1.00000 
    8    8    1    1    1    1    1    1    1    1  3.43464E+07 1.00000 
    9    9    1    1    1    1    1    1    1    1  3.87600E+07 1.00000 
   10   10    1    1    1    1    1    1    1    1  1.06883E+08 0.69911 
   11   11    1    1    1    1    1    1    1    1  7.18271E+07 1.00000 
   12   12    1    1    1    1    1    1    1    1  4.54430E+07 0.68881 
   13   13    1    1    1    1    1    1    1    1  2.45627E+09 0.57816 
   14   14    1    1    1    1    1    1    1    1  1.10992E+09 0.59776 
   15   15    1    1    1    1    1    1    1    1  3.66501E+09 0.41850 
   16   16    1    1    1    1    1    1    1    1  2.02126E+09 0.32486 
   17   17    1    1    1    1    1    1    1    1  2.55777E+09 0.31610 
   18   18    1    1    1    1    1    1    1    1  6.63561E+09 0.27491 
   19   19    1    1    1    1    1    1    1    1  9.35167E+09 0.16658 
   20   20    1    1    1    1    1    1    1    1  2.68066E+10 0.11297 
   21   21    1    1    1    1    1    1    1    1  1.84512E+10 0.16723 
   22   22    1    1    1    1    1    1    1    1  5.06770E+10 0.11548 
   23   23    1    1    1    1    1    1    1    1  6.74976E+10 0.09131 
   24   24    1    1    1    1    1    1    1    1  1.11133E+11 0.09663 
   25   25    1    1    1    1    1    1    1    1  1.28382E+11 0.08058 
   26   26    1    1    1    1    1    1    1    1  1.98146E+11 0.05751 
   27   27    1    1    1    1    1    1    1    1  3.40245E+11 0.04220 
   28   28    1    1    1    1    1    1    1    1  6.20611E+11 0.04010 
   29   29    1    1    1    1    1    1    1    1  8.77194E+11 0.02273 
   30   30    1    1    1    1    1    1    1    1  2.77749E+12 0.01557 
   31   31    1    1    1    1    1    1    1    1  8.57752E+12 0.00811 
   32   32    1    1    1    1    1    1    1    1  1.60132E+13 0.00911 
   33   33    1    1    1    1    1    1    1    1  3.56987E+13 0.00643 
   34   34    1    1    1    1    1    1    1    1  4.72151E+13 0.00487 
   35   35    1    1    1    1    1    1    1    1  6.81843E+13 0.00384 
   36   36    1    1    1    1    1    1    1    1  4.78905E+13 0.00402 
   37   37    1    1    1    1    1    1    1    1  1.52507E+13 0.00351 
   38   38    1    1    1    1    1    1    1    1  8.24524E+13 0.00294 
   39   39    1    1    1    1    1    1    1    1  1.10119E+14 0.00276 
   40   40    1    1    1    1    1    1    1    1  1.83750E+14 0.00280 
   41   41    1    1    1    1    1    1    1    1  1.91124E+14 0.00333 
   42   42    1    1    1    1    1    1    1    1  3.92701E+14 0.00272 
   43   43    1    1    1    1    1    1    1    1  4.70924E+14 0.00231 
   44   44    1    1    1    1    1    1    1    1  6.70511E+14 0.00196 
   45   45    1    1    1    1    1    1    1    1  1.28070E+15 0.00229 
   46   46    1    1    1    1    1    1    1    1  6.00925E+14 0.00208 
   47   47    1    1    1    1    1    1    1    1  9.76720E+14 0.00222 
   48   48    1    1    1    1    1    1    1    1  1.34787E+15 0.00218 
   49   49    1    1    1    1    1    1    1    1  1.33728E+15 0.00228 
   50   50    1    1    1    1    1    1    1    1  2.02124E+15 0.00244 
   51   51    1    1    1    1    1    1    1    1  1.63380E+15 0.00254 
   52   52    1    1    1    1    1    1    1    1  1.87033E+15 0.00253 
   53   53    1    1    1    1    1    1    1    1  1.30210E+15 0.00247 
   54   54    1    1    1    1    1    1    1    1  1.54002E+15 0.00288 
   55   55    1    1    1    1    1    1    1    1  1.06276E+15 0.00242 
   56   56    1    1    1    1    1    1    1    1  1.45804E+14 0.00256 
   57   57    1    1    1    1    1    1    1    1  2.10867E+15 0.00249 
   58   58    1    1    1    1    1    1    1    1  8.98706E+14 0.00243 
   59   59    1    1    1    1    1    1    1    1  9.62593E+14 0.00267 
   60   60    1    1    1    1    1    1    1    1  7.26011E+14 0.00266 
   61   61    1    1    1    1    1    1    1    1  7.30881E+14 0.00261 
   62   62    1    1    1    1    1    1    1    1  7.54966E+14 0.00251 
   63   63    1    1    1    1    1    1    1    1  6.27930E+14 0.00287 
   64   64    1    1    1    1    1    1    1    1  4.98026E+14 0.00316 
   65   65    1    1    1    1    1    1    1    1  4.91635E+14 0.00279 
   66   66    1    1    1    1    1    1    1    1  3.53365E+14 0.00265 
   67   67    1    1    1    1    1    1    1    1  2.89549E+14 0.00297 
   68   68    1    1    1    1    1    1    1    1  2.61249E+14 0.00332 
   69   69    1    1    1    1    1    1    1    1  3.12990E+14 0.00331 
   70   70    1    1    1    1    1    1    1    1  2.66833E+14 0.00358 
   71   71    1    1    1    1    1    1    1    1  4.95645E+14 0.00344 
   72   72    1    1    1    1    1    1    1    1  3.51008E+14 0.00359 
   73   73    1    1    1    1    1    1    1    1  2.61496E+14 0.00297 
   74   74    1    1    1    1    1    1    1    1  2.04998E+14 0.00333 
   75   75    1    1    1    1    1    1    1    1  1.66413E+14 0.00347 
   76   76    1    1    1    1    1    1    1    1  1.88276E+14 0.00305 
   77   77    1    1    1    1    1    1    1    1  1.45891E+14 0.00370 
   78   78    1    1    1    1    1    1    1    1  1.14118E+14 0.00415 
   79   79    1    1    1    1    1    1    1    1  1.16197E+14 0.00303 
   80   80    1    1    1    1    1    1    1    1  8.52322E+13 0.00324 
   81   81    1    1    1    1    1    1    1    1  6.54696E+13 0.00516 
   82   82    1    1    1    1    1    1    1    1  5.03620E+13 0.00529 
   83   83    1    1    1    1    1    1    1    1  4.66218E+13 0.00389 
   84   84    1    1    1    1    1    1    1    1  3.31899E+13 0.00599 
   85   85    1    1    1    1    1    1    1    1  2.42878E+13 0.00763 
   86   86    1    1    1    1    1    1    1    1  2.24673E+13 0.00683 
   87   87    1    1    1    1    1    1    1    1  1.38793E+13 0.00705 
   88   88    1    1    1    1    1    1    1    1  9.42251E+12 0.01164 
   89   89    1    1    1    1    1    1    1    1  5.54436E+12 0.01217 
   90   90    1    1    1    1    1    1    1    1  3.60144E+12 0.01744 
   91   91    1    1    1    1    1    1    1    1  1.87996E+12 0.02101 
   92   92    1    1    1    1    1    1    1    1  9.32953E+11 0.02896 
   93   93    1    1    1    1    1    1    1    1  4.39714E+11 0.04518 
   94   94    1    1    1    1    1    1    1    1  2.34525E+11 0.06114 
   95   95    1    1    1    1    1    1    1    1  1.04681E+11 0.11214 
   96   96    1    1    1    1    1    1    1    1  5.14338E+10 0.11115 
   97   97    1    1    1    1    1    1    1    1  2.11846E+10 0.22589 
   98   98    1    1    1    1    1    1    1    1  1.31771E+10 0.27356 
   99   99    1    1    1    1    1    1    1    1  3.29665E+09 0.37616 
  100  100    1    1    1    1    1    1    1    1  4.13400E+09 0.33760 
];


