
DETdpaspec = [
    1    1    1    1    1    1    1    1    1    1  0.00000E+00 0.00000 
    2    2    1    1    1    1    1    1    1    1  0.00000E+00 0.00000 
    3    3    1    1    1    1    1    1    1    1  0.00000E+00 0.00000 
    4    4    1    1    1    1    1    1    1    1  0.00000E+00 0.00000 
    5    5    1    1    1    1    1    1    1    1  0.00000E+00 0.00000 
    6    6    1    1    1    1    1    1    1    1  0.00000E+00 0.00000 
    7    7    1    1    1    1    1    1    1    1  1.34358E+07 1.00000 
    8    8    1    1    1    1    1    1    1    1  0.00000E+00 0.00000 
    9    9    1    1    1    1    1    1    1    1  3.12112E+07 0.68851 
   10   10    1    1    1    1    1    1    1    1  0.00000E+00 0.00000 
   11   11    1    1    1    1    1    1    1    1  6.16022E+07 1.00000 
   12   12    1    1    1    1    1    1    1    1  0.00000E+00 0.00000 
   13   13    1    1    1    1    1    1    1    1  0.00000E+00 0.00000 
   14   14    1    1    1    1    1    1    1    1  1.82496E+09 0.68908 
   15   15    1    1    1    1    1    1    1    1  2.31562E+09 0.50150 
   16   16    1    1    1    1    1    1    1    1  6.65039E+08 0.34508 
   17   17    1    1    1    1    1    1    1    1  2.62564E+09 0.36878 
   18   18    1    1    1    1    1    1    1    1  7.17545E+09 0.24631 
   19   19    1    1    1    1    1    1    1    1  9.40923E+09 0.19891 
   20   20    1    1    1    1    1    1    1    1  2.40417E+10 0.17263 
   21   21    1    1    1    1    1    1    1    1  1.44682E+10 0.13360 
   22   22    1    1    1    1    1    1    1    1  4.83599E+10 0.08184 
   23   23    1    1    1    1    1    1    1    1  6.98863E+10 0.07813 
   24   24    1    1    1    1    1    1    1    1  1.02170E+11 0.08255 
   25   25    1    1    1    1    1    1    1    1  1.34833E+11 0.06754 
   26   26    1    1    1    1    1    1    1    1  2.07953E+11 0.06432 
   27   27    1    1    1    1    1    1    1    1  3.52736E+11 0.04553 
   28   28    1    1    1    1    1    1    1    1  6.08212E+11 0.03038 
   29   29    1    1    1    1    1    1    1    1  8.67799E+11 0.02498 
   30   30    1    1    1    1    1    1    1    1  2.70981E+12 0.01642 
   31   31    1    1    1    1    1    1    1    1  8.34187E+12 0.00944 
   32   32    1    1    1    1    1    1    1    1  1.56438E+13 0.00710 
   33   33    1    1    1    1    1    1    1    1  3.46175E+13 0.00440 
   34   34    1    1    1    1    1    1    1    1  4.56476E+13 0.00408 
   35   35    1    1    1    1    1    1    1    1  6.58546E+13 0.00421 
   36   36    1    1    1    1    1    1    1    1  4.63100E+13 0.00394 
   37   37    1    1    1    1    1    1    1    1  1.47193E+13 0.00331 
   38   38    1    1    1    1    1    1    1    1  7.92859E+13 0.00261 
   39   39    1    1    1    1    1    1    1    1  1.05998E+14 0.00278 
   40   40    1    1    1    1    1    1    1    1  1.76433E+14 0.00252 
   41   41    1    1    1    1    1    1    1    1  1.84526E+14 0.00231 
   42   42    1    1    1    1    1    1    1    1  3.78414E+14 0.00231 
   43   43    1    1    1    1    1    1    1    1  4.52708E+14 0.00195 
   44   44    1    1    1    1    1    1    1    1  6.44777E+14 0.00174 
   45   45    1    1    1    1    1    1    1    1  1.23075E+15 0.00197 
   46   46    1    1    1    1    1    1    1    1  5.78620E+14 0.00153 
   47   47    1    1    1    1    1    1    1    1  9.39946E+14 0.00165 
   48   48    1    1    1    1    1    1    1    1  1.29859E+15 0.00178 
   49   49    1    1    1    1    1    1    1    1  1.28549E+15 0.00180 
   50   50    1    1    1    1    1    1    1    1  1.94487E+15 0.00158 
   51   51    1    1    1    1    1    1    1    1  1.57325E+15 0.00197 
   52   52    1    1    1    1    1    1    1    1  1.80221E+15 0.00199 
   53   53    1    1    1    1    1    1    1    1  1.25337E+15 0.00175 
   54   54    1    1    1    1    1    1    1    1  1.48032E+15 0.00184 
   55   55    1    1    1    1    1    1    1    1  1.02247E+15 0.00164 
   56   56    1    1    1    1    1    1    1    1  1.40137E+14 0.00259 
   57   57    1    1    1    1    1    1    1    1  2.02867E+15 0.00215 
   58   58    1    1    1    1    1    1    1    1  8.64897E+14 0.00239 
   59   59    1    1    1    1    1    1    1    1  9.25318E+14 0.00227 
   60   60    1    1    1    1    1    1    1    1  6.96859E+14 0.00215 
   61   61    1    1    1    1    1    1    1    1  7.02018E+14 0.00201 
   62   62    1    1    1    1    1    1    1    1  7.25255E+14 0.00209 
   63   63    1    1    1    1    1    1    1    1  6.02965E+14 0.00200 
   64   64    1    1    1    1    1    1    1    1  4.77704E+14 0.00210 
   65   65    1    1    1    1    1    1    1    1  4.70678E+14 0.00217 
   66   66    1    1    1    1    1    1    1    1  3.38081E+14 0.00209 
   67   67    1    1    1    1    1    1    1    1  2.77620E+14 0.00196 
   68   68    1    1    1    1    1    1    1    1  2.50309E+14 0.00215 
   69   69    1    1    1    1    1    1    1    1  2.99871E+14 0.00209 
   70   70    1    1    1    1    1    1    1    1  2.54553E+14 0.00266 
   71   71    1    1    1    1    1    1    1    1  4.72784E+14 0.00242 
   72   72    1    1    1    1    1    1    1    1  3.35881E+14 0.00242 
   73   73    1    1    1    1    1    1    1    1  2.51630E+14 0.00334 
   74   74    1    1    1    1    1    1    1    1  1.97207E+14 0.00237 
   75   75    1    1    1    1    1    1    1    1  1.60030E+14 0.00263 
   76   76    1    1    1    1    1    1    1    1  1.80496E+14 0.00253 
   77   77    1    1    1    1    1    1    1    1  1.39819E+14 0.00361 
   78   78    1    1    1    1    1    1    1    1  1.09095E+14 0.00333 
   79   79    1    1    1    1    1    1    1    1  1.11078E+14 0.00379 
   80   80    1    1    1    1    1    1    1    1  8.21673E+13 0.00312 
   81   81    1    1    1    1    1    1    1    1  6.25241E+13 0.00517 
   82   82    1    1    1    1    1    1    1    1  4.80678E+13 0.00453 
   83   83    1    1    1    1    1    1    1    1  4.50739E+13 0.00437 
   84   84    1    1    1    1    1    1    1    1  3.22960E+13 0.00522 
   85   85    1    1    1    1    1    1    1    1  2.31503E+13 0.00563 
   86   86    1    1    1    1    1    1    1    1  2.18227E+13 0.00660 
   87   87    1    1    1    1    1    1    1    1  1.34789E+13 0.00657 
   88   88    1    1    1    1    1    1    1    1  9.12585E+12 0.00908 
   89   89    1    1    1    1    1    1    1    1  5.34254E+12 0.01623 
   90   90    1    1    1    1    1    1    1    1  3.51296E+12 0.01765 
   91   91    1    1    1    1    1    1    1    1  1.73588E+12 0.02156 
   92   92    1    1    1    1    1    1    1    1  8.26427E+11 0.02560 
   93   93    1    1    1    1    1    1    1    1  4.34057E+11 0.04624 
   94   94    1    1    1    1    1    1    1    1  2.17617E+11 0.06270 
   95   95    1    1    1    1    1    1    1    1  9.44929E+10 0.07670 
   96   96    1    1    1    1    1    1    1    1  6.10036E+10 0.15447 
   97   97    1    1    1    1    1    1    1    1  2.89570E+10 0.16454 
   98   98    1    1    1    1    1    1    1    1  1.39072E+10 0.21903 
   99   99    1    1    1    1    1    1    1    1  3.66413E+09 0.33885 
  100  100    1    1    1    1    1    1    1    1  4.55974E+09 0.53371 
];


