
DETdpaspec = [
    1    1    1    1    1    1    1    1    1    1  0.00000E+00 0.00000 
    2    2    1    1    1    1    1    1    1    1  0.00000E+00 0.00000 
    3    3    1    1    1    1    1    1    1    1  0.00000E+00 0.00000 
    4    4    1    1    1    1    1    1    1    1  0.00000E+00 0.00000 
    5    5    1    1    1    1    1    1    1    1  0.00000E+00 0.00000 
    6    6    1    1    1    1    1    1    1    1  0.00000E+00 0.00000 
    7    7    1    1    1    1    1    1    1    1  0.00000E+00 0.00000 
    8    8    1    1    1    1    1    1    1    1  1.38218E+07 1.00000 
    9    9    1    1    1    1    1    1    1    1  1.98310E+07 1.00000 
   10   10    1    1    1    1    1    1    1    1  0.00000E+00 0.00000 
   11   11    1    1    1    1    1    1    1    1  5.26726E+08 0.42941 
   12   12    1    1    1    1    1    1    1    1  1.15243E+08 0.45872 
   13   13    1    1    1    1    1    1    1    1  2.22988E+09 0.45766 
   14   14    1    1    1    1    1    1    1    1  3.51936E+09 0.46681 
   15   15    1    1    1    1    1    1    1    1  3.14379E+09 0.45973 
   16   16    1    1    1    1    1    1    1    1  7.60669E+08 0.50756 
   17   17    1    1    1    1    1    1    1    1  3.31535E+09 0.26535 
   18   18    1    1    1    1    1    1    1    1  1.22696E+10 0.18598 
   19   19    1    1    1    1    1    1    1    1  1.43587E+10 0.16394 
   20   20    1    1    1    1    1    1    1    1  4.76519E+10 0.15424 
   21   21    1    1    1    1    1    1    1    1  3.86918E+10 0.09611 
   22   22    1    1    1    1    1    1    1    1  8.52467E+10 0.07546 
   23   23    1    1    1    1    1    1    1    1  1.00374E+11 0.06931 
   24   24    1    1    1    1    1    1    1    1  1.78456E+11 0.05869 
   25   25    1    1    1    1    1    1    1    1  1.93599E+11 0.06752 
   26   26    1    1    1    1    1    1    1    1  3.03384E+11 0.03600 
   27   27    1    1    1    1    1    1    1    1  5.60585E+11 0.04367 
   28   28    1    1    1    1    1    1    1    1  1.07282E+12 0.02380 
   29   29    1    1    1    1    1    1    1    1  1.63976E+12 0.02083 
   30   30    1    1    1    1    1    1    1    1  4.93467E+12 0.01909 
   31   31    1    1    1    1    1    1    1    1  1.55633E+13 0.01071 
   32   32    1    1    1    1    1    1    1    1  2.97043E+13 0.00643 
   33   33    1    1    1    1    1    1    1    1  6.95878E+13 0.00354 
   34   34    1    1    1    1    1    1    1    1  9.52393E+13 0.00242 
   35   35    1    1    1    1    1    1    1    1  1.33161E+14 0.00223 
   36   36    1    1    1    1    1    1    1    1  9.26155E+13 0.00242 
   37   37    1    1    1    1    1    1    1    1  2.90270E+13 0.00275 
   38   38    1    1    1    1    1    1    1    1  1.60304E+14 0.00203 
   39   39    1    1    1    1    1    1    1    1  2.15841E+14 0.00242 
   40   40    1    1    1    1    1    1    1    1  3.67200E+14 0.00183 
   41   41    1    1    1    1    1    1    1    1  3.80020E+14 0.00140 
   42   42    1    1    1    1    1    1    1    1  7.99475E+14 0.00131 
   43   43    1    1    1    1    1    1    1    1  9.69732E+14 0.00150 
   44   44    1    1    1    1    1    1    1    1  1.40660E+15 0.00145 
   45   45    1    1    1    1    1    1    1    1  2.76675E+15 0.00137 
   46   46    1    1    1    1    1    1    1    1  1.30345E+15 0.00142 
   47   47    1    1    1    1    1    1    1    1  2.12151E+15 0.00140 
   48   48    1    1    1    1    1    1    1    1  2.96131E+15 0.00137 
   49   49    1    1    1    1    1    1    1    1  2.94962E+15 0.00132 
   50   50    1    1    1    1    1    1    1    1  4.54484E+15 0.00126 
   51   51    1    1    1    1    1    1    1    1  3.67074E+15 0.00138 
   52   52    1    1    1    1    1    1    1    1  4.29776E+15 0.00141 
   53   53    1    1    1    1    1    1    1    1  2.99589E+15 0.00133 
   54   54    1    1    1    1    1    1    1    1  3.61044E+15 0.00128 
   55   55    1    1    1    1    1    1    1    1  2.49297E+15 0.00146 
   56   56    1    1    1    1    1    1    1    1  3.40726E+14 0.00167 
   57   57    1    1    1    1    1    1    1    1  4.96156E+15 0.00137 
   58   58    1    1    1    1    1    1    1    1  2.16431E+15 0.00134 
   59   59    1    1    1    1    1    1    1    1  2.31472E+15 0.00134 
   60   60    1    1    1    1    1    1    1    1  1.77656E+15 0.00119 
   61   61    1    1    1    1    1    1    1    1  1.78456E+15 0.00132 
   62   62    1    1    1    1    1    1    1    1  1.85650E+15 0.00143 
   63   63    1    1    1    1    1    1    1    1  1.55586E+15 0.00181 
   64   64    1    1    1    1    1    1    1    1  1.24009E+15 0.00195 
   65   65    1    1    1    1    1    1    1    1  1.22723E+15 0.00199 
   66   66    1    1    1    1    1    1    1    1  8.83371E+14 0.00214 
   67   67    1    1    1    1    1    1    1    1  7.23176E+14 0.00215 
   68   68    1    1    1    1    1    1    1    1  6.50971E+14 0.00186 
   69   69    1    1    1    1    1    1    1    1  7.79231E+14 0.00234 
   70   70    1    1    1    1    1    1    1    1  6.65326E+14 0.00201 
   71   71    1    1    1    1    1    1    1    1  1.22474E+15 0.00167 
   72   72    1    1    1    1    1    1    1    1  8.68353E+14 0.00171 
   73   73    1    1    1    1    1    1    1    1  6.52655E+14 0.00170 
   74   74    1    1    1    1    1    1    1    1  5.17844E+14 0.00159 
   75   75    1    1    1    1    1    1    1    1  4.25423E+14 0.00202 
   76   76    1    1    1    1    1    1    1    1  4.86217E+14 0.00173 
   77   77    1    1    1    1    1    1    1    1  3.80889E+14 0.00204 
   78   78    1    1    1    1    1    1    1    1  3.00259E+14 0.00224 
   79   79    1    1    1    1    1    1    1    1  3.07116E+14 0.00169 
   80   80    1    1    1    1    1    1    1    1  2.26833E+14 0.00279 
   81   81    1    1    1    1    1    1    1    1  1.73854E+14 0.00265 
   82   82    1    1    1    1    1    1    1    1  1.33495E+14 0.00236 
   83   83    1    1    1    1    1    1    1    1  1.25121E+14 0.00257 
   84   84    1    1    1    1    1    1    1    1  9.02132E+13 0.00349 
   85   85    1    1    1    1    1    1    1    1  6.46484E+13 0.00361 
   86   86    1    1    1    1    1    1    1    1  6.05727E+13 0.00372 
   87   87    1    1    1    1    1    1    1    1  3.72712E+13 0.00633 
   88   88    1    1    1    1    1    1    1    1  2.54211E+13 0.00677 
   89   89    1    1    1    1    1    1    1    1  1.46277E+13 0.00636 
   90   90    1    1    1    1    1    1    1    1  9.54496E+12 0.01066 
   91   91    1    1    1    1    1    1    1    1  4.92641E+12 0.01035 
   92   92    1    1    1    1    1    1    1    1  2.39051E+12 0.02268 
   93   93    1    1    1    1    1    1    1    1  1.17654E+12 0.03036 
   94   94    1    1    1    1    1    1    1    1  4.88806E+11 0.04642 
   95   95    1    1    1    1    1    1    1    1  2.65272E+11 0.05267 
   96   96    1    1    1    1    1    1    1    1  1.29984E+11 0.08615 
   97   97    1    1    1    1    1    1    1    1  5.59411E+10 0.12913 
   98   98    1    1    1    1    1    1    1    1  2.69557E+10 0.15849 
   99   99    1    1    1    1    1    1    1    1  1.82697E+10 0.20786 
  100  100    1    1    1    1    1    1    1    1  1.31526E+10 0.20588 
];


