
DETdpaspec = [
    1    1    1    1    1    1    1    1    1    1  0.00000E+00 0.00000 
    2    2    1    1    1    1    1    1    1    1  0.00000E+00 0.00000 
    3    3    1    1    1    1    1    1    1    1  0.00000E+00 0.00000 
    4    4    1    1    1    1    1    1    1    1  0.00000E+00 0.00000 
    5    5    1    1    1    1    1    1    1    1  0.00000E+00 0.00000 
    6    6    1    1    1    1    1    1    1    1  0.00000E+00 0.00000 
    7    7    1    1    1    1    1    1    1    1  0.00000E+00 0.00000 
    8    8    1    1    1    1    1    1    1    1  0.00000E+00 0.00000 
    9    9    1    1    1    1    1    1    1    1  0.00000E+00 0.00000 
   10   10    1    1    1    1    1    1    1    1  0.00000E+00 0.00000 
   11   11    1    1    1    1    1    1    1    1  0.00000E+00 0.00000 
   12   12    1    1    1    1    1    1    1    1  1.29527E+08 1.00000 
   13   13    1    1    1    1    1    1    1    1  1.91606E+09 0.47352 
   14   14    1    1    1    1    1    1    1    1  5.03114E+09 0.48230 
   15   15    1    1    1    1    1    1    1    1  3.91905E+09 0.58369 
   16   16    1    1    1    1    1    1    1    1  2.04356E+09 0.50116 
   17   17    1    1    1    1    1    1    1    1  3.09649E+09 0.43101 
   18   18    1    1    1    1    1    1    1    1  8.31000E+09 0.33164 
   19   19    1    1    1    1    1    1    1    1  6.46538E+09 0.35441 
   20   20    1    1    1    1    1    1    1    1  2.01423E+10 0.22834 
   21   21    1    1    1    1    1    1    1    1  2.96248E+10 0.18477 
   22   22    1    1    1    1    1    1    1    1  5.99831E+10 0.10842 
   23   23    1    1    1    1    1    1    1    1  2.41818E+11 0.06368 
   24   24    1    1    1    1    1    1    1    1  7.74692E+11 0.03018 
   25   25    1    1    1    1    1    1    1    1  1.37903E+12 0.01883 
   26   26    1    1    1    1    1    1    1    1  2.94022E+12 0.01494 
   27   27    1    1    1    1    1    1    1    1  6.23046E+12 0.01218 
   28   28    1    1    1    1    1    1    1    1  1.29288E+13 0.00606 
   29   29    1    1    1    1    1    1    1    1  2.13528E+13 0.00610 
   30   30    1    1    1    1    1    1    1    1  4.28976E+13 0.00433 
   31   31    1    1    1    1    1    1    1    1  9.43282E+13 0.00348 
   32   32    1    1    1    1    1    1    1    1  1.42697E+14 0.00273 
   33   33    1    1    1    1    1    1    1    1  2.90105E+14 0.00246 
   34   34    1    1    1    1    1    1    1    1  3.62741E+14 0.00205 
   35   35    1    1    1    1    1    1    1    1  3.74980E+14 0.00177 
   36   36    1    1    1    1    1    1    1    1  2.24070E+14 0.00141 
   37   37    1    1    1    1    1    1    1    1  6.53670E+13 0.00172 
   38   38    1    1    1    1    1    1    1    1  3.75758E+14 0.00126 
   39   39    1    1    1    1    1    1    1    1  4.97908E+14 0.00149 
   40   40    1    1    1    1    1    1    1    1  8.42126E+14 0.00138 
   41   41    1    1    1    1    1    1    1    1  8.08517E+14 0.00129 
   42   42    1    1    1    1    1    1    1    1  1.73883E+15 0.00103 
   43   43    1    1    1    1    1    1    1    1  2.06852E+15 0.00090 
   44   44    1    1    1    1    1    1    1    1  2.92951E+15 0.00078 
   45   45    1    1    1    1    1    1    1    1  5.68898E+15 0.00078 
   46   46    1    1    1    1    1    1    1    1  2.52382E+15 0.00073 
   47   47    1    1    1    1    1    1    1    1  3.98971E+15 0.00061 
   48   48    1    1    1    1    1    1    1    1  5.44101E+15 0.00069 
   49   49    1    1    1    1    1    1    1    1  5.27340E+15 0.00063 
   50   50    1    1    1    1    1    1    1    1  8.16882E+15 0.00055 
   51   51    1    1    1    1    1    1    1    1  6.25430E+15 0.00060 
   52   52    1    1    1    1    1    1    1    1  7.49493E+15 0.00049 
   53   53    1    1    1    1    1    1    1    1  5.09305E+15 0.00057 
   54   54    1    1    1    1    1    1    1    1  6.29654E+15 0.00059 
   55   55    1    1    1    1    1    1    1    1  4.27525E+15 0.00051 
   56   56    1    1    1    1    1    1    1    1  5.75927E+14 0.00100 
   57   57    1    1    1    1    1    1    1    1  8.39486E+15 0.00063 
   58   58    1    1    1    1    1    1    1    1  3.80697E+15 0.00069 
   59   59    1    1    1    1    1    1    1    1  3.98742E+15 0.00064 
   60   60    1    1    1    1    1    1    1    1  3.13942E+15 0.00070 
   61   61    1    1    1    1    1    1    1    1  3.11996E+15 0.00080 
   62   62    1    1    1    1    1    1    1    1  3.24404E+15 0.00087 
   63   63    1    1    1    1    1    1    1    1  2.72083E+15 0.00073 
   64   64    1    1    1    1    1    1    1    1  2.14921E+15 0.00073 
   65   65    1    1    1    1    1    1    1    1  2.12275E+15 0.00093 
   66   66    1    1    1    1    1    1    1    1  1.52004E+15 0.00081 
   67   67    1    1    1    1    1    1    1    1  1.22458E+15 0.00073 
   68   68    1    1    1    1    1    1    1    1  1.09141E+15 0.00082 
   69   69    1    1    1    1    1    1    1    1  1.30230E+15 0.00097 
   70   70    1    1    1    1    1    1    1    1  1.09886E+15 0.00089 
   71   71    1    1    1    1    1    1    1    1  1.94824E+15 0.00100 
   72   72    1    1    1    1    1    1    1    1  1.36106E+15 0.00136 
   73   73    1    1    1    1    1    1    1    1  1.02180E+15 0.00112 
   74   74    1    1    1    1    1    1    1    1  8.28577E+14 0.00101 
   75   75    1    1    1    1    1    1    1    1  6.95802E+14 0.00140 
   76   76    1    1    1    1    1    1    1    1  8.16638E+14 0.00121 
   77   77    1    1    1    1    1    1    1    1  6.53190E+14 0.00148 
   78   78    1    1    1    1    1    1    1    1  5.24973E+14 0.00161 
   79   79    1    1    1    1    1    1    1    1  5.44112E+14 0.00166 
   80   80    1    1    1    1    1    1    1    1  4.04450E+14 0.00143 
   81   81    1    1    1    1    1    1    1    1  3.11132E+14 0.00148 
   82   82    1    1    1    1    1    1    1    1  2.38902E+14 0.00170 
   83   83    1    1    1    1    1    1    1    1  2.22954E+14 0.00151 
   84   84    1    1    1    1    1    1    1    1  1.59790E+14 0.00244 
   85   85    1    1    1    1    1    1    1    1  1.14916E+14 0.00292 
   86   86    1    1    1    1    1    1    1    1  1.06777E+14 0.00350 
   87   87    1    1    1    1    1    1    1    1  6.51391E+13 0.00387 
   88   88    1    1    1    1    1    1    1    1  4.38106E+13 0.00342 
   89   89    1    1    1    1    1    1    1    1  2.49128E+13 0.00627 
   90   90    1    1    1    1    1    1    1    1  1.64643E+13 0.00712 
   91   91    1    1    1    1    1    1    1    1  8.14200E+12 0.00756 
   92   92    1    1    1    1    1    1    1    1  3.89086E+12 0.01556 
   93   93    1    1    1    1    1    1    1    1  1.87083E+12 0.01735 
   94   94    1    1    1    1    1    1    1    1  8.39781E+11 0.02476 
   95   95    1    1    1    1    1    1    1    1  4.00243E+11 0.04287 
   96   96    1    1    1    1    1    1    1    1  1.92305E+11 0.06339 
   97   97    1    1    1    1    1    1    1    1  1.03004E+11 0.08269 
   98   98    1    1    1    1    1    1    1    1  4.12072E+10 0.15287 
   99   99    1    1    1    1    1    1    1    1  2.36850E+10 0.15730 
  100  100    1    1    1    1    1    1    1    1  1.73595E+10 0.23623 
];


