
DETdpaspec = [
    1    1    1    1    1    1    1    1    1    1  0.00000E+00 0.00000 
    2    2    1    1    1    1    1    1    1    1  0.00000E+00 0.00000 
    3    3    1    1    1    1    1    1    1    1  0.00000E+00 0.00000 
    4    4    1    1    1    1    1    1    1    1  0.00000E+00 0.00000 
    5    5    1    1    1    1    1    1    1    1  2.50054E+07 0.68865 
    6    6    1    1    1    1    1    1    1    1  0.00000E+00 0.00000 
    7    7    1    1    1    1    1    1    1    1  3.86300E+07 0.69491 
    8    8    1    1    1    1    1    1    1    1  2.22842E+07 1.00000 
    9    9    1    1    1    1    1    1    1    1  6.34906E+07 0.41894 
   10   10    1    1    1    1    1    1    1    1  1.15228E+08 0.68860 
   11   11    1    1    1    1    1    1    1    1  0.00000E+00 0.00000 
   12   12    1    1    1    1    1    1    1    1  1.91591E+08 0.64583 
   13   13    1    1    1    1    1    1    1    1  1.56215E+09 0.71146 
   14   14    1    1    1    1    1    1    1    1  1.43739E+09 0.36773 
   15   15    1    1    1    1    1    1    1    1  4.52129E+09 0.32632 
   16   16    1    1    1    1    1    1    1    1  2.21513E+09 0.45409 
   17   17    1    1    1    1    1    1    1    1  3.88967E+09 0.23339 
   18   18    1    1    1    1    1    1    1    1  7.67610E+09 0.20780 
   19   19    1    1    1    1    1    1    1    1  1.04840E+10 0.22685 
   20   20    1    1    1    1    1    1    1    1  3.14830E+10 0.13626 
   21   21    1    1    1    1    1    1    1    1  3.19439E+10 0.12610 
   22   22    1    1    1    1    1    1    1    1  7.10723E+10 0.10529 
   23   23    1    1    1    1    1    1    1    1  9.91634E+10 0.09261 
   24   24    1    1    1    1    1    1    1    1  1.54868E+11 0.05548 
   25   25    1    1    1    1    1    1    1    1  2.14079E+11 0.06262 
   26   26    1    1    1    1    1    1    1    1  3.30331E+11 0.04774 
   27   27    1    1    1    1    1    1    1    1  5.57799E+11 0.04643 
   28   28    1    1    1    1    1    1    1    1  1.16637E+12 0.02797 
   29   29    1    1    1    1    1    1    1    1  1.75092E+12 0.02139 
   30   30    1    1    1    1    1    1    1    1  5.26016E+12 0.01615 
   31   31    1    1    1    1    1    1    1    1  1.63990E+13 0.00821 
   32   32    1    1    1    1    1    1    1    1  3.12063E+13 0.00541 
   33   33    1    1    1    1    1    1    1    1  7.26350E+13 0.00348 
   34   34    1    1    1    1    1    1    1    1  1.00478E+14 0.00280 
   35   35    1    1    1    1    1    1    1    1  1.39762E+14 0.00246 
   36   36    1    1    1    1    1    1    1    1  9.67703E+13 0.00219 
   37   37    1    1    1    1    1    1    1    1  3.02551E+13 0.00192 
   38   38    1    1    1    1    1    1    1    1  1.67166E+14 0.00217 
   39   39    1    1    1    1    1    1    1    1  2.26096E+14 0.00198 
   40   40    1    1    1    1    1    1    1    1  3.85370E+14 0.00208 
   41   41    1    1    1    1    1    1    1    1  3.97799E+14 0.00189 
   42   42    1    1    1    1    1    1    1    1  8.41404E+14 0.00132 
   43   43    1    1    1    1    1    1    1    1  1.02159E+15 0.00138 
   44   44    1    1    1    1    1    1    1    1  1.48146E+15 0.00122 
   45   45    1    1    1    1    1    1    1    1  2.92562E+15 0.00111 
   46   46    1    1    1    1    1    1    1    1  1.37853E+15 0.00112 
   47   47    1    1    1    1    1    1    1    1  2.23921E+15 0.00160 
   48   48    1    1    1    1    1    1    1    1  3.12970E+15 0.00125 
   49   49    1    1    1    1    1    1    1    1  3.11777E+15 0.00114 
   50   50    1    1    1    1    1    1    1    1  4.81074E+15 0.00108 
   51   51    1    1    1    1    1    1    1    1  3.88029E+15 0.00098 
   52   52    1    1    1    1    1    1    1    1  4.55792E+15 0.00104 
   53   53    1    1    1    1    1    1    1    1  3.17714E+15 0.00129 
   54   54    1    1    1    1    1    1    1    1  3.83745E+15 0.00118 
   55   55    1    1    1    1    1    1    1    1  2.64849E+15 0.00133 
   56   56    1    1    1    1    1    1    1    1  3.62097E+14 0.00134 
   57   57    1    1    1    1    1    1    1    1  5.27838E+15 0.00119 
   58   58    1    1    1    1    1    1    1    1  2.30880E+15 0.00117 
   59   59    1    1    1    1    1    1    1    1  2.46909E+15 0.00137 
   60   60    1    1    1    1    1    1    1    1  1.89711E+15 0.00139 
   61   61    1    1    1    1    1    1    1    1  1.90601E+15 0.00160 
   62   62    1    1    1    1    1    1    1    1  1.98281E+15 0.00147 
   63   63    1    1    1    1    1    1    1    1  1.66174E+15 0.00152 
   64   64    1    1    1    1    1    1    1    1  1.32330E+15 0.00150 
   65   65    1    1    1    1    1    1    1    1  1.31368E+15 0.00147 
   66   66    1    1    1    1    1    1    1    1  9.45745E+14 0.00140 
   67   67    1    1    1    1    1    1    1    1  7.74425E+14 0.00153 
   68   68    1    1    1    1    1    1    1    1  6.96329E+14 0.00193 
   69   69    1    1    1    1    1    1    1    1  8.35486E+14 0.00193 
   70   70    1    1    1    1    1    1    1    1  7.11335E+14 0.00181 
   71   71    1    1    1    1    1    1    1    1  1.30621E+15 0.00160 
   72   72    1    1    1    1    1    1    1    1  9.26067E+14 0.00143 
   73   73    1    1    1    1    1    1    1    1  6.95850E+14 0.00172 
   74   74    1    1    1    1    1    1    1    1  5.53449E+14 0.00240 
   75   75    1    1    1    1    1    1    1    1  4.55457E+14 0.00212 
   76   76    1    1    1    1    1    1    1    1  5.21592E+14 0.00230 
   77   77    1    1    1    1    1    1    1    1  4.06722E+14 0.00213 
   78   78    1    1    1    1    1    1    1    1  3.22295E+14 0.00218 
   79   79    1    1    1    1    1    1    1    1  3.30869E+14 0.00235 
   80   80    1    1    1    1    1    1    1    1  2.43999E+14 0.00216 
   81   81    1    1    1    1    1    1    1    1  1.88302E+14 0.00214 
   82   82    1    1    1    1    1    1    1    1  1.43620E+14 0.00332 
   83   83    1    1    1    1    1    1    1    1  1.33818E+14 0.00303 
   84   84    1    1    1    1    1    1    1    1  9.68259E+13 0.00286 
   85   85    1    1    1    1    1    1    1    1  6.96744E+13 0.00418 
   86   86    1    1    1    1    1    1    1    1  6.54441E+13 0.00331 
   87   87    1    1    1    1    1    1    1    1  4.02801E+13 0.00320 
   88   88    1    1    1    1    1    1    1    1  2.70377E+13 0.00565 
   89   89    1    1    1    1    1    1    1    1  1.55302E+13 0.00622 
   90   90    1    1    1    1    1    1    1    1  1.04527E+13 0.00781 
   91   91    1    1    1    1    1    1    1    1  5.30697E+12 0.01366 
   92   92    1    1    1    1    1    1    1    1  2.57158E+12 0.01789 
   93   93    1    1    1    1    1    1    1    1  1.27798E+12 0.02969 
   94   94    1    1    1    1    1    1    1    1  6.03149E+11 0.03341 
   95   95    1    1    1    1    1    1    1    1  2.79093E+11 0.04980 
   96   96    1    1    1    1    1    1    1    1  1.47732E+11 0.08651 
   97   97    1    1    1    1    1    1    1    1  5.60606E+10 0.10509 
   98   98    1    1    1    1    1    1    1    1  3.48014E+10 0.16151 
   99   99    1    1    1    1    1    1    1    1  1.91393E+10 0.18774 
  100  100    1    1    1    1    1    1    1    1  1.22717E+10 0.24251 
];


