
DETdpaspec = [
    1    1    1    1    1    1    1    1    1    1  0.00000E+00 0.00000 
    2    2    1    1    1    1    1    1    1    1  0.00000E+00 0.00000 
    3    3    1    1    1    1    1    1    1    1  1.40851E+07 1.00000 
    4    4    1    1    1    1    1    1    1    1  0.00000E+00 0.00000 
    5    5    1    1    1    1    1    1    1    1  1.62233E+07 1.00000 
    6    6    1    1    1    1    1    1    1    1  0.00000E+00 0.00000 
    7    7    1    1    1    1    1    1    1    1  0.00000E+00 0.00000 
    8    8    1    1    1    1    1    1    1    1  1.25242E+07 1.00000 
    9    9    1    1    1    1    1    1    1    1  2.04778E+07 1.00000 
   10   10    1    1    1    1    1    1    1    1  1.93126E+08 0.72595 
   11   11    1    1    1    1    1    1    1    1  1.43100E+08 0.68835 
   12   12    1    1    1    1    1    1    1    1  7.37253E+07 0.69329 
   13   13    1    1    1    1    1    1    1    1  1.99517E+09 0.33653 
   14   14    1    1    1    1    1    1    1    1  2.38279E+09 0.50682 
   15   15    1    1    1    1    1    1    1    1  8.85903E+09 0.41533 
   16   16    1    1    1    1    1    1    1    1  2.69758E+09 0.37605 
   17   17    1    1    1    1    1    1    1    1  5.87095E+09 0.24464 
   18   18    1    1    1    1    1    1    1    1  1.10020E+10 0.21274 
   19   19    1    1    1    1    1    1    1    1  1.10672E+10 0.22840 
   20   20    1    1    1    1    1    1    1    1  4.47676E+10 0.14257 
   21   21    1    1    1    1    1    1    1    1  3.48689E+10 0.10088 
   22   22    1    1    1    1    1    1    1    1  8.81895E+10 0.08363 
   23   23    1    1    1    1    1    1    1    1  9.62402E+10 0.06603 
   24   24    1    1    1    1    1    1    1    1  1.67085E+11 0.06197 
   25   25    1    1    1    1    1    1    1    1  2.17452E+11 0.05086 
   26   26    1    1    1    1    1    1    1    1  3.91786E+11 0.03091 
   27   27    1    1    1    1    1    1    1    1  6.72770E+11 0.03251 
   28   28    1    1    1    1    1    1    1    1  1.51125E+12 0.01976 
   29   29    1    1    1    1    1    1    1    1  2.58127E+12 0.01560 
   30   30    1    1    1    1    1    1    1    1  7.30416E+12 0.01087 
   31   31    1    1    1    1    1    1    1    1  2.33443E+13 0.00783 
   32   32    1    1    1    1    1    1    1    1  4.37140E+13 0.00489 
   33   33    1    1    1    1    1    1    1    1  1.05616E+14 0.00341 
   34   34    1    1    1    1    1    1    1    1  1.49255E+14 0.00295 
   35   35    1    1    1    1    1    1    1    1  1.92314E+14 0.00190 
   36   36    1    1    1    1    1    1    1    1  1.28996E+14 0.00218 
   37   37    1    1    1    1    1    1    1    1  3.93738E+13 0.00218 
   38   38    1    1    1    1    1    1    1    1  2.22616E+14 0.00154 
   39   39    1    1    1    1    1    1    1    1  3.01513E+14 0.00206 
   40   40    1    1    1    1    1    1    1    1  5.20542E+14 0.00148 
   41   41    1    1    1    1    1    1    1    1  5.26358E+14 0.00135 
   42   42    1    1    1    1    1    1    1    1  1.13527E+15 0.00113 
   43   43    1    1    1    1    1    1    1    1  1.38487E+15 0.00129 
   44   44    1    1    1    1    1    1    1    1  2.02410E+15 0.00078 
   45   45    1    1    1    1    1    1    1    1  4.06557E+15 0.00059 
   46   46    1    1    1    1    1    1    1    1  1.89957E+15 0.00055 
   47   47    1    1    1    1    1    1    1    1  3.06880E+15 0.00079 
   48   48    1    1    1    1    1    1    1    1  4.30130E+15 0.00087 
   49   49    1    1    1    1    1    1    1    1  4.27590E+15 0.00064 
   50   50    1    1    1    1    1    1    1    1  6.70852E+15 0.00058 
   51   51    1    1    1    1    1    1    1    1  5.35500E+15 0.00072 
   52   52    1    1    1    1    1    1    1    1  6.40109E+15 0.00061 
   53   53    1    1    1    1    1    1    1    1  4.45391E+15 0.00072 
   54   54    1    1    1    1    1    1    1    1  5.47867E+15 0.00079 
   55   55    1    1    1    1    1    1    1    1  3.77287E+15 0.00075 
   56   56    1    1    1    1    1    1    1    1  5.12867E+14 0.00135 
   57   57    1    1    1    1    1    1    1    1  7.51592E+15 0.00083 
   58   58    1    1    1    1    1    1    1    1  3.37093E+15 0.00104 
   59   59    1    1    1    1    1    1    1    1  3.58428E+15 0.00088 
   60   60    1    1    1    1    1    1    1    1  2.79715E+15 0.00095 
   61   61    1    1    1    1    1    1    1    1  2.80800E+15 0.00089 
   62   62    1    1    1    1    1    1    1    1  2.93177E+15 0.00088 
   63   63    1    1    1    1    1    1    1    1  2.47084E+15 0.00080 
   64   64    1    1    1    1    1    1    1    1  1.96639E+15 0.00098 
   65   65    1    1    1    1    1    1    1    1  1.95598E+15 0.00099 
   66   66    1    1    1    1    1    1    1    1  1.41032E+15 0.00100 
   67   67    1    1    1    1    1    1    1    1  1.14814E+15 0.00108 
   68   68    1    1    1    1    1    1    1    1  1.03040E+15 0.00118 
   69   69    1    1    1    1    1    1    1    1  1.23680E+15 0.00115 
   70   70    1    1    1    1    1    1    1    1  1.05396E+15 0.00121 
   71   71    1    1    1    1    1    1    1    1  1.91345E+15 0.00114 
   72   72    1    1    1    1    1    1    1    1  1.35379E+15 0.00098 
   73   73    1    1    1    1    1    1    1    1  1.02061E+15 0.00144 
   74   74    1    1    1    1    1    1    1    1  8.22425E+14 0.00109 
   75   75    1    1    1    1    1    1    1    1  6.84330E+14 0.00136 
   76   76    1    1    1    1    1    1    1    1  7.92547E+14 0.00148 
   77   77    1    1    1    1    1    1    1    1  6.27707E+14 0.00185 
   78   78    1    1    1    1    1    1    1    1  5.00635E+14 0.00131 
   79   79    1    1    1    1    1    1    1    1  5.16922E+14 0.00201 
   80   80    1    1    1    1    1    1    1    1  3.84626E+14 0.00207 
   81   81    1    1    1    1    1    1    1    1  2.96117E+14 0.00223 
   82   82    1    1    1    1    1    1    1    1  2.27880E+14 0.00236 
   83   83    1    1    1    1    1    1    1    1  2.12171E+14 0.00223 
   84   84    1    1    1    1    1    1    1    1  1.53254E+14 0.00255 
   85   85    1    1    1    1    1    1    1    1  1.10729E+14 0.00268 
   86   86    1    1    1    1    1    1    1    1  1.03691E+14 0.00352 
   87   87    1    1    1    1    1    1    1    1  6.39190E+13 0.00397 
   88   88    1    1    1    1    1    1    1    1  4.28819E+13 0.00539 
   89   89    1    1    1    1    1    1    1    1  2.45145E+13 0.00394 
   90   90    1    1    1    1    1    1    1    1  1.63486E+13 0.00806 
   91   91    1    1    1    1    1    1    1    1  7.99279E+12 0.01365 
   92   92    1    1    1    1    1    1    1    1  3.97860E+12 0.01772 
   93   93    1    1    1    1    1    1    1    1  1.95061E+12 0.02027 
   94   94    1    1    1    1    1    1    1    1  9.59773E+11 0.03553 
   95   95    1    1    1    1    1    1    1    1  4.57965E+11 0.04300 
   96   96    1    1    1    1    1    1    1    1  2.05871E+11 0.03974 
   97   97    1    1    1    1    1    1    1    1  9.43448E+10 0.09776 
   98   98    1    1    1    1    1    1    1    1  4.57261E+10 0.15809 
   99   99    1    1    1    1    1    1    1    1  3.41096E+10 0.15719 
  100  100    1    1    1    1    1    1    1    1  2.73656E+10 0.18831 
];


