
DETdpaspec = [
    1    1    1    1    1    1    1    1    1    1  0.00000E+00 0.00000 
    2    2    1    1    1    1    1    1    1    1  0.00000E+00 0.00000 
    3    3    1    1    1    1    1    1    1    1  0.00000E+00 0.00000 
    4    4    1    1    1    1    1    1    1    1  0.00000E+00 0.00000 
    5    5    1    1    1    1    1    1    1    1  9.05079E+06 1.00000 
    6    6    1    1    1    1    1    1    1    1  1.83240E+07 0.69126 
    7    7    1    1    1    1    1    1    1    1  1.67325E+07 1.00000 
    8    8    1    1    1    1    1    1    1    1  1.72349E+07 1.00000 
    9    9    1    1    1    1    1    1    1    1  0.00000E+00 0.00000 
   10   10    1    1    1    1    1    1    1    1  1.67653E+08 0.76115 
   11   11    1    1    1    1    1    1    1    1  4.47813E+07 1.00000 
   12   12    1    1    1    1    1    1    1    1  6.66801E+07 0.66359 
   13   13    1    1    1    1    1    1    1    1  1.82887E+09 0.45474 
   14   14    1    1    1    1    1    1    1    1  2.58925E+09 0.59719 
   15   15    1    1    1    1    1    1    1    1  4.44608E+09 0.33800 
   16   16    1    1    1    1    1    1    1    1  1.10299E+09 0.35201 
   17   17    1    1    1    1    1    1    1    1  1.53814E+09 0.32987 
   18   18    1    1    1    1    1    1    1    1  6.95176E+09 0.27225 
   19   19    1    1    1    1    1    1    1    1  8.78426E+09 0.21508 
   20   20    1    1    1    1    1    1    1    1  3.12724E+10 0.11915 
   21   21    1    1    1    1    1    1    1    1  2.72853E+10 0.15453 
   22   22    1    1    1    1    1    1    1    1  7.10462E+10 0.07208 
   23   23    1    1    1    1    1    1    1    1  1.00063E+11 0.06567 
   24   24    1    1    1    1    1    1    1    1  1.54103E+11 0.04700 
   25   25    1    1    1    1    1    1    1    1  1.76768E+11 0.06241 
   26   26    1    1    1    1    1    1    1    1  2.67938E+11 0.04886 
   27   27    1    1    1    1    1    1    1    1  4.76546E+11 0.04126 
   28   28    1    1    1    1    1    1    1    1  8.18962E+11 0.01879 
   29   29    1    1    1    1    1    1    1    1  1.13256E+12 0.02485 
   30   30    1    1    1    1    1    1    1    1  3.70791E+12 0.01660 
   31   31    1    1    1    1    1    1    1    1  1.08199E+13 0.01164 
   32   32    1    1    1    1    1    1    1    1  1.94168E+13 0.00775 
   33   33    1    1    1    1    1    1    1    1  4.04497E+13 0.00650 
   34   34    1    1    1    1    1    1    1    1  5.18853E+13 0.00599 
   35   35    1    1    1    1    1    1    1    1  7.66077E+13 0.00523 
   36   36    1    1    1    1    1    1    1    1  5.35184E+13 0.00469 
   37   37    1    1    1    1    1    1    1    1  1.72911E+13 0.00492 
   38   38    1    1    1    1    1    1    1    1  9.09321E+13 0.00469 
   39   39    1    1    1    1    1    1    1    1  1.20755E+14 0.00519 
   40   40    1    1    1    1    1    1    1    1  1.96768E+14 0.00492 
   41   41    1    1    1    1    1    1    1    1  2.06632E+14 0.00487 
   42   42    1    1    1    1    1    1    1    1  4.14618E+14 0.00485 
   43   43    1    1    1    1    1    1    1    1  4.92132E+14 0.00533 
   44   44    1    1    1    1    1    1    1    1  6.92172E+14 0.00533 
   45   45    1    1    1    1    1    1    1    1  1.29673E+15 0.00514 
   46   46    1    1    1    1    1    1    1    1  6.12886E+14 0.00528 
   47   47    1    1    1    1    1    1    1    1  9.95687E+14 0.00509 
   48   48    1    1    1    1    1    1    1    1  1.37283E+15 0.00495 
   49   49    1    1    1    1    1    1    1    1  1.36438E+15 0.00545 
   50   50    1    1    1    1    1    1    1    1  2.05276E+15 0.00566 
   51   51    1    1    1    1    1    1    1    1  1.68051E+15 0.00550 
   52   52    1    1    1    1    1    1    1    1  1.90434E+15 0.00539 
   53   53    1    1    1    1    1    1    1    1  1.33604E+15 0.00534 
   54   54    1    1    1    1    1    1    1    1  1.56374E+15 0.00567 
   55   55    1    1    1    1    1    1    1    1  1.08852E+15 0.00581 
   56   56    1    1    1    1    1    1    1    1  1.50105E+14 0.00688 
   57   57    1    1    1    1    1    1    1    1  2.16522E+15 0.00538 
   58   58    1    1    1    1    1    1    1    1  9.13618E+14 0.00590 
   59   59    1    1    1    1    1    1    1    1  9.84971E+14 0.00570 
   60   60    1    1    1    1    1    1    1    1  7.39936E+14 0.00582 
   61   61    1    1    1    1    1    1    1    1  7.47388E+14 0.00606 
   62   62    1    1    1    1    1    1    1    1  7.69149E+14 0.00598 
   63   63    1    1    1    1    1    1    1    1  6.39205E+14 0.00588 
   64   64    1    1    1    1    1    1    1    1  5.10178E+14 0.00553 
   65   65    1    1    1    1    1    1    1    1  5.03961E+14 0.00585 
   66   66    1    1    1    1    1    1    1    1  3.63456E+14 0.00565 
   67   67    1    1    1    1    1    1    1    1  3.00102E+14 0.00615 
   68   68    1    1    1    1    1    1    1    1  2.71797E+14 0.00613 
   69   69    1    1    1    1    1    1    1    1  3.24602E+14 0.00572 
   70   70    1    1    1    1    1    1    1    1  2.77864E+14 0.00599 
   71   71    1    1    1    1    1    1    1    1  5.21083E+14 0.00580 
   72   72    1    1    1    1    1    1    1    1  3.72800E+14 0.00596 
   73   73    1    1    1    1    1    1    1    1  2.77867E+14 0.00511 
   74   74    1    1    1    1    1    1    1    1  2.15295E+14 0.00587 
   75   75    1    1    1    1    1    1    1    1  1.73551E+14 0.00647 
   76   76    1    1    1    1    1    1    1    1  1.95247E+14 0.00659 
   77   77    1    1    1    1    1    1    1    1  1.48672E+14 0.00575 
   78   78    1    1    1    1    1    1    1    1  1.15814E+14 0.00633 
   79   79    1    1    1    1    1    1    1    1  1.17672E+14 0.00600 
   80   80    1    1    1    1    1    1    1    1  8.60808E+13 0.00500 
   81   81    1    1    1    1    1    1    1    1  6.55536E+13 0.00699 
   82   82    1    1    1    1    1    1    1    1  4.97431E+13 0.00788 
   83   83    1    1    1    1    1    1    1    1  4.69621E+13 0.00720 
   84   84    1    1    1    1    1    1    1    1  3.37114E+13 0.00717 
   85   85    1    1    1    1    1    1    1    1  2.42000E+13 0.00812 
   86   86    1    1    1    1    1    1    1    1  2.25201E+13 0.00953 
   87   87    1    1    1    1    1    1    1    1  1.39705E+13 0.00819 
   88   88    1    1    1    1    1    1    1    1  9.34542E+12 0.00955 
   89   89    1    1    1    1    1    1    1    1  5.52040E+12 0.01324 
   90   90    1    1    1    1    1    1    1    1  3.67829E+12 0.02138 
   91   91    1    1    1    1    1    1    1    1  1.90631E+12 0.01404 
   92   92    1    1    1    1    1    1    1    1  8.63066E+11 0.02579 
   93   93    1    1    1    1    1    1    1    1  4.39720E+11 0.04094 
   94   94    1    1    1    1    1    1    1    1  2.24052E+11 0.04319 
   95   95    1    1    1    1    1    1    1    1  1.02187E+11 0.11918 
   96   96    1    1    1    1    1    1    1    1  4.31815E+10 0.09338 
   97   97    1    1    1    1    1    1    1    1  1.93694E+10 0.15251 
   98   98    1    1    1    1    1    1    1    1  1.10796E+10 0.31891 
   99   99    1    1    1    1    1    1    1    1  3.58209E+09 0.30826 
  100  100    1    1    1    1    1    1    1    1  3.57229E+09 0.43564 
];


