
DETdpaspec = [
    1    1    1    1    1    1    1    1    1    1  0.00000E+00 0.00000 
    2    2    1    1    1    1    1    1    1    1  0.00000E+00 0.00000 
    3    3    1    1    1    1    1    1    1    1  0.00000E+00 0.00000 
    4    4    1    1    1    1    1    1    1    1  9.24328E+06 1.00000 
    5    5    1    1    1    1    1    1    1    1  9.81356E+06 1.00000 
    6    6    1    1    1    1    1    1    1    1  0.00000E+00 0.00000 
    7    7    1    1    1    1    1    1    1    1  2.12070E+07 1.00000 
    8    8    1    1    1    1    1    1    1    1  0.00000E+00 0.00000 
    9    9    1    1    1    1    1    1    1    1  9.21868E+07 0.66599 
   10   10    1    1    1    1    1    1    1    1  4.03863E+07 1.00000 
   11   11    1    1    1    1    1    1    1    1  1.51358E+08 1.00000 
   12   12    1    1    1    1    1    1    1    1  5.65384E+07 0.70223 
   13   13    1    1    1    1    1    1    1    1  1.79671E+09 0.58543 
   14   14    1    1    1    1    1    1    1    1  2.39951E+09 0.33801 
   15   15    1    1    1    1    1    1    1    1  2.60744E+09 0.47986 
   16   16    1    1    1    1    1    1    1    1  6.97939E+08 0.42829 
   17   17    1    1    1    1    1    1    1    1  1.76462E+09 0.45288 
   18   18    1    1    1    1    1    1    1    1  4.99254E+09 0.28782 
   19   19    1    1    1    1    1    1    1    1  6.41162E+09 0.23183 
   20   20    1    1    1    1    1    1    1    1  2.74044E+10 0.22122 
   21   21    1    1    1    1    1    1    1    1  1.43562E+10 0.19715 
   22   22    1    1    1    1    1    1    1    1  5.41094E+10 0.11278 
   23   23    1    1    1    1    1    1    1    1  6.84278E+10 0.07976 
   24   24    1    1    1    1    1    1    1    1  1.03591E+11 0.07529 
   25   25    1    1    1    1    1    1    1    1  1.10466E+11 0.06965 
   26   26    1    1    1    1    1    1    1    1  1.81593E+11 0.05640 
   27   27    1    1    1    1    1    1    1    1  3.76398E+11 0.04167 
   28   28    1    1    1    1    1    1    1    1  6.35240E+11 0.02767 
   29   29    1    1    1    1    1    1    1    1  8.63549E+11 0.02828 
   30   30    1    1    1    1    1    1    1    1  2.75791E+12 0.01507 
   31   31    1    1    1    1    1    1    1    1  8.13643E+12 0.01104 
   32   32    1    1    1    1    1    1    1    1  1.47774E+13 0.00827 
   33   33    1    1    1    1    1    1    1    1  3.13062E+13 0.00591 
   34   34    1    1    1    1    1    1    1    1  4.06868E+13 0.00524 
   35   35    1    1    1    1    1    1    1    1  5.97491E+13 0.00626 
   36   36    1    1    1    1    1    1    1    1  4.17682E+13 0.00526 
   37   37    1    1    1    1    1    1    1    1  1.33488E+13 0.00557 
   38   38    1    1    1    1    1    1    1    1  7.12620E+13 0.00503 
   39   39    1    1    1    1    1    1    1    1  9.48299E+13 0.00381 
   40   40    1    1    1    1    1    1    1    1  1.56444E+14 0.00344 
   41   41    1    1    1    1    1    1    1    1  1.63585E+14 0.00308 
   42   42    1    1    1    1    1    1    1    1  3.31168E+14 0.00288 
   43   43    1    1    1    1    1    1    1    1  3.93394E+14 0.00346 
   44   44    1    1    1    1    1    1    1    1  5.57025E+14 0.00372 
   45   45    1    1    1    1    1    1    1    1  1.04823E+15 0.00381 
   46   46    1    1    1    1    1    1    1    1  4.93974E+14 0.00405 
   47   47    1    1    1    1    1    1    1    1  8.03315E+14 0.00387 
   48   48    1    1    1    1    1    1    1    1  1.10626E+15 0.00357 
   49   49    1    1    1    1    1    1    1    1  1.09551E+15 0.00402 
   50   50    1    1    1    1    1    1    1    1  1.65125E+15 0.00378 
   51   51    1    1    1    1    1    1    1    1  1.34379E+15 0.00375 
   52   52    1    1    1    1    1    1    1    1  1.52600E+15 0.00379 
   53   53    1    1    1    1    1    1    1    1  1.06862E+15 0.00386 
   54   54    1    1    1    1    1    1    1    1  1.25426E+15 0.00393 
   55   55    1    1    1    1    1    1    1    1  8.68582E+14 0.00381 
   56   56    1    1    1    1    1    1    1    1  1.19352E+14 0.00424 
   57   57    1    1    1    1    1    1    1    1  1.72355E+15 0.00382 
   58   58    1    1    1    1    1    1    1    1  7.30226E+14 0.00427 
   59   59    1    1    1    1    1    1    1    1  7.84269E+14 0.00382 
   60   60    1    1    1    1    1    1    1    1  5.89090E+14 0.00368 
   61   61    1    1    1    1    1    1    1    1  5.95213E+14 0.00423 
   62   62    1    1    1    1    1    1    1    1  6.12250E+14 0.00390 
   63   63    1    1    1    1    1    1    1    1  5.09035E+14 0.00379 
   64   64    1    1    1    1    1    1    1    1  4.03982E+14 0.00400 
   65   65    1    1    1    1    1    1    1    1  3.99838E+14 0.00408 
   66   66    1    1    1    1    1    1    1    1  2.86705E+14 0.00421 
   67   67    1    1    1    1    1    1    1    1  2.34782E+14 0.00481 
   68   68    1    1    1    1    1    1    1    1  2.13422E+14 0.00450 
   69   69    1    1    1    1    1    1    1    1  2.55834E+14 0.00457 
   70   70    1    1    1    1    1    1    1    1  2.18619E+14 0.00503 
   71   71    1    1    1    1    1    1    1    1  4.08040E+14 0.00448 
   72   72    1    1    1    1    1    1    1    1  2.90387E+14 0.00450 
   73   73    1    1    1    1    1    1    1    1  2.16997E+14 0.00551 
   74   74    1    1    1    1    1    1    1    1  1.68980E+14 0.00438 
   75   75    1    1    1    1    1    1    1    1  1.36282E+14 0.00395 
   76   76    1    1    1    1    1    1    1    1  1.54170E+14 0.00550 
   77   77    1    1    1    1    1    1    1    1  1.18272E+14 0.00603 
   78   78    1    1    1    1    1    1    1    1  9.20815E+13 0.00573 
   79   79    1    1    1    1    1    1    1    1  9.34976E+13 0.00554 
   80   80    1    1    1    1    1    1    1    1  6.85006E+13 0.00614 
   81   81    1    1    1    1    1    1    1    1  5.20129E+13 0.00692 
   82   82    1    1    1    1    1    1    1    1  4.01431E+13 0.00882 
   83   83    1    1    1    1    1    1    1    1  3.74055E+13 0.00722 
   84   84    1    1    1    1    1    1    1    1  2.67167E+13 0.00756 
   85   85    1    1    1    1    1    1    1    1  1.93952E+13 0.00766 
   86   86    1    1    1    1    1    1    1    1  1.82338E+13 0.00990 
   87   87    1    1    1    1    1    1    1    1  1.10848E+13 0.00898 
   88   88    1    1    1    1    1    1    1    1  7.49773E+12 0.01446 
   89   89    1    1    1    1    1    1    1    1  4.39228E+12 0.01352 
   90   90    1    1    1    1    1    1    1    1  2.85567E+12 0.01322 
   91   91    1    1    1    1    1    1    1    1  1.46285E+12 0.01919 
   92   92    1    1    1    1    1    1    1    1  7.28933E+11 0.03397 
   93   93    1    1    1    1    1    1    1    1  3.22707E+11 0.05306 
   94   94    1    1    1    1    1    1    1    1  1.65581E+11 0.07386 
   95   95    1    1    1    1    1    1    1    1  7.79312E+10 0.13627 
   96   96    1    1    1    1    1    1    1    1  5.02477E+10 0.12050 
   97   97    1    1    1    1    1    1    1    1  1.45849E+10 0.16137 
   98   98    1    1    1    1    1    1    1    1  5.57610E+09 0.45721 
   99   99    1    1    1    1    1    1    1    1  4.07595E+09 0.45102 
  100  100    1    1    1    1    1    1    1    1  2.25186E+09 0.49195 
];


