
DETdpaspec = [
    1    1    1    1    1    1    1    1    1    1  0.00000E+00 0.00000 
    2    2    1    1    1    1    1    1    1    1  0.00000E+00 0.00000 
    3    3    1    1    1    1    1    1    1    1  0.00000E+00 0.00000 
    4    4    1    1    1    1    1    1    1    1  0.00000E+00 0.00000 
    5    5    1    1    1    1    1    1    1    1  0.00000E+00 0.00000 
    6    6    1    1    1    1    1    1    1    1  0.00000E+00 0.00000 
    7    7    1    1    1    1    1    1    1    1  0.00000E+00 0.00000 
    8    8    1    1    1    1    1    1    1    1  0.00000E+00 0.00000 
    9    9    1    1    1    1    1    1    1    1  2.31088E+07 1.00000 
   10   10    1    1    1    1    1    1    1    1  6.40709E+07 1.00000 
   11   11    1    1    1    1    1    1    1    1  2.49962E+08 0.46129 
   12   12    1    1    1    1    1    1    1    1  1.57306E+06 1.00000 
   13   13    1    1    1    1    1    1    1    1  4.35473E+08 1.00000 
   14   14    1    1    1    1    1    1    1    1  9.69414E+08 0.55867 
   15   15    1    1    1    1    1    1    1    1  3.54072E+09 0.33638 
   16   16    1    1    1    1    1    1    1    1  2.34557E+09 0.49112 
   17   17    1    1    1    1    1    1    1    1  2.11617E+09 0.30421 
   18   18    1    1    1    1    1    1    1    1  7.32646E+09 0.25220 
   19   19    1    1    1    1    1    1    1    1  5.23168E+09 0.21587 
   20   20    1    1    1    1    1    1    1    1  1.51972E+10 0.19628 
   21   21    1    1    1    1    1    1    1    1  1.11613E+10 0.13093 
   22   22    1    1    1    1    1    1    1    1  3.95947E+10 0.08746 
   23   23    1    1    1    1    1    1    1    1  5.11612E+10 0.07918 
   24   24    1    1    1    1    1    1    1    1  9.73634E+10 0.06238 
   25   25    1    1    1    1    1    1    1    1  1.14258E+11 0.06942 
   26   26    1    1    1    1    1    1    1    1  1.70375E+11 0.06830 
   27   27    1    1    1    1    1    1    1    1  3.12634E+11 0.04569 
   28   28    1    1    1    1    1    1    1    1  5.42788E+11 0.04371 
   29   29    1    1    1    1    1    1    1    1  7.65040E+11 0.02398 
   30   30    1    1    1    1    1    1    1    1  2.46503E+12 0.01498 
   31   31    1    1    1    1    1    1    1    1  7.47139E+12 0.00964 
   32   32    1    1    1    1    1    1    1    1  1.37829E+13 0.00945 
   33   33    1    1    1    1    1    1    1    1  2.96627E+13 0.00502 
   34   34    1    1    1    1    1    1    1    1  3.85052E+13 0.00485 
   35   35    1    1    1    1    1    1    1    1  5.57818E+13 0.00360 
   36   36    1    1    1    1    1    1    1    1  3.92683E+13 0.00427 
   37   37    1    1    1    1    1    1    1    1  1.24664E+13 0.00332 
   38   38    1    1    1    1    1    1    1    1  6.70160E+13 0.00254 
   39   39    1    1    1    1    1    1    1    1  8.92230E+13 0.00267 
   40   40    1    1    1    1    1    1    1    1  1.47964E+14 0.00292 
   41   41    1    1    1    1    1    1    1    1  1.54330E+14 0.00279 
   42   42    1    1    1    1    1    1    1    1  3.14828E+14 0.00268 
   43   43    1    1    1    1    1    1    1    1  3.74588E+14 0.00238 
   44   44    1    1    1    1    1    1    1    1  5.29573E+14 0.00276 
   45   45    1    1    1    1    1    1    1    1  1.00371E+15 0.00294 
   46   46    1    1    1    1    1    1    1    1  4.71347E+14 0.00288 
   47   47    1    1    1    1    1    1    1    1  7.66702E+14 0.00284 
   48   48    1    1    1    1    1    1    1    1  1.05670E+15 0.00297 
   49   49    1    1    1    1    1    1    1    1  1.04646E+15 0.00273 
   50   50    1    1    1    1    1    1    1    1  1.57534E+15 0.00273 
   51   51    1    1    1    1    1    1    1    1  1.27834E+15 0.00277 
   52   52    1    1    1    1    1    1    1    1  1.45515E+15 0.00273 
   53   53    1    1    1    1    1    1    1    1  1.01336E+15 0.00284 
   54   54    1    1    1    1    1    1    1    1  1.19232E+15 0.00320 
   55   55    1    1    1    1    1    1    1    1  8.24806E+14 0.00314 
   56   56    1    1    1    1    1    1    1    1  1.13316E+14 0.00277 
   57   57    1    1    1    1    1    1    1    1  1.63575E+15 0.00319 
   58   58    1    1    1    1    1    1    1    1  6.94150E+14 0.00347 
   59   59    1    1    1    1    1    1    1    1  7.42631E+14 0.00324 
   60   60    1    1    1    1    1    1    1    1  5.59187E+14 0.00312 
   61   61    1    1    1    1    1    1    1    1  5.63738E+14 0.00325 
   62   62    1    1    1    1    1    1    1    1  5.81127E+14 0.00362 
   63   63    1    1    1    1    1    1    1    1  4.82278E+14 0.00355 
   64   64    1    1    1    1    1    1    1    1  3.83419E+14 0.00358 
   65   65    1    1    1    1    1    1    1    1  3.77347E+14 0.00407 
   66   66    1    1    1    1    1    1    1    1  2.71585E+14 0.00390 
   67   67    1    1    1    1    1    1    1    1  2.22503E+14 0.00397 
   68   68    1    1    1    1    1    1    1    1  2.00424E+14 0.00376 
   69   69    1    1    1    1    1    1    1    1  2.41111E+14 0.00332 
   70   70    1    1    1    1    1    1    1    1  2.05515E+14 0.00454 
   71   71    1    1    1    1    1    1    1    1  3.81385E+14 0.00372 
   72   72    1    1    1    1    1    1    1    1  2.71728E+14 0.00355 
   73   73    1    1    1    1    1    1    1    1  2.02368E+14 0.00360 
   74   74    1    1    1    1    1    1    1    1  1.58284E+14 0.00435 
   75   75    1    1    1    1    1    1    1    1  1.28126E+14 0.00455 
   76   76    1    1    1    1    1    1    1    1  1.44631E+14 0.00511 
   77   77    1    1    1    1    1    1    1    1  1.11530E+14 0.00510 
   78   78    1    1    1    1    1    1    1    1  8.72358E+13 0.00344 
   79   79    1    1    1    1    1    1    1    1  8.86632E+13 0.00414 
   80   80    1    1    1    1    1    1    1    1  6.45484E+13 0.00526 
   81   81    1    1    1    1    1    1    1    1  4.99002E+13 0.00443 
   82   82    1    1    1    1    1    1    1    1  3.82191E+13 0.00654 
   83   83    1    1    1    1    1    1    1    1  3.52129E+13 0.00498 
   84   84    1    1    1    1    1    1    1    1  2.55032E+13 0.00869 
   85   85    1    1    1    1    1    1    1    1  1.83864E+13 0.00835 
   86   86    1    1    1    1    1    1    1    1  1.70722E+13 0.00771 
   87   87    1    1    1    1    1    1    1    1  1.07086E+13 0.00816 
   88   88    1    1    1    1    1    1    1    1  7.31909E+12 0.01554 
   89   89    1    1    1    1    1    1    1    1  4.17427E+12 0.01790 
   90   90    1    1    1    1    1    1    1    1  2.70052E+12 0.01358 
   91   91    1    1    1    1    1    1    1    1  1.37758E+12 0.02769 
   92   92    1    1    1    1    1    1    1    1  6.92346E+11 0.03782 
   93   93    1    1    1    1    1    1    1    1  3.39094E+11 0.04659 
   94   94    1    1    1    1    1    1    1    1  1.58583E+11 0.07805 
   95   95    1    1    1    1    1    1    1    1  6.07639E+10 0.12329 
   96   96    1    1    1    1    1    1    1    1  3.13076E+10 0.20579 
   97   97    1    1    1    1    1    1    1    1  1.69954E+10 0.24768 
   98   98    1    1    1    1    1    1    1    1  7.83415E+09 0.24422 
   99   99    1    1    1    1    1    1    1    1  4.09904E+09 0.44193 
  100  100    1    1    1    1    1    1    1    1  2.29650E+09 0.60587 
];


