
DETdpaspec = [
    1    1    1    1    1    1    1    1    1    1  0.00000E+00 0.00000 
    2    2    1    1    1    1    1    1    1    1  0.00000E+00 0.00000 
    3    3    1    1    1    1    1    1    1    1  0.00000E+00 0.00000 
    4    4    1    1    1    1    1    1    1    1  9.35451E+06 1.00000 
    5    5    1    1    1    1    1    1    1    1  0.00000E+00 0.00000 
    6    6    1    1    1    1    1    1    1    1  9.07679E+06 1.00000 
    7    7    1    1    1    1    1    1    1    1  0.00000E+00 0.00000 
    8    8    1    1    1    1    1    1    1    1  0.00000E+00 0.00000 
    9    9    1    1    1    1    1    1    1    1  3.24518E+07 1.00000 
   10   10    1    1    1    1    1    1    1    1  3.31789E+07 1.00000 
   11   11    1    1    1    1    1    1    1    1  0.00000E+00 0.00000 
   12   12    1    1    1    1    1    1    1    1  1.03478E+08 0.51891 
   13   13    1    1    1    1    1    1    1    1  5.20825E+07 1.00000 
   14   14    1    1    1    1    1    1    1    1  3.16364E+09 0.30949 
   15   15    1    1    1    1    1    1    1    1  1.51167E+09 0.61110 
   16   16    1    1    1    1    1    1    1    1  7.58178E+08 0.32004 
   17   17    1    1    1    1    1    1    1    1  2.59845E+09 0.21069 
   18   18    1    1    1    1    1    1    1    1  5.20815E+09 0.22338 
   19   19    1    1    1    1    1    1    1    1  8.25437E+09 0.26807 
   20   20    1    1    1    1    1    1    1    1  1.75360E+10 0.13778 
   21   21    1    1    1    1    1    1    1    1  1.44323E+10 0.13363 
   22   22    1    1    1    1    1    1    1    1  5.89865E+10 0.11204 
   23   23    1    1    1    1    1    1    1    1  7.21225E+10 0.09824 
   24   24    1    1    1    1    1    1    1    1  1.01493E+11 0.05892 
   25   25    1    1    1    1    1    1    1    1  1.25484E+11 0.07228 
   26   26    1    1    1    1    1    1    1    1  1.72817E+11 0.05640 
   27   27    1    1    1    1    1    1    1    1  3.13797E+11 0.04959 
   28   28    1    1    1    1    1    1    1    1  5.74479E+11 0.03141 
   29   29    1    1    1    1    1    1    1    1  7.65901E+11 0.03124 
   30   30    1    1    1    1    1    1    1    1  2.50278E+12 0.01850 
   31   31    1    1    1    1    1    1    1    1  7.61861E+12 0.01098 
   32   32    1    1    1    1    1    1    1    1  1.43004E+13 0.00710 
   33   33    1    1    1    1    1    1    1    1  3.14130E+13 0.00594 
   34   34    1    1    1    1    1    1    1    1  4.13373E+13 0.00478 
   35   35    1    1    1    1    1    1    1    1  5.98432E+13 0.00369 
   36   36    1    1    1    1    1    1    1    1  4.20923E+13 0.00436 
   37   37    1    1    1    1    1    1    1    1  1.33753E+13 0.00451 
   38   38    1    1    1    1    1    1    1    1  7.22469E+13 0.00420 
   39   39    1    1    1    1    1    1    1    1  9.65657E+13 0.00403 
   40   40    1    1    1    1    1    1    1    1  1.60554E+14 0.00435 
   41   41    1    1    1    1    1    1    1    1  1.67640E+14 0.00408 
   42   42    1    1    1    1    1    1    1    1  3.44395E+14 0.00362 
   43   43    1    1    1    1    1    1    1    1  4.11313E+14 0.00311 
   44   44    1    1    1    1    1    1    1    1  5.83720E+14 0.00281 
   45   45    1    1    1    1    1    1    1    1  1.10921E+15 0.00277 
   46   46    1    1    1    1    1    1    1    1  5.20806E+14 0.00326 
   47   47    1    1    1    1    1    1    1    1  8.46061E+14 0.00332 
   48   48    1    1    1    1    1    1    1    1  1.16929E+15 0.00359 
   49   49    1    1    1    1    1    1    1    1  1.15785E+15 0.00314 
   50   50    1    1    1    1    1    1    1    1  1.74436E+15 0.00312 
   51   51    1    1    1    1    1    1    1    1  1.41462E+15 0.00321 
   52   52    1    1    1    1    1    1    1    1  1.61514E+15 0.00343 
   53   53    1    1    1    1    1    1    1    1  1.12351E+15 0.00355 
   54   54    1    1    1    1    1    1    1    1  1.32518E+15 0.00316 
   55   55    1    1    1    1    1    1    1    1  9.14605E+14 0.00337 
   56   56    1    1    1    1    1    1    1    1  1.25332E+14 0.00417 
   57   57    1    1    1    1    1    1    1    1  1.81258E+15 0.00361 
   58   58    1    1    1    1    1    1    1    1  7.72052E+14 0.00335 
   59   59    1    1    1    1    1    1    1    1  8.25528E+14 0.00369 
   60   60    1    1    1    1    1    1    1    1  6.22353E+14 0.00397 
   61   61    1    1    1    1    1    1    1    1  6.26475E+14 0.00393 
   62   62    1    1    1    1    1    1    1    1  6.45847E+14 0.00369 
   63   63    1    1    1    1    1    1    1    1  5.37680E+14 0.00418 
   64   64    1    1    1    1    1    1    1    1  4.27013E+14 0.00455 
   65   65    1    1    1    1    1    1    1    1  4.20793E+14 0.00463 
   66   66    1    1    1    1    1    1    1    1  3.02161E+14 0.00452 
   67   67    1    1    1    1    1    1    1    1  2.47707E+14 0.00431 
   68   68    1    1    1    1    1    1    1    1  2.23415E+14 0.00428 
   69   69    1    1    1    1    1    1    1    1  2.67353E+14 0.00414 
   70   70    1    1    1    1    1    1    1    1  2.28048E+14 0.00389 
   71   71    1    1    1    1    1    1    1    1  4.22449E+14 0.00404 
   72   72    1    1    1    1    1    1    1    1  3.00555E+14 0.00459 
   73   73    1    1    1    1    1    1    1    1  2.24476E+14 0.00387 
   74   74    1    1    1    1    1    1    1    1  1.76759E+14 0.00436 
   75   75    1    1    1    1    1    1    1    1  1.43270E+14 0.00528 
   76   76    1    1    1    1    1    1    1    1  1.61580E+14 0.00583 
   77   77    1    1    1    1    1    1    1    1  1.24437E+14 0.00540 
   78   78    1    1    1    1    1    1    1    1  9.78314E+13 0.00422 
   79   79    1    1    1    1    1    1    1    1  9.88189E+13 0.00489 
   80   80    1    1    1    1    1    1    1    1  7.28682E+13 0.00599 
   81   81    1    1    1    1    1    1    1    1  5.56627E+13 0.00504 
   82   82    1    1    1    1    1    1    1    1  4.26787E+13 0.00516 
   83   83    1    1    1    1    1    1    1    1  3.98539E+13 0.00569 
   84   84    1    1    1    1    1    1    1    1  2.84693E+13 0.00771 
   85   85    1    1    1    1    1    1    1    1  2.05890E+13 0.00790 
   86   86    1    1    1    1    1    1    1    1  1.93128E+13 0.00951 
   87   87    1    1    1    1    1    1    1    1  1.20488E+13 0.00989 
   88   88    1    1    1    1    1    1    1    1  8.14681E+12 0.01162 
   89   89    1    1    1    1    1    1    1    1  4.69820E+12 0.01661 
   90   90    1    1    1    1    1    1    1    1  3.16928E+12 0.01862 
   91   91    1    1    1    1    1    1    1    1  1.62340E+12 0.02411 
   92   92    1    1    1    1    1    1    1    1  7.83673E+11 0.04017 
   93   93    1    1    1    1    1    1    1    1  3.67631E+11 0.05124 
   94   94    1    1    1    1    1    1    1    1  1.84834E+11 0.06267 
   95   95    1    1    1    1    1    1    1    1  9.09267E+10 0.08316 
   96   96    1    1    1    1    1    1    1    1  3.73711E+10 0.12395 
   97   97    1    1    1    1    1    1    1    1  1.73010E+10 0.21944 
   98   98    1    1    1    1    1    1    1    1  7.79955E+09 0.27936 
   99   99    1    1    1    1    1    1    1    1  2.65953E+09 0.69671 
  100  100    1    1    1    1    1    1    1    1  4.11168E+09 0.42611 
];


