
DETdpaspec = [
    1    1    1    1    1    1    1    1    1    1  0.00000E+00 0.00000 
    2    2    1    1    1    1    1    1    1    1  0.00000E+00 0.00000 
    3    3    1    1    1    1    1    1    1    1  0.00000E+00 0.00000 
    4    4    1    1    1    1    1    1    1    1  0.00000E+00 0.00000 
    5    5    1    1    1    1    1    1    1    1  0.00000E+00 0.00000 
    6    6    1    1    1    1    1    1    1    1  0.00000E+00 0.00000 
    7    7    1    1    1    1    1    1    1    1  0.00000E+00 0.00000 
    8    8    1    1    1    1    1    1    1    1  0.00000E+00 0.00000 
    9    9    1    1    1    1    1    1    1    1  0.00000E+00 0.00000 
   10   10    1    1    1    1    1    1    1    1  6.49781E+07 1.00000 
   11   11    1    1    1    1    1    1    1    1  1.49306E+08 0.75228 
   12   12    1    1    1    1    1    1    1    1  2.29463E+07 1.00000 
   13   13    1    1    1    1    1    1    1    1  1.41983E+09 0.43559 
   14   14    1    1    1    1    1    1    1    1  3.62769E+08 0.72939 
   15   15    1    1    1    1    1    1    1    1  7.99577E+08 0.61325 
   16   16    1    1    1    1    1    1    1    1  8.31177E+08 0.37381 
   17   17    1    1    1    1    1    1    1    1  4.95427E+08 0.41041 
   18   18    1    1    1    1    1    1    1    1  8.69064E+09 0.24352 
   19   19    1    1    1    1    1    1    1    1  5.14872E+09 0.20446 
   20   20    1    1    1    1    1    1    1    1  1.83601E+10 0.21340 
   21   21    1    1    1    1    1    1    1    1  1.46834E+10 0.14788 
   22   22    1    1    1    1    1    1    1    1  4.44052E+10 0.15391 
   23   23    1    1    1    1    1    1    1    1  6.30117E+10 0.06079 
   24   24    1    1    1    1    1    1    1    1  1.07425E+11 0.09008 
   25   25    1    1    1    1    1    1    1    1  1.19613E+11 0.09566 
   26   26    1    1    1    1    1    1    1    1  1.92510E+11 0.05725 
   27   27    1    1    1    1    1    1    1    1  3.30355E+11 0.07061 
   28   28    1    1    1    1    1    1    1    1  5.70349E+11 0.03629 
   29   29    1    1    1    1    1    1    1    1  7.65144E+11 0.02656 
   30   30    1    1    1    1    1    1    1    1  2.55294E+12 0.01770 
   31   31    1    1    1    1    1    1    1    1  7.71121E+12 0.01057 
   32   32    1    1    1    1    1    1    1    1  1.42254E+13 0.00830 
   33   33    1    1    1    1    1    1    1    1  3.06092E+13 0.00689 
   34   34    1    1    1    1    1    1    1    1  3.99711E+13 0.00577 
   35   35    1    1    1    1    1    1    1    1  5.81605E+13 0.00596 
   36   36    1    1    1    1    1    1    1    1  4.08202E+13 0.00524 
   37   37    1    1    1    1    1    1    1    1  1.30980E+13 0.00472 
   38   38    1    1    1    1    1    1    1    1  6.94719E+13 0.00468 
   39   39    1    1    1    1    1    1    1    1  9.25611E+13 0.00488 
   40   40    1    1    1    1    1    1    1    1  1.52863E+14 0.00425 
   41   41    1    1    1    1    1    1    1    1  1.59681E+14 0.00387 
   42   42    1    1    1    1    1    1    1    1  3.22913E+14 0.00401 
   43   43    1    1    1    1    1    1    1    1  3.84601E+14 0.00414 
   44   44    1    1    1    1    1    1    1    1  5.44867E+14 0.00436 
   45   45    1    1    1    1    1    1    1    1  1.02757E+15 0.00388 
   46   46    1    1    1    1    1    1    1    1  4.83731E+14 0.00380 
   47   47    1    1    1    1    1    1    1    1  7.86300E+14 0.00366 
   48   48    1    1    1    1    1    1    1    1  1.08165E+15 0.00393 
   49   49    1    1    1    1    1    1    1    1  1.07318E+15 0.00405 
   50   50    1    1    1    1    1    1    1    1  1.61722E+15 0.00416 
   51   51    1    1    1    1    1    1    1    1  1.31857E+15 0.00431 
   52   52    1    1    1    1    1    1    1    1  1.50155E+15 0.00450 
   53   53    1    1    1    1    1    1    1    1  1.04865E+15 0.00428 
   54   54    1    1    1    1    1    1    1    1  1.22938E+15 0.00402 
   55   55    1    1    1    1    1    1    1    1  8.51387E+14 0.00392 
   56   56    1    1    1    1    1    1    1    1  1.17230E+14 0.00455 
   57   57    1    1    1    1    1    1    1    1  1.69200E+15 0.00427 
   58   58    1    1    1    1    1    1    1    1  7.16918E+14 0.00473 
   59   59    1    1    1    1    1    1    1    1  7.67870E+14 0.00459 
   60   60    1    1    1    1    1    1    1    1  5.77738E+14 0.00448 
   61   61    1    1    1    1    1    1    1    1  5.82338E+14 0.00463 
   62   62    1    1    1    1    1    1    1    1  6.00353E+14 0.00470 
   63   63    1    1    1    1    1    1    1    1  4.98059E+14 0.00475 
   64   64    1    1    1    1    1    1    1    1  3.95404E+14 0.00453 
   65   65    1    1    1    1    1    1    1    1  3.90875E+14 0.00483 
   66   66    1    1    1    1    1    1    1    1  2.80504E+14 0.00455 
   67   67    1    1    1    1    1    1    1    1  2.31404E+14 0.00484 
   68   68    1    1    1    1    1    1    1    1  2.09138E+14 0.00497 
   69   69    1    1    1    1    1    1    1    1  2.50303E+14 0.00515 
   70   70    1    1    1    1    1    1    1    1  2.13999E+14 0.00545 
   71   71    1    1    1    1    1    1    1    1  3.98991E+14 0.00524 
   72   72    1    1    1    1    1    1    1    1  2.83126E+14 0.00526 
   73   73    1    1    1    1    1    1    1    1  2.10875E+14 0.00574 
   74   74    1    1    1    1    1    1    1    1  1.65831E+14 0.00538 
   75   75    1    1    1    1    1    1    1    1  1.33354E+14 0.00535 
   76   76    1    1    1    1    1    1    1    1  1.50968E+14 0.00484 
   77   77    1    1    1    1    1    1    1    1  1.14859E+14 0.00482 
   78   78    1    1    1    1    1    1    1    1  9.00055E+13 0.00366 
   79   79    1    1    1    1    1    1    1    1  9.14456E+13 0.00563 
   80   80    1    1    1    1    1    1    1    1  6.71737E+13 0.00592 
   81   81    1    1    1    1    1    1    1    1  5.15042E+13 0.00589 
   82   82    1    1    1    1    1    1    1    1  3.92119E+13 0.00595 
   83   83    1    1    1    1    1    1    1    1  3.65850E+13 0.00615 
   84   84    1    1    1    1    1    1    1    1  2.62026E+13 0.00712 
   85   85    1    1    1    1    1    1    1    1  1.88113E+13 0.00873 
   86   86    1    1    1    1    1    1    1    1  1.73210E+13 0.00944 
   87   87    1    1    1    1    1    1    1    1  1.08182E+13 0.01202 
   88   88    1    1    1    1    1    1    1    1  7.50617E+12 0.01029 
   89   89    1    1    1    1    1    1    1    1  4.20800E+12 0.01325 
   90   90    1    1    1    1    1    1    1    1  2.92649E+12 0.01696 
   91   91    1    1    1    1    1    1    1    1  1.40240E+12 0.02261 
   92   92    1    1    1    1    1    1    1    1  6.62799E+11 0.03180 
   93   93    1    1    1    1    1    1    1    1  3.54654E+11 0.05460 
   94   94    1    1    1    1    1    1    1    1  1.49101E+11 0.07839 
   95   95    1    1    1    1    1    1    1    1  8.77732E+10 0.14817 
   96   96    1    1    1    1    1    1    1    1  4.38831E+10 0.13391 
   97   97    1    1    1    1    1    1    1    1  2.56254E+10 0.18841 
   98   98    1    1    1    1    1    1    1    1  9.30297E+09 0.24335 
   99   99    1    1    1    1    1    1    1    1  1.04984E+10 0.37011 
  100  100    1    1    1    1    1    1    1    1  3.79074E+09 0.53970 
];


