
DETdpaspec = [
    1    1    1    1    1    1    1    1    1    1  0.00000E+00 0.00000 
    2    2    1    1    1    1    1    1    1    1  0.00000E+00 0.00000 
    3    3    1    1    1    1    1    1    1    1  0.00000E+00 0.00000 
    4    4    1    1    1    1    1    1    1    1  0.00000E+00 0.00000 
    5    5    1    1    1    1    1    1    1    1  0.00000E+00 0.00000 
    6    6    1    1    1    1    1    1    1    1  0.00000E+00 0.00000 
    7    7    1    1    1    1    1    1    1    1  3.55530E+07 1.00000 
    8    8    1    1    1    1    1    1    1    1  0.00000E+00 0.00000 
    9    9    1    1    1    1    1    1    1    1  0.00000E+00 0.00000 
   10   10    1    1    1    1    1    1    1    1  9.91825E+07 1.00000 
   11   11    1    1    1    1    1    1    1    1  4.55647E+08 0.52982 
   12   12    1    1    1    1    1    1    1    1  2.93768E+07 0.56484 
   13   13    1    1    1    1    1    1    1    1  1.98120E+09 0.44826 
   14   14    1    1    1    1    1    1    1    1  4.64575E+09 0.40194 
   15   15    1    1    1    1    1    1    1    1  6.35045E+09 0.31006 
   16   16    1    1    1    1    1    1    1    1  2.67604E+09 0.22108 
   17   17    1    1    1    1    1    1    1    1  3.76519E+09 0.20956 
   18   18    1    1    1    1    1    1    1    1  1.31182E+10 0.18263 
   19   19    1    1    1    1    1    1    1    1  1.15351E+10 0.17243 
   20   20    1    1    1    1    1    1    1    1  4.26513E+10 0.09684 
   21   21    1    1    1    1    1    1    1    1  3.12952E+10 0.09325 
   22   22    1    1    1    1    1    1    1    1  7.71063E+10 0.07740 
   23   23    1    1    1    1    1    1    1    1  1.10074E+11 0.06961 
   24   24    1    1    1    1    1    1    1    1  1.83528E+11 0.06321 
   25   25    1    1    1    1    1    1    1    1  2.44133E+11 0.05836 
   26   26    1    1    1    1    1    1    1    1  3.73290E+11 0.04228 
   27   27    1    1    1    1    1    1    1    1  6.43893E+11 0.04652 
   28   28    1    1    1    1    1    1    1    1  1.23633E+12 0.02855 
   29   29    1    1    1    1    1    1    1    1  1.93684E+12 0.02128 
   30   30    1    1    1    1    1    1    1    1  5.67326E+12 0.01347 
   31   31    1    1    1    1    1    1    1    1  1.80042E+13 0.01029 
   32   32    1    1    1    1    1    1    1    1  3.41803E+13 0.00571 
   33   33    1    1    1    1    1    1    1    1  8.14550E+13 0.00402 
   34   34    1    1    1    1    1    1    1    1  1.13482E+14 0.00214 
   35   35    1    1    1    1    1    1    1    1  1.54907E+14 0.00237 
   36   36    1    1    1    1    1    1    1    1  1.06971E+14 0.00219 
   37   37    1    1    1    1    1    1    1    1  3.30889E+13 0.00220 
   38   38    1    1    1    1    1    1    1    1  1.84491E+14 0.00166 
   39   39    1    1    1    1    1    1    1    1  2.49115E+14 0.00137 
   40   40    1    1    1    1    1    1    1    1  4.26906E+14 0.00105 
   41   41    1    1    1    1    1    1    1    1  4.38897E+14 0.00127 
   42   42    1    1    1    1    1    1    1    1  9.33909E+14 0.00115 
   43   43    1    1    1    1    1    1    1    1  1.13852E+15 0.00126 
   44   44    1    1    1    1    1    1    1    1  1.65580E+15 0.00101 
   45   45    1    1    1    1    1    1    1    1  3.29054E+15 0.00055 
   46   46    1    1    1    1    1    1    1    1  1.54809E+15 0.00087 
   47   47    1    1    1    1    1    1    1    1  2.51411E+15 0.00101 
   48   48    1    1    1    1    1    1    1    1  3.52061E+15 0.00101 
   49   49    1    1    1    1    1    1    1    1  3.50599E+15 0.00098 
   50   50    1    1    1    1    1    1    1    1  5.44362E+15 0.00095 
   51   51    1    1    1    1    1    1    1    1  4.38345E+15 0.00115 
   52   52    1    1    1    1    1    1    1    1  5.18024E+15 0.00105 
   53   53    1    1    1    1    1    1    1    1  3.61066E+15 0.00117 
   54   54    1    1    1    1    1    1    1    1  4.38470E+15 0.00107 
   55   55    1    1    1    1    1    1    1    1  3.02284E+15 0.00109 
   56   56    1    1    1    1    1    1    1    1  4.13097E+14 0.00131 
   57   57    1    1    1    1    1    1    1    1  6.02649E+15 0.00093 
   58   58    1    1    1    1    1    1    1    1  2.65643E+15 0.00099 
   59   59    1    1    1    1    1    1    1    1  2.83291E+15 0.00114 
   60   60    1    1    1    1    1    1    1    1  2.18957E+15 0.00124 
   61   61    1    1    1    1    1    1    1    1  2.19754E+15 0.00131 
   62   62    1    1    1    1    1    1    1    1  2.28971E+15 0.00141 
   63   63    1    1    1    1    1    1    1    1  1.92269E+15 0.00152 
   64   64    1    1    1    1    1    1    1    1  1.53111E+15 0.00153 
   65   65    1    1    1    1    1    1    1    1  1.52178E+15 0.00127 
   66   66    1    1    1    1    1    1    1    1  1.09503E+15 0.00119 
   67   67    1    1    1    1    1    1    1    1  8.94052E+14 0.00144 
   68   68    1    1    1    1    1    1    1    1  8.05467E+14 0.00152 
   69   69    1    1    1    1    1    1    1    1  9.67124E+14 0.00124 
   70   70    1    1    1    1    1    1    1    1  8.23241E+14 0.00125 
   71   71    1    1    1    1    1    1    1    1  1.51069E+15 0.00128 
   72   72    1    1    1    1    1    1    1    1  1.06955E+15 0.00118 
   73   73    1    1    1    1    1    1    1    1  8.05298E+14 0.00145 
   74   74    1    1    1    1    1    1    1    1  6.44370E+14 0.00200 
   75   75    1    1    1    1    1    1    1    1  5.29862E+14 0.00181 
   76   76    1    1    1    1    1    1    1    1  6.10275E+14 0.00171 
   77   77    1    1    1    1    1    1    1    1  4.78344E+14 0.00187 
   78   78    1    1    1    1    1    1    1    1  3.79946E+14 0.00222 
   79   79    1    1    1    1    1    1    1    1  3.89837E+14 0.00202 
   80   80    1    1    1    1    1    1    1    1  2.88142E+14 0.00193 
   81   81    1    1    1    1    1    1    1    1  2.22133E+14 0.00184 
   82   82    1    1    1    1    1    1    1    1  1.70035E+14 0.00302 
   83   83    1    1    1    1    1    1    1    1  1.58994E+14 0.00224 
   84   84    1    1    1    1    1    1    1    1  1.14892E+14 0.00305 
   85   85    1    1    1    1    1    1    1    1  8.24838E+13 0.00370 
   86   86    1    1    1    1    1    1    1    1  7.76438E+13 0.00290 
   87   87    1    1    1    1    1    1    1    1  4.78078E+13 0.00401 
   88   88    1    1    1    1    1    1    1    1  3.22775E+13 0.00503 
   89   89    1    1    1    1    1    1    1    1  1.85708E+13 0.00567 
   90   90    1    1    1    1    1    1    1    1  1.22816E+13 0.00928 
   91   91    1    1    1    1    1    1    1    1  6.17894E+12 0.01220 
   92   92    1    1    1    1    1    1    1    1  3.04054E+12 0.01350 
   93   93    1    1    1    1    1    1    1    1  1.39544E+12 0.02375 
   94   94    1    1    1    1    1    1    1    1  6.90358E+11 0.02785 
   95   95    1    1    1    1    1    1    1    1  3.16690E+11 0.04105 
   96   96    1    1    1    1    1    1    1    1  1.47690E+11 0.07714 
   97   97    1    1    1    1    1    1    1    1  7.43554E+10 0.09823 
   98   98    1    1    1    1    1    1    1    1  4.05743E+10 0.14181 
   99   99    1    1    1    1    1    1    1    1  1.43060E+10 0.24638 
  100  100    1    1    1    1    1    1    1    1  1.51275E+10 0.22665 
];


