
DETdpaspec = [
    1    1    1    1    1    1    1    1    1    1  0.00000E+00 0.00000 
    2    2    1    1    1    1    1    1    1    1  0.00000E+00 0.00000 
    3    3    1    1    1    1    1    1    1    1  0.00000E+00 0.00000 
    4    4    1    1    1    1    1    1    1    1  0.00000E+00 0.00000 
    5    5    1    1    1    1    1    1    1    1  0.00000E+00 0.00000 
    6    6    1    1    1    1    1    1    1    1  0.00000E+00 0.00000 
    7    7    1    1    1    1    1    1    1    1  0.00000E+00 0.00000 
    8    8    1    1    1    1    1    1    1    1  0.00000E+00 0.00000 
    9    9    1    1    1    1    1    1    1    1  1.03364E+07 1.00000 
   10   10    1    1    1    1    1    1    1    1  0.00000E+00 0.00000 
   11   11    1    1    1    1    1    1    1    1  1.26016E+08 0.69032 
   12   12    1    1    1    1    1    1    1    1  4.65728E+07 0.75580 
   13   13    1    1    1    1    1    1    1    1  1.39551E+09 0.39137 
   14   14    1    1    1    1    1    1    1    1  3.12918E+09 0.29998 
   15   15    1    1    1    1    1    1    1    1  7.93895E+09 0.32908 
   16   16    1    1    1    1    1    1    1    1  1.56414E+09 0.39558 
   17   17    1    1    1    1    1    1    1    1  2.49244E+09 0.27516 
   18   18    1    1    1    1    1    1    1    1  8.06070E+09 0.25006 
   19   19    1    1    1    1    1    1    1    1  8.42444E+09 0.25051 
   20   20    1    1    1    1    1    1    1    1  3.77557E+10 0.14309 
   21   21    1    1    1    1    1    1    1    1  2.43278E+10 0.12986 
   22   22    1    1    1    1    1    1    1    1  6.70323E+10 0.09080 
   23   23    1    1    1    1    1    1    1    1  8.26764E+10 0.07247 
   24   24    1    1    1    1    1    1    1    1  1.52053E+11 0.07401 
   25   25    1    1    1    1    1    1    1    1  1.74691E+11 0.04475 
   26   26    1    1    1    1    1    1    1    1  2.93117E+11 0.05294 
   27   27    1    1    1    1    1    1    1    1  5.16472E+11 0.03623 
   28   28    1    1    1    1    1    1    1    1  8.89610E+11 0.02705 
   29   29    1    1    1    1    1    1    1    1  1.25438E+12 0.02027 
   30   30    1    1    1    1    1    1    1    1  3.94348E+12 0.01610 
   31   31    1    1    1    1    1    1    1    1  1.21139E+13 0.01119 
   32   32    1    1    1    1    1    1    1    1  2.30115E+13 0.00624 
   33   33    1    1    1    1    1    1    1    1  5.30252E+13 0.00389 
   34   34    1    1    1    1    1    1    1    1  7.16558E+13 0.00321 
   35   35    1    1    1    1    1    1    1    1  1.02148E+14 0.00288 
   36   36    1    1    1    1    1    1    1    1  7.15556E+13 0.00307 
   37   37    1    1    1    1    1    1    1    1  2.25780E+13 0.00267 
   38   38    1    1    1    1    1    1    1    1  1.22874E+14 0.00294 
   39   39    1    1    1    1    1    1    1    1  1.65407E+14 0.00243 
   40   40    1    1    1    1    1    1    1    1  2.78913E+14 0.00210 
   41   41    1    1    1    1    1    1    1    1  2.89501E+14 0.00200 
   42   42    1    1    1    1    1    1    1    1  6.02651E+14 0.00198 
   43   43    1    1    1    1    1    1    1    1  7.26666E+14 0.00134 
   44   44    1    1    1    1    1    1    1    1  1.04351E+15 0.00167 
   45   45    1    1    1    1    1    1    1    1  2.02629E+15 0.00139 
   46   46    1    1    1    1    1    1    1    1  9.53376E+14 0.00141 
   47   47    1    1    1    1    1    1    1    1  1.54999E+15 0.00156 
   48   48    1    1    1    1    1    1    1    1  2.15709E+15 0.00145 
   49   49    1    1    1    1    1    1    1    1  2.14272E+15 0.00127 
   50   50    1    1    1    1    1    1    1    1  3.27089E+15 0.00125 
   51   51    1    1    1    1    1    1    1    1  2.64940E+15 0.00148 
   52   52    1    1    1    1    1    1    1    1  3.06447E+15 0.00133 
   53   53    1    1    1    1    1    1    1    1  2.13500E+15 0.00150 
   54   54    1    1    1    1    1    1    1    1  2.54778E+15 0.00144 
   55   55    1    1    1    1    1    1    1    1  1.75790E+15 0.00160 
   56   56    1    1    1    1    1    1    1    1  2.40443E+14 0.00191 
   57   57    1    1    1    1    1    1    1    1  3.49463E+15 0.00137 
   58   58    1    1    1    1    1    1    1    1  1.50853E+15 0.00186 
   59   59    1    1    1    1    1    1    1    1  1.61262E+15 0.00177 
   60   60    1    1    1    1    1    1    1    1  1.22568E+15 0.00162 
   61   61    1    1    1    1    1    1    1    1  1.23156E+15 0.00161 
   62   62    1    1    1    1    1    1    1    1  1.27991E+15 0.00162 
   63   63    1    1    1    1    1    1    1    1  1.06890E+15 0.00174 
   64   64    1    1    1    1    1    1    1    1  8.48026E+14 0.00165 
   65   65    1    1    1    1    1    1    1    1  8.39298E+14 0.00209 
   66   66    1    1    1    1    1    1    1    1  6.02536E+14 0.00206 
   67   67    1    1    1    1    1    1    1    1  4.94687E+14 0.00234 
   68   68    1    1    1    1    1    1    1    1  4.45846E+14 0.00210 
   69   69    1    1    1    1    1    1    1    1  5.34519E+14 0.00240 
   70   70    1    1    1    1    1    1    1    1  4.55108E+14 0.00210 
   71   71    1    1    1    1    1    1    1    1  8.41416E+14 0.00204 
   72   72    1    1    1    1    1    1    1    1  5.95859E+14 0.00202 
   73   73    1    1    1    1    1    1    1    1  4.46159E+14 0.00243 
   74   74    1    1    1    1    1    1    1    1  3.52605E+14 0.00236 
   75   75    1    1    1    1    1    1    1    1  2.87496E+14 0.00269 
   76   76    1    1    1    1    1    1    1    1  3.27725E+14 0.00217 
   77   77    1    1    1    1    1    1    1    1  2.54244E+14 0.00215 
   78   78    1    1    1    1    1    1    1    1  1.99878E+14 0.00216 
   79   79    1    1    1    1    1    1    1    1  2.03874E+14 0.00244 
   80   80    1    1    1    1    1    1    1    1  1.49673E+14 0.00275 
   81   81    1    1    1    1    1    1    1    1  1.15180E+14 0.00284 
   82   82    1    1    1    1    1    1    1    1  8.80951E+13 0.00337 
   83   83    1    1    1    1    1    1    1    1  8.26447E+13 0.00342 
   84   84    1    1    1    1    1    1    1    1  5.91434E+13 0.00523 
   85   85    1    1    1    1    1    1    1    1  4.26458E+13 0.00442 
   86   86    1    1    1    1    1    1    1    1  3.98924E+13 0.00394 
   87   87    1    1    1    1    1    1    1    1  2.48453E+13 0.00567 
   88   88    1    1    1    1    1    1    1    1  1.67334E+13 0.00701 
   89   89    1    1    1    1    1    1    1    1  9.65572E+12 0.00751 
   90   90    1    1    1    1    1    1    1    1  6.31473E+12 0.01148 
   91   91    1    1    1    1    1    1    1    1  3.18777E+12 0.01845 
   92   92    1    1    1    1    1    1    1    1  1.64445E+12 0.02538 
   93   93    1    1    1    1    1    1    1    1  7.77933E+11 0.03122 
   94   94    1    1    1    1    1    1    1    1  3.87933E+11 0.04589 
   95   95    1    1    1    1    1    1    1    1  1.95394E+11 0.06721 
   96   96    1    1    1    1    1    1    1    1  1.00532E+11 0.08351 
   97   97    1    1    1    1    1    1    1    1  5.59970E+10 0.14284 
   98   98    1    1    1    1    1    1    1    1  1.74743E+10 0.17677 
   99   99    1    1    1    1    1    1    1    1  8.85873E+09 0.30652 
  100  100    1    1    1    1    1    1    1    1  6.29256E+09 0.27279 
];


