
DETdpaspec = [
    1    1    1    1    1    1    1    1    1    1  0.00000E+00 0.00000 
    2    2    1    1    1    1    1    1    1    1  0.00000E+00 0.00000 
    3    3    1    1    1    1    1    1    1    1  0.00000E+00 0.00000 
    4    4    1    1    1    1    1    1    1    1  0.00000E+00 0.00000 
    5    5    1    1    1    1    1    1    1    1  0.00000E+00 0.00000 
    6    6    1    1    1    1    1    1    1    1  0.00000E+00 0.00000 
    7    7    1    1    1    1    1    1    1    1  1.36293E+07 1.00000 
    8    8    1    1    1    1    1    1    1    1  2.13226E+07 1.00000 
    9    9    1    1    1    1    1    1    1    1  6.81462E+07 0.70811 
   10   10    1    1    1    1    1    1    1    1  1.75174E+08 0.54616 
   11   11    1    1    1    1    1    1    1    1  6.04982E+07 1.00000 
   12   12    1    1    1    1    1    1    1    1  1.65505E+07 0.69791 
   13   13    1    1    1    1    1    1    1    1  5.41188E+08 0.57410 
   14   14    1    1    1    1    1    1    1    1  1.69335E+09 0.73743 
   15   15    1    1    1    1    1    1    1    1  3.70445E+09 0.41201 
   16   16    1    1    1    1    1    1    1    1  6.60075E+08 0.35589 
   17   17    1    1    1    1    1    1    1    1  1.04182E+09 0.32894 
   18   18    1    1    1    1    1    1    1    1  5.73858E+09 0.23116 
   19   19    1    1    1    1    1    1    1    1  6.28158E+09 0.23398 
   20   20    1    1    1    1    1    1    1    1  2.55429E+10 0.12755 
   21   21    1    1    1    1    1    1    1    1  2.50065E+10 0.13488 
   22   22    1    1    1    1    1    1    1    1  4.97714E+10 0.09680 
   23   23    1    1    1    1    1    1    1    1  7.39660E+10 0.06185 
   24   24    1    1    1    1    1    1    1    1  1.18209E+11 0.08078 
   25   25    1    1    1    1    1    1    1    1  1.38724E+11 0.06039 
   26   26    1    1    1    1    1    1    1    1  2.09118E+11 0.05155 
   27   27    1    1    1    1    1    1    1    1  4.09947E+11 0.03548 
   28   28    1    1    1    1    1    1    1    1  7.06316E+11 0.02534 
   29   29    1    1    1    1    1    1    1    1  9.40268E+11 0.02115 
   30   30    1    1    1    1    1    1    1    1  2.96402E+12 0.01751 
   31   31    1    1    1    1    1    1    1    1  9.02276E+12 0.00907 
   32   32    1    1    1    1    1    1    1    1  1.69621E+13 0.00811 
   33   33    1    1    1    1    1    1    1    1  3.75368E+13 0.00458 
   34   34    1    1    1    1    1    1    1    1  4.97717E+13 0.00341 
   35   35    1    1    1    1    1    1    1    1  7.15730E+13 0.00344 
   36   36    1    1    1    1    1    1    1    1  5.04577E+13 0.00278 
   37   37    1    1    1    1    1    1    1    1  1.59681E+13 0.00334 
   38   38    1    1    1    1    1    1    1    1  8.66412E+13 0.00250 
   39   39    1    1    1    1    1    1    1    1  1.15803E+14 0.00276 
   40   40    1    1    1    1    1    1    1    1  1.93388E+14 0.00223 
   41   41    1    1    1    1    1    1    1    1  2.02036E+14 0.00192 
   42   42    1    1    1    1    1    1    1    1  4.16457E+14 0.00214 
   43   43    1    1    1    1    1    1    1    1  4.98834E+14 0.00249 
   44   44    1    1    1    1    1    1    1    1  7.11523E+14 0.00221 
   45   45    1    1    1    1    1    1    1    1  1.36173E+15 0.00185 
   46   46    1    1    1    1    1    1    1    1  6.39627E+14 0.00218 
   47   47    1    1    1    1    1    1    1    1  1.03921E+15 0.00184 
   48   48    1    1    1    1    1    1    1    1  1.43676E+15 0.00182 
   49   49    1    1    1    1    1    1    1    1  1.42164E+15 0.00166 
   50   50    1    1    1    1    1    1    1    1  2.15509E+15 0.00156 
   51   51    1    1    1    1    1    1    1    1  1.74682E+15 0.00156 
   52   52    1    1    1    1    1    1    1    1  2.00318E+15 0.00162 
   53   53    1    1    1    1    1    1    1    1  1.39378E+15 0.00139 
   54   54    1    1    1    1    1    1    1    1  1.64951E+15 0.00184 
   55   55    1    1    1    1    1    1    1    1  1.13832E+15 0.00186 
   56   56    1    1    1    1    1    1    1    1  1.55806E+14 0.00147 
   57   57    1    1    1    1    1    1    1    1  2.25763E+15 0.00174 
   58   58    1    1    1    1    1    1    1    1  9.63619E+14 0.00166 
   59   59    1    1    1    1    1    1    1    1  1.03194E+15 0.00211 
   60   60    1    1    1    1    1    1    1    1  7.79165E+14 0.00187 
   61   61    1    1    1    1    1    1    1    1  7.83509E+14 0.00200 
   62   62    1    1    1    1    1    1    1    1  8.11049E+14 0.00157 
   63   63    1    1    1    1    1    1    1    1  6.75045E+14 0.00211 
   64   64    1    1    1    1    1    1    1    1  5.35281E+14 0.00242 
   65   65    1    1    1    1    1    1    1    1  5.27797E+14 0.00176 
   66   66    1    1    1    1    1    1    1    1  3.78918E+14 0.00220 
   67   67    1    1    1    1    1    1    1    1  3.11528E+14 0.00244 
   68   68    1    1    1    1    1    1    1    1  2.81004E+14 0.00224 
   69   69    1    1    1    1    1    1    1    1  3.37034E+14 0.00245 
   70   70    1    1    1    1    1    1    1    1  2.86726E+14 0.00273 
   71   71    1    1    1    1    1    1    1    1  5.30920E+14 0.00252 
   72   72    1    1    1    1    1    1    1    1  3.76273E+14 0.00249 
   73   73    1    1    1    1    1    1    1    1  2.80511E+14 0.00306 
   74   74    1    1    1    1    1    1    1    1  2.19990E+14 0.00299 
   75   75    1    1    1    1    1    1    1    1  1.78603E+14 0.00274 
   76   76    1    1    1    1    1    1    1    1  2.03366E+14 0.00289 
   77   77    1    1    1    1    1    1    1    1  1.57172E+14 0.00412 
   78   78    1    1    1    1    1    1    1    1  1.22967E+14 0.00380 
   79   79    1    1    1    1    1    1    1    1  1.25335E+14 0.00422 
   80   80    1    1    1    1    1    1    1    1  9.18397E+13 0.00328 
   81   81    1    1    1    1    1    1    1    1  7.03543E+13 0.00301 
   82   82    1    1    1    1    1    1    1    1  5.39690E+13 0.00484 
   83   83    1    1    1    1    1    1    1    1  5.07285E+13 0.00478 
   84   84    1    1    1    1    1    1    1    1  3.61776E+13 0.00687 
   85   85    1    1    1    1    1    1    1    1  2.61839E+13 0.00493 
   86   86    1    1    1    1    1    1    1    1  2.44223E+13 0.00546 
   87   87    1    1    1    1    1    1    1    1  1.52644E+13 0.00464 
   88   88    1    1    1    1    1    1    1    1  1.03271E+13 0.01009 
   89   89    1    1    1    1    1    1    1    1  5.91476E+12 0.01231 
   90   90    1    1    1    1    1    1    1    1  3.84726E+12 0.00953 
   91   91    1    1    1    1    1    1    1    1  1.99802E+12 0.01402 
   92   92    1    1    1    1    1    1    1    1  9.14267E+11 0.02594 
   93   93    1    1    1    1    1    1    1    1  4.66350E+11 0.05357 
   94   94    1    1    1    1    1    1    1    1  2.27479E+11 0.04310 
   95   95    1    1    1    1    1    1    1    1  9.97691E+10 0.08346 
   96   96    1    1    1    1    1    1    1    1  6.12597E+10 0.11582 
   97   97    1    1    1    1    1    1    1    1  2.02036E+10 0.19280 
   98   98    1    1    1    1    1    1    1    1  1.27282E+10 0.27015 
   99   99    1    1    1    1    1    1    1    1  4.42419E+09 0.39103 
  100  100    1    1    1    1    1    1    1    1  9.32442E+09 0.31312 
];


