
DETdpaspec = [
    1    1    1    1    1    1    1    1    1    1  0.00000E+00 0.00000 
    2    2    1    1    1    1    1    1    1    1  0.00000E+00 0.00000 
    3    3    1    1    1    1    1    1    1    1  0.00000E+00 0.00000 
    4    4    1    1    1    1    1    1    1    1  0.00000E+00 0.00000 
    5    5    1    1    1    1    1    1    1    1  0.00000E+00 0.00000 
    6    6    1    1    1    1    1    1    1    1  0.00000E+00 0.00000 
    7    7    1    1    1    1    1    1    1    1  0.00000E+00 0.00000 
    8    8    1    1    1    1    1    1    1    1  2.17665E+07 1.00000 
    9    9    1    1    1    1    1    1    1    1  2.26068E+07 0.68831 
   10   10    1    1    1    1    1    1    1    1  2.80432E+08 0.69627 
   11   11    1    1    1    1    1    1    1    1  1.61118E+08 1.00000 
   12   12    1    1    1    1    1    1    1    1  7.69479E+07 0.73252 
   13   13    1    1    1    1    1    1    1    1  8.03011E+08 0.71029 
   14   14    1    1    1    1    1    1    1    1  4.85967E+09 0.33460 
   15   15    1    1    1    1    1    1    1    1  2.81075E+09 0.33748 
   16   16    1    1    1    1    1    1    1    1  1.23296E+09 0.48145 
   17   17    1    1    1    1    1    1    1    1  1.75658E+09 0.31375 
   18   18    1    1    1    1    1    1    1    1  8.03718E+09 0.21664 
   19   19    1    1    1    1    1    1    1    1  5.78759E+09 0.22327 
   20   20    1    1    1    1    1    1    1    1  2.28918E+10 0.20405 
   21   21    1    1    1    1    1    1    1    1  1.53738E+10 0.10898 
   22   22    1    1    1    1    1    1    1    1  4.64509E+10 0.08043 
   23   23    1    1    1    1    1    1    1    1  5.96962E+10 0.07068 
   24   24    1    1    1    1    1    1    1    1  8.39609E+10 0.08461 
   25   25    1    1    1    1    1    1    1    1  1.08945E+11 0.09411 
   26   26    1    1    1    1    1    1    1    1  1.72841E+11 0.05143 
   27   27    1    1    1    1    1    1    1    1  3.31334E+11 0.03566 
   28   28    1    1    1    1    1    1    1    1  5.85004E+11 0.03663 
   29   29    1    1    1    1    1    1    1    1  8.02727E+11 0.02673 
   30   30    1    1    1    1    1    1    1    1  2.54580E+12 0.01668 
   31   31    1    1    1    1    1    1    1    1  7.76421E+12 0.01031 
   32   32    1    1    1    1    1    1    1    1  1.43347E+13 0.00875 
   33   33    1    1    1    1    1    1    1    1  3.16974E+13 0.00599 
   34   34    1    1    1    1    1    1    1    1  4.18082E+13 0.00401 
   35   35    1    1    1    1    1    1    1    1  6.10559E+13 0.00429 
   36   36    1    1    1    1    1    1    1    1  4.27989E+13 0.00381 
   37   37    1    1    1    1    1    1    1    1  1.36060E+13 0.00410 
   38   38    1    1    1    1    1    1    1    1  7.29533E+13 0.00387 
   39   39    1    1    1    1    1    1    1    1  9.74694E+13 0.00310 
   40   40    1    1    1    1    1    1    1    1  1.62448E+14 0.00301 
   41   41    1    1    1    1    1    1    1    1  1.69211E+14 0.00315 
   42   42    1    1    1    1    1    1    1    1  3.46480E+14 0.00241 
   43   43    1    1    1    1    1    1    1    1  4.13877E+14 0.00247 
   44   44    1    1    1    1    1    1    1    1  5.88569E+14 0.00271 
   45   45    1    1    1    1    1    1    1    1  1.12033E+15 0.00246 
   46   46    1    1    1    1    1    1    1    1  5.25931E+14 0.00231 
   47   47    1    1    1    1    1    1    1    1  8.53980E+14 0.00233 
   48   48    1    1    1    1    1    1    1    1  1.17838E+15 0.00237 
   49   49    1    1    1    1    1    1    1    1  1.16601E+15 0.00184 
   50   50    1    1    1    1    1    1    1    1  1.75803E+15 0.00220 
   51   51    1    1    1    1    1    1    1    1  1.42587E+15 0.00250 
   52   52    1    1    1    1    1    1    1    1  1.62840E+15 0.00234 
   53   53    1    1    1    1    1    1    1    1  1.13191E+15 0.00267 
   54   54    1    1    1    1    1    1    1    1  1.33430E+15 0.00267 
   55   55    1    1    1    1    1    1    1    1  9.22483E+14 0.00301 
   56   56    1    1    1    1    1    1    1    1  1.26425E+14 0.00334 
   57   57    1    1    1    1    1    1    1    1  1.82845E+15 0.00274 
   58   58    1    1    1    1    1    1    1    1  7.78675E+14 0.00296 
   59   59    1    1    1    1    1    1    1    1  8.32228E+14 0.00255 
   60   60    1    1    1    1    1    1    1    1  6.27297E+14 0.00274 
   61   61    1    1    1    1    1    1    1    1  6.30647E+14 0.00303 
   62   62    1    1    1    1    1    1    1    1  6.50560E+14 0.00243 
   63   63    1    1    1    1    1    1    1    1  5.40916E+14 0.00238 
   64   64    1    1    1    1    1    1    1    1  4.28885E+14 0.00210 
   65   65    1    1    1    1    1    1    1    1  4.23527E+14 0.00275 
   66   66    1    1    1    1    1    1    1    1  3.04306E+14 0.00248 
   67   67    1    1    1    1    1    1    1    1  2.48930E+14 0.00250 
   68   68    1    1    1    1    1    1    1    1  2.25244E+14 0.00262 
   69   69    1    1    1    1    1    1    1    1  2.69120E+14 0.00312 
   70   70    1    1    1    1    1    1    1    1  2.29539E+14 0.00272 
   71   71    1    1    1    1    1    1    1    1  4.25431E+14 0.00359 
   72   72    1    1    1    1    1    1    1    1  3.02676E+14 0.00328 
   73   73    1    1    1    1    1    1    1    1  2.25244E+14 0.00361 
   74   74    1    1    1    1    1    1    1    1  1.77197E+14 0.00311 
   75   75    1    1    1    1    1    1    1    1  1.43322E+14 0.00366 
   76   76    1    1    1    1    1    1    1    1  1.62159E+14 0.00330 
   77   77    1    1    1    1    1    1    1    1  1.25283E+14 0.00365 
   78   78    1    1    1    1    1    1    1    1  9.81232E+13 0.00405 
   79   79    1    1    1    1    1    1    1    1  9.95735E+13 0.00415 
   80   80    1    1    1    1    1    1    1    1  7.28695E+13 0.00435 
   81   81    1    1    1    1    1    1    1    1  5.58858E+13 0.00522 
   82   82    1    1    1    1    1    1    1    1  4.24411E+13 0.00586 
   83   83    1    1    1    1    1    1    1    1  4.00211E+13 0.00395 
   84   84    1    1    1    1    1    1    1    1  2.86292E+13 0.00609 
   85   85    1    1    1    1    1    1    1    1  2.07612E+13 0.00954 
   86   86    1    1    1    1    1    1    1    1  1.90540E+13 0.00836 
   87   87    1    1    1    1    1    1    1    1  1.19003E+13 0.00957 
   88   88    1    1    1    1    1    1    1    1  8.11408E+12 0.01148 
   89   89    1    1    1    1    1    1    1    1  4.68197E+12 0.01346 
   90   90    1    1    1    1    1    1    1    1  3.13215E+12 0.02121 
   91   91    1    1    1    1    1    1    1    1  1.54271E+12 0.02976 
   92   92    1    1    1    1    1    1    1    1  7.79907E+11 0.03127 
   93   93    1    1    1    1    1    1    1    1  3.61661E+11 0.05740 
   94   94    1    1    1    1    1    1    1    1  1.80411E+11 0.06187 
   95   95    1    1    1    1    1    1    1    1  9.50938E+10 0.07664 
   96   96    1    1    1    1    1    1    1    1  4.95427E+10 0.15416 
   97   97    1    1    1    1    1    1    1    1  2.12808E+10 0.24176 
   98   98    1    1    1    1    1    1    1    1  1.46138E+10 0.26491 
   99   99    1    1    1    1    1    1    1    1  5.56147E+09 0.30293 
  100  100    1    1    1    1    1    1    1    1  3.37375E+09 0.29981 
];


