
DETdpaspec = [
    1    1    1    1    1    1    1    1    1    1  0.00000E+00 0.00000 
    2    2    1    1    1    1    1    1    1    1  0.00000E+00 0.00000 
    3    3    1    1    1    1    1    1    1    1  0.00000E+00 0.00000 
    4    4    1    1    1    1    1    1    1    1  0.00000E+00 0.00000 
    5    5    1    1    1    1    1    1    1    1  0.00000E+00 0.00000 
    6    6    1    1    1    1    1    1    1    1  0.00000E+00 0.00000 
    7    7    1    1    1    1    1    1    1    1  0.00000E+00 0.00000 
    8    8    1    1    1    1    1    1    1    1  0.00000E+00 0.00000 
    9    9    1    1    1    1    1    1    1    1  2.08927E+07 1.00000 
   10   10    1    1    1    1    1    1    1    1  1.18888E+08 1.00000 
   11   11    1    1    1    1    1    1    1    1  1.23678E+08 1.00000 
   12   12    1    1    1    1    1    1    1    1  3.54070E+07 1.00000 
   13   13    1    1    1    1    1    1    1    1  2.80613E+09 0.54690 
   14   14    1    1    1    1    1    1    1    1  8.02013E+09 0.40013 
   15   15    1    1    1    1    1    1    1    1  4.75297E+09 0.26007 
   16   16    1    1    1    1    1    1    1    1  8.42585E+08 0.42611 
   17   17    1    1    1    1    1    1    1    1  2.69081E+09 0.25347 
   18   18    1    1    1    1    1    1    1    1  8.62576E+09 0.19274 
   19   19    1    1    1    1    1    1    1    1  1.29359E+10 0.16126 
   20   20    1    1    1    1    1    1    1    1  4.26085E+10 0.12242 
   21   21    1    1    1    1    1    1    1    1  3.34321E+10 0.15186 
   22   22    1    1    1    1    1    1    1    1  7.11190E+10 0.07674 
   23   23    1    1    1    1    1    1    1    1  1.05662E+11 0.07174 
   24   24    1    1    1    1    1    1    1    1  1.78300E+11 0.06028 
   25   25    1    1    1    1    1    1    1    1  2.32548E+11 0.05691 
   26   26    1    1    1    1    1    1    1    1  3.76529E+11 0.02878 
   27   27    1    1    1    1    1    1    1    1  6.53439E+11 0.02932 
   28   28    1    1    1    1    1    1    1    1  1.35838E+12 0.02598 
   29   29    1    1    1    1    1    1    1    1  2.23294E+12 0.02311 
   30   30    1    1    1    1    1    1    1    1  6.49729E+12 0.01109 
   31   31    1    1    1    1    1    1    1    1  2.03958E+13 0.00727 
   32   32    1    1    1    1    1    1    1    1  3.87031E+13 0.00577 
   33   33    1    1    1    1    1    1    1    1  9.34280E+13 0.00449 
   34   34    1    1    1    1    1    1    1    1  1.31304E+14 0.00294 
   35   35    1    1    1    1    1    1    1    1  1.74158E+14 0.00214 
   36   36    1    1    1    1    1    1    1    1  1.18644E+14 0.00204 
   37   37    1    1    1    1    1    1    1    1  3.64565E+13 0.00214 
   38   38    1    1    1    1    1    1    1    1  2.04957E+14 0.00166 
   39   39    1    1    1    1    1    1    1    1  2.78204E+14 0.00160 
   40   40    1    1    1    1    1    1    1    1  4.79139E+14 0.00152 
   41   41    1    1    1    1    1    1    1    1  4.86966E+14 0.00142 
   42   42    1    1    1    1    1    1    1    1  1.04493E+15 0.00135 
   43   43    1    1    1    1    1    1    1    1  1.27546E+15 0.00098 
   44   44    1    1    1    1    1    1    1    1  1.85900E+15 0.00126 
   45   45    1    1    1    1    1    1    1    1  3.72585E+15 0.00081 
   46   46    1    1    1    1    1    1    1    1  1.75061E+15 0.00092 
   47   47    1    1    1    1    1    1    1    1  2.83749E+15 0.00082 
   48   48    1    1    1    1    1    1    1    1  3.97297E+15 0.00096 
   49   49    1    1    1    1    1    1    1    1  3.95595E+15 0.00081 
   50   50    1    1    1    1    1    1    1    1  6.18301E+15 0.00086 
   51   51    1    1    1    1    1    1    1    1  4.95524E+15 0.00075 
   52   52    1    1    1    1    1    1    1    1  5.89825E+15 0.00066 
   53   53    1    1    1    1    1    1    1    1  4.10470E+15 0.00077 
   54   54    1    1    1    1    1    1    1    1  5.02542E+15 0.00086 
   55   55    1    1    1    1    1    1    1    1  3.46582E+15 0.00100 
   56   56    1    1    1    1    1    1    1    1  4.71945E+14 0.00099 
   57   57    1    1    1    1    1    1    1    1  6.89876E+15 0.00090 
   58   58    1    1    1    1    1    1    1    1  3.07386E+15 0.00096 
   59   59    1    1    1    1    1    1    1    1  3.27381E+15 0.00085 
   60   60    1    1    1    1    1    1    1    1  2.54197E+15 0.00085 
   61   61    1    1    1    1    1    1    1    1  2.55510E+15 0.00071 
   62   62    1    1    1    1    1    1    1    1  2.66561E+15 0.00085 
   63   63    1    1    1    1    1    1    1    1  2.24353E+15 0.00091 
   64   64    1    1    1    1    1    1    1    1  1.78610E+15 0.00085 
   65   65    1    1    1    1    1    1    1    1  1.77519E+15 0.00103 
   66   66    1    1    1    1    1    1    1    1  1.27980E+15 0.00118 
   67   67    1    1    1    1    1    1    1    1  1.04360E+15 0.00100 
   68   68    1    1    1    1    1    1    1    1  9.37847E+14 0.00106 
   69   69    1    1    1    1    1    1    1    1  1.12698E+15 0.00088 
   70   70    1    1    1    1    1    1    1    1  9.59286E+14 0.00106 
   71   71    1    1    1    1    1    1    1    1  1.75030E+15 0.00095 
   72   72    1    1    1    1    1    1    1    1  1.23721E+15 0.00110 
   73   73    1    1    1    1    1    1    1    1  9.32598E+14 0.00135 
   74   74    1    1    1    1    1    1    1    1  7.49752E+14 0.00107 
   75   75    1    1    1    1    1    1    1    1  6.19916E+14 0.00109 
   76   76    1    1    1    1    1    1    1    1  7.16933E+14 0.00100 
   77   77    1    1    1    1    1    1    1    1  5.65834E+14 0.00100 
   78   78    1    1    1    1    1    1    1    1  4.50741E+14 0.00142 
   79   79    1    1    1    1    1    1    1    1  4.64399E+14 0.00143 
   80   80    1    1    1    1    1    1    1    1  3.43883E+14 0.00178 
   81   81    1    1    1    1    1    1    1    1  2.64824E+14 0.00235 
   82   82    1    1    1    1    1    1    1    1  2.02603E+14 0.00203 
   83   83    1    1    1    1    1    1    1    1  1.89116E+14 0.00245 
   84   84    1    1    1    1    1    1    1    1  1.36658E+14 0.00253 
   85   85    1    1    1    1    1    1    1    1  9.85244E+13 0.00308 
   86   86    1    1    1    1    1    1    1    1  9.22184E+13 0.00232 
   87   87    1    1    1    1    1    1    1    1  5.70942E+13 0.00299 
   88   88    1    1    1    1    1    1    1    1  3.84027E+13 0.00511 
   89   89    1    1    1    1    1    1    1    1  2.19853E+13 0.00630 
   90   90    1    1    1    1    1    1    1    1  1.46607E+13 0.00903 
   91   91    1    1    1    1    1    1    1    1  7.58932E+12 0.01175 
   92   92    1    1    1    1    1    1    1    1  3.58748E+12 0.01018 
   93   93    1    1    1    1    1    1    1    1  1.70969E+12 0.01898 
   94   94    1    1    1    1    1    1    1    1  8.21041E+11 0.03053 
   95   95    1    1    1    1    1    1    1    1  3.89551E+11 0.05307 
   96   96    1    1    1    1    1    1    1    1  2.07803E+11 0.04745 
   97   97    1    1    1    1    1    1    1    1  8.44061E+10 0.08809 
   98   98    1    1    1    1    1    1    1    1  3.44161E+10 0.14230 
   99   99    1    1    1    1    1    1    1    1  1.51858E+10 0.20110 
  100  100    1    1    1    1    1    1    1    1  3.10371E+10 0.17183 
];


