
DETdpaspec = [
    1    1    1    1    1    1    1    1    1    1  0.00000E+00 0.00000 
    2    2    1    1    1    1    1    1    1    1  0.00000E+00 0.00000 
    3    3    1    1    1    1    1    1    1    1  0.00000E+00 0.00000 
    4    4    1    1    1    1    1    1    1    1  0.00000E+00 0.00000 
    5    5    1    1    1    1    1    1    1    1  0.00000E+00 0.00000 
    6    6    1    1    1    1    1    1    1    1  0.00000E+00 0.00000 
    7    7    1    1    1    1    1    1    1    1  1.55966E+07 1.00000 
    8    8    1    1    1    1    1    1    1    1  0.00000E+00 0.00000 
    9    9    1    1    1    1    1    1    1    1  4.31375E+07 0.68829 
   10   10    1    1    1    1    1    1    1    1  8.59510E+07 0.70968 
   11   11    1    1    1    1    1    1    1    1  4.94941E+08 1.00000 
   12   12    1    1    1    1    1    1    1    1  1.42100E+08 0.58918 
   13   13    1    1    1    1    1    1    1    1  3.17843E+08 0.73801 
   14   14    1    1    1    1    1    1    1    1  2.40676E+09 0.37351 
   15   15    1    1    1    1    1    1    1    1  4.77468E+09 0.39079 
   16   16    1    1    1    1    1    1    1    1  1.56332E+09 0.41500 
   17   17    1    1    1    1    1    1    1    1  1.87511E+09 0.31530 
   18   18    1    1    1    1    1    1    1    1  5.98650E+09 0.28546 
   19   19    1    1    1    1    1    1    1    1  1.01351E+10 0.12339 
   20   20    1    1    1    1    1    1    1    1  3.08204E+10 0.15048 
   21   21    1    1    1    1    1    1    1    1  2.20269E+10 0.10504 
   22   22    1    1    1    1    1    1    1    1  5.78939E+10 0.07754 
   23   23    1    1    1    1    1    1    1    1  8.31842E+10 0.07380 
   24   24    1    1    1    1    1    1    1    1  1.17361E+11 0.04303 
   25   25    1    1    1    1    1    1    1    1  1.33547E+11 0.06113 
   26   26    1    1    1    1    1    1    1    1  2.16471E+11 0.04469 
   27   27    1    1    1    1    1    1    1    1  4.14181E+11 0.03919 
   28   28    1    1    1    1    1    1    1    1  6.94487E+11 0.03238 
   29   29    1    1    1    1    1    1    1    1  9.84938E+11 0.02823 
   30   30    1    1    1    1    1    1    1    1  3.15615E+12 0.01164 
   31   31    1    1    1    1    1    1    1    1  9.73505E+12 0.01025 
   32   32    1    1    1    1    1    1    1    1  1.81234E+13 0.00835 
   33   33    1    1    1    1    1    1    1    1  4.02797E+13 0.00521 
   34   34    1    1    1    1    1    1    1    1  5.35849E+13 0.00421 
   35   35    1    1    1    1    1    1    1    1  7.70735E+13 0.00380 
   36   36    1    1    1    1    1    1    1    1  5.38807E+13 0.00308 
   37   37    1    1    1    1    1    1    1    1  1.70989E+13 0.00364 
   38   38    1    1    1    1    1    1    1    1  9.25092E+13 0.00288 
   39   39    1    1    1    1    1    1    1    1  1.24272E+14 0.00233 
   40   40    1    1    1    1    1    1    1    1  2.07870E+14 0.00239 
   41   41    1    1    1    1    1    1    1    1  2.16869E+14 0.00220 
   42   42    1    1    1    1    1    1    1    1  4.46226E+14 0.00224 
   43   43    1    1    1    1    1    1    1    1  5.35907E+14 0.00192 
   44   44    1    1    1    1    1    1    1    1  7.65041E+14 0.00163 
   45   45    1    1    1    1    1    1    1    1  1.46531E+15 0.00156 
   46   46    1    1    1    1    1    1    1    1  6.90352E+14 0.00165 
   47   47    1    1    1    1    1    1    1    1  1.12092E+15 0.00169 
   48   48    1    1    1    1    1    1    1    1  1.55019E+15 0.00143 
   49   49    1    1    1    1    1    1    1    1  1.53592E+15 0.00155 
   50   50    1    1    1    1    1    1    1    1  2.32613E+15 0.00159 
   51   51    1    1    1    1    1    1    1    1  1.88257E+15 0.00145 
   52   52    1    1    1    1    1    1    1    1  2.16470E+15 0.00164 
   53   53    1    1    1    1    1    1    1    1  1.50635E+15 0.00148 
   54   54    1    1    1    1    1    1    1    1  1.78664E+15 0.00165 
   55   55    1    1    1    1    1    1    1    1  1.23217E+15 0.00169 
   56   56    1    1    1    1    1    1    1    1  1.68937E+14 0.00204 
   57   57    1    1    1    1    1    1    1    1  2.44549E+15 0.00148 
   58   58    1    1    1    1    1    1    1    1  1.04737E+15 0.00158 
   59   59    1    1    1    1    1    1    1    1  1.11945E+15 0.00168 
   60   60    1    1    1    1    1    1    1    1  8.46950E+14 0.00179 
   61   61    1    1    1    1    1    1    1    1  8.52648E+14 0.00182 
   62   62    1    1    1    1    1    1    1    1  8.80662E+14 0.00175 
   63   63    1    1    1    1    1    1    1    1  7.31866E+14 0.00150 
   64   64    1    1    1    1    1    1    1    1  5.81293E+14 0.00192 
   65   65    1    1    1    1    1    1    1    1  5.74860E+14 0.00178 
   66   66    1    1    1    1    1    1    1    1  4.11307E+14 0.00246 
   67   67    1    1    1    1    1    1    1    1  3.37683E+14 0.00276 
   68   68    1    1    1    1    1    1    1    1  3.04142E+14 0.00224 
   69   69    1    1    1    1    1    1    1    1  3.65153E+14 0.00249 
   70   70    1    1    1    1    1    1    1    1  3.10985E+14 0.00280 
   71   71    1    1    1    1    1    1    1    1  5.77528E+14 0.00203 
   72   72    1    1    1    1    1    1    1    1  4.08838E+14 0.00239 
   73   73    1    1    1    1    1    1    1    1  3.04652E+14 0.00274 
   74   74    1    1    1    1    1    1    1    1  2.40235E+14 0.00348 
   75   75    1    1    1    1    1    1    1    1  1.95405E+14 0.00270 
   76   76    1    1    1    1    1    1    1    1  2.21408E+14 0.00293 
   77   77    1    1    1    1    1    1    1    1  1.70778E+14 0.00374 
   78   78    1    1    1    1    1    1    1    1  1.34179E+14 0.00348 
   79   79    1    1    1    1    1    1    1    1  1.37070E+14 0.00335 
   80   80    1    1    1    1    1    1    1    1  1.00102E+14 0.00305 
   81   81    1    1    1    1    1    1    1    1  7.63813E+13 0.00446 
   82   82    1    1    1    1    1    1    1    1  5.90452E+13 0.00430 
   83   83    1    1    1    1    1    1    1    1  5.52426E+13 0.00396 
   84   84    1    1    1    1    1    1    1    1  3.98230E+13 0.00311 
   85   85    1    1    1    1    1    1    1    1  2.86343E+13 0.00613 
   86   86    1    1    1    1    1    1    1    1  2.65156E+13 0.00479 
   87   87    1    1    1    1    1    1    1    1  1.65307E+13 0.00741 
   88   88    1    1    1    1    1    1    1    1  1.10639E+13 0.01118 
   89   89    1    1    1    1    1    1    1    1  6.48402E+12 0.01384 
   90   90    1    1    1    1    1    1    1    1  4.24696E+12 0.01509 
   91   91    1    1    1    1    1    1    1    1  2.15959E+12 0.02001 
   92   92    1    1    1    1    1    1    1    1  9.88438E+11 0.02510 
   93   93    1    1    1    1    1    1    1    1  5.06325E+11 0.03171 
   94   94    1    1    1    1    1    1    1    1  2.62923E+11 0.06378 
   95   95    1    1    1    1    1    1    1    1  1.38525E+11 0.08766 
   96   96    1    1    1    1    1    1    1    1  5.26978E+10 0.09862 
   97   97    1    1    1    1    1    1    1    1  3.21217E+10 0.13567 
   98   98    1    1    1    1    1    1    1    1  1.21056E+10 0.29685 
   99   99    1    1    1    1    1    1    1    1  6.28240E+09 0.41891 
  100  100    1    1    1    1    1    1    1    1  5.27287E+09 0.32984 
];


