
DETdpaspec = [
    1    1    1    1    1    1    1    1    1    1  0.00000E+00 0.00000 
    2    2    1    1    1    1    1    1    1    1  0.00000E+00 0.00000 
    3    3    1    1    1    1    1    1    1    1  0.00000E+00 0.00000 
    4    4    1    1    1    1    1    1    1    1  0.00000E+00 0.00000 
    5    5    1    1    1    1    1    1    1    1  0.00000E+00 0.00000 
    6    6    1    1    1    1    1    1    1    1  0.00000E+00 0.00000 
    7    7    1    1    1    1    1    1    1    1  0.00000E+00 0.00000 
    8    8    1    1    1    1    1    1    1    1  2.32727E+07 1.00000 
    9    9    1    1    1    1    1    1    1    1  2.76120E+07 1.00000 
   10   10    1    1    1    1    1    1    1    1  9.10295E+07 0.70200 
   11   11    1    1    1    1    1    1    1    1  0.00000E+00 0.00000 
   12   12    1    1    1    1    1    1    1    1  6.09261E+07 0.68871 
   13   13    1    1    1    1    1    1    1    1  6.45719E+08 0.63688 
   14   14    1    1    1    1    1    1    1    1  3.96328E+09 0.58145 
   15   15    1    1    1    1    1    1    1    1  5.45961E+09 0.22299 
   16   16    1    1    1    1    1    1    1    1  1.00197E+09 0.21215 
   17   17    1    1    1    1    1    1    1    1  2.88702E+09 0.21295 
   18   18    1    1    1    1    1    1    1    1  1.19819E+10 0.20213 
   19   19    1    1    1    1    1    1    1    1  1.24616E+10 0.18113 
   20   20    1    1    1    1    1    1    1    1  3.83724E+10 0.16939 
   21   21    1    1    1    1    1    1    1    1  3.36195E+10 0.14972 
   22   22    1    1    1    1    1    1    1    1  7.20290E+10 0.08656 
   23   23    1    1    1    1    1    1    1    1  1.16074E+11 0.07078 
   24   24    1    1    1    1    1    1    1    1  1.77545E+11 0.07890 
   25   25    1    1    1    1    1    1    1    1  2.32605E+11 0.05190 
   26   26    1    1    1    1    1    1    1    1  3.23239E+11 0.05875 
   27   27    1    1    1    1    1    1    1    1  6.23182E+11 0.03552 
   28   28    1    1    1    1    1    1    1    1  1.24840E+12 0.02537 
   29   29    1    1    1    1    1    1    1    1  1.84035E+12 0.01621 
   30   30    1    1    1    1    1    1    1    1  5.47767E+12 0.01320 
   31   31    1    1    1    1    1    1    1    1  1.74191E+13 0.00733 
   32   32    1    1    1    1    1    1    1    1  3.35859E+13 0.00664 
   33   33    1    1    1    1    1    1    1    1  8.03213E+13 0.00370 
   34   34    1    1    1    1    1    1    1    1  1.11703E+14 0.00336 
   35   35    1    1    1    1    1    1    1    1  1.52697E+14 0.00260 
   36   36    1    1    1    1    1    1    1    1  1.05833E+14 0.00275 
   37   37    1    1    1    1    1    1    1    1  3.28032E+13 0.00280 
   38   38    1    1    1    1    1    1    1    1  1.82408E+14 0.00217 
   39   39    1    1    1    1    1    1    1    1  2.46619E+14 0.00173 
   40   40    1    1    1    1    1    1    1    1  4.22211E+14 0.00118 
   41   41    1    1    1    1    1    1    1    1  4.34321E+14 0.00122 
   42   42    1    1    1    1    1    1    1    1  9.22370E+14 0.00137 
   43   43    1    1    1    1    1    1    1    1  1.12335E+15 0.00116 
   44   44    1    1    1    1    1    1    1    1  1.63405E+15 0.00124 
   45   45    1    1    1    1    1    1    1    1  3.24203E+15 0.00081 
   46   46    1    1    1    1    1    1    1    1  1.52833E+15 0.00067 
   47   47    1    1    1    1    1    1    1    1  2.48158E+15 0.00066 
   48   48    1    1    1    1    1    1    1    1  3.47226E+15 0.00093 
   49   49    1    1    1    1    1    1    1    1  3.45588E+15 0.00080 
   50   50    1    1    1    1    1    1    1    1  5.36166E+15 0.00068 
   51   51    1    1    1    1    1    1    1    1  4.31856E+15 0.00074 
   52   52    1    1    1    1    1    1    1    1  5.10667E+15 0.00076 
   53   53    1    1    1    1    1    1    1    1  3.55862E+15 0.00089 
   54   54    1    1    1    1    1    1    1    1  4.31693E+15 0.00077 
   55   55    1    1    1    1    1    1    1    1  2.97961E+15 0.00076 
   56   56    1    1    1    1    1    1    1    1  4.06378E+14 0.00120 
   57   57    1    1    1    1    1    1    1    1  5.93434E+15 0.00076 
   58   58    1    1    1    1    1    1    1    1  2.61388E+15 0.00078 
   59   59    1    1    1    1    1    1    1    1  2.79108E+15 0.00083 
   60   60    1    1    1    1    1    1    1    1  2.15357E+15 0.00068 
   61   61    1    1    1    1    1    1    1    1  2.16404E+15 0.00098 
   62   62    1    1    1    1    1    1    1    1  2.25401E+15 0.00085 
   63   63    1    1    1    1    1    1    1    1  1.89359E+15 0.00115 
   64   64    1    1    1    1    1    1    1    1  1.50703E+15 0.00109 
   65   65    1    1    1    1    1    1    1    1  1.49768E+15 0.00100 
   66   66    1    1    1    1    1    1    1    1  1.07801E+15 0.00077 
   67   67    1    1    1    1    1    1    1    1  8.79172E+14 0.00092 
   68   68    1    1    1    1    1    1    1    1  7.91945E+14 0.00137 
   69   69    1    1    1    1    1    1    1    1  9.50419E+14 0.00105 
   70   70    1    1    1    1    1    1    1    1  8.08183E+14 0.00120 
   71   71    1    1    1    1    1    1    1    1  1.48645E+15 0.00120 
   72   72    1    1    1    1    1    1    1    1  1.05402E+15 0.00124 
   73   73    1    1    1    1    1    1    1    1  7.92144E+14 0.00108 
   74   74    1    1    1    1    1    1    1    1  6.29912E+14 0.00111 
   75   75    1    1    1    1    1    1    1    1  5.20307E+14 0.00155 
   76   76    1    1    1    1    1    1    1    1  5.99698E+14 0.00136 
   77   77    1    1    1    1    1    1    1    1  4.70297E+14 0.00169 
   78   78    1    1    1    1    1    1    1    1  3.72806E+14 0.00168 
   79   79    1    1    1    1    1    1    1    1  3.82751E+14 0.00190 
   80   80    1    1    1    1    1    1    1    1  2.82706E+14 0.00145 
   81   81    1    1    1    1    1    1    1    1  2.18170E+14 0.00212 
   82   82    1    1    1    1    1    1    1    1  1.67650E+14 0.00221 
   83   83    1    1    1    1    1    1    1    1  1.55443E+14 0.00224 
   84   84    1    1    1    1    1    1    1    1  1.11979E+14 0.00313 
   85   85    1    1    1    1    1    1    1    1  8.09499E+13 0.00338 
   86   86    1    1    1    1    1    1    1    1  7.60465E+13 0.00385 
   87   87    1    1    1    1    1    1    1    1  4.66093E+13 0.00469 
   88   88    1    1    1    1    1    1    1    1  3.16382E+13 0.00563 
   89   89    1    1    1    1    1    1    1    1  1.81394E+13 0.00528 
   90   90    1    1    1    1    1    1    1    1  1.20080E+13 0.00873 
   91   91    1    1    1    1    1    1    1    1  6.16555E+12 0.01690 
   92   92    1    1    1    1    1    1    1    1  2.95707E+12 0.01395 
   93   93    1    1    1    1    1    1    1    1  1.48437E+12 0.02038 
   94   94    1    1    1    1    1    1    1    1  6.74841E+11 0.04658 
   95   95    1    1    1    1    1    1    1    1  3.20937E+11 0.04407 
   96   96    1    1    1    1    1    1    1    1  1.52186E+11 0.09209 
   97   97    1    1    1    1    1    1    1    1  6.76461E+10 0.11623 
   98   98    1    1    1    1    1    1    1    1  2.83687E+10 0.16654 
   99   99    1    1    1    1    1    1    1    1  1.62973E+10 0.27213 
  100  100    1    1    1    1    1    1    1    1  1.86381E+10 0.15619 
];


