
DETdpaspec = [
    1    1    1    1    1    1    1    1    1    1  0.00000E+00 0.00000 
    2    2    1    1    1    1    1    1    1    1  0.00000E+00 0.00000 
    3    3    1    1    1    1    1    1    1    1  0.00000E+00 0.00000 
    4    4    1    1    1    1    1    1    1    1  0.00000E+00 0.00000 
    5    5    1    1    1    1    1    1    1    1  0.00000E+00 0.00000 
    6    6    1    1    1    1    1    1    1    1  0.00000E+00 0.00000 
    7    7    1    1    1    1    1    1    1    1  0.00000E+00 0.00000 
    8    8    1    1    1    1    1    1    1    1  0.00000E+00 0.00000 
    9    9    1    1    1    1    1    1    1    1  3.41951E+07 1.00000 
   10   10    1    1    1    1    1    1    1    1  5.76804E+07 1.00000 
   11   11    1    1    1    1    1    1    1    1  6.88425E+07 1.00000 
   12   12    1    1    1    1    1    1    1    1  6.70639E+06 0.79855 
   13   13    1    1    1    1    1    1    1    1  1.34843E+08 0.81686 
   14   14    1    1    1    1    1    1    1    1  2.75625E+09 0.76740 
   15   15    1    1    1    1    1    1    1    1  2.33047E+09 0.35480 
   16   16    1    1    1    1    1    1    1    1  9.67926E+08 0.36231 
   17   17    1    1    1    1    1    1    1    1  2.34839E+09 0.41009 
   18   18    1    1    1    1    1    1    1    1  6.82156E+09 0.32194 
   19   19    1    1    1    1    1    1    1    1  5.11882E+09 0.31230 
   20   20    1    1    1    1    1    1    1    1  1.58525E+10 0.22411 
   21   21    1    1    1    1    1    1    1    1  1.96900E+10 0.11600 
   22   22    1    1    1    1    1    1    1    1  3.96594E+10 0.11443 
   23   23    1    1    1    1    1    1    1    1  5.08058E+10 0.10485 
   24   24    1    1    1    1    1    1    1    1  1.00900E+11 0.08148 
   25   25    1    1    1    1    1    1    1    1  1.17194E+11 0.06827 
   26   26    1    1    1    1    1    1    1    1  1.70898E+11 0.06243 
   27   27    1    1    1    1    1    1    1    1  3.13112E+11 0.04761 
   28   28    1    1    1    1    1    1    1    1  5.37020E+11 0.03998 
   29   29    1    1    1    1    1    1    1    1  7.56858E+11 0.03215 
   30   30    1    1    1    1    1    1    1    1  2.41360E+12 0.01797 
   31   31    1    1    1    1    1    1    1    1  7.37229E+12 0.01055 
   32   32    1    1    1    1    1    1    1    1  1.34873E+13 0.01099 
   33   33    1    1    1    1    1    1    1    1  2.93088E+13 0.00666 
   34   34    1    1    1    1    1    1    1    1  3.83429E+13 0.00650 
   35   35    1    1    1    1    1    1    1    1  5.59879E+13 0.00544 
   36   36    1    1    1    1    1    1    1    1  3.92507E+13 0.00506 
   37   37    1    1    1    1    1    1    1    1  1.25772E+13 0.00593 
   38   38    1    1    1    1    1    1    1    1  6.71210E+13 0.00504 
   39   39    1    1    1    1    1    1    1    1  8.93404E+13 0.00460 
   40   40    1    1    1    1    1    1    1    1  1.47208E+14 0.00388 
   41   41    1    1    1    1    1    1    1    1  1.53894E+14 0.00359 
   42   42    1    1    1    1    1    1    1    1  3.12520E+14 0.00337 
   43   43    1    1    1    1    1    1    1    1  3.72415E+14 0.00385 
   44   44    1    1    1    1    1    1    1    1  5.28321E+14 0.00405 
   45   45    1    1    1    1    1    1    1    1  9.98009E+14 0.00445 
   46   46    1    1    1    1    1    1    1    1  4.70042E+14 0.00423 
   47   47    1    1    1    1    1    1    1    1  7.62973E+14 0.00425 
   48   48    1    1    1    1    1    1    1    1  1.05117E+15 0.00434 
   49   49    1    1    1    1    1    1    1    1  1.04256E+15 0.00396 
   50   50    1    1    1    1    1    1    1    1  1.57018E+15 0.00393 
   51   51    1    1    1    1    1    1    1    1  1.27431E+15 0.00391 
   52   52    1    1    1    1    1    1    1    1  1.45169E+15 0.00415 
   53   53    1    1    1    1    1    1    1    1  1.01168E+15 0.00377 
   54   54    1    1    1    1    1    1    1    1  1.18889E+15 0.00385 
   55   55    1    1    1    1    1    1    1    1  8.22202E+14 0.00428 
   56   56    1    1    1    1    1    1    1    1  1.13159E+14 0.00427 
   57   57    1    1    1    1    1    1    1    1  1.63357E+15 0.00404 
   58   58    1    1    1    1    1    1    1    1  6.92722E+14 0.00385 
   59   59    1    1    1    1    1    1    1    1  7.40985E+14 0.00387 
   60   60    1    1    1    1    1    1    1    1  5.56673E+14 0.00401 
   61   61    1    1    1    1    1    1    1    1  5.61690E+14 0.00432 
   62   62    1    1    1    1    1    1    1    1  5.79085E+14 0.00459 
   63   63    1    1    1    1    1    1    1    1  4.81026E+14 0.00463 
   64   64    1    1    1    1    1    1    1    1  3.82483E+14 0.00511 
   65   65    1    1    1    1    1    1    1    1  3.75839E+14 0.00511 
   66   66    1    1    1    1    1    1    1    1  2.70725E+14 0.00466 
   67   67    1    1    1    1    1    1    1    1  2.22890E+14 0.00467 
   68   68    1    1    1    1    1    1    1    1  2.00752E+14 0.00489 
   69   69    1    1    1    1    1    1    1    1  2.40943E+14 0.00532 
   70   70    1    1    1    1    1    1    1    1  2.04797E+14 0.00422 
   71   71    1    1    1    1    1    1    1    1  3.82913E+14 0.00474 
   72   72    1    1    1    1    1    1    1    1  2.71559E+14 0.00530 
   73   73    1    1    1    1    1    1    1    1  2.02117E+14 0.00471 
   74   74    1    1    1    1    1    1    1    1  1.58403E+14 0.00590 
   75   75    1    1    1    1    1    1    1    1  1.27964E+14 0.00525 
   76   76    1    1    1    1    1    1    1    1  1.44858E+14 0.00534 
   77   77    1    1    1    1    1    1    1    1  1.11219E+14 0.00435 
   78   78    1    1    1    1    1    1    1    1  8.65129E+13 0.00499 
   79   79    1    1    1    1    1    1    1    1  8.85541E+13 0.00476 
   80   80    1    1    1    1    1    1    1    1  6.49555E+13 0.00571 
   81   81    1    1    1    1    1    1    1    1  4.92443E+13 0.00578 
   82   82    1    1    1    1    1    1    1    1  3.77770E+13 0.00634 
   83   83    1    1    1    1    1    1    1    1  3.52260E+13 0.00596 
   84   84    1    1    1    1    1    1    1    1  2.53289E+13 0.00636 
   85   85    1    1    1    1    1    1    1    1  1.80873E+13 0.00808 
   86   86    1    1    1    1    1    1    1    1  1.69072E+13 0.00659 
   87   87    1    1    1    1    1    1    1    1  1.03081E+13 0.01092 
   88   88    1    1    1    1    1    1    1    1  7.13970E+12 0.01174 
   89   89    1    1    1    1    1    1    1    1  4.07585E+12 0.01798 
   90   90    1    1    1    1    1    1    1    1  2.77263E+12 0.01816 
   91   91    1    1    1    1    1    1    1    1  1.35502E+12 0.02452 
   92   92    1    1    1    1    1    1    1    1  6.36985E+11 0.03874 
   93   93    1    1    1    1    1    1    1    1  3.13209E+11 0.06253 
   94   94    1    1    1    1    1    1    1    1  1.34117E+11 0.07172 
   95   95    1    1    1    1    1    1    1    1  7.19866E+10 0.06941 
   96   96    1    1    1    1    1    1    1    1  5.23665E+10 0.16779 
   97   97    1    1    1    1    1    1    1    1  1.51787E+10 0.24858 
   98   98    1    1    1    1    1    1    1    1  1.28746E+10 0.26667 
   99   99    1    1    1    1    1    1    1    1  5.60949E+09 0.45326 
  100  100    1    1    1    1    1    1    1    1  2.26487E+09 0.48921 
];


