
DETdpaspec = [
    1    1    1    1    1    1    1    1    1    1  0.00000E+00 0.00000 
    2    2    1    1    1    1    1    1    1    1  8.28215E+06 1.00000 
    3    3    1    1    1    1    1    1    1    1  0.00000E+00 0.00000 
    4    4    1    1    1    1    1    1    1    1  0.00000E+00 0.00000 
    5    5    1    1    1    1    1    1    1    1  0.00000E+00 0.00000 
    6    6    1    1    1    1    1    1    1    1  0.00000E+00 0.00000 
    7    7    1    1    1    1    1    1    1    1  0.00000E+00 0.00000 
    8    8    1    1    1    1    1    1    1    1  0.00000E+00 0.00000 
    9    9    1    1    1    1    1    1    1    1  3.74223E+07 0.77161 
   10   10    1    1    1    1    1    1    1    1  2.76463E+08 0.60490 
   11   11    1    1    1    1    1    1    1    1  0.00000E+00 0.00000 
   12   12    1    1    1    1    1    1    1    1  4.78477E+06 0.71977 
   13   13    1    1    1    1    1    1    1    1  4.07271E+09 0.37535 
   14   14    1    1    1    1    1    1    1    1  4.43509E+09 0.41201 
   15   15    1    1    1    1    1    1    1    1  4.95751E+09 0.37954 
   16   16    1    1    1    1    1    1    1    1  1.40882E+09 0.38013 
   17   17    1    1    1    1    1    1    1    1  3.22692E+09 0.23618 
   18   18    1    1    1    1    1    1    1    1  5.68963E+09 0.25275 
   19   19    1    1    1    1    1    1    1    1  1.20228E+10 0.14298 
   20   20    1    1    1    1    1    1    1    1  3.92292E+10 0.17798 
   21   21    1    1    1    1    1    1    1    1  3.26894E+10 0.12210 
   22   22    1    1    1    1    1    1    1    1  7.68883E+10 0.07258 
   23   23    1    1    1    1    1    1    1    1  1.10414E+11 0.04766 
   24   24    1    1    1    1    1    1    1    1  1.70352E+11 0.06330 
   25   25    1    1    1    1    1    1    1    1  2.17225E+11 0.03979 
   26   26    1    1    1    1    1    1    1    1  3.33065E+11 0.02714 
   27   27    1    1    1    1    1    1    1    1  6.02477E+11 0.02796 
   28   28    1    1    1    1    1    1    1    1  1.18404E+12 0.02115 
   29   29    1    1    1    1    1    1    1    1  1.73652E+12 0.02041 
   30   30    1    1    1    1    1    1    1    1  5.18370E+12 0.01768 
   31   31    1    1    1    1    1    1    1    1  1.65132E+13 0.00908 
   32   32    1    1    1    1    1    1    1    1  3.17625E+13 0.00586 
   33   33    1    1    1    1    1    1    1    1  7.43633E+13 0.00381 
   34   34    1    1    1    1    1    1    1    1  1.02580E+14 0.00334 
   35   35    1    1    1    1    1    1    1    1  1.41970E+14 0.00251 
   36   36    1    1    1    1    1    1    1    1  9.83005E+13 0.00185 
   37   37    1    1    1    1    1    1    1    1  3.06971E+13 0.00238 
   38   38    1    1    1    1    1    1    1    1  1.69746E+14 0.00173 
   39   39    1    1    1    1    1    1    1    1  2.29170E+14 0.00207 
   40   40    1    1    1    1    1    1    1    1  3.91568E+14 0.00187 
   41   41    1    1    1    1    1    1    1    1  4.03883E+14 0.00215 
   42   42    1    1    1    1    1    1    1    1  8.55070E+14 0.00180 
   43   43    1    1    1    1    1    1    1    1  1.03917E+15 0.00164 
   44   44    1    1    1    1    1    1    1    1  1.50785E+15 0.00142 
   45   45    1    1    1    1    1    1    1    1  2.97920E+15 0.00125 
   46   46    1    1    1    1    1    1    1    1  1.40470E+15 0.00135 
   47   47    1    1    1    1    1    1    1    1  2.28486E+15 0.00150 
   48   48    1    1    1    1    1    1    1    1  3.19528E+15 0.00118 
   49   49    1    1    1    1    1    1    1    1  3.18147E+15 0.00119 
   50   50    1    1    1    1    1    1    1    1  4.91516E+15 0.00123 
   51   51    1    1    1    1    1    1    1    1  3.97133E+15 0.00127 
   52   52    1    1    1    1    1    1    1    1  4.66972E+15 0.00117 
   53   53    1    1    1    1    1    1    1    1  3.25435E+15 0.00118 
   54   54    1    1    1    1    1    1    1    1  3.93038E+15 0.00111 
   55   55    1    1    1    1    1    1    1    1  2.71236E+15 0.00102 
   56   56    1    1    1    1    1    1    1    1  3.70389E+14 0.00131 
   57   57    1    1    1    1    1    1    1    1  5.40247E+15 0.00103 
   58   58    1    1    1    1    1    1    1    1  2.36852E+15 0.00107 
   59   59    1    1    1    1    1    1    1    1  2.52855E+15 0.00125 
   60   60    1    1    1    1    1    1    1    1  1.94421E+15 0.00144 
   61   61    1    1    1    1    1    1    1    1  1.95596E+15 0.00143 
   62   62    1    1    1    1    1    1    1    1  2.03351E+15 0.00132 
   63   63    1    1    1    1    1    1    1    1  1.70681E+15 0.00104 
   64   64    1    1    1    1    1    1    1    1  1.35670E+15 0.00120 
   65   65    1    1    1    1    1    1    1    1  1.34669E+15 0.00117 
   66   66    1    1    1    1    1    1    1    1  9.68737E+14 0.00133 
   67   67    1    1    1    1    1    1    1    1  7.92939E+14 0.00136 
   68   68    1    1    1    1    1    1    1    1  7.13719E+14 0.00142 
   69   69    1    1    1    1    1    1    1    1  8.57524E+14 0.00165 
   70   70    1    1    1    1    1    1    1    1  7.31304E+14 0.00135 
   71   71    1    1    1    1    1    1    1    1  1.34261E+15 0.00149 
   72   72    1    1    1    1    1    1    1    1  9.51043E+14 0.00191 
   73   73    1    1    1    1    1    1    1    1  7.12427E+14 0.00162 
   74   74    1    1    1    1    1    1    1    1  5.68198E+14 0.00142 
   75   75    1    1    1    1    1    1    1    1  4.67366E+14 0.00239 
   76   76    1    1    1    1    1    1    1    1  5.36310E+14 0.00168 
   77   77    1    1    1    1    1    1    1    1  4.19655E+14 0.00211 
   78   78    1    1    1    1    1    1    1    1  3.32045E+14 0.00206 
   79   79    1    1    1    1    1    1    1    1  3.40724E+14 0.00168 
   80   80    1    1    1    1    1    1    1    1  2.51542E+14 0.00225 
   81   81    1    1    1    1    1    1    1    1  1.93149E+14 0.00209 
   82   82    1    1    1    1    1    1    1    1  1.48265E+14 0.00225 
   83   83    1    1    1    1    1    1    1    1  1.38424E+14 0.00267 
   84   84    1    1    1    1    1    1    1    1  9.96526E+13 0.00367 
   85   85    1    1    1    1    1    1    1    1  7.23983E+13 0.00338 
   86   86    1    1    1    1    1    1    1    1  6.68514E+13 0.00297 
   87   87    1    1    1    1    1    1    1    1  4.15674E+13 0.00407 
   88   88    1    1    1    1    1    1    1    1  2.79779E+13 0.00481 
   89   89    1    1    1    1    1    1    1    1  1.60614E+13 0.00718 
   90   90    1    1    1    1    1    1    1    1  1.07973E+13 0.01174 
   91   91    1    1    1    1    1    1    1    1  5.57592E+12 0.01654 
   92   92    1    1    1    1    1    1    1    1  2.68819E+12 0.02070 
   93   93    1    1    1    1    1    1    1    1  1.30791E+12 0.02562 
   94   94    1    1    1    1    1    1    1    1  6.07104E+11 0.03996 
   95   95    1    1    1    1    1    1    1    1  3.14306E+11 0.04517 
   96   96    1    1    1    1    1    1    1    1  1.44501E+11 0.08175 
   97   97    1    1    1    1    1    1    1    1  6.96659E+10 0.10507 
   98   98    1    1    1    1    1    1    1    1  2.84942E+10 0.17738 
   99   99    1    1    1    1    1    1    1    1  8.54680E+09 0.26857 
  100  100    1    1    1    1    1    1    1    1  9.06643E+09 0.24492 
];


