
DETdpaspec = [
    1    1    1    1    1    1    1    1    1    1  0.00000E+00 0.00000 
    2    2    1    1    1    1    1    1    1    1  0.00000E+00 0.00000 
    3    3    1    1    1    1    1    1    1    1  0.00000E+00 0.00000 
    4    4    1    1    1    1    1    1    1    1  0.00000E+00 0.00000 
    5    5    1    1    1    1    1    1    1    1  0.00000E+00 0.00000 
    6    6    1    1    1    1    1    1    1    1  0.00000E+00 0.00000 
    7    7    1    1    1    1    1    1    1    1  0.00000E+00 0.00000 
    8    8    1    1    1    1    1    1    1    1  0.00000E+00 0.00000 
    9    9    1    1    1    1    1    1    1    1  3.84411E+07 0.55134 
   10   10    1    1    1    1    1    1    1    1  0.00000E+00 0.00000 
   11   11    1    1    1    1    1    1    1    1  4.76242E+07 1.00000 
   12   12    1    1    1    1    1    1    1    1  4.63421E+07 0.68892 
   13   13    1    1    1    1    1    1    1    1  7.84509E+08 0.71785 
   14   14    1    1    1    1    1    1    1    1  2.05753E+09 0.50117 
   15   15    1    1    1    1    1    1    1    1  6.21512E+08 0.39973 
   16   16    1    1    1    1    1    1    1    1  1.90033E+09 0.31049 
   17   17    1    1    1    1    1    1    1    1  2.12053E+09 0.28182 
   18   18    1    1    1    1    1    1    1    1  1.05373E+10 0.26198 
   19   19    1    1    1    1    1    1    1    1  6.30630E+09 0.24454 
   20   20    1    1    1    1    1    1    1    1  2.12910E+10 0.14032 
   21   21    1    1    1    1    1    1    1    1  1.55619E+10 0.19662 
   22   22    1    1    1    1    1    1    1    1  5.67498E+10 0.09375 
   23   23    1    1    1    1    1    1    1    1  6.65529E+10 0.09933 
   24   24    1    1    1    1    1    1    1    1  1.09684E+11 0.06223 
   25   25    1    1    1    1    1    1    1    1  1.38326E+11 0.05739 
   26   26    1    1    1    1    1    1    1    1  2.05592E+11 0.04705 
   27   27    1    1    1    1    1    1    1    1  3.83901E+11 0.03404 
   28   28    1    1    1    1    1    1    1    1  6.47540E+11 0.03369 
   29   29    1    1    1    1    1    1    1    1  8.56902E+11 0.02737 
   30   30    1    1    1    1    1    1    1    1  2.76456E+12 0.02299 
   31   31    1    1    1    1    1    1    1    1  8.65487E+12 0.01135 
   32   32    1    1    1    1    1    1    1    1  1.62624E+13 0.00631 
   33   33    1    1    1    1    1    1    1    1  3.62248E+13 0.00624 
   34   34    1    1    1    1    1    1    1    1  4.80398E+13 0.00474 
   35   35    1    1    1    1    1    1    1    1  6.95963E+13 0.00423 
   36   36    1    1    1    1    1    1    1    1  4.86269E+13 0.00375 
   37   37    1    1    1    1    1    1    1    1  1.54528E+13 0.00421 
   38   38    1    1    1    1    1    1    1    1  8.37396E+13 0.00376 
   39   39    1    1    1    1    1    1    1    1  1.11739E+14 0.00367 
   40   40    1    1    1    1    1    1    1    1  1.86768E+14 0.00337 
   41   41    1    1    1    1    1    1    1    1  1.94922E+14 0.00276 
   42   42    1    1    1    1    1    1    1    1  4.01410E+14 0.00268 
   43   43    1    1    1    1    1    1    1    1  4.80165E+14 0.00285 
   44   44    1    1    1    1    1    1    1    1  6.84304E+14 0.00282 
   45   45    1    1    1    1    1    1    1    1  1.30815E+15 0.00314 
   46   46    1    1    1    1    1    1    1    1  6.14908E+14 0.00290 
   47   47    1    1    1    1    1    1    1    1  9.99599E+14 0.00288 
   48   48    1    1    1    1    1    1    1    1  1.38338E+15 0.00316 
   49   49    1    1    1    1    1    1    1    1  1.37056E+15 0.00300 
   50   50    1    1    1    1    1    1    1    1  2.07119E+15 0.00281 
   51   51    1    1    1    1    1    1    1    1  1.67733E+15 0.00306 
   52   52    1    1    1    1    1    1    1    1  1.92262E+15 0.00306 
   53   53    1    1    1    1    1    1    1    1  1.33584E+15 0.00301 
   54   54    1    1    1    1    1    1    1    1  1.57848E+15 0.00301 
   55   55    1    1    1    1    1    1    1    1  1.09091E+15 0.00317 
   56   56    1    1    1    1    1    1    1    1  1.49274E+14 0.00318 
   57   57    1    1    1    1    1    1    1    1  2.15992E+15 0.00289 
   58   58    1    1    1    1    1    1    1    1  9.24448E+14 0.00286 
   59   59    1    1    1    1    1    1    1    1  9.86560E+14 0.00292 
   60   60    1    1    1    1    1    1    1    1  7.44343E+14 0.00297 
   61   61    1    1    1    1    1    1    1    1  7.49092E+14 0.00285 
   62   62    1    1    1    1    1    1    1    1  7.74826E+14 0.00284 
   63   63    1    1    1    1    1    1    1    1  6.44524E+14 0.00325 
   64   64    1    1    1    1    1    1    1    1  5.11093E+14 0.00306 
   65   65    1    1    1    1    1    1    1    1  5.04254E+14 0.00332 
   66   66    1    1    1    1    1    1    1    1  3.61934E+14 0.00324 
   67   67    1    1    1    1    1    1    1    1  2.97134E+14 0.00404 
   68   68    1    1    1    1    1    1    1    1  2.67540E+14 0.00418 
   69   69    1    1    1    1    1    1    1    1  3.20654E+14 0.00404 
   70   70    1    1    1    1    1    1    1    1  2.73893E+14 0.00405 
   71   71    1    1    1    1    1    1    1    1  5.08047E+14 0.00348 
   72   72    1    1    1    1    1    1    1    1  3.60178E+14 0.00398 
   73   73    1    1    1    1    1    1    1    1  2.69253E+14 0.00396 
   74   74    1    1    1    1    1    1    1    1  2.10657E+14 0.00416 
   75   75    1    1    1    1    1    1    1    1  1.70667E+14 0.00378 
   76   76    1    1    1    1    1    1    1    1  1.94312E+14 0.00377 
   77   77    1    1    1    1    1    1    1    1  1.49479E+14 0.00416 
   78   78    1    1    1    1    1    1    1    1  1.17279E+14 0.00377 
   79   79    1    1    1    1    1    1    1    1  1.19232E+14 0.00413 
   80   80    1    1    1    1    1    1    1    1  8.78350E+13 0.00464 
   81   81    1    1    1    1    1    1    1    1  6.74968E+13 0.00359 
   82   82    1    1    1    1    1    1    1    1  5.14229E+13 0.00542 
   83   83    1    1    1    1    1    1    1    1  4.82550E+13 0.00387 
   84   84    1    1    1    1    1    1    1    1  3.43496E+13 0.00525 
   85   85    1    1    1    1    1    1    1    1  2.48582E+13 0.00558 
   86   86    1    1    1    1    1    1    1    1  2.32672E+13 0.00625 
   87   87    1    1    1    1    1    1    1    1  1.44952E+13 0.00563 
   88   88    1    1    1    1    1    1    1    1  9.84222E+12 0.01034 
   89   89    1    1    1    1    1    1    1    1  5.70148E+12 0.00948 
   90   90    1    1    1    1    1    1    1    1  3.75831E+12 0.01730 
   91   91    1    1    1    1    1    1    1    1  1.92789E+12 0.02027 
   92   92    1    1    1    1    1    1    1    1  8.85450E+11 0.03584 
   93   93    1    1    1    1    1    1    1    1  4.09544E+11 0.04613 
   94   94    1    1    1    1    1    1    1    1  2.21947E+11 0.06574 
   95   95    1    1    1    1    1    1    1    1  8.42438E+10 0.09165 
   96   96    1    1    1    1    1    1    1    1  5.12107E+10 0.15607 
   97   97    1    1    1    1    1    1    1    1  2.33824E+10 0.14718 
   98   98    1    1    1    1    1    1    1    1  1.21130E+10 0.28161 
   99   99    1    1    1    1    1    1    1    1  2.23456E+09 0.42606 
  100  100    1    1    1    1    1    1    1    1  4.45523E+09 0.30296 
];


