
DETdpaspec = [
    1    1    1    1    1    1    1    1    1    1  0.00000E+00 0.00000 
    2    2    1    1    1    1    1    1    1    1  0.00000E+00 0.00000 
    3    3    1    1    1    1    1    1    1    1  0.00000E+00 0.00000 
    4    4    1    1    1    1    1    1    1    1  0.00000E+00 0.00000 
    5    5    1    1    1    1    1    1    1    1  0.00000E+00 0.00000 
    6    6    1    1    1    1    1    1    1    1  0.00000E+00 0.00000 
    7    7    1    1    1    1    1    1    1    1  6.28268E+07 1.00000 
    8    8    1    1    1    1    1    1    1    1  0.00000E+00 0.00000 
    9    9    1    1    1    1    1    1    1    1  0.00000E+00 0.00000 
   10   10    1    1    1    1    1    1    1    1  0.00000E+00 0.00000 
   11   11    1    1    1    1    1    1    1    1  1.89229E+08 0.68825 
   12   12    1    1    1    1    1    1    1    1  4.17181E+08 0.62173 
   13   13    1    1    1    1    1    1    1    1  3.82537E+09 0.46512 
   14   14    1    1    1    1    1    1    1    1  5.03098E+09 0.38581 
   15   15    1    1    1    1    1    1    1    1  1.13744E+10 0.37153 
   16   16    1    1    1    1    1    1    1    1  3.20497E+09 0.35976 
   17   17    1    1    1    1    1    1    1    1  3.38864E+09 0.44588 
   18   18    1    1    1    1    1    1    1    1  5.84533E+09 0.27662 
   19   19    1    1    1    1    1    1    1    1  9.88731E+09 0.22899 
   20   20    1    1    1    1    1    1    1    1  4.02613E+10 0.15997 
   21   21    1    1    1    1    1    1    1    1  3.43950E+10 0.14899 
   22   22    1    1    1    1    1    1    1    1  5.93672E+10 0.09686 
   23   23    1    1    1    1    1    1    1    1  1.06029E+11 0.06896 
   24   24    1    1    1    1    1    1    1    1  1.75183E+11 0.07733 
   25   25    1    1    1    1    1    1    1    1  2.47747E+11 0.06227 
   26   26    1    1    1    1    1    1    1    1  4.99858E+11 0.03824 
   27   27    1    1    1    1    1    1    1    1  1.10916E+12 0.02285 
   28   28    1    1    1    1    1    1    1    1  2.77562E+12 0.01505 
   29   29    1    1    1    1    1    1    1    1  5.08787E+12 0.01402 
   30   30    1    1    1    1    1    1    1    1  1.28581E+13 0.00969 
   31   31    1    1    1    1    1    1    1    1  3.67487E+13 0.00533 
   32   32    1    1    1    1    1    1    1    1  6.51017E+13 0.00341 
   33   33    1    1    1    1    1    1    1    1  1.52272E+14 0.00253 
   34   34    1    1    1    1    1    1    1    1  2.10641E+14 0.00231 
   35   35    1    1    1    1    1    1    1    1  2.48292E+14 0.00184 
   36   36    1    1    1    1    1    1    1    1  1.59704E+14 0.00150 
   37   37    1    1    1    1    1    1    1    1  4.76785E+13 0.00148 
   38   38    1    1    1    1    1    1    1    1  2.72866E+14 0.00158 
   39   39    1    1    1    1    1    1    1    1  3.68775E+14 0.00131 
   40   40    1    1    1    1    1    1    1    1  6.35855E+14 0.00119 
   41   41    1    1    1    1    1    1    1    1  6.30542E+14 0.00107 
   42   42    1    1    1    1    1    1    1    1  1.36664E+15 0.00104 
   43   43    1    1    1    1    1    1    1    1  1.65930E+15 0.00078 
   44   44    1    1    1    1    1    1    1    1  2.40554E+15 0.00067 
   45   45    1    1    1    1    1    1    1    1  4.82154E+15 0.00084 
   46   46    1    1    1    1    1    1    1    1  2.21680E+15 0.00098 
   47   47    1    1    1    1    1    1    1    1  3.55455E+15 0.00082 
   48   48    1    1    1    1    1    1    1    1  4.95072E+15 0.00069 
   49   49    1    1    1    1    1    1    1    1  4.88057E+15 0.00060 
   50   50    1    1    1    1    1    1    1    1  7.67463E+15 0.00059 
   51   51    1    1    1    1    1    1    1    1  6.03374E+15 0.00065 
   52   52    1    1    1    1    1    1    1    1  7.26717E+15 0.00060 
   53   53    1    1    1    1    1    1    1    1  5.02416E+15 0.00064 
   54   54    1    1    1    1    1    1    1    1  6.22882E+15 0.00062 
   55   55    1    1    1    1    1    1    1    1  4.27082E+15 0.00064 
   56   56    1    1    1    1    1    1    1    1  5.78829E+14 0.00080 
   57   57    1    1    1    1    1    1    1    1  8.47658E+15 0.00059 
   58   58    1    1    1    1    1    1    1    1  3.84569E+15 0.00065 
   59   59    1    1    1    1    1    1    1    1  4.06563E+15 0.00068 
   60   60    1    1    1    1    1    1    1    1  3.19721E+15 0.00081 
   61   61    1    1    1    1    1    1    1    1  3.19881E+15 0.00074 
   62   62    1    1    1    1    1    1    1    1  3.33781E+15 0.00077 
   63   63    1    1    1    1    1    1    1    1  2.81760E+15 0.00064 
   64   64    1    1    1    1    1    1    1    1  2.24123E+15 0.00103 
   65   65    1    1    1    1    1    1    1    1  2.22529E+15 0.00089 
   66   66    1    1    1    1    1    1    1    1  1.60194E+15 0.00094 
   67   67    1    1    1    1    1    1    1    1  1.29995E+15 0.00105 
   68   68    1    1    1    1    1    1    1    1  1.16511E+15 0.00128 
   69   69    1    1    1    1    1    1    1    1  1.39536E+15 0.00097 
   70   70    1    1    1    1    1    1    1    1  1.18457E+15 0.00105 
   71   71    1    1    1    1    1    1    1    1  2.13278E+15 0.00081 
   72   72    1    1    1    1    1    1    1    1  1.50036E+15 0.00088 
   73   73    1    1    1    1    1    1    1    1  1.13319E+15 0.00097 
   74   74    1    1    1    1    1    1    1    1  9.17309E+14 0.00109 
   75   75    1    1    1    1    1    1    1    1  7.68339E+14 0.00136 
   76   76    1    1    1    1    1    1    1    1  8.98664E+14 0.00141 
   77   77    1    1    1    1    1    1    1    1  7.16531E+14 0.00098 
   78   78    1    1    1    1    1    1    1    1  5.74187E+14 0.00155 
   79   79    1    1    1    1    1    1    1    1  5.95770E+14 0.00138 
   80   80    1    1    1    1    1    1    1    1  4.42384E+14 0.00151 
   81   81    1    1    1    1    1    1    1    1  3.42970E+14 0.00161 
   82   82    1    1    1    1    1    1    1    1  2.62523E+14 0.00193 
   83   83    1    1    1    1    1    1    1    1  2.45620E+14 0.00218 
   84   84    1    1    1    1    1    1    1    1  1.76171E+14 0.00149 
   85   85    1    1    1    1    1    1    1    1  1.27562E+14 0.00285 
   86   86    1    1    1    1    1    1    1    1  1.19698E+14 0.00262 
   87   87    1    1    1    1    1    1    1    1  7.33614E+13 0.00308 
   88   88    1    1    1    1    1    1    1    1  4.90992E+13 0.00371 
   89   89    1    1    1    1    1    1    1    1  2.82049E+13 0.00563 
   90   90    1    1    1    1    1    1    1    1  1.84965E+13 0.00539 
   91   91    1    1    1    1    1    1    1    1  9.38291E+12 0.01132 
   92   92    1    1    1    1    1    1    1    1  4.50843E+12 0.01420 
   93   93    1    1    1    1    1    1    1    1  2.19800E+12 0.01663 
   94   94    1    1    1    1    1    1    1    1  1.03611E+12 0.02900 
   95   95    1    1    1    1    1    1    1    1  5.25810E+11 0.03778 
   96   96    1    1    1    1    1    1    1    1  2.29499E+11 0.07500 
   97   97    1    1    1    1    1    1    1    1  1.15764E+11 0.07132 
   98   98    1    1    1    1    1    1    1    1  5.50460E+10 0.11068 
   99   99    1    1    1    1    1    1    1    1  2.99822E+10 0.17526 
  100  100    1    1    1    1    1    1    1    1  2.71427E+10 0.18586 
];


