
DETdpaspec = [
    1    1    1    1    1    1    1    1    1    1  0.00000E+00 0.00000 
    2    2    1    1    1    1    1    1    1    1  0.00000E+00 0.00000 
    3    3    1    1    1    1    1    1    1    1  0.00000E+00 0.00000 
    4    4    1    1    1    1    1    1    1    1  0.00000E+00 0.00000 
    5    5    1    1    1    1    1    1    1    1  0.00000E+00 0.00000 
    6    6    1    1    1    1    1    1    1    1  0.00000E+00 0.00000 
    7    7    1    1    1    1    1    1    1    1  0.00000E+00 0.00000 
    8    8    1    1    1    1    1    1    1    1  0.00000E+00 0.00000 
    9    9    1    1    1    1    1    1    1    1  0.00000E+00 0.00000 
   10   10    1    1    1    1    1    1    1    1  5.56661E+07 1.00000 
   11   11    1    1    1    1    1    1    1    1  0.00000E+00 0.00000 
   12   12    1    1    1    1    1    1    1    1  1.24837E+08 0.54361 
   13   13    1    1    1    1    1    1    1    1  3.68882E+08 0.77271 
   14   14    1    1    1    1    1    1    1    1  6.70664E+08 0.45008 
   15   15    1    1    1    1    1    1    1    1  2.86032E+09 0.33403 
   16   16    1    1    1    1    1    1    1    1  5.84705E+08 0.51570 
   17   17    1    1    1    1    1    1    1    1  1.75824E+09 0.27645 
   18   18    1    1    1    1    1    1    1    1  4.96404E+09 0.22906 
   19   19    1    1    1    1    1    1    1    1  9.25032E+09 0.20561 
   20   20    1    1    1    1    1    1    1    1  2.50074E+10 0.15264 
   21   21    1    1    1    1    1    1    1    1  1.40878E+10 0.13853 
   22   22    1    1    1    1    1    1    1    1  4.94720E+10 0.10820 
   23   23    1    1    1    1    1    1    1    1  7.17786E+10 0.07322 
   24   24    1    1    1    1    1    1    1    1  1.09000E+11 0.05677 
   25   25    1    1    1    1    1    1    1    1  1.32165E+11 0.06854 
   26   26    1    1    1    1    1    1    1    1  1.90536E+11 0.05414 
   27   27    1    1    1    1    1    1    1    1  3.42695E+11 0.03865 
   28   28    1    1    1    1    1    1    1    1  5.98418E+11 0.03028 
   29   29    1    1    1    1    1    1    1    1  8.50191E+11 0.03069 
   30   30    1    1    1    1    1    1    1    1  2.71183E+12 0.02067 
   31   31    1    1    1    1    1    1    1    1  8.29605E+12 0.01588 
   32   32    1    1    1    1    1    1    1    1  1.55160E+13 0.00847 
   33   33    1    1    1    1    1    1    1    1  3.41069E+13 0.00641 
   34   34    1    1    1    1    1    1    1    1  4.51820E+13 0.00496 
   35   35    1    1    1    1    1    1    1    1  6.51535E+13 0.00398 
   36   36    1    1    1    1    1    1    1    1  4.56382E+13 0.00387 
   37   37    1    1    1    1    1    1    1    1  1.45348E+13 0.00328 
   38   38    1    1    1    1    1    1    1    1  7.82902E+13 0.00372 
   39   39    1    1    1    1    1    1    1    1  1.04990E+14 0.00318 
   40   40    1    1    1    1    1    1    1    1  1.74668E+14 0.00187 
   41   41    1    1    1    1    1    1    1    1  1.82421E+14 0.00250 
   42   42    1    1    1    1    1    1    1    1  3.74067E+14 0.00168 
   43   43    1    1    1    1    1    1    1    1  4.47150E+14 0.00148 
   44   44    1    1    1    1    1    1    1    1  6.36819E+14 0.00176 
   45   45    1    1    1    1    1    1    1    1  1.21225E+15 0.00214 
   46   46    1    1    1    1    1    1    1    1  5.70692E+14 0.00230 
   47   47    1    1    1    1    1    1    1    1  9.25880E+14 0.00214 
   48   48    1    1    1    1    1    1    1    1  1.27602E+15 0.00228 
   49   49    1    1    1    1    1    1    1    1  1.26511E+15 0.00250 
   50   50    1    1    1    1    1    1    1    1  1.91201E+15 0.00220 
   51   51    1    1    1    1    1    1    1    1  1.54431E+15 0.00237 
   52   52    1    1    1    1    1    1    1    1  1.76953E+15 0.00251 
   53   53    1    1    1    1    1    1    1    1  1.23044E+15 0.00243 
   54   54    1    1    1    1    1    1    1    1  1.45317E+15 0.00255 
   55   55    1    1    1    1    1    1    1    1  1.00353E+15 0.00230 
   56   56    1    1    1    1    1    1    1    1  1.37931E+14 0.00250 
   57   57    1    1    1    1    1    1    1    1  1.99045E+15 0.00241 
   58   58    1    1    1    1    1    1    1    1  8.49511E+14 0.00256 
   59   59    1    1    1    1    1    1    1    1  9.06722E+14 0.00293 
   60   60    1    1    1    1    1    1    1    1  6.83335E+14 0.00269 
   61   61    1    1    1    1    1    1    1    1  6.88400E+14 0.00283 
   62   62    1    1    1    1    1    1    1    1  7.11871E+14 0.00300 
   63   63    1    1    1    1    1    1    1    1  5.91421E+14 0.00292 
   64   64    1    1    1    1    1    1    1    1  4.69721E+14 0.00350 
   65   65    1    1    1    1    1    1    1    1  4.63083E+14 0.00297 
   66   66    1    1    1    1    1    1    1    1  3.31874E+14 0.00304 
   67   67    1    1    1    1    1    1    1    1  2.72527E+14 0.00324 
   68   68    1    1    1    1    1    1    1    1  2.46712E+14 0.00294 
   69   69    1    1    1    1    1    1    1    1  2.94975E+14 0.00202 
   70   70    1    1    1    1    1    1    1    1  2.50684E+14 0.00344 
   71   71    1    1    1    1    1    1    1    1  4.66398E+14 0.00370 
   72   72    1    1    1    1    1    1    1    1  3.30302E+14 0.00316 
   73   73    1    1    1    1    1    1    1    1  2.46940E+14 0.00295 
   74   74    1    1    1    1    1    1    1    1  1.93579E+14 0.00339 
   75   75    1    1    1    1    1    1    1    1  1.56924E+14 0.00441 
   76   76    1    1    1    1    1    1    1    1  1.76730E+14 0.00407 
   77   77    1    1    1    1    1    1    1    1  1.36843E+14 0.00357 
   78   78    1    1    1    1    1    1    1    1  1.07375E+14 0.00358 
   79   79    1    1    1    1    1    1    1    1  1.08913E+14 0.00307 
   80   80    1    1    1    1    1    1    1    1  8.05096E+13 0.00473 
   81   81    1    1    1    1    1    1    1    1  6.15292E+13 0.00556 
   82   82    1    1    1    1    1    1    1    1  4.69226E+13 0.00557 
   83   83    1    1    1    1    1    1    1    1  4.38304E+13 0.00592 
   84   84    1    1    1    1    1    1    1    1  3.14975E+13 0.00750 
   85   85    1    1    1    1    1    1    1    1  2.25721E+13 0.00797 
   86   86    1    1    1    1    1    1    1    1  2.12068E+13 0.00770 
   87   87    1    1    1    1    1    1    1    1  1.31954E+13 0.00713 
   88   88    1    1    1    1    1    1    1    1  8.89582E+12 0.00838 
   89   89    1    1    1    1    1    1    1    1  5.13980E+12 0.01245 
   90   90    1    1    1    1    1    1    1    1  3.39189E+12 0.01189 
   91   91    1    1    1    1    1    1    1    1  1.75454E+12 0.01843 
   92   92    1    1    1    1    1    1    1    1  8.80102E+11 0.02754 
   93   93    1    1    1    1    1    1    1    1  4.14130E+11 0.04830 
   94   94    1    1    1    1    1    1    1    1  2.15978E+11 0.05886 
   95   95    1    1    1    1    1    1    1    1  9.21604E+10 0.07113 
   96   96    1    1    1    1    1    1    1    1  4.32445E+10 0.15972 
   97   97    1    1    1    1    1    1    1    1  1.86809E+10 0.17233 
   98   98    1    1    1    1    1    1    1    1  1.25588E+10 0.35646 
   99   99    1    1    1    1    1    1    1    1  1.84340E+09 0.64112 
  100  100    1    1    1    1    1    1    1    1  6.41240E+09 0.38431 
];


