
DETdpaspec = [
    1    1    1    1    1    1    1    1    1    1  0.00000E+00 0.00000 
    2    2    1    1    1    1    1    1    1    1  0.00000E+00 0.00000 
    3    3    1    1    1    1    1    1    1    1  0.00000E+00 0.00000 
    4    4    1    1    1    1    1    1    1    1  0.00000E+00 0.00000 
    5    5    1    1    1    1    1    1    1    1  0.00000E+00 0.00000 
    6    6    1    1    1    1    1    1    1    1  0.00000E+00 0.00000 
    7    7    1    1    1    1    1    1    1    1  0.00000E+00 0.00000 
    8    8    1    1    1    1    1    1    1    1  0.00000E+00 0.00000 
    9    9    1    1    1    1    1    1    1    1  1.30231E+07 1.00000 
   10   10    1    1    1    1    1    1    1    1  7.79155E+07 1.00000 
   11   11    1    1    1    1    1    1    1    1  3.21294E+08 0.68828 
   12   12    1    1    1    1    1    1    1    1  2.12064E+08 0.71427 
   13   13    1    1    1    1    1    1    1    1  1.46195E+09 0.66287 
   14   14    1    1    1    1    1    1    1    1  3.59955E+09 0.59637 
   15   15    1    1    1    1    1    1    1    1  5.56952E+09 0.36931 
   16   16    1    1    1    1    1    1    1    1  3.99506E+09 0.41739 
   17   17    1    1    1    1    1    1    1    1  6.00994E+09 0.31297 
   18   18    1    1    1    1    1    1    1    1  9.08436E+09 0.33348 
   19   19    1    1    1    1    1    1    1    1  1.26173E+10 0.19950 
   20   20    1    1    1    1    1    1    1    1  2.66997E+10 0.13368 
   21   21    1    1    1    1    1    1    1    1  3.14878E+10 0.13418 
   22   22    1    1    1    1    1    1    1    1  6.25705E+10 0.09026 
   23   23    1    1    1    1    1    1    1    1  1.00203E+11 0.10988 
   24   24    1    1    1    1    1    1    1    1  1.92007E+11 0.07668 
   25   25    1    1    1    1    1    1    1    1  2.62237E+11 0.05545 
   26   26    1    1    1    1    1    1    1    1  4.86102E+11 0.03270 
   27   27    1    1    1    1    1    1    1    1  1.10858E+12 0.02445 
   28   28    1    1    1    1    1    1    1    1  2.84232E+12 0.01798 
   29   29    1    1    1    1    1    1    1    1  5.35804E+12 0.01225 
   30   30    1    1    1    1    1    1    1    1  1.34837E+13 0.00907 
   31   31    1    1    1    1    1    1    1    1  3.81736E+13 0.00609 
   32   32    1    1    1    1    1    1    1    1  6.69066E+13 0.00497 
   33   33    1    1    1    1    1    1    1    1  1.55733E+14 0.00293 
   34   34    1    1    1    1    1    1    1    1  2.15409E+14 0.00185 
   35   35    1    1    1    1    1    1    1    1  2.52445E+14 0.00161 
   36   36    1    1    1    1    1    1    1    1  1.62102E+14 0.00153 
   37   37    1    1    1    1    1    1    1    1  4.84002E+13 0.00124 
   38   38    1    1    1    1    1    1    1    1  2.77346E+14 0.00173 
   39   39    1    1    1    1    1    1    1    1  3.73267E+14 0.00171 
   40   40    1    1    1    1    1    1    1    1  6.43265E+14 0.00109 
   41   41    1    1    1    1    1    1    1    1  6.36902E+14 0.00118 
   42   42    1    1    1    1    1    1    1    1  1.38157E+15 0.00100 
   43   43    1    1    1    1    1    1    1    1  1.67743E+15 0.00090 
   44   44    1    1    1    1    1    1    1    1  2.42900E+15 0.00077 
   45   45    1    1    1    1    1    1    1    1  4.86360E+15 0.00062 
   46   46    1    1    1    1    1    1    1    1  2.23041E+15 0.00067 
   47   47    1    1    1    1    1    1    1    1  3.57595E+15 0.00061 
   48   48    1    1    1    1    1    1    1    1  4.97324E+15 0.00058 
   49   49    1    1    1    1    1    1    1    1  4.90791E+15 0.00043 
   50   50    1    1    1    1    1    1    1    1  7.71201E+15 0.00053 
   51   51    1    1    1    1    1    1    1    1  6.05501E+15 0.00063 
   52   52    1    1    1    1    1    1    1    1  7.30000E+15 0.00053 
   53   53    1    1    1    1    1    1    1    1  5.04012E+15 0.00063 
   54   54    1    1    1    1    1    1    1    1  6.24396E+15 0.00067 
   55   55    1    1    1    1    1    1    1    1  4.28232E+15 0.00052 
   56   56    1    1    1    1    1    1    1    1  5.80243E+14 0.00117 
   57   57    1    1    1    1    1    1    1    1  8.49798E+15 0.00059 
   58   58    1    1    1    1    1    1    1    1  3.85397E+15 0.00069 
   59   59    1    1    1    1    1    1    1    1  4.07736E+15 0.00077 
   60   60    1    1    1    1    1    1    1    1  3.20918E+15 0.00078 
   61   61    1    1    1    1    1    1    1    1  3.20773E+15 0.00071 
   62   62    1    1    1    1    1    1    1    1  3.34948E+15 0.00068 
   63   63    1    1    1    1    1    1    1    1  2.82543E+15 0.00074 
   64   64    1    1    1    1    1    1    1    1  2.24468E+15 0.00082 
   65   65    1    1    1    1    1    1    1    1  2.23076E+15 0.00101 
   66   66    1    1    1    1    1    1    1    1  1.60578E+15 0.00097 
   67   67    1    1    1    1    1    1    1    1  1.30188E+15 0.00092 
   68   68    1    1    1    1    1    1    1    1  1.16515E+15 0.00090 
   69   69    1    1    1    1    1    1    1    1  1.39491E+15 0.00101 
   70   70    1    1    1    1    1    1    1    1  1.18384E+15 0.00093 
   71   71    1    1    1    1    1    1    1    1  2.13040E+15 0.00082 
   72   72    1    1    1    1    1    1    1    1  1.50248E+15 0.00063 
   73   73    1    1    1    1    1    1    1    1  1.13254E+15 0.00105 
   74   74    1    1    1    1    1    1    1    1  9.17249E+14 0.00097 
   75   75    1    1    1    1    1    1    1    1  7.68095E+14 0.00119 
   76   76    1    1    1    1    1    1    1    1  8.97325E+14 0.00130 
   77   77    1    1    1    1    1    1    1    1  7.15346E+14 0.00121 
   78   78    1    1    1    1    1    1    1    1  5.74462E+14 0.00130 
   79   79    1    1    1    1    1    1    1    1  5.95440E+14 0.00130 
   80   80    1    1    1    1    1    1    1    1  4.43256E+14 0.00190 
   81   81    1    1    1    1    1    1    1    1  3.41261E+14 0.00143 
   82   82    1    1    1    1    1    1    1    1  2.63088E+14 0.00151 
   83   83    1    1    1    1    1    1    1    1  2.46760E+14 0.00242 
   84   84    1    1    1    1    1    1    1    1  1.77477E+14 0.00214 
   85   85    1    1    1    1    1    1    1    1  1.28288E+14 0.00277 
   86   86    1    1    1    1    1    1    1    1  1.19457E+14 0.00251 
   87   87    1    1    1    1    1    1    1    1  7.36676E+13 0.00293 
   88   88    1    1    1    1    1    1    1    1  4.93346E+13 0.00460 
   89   89    1    1    1    1    1    1    1    1  2.82257E+13 0.00542 
   90   90    1    1    1    1    1    1    1    1  1.85875E+13 0.00509 
   91   91    1    1    1    1    1    1    1    1  9.42875E+12 0.00896 
   92   92    1    1    1    1    1    1    1    1  4.57820E+12 0.01369 
   93   93    1    1    1    1    1    1    1    1  2.14584E+12 0.01965 
   94   94    1    1    1    1    1    1    1    1  1.07211E+12 0.03228 
   95   95    1    1    1    1    1    1    1    1  5.04987E+11 0.03348 
   96   96    1    1    1    1    1    1    1    1  2.62761E+11 0.05134 
   97   97    1    1    1    1    1    1    1    1  1.08359E+11 0.09922 
   98   98    1    1    1    1    1    1    1    1  5.07349E+10 0.14592 
   99   99    1    1    1    1    1    1    1    1  2.29207E+10 0.17280 
  100  100    1    1    1    1    1    1    1    1  2.17100E+10 0.14847 
];


