
DETdpaspec = [
    1    1    1    1    1    1    1    1    1    1  0.00000E+00 0.00000 
    2    2    1    1    1    1    1    1    1    1  0.00000E+00 0.00000 
    3    3    1    1    1    1    1    1    1    1  0.00000E+00 0.00000 
    4    4    1    1    1    1    1    1    1    1  0.00000E+00 0.00000 
    5    5    1    1    1    1    1    1    1    1  0.00000E+00 0.00000 
    6    6    1    1    1    1    1    1    1    1  8.85528E+06 1.00000 
    7    7    1    1    1    1    1    1    1    1  0.00000E+00 0.00000 
    8    8    1    1    1    1    1    1    1    1  0.00000E+00 0.00000 
    9    9    1    1    1    1    1    1    1    1  0.00000E+00 0.00000 
   10   10    1    1    1    1    1    1    1    1  5.43813E+07 1.00000 
   11   11    1    1    1    1    1    1    1    1  1.92255E+08 0.76768 
   12   12    1    1    1    1    1    1    1    1  4.90019E+07 0.75656 
   13   13    1    1    1    1    1    1    1    1  1.11070E+09 0.79708 
   14   14    1    1    1    1    1    1    1    1  1.28495E+09 0.41275 
   15   15    1    1    1    1    1    1    1    1  4.32942E+09 0.41940 
   16   16    1    1    1    1    1    1    1    1  1.63647E+09 0.50219 
   17   17    1    1    1    1    1    1    1    1  9.72153E+08 0.38027 
   18   18    1    1    1    1    1    1    1    1  6.83776E+09 0.22598 
   19   19    1    1    1    1    1    1    1    1  6.70382E+09 0.19535 
   20   20    1    1    1    1    1    1    1    1  1.58089E+10 0.23179 
   21   21    1    1    1    1    1    1    1    1  1.62178E+10 0.17422 
   22   22    1    1    1    1    1    1    1    1  4.46332E+10 0.11625 
   23   23    1    1    1    1    1    1    1    1  5.26088E+10 0.08704 
   24   24    1    1    1    1    1    1    1    1  8.42741E+10 0.07196 
   25   25    1    1    1    1    1    1    1    1  1.20076E+11 0.07239 
   26   26    1    1    1    1    1    1    1    1  1.78183E+11 0.05781 
   27   27    1    1    1    1    1    1    1    1  3.19885E+11 0.04538 
   28   28    1    1    1    1    1    1    1    1  5.63290E+11 0.02796 
   29   29    1    1    1    1    1    1    1    1  7.91428E+11 0.01787 
   30   30    1    1    1    1    1    1    1    1  2.55530E+12 0.01796 
   31   31    1    1    1    1    1    1    1    1  7.59060E+12 0.00990 
   32   32    1    1    1    1    1    1    1    1  1.43351E+13 0.00696 
   33   33    1    1    1    1    1    1    1    1  3.11876E+13 0.00521 
   34   34    1    1    1    1    1    1    1    1  4.06805E+13 0.00433 
   35   35    1    1    1    1    1    1    1    1  5.90555E+13 0.00345 
   36   36    1    1    1    1    1    1    1    1  4.14928E+13 0.00364 
   37   37    1    1    1    1    1    1    1    1  1.31866E+13 0.00445 
   38   38    1    1    1    1    1    1    1    1  7.09165E+13 0.00428 
   39   39    1    1    1    1    1    1    1    1  9.43299E+13 0.00334 
   40   40    1    1    1    1    1    1    1    1  1.57205E+14 0.00331 
   41   41    1    1    1    1    1    1    1    1  1.64314E+14 0.00283 
   42   42    1    1    1    1    1    1    1    1  3.36526E+14 0.00300 
   43   43    1    1    1    1    1    1    1    1  4.01192E+14 0.00297 
   44   44    1    1    1    1    1    1    1    1  5.68948E+14 0.00294 
   45   45    1    1    1    1    1    1    1    1  1.08189E+15 0.00295 
   46   46    1    1    1    1    1    1    1    1  5.08192E+14 0.00284 
   47   47    1    1    1    1    1    1    1    1  8.24864E+14 0.00260 
   48   48    1    1    1    1    1    1    1    1  1.13813E+15 0.00286 
   49   49    1    1    1    1    1    1    1    1  1.12663E+15 0.00250 
   50   50    1    1    1    1    1    1    1    1  1.69880E+15 0.00284 
   51   51    1    1    1    1    1    1    1    1  1.37780E+15 0.00307 
   52   52    1    1    1    1    1    1    1    1  1.57190E+15 0.00308 
   53   53    1    1    1    1    1    1    1    1  1.09465E+15 0.00291 
   54   54    1    1    1    1    1    1    1    1  1.28928E+15 0.00287 
   55   55    1    1    1    1    1    1    1    1  8.90299E+14 0.00267 
   56   56    1    1    1    1    1    1    1    1  1.22249E+14 0.00297 
   57   57    1    1    1    1    1    1    1    1  1.76572E+15 0.00253 
   58   58    1    1    1    1    1    1    1    1  7.50432E+14 0.00298 
   59   59    1    1    1    1    1    1    1    1  8.02468E+14 0.00261 
   60   60    1    1    1    1    1    1    1    1  6.04092E+14 0.00266 
   61   61    1    1    1    1    1    1    1    1  6.08797E+14 0.00314 
   62   62    1    1    1    1    1    1    1    1  6.28085E+14 0.00278 
   63   63    1    1    1    1    1    1    1    1  5.21325E+14 0.00313 
   64   64    1    1    1    1    1    1    1    1  4.13780E+14 0.00331 
   65   65    1    1    1    1    1    1    1    1  4.08538E+14 0.00340 
   66   66    1    1    1    1    1    1    1    1  2.92584E+14 0.00320 
   67   67    1    1    1    1    1    1    1    1  2.40797E+14 0.00328 
   68   68    1    1    1    1    1    1    1    1  2.16899E+14 0.00329 
   69   69    1    1    1    1    1    1    1    1  2.59784E+14 0.00349 
   70   70    1    1    1    1    1    1    1    1  2.21750E+14 0.00453 
   71   71    1    1    1    1    1    1    1    1  4.11236E+14 0.00336 
   72   72    1    1    1    1    1    1    1    1  2.90980E+14 0.00310 
   73   73    1    1    1    1    1    1    1    1  2.16777E+14 0.00312 
   74   74    1    1    1    1    1    1    1    1  1.70388E+14 0.00329 
   75   75    1    1    1    1    1    1    1    1  1.37719E+14 0.00372 
   76   76    1    1    1    1    1    1    1    1  1.56045E+14 0.00385 
   77   77    1    1    1    1    1    1    1    1  1.20408E+14 0.00380 
   78   78    1    1    1    1    1    1    1    1  9.41075E+13 0.00428 
   79   79    1    1    1    1    1    1    1    1  9.57987E+13 0.00478 
   80   80    1    1    1    1    1    1    1    1  7.02679E+13 0.00423 
   81   81    1    1    1    1    1    1    1    1  5.35654E+13 0.00436 
   82   82    1    1    1    1    1    1    1    1  4.11971E+13 0.00555 
   83   83    1    1    1    1    1    1    1    1  3.84693E+13 0.00444 
   84   84    1    1    1    1    1    1    1    1  2.78142E+13 0.00513 
   85   85    1    1    1    1    1    1    1    1  1.96983E+13 0.00653 
   86   86    1    1    1    1    1    1    1    1  1.87721E+13 0.00879 
   87   87    1    1    1    1    1    1    1    1  1.16515E+13 0.00788 
   88   88    1    1    1    1    1    1    1    1  7.87598E+12 0.01255 
   89   89    1    1    1    1    1    1    1    1  4.44480E+12 0.01276 
   90   90    1    1    1    1    1    1    1    1  2.92652E+12 0.01868 
   91   91    1    1    1    1    1    1    1    1  1.50325E+12 0.02861 
   92   92    1    1    1    1    1    1    1    1  7.24595E+11 0.03392 
   93   93    1    1    1    1    1    1    1    1  3.35270E+11 0.05888 
   94   94    1    1    1    1    1    1    1    1  1.59175E+11 0.06442 
   95   95    1    1    1    1    1    1    1    1  7.08646E+10 0.09140 
   96   96    1    1    1    1    1    1    1    1  3.99543E+10 0.17569 
   97   97    1    1    1    1    1    1    1    1  2.06333E+10 0.18390 
   98   98    1    1    1    1    1    1    1    1  6.70519E+09 0.35525 
   99   99    1    1    1    1    1    1    1    1  3.74920E+09 0.34116 
  100  100    1    1    1    1    1    1    1    1  4.49699E+09 0.42498 
];


