
DETdpaspec = [
    1    1    1    1    1    1    1    1    1    1  0.00000E+00 0.00000 
    2    2    1    1    1    1    1    1    1    1  0.00000E+00 0.00000 
    3    3    1    1    1    1    1    1    1    1  0.00000E+00 0.00000 
    4    4    1    1    1    1    1    1    1    1  0.00000E+00 0.00000 
    5    5    1    1    1    1    1    1    1    1  0.00000E+00 0.00000 
    6    6    1    1    1    1    1    1    1    1  1.75529E+07 1.00000 
    7    7    1    1    1    1    1    1    1    1  0.00000E+00 0.00000 
    8    8    1    1    1    1    1    1    1    1  2.18075E+07 1.00000 
    9    9    1    1    1    1    1    1    1    1  0.00000E+00 0.00000 
   10   10    1    1    1    1    1    1    1    1  2.02975E+08 0.84085 
   11   11    1    1    1    1    1    1    1    1  1.59713E+08 1.00000 
   12   12    1    1    1    1    1    1    1    1  9.06646E+07 0.67026 
   13   13    1    1    1    1    1    1    1    1  3.51580E+09 0.53898 
   14   14    1    1    1    1    1    1    1    1  8.15538E+09 0.27028 
   15   15    1    1    1    1    1    1    1    1  5.88731E+09 0.32752 
   16   16    1    1    1    1    1    1    1    1  3.20646E+09 0.48427 
   17   17    1    1    1    1    1    1    1    1  2.61115E+09 0.35190 
   18   18    1    1    1    1    1    1    1    1  8.46060E+09 0.23052 
   19   19    1    1    1    1    1    1    1    1  8.67013E+09 0.21289 
   20   20    1    1    1    1    1    1    1    1  4.24316E+10 0.18123 
   21   21    1    1    1    1    1    1    1    1  3.07889E+10 0.10909 
   22   22    1    1    1    1    1    1    1    1  5.74390E+10 0.09788 
   23   23    1    1    1    1    1    1    1    1  8.93130E+10 0.05797 
   24   24    1    1    1    1    1    1    1    1  1.93852E+11 0.06166 
   25   25    1    1    1    1    1    1    1    1  2.52403E+11 0.05712 
   26   26    1    1    1    1    1    1    1    1  4.20766E+11 0.03702 
   27   27    1    1    1    1    1    1    1    1  8.58313E+11 0.03051 
   28   28    1    1    1    1    1    1    1    1  2.08089E+12 0.02148 
   29   29    1    1    1    1    1    1    1    1  3.76707E+12 0.01516 
   30   30    1    1    1    1    1    1    1    1  9.94179E+12 0.01020 
   31   31    1    1    1    1    1    1    1    1  3.02389E+13 0.00547 
   32   32    1    1    1    1    1    1    1    1  5.44199E+13 0.00463 
   33   33    1    1    1    1    1    1    1    1  1.29092E+14 0.00301 
   34   34    1    1    1    1    1    1    1    1  1.80693E+14 0.00227 
   35   35    1    1    1    1    1    1    1    1  2.21551E+14 0.00182 
   36   36    1    1    1    1    1    1    1    1  1.44995E+14 0.00191 
   37   37    1    1    1    1    1    1    1    1  4.37250E+13 0.00180 
   38   38    1    1    1    1    1    1    1    1  2.49374E+14 0.00173 
   39   39    1    1    1    1    1    1    1    1  3.37562E+14 0.00137 
   40   40    1    1    1    1    1    1    1    1  5.84103E+14 0.00128 
   41   41    1    1    1    1    1    1    1    1  5.84534E+14 0.00112 
   42   42    1    1    1    1    1    1    1    1  1.26768E+15 0.00094 
   43   43    1    1    1    1    1    1    1    1  1.54505E+15 0.00101 
   44   44    1    1    1    1    1    1    1    1  2.25012E+15 0.00108 
   45   45    1    1    1    1    1    1    1    1  4.52083E+15 0.00079 
   46   46    1    1    1    1    1    1    1    1  2.09245E+15 0.00072 
   47   47    1    1    1    1    1    1    1    1  3.37077E+15 0.00073 
   48   48    1    1    1    1    1    1    1    1  4.70787E+15 0.00071 
   49   49    1    1    1    1    1    1    1    1  4.66086E+15 0.00070 
   50   50    1    1    1    1    1    1    1    1  7.32548E+15 0.00079 
   51   51    1    1    1    1    1    1    1    1  5.79633E+15 0.00063 
   52   52    1    1    1    1    1    1    1    1  6.97863E+15 0.00070 
   53   53    1    1    1    1    1    1    1    1  4.83683E+15 0.00073 
   54   54    1    1    1    1    1    1    1    1  5.98181E+15 0.00078 
   55   55    1    1    1    1    1    1    1    1  4.11188E+15 0.00076 
   56   56    1    1    1    1    1    1    1    1  5.57065E+14 0.00097 
   57   57    1    1    1    1    1    1    1    1  8.17942E+15 0.00054 
   58   58    1    1    1    1    1    1    1    1  3.69490E+15 0.00066 
   59   59    1    1    1    1    1    1    1    1  3.91667E+15 0.00072 
   60   60    1    1    1    1    1    1    1    1  3.07675E+15 0.00075 
   61   61    1    1    1    1    1    1    1    1  3.07703E+15 0.00083 
   62   62    1    1    1    1    1    1    1    1  3.21624E+15 0.00073 
   63   63    1    1    1    1    1    1    1    1  2.71188E+15 0.00075 
   64   64    1    1    1    1    1    1    1    1  2.15758E+15 0.00091 
   65   65    1    1    1    1    1    1    1    1  2.14654E+15 0.00083 
   66   66    1    1    1    1    1    1    1    1  1.54600E+15 0.00083 
   67   67    1    1    1    1    1    1    1    1  1.25689E+15 0.00119 
   68   68    1    1    1    1    1    1    1    1  1.12567E+15 0.00107 
   69   69    1    1    1    1    1    1    1    1  1.34948E+15 0.00155 
   70   70    1    1    1    1    1    1    1    1  1.14880E+15 0.00115 
   71   71    1    1    1    1    1    1    1    1  2.07574E+15 0.00086 
   72   72    1    1    1    1    1    1    1    1  1.46355E+15 0.00108 
   73   73    1    1    1    1    1    1    1    1  1.10374E+15 0.00124 
   74   74    1    1    1    1    1    1    1    1  8.92647E+14 0.00136 
   75   75    1    1    1    1    1    1    1    1  7.45356E+14 0.00168 
   76   76    1    1    1    1    1    1    1    1  8.69657E+14 0.00106 
   77   77    1    1    1    1    1    1    1    1  6.92172E+14 0.00164 
   78   78    1    1    1    1    1    1    1    1  5.55335E+14 0.00128 
   79   79    1    1    1    1    1    1    1    1  5.72914E+14 0.00107 
   80   80    1    1    1    1    1    1    1    1  4.25563E+14 0.00125 
   81   81    1    1    1    1    1    1    1    1  3.28213E+14 0.00141 
   82   82    1    1    1    1    1    1    1    1  2.52494E+14 0.00189 
   83   83    1    1    1    1    1    1    1    1  2.36705E+14 0.00190 
   84   84    1    1    1    1    1    1    1    1  1.70807E+14 0.00256 
   85   85    1    1    1    1    1    1    1    1  1.22821E+14 0.00246 
   86   86    1    1    1    1    1    1    1    1  1.14981E+14 0.00325 
   87   87    1    1    1    1    1    1    1    1  7.03631E+13 0.00322 
   88   88    1    1    1    1    1    1    1    1  4.76863E+13 0.00592 
   89   89    1    1    1    1    1    1    1    1  2.73118E+13 0.00656 
   90   90    1    1    1    1    1    1    1    1  1.81105E+13 0.00623 
   91   91    1    1    1    1    1    1    1    1  8.97647E+12 0.00879 
   92   92    1    1    1    1    1    1    1    1  4.33735E+12 0.01559 
   93   93    1    1    1    1    1    1    1    1  2.17226E+12 0.02357 
   94   94    1    1    1    1    1    1    1    1  1.04649E+12 0.03028 
   95   95    1    1    1    1    1    1    1    1  4.79225E+11 0.03495 
   96   96    1    1    1    1    1    1    1    1  2.41026E+11 0.06077 
   97   97    1    1    1    1    1    1    1    1  1.08570E+11 0.08156 
   98   98    1    1    1    1    1    1    1    1  6.32543E+10 0.14139 
   99   99    1    1    1    1    1    1    1    1  2.36219E+10 0.20717 
  100  100    1    1    1    1    1    1    1    1  2.73915E+10 0.14666 
];


