
DETdpaspec = [
    1    1    1    1    1    1    1    1    1    1  0.00000E+00 0.00000 
    2    2    1    1    1    1    1    1    1    1  0.00000E+00 0.00000 
    3    3    1    1    1    1    1    1    1    1  0.00000E+00 0.00000 
    4    4    1    1    1    1    1    1    1    1  1.11660E+07 1.00000 
    5    5    1    1    1    1    1    1    1    1  0.00000E+00 0.00000 
    6    6    1    1    1    1    1    1    1    1  0.00000E+00 0.00000 
    7    7    1    1    1    1    1    1    1    1  3.74854E+07 0.69465 
    8    8    1    1    1    1    1    1    1    1  0.00000E+00 0.00000 
    9    9    1    1    1    1    1    1    1    1  6.44582E+07 0.85357 
   10   10    1    1    1    1    1    1    1    1  5.26511E+07 1.00000 
   11   11    1    1    1    1    1    1    1    1  1.07003E+08 0.68831 
   12   12    1    1    1    1    1    1    1    1  3.20739E+07 1.00000 
   13   13    1    1    1    1    1    1    1    1  2.32656E+09 0.44715 
   14   14    1    1    1    1    1    1    1    1  4.41989E+09 0.45048 
   15   15    1    1    1    1    1    1    1    1  4.95725E+09 0.36224 
   16   16    1    1    1    1    1    1    1    1  1.84558E+09 0.29079 
   17   17    1    1    1    1    1    1    1    1  4.23482E+09 0.29800 
   18   18    1    1    1    1    1    1    1    1  7.41323E+09 0.27424 
   19   19    1    1    1    1    1    1    1    1  1.24870E+10 0.16359 
   20   20    1    1    1    1    1    1    1    1  4.08671E+10 0.17384 
   21   21    1    1    1    1    1    1    1    1  3.12676E+10 0.11423 
   22   22    1    1    1    1    1    1    1    1  7.04560E+10 0.09025 
   23   23    1    1    1    1    1    1    1    1  8.80243E+10 0.08128 
   24   24    1    1    1    1    1    1    1    1  1.49940E+11 0.06225 
   25   25    1    1    1    1    1    1    1    1  1.89278E+11 0.05874 
   26   26    1    1    1    1    1    1    1    1  3.00334E+11 0.04465 
   27   27    1    1    1    1    1    1    1    1  5.16488E+11 0.04084 
   28   28    1    1    1    1    1    1    1    1  9.45844E+11 0.02157 
   29   29    1    1    1    1    1    1    1    1  1.35835E+12 0.02267 
   30   30    1    1    1    1    1    1    1    1  4.25491E+12 0.01347 
   31   31    1    1    1    1    1    1    1    1  1.32145E+13 0.00873 
   32   32    1    1    1    1    1    1    1    1  2.53709E+13 0.00706 
   33   33    1    1    1    1    1    1    1    1  5.85890E+13 0.00371 
   34   34    1    1    1    1    1    1    1    1  7.94321E+13 0.00253 
   35   35    1    1    1    1    1    1    1    1  1.12443E+14 0.00247 
   36   36    1    1    1    1    1    1    1    1  7.87157E+13 0.00271 
   37   37    1    1    1    1    1    1    1    1  2.47379E+13 0.00331 
   38   38    1    1    1    1    1    1    1    1  1.35463E+14 0.00266 
   39   39    1    1    1    1    1    1    1    1  1.82659E+14 0.00226 
   40   40    1    1    1    1    1    1    1    1  3.09055E+14 0.00215 
   41   41    1    1    1    1    1    1    1    1  3.21073E+14 0.00187 
   42   42    1    1    1    1    1    1    1    1  6.69809E+14 0.00130 
   43   43    1    1    1    1    1    1    1    1  8.07719E+14 0.00134 
   44   44    1    1    1    1    1    1    1    1  1.16501E+15 0.00139 
   45   45    1    1    1    1    1    1    1    1  2.26972E+15 0.00146 
   46   46    1    1    1    1    1    1    1    1  1.06915E+15 0.00134 
   47   47    1    1    1    1    1    1    1    1  1.73846E+15 0.00128 
   48   48    1    1    1    1    1    1    1    1  2.41881E+15 0.00139 
   49   49    1    1    1    1    1    1    1    1  2.40585E+15 0.00137 
   50   50    1    1    1    1    1    1    1    1  3.68518E+15 0.00156 
   51   51    1    1    1    1    1    1    1    1  2.98129E+15 0.00155 
   52   52    1    1    1    1    1    1    1    1  3.46316E+15 0.00143 
   53   53    1    1    1    1    1    1    1    1  2.41457E+15 0.00144 
   54   54    1    1    1    1    1    1    1    1  2.88853E+15 0.00155 
   55   55    1    1    1    1    1    1    1    1  1.99577E+15 0.00153 
   56   56    1    1    1    1    1    1    1    1  2.73107E+14 0.00207 
   57   57    1    1    1    1    1    1    1    1  3.96691E+15 0.00143 
   58   58    1    1    1    1    1    1    1    1  1.72013E+15 0.00187 
   59   59    1    1    1    1    1    1    1    1  1.83899E+15 0.00162 
   60   60    1    1    1    1    1    1    1    1  1.40181E+15 0.00173 
   61   61    1    1    1    1    1    1    1    1  1.40989E+15 0.00178 
   62   62    1    1    1    1    1    1    1    1  1.46266E+15 0.00178 
   63   63    1    1    1    1    1    1    1    1  1.22123E+15 0.00174 
   64   64    1    1    1    1    1    1    1    1  9.71341E+14 0.00170 
   65   65    1    1    1    1    1    1    1    1  9.63189E+14 0.00202 
   66   66    1    1    1    1    1    1    1    1  6.92468E+14 0.00214 
   67   67    1    1    1    1    1    1    1    1  5.67729E+14 0.00143 
   68   68    1    1    1    1    1    1    1    1  5.10808E+14 0.00164 
   69   69    1    1    1    1    1    1    1    1  6.13556E+14 0.00155 
   70   70    1    1    1    1    1    1    1    1  5.22971E+14 0.00181 
   71   71    1    1    1    1    1    1    1    1  9.62702E+14 0.00172 
   72   72    1    1    1    1    1    1    1    1  6.81652E+14 0.00236 
   73   73    1    1    1    1    1    1    1    1  5.10144E+14 0.00206 
   74   74    1    1    1    1    1    1    1    1  4.04107E+14 0.00239 
   75   75    1    1    1    1    1    1    1    1  3.30628E+14 0.00272 
   76   76    1    1    1    1    1    1    1    1  3.77544E+14 0.00299 
   77   77    1    1    1    1    1    1    1    1  2.93592E+14 0.00176 
   78   78    1    1    1    1    1    1    1    1  2.31030E+14 0.00235 
   79   79    1    1    1    1    1    1    1    1  2.35944E+14 0.00245 
   80   80    1    1    1    1    1    1    1    1  1.73956E+14 0.00246 
   81   81    1    1    1    1    1    1    1    1  1.33622E+14 0.00300 
   82   82    1    1    1    1    1    1    1    1  1.02417E+14 0.00316 
   83   83    1    1    1    1    1    1    1    1  9.54614E+13 0.00270 
   84   84    1    1    1    1    1    1    1    1  6.87969E+13 0.00452 
   85   85    1    1    1    1    1    1    1    1  4.96831E+13 0.00446 
   86   86    1    1    1    1    1    1    1    1  4.61507E+13 0.00514 
   87   87    1    1    1    1    1    1    1    1  2.85859E+13 0.00516 
   88   88    1    1    1    1    1    1    1    1  1.93400E+13 0.00583 
   89   89    1    1    1    1    1    1    1    1  1.10840E+13 0.00796 
   90   90    1    1    1    1    1    1    1    1  7.40083E+12 0.01397 
   91   91    1    1    1    1    1    1    1    1  3.72061E+12 0.01415 
   92   92    1    1    1    1    1    1    1    1  1.81719E+12 0.02178 
   93   93    1    1    1    1    1    1    1    1  8.79913E+11 0.02507 
   94   94    1    1    1    1    1    1    1    1  4.08187E+11 0.03002 
   95   95    1    1    1    1    1    1    1    1  1.91553E+11 0.04297 
   96   96    1    1    1    1    1    1    1    1  8.80893E+10 0.11689 
   97   97    1    1    1    1    1    1    1    1  4.20669E+10 0.13796 
   98   98    1    1    1    1    1    1    1    1  2.95184E+10 0.16384 
   99   99    1    1    1    1    1    1    1    1  1.20545E+10 0.32298 
  100  100    1    1    1    1    1    1    1    1  5.19814E+09 0.32880 
];


