
DETdpaspec = [
    1    1    1    1    1    1    1    1    1    1  0.00000E+00 0.00000 
    2    2    1    1    1    1    1    1    1    1  0.00000E+00 0.00000 
    3    3    1    1    1    1    1    1    1    1  0.00000E+00 0.00000 
    4    4    1    1    1    1    1    1    1    1  0.00000E+00 0.00000 
    5    5    1    1    1    1    1    1    1    1  1.07972E+07 1.00000 
    6    6    1    1    1    1    1    1    1    1  0.00000E+00 0.00000 
    7    7    1    1    1    1    1    1    1    1  1.56960E+07 1.00000 
    8    8    1    1    1    1    1    1    1    1  2.28446E+07 1.00000 
    9    9    1    1    1    1    1    1    1    1  2.46665E+07 1.00000 
   10   10    1    1    1    1    1    1    1    1  5.87095E+07 1.00000 
   11   11    1    1    1    1    1    1    1    1  2.51607E+08 0.57763 
   12   12    1    1    1    1    1    1    1    1  3.41459E+07 0.70169 
   13   13    1    1    1    1    1    1    1    1  2.08654E+08 0.68828 
   14   14    1    1    1    1    1    1    1    1  1.23042E+09 0.40260 
   15   15    1    1    1    1    1    1    1    1  6.08082E+09 0.37062 
   16   16    1    1    1    1    1    1    1    1  1.41763E+09 0.33541 
   17   17    1    1    1    1    1    1    1    1  2.34500E+09 0.32763 
   18   18    1    1    1    1    1    1    1    1  5.53404E+09 0.27266 
   19   19    1    1    1    1    1    1    1    1  7.92326E+09 0.19851 
   20   20    1    1    1    1    1    1    1    1  3.09102E+10 0.16790 
   21   21    1    1    1    1    1    1    1    1  1.74945E+10 0.13573 
   22   22    1    1    1    1    1    1    1    1  4.78704E+10 0.11056 
   23   23    1    1    1    1    1    1    1    1  6.31071E+10 0.08183 
   24   24    1    1    1    1    1    1    1    1  1.07724E+11 0.06521 
   25   25    1    1    1    1    1    1    1    1  1.32057E+11 0.06870 
   26   26    1    1    1    1    1    1    1    1  1.92019E+11 0.05133 
   27   27    1    1    1    1    1    1    1    1  3.46950E+11 0.04364 
   28   28    1    1    1    1    1    1    1    1  6.15302E+11 0.02838 
   29   29    1    1    1    1    1    1    1    1  8.73440E+11 0.01570 
   30   30    1    1    1    1    1    1    1    1  2.79226E+12 0.01843 
   31   31    1    1    1    1    1    1    1    1  8.55036E+12 0.00955 
   32   32    1    1    1    1    1    1    1    1  1.56570E+13 0.00900 
   33   33    1    1    1    1    1    1    1    1  3.52059E+13 0.00632 
   34   34    1    1    1    1    1    1    1    1  4.67147E+13 0.00462 
   35   35    1    1    1    1    1    1    1    1  6.76528E+13 0.00334 
   36   36    1    1    1    1    1    1    1    1  4.73251E+13 0.00288 
   37   37    1    1    1    1    1    1    1    1  1.50566E+13 0.00349 
   38   38    1    1    1    1    1    1    1    1  8.13971E+13 0.00285 
   39   39    1    1    1    1    1    1    1    1  1.08632E+14 0.00337 
   40   40    1    1    1    1    1    1    1    1  1.81651E+14 0.00298 
   41   41    1    1    1    1    1    1    1    1  1.89503E+14 0.00253 
   42   42    1    1    1    1    1    1    1    1  3.88875E+14 0.00271 
   43   43    1    1    1    1    1    1    1    1  4.67039E+14 0.00242 
   44   44    1    1    1    1    1    1    1    1  6.64077E+14 0.00216 
   45   45    1    1    1    1    1    1    1    1  1.26668E+15 0.00243 
   46   46    1    1    1    1    1    1    1    1  5.96327E+14 0.00276 
   47   47    1    1    1    1    1    1    1    1  9.68203E+14 0.00283 
   48   48    1    1    1    1    1    1    1    1  1.33656E+15 0.00249 
   49   49    1    1    1    1    1    1    1    1  1.32565E+15 0.00239 
   50   50    1    1    1    1    1    1    1    1  2.00439E+15 0.00257 
   51   51    1    1    1    1    1    1    1    1  1.62190E+15 0.00277 
   52   52    1    1    1    1    1    1    1    1  1.85932E+15 0.00281 
   53   53    1    1    1    1    1    1    1    1  1.29332E+15 0.00290 
   54   54    1    1    1    1    1    1    1    1  1.52878E+15 0.00292 
   55   55    1    1    1    1    1    1    1    1  1.05516E+15 0.00314 
   56   56    1    1    1    1    1    1    1    1  1.44776E+14 0.00331 
   57   57    1    1    1    1    1    1    1    1  2.09399E+15 0.00310 
   58   58    1    1    1    1    1    1    1    1  8.94522E+14 0.00330 
   59   59    1    1    1    1    1    1    1    1  9.53654E+14 0.00313 
   60   60    1    1    1    1    1    1    1    1  7.21164E+14 0.00283 
   61   61    1    1    1    1    1    1    1    1  7.27236E+14 0.00291 
   62   62    1    1    1    1    1    1    1    1  7.49327E+14 0.00303 
   63   63    1    1    1    1    1    1    1    1  6.22251E+14 0.00331 
   64   64    1    1    1    1    1    1    1    1  4.93903E+14 0.00361 
   65   65    1    1    1    1    1    1    1    1  4.87538E+14 0.00363 
   66   66    1    1    1    1    1    1    1    1  3.50344E+14 0.00390 
   67   67    1    1    1    1    1    1    1    1  2.87056E+14 0.00365 
   68   68    1    1    1    1    1    1    1    1  2.58457E+14 0.00342 
   69   69    1    1    1    1    1    1    1    1  3.10160E+14 0.00254 
   70   70    1    1    1    1    1    1    1    1  2.63289E+14 0.00339 
   71   71    1    1    1    1    1    1    1    1  4.89367E+14 0.00274 
   72   72    1    1    1    1    1    1    1    1  3.47605E+14 0.00312 
   73   73    1    1    1    1    1    1    1    1  2.59103E+14 0.00331 
   74   74    1    1    1    1    1    1    1    1  2.03854E+14 0.00458 
   75   75    1    1    1    1    1    1    1    1  1.65044E+14 0.00424 
   76   76    1    1    1    1    1    1    1    1  1.86815E+14 0.00453 
   77   77    1    1    1    1    1    1    1    1  1.44240E+14 0.00307 
   78   78    1    1    1    1    1    1    1    1  1.13025E+14 0.00463 
   79   79    1    1    1    1    1    1    1    1  1.15642E+14 0.00408 
   80   80    1    1    1    1    1    1    1    1  8.42615E+13 0.00455 
   81   81    1    1    1    1    1    1    1    1  6.48878E+13 0.00378 
   82   82    1    1    1    1    1    1    1    1  4.98983E+13 0.00490 
   83   83    1    1    1    1    1    1    1    1  4.62170E+13 0.00497 
   84   84    1    1    1    1    1    1    1    1  3.32706E+13 0.00536 
   85   85    1    1    1    1    1    1    1    1  2.37995E+13 0.00788 
   86   86    1    1    1    1    1    1    1    1  2.23381E+13 0.00635 
   87   87    1    1    1    1    1    1    1    1  1.37822E+13 0.00625 
   88   88    1    1    1    1    1    1    1    1  9.38884E+12 0.00943 
   89   89    1    1    1    1    1    1    1    1  5.41726E+12 0.01323 
   90   90    1    1    1    1    1    1    1    1  3.58389E+12 0.01705 
   91   91    1    1    1    1    1    1    1    1  1.79792E+12 0.01839 
   92   92    1    1    1    1    1    1    1    1  8.29901E+11 0.02205 
   93   93    1    1    1    1    1    1    1    1  4.51607E+11 0.04437 
   94   94    1    1    1    1    1    1    1    1  2.14995E+11 0.06546 
   95   95    1    1    1    1    1    1    1    1  1.10770E+11 0.07294 
   96   96    1    1    1    1    1    1    1    1  6.31376E+10 0.10966 
   97   97    1    1    1    1    1    1    1    1  1.82899E+10 0.22301 
   98   98    1    1    1    1    1    1    1    1  1.11424E+10 0.21090 
   99   99    1    1    1    1    1    1    1    1  5.16875E+09 0.38837 
  100  100    1    1    1    1    1    1    1    1  5.19533E+09 0.36069 
];


