
DETdpaspec = [
    1    1    1    1    1    1    1    1    1    1  0.00000E+00 0.00000 
    2    2    1    1    1    1    1    1    1    1  0.00000E+00 0.00000 
    3    3    1    1    1    1    1    1    1    1  0.00000E+00 0.00000 
    4    4    1    1    1    1    1    1    1    1  0.00000E+00 0.00000 
    5    5    1    1    1    1    1    1    1    1  0.00000E+00 0.00000 
    6    6    1    1    1    1    1    1    1    1  0.00000E+00 0.00000 
    7    7    1    1    1    1    1    1    1    1  2.01229E+07 1.00000 
    8    8    1    1    1    1    1    1    1    1  1.60700E+07 1.00000 
    9    9    1    1    1    1    1    1    1    1  0.00000E+00 0.00000 
   10   10    1    1    1    1    1    1    1    1  1.41596E+08 1.00000 
   11   11    1    1    1    1    1    1    1    1  3.06162E+08 0.42131 
   12   12    1    1    1    1    1    1    1    1  1.73441E+08 0.51224 
   13   13    1    1    1    1    1    1    1    1  2.37491E+09 0.58638 
   14   14    1    1    1    1    1    1    1    1  4.64800E+09 0.32511 
   15   15    1    1    1    1    1    1    1    1  9.02387E+09 0.30677 
   16   16    1    1    1    1    1    1    1    1  2.30421E+09 0.29328 
   17   17    1    1    1    1    1    1    1    1  3.38594E+09 0.30819 
   18   18    1    1    1    1    1    1    1    1  8.52523E+09 0.21873 
   19   19    1    1    1    1    1    1    1    1  1.02519E+10 0.14920 
   20   20    1    1    1    1    1    1    1    1  5.13399E+10 0.10639 
   21   21    1    1    1    1    1    1    1    1  3.68278E+10 0.12455 
   22   22    1    1    1    1    1    1    1    1  7.43332E+10 0.08477 
   23   23    1    1    1    1    1    1    1    1  1.16002E+11 0.06206 
   24   24    1    1    1    1    1    1    1    1  1.57530E+11 0.04978 
   25   25    1    1    1    1    1    1    1    1  2.07876E+11 0.05289 
   26   26    1    1    1    1    1    1    1    1  3.25864E+11 0.03707 
   27   27    1    1    1    1    1    1    1    1  5.96099E+11 0.03440 
   28   28    1    1    1    1    1    1    1    1  1.10536E+12 0.02343 
   29   29    1    1    1    1    1    1    1    1  1.66689E+12 0.01965 
   30   30    1    1    1    1    1    1    1    1  5.08985E+12 0.01318 
   31   31    1    1    1    1    1    1    1    1  1.60746E+13 0.00733 
   32   32    1    1    1    1    1    1    1    1  3.06702E+13 0.00492 
   33   33    1    1    1    1    1    1    1    1  7.18710E+13 0.00299 
   34   34    1    1    1    1    1    1    1    1  9.86795E+13 0.00276 
   35   35    1    1    1    1    1    1    1    1  1.37900E+14 0.00184 
   36   36    1    1    1    1    1    1    1    1  9.57462E+13 0.00200 
   37   37    1    1    1    1    1    1    1    1  2.97961E+13 0.00215 
   38   38    1    1    1    1    1    1    1    1  1.64780E+14 0.00155 
   39   39    1    1    1    1    1    1    1    1  2.22517E+14 0.00141 
   40   40    1    1    1    1    1    1    1    1  3.79749E+14 0.00119 
   41   41    1    1    1    1    1    1    1    1  3.92034E+14 0.00124 
   42   42    1    1    1    1    1    1    1    1  8.29186E+14 0.00116 
   43   43    1    1    1    1    1    1    1    1  1.00569E+15 0.00136 
   44   44    1    1    1    1    1    1    1    1  1.45612E+15 0.00164 
   45   45    1    1    1    1    1    1    1    1  2.87156E+15 0.00117 
   46   46    1    1    1    1    1    1    1    1  1.35415E+15 0.00133 
   47   47    1    1    1    1    1    1    1    1  2.20300E+15 0.00093 
   48   48    1    1    1    1    1    1    1    1  3.07416E+15 0.00096 
   49   49    1    1    1    1    1    1    1    1  3.05907E+15 0.00124 
   50   50    1    1    1    1    1    1    1    1  4.73020E+15 0.00102 
   51   51    1    1    1    1    1    1    1    1  3.81590E+15 0.00084 
   52   52    1    1    1    1    1    1    1    1  4.47439E+15 0.00106 
   53   53    1    1    1    1    1    1    1    1  3.12006E+15 0.00124 
   54   54    1    1    1    1    1    1    1    1  3.76643E+15 0.00127 
   55   55    1    1    1    1    1    1    1    1  2.59895E+15 0.00119 
   56   56    1    1    1    1    1    1    1    1  3.55563E+14 0.00133 
   57   57    1    1    1    1    1    1    1    1  5.17699E+15 0.00127 
   58   58    1    1    1    1    1    1    1    1  2.26407E+15 0.00139 
   59   59    1    1    1    1    1    1    1    1  2.41772E+15 0.00096 
   60   60    1    1    1    1    1    1    1    1  1.85560E+15 0.00128 
   61   61    1    1    1    1    1    1    1    1  1.86762E+15 0.00141 
   62   62    1    1    1    1    1    1    1    1  1.94183E+15 0.00152 
   63   63    1    1    1    1    1    1    1    1  1.62784E+15 0.00151 
   64   64    1    1    1    1    1    1    1    1  1.29592E+15 0.00131 
   65   65    1    1    1    1    1    1    1    1  1.28479E+15 0.00127 
   66   66    1    1    1    1    1    1    1    1  9.24669E+14 0.00135 
   67   67    1    1    1    1    1    1    1    1  7.57953E+14 0.00163 
   68   68    1    1    1    1    1    1    1    1  6.80517E+14 0.00136 
   69   69    1    1    1    1    1    1    1    1  8.19357E+14 0.00112 
   70   70    1    1    1    1    1    1    1    1  6.97255E+14 0.00115 
   71   71    1    1    1    1    1    1    1    1  1.28204E+15 0.00151 
   72   72    1    1    1    1    1    1    1    1  9.08147E+14 0.00149 
   73   73    1    1    1    1    1    1    1    1  6.82941E+14 0.00172 
   74   74    1    1    1    1    1    1    1    1  5.42702E+14 0.00153 
   75   75    1    1    1    1    1    1    1    1  4.44876E+14 0.00214 
   76   76    1    1    1    1    1    1    1    1  5.11027E+14 0.00197 
   77   77    1    1    1    1    1    1    1    1  4.00026E+14 0.00176 
   78   78    1    1    1    1    1    1    1    1  3.16205E+14 0.00253 
   79   79    1    1    1    1    1    1    1    1  3.23144E+14 0.00245 
   80   80    1    1    1    1    1    1    1    1  2.39292E+14 0.00204 
   81   81    1    1    1    1    1    1    1    1  1.83747E+14 0.00255 
   82   82    1    1    1    1    1    1    1    1  1.40418E+14 0.00250 
   83   83    1    1    1    1    1    1    1    1  1.31217E+14 0.00342 
   84   84    1    1    1    1    1    1    1    1  9.45493E+13 0.00330 
   85   85    1    1    1    1    1    1    1    1  6.80246E+13 0.00486 
   86   86    1    1    1    1    1    1    1    1  6.40533E+13 0.00543 
   87   87    1    1    1    1    1    1    1    1  3.97088E+13 0.00390 
   88   88    1    1    1    1    1    1    1    1  2.66489E+13 0.00514 
   89   89    1    1    1    1    1    1    1    1  1.53717E+13 0.00667 
   90   90    1    1    1    1    1    1    1    1  1.00257E+13 0.00900 
   91   91    1    1    1    1    1    1    1    1  5.10661E+12 0.01152 
   92   92    1    1    1    1    1    1    1    1  2.63377E+12 0.01789 
   93   93    1    1    1    1    1    1    1    1  1.20970E+12 0.03174 
   94   94    1    1    1    1    1    1    1    1  5.80256E+11 0.03923 
   95   95    1    1    1    1    1    1    1    1  2.66133E+11 0.05401 
   96   96    1    1    1    1    1    1    1    1  1.25620E+11 0.05730 
   97   97    1    1    1    1    1    1    1    1  6.84804E+10 0.11286 
   98   98    1    1    1    1    1    1    1    1  2.45063E+10 0.18256 
   99   99    1    1    1    1    1    1    1    1  1.08486E+10 0.23182 
  100  100    1    1    1    1    1    1    1    1  1.84366E+10 0.21891 
];


