
DETdpaspec = [
    1    1    1    1    1    1    1    1    1    1  0.00000E+00 0.00000 
    2    2    1    1    1    1    1    1    1    1  0.00000E+00 0.00000 
    3    3    1    1    1    1    1    1    1    1  0.00000E+00 0.00000 
    4    4    1    1    1    1    1    1    1    1  0.00000E+00 0.00000 
    5    5    1    1    1    1    1    1    1    1  1.17584E+07 1.00000 
    6    6    1    1    1    1    1    1    1    1  0.00000E+00 0.00000 
    7    7    1    1    1    1    1    1    1    1  2.24621E+07 1.00000 
    8    8    1    1    1    1    1    1    1    1  1.87693E+07 1.00000 
    9    9    1    1    1    1    1    1    1    1  3.83834E+07 0.57438 
   10   10    1    1    1    1    1    1    1    1  1.10737E+08 0.68825 
   11   11    1    1    1    1    1    1    1    1  3.08811E+08 0.52508 
   12   12    1    1    1    1    1    1    1    1  1.74498E+08 0.41761 
   13   13    1    1    1    1    1    1    1    1  9.88309E+08 0.67215 
   14   14    1    1    1    1    1    1    1    1  1.74190E+09 0.35476 
   15   15    1    1    1    1    1    1    1    1  4.90065E+09 0.38115 
   16   16    1    1    1    1    1    1    1    1  2.13502E+09 0.36253 
   17   17    1    1    1    1    1    1    1    1  2.99643E+09 0.23818 
   18   18    1    1    1    1    1    1    1    1  1.02605E+10 0.25327 
   19   19    1    1    1    1    1    1    1    1  1.56232E+10 0.16672 
   20   20    1    1    1    1    1    1    1    1  3.56943E+10 0.09602 
   21   21    1    1    1    1    1    1    1    1  3.39475E+10 0.11053 
   22   22    1    1    1    1    1    1    1    1  6.79465E+10 0.08585 
   23   23    1    1    1    1    1    1    1    1  9.40922E+10 0.06196 
   24   24    1    1    1    1    1    1    1    1  1.83998E+11 0.06281 
   25   25    1    1    1    1    1    1    1    1  2.15558E+11 0.04328 
   26   26    1    1    1    1    1    1    1    1  3.47951E+11 0.04011 
   27   27    1    1    1    1    1    1    1    1  5.69280E+11 0.02837 
   28   28    1    1    1    1    1    1    1    1  1.15525E+12 0.02651 
   29   29    1    1    1    1    1    1    1    1  1.71048E+12 0.02785 
   30   30    1    1    1    1    1    1    1    1  5.11512E+12 0.01137 
   31   31    1    1    1    1    1    1    1    1  1.58651E+13 0.01053 
   32   32    1    1    1    1    1    1    1    1  3.06140E+13 0.00582 
   33   33    1    1    1    1    1    1    1    1  7.15517E+13 0.00408 
   34   34    1    1    1    1    1    1    1    1  9.81189E+13 0.00338 
   35   35    1    1    1    1    1    1    1    1  1.36823E+14 0.00240 
   36   36    1    1    1    1    1    1    1    1  9.47472E+13 0.00241 
   37   37    1    1    1    1    1    1    1    1  2.96402E+13 0.00244 
   38   38    1    1    1    1    1    1    1    1  1.63476E+14 0.00198 
   39   39    1    1    1    1    1    1    1    1  2.20526E+14 0.00233 
   40   40    1    1    1    1    1    1    1    1  3.75873E+14 0.00204 
   41   41    1    1    1    1    1    1    1    1  3.87796E+14 0.00165 
   42   42    1    1    1    1    1    1    1    1  8.19762E+14 0.00143 
   43   43    1    1    1    1    1    1    1    1  9.94824E+14 0.00120 
   44   44    1    1    1    1    1    1    1    1  1.44162E+15 0.00113 
   45   45    1    1    1    1    1    1    1    1  2.83775E+15 0.00122 
   46   46    1    1    1    1    1    1    1    1  1.33859E+15 0.00094 
   47   47    1    1    1    1    1    1    1    1  2.17181E+15 0.00119 
   48   48    1    1    1    1    1    1    1    1  3.03691E+15 0.00116 
   49   49    1    1    1    1    1    1    1    1  3.02350E+15 0.00121 
   50   50    1    1    1    1    1    1    1    1  4.66415E+15 0.00096 
   51   51    1    1    1    1    1    1    1    1  3.76619E+15 0.00102 
   52   52    1    1    1    1    1    1    1    1  4.41226E+15 0.00117 
   53   53    1    1    1    1    1    1    1    1  3.07448E+15 0.00116 
   54   54    1    1    1    1    1    1    1    1  3.71195E+15 0.00092 
   55   55    1    1    1    1    1    1    1    1  2.56176E+15 0.00098 
   56   56    1    1    1    1    1    1    1    1  3.49536E+14 0.00136 
   57   57    1    1    1    1    1    1    1    1  5.10038E+15 0.00112 
   58   58    1    1    1    1    1    1    1    1  2.22827E+15 0.00115 
   59   59    1    1    1    1    1    1    1    1  2.37922E+15 0.00104 
   60   60    1    1    1    1    1    1    1    1  1.82674E+15 0.00108 
   61   61    1    1    1    1    1    1    1    1  1.83733E+15 0.00101 
   62   62    1    1    1    1    1    1    1    1  1.91071E+15 0.00099 
   63   63    1    1    1    1    1    1    1    1  1.60209E+15 0.00131 
   64   64    1    1    1    1    1    1    1    1  1.27509E+15 0.00132 
   65   65    1    1    1    1    1    1    1    1  1.26526E+15 0.00136 
   66   66    1    1    1    1    1    1    1    1  9.09589E+14 0.00123 
   67   67    1    1    1    1    1    1    1    1  7.45354E+14 0.00127 
   68   68    1    1    1    1    1    1    1    1  6.70361E+14 0.00153 
   69   69    1    1    1    1    1    1    1    1  8.03843E+14 0.00159 
   70   70    1    1    1    1    1    1    1    1  6.84801E+14 0.00145 
   71   71    1    1    1    1    1    1    1    1  1.26202E+15 0.00120 
   72   72    1    1    1    1    1    1    1    1  8.94176E+14 0.00141 
   73   73    1    1    1    1    1    1    1    1  6.71128E+14 0.00148 
   74   74    1    1    1    1    1    1    1    1  5.33738E+14 0.00165 
   75   75    1    1    1    1    1    1    1    1  4.38868E+14 0.00159 
   76   76    1    1    1    1    1    1    1    1  5.02464E+14 0.00204 
   77   77    1    1    1    1    1    1    1    1  3.92375E+14 0.00202 
   78   78    1    1    1    1    1    1    1    1  3.10456E+14 0.00152 
   79   79    1    1    1    1    1    1    1    1  3.16938E+14 0.00176 
   80   80    1    1    1    1    1    1    1    1  2.34441E+14 0.00213 
   81   81    1    1    1    1    1    1    1    1  1.80353E+14 0.00279 
   82   82    1    1    1    1    1    1    1    1  1.37980E+14 0.00186 
   83   83    1    1    1    1    1    1    1    1  1.29151E+14 0.00252 
   84   84    1    1    1    1    1    1    1    1  9.29053E+13 0.00299 
   85   85    1    1    1    1    1    1    1    1  6.68009E+13 0.00296 
   86   86    1    1    1    1    1    1    1    1  6.25322E+13 0.00448 
   87   87    1    1    1    1    1    1    1    1  3.90046E+13 0.00623 
   88   88    1    1    1    1    1    1    1    1  2.59989E+13 0.00495 
   89   89    1    1    1    1    1    1    1    1  1.51492E+13 0.00777 
   90   90    1    1    1    1    1    1    1    1  9.82236E+12 0.00937 
   91   91    1    1    1    1    1    1    1    1  5.09807E+12 0.01304 
   92   92    1    1    1    1    1    1    1    1  2.38124E+12 0.01864 
   93   93    1    1    1    1    1    1    1    1  1.24055E+12 0.02772 
   94   94    1    1    1    1    1    1    1    1  6.07733E+11 0.03956 
   95   95    1    1    1    1    1    1    1    1  2.78188E+11 0.07395 
   96   96    1    1    1    1    1    1    1    1  1.34298E+11 0.06989 
   97   97    1    1    1    1    1    1    1    1  6.64876E+10 0.10253 
   98   98    1    1    1    1    1    1    1    1  3.20326E+10 0.19389 
   99   99    1    1    1    1    1    1    1    1  1.64078E+10 0.18129 
  100  100    1    1    1    1    1    1    1    1  1.59478E+10 0.22372 
];


