
DETdpaspec = [
    1    1    1    1    1    1    1    1    1    1  0.00000E+00 0.00000 
    2    2    1    1    1    1    1    1    1    1  0.00000E+00 0.00000 
    3    3    1    1    1    1    1    1    1    1  0.00000E+00 0.00000 
    4    4    1    1    1    1    1    1    1    1  0.00000E+00 0.00000 
    5    5    1    1    1    1    1    1    1    1  0.00000E+00 0.00000 
    6    6    1    1    1    1    1    1    1    1  0.00000E+00 0.00000 
    7    7    1    1    1    1    1    1    1    1  0.00000E+00 0.00000 
    8    8    1    1    1    1    1    1    1    1  0.00000E+00 0.00000 
    9    9    1    1    1    1    1    1    1    1  6.32495E+07 0.80584 
   10   10    1    1    1    1    1    1    1    1  1.08906E+08 1.00000 
   11   11    1    1    1    1    1    1    1    1  0.00000E+00 0.00000 
   12   12    1    1    1    1    1    1    1    1  5.08148E+07 0.77716 
   13   13    1    1    1    1    1    1    1    1  3.24332E+08 0.76512 
   14   14    1    1    1    1    1    1    1    1  3.39997E+09 0.34215 
   15   15    1    1    1    1    1    1    1    1  1.57081E+09 0.57945 
   16   16    1    1    1    1    1    1    1    1  9.34855E+08 0.36112 
   17   17    1    1    1    1    1    1    1    1  2.60898E+09 0.38171 
   18   18    1    1    1    1    1    1    1    1  6.32976E+09 0.24380 
   19   19    1    1    1    1    1    1    1    1  5.30803E+09 0.21955 
   20   20    1    1    1    1    1    1    1    1  2.23331E+10 0.18236 
   21   21    1    1    1    1    1    1    1    1  1.46288E+10 0.11961 
   22   22    1    1    1    1    1    1    1    1  4.20567E+10 0.10276 
   23   23    1    1    1    1    1    1    1    1  6.54131E+10 0.08680 
   24   24    1    1    1    1    1    1    1    1  8.36010E+10 0.09520 
   25   25    1    1    1    1    1    1    1    1  1.22749E+11 0.06616 
   26   26    1    1    1    1    1    1    1    1  1.79921E+11 0.05611 
   27   27    1    1    1    1    1    1    1    1  3.19787E+11 0.04473 
   28   28    1    1    1    1    1    1    1    1  5.32969E+11 0.02853 
   29   29    1    1    1    1    1    1    1    1  7.28138E+11 0.02697 
   30   30    1    1    1    1    1    1    1    1  2.39294E+12 0.01964 
   31   31    1    1    1    1    1    1    1    1  7.32745E+12 0.01068 
   32   32    1    1    1    1    1    1    1    1  1.34186E+13 0.00455 
   33   33    1    1    1    1    1    1    1    1  2.91015E+13 0.00431 
   34   34    1    1    1    1    1    1    1    1  3.80386E+13 0.00465 
   35   35    1    1    1    1    1    1    1    1  5.54472E+13 0.00483 
   36   36    1    1    1    1    1    1    1    1  3.90922E+13 0.00416 
   37   37    1    1    1    1    1    1    1    1  1.24803E+13 0.00416 
   38   38    1    1    1    1    1    1    1    1  6.66163E+13 0.00509 
   39   39    1    1    1    1    1    1    1    1  8.83037E+13 0.00439 
   40   40    1    1    1    1    1    1    1    1  1.46315E+14 0.00463 
   41   41    1    1    1    1    1    1    1    1  1.52976E+14 0.00418 
   42   42    1    1    1    1    1    1    1    1  3.10308E+14 0.00433 
   43   43    1    1    1    1    1    1    1    1  3.69898E+14 0.00471 
   44   44    1    1    1    1    1    1    1    1  5.23228E+14 0.00428 
   45   45    1    1    1    1    1    1    1    1  9.87648E+14 0.00410 
   46   46    1    1    1    1    1    1    1    1  4.65233E+14 0.00419 
   47   47    1    1    1    1    1    1    1    1  7.55260E+14 0.00406 
   48   48    1    1    1    1    1    1    1    1  1.04176E+15 0.00426 
   49   49    1    1    1    1    1    1    1    1  1.03150E+15 0.00434 
   50   50    1    1    1    1    1    1    1    1  1.55323E+15 0.00455 
   51   51    1    1    1    1    1    1    1    1  1.25965E+15 0.00464 
   52   52    1    1    1    1    1    1    1    1  1.43268E+15 0.00460 
   53   53    1    1    1    1    1    1    1    1  9.99838E+14 0.00442 
   54   54    1    1    1    1    1    1    1    1  1.17470E+15 0.00447 
   55   55    1    1    1    1    1    1    1    1  8.13200E+14 0.00479 
   56   56    1    1    1    1    1    1    1    1  1.11920E+14 0.00491 
   57   57    1    1    1    1    1    1    1    1  1.61231E+15 0.00474 
   58   58    1    1    1    1    1    1    1    1  6.84807E+14 0.00504 
   59   59    1    1    1    1    1    1    1    1  7.31967E+14 0.00421 
   60   60    1    1    1    1    1    1    1    1  5.50674E+14 0.00498 
   61   61    1    1    1    1    1    1    1    1  5.55726E+14 0.00504 
   62   62    1    1    1    1    1    1    1    1  5.74290E+14 0.00564 
   63   63    1    1    1    1    1    1    1    1  4.75990E+14 0.00503 
   64   64    1    1    1    1    1    1    1    1  3.77429E+14 0.00477 
   65   65    1    1    1    1    1    1    1    1  3.72698E+14 0.00532 
   66   66    1    1    1    1    1    1    1    1  2.67310E+14 0.00558 
   67   67    1    1    1    1    1    1    1    1  2.19862E+14 0.00575 
   68   68    1    1    1    1    1    1    1    1  1.98824E+14 0.00498 
   69   69    1    1    1    1    1    1    1    1  2.38696E+14 0.00528 
   70   70    1    1    1    1    1    1    1    1  2.02532E+14 0.00492 
   71   71    1    1    1    1    1    1    1    1  3.77622E+14 0.00573 
   72   72    1    1    1    1    1    1    1    1  2.67457E+14 0.00548 
   73   73    1    1    1    1    1    1    1    1  2.00183E+14 0.00681 
   74   74    1    1    1    1    1    1    1    1  1.57106E+14 0.00625 
   75   75    1    1    1    1    1    1    1    1  1.26238E+14 0.00561 
   76   76    1    1    1    1    1    1    1    1  1.42678E+14 0.00585 
   77   77    1    1    1    1    1    1    1    1  1.09461E+14 0.00669 
   78   78    1    1    1    1    1    1    1    1  8.56820E+13 0.00696 
   79   79    1    1    1    1    1    1    1    1  8.70995E+13 0.00722 
   80   80    1    1    1    1    1    1    1    1  6.35574E+13 0.00523 
   81   81    1    1    1    1    1    1    1    1  4.90742E+13 0.00635 
   82   82    1    1    1    1    1    1    1    1  3.74163E+13 0.00682 
   83   83    1    1    1    1    1    1    1    1  3.47563E+13 0.00820 
   84   84    1    1    1    1    1    1    1    1  2.50080E+13 0.00734 
   85   85    1    1    1    1    1    1    1    1  1.79812E+13 0.00761 
   86   86    1    1    1    1    1    1    1    1  1.65629E+13 0.00851 
   87   87    1    1    1    1    1    1    1    1  1.04239E+13 0.00850 
   88   88    1    1    1    1    1    1    1    1  7.04382E+12 0.01198 
   89   89    1    1    1    1    1    1    1    1  4.06284E+12 0.01346 
   90   90    1    1    1    1    1    1    1    1  2.65001E+12 0.01936 
   91   91    1    1    1    1    1    1    1    1  1.36787E+12 0.02394 
   92   92    1    1    1    1    1    1    1    1  6.68679E+11 0.03736 
   93   93    1    1    1    1    1    1    1    1  3.41714E+11 0.04615 
   94   94    1    1    1    1    1    1    1    1  1.62550E+11 0.05815 
   95   95    1    1    1    1    1    1    1    1  8.93605E+10 0.10368 
   96   96    1    1    1    1    1    1    1    1  3.30061E+10 0.22223 
   97   97    1    1    1    1    1    1    1    1  1.57101E+10 0.19955 
   98   98    1    1    1    1    1    1    1    1  1.19050E+10 0.28401 
   99   99    1    1    1    1    1    1    1    1  4.09754E+09 0.53027 
  100  100    1    1    1    1    1    1    1    1  3.44821E+09 0.59048 
];


