
DETdpaspec = [
    1    1    1    1    1    1    1    1    1    1  0.00000E+00 0.00000 
    2    2    1    1    1    1    1    1    1    1  0.00000E+00 0.00000 
    3    3    1    1    1    1    1    1    1    1  0.00000E+00 0.00000 
    4    4    1    1    1    1    1    1    1    1  0.00000E+00 0.00000 
    5    5    1    1    1    1    1    1    1    1  0.00000E+00 0.00000 
    6    6    1    1    1    1    1    1    1    1  0.00000E+00 0.00000 
    7    7    1    1    1    1    1    1    1    1  0.00000E+00 0.00000 
    8    8    1    1    1    1    1    1    1    1  6.14459E+07 0.68829 
    9    9    1    1    1    1    1    1    1    1  9.73050E+06 1.00000 
   10   10    1    1    1    1    1    1    1    1  0.00000E+00 0.00000 
   11   11    1    1    1    1    1    1    1    1  2.67882E+08 1.00000 
   12   12    1    1    1    1    1    1    1    1  1.54166E+08 0.68830 
   13   13    1    1    1    1    1    1    1    1  2.65398E+09 0.52537 
   14   14    1    1    1    1    1    1    1    1  3.79702E+09 0.42105 
   15   15    1    1    1    1    1    1    1    1  4.29593E+09 0.31592 
   16   16    1    1    1    1    1    1    1    1  1.02479E+09 0.58180 
   17   17    1    1    1    1    1    1    1    1  4.19506E+09 0.30322 
   18   18    1    1    1    1    1    1    1    1  6.93891E+09 0.34280 
   19   19    1    1    1    1    1    1    1    1  7.96891E+09 0.20924 
   20   20    1    1    1    1    1    1    1    1  2.92584E+10 0.18045 
   21   21    1    1    1    1    1    1    1    1  2.97356E+10 0.09088 
   22   22    1    1    1    1    1    1    1    1  6.04630E+10 0.08913 
   23   23    1    1    1    1    1    1    1    1  9.97585E+10 0.07315 
   24   24    1    1    1    1    1    1    1    1  2.06487E+11 0.05894 
   25   25    1    1    1    1    1    1    1    1  3.04317E+11 0.04588 
   26   26    1    1    1    1    1    1    1    1  6.34307E+11 0.03667 
   27   27    1    1    1    1    1    1    1    1  1.43824E+12 0.02666 
   28   28    1    1    1    1    1    1    1    1  3.61498E+12 0.02248 
   29   29    1    1    1    1    1    1    1    1  6.64905E+12 0.01404 
   30   30    1    1    1    1    1    1    1    1  1.61717E+13 0.00719 
   31   31    1    1    1    1    1    1    1    1  4.47335E+13 0.00370 
   32   32    1    1    1    1    1    1    1    1  7.61959E+13 0.00314 
   33   33    1    1    1    1    1    1    1    1  1.74280E+14 0.00218 
   34   34    1    1    1    1    1    1    1    1  2.36936E+14 0.00219 
   35   35    1    1    1    1    1    1    1    1  2.71748E+14 0.00151 
   36   36    1    1    1    1    1    1    1    1  1.72335E+14 0.00119 
   37   37    1    1    1    1    1    1    1    1  5.11847E+13 0.00153 
   38   38    1    1    1    1    1    1    1    1  2.93879E+14 0.00146 
   39   39    1    1    1    1    1    1    1    1  3.94306E+14 0.00143 
   40   40    1    1    1    1    1    1    1    1  6.77236E+14 0.00123 
   41   41    1    1    1    1    1    1    1    1  6.66863E+14 0.00108 
   42   42    1    1    1    1    1    1    1    1  1.44652E+15 0.00098 
   43   43    1    1    1    1    1    1    1    1  1.75162E+15 0.00062 
   44   44    1    1    1    1    1    1    1    1  2.53055E+15 0.00072 
   45   45    1    1    1    1    1    1    1    1  5.04849E+15 0.00080 
   46   46    1    1    1    1    1    1    1    1  2.30470E+15 0.00068 
   47   47    1    1    1    1    1    1    1    1  3.68601E+15 0.00063 
   48   48    1    1    1    1    1    1    1    1  5.11245E+15 0.00060 
   49   49    1    1    1    1    1    1    1    1  5.02922E+15 0.00073 
   50   50    1    1    1    1    1    1    1    1  7.89599E+15 0.00070 
   51   51    1    1    1    1    1    1    1    1  6.17259E+15 0.00065 
   52   52    1    1    1    1    1    1    1    1  7.44165E+15 0.00075 
   53   53    1    1    1    1    1    1    1    1  5.12817E+15 0.00060 
   54   54    1    1    1    1    1    1    1    1  6.36279E+15 0.00066 
   55   55    1    1    1    1    1    1    1    1  4.35421E+15 0.00073 
   56   56    1    1    1    1    1    1    1    1  5.88596E+14 0.00080 
   57   57    1    1    1    1    1    1    1    1  8.62335E+15 0.00064 
   58   58    1    1    1    1    1    1    1    1  3.91496E+15 0.00067 
   59   59    1    1    1    1    1    1    1    1  4.13408E+15 0.00054 
   60   60    1    1    1    1    1    1    1    1  3.25698E+15 0.00068 
   61   61    1    1    1    1    1    1    1    1  3.25097E+15 0.00074 
   62   62    1    1    1    1    1    1    1    1  3.39291E+15 0.00071 
   63   63    1    1    1    1    1    1    1    1  2.86243E+15 0.00063 
   64   64    1    1    1    1    1    1    1    1  2.27450E+15 0.00071 
   65   65    1    1    1    1    1    1    1    1  2.25685E+15 0.00084 
   66   66    1    1    1    1    1    1    1    1  1.62223E+15 0.00074 
   67   67    1    1    1    1    1    1    1    1  1.31454E+15 0.00066 
   68   68    1    1    1    1    1    1    1    1  1.17581E+15 0.00070 
   69   69    1    1    1    1    1    1    1    1  1.40732E+15 0.00088 
   70   70    1    1    1    1    1    1    1    1  1.19324E+15 0.00118 
   71   71    1    1    1    1    1    1    1    1  2.14359E+15 0.00073 
   72   72    1    1    1    1    1    1    1    1  1.50835E+15 0.00096 
   73   73    1    1    1    1    1    1    1    1  1.13749E+15 0.00131 
   74   74    1    1    1    1    1    1    1    1  9.21877E+14 0.00144 
   75   75    1    1    1    1    1    1    1    1  7.72218E+14 0.00109 
   76   76    1    1    1    1    1    1    1    1  9.04632E+14 0.00120 
   77   77    1    1    1    1    1    1    1    1  7.22400E+14 0.00127 
   78   78    1    1    1    1    1    1    1    1  5.81388E+14 0.00122 
   79   79    1    1    1    1    1    1    1    1  6.02161E+14 0.00128 
   80   80    1    1    1    1    1    1    1    1  4.48163E+14 0.00137 
   81   81    1    1    1    1    1    1    1    1  3.44850E+14 0.00183 
   82   82    1    1    1    1    1    1    1    1  2.65933E+14 0.00247 
   83   83    1    1    1    1    1    1    1    1  2.47946E+14 0.00192 
   84   84    1    1    1    1    1    1    1    1  1.78575E+14 0.00272 
   85   85    1    1    1    1    1    1    1    1  1.28304E+14 0.00236 
   86   86    1    1    1    1    1    1    1    1  1.20035E+14 0.00286 
   87   87    1    1    1    1    1    1    1    1  7.39362E+13 0.00449 
   88   88    1    1    1    1    1    1    1    1  4.92468E+13 0.00470 
   89   89    1    1    1    1    1    1    1    1  2.85121E+13 0.00624 
   90   90    1    1    1    1    1    1    1    1  1.88326E+13 0.00603 
   91   91    1    1    1    1    1    1    1    1  9.26065E+12 0.01116 
   92   92    1    1    1    1    1    1    1    1  4.46006E+12 0.01652 
   93   93    1    1    1    1    1    1    1    1  2.19479E+12 0.02055 
   94   94    1    1    1    1    1    1    1    1  1.03370E+12 0.02265 
   95   95    1    1    1    1    1    1    1    1  5.10420E+11 0.03353 
   96   96    1    1    1    1    1    1    1    1  2.32537E+11 0.06360 
   97   97    1    1    1    1    1    1    1    1  1.09651E+11 0.10876 
   98   98    1    1    1    1    1    1    1    1  4.73691E+10 0.11170 
   99   99    1    1    1    1    1    1    1    1  2.00732E+10 0.16781 
  100  100    1    1    1    1    1    1    1    1  3.58765E+10 0.14596 
];


