
DETdpaspec = [
    1    1    1    1    1    1    1    1    1    1  0.00000E+00 0.00000 
    2    2    1    1    1    1    1    1    1    1  0.00000E+00 0.00000 
    3    3    1    1    1    1    1    1    1    1  0.00000E+00 0.00000 
    4    4    1    1    1    1    1    1    1    1  0.00000E+00 0.00000 
    5    5    1    1    1    1    1    1    1    1  0.00000E+00 0.00000 
    6    6    1    1    1    1    1    1    1    1  0.00000E+00 0.00000 
    7    7    1    1    1    1    1    1    1    1  0.00000E+00 0.00000 
    8    8    1    1    1    1    1    1    1    1  1.48769E+07 1.00000 
    9    9    1    1    1    1    1    1    1    1  2.39428E+07 0.70722 
   10   10    1    1    1    1    1    1    1    1  0.00000E+00 0.00000 
   11   11    1    1    1    1    1    1    1    1  8.83313E+08 0.37988 
   12   12    1    1    1    1    1    1    1    1  4.94633E+07 1.00000 
   13   13    1    1    1    1    1    1    1    1  6.05485E+08 0.53832 
   14   14    1    1    1    1    1    1    1    1  4.19502E+09 0.42321 
   15   15    1    1    1    1    1    1    1    1  5.37331E+09 0.34787 
   16   16    1    1    1    1    1    1    1    1  2.29711E+09 0.28967 
   17   17    1    1    1    1    1    1    1    1  3.84649E+09 0.24538 
   18   18    1    1    1    1    1    1    1    1  9.69371E+09 0.19800 
   19   19    1    1    1    1    1    1    1    1  1.30022E+10 0.14356 
   20   20    1    1    1    1    1    1    1    1  4.33284E+10 0.14851 
   21   21    1    1    1    1    1    1    1    1  3.00005E+10 0.16931 
   22   22    1    1    1    1    1    1    1    1  6.61596E+10 0.11220 
   23   23    1    1    1    1    1    1    1    1  1.02798E+11 0.06447 
   24   24    1    1    1    1    1    1    1    1  2.06353E+11 0.05434 
   25   25    1    1    1    1    1    1    1    1  2.51919E+11 0.04518 
   26   26    1    1    1    1    1    1    1    1  3.74679E+11 0.04338 
   27   27    1    1    1    1    1    1    1    1  6.36395E+11 0.03227 
   28   28    1    1    1    1    1    1    1    1  1.29347E+12 0.02302 
   29   29    1    1    1    1    1    1    1    1  2.09851E+12 0.01539 
   30   30    1    1    1    1    1    1    1    1  6.13441E+12 0.00990 
   31   31    1    1    1    1    1    1    1    1  1.94084E+13 0.00689 
   32   32    1    1    1    1    1    1    1    1  3.72182E+13 0.00504 
   33   33    1    1    1    1    1    1    1    1  8.93566E+13 0.00364 
   34   34    1    1    1    1    1    1    1    1  1.25797E+14 0.00321 
   35   35    1    1    1    1    1    1    1    1  1.68615E+14 0.00274 
   36   36    1    1    1    1    1    1    1    1  1.15280E+14 0.00235 
   37   37    1    1    1    1    1    1    1    1  3.55041E+13 0.00278 
   38   38    1    1    1    1    1    1    1    1  1.99016E+14 0.00210 
   39   39    1    1    1    1    1    1    1    1  2.68780E+14 0.00170 
   40   40    1    1    1    1    1    1    1    1  4.61968E+14 0.00153 
   41   41    1    1    1    1    1    1    1    1  4.71263E+14 0.00153 
   42   42    1    1    1    1    1    1    1    1  1.01107E+15 0.00110 
   43   43    1    1    1    1    1    1    1    1  1.23130E+15 0.00136 
   44   44    1    1    1    1    1    1    1    1  1.79317E+15 0.00103 
   45   45    1    1    1    1    1    1    1    1  3.58500E+15 0.00087 
   46   46    1    1    1    1    1    1    1    1  1.68419E+15 0.00070 
   47   47    1    1    1    1    1    1    1    1  2.73448E+15 0.00086 
   48   48    1    1    1    1    1    1    1    1  3.83223E+15 0.00076 
   49   49    1    1    1    1    1    1    1    1  3.81513E+15 0.00082 
   50   50    1    1    1    1    1    1    1    1  5.94561E+15 0.00073 
   51   51    1    1    1    1    1    1    1    1  4.77482E+15 0.00075 
   52   52    1    1    1    1    1    1    1    1  5.67133E+15 0.00054 
   53   53    1    1    1    1    1    1    1    1  3.95388E+15 0.00074 
   54   54    1    1    1    1    1    1    1    1  4.82618E+15 0.00073 
   55   55    1    1    1    1    1    1    1    1  3.32608E+15 0.00077 
   56   56    1    1    1    1    1    1    1    1  4.53370E+14 0.00120 
   57   57    1    1    1    1    1    1    1    1  6.62785E+15 0.00073 
   58   58    1    1    1    1    1    1    1    1  2.94488E+15 0.00066 
   59   59    1    1    1    1    1    1    1    1  3.13651E+15 0.00077 
   60   60    1    1    1    1    1    1    1    1  2.43329E+15 0.00075 
   61   61    1    1    1    1    1    1    1    1  2.44236E+15 0.00074 
   62   62    1    1    1    1    1    1    1    1  2.54560E+15 0.00086 
   63   63    1    1    1    1    1    1    1    1  2.14490E+15 0.00101 
   64   64    1    1    1    1    1    1    1    1  1.70689E+15 0.00094 
   65   65    1    1    1    1    1    1    1    1  1.69480E+15 0.00100 
   66   66    1    1    1    1    1    1    1    1  1.22257E+15 0.00112 
   67   67    1    1    1    1    1    1    1    1  9.97859E+14 0.00130 
   68   68    1    1    1    1    1    1    1    1  8.97712E+14 0.00145 
   69   69    1    1    1    1    1    1    1    1  1.07665E+15 0.00134 
   70   70    1    1    1    1    1    1    1    1  9.15812E+14 0.00160 
   71   71    1    1    1    1    1    1    1    1  1.67287E+15 0.00122 
   72   72    1    1    1    1    1    1    1    1  1.18738E+15 0.00105 
   73   73    1    1    1    1    1    1    1    1  8.93684E+14 0.00125 
   74   74    1    1    1    1    1    1    1    1  7.15909E+14 0.00113 
   75   75    1    1    1    1    1    1    1    1  5.91872E+14 0.00126 
   76   76    1    1    1    1    1    1    1    1  6.83102E+14 0.00104 
   77   77    1    1    1    1    1    1    1    1  5.37518E+14 0.00160 
   78   78    1    1    1    1    1    1    1    1  4.28412E+14 0.00149 
   79   79    1    1    1    1    1    1    1    1  4.40359E+14 0.00144 
   80   80    1    1    1    1    1    1    1    1  3.26083E+14 0.00197 
   81   81    1    1    1    1    1    1    1    1  2.51128E+14 0.00193 
   82   82    1    1    1    1    1    1    1    1  1.92929E+14 0.00210 
   83   83    1    1    1    1    1    1    1    1  1.80114E+14 0.00226 
   84   84    1    1    1    1    1    1    1    1  1.29527E+14 0.00336 
   85   85    1    1    1    1    1    1    1    1  9.36134E+13 0.00290 
   86   86    1    1    1    1    1    1    1    1  8.75381E+13 0.00310 
   87   87    1    1    1    1    1    1    1    1  5.40209E+13 0.00555 
   88   88    1    1    1    1    1    1    1    1  3.63098E+13 0.00468 
   89   89    1    1    1    1    1    1    1    1  2.08791E+13 0.00694 
   90   90    1    1    1    1    1    1    1    1  1.39221E+13 0.01016 
   91   91    1    1    1    1    1    1    1    1  7.07551E+12 0.01315 
   92   92    1    1    1    1    1    1    1    1  3.45285E+12 0.01211 
   93   93    1    1    1    1    1    1    1    1  1.66184E+12 0.02408 
   94   94    1    1    1    1    1    1    1    1  7.86352E+11 0.03418 
   95   95    1    1    1    1    1    1    1    1  3.75484E+11 0.03668 
   96   96    1    1    1    1    1    1    1    1  1.76859E+11 0.05794 
   97   97    1    1    1    1    1    1    1    1  8.72384E+10 0.08776 
   98   98    1    1    1    1    1    1    1    1  4.30148E+10 0.15205 
   99   99    1    1    1    1    1    1    1    1  1.63804E+10 0.23465 
  100  100    1    1    1    1    1    1    1    1  1.43933E+10 0.18654 
];


