
DETdpaspec = [
    1    1    1    1    1    1    1    1    1    1  0.00000E+00 0.00000 
    2    2    1    1    1    1    1    1    1    1  0.00000E+00 0.00000 
    3    3    1    1    1    1    1    1    1    1  0.00000E+00 0.00000 
    4    4    1    1    1    1    1    1    1    1  0.00000E+00 0.00000 
    5    5    1    1    1    1    1    1    1    1  0.00000E+00 0.00000 
    6    6    1    1    1    1    1    1    1    1  0.00000E+00 0.00000 
    7    7    1    1    1    1    1    1    1    1  0.00000E+00 0.00000 
    8    8    1    1    1    1    1    1    1    1  3.24113E+07 0.69214 
    9    9    1    1    1    1    1    1    1    1  0.00000E+00 0.00000 
   10   10    1    1    1    1    1    1    1    1  2.41616E+08 0.78105 
   11   11    1    1    1    1    1    1    1    1  0.00000E+00 0.00000 
   12   12    1    1    1    1    1    1    1    1  5.87069E+07 0.65042 
   13   13    1    1    1    1    1    1    1    1  7.82002E+08 0.71297 
   14   14    1    1    1    1    1    1    1    1  2.58161E+09 0.29575 
   15   15    1    1    1    1    1    1    1    1  5.07914E+09 0.47442 
   16   16    1    1    1    1    1    1    1    1  1.10070E+09 0.38321 
   17   17    1    1    1    1    1    1    1    1  3.41658E+09 0.23791 
   18   18    1    1    1    1    1    1    1    1  5.56651E+09 0.24827 
   19   19    1    1    1    1    1    1    1    1  8.12681E+09 0.17541 
   20   20    1    1    1    1    1    1    1    1  3.41762E+10 0.15471 
   21   21    1    1    1    1    1    1    1    1  2.11213E+10 0.12746 
   22   22    1    1    1    1    1    1    1    1  5.97333E+10 0.09069 
   23   23    1    1    1    1    1    1    1    1  8.71873E+10 0.06553 
   24   24    1    1    1    1    1    1    1    1  1.29239E+11 0.06944 
   25   25    1    1    1    1    1    1    1    1  1.47957E+11 0.05330 
   26   26    1    1    1    1    1    1    1    1  2.61050E+11 0.04590 
   27   27    1    1    1    1    1    1    1    1  4.68820E+11 0.03186 
   28   28    1    1    1    1    1    1    1    1  8.96687E+11 0.01820 
   29   29    1    1    1    1    1    1    1    1  1.24316E+12 0.02078 
   30   30    1    1    1    1    1    1    1    1  3.81261E+12 0.01437 
   31   31    1    1    1    1    1    1    1    1  1.17153E+13 0.01076 
   32   32    1    1    1    1    1    1    1    1  2.19065E+13 0.00593 
   33   33    1    1    1    1    1    1    1    1  4.94112E+13 0.00377 
   34   34    1    1    1    1    1    1    1    1  6.66497E+13 0.00265 
   35   35    1    1    1    1    1    1    1    1  9.52013E+13 0.00210 
   36   36    1    1    1    1    1    1    1    1  6.66003E+13 0.00221 
   37   37    1    1    1    1    1    1    1    1  2.11285E+13 0.00237 
   38   38    1    1    1    1    1    1    1    1  1.14602E+14 0.00221 
   39   39    1    1    1    1    1    1    1    1  1.53890E+14 0.00198 
   40   40    1    1    1    1    1    1    1    1  2.58982E+14 0.00210 
   41   41    1    1    1    1    1    1    1    1  2.69380E+14 0.00180 
   42   42    1    1    1    1    1    1    1    1  5.58856E+14 0.00183 
   43   43    1    1    1    1    1    1    1    1  6.73693E+14 0.00189 
   44   44    1    1    1    1    1    1    1    1  9.67403E+14 0.00173 
   45   45    1    1    1    1    1    1    1    1  1.86848E+15 0.00145 
   46   46    1    1    1    1    1    1    1    1  8.80405E+14 0.00153 
   47   47    1    1    1    1    1    1    1    1  1.43079E+15 0.00155 
   48   48    1    1    1    1    1    1    1    1  1.98707E+15 0.00172 
   49   49    1    1    1    1    1    1    1    1  1.97438E+15 0.00158 
   50   50    1    1    1    1    1    1    1    1  3.00602E+15 0.00176 
   51   51    1    1    1    1    1    1    1    1  2.43176E+15 0.00150 
   52   52    1    1    1    1    1    1    1    1  2.81365E+15 0.00151 
   53   53    1    1    1    1    1    1    1    1  1.95879E+15 0.00158 
   54   54    1    1    1    1    1    1    1    1  2.33414E+15 0.00127 
   55   55    1    1    1    1    1    1    1    1  1.61123E+15 0.00147 
   56   56    1    1    1    1    1    1    1    1  2.20653E+14 0.00189 
   57   57    1    1    1    1    1    1    1    1  3.20263E+15 0.00193 
   58   58    1    1    1    1    1    1    1    1  1.37848E+15 0.00187 
   59   59    1    1    1    1    1    1    1    1  1.47434E+15 0.00195 
   60   60    1    1    1    1    1    1    1    1  1.11989E+15 0.00189 
   61   61    1    1    1    1    1    1    1    1  1.12658E+15 0.00202 
   62   62    1    1    1    1    1    1    1    1  1.16518E+15 0.00208 
   63   63    1    1    1    1    1    1    1    1  9.72180E+14 0.00219 
   64   64    1    1    1    1    1    1    1    1  7.73399E+14 0.00196 
   65   65    1    1    1    1    1    1    1    1  7.64014E+14 0.00212 
   66   66    1    1    1    1    1    1    1    1  5.49458E+14 0.00195 
   67   67    1    1    1    1    1    1    1    1  4.50571E+14 0.00220 
   68   68    1    1    1    1    1    1    1    1  4.05583E+14 0.00224 
   69   69    1    1    1    1    1    1    1    1  4.87319E+14 0.00219 
   70   70    1    1    1    1    1    1    1    1  4.14437E+14 0.00253 
   71   71    1    1    1    1    1    1    1    1  7.66918E+14 0.00228 
   72   72    1    1    1    1    1    1    1    1  5.43328E+14 0.00212 
   73   73    1    1    1    1    1    1    1    1  4.06110E+14 0.00251 
   74   74    1    1    1    1    1    1    1    1  3.21021E+14 0.00240 
   75   75    1    1    1    1    1    1    1    1  2.60541E+14 0.00346 
   76   76    1    1    1    1    1    1    1    1  2.97079E+14 0.00234 
   77   77    1    1    1    1    1    1    1    1  2.30284E+14 0.00245 
   78   78    1    1    1    1    1    1    1    1  1.80529E+14 0.00307 
   79   79    1    1    1    1    1    1    1    1  1.85009E+14 0.00258 
   80   80    1    1    1    1    1    1    1    1  1.36307E+14 0.00249 
   81   81    1    1    1    1    1    1    1    1  1.04199E+14 0.00419 
   82   82    1    1    1    1    1    1    1    1  7.97307E+13 0.00373 
   83   83    1    1    1    1    1    1    1    1  7.45817E+13 0.00377 
   84   84    1    1    1    1    1    1    1    1  5.38708E+13 0.00403 
   85   85    1    1    1    1    1    1    1    1  3.86421E+13 0.00380 
   86   86    1    1    1    1    1    1    1    1  3.59009E+13 0.00454 
   87   87    1    1    1    1    1    1    1    1  2.22874E+13 0.00493 
   88   88    1    1    1    1    1    1    1    1  1.53259E+13 0.00775 
   89   89    1    1    1    1    1    1    1    1  8.70486E+12 0.00872 
   90   90    1    1    1    1    1    1    1    1  5.59764E+12 0.00873 
   91   91    1    1    1    1    1    1    1    1  2.89007E+12 0.01698 
   92   92    1    1    1    1    1    1    1    1  1.42216E+12 0.02440 
   93   93    1    1    1    1    1    1    1    1  6.59966E+11 0.03931 
   94   94    1    1    1    1    1    1    1    1  3.31231E+11 0.04756 
   95   95    1    1    1    1    1    1    1    1  1.69635E+11 0.06146 
   96   96    1    1    1    1    1    1    1    1  8.83302E+10 0.13862 
   97   97    1    1    1    1    1    1    1    1  3.44927E+10 0.15092 
   98   98    1    1    1    1    1    1    1    1  1.93852E+10 0.24722 
   99   99    1    1    1    1    1    1    1    1  7.02802E+09 0.35442 
  100  100    1    1    1    1    1    1    1    1  7.78535E+09 0.38261 
];


