
DETdpaspec = [
    1    1    1    1    1    1    1    1    1    1  0.00000E+00 0.00000 
    2    2    1    1    1    1    1    1    1    1  0.00000E+00 0.00000 
    3    3    1    1    1    1    1    1    1    1  0.00000E+00 0.00000 
    4    4    1    1    1    1    1    1    1    1  0.00000E+00 0.00000 
    5    5    1    1    1    1    1    1    1    1  0.00000E+00 0.00000 
    6    6    1    1    1    1    1    1    1    1  0.00000E+00 0.00000 
    7    7    1    1    1    1    1    1    1    1  0.00000E+00 0.00000 
    8    8    1    1    1    1    1    1    1    1  0.00000E+00 0.00000 
    9    9    1    1    1    1    1    1    1    1  2.09106E+07 1.00000 
   10   10    1    1    1    1    1    1    1    1  1.95200E+08 0.63358 
   11   11    1    1    1    1    1    1    1    1  7.03887E+08 0.42895 
   12   12    1    1    1    1    1    1    1    1  4.01839E+07 0.63362 
   13   13    1    1    1    1    1    1    1    1  1.23828E+09 0.49337 
   14   14    1    1    1    1    1    1    1    1  2.79016E+09 0.36803 
   15   15    1    1    1    1    1    1    1    1  7.43878E+09 0.29066 
   16   16    1    1    1    1    1    1    1    1  3.33211E+09 0.21901 
   17   17    1    1    1    1    1    1    1    1  4.04774E+09 0.23227 
   18   18    1    1    1    1    1    1    1    1  9.55850E+09 0.27664 
   19   19    1    1    1    1    1    1    1    1  1.08303E+10 0.14518 
   20   20    1    1    1    1    1    1    1    1  3.18684E+10 0.12699 
   21   21    1    1    1    1    1    1    1    1  3.12421E+10 0.10988 
   22   22    1    1    1    1    1    1    1    1  7.65865E+10 0.08983 
   23   23    1    1    1    1    1    1    1    1  1.07856E+11 0.08074 
   24   24    1    1    1    1    1    1    1    1  1.79113E+11 0.04528 
   25   25    1    1    1    1    1    1    1    1  2.23590E+11 0.06046 
   26   26    1    1    1    1    1    1    1    1  3.11480E+11 0.03597 
   27   27    1    1    1    1    1    1    1    1  5.56489E+11 0.03027 
   28   28    1    1    1    1    1    1    1    1  1.15483E+12 0.02184 
   29   29    1    1    1    1    1    1    1    1  1.76871E+12 0.01943 
   30   30    1    1    1    1    1    1    1    1  5.24830E+12 0.01318 
   31   31    1    1    1    1    1    1    1    1  1.68221E+13 0.00838 
   32   32    1    1    1    1    1    1    1    1  3.19384E+13 0.00641 
   33   33    1    1    1    1    1    1    1    1  7.56149E+13 0.00464 
   34   34    1    1    1    1    1    1    1    1  1.04912E+14 0.00299 
   35   35    1    1    1    1    1    1    1    1  1.45122E+14 0.00196 
   36   36    1    1    1    1    1    1    1    1  1.00555E+14 0.00191 
   37   37    1    1    1    1    1    1    1    1  3.13507E+13 0.00210 
   38   38    1    1    1    1    1    1    1    1  1.73494E+14 0.00181 
   39   39    1    1    1    1    1    1    1    1  2.34488E+14 0.00175 
   40   40    1    1    1    1    1    1    1    1  4.01301E+14 0.00160 
   41   41    1    1    1    1    1    1    1    1  4.13332E+14 0.00132 
   42   42    1    1    1    1    1    1    1    1  8.76976E+14 0.00149 
   43   43    1    1    1    1    1    1    1    1  1.06715E+15 0.00117 
   44   44    1    1    1    1    1    1    1    1  1.55084E+15 0.00090 
   45   45    1    1    1    1    1    1    1    1  3.07207E+15 0.00092 
   46   46    1    1    1    1    1    1    1    1  1.44739E+15 0.00090 
   47   47    1    1    1    1    1    1    1    1  2.35144E+15 0.00104 
   48   48    1    1    1    1    1    1    1    1  3.28641E+15 0.00085 
   49   49    1    1    1    1    1    1    1    1  3.27032E+15 0.00085 
   50   50    1    1    1    1    1    1    1    1  5.06462E+15 0.00073 
   51   51    1    1    1    1    1    1    1    1  4.08657E+15 0.00082 
   52   52    1    1    1    1    1    1    1    1  4.80946E+15 0.00095 
   53   53    1    1    1    1    1    1    1    1  3.34991E+15 0.00087 
   54   54    1    1    1    1    1    1    1    1  4.05650E+15 0.00099 
   55   55    1    1    1    1    1    1    1    1  2.79913E+15 0.00111 
   56   56    1    1    1    1    1    1    1    1  3.82577E+14 0.00115 
   57   57    1    1    1    1    1    1    1    1  5.58123E+15 0.00096 
   58   58    1    1    1    1    1    1    1    1  2.44996E+15 0.00104 
   59   59    1    1    1    1    1    1    1    1  2.61385E+15 0.00092 
   60   60    1    1    1    1    1    1    1    1  2.01383E+15 0.00109 
   61   61    1    1    1    1    1    1    1    1  2.02462E+15 0.00094 
   62   62    1    1    1    1    1    1    1    1  2.10469E+15 0.00095 
   63   63    1    1    1    1    1    1    1    1  1.76848E+15 0.00136 
   64   64    1    1    1    1    1    1    1    1  1.40749E+15 0.00131 
   65   65    1    1    1    1    1    1    1    1  1.39628E+15 0.00151 
   66   66    1    1    1    1    1    1    1    1  1.00505E+15 0.00125 
   67   67    1    1    1    1    1    1    1    1  8.21984E+14 0.00091 
   68   68    1    1    1    1    1    1    1    1  7.38787E+14 0.00106 
   69   69    1    1    1    1    1    1    1    1  8.87825E+14 0.00146 
   70   70    1    1    1    1    1    1    1    1  7.56673E+14 0.00113 
   71   71    1    1    1    1    1    1    1    1  1.38906E+15 0.00108 
   72   72    1    1    1    1    1    1    1    1  9.83858E+14 0.00151 
   73   73    1    1    1    1    1    1    1    1  7.40135E+14 0.00152 
   74   74    1    1    1    1    1    1    1    1  5.88736E+14 0.00161 
   75   75    1    1    1    1    1    1    1    1  4.84939E+14 0.00166 
   76   76    1    1    1    1    1    1    1    1  5.56485E+14 0.00162 
   77   77    1    1    1    1    1    1    1    1  4.37046E+14 0.00181 
   78   78    1    1    1    1    1    1    1    1  3.45696E+14 0.00184 
   79   79    1    1    1    1    1    1    1    1  3.55094E+14 0.00123 
   80   80    1    1    1    1    1    1    1    1  2.61709E+14 0.00209 
   81   81    1    1    1    1    1    1    1    1  2.00358E+14 0.00235 
   82   82    1    1    1    1    1    1    1    1  1.53796E+14 0.00225 
   83   83    1    1    1    1    1    1    1    1  1.44527E+14 0.00284 
   84   84    1    1    1    1    1    1    1    1  1.04149E+14 0.00340 
   85   85    1    1    1    1    1    1    1    1  7.48845E+13 0.00304 
   86   86    1    1    1    1    1    1    1    1  7.02474E+13 0.00355 
   87   87    1    1    1    1    1    1    1    1  4.33186E+13 0.00409 
   88   88    1    1    1    1    1    1    1    1  2.92633E+13 0.00516 
   89   89    1    1    1    1    1    1    1    1  1.66505E+13 0.00718 
   90   90    1    1    1    1    1    1    1    1  1.12323E+13 0.00841 
   91   91    1    1    1    1    1    1    1    1  5.64991E+12 0.01193 
   92   92    1    1    1    1    1    1    1    1  2.67980E+12 0.01847 
   93   93    1    1    1    1    1    1    1    1  1.33770E+12 0.03283 
   94   94    1    1    1    1    1    1    1    1  6.49181E+11 0.04042 
   95   95    1    1    1    1    1    1    1    1  2.78631E+11 0.04458 
   96   96    1    1    1    1    1    1    1    1  1.38114E+11 0.08966 
   97   97    1    1    1    1    1    1    1    1  5.56833E+10 0.09655 
   98   98    1    1    1    1    1    1    1    1  2.53728E+10 0.16279 
   99   99    1    1    1    1    1    1    1    1  1.60795E+10 0.24645 
  100  100    1    1    1    1    1    1    1    1  1.50915E+10 0.20242 
];


