
DETdpaspec = [
    1    1    1    1    1    1    1    1    1    1  0.00000E+00 0.00000 
    2    2    1    1    1    1    1    1    1    1  0.00000E+00 0.00000 
    3    3    1    1    1    1    1    1    1    1  0.00000E+00 0.00000 
    4    4    1    1    1    1    1    1    1    1  0.00000E+00 0.00000 
    5    5    1    1    1    1    1    1    1    1  1.06355E+07 1.00000 
    6    6    1    1    1    1    1    1    1    1  1.07805E+07 1.00000 
    7    7    1    1    1    1    1    1    1    1  0.00000E+00 0.00000 
    8    8    1    1    1    1    1    1    1    1  0.00000E+00 0.00000 
    9    9    1    1    1    1    1    1    1    1  9.69967E+06 1.00000 
   10   10    1    1    1    1    1    1    1    1  4.20913E+07 1.00000 
   11   11    1    1    1    1    1    1    1    1  3.37071E+08 0.64095 
   12   12    1    1    1    1    1    1    1    1  7.52286E+07 0.49458 
   13   13    1    1    1    1    1    1    1    1  4.18634E+08 0.60644 
   14   14    1    1    1    1    1    1    1    1  5.03862E+09 0.36378 
   15   15    1    1    1    1    1    1    1    1  7.51057E+09 0.32832 
   16   16    1    1    1    1    1    1    1    1  1.94219E+09 0.46884 
   17   17    1    1    1    1    1    1    1    1  5.24790E+09 0.20259 
   18   18    1    1    1    1    1    1    1    1  1.09335E+10 0.18839 
   19   19    1    1    1    1    1    1    1    1  1.30726E+10 0.21061 
   20   20    1    1    1    1    1    1    1    1  3.83254E+10 0.11942 
   21   21    1    1    1    1    1    1    1    1  3.93382E+10 0.09423 
   22   22    1    1    1    1    1    1    1    1  6.58812E+10 0.08822 
   23   23    1    1    1    1    1    1    1    1  9.57662E+10 0.07694 
   24   24    1    1    1    1    1    1    1    1  1.45590E+11 0.06635 
   25   25    1    1    1    1    1    1    1    1  1.96686E+11 0.04766 
   26   26    1    1    1    1    1    1    1    1  3.31631E+11 0.03892 
   27   27    1    1    1    1    1    1    1    1  5.42838E+11 0.03795 
   28   28    1    1    1    1    1    1    1    1  1.03260E+12 0.02209 
   29   29    1    1    1    1    1    1    1    1  1.47418E+12 0.02001 
   30   30    1    1    1    1    1    1    1    1  4.53762E+12 0.01478 
   31   31    1    1    1    1    1    1    1    1  1.40734E+13 0.00596 
   32   32    1    1    1    1    1    1    1    1  2.68468E+13 0.00449 
   33   33    1    1    1    1    1    1    1    1  6.22138E+13 0.00357 
   34   34    1    1    1    1    1    1    1    1  8.47045E+13 0.00290 
   35   35    1    1    1    1    1    1    1    1  1.19995E+14 0.00293 
   36   36    1    1    1    1    1    1    1    1  8.37037E+13 0.00202 
   37   37    1    1    1    1    1    1    1    1  2.63198E+13 0.00185 
   38   38    1    1    1    1    1    1    1    1  1.44078E+14 0.00261 
   39   39    1    1    1    1    1    1    1    1  1.93411E+14 0.00237 
   40   40    1    1    1    1    1    1    1    1  3.27686E+14 0.00247 
   41   41    1    1    1    1    1    1    1    1  3.39308E+14 0.00193 
   42   42    1    1    1    1    1    1    1    1  7.11183E+14 0.00170 
   43   43    1    1    1    1    1    1    1    1  8.58708E+14 0.00165 
   44   44    1    1    1    1    1    1    1    1  1.24057E+15 0.00155 
   45   45    1    1    1    1    1    1    1    1  2.42363E+15 0.00139 
   46   46    1    1    1    1    1    1    1    1  1.14405E+15 0.00156 
   47   47    1    1    1    1    1    1    1    1  1.85829E+15 0.00123 
   48   48    1    1    1    1    1    1    1    1  2.59050E+15 0.00119 
   49   49    1    1    1    1    1    1    1    1  2.57686E+15 0.00120 
   50   50    1    1    1    1    1    1    1    1  3.95528E+15 0.00111 
   51   51    1    1    1    1    1    1    1    1  3.19681E+15 0.00100 
   52   52    1    1    1    1    1    1    1    1  3.72360E+15 0.00117 
   53   53    1    1    1    1    1    1    1    1  2.59544E+15 0.00114 
   54   54    1    1    1    1    1    1    1    1  3.11053E+15 0.00103 
   55   55    1    1    1    1    1    1    1    1  2.14872E+15 0.00115 
   56   56    1    1    1    1    1    1    1    1  2.93662E+14 0.00144 
   57   57    1    1    1    1    1    1    1    1  4.27406E+15 0.00125 
   58   58    1    1    1    1    1    1    1    1  1.85607E+15 0.00124 
   59   59    1    1    1    1    1    1    1    1  1.98394E+15 0.00131 
   60   60    1    1    1    1    1    1    1    1  1.51684E+15 0.00109 
   61   61    1    1    1    1    1    1    1    1  1.52646E+15 0.00140 
   62   62    1    1    1    1    1    1    1    1  1.58328E+15 0.00143 
   63   63    1    1    1    1    1    1    1    1  1.32518E+15 0.00122 
   64   64    1    1    1    1    1    1    1    1  1.05396E+15 0.00142 
   65   65    1    1    1    1    1    1    1    1  1.04426E+15 0.00159 
   66   66    1    1    1    1    1    1    1    1  7.51025E+14 0.00144 
   67   67    1    1    1    1    1    1    1    1  6.14494E+14 0.00137 
   68   68    1    1    1    1    1    1    1    1  5.53904E+14 0.00172 
   69   69    1    1    1    1    1    1    1    1  6.63619E+14 0.00135 
   70   70    1    1    1    1    1    1    1    1  5.65701E+14 0.00138 
   71   71    1    1    1    1    1    1    1    1  1.04252E+15 0.00161 
   72   72    1    1    1    1    1    1    1    1  7.38885E+14 0.00200 
   73   73    1    1    1    1    1    1    1    1  5.54182E+14 0.00203 
   74   74    1    1    1    1    1    1    1    1  4.38570E+14 0.00181 
   75   75    1    1    1    1    1    1    1    1  3.58981E+14 0.00186 
   76   76    1    1    1    1    1    1    1    1  4.10374E+14 0.00208 
   77   77    1    1    1    1    1    1    1    1  3.19361E+14 0.00188 
   78   78    1    1    1    1    1    1    1    1  2.52269E+14 0.00170 
   79   79    1    1    1    1    1    1    1    1  2.58036E+14 0.00200 
   80   80    1    1    1    1    1    1    1    1  1.89782E+14 0.00246 
   81   81    1    1    1    1    1    1    1    1  1.45541E+14 0.00260 
   82   82    1    1    1    1    1    1    1    1  1.11868E+14 0.00281 
   83   83    1    1    1    1    1    1    1    1  1.04277E+14 0.00273 
   84   84    1    1    1    1    1    1    1    1  7.50666E+13 0.00450 
   85   85    1    1    1    1    1    1    1    1  5.40303E+13 0.00510 
   86   86    1    1    1    1    1    1    1    1  5.07514E+13 0.00458 
   87   87    1    1    1    1    1    1    1    1  3.14255E+13 0.00437 
   88   88    1    1    1    1    1    1    1    1  2.13580E+13 0.00791 
   89   89    1    1    1    1    1    1    1    1  1.21426E+13 0.00709 
   90   90    1    1    1    1    1    1    1    1  8.12885E+12 0.00862 
   91   91    1    1    1    1    1    1    1    1  4.11436E+12 0.01471 
   92   92    1    1    1    1    1    1    1    1  2.02183E+12 0.01911 
   93   93    1    1    1    1    1    1    1    1  9.98329E+11 0.02845 
   94   94    1    1    1    1    1    1    1    1  4.78630E+11 0.04400 
   95   95    1    1    1    1    1    1    1    1  2.28081E+11 0.05153 
   96   96    1    1    1    1    1    1    1    1  1.00720E+11 0.08286 
   97   97    1    1    1    1    1    1    1    1  5.15949E+10 0.11482 
   98   98    1    1    1    1    1    1    1    1  2.34162E+10 0.17785 
   99   99    1    1    1    1    1    1    1    1  7.40242E+09 0.38953 
  100  100    1    1    1    1    1    1    1    1  6.73672E+09 0.34220 
];


