
DETdpaspec = [
    1    1    1    1    1    1    1    1    1    1  0.00000E+00 0.00000 
    2    2    1    1    1    1    1    1    1    1  0.00000E+00 0.00000 
    3    3    1    1    1    1    1    1    1    1  0.00000E+00 0.00000 
    4    4    1    1    1    1    1    1    1    1  0.00000E+00 0.00000 
    5    5    1    1    1    1    1    1    1    1  8.99237E+06 1.00000 
    6    6    1    1    1    1    1    1    1    1  0.00000E+00 0.00000 
    7    7    1    1    1    1    1    1    1    1  3.92046E+07 0.68896 
    8    8    1    1    1    1    1    1    1    1  2.17269E+07 1.00000 
    9    9    1    1    1    1    1    1    1    1  0.00000E+00 0.00000 
   10   10    1    1    1    1    1    1    1    1  0.00000E+00 0.00000 
   11   11    1    1    1    1    1    1    1    1  1.22405E+08 0.68924 
   12   12    1    1    1    1    1    1    1    1  3.50134E+07 0.49821 
   13   13    1    1    1    1    1    1    1    1  8.61215E+08 0.50911 
   14   14    1    1    1    1    1    1    1    1  1.35888E+09 0.68479 
   15   15    1    1    1    1    1    1    1    1  2.20437E+09 0.60662 
   16   16    1    1    1    1    1    1    1    1  9.83353E+08 0.34515 
   17   17    1    1    1    1    1    1    1    1  3.47621E+09 0.24566 
   18   18    1    1    1    1    1    1    1    1  8.61697E+09 0.19230 
   19   19    1    1    1    1    1    1    1    1  5.88250E+09 0.22404 
   20   20    1    1    1    1    1    1    1    1  3.22463E+10 0.11650 
   21   21    1    1    1    1    1    1    1    1  2.27002E+10 0.12455 
   22   22    1    1    1    1    1    1    1    1  5.28854E+10 0.10098 
   23   23    1    1    1    1    1    1    1    1  6.79188E+10 0.10971 
   24   24    1    1    1    1    1    1    1    1  1.14548E+11 0.07030 
   25   25    1    1    1    1    1    1    1    1  1.29365E+11 0.06537 
   26   26    1    1    1    1    1    1    1    1  2.11580E+11 0.06090 
   27   27    1    1    1    1    1    1    1    1  3.84762E+11 0.04473 
   28   28    1    1    1    1    1    1    1    1  6.86217E+11 0.03735 
   29   29    1    1    1    1    1    1    1    1  9.03779E+11 0.02223 
   30   30    1    1    1    1    1    1    1    1  2.95283E+12 0.01659 
   31   31    1    1    1    1    1    1    1    1  8.90028E+12 0.01145 
   32   32    1    1    1    1    1    1    1    1  1.63385E+13 0.00693 
   33   33    1    1    1    1    1    1    1    1  3.43653E+13 0.00717 
   34   34    1    1    1    1    1    1    1    1  4.41164E+13 0.00675 
   35   35    1    1    1    1    1    1    1    1  6.48109E+13 0.00674 
   36   36    1    1    1    1    1    1    1    1  4.53998E+13 0.00590 
   37   37    1    1    1    1    1    1    1    1  1.45966E+13 0.00577 
   38   38    1    1    1    1    1    1    1    1  7.72210E+13 0.00602 
   39   39    1    1    1    1    1    1    1    1  1.02758E+14 0.00578 
   40   40    1    1    1    1    1    1    1    1  1.69196E+14 0.00535 
   41   41    1    1    1    1    1    1    1    1  1.77407E+14 0.00558 
   42   42    1    1    1    1    1    1    1    1  3.58238E+14 0.00539 
   43   43    1    1    1    1    1    1    1    1  4.24696E+14 0.00594 
   44   44    1    1    1    1    1    1    1    1  5.99906E+14 0.00506 
   45   45    1    1    1    1    1    1    1    1  1.12766E+15 0.00506 
   46   46    1    1    1    1    1    1    1    1  5.33461E+14 0.00552 
   47   47    1    1    1    1    1    1    1    1  8.66440E+14 0.00535 
   48   48    1    1    1    1    1    1    1    1  1.19237E+15 0.00526 
   49   49    1    1    1    1    1    1    1    1  1.18499E+15 0.00539 
   50   50    1    1    1    1    1    1    1    1  1.78206E+15 0.00549 
   51   51    1    1    1    1    1    1    1    1  1.45747E+15 0.00542 
   52   52    1    1    1    1    1    1    1    1  1.65429E+15 0.00528 
   53   53    1    1    1    1    1    1    1    1  1.15753E+15 0.00555 
   54   54    1    1    1    1    1    1    1    1  1.35871E+15 0.00544 
   55   55    1    1    1    1    1    1    1    1  9.43439E+14 0.00568 
   56   56    1    1    1    1    1    1    1    1  1.29625E+14 0.00598 
   57   57    1    1    1    1    1    1    1    1  1.87371E+15 0.00561 
   58   58    1    1    1    1    1    1    1    1  7.91851E+14 0.00606 
   59   59    1    1    1    1    1    1    1    1  8.51110E+14 0.00553 
   60   60    1    1    1    1    1    1    1    1  6.40199E+14 0.00599 
   61   61    1    1    1    1    1    1    1    1  6.46505E+14 0.00566 
   62   62    1    1    1    1    1    1    1    1  6.67399E+14 0.00581 
   63   63    1    1    1    1    1    1    1    1  5.53652E+14 0.00528 
   64   64    1    1    1    1    1    1    1    1  4.39596E+14 0.00589 
   65   65    1    1    1    1    1    1    1    1  4.34685E+14 0.00565 
   66   66    1    1    1    1    1    1    1    1  3.12557E+14 0.00577 
   67   67    1    1    1    1    1    1    1    1  2.57865E+14 0.00700 
   68   68    1    1    1    1    1    1    1    1  2.33185E+14 0.00606 
   69   69    1    1    1    1    1    1    1    1  2.78772E+14 0.00622 
   70   70    1    1    1    1    1    1    1    1  2.38840E+14 0.00557 
   71   71    1    1    1    1    1    1    1    1  4.46550E+14 0.00534 
   72   72    1    1    1    1    1    1    1    1  3.17789E+14 0.00590 
   73   73    1    1    1    1    1    1    1    1  2.37098E+14 0.00601 
   74   74    1    1    1    1    1    1    1    1  1.85454E+14 0.00646 
   75   75    1    1    1    1    1    1    1    1  1.49313E+14 0.00648 
   76   76    1    1    1    1    1    1    1    1  1.68129E+14 0.00667 
   77   77    1    1    1    1    1    1    1    1  1.29215E+14 0.00614 
   78   78    1    1    1    1    1    1    1    1  1.00265E+14 0.00680 
   79   79    1    1    1    1    1    1    1    1  1.01939E+14 0.00766 
   80   80    1    1    1    1    1    1    1    1  7.47873E+13 0.00708 
   81   81    1    1    1    1    1    1    1    1  5.70267E+13 0.00758 
   82   82    1    1    1    1    1    1    1    1  4.36820E+13 0.00688 
   83   83    1    1    1    1    1    1    1    1  4.05455E+13 0.00630 
   84   84    1    1    1    1    1    1    1    1  2.90093E+13 0.00780 
   85   85    1    1    1    1    1    1    1    1  2.09517E+13 0.00772 
   86   86    1    1    1    1    1    1    1    1  1.92242E+13 0.00857 
   87   87    1    1    1    1    1    1    1    1  1.21691E+13 0.00919 
   88   88    1    1    1    1    1    1    1    1  8.12821E+12 0.00740 
   89   89    1    1    1    1    1    1    1    1  4.83537E+12 0.01377 
   90   90    1    1    1    1    1    1    1    1  3.21570E+12 0.02031 
   91   91    1    1    1    1    1    1    1    1  1.62686E+12 0.02353 
   92   92    1    1    1    1    1    1    1    1  7.86416E+11 0.04175 
   93   93    1    1    1    1    1    1    1    1  3.82121E+11 0.04410 
   94   94    1    1    1    1    1    1    1    1  1.87060E+11 0.06215 
   95   95    1    1    1    1    1    1    1    1  8.19777E+10 0.11873 
   96   96    1    1    1    1    1    1    1    1  5.65200E+10 0.12965 
   97   97    1    1    1    1    1    1    1    1  1.83012E+10 0.16358 
   98   98    1    1    1    1    1    1    1    1  1.28763E+10 0.28834 
   99   99    1    1    1    1    1    1    1    1  4.41714E+09 0.32832 
  100  100    1    1    1    1    1    1    1    1  5.22810E+09 0.27464 
];


