
DETdpaspec = [
    1    1    1    1    1    1    1    1    1    1  0.00000E+00 0.00000 
    2    2    1    1    1    1    1    1    1    1  0.00000E+00 0.00000 
    3    3    1    1    1    1    1    1    1    1  0.00000E+00 0.00000 
    4    4    1    1    1    1    1    1    1    1  0.00000E+00 0.00000 
    5    5    1    1    1    1    1    1    1    1  0.00000E+00 0.00000 
    6    6    1    1    1    1    1    1    1    1  0.00000E+00 0.00000 
    7    7    1    1    1    1    1    1    1    1  3.45671E+07 0.69283 
    8    8    1    1    1    1    1    1    1    1  0.00000E+00 0.00000 
    9    9    1    1    1    1    1    1    1    1  0.00000E+00 0.00000 
   10   10    1    1    1    1    1    1    1    1  0.00000E+00 0.00000 
   11   11    1    1    1    1    1    1    1    1  3.88627E+08 0.74069 
   12   12    1    1    1    1    1    1    1    1  3.76247E+07 0.69152 
   13   13    1    1    1    1    1    1    1    1  6.13130E+08 0.55352 
   14   14    1    1    1    1    1    1    1    1  3.24571E+09 0.49946 
   15   15    1    1    1    1    1    1    1    1  6.83174E+09 0.30476 
   16   16    1    1    1    1    1    1    1    1  8.01736E+08 0.56250 
   17   17    1    1    1    1    1    1    1    1  2.80908E+09 0.27405 
   18   18    1    1    1    1    1    1    1    1  9.84394E+09 0.22687 
   19   19    1    1    1    1    1    1    1    1  9.28057E+09 0.19080 
   20   20    1    1    1    1    1    1    1    1  3.31227E+10 0.11670 
   21   21    1    1    1    1    1    1    1    1  2.61402E+10 0.10504 
   22   22    1    1    1    1    1    1    1    1  6.55077E+10 0.09575 
   23   23    1    1    1    1    1    1    1    1  9.26529E+10 0.07582 
   24   24    1    1    1    1    1    1    1    1  1.40616E+11 0.07641 
   25   25    1    1    1    1    1    1    1    1  1.87008E+11 0.06211 
   26   26    1    1    1    1    1    1    1    1  2.81243E+11 0.04027 
   27   27    1    1    1    1    1    1    1    1  4.64643E+11 0.03506 
   28   28    1    1    1    1    1    1    1    1  8.82424E+11 0.02647 
   29   29    1    1    1    1    1    1    1    1  1.27172E+12 0.02625 
   30   30    1    1    1    1    1    1    1    1  3.96522E+12 0.01259 
   31   31    1    1    1    1    1    1    1    1  1.21989E+13 0.00948 
   32   32    1    1    1    1    1    1    1    1  2.29723E+13 0.00604 
   33   33    1    1    1    1    1    1    1    1  5.20278E+13 0.00473 
   34   34    1    1    1    1    1    1    1    1  7.01990E+13 0.00443 
   35   35    1    1    1    1    1    1    1    1  1.00628E+14 0.00347 
   36   36    1    1    1    1    1    1    1    1  7.00574E+13 0.00277 
   37   37    1    1    1    1    1    1    1    1  2.21290E+13 0.00337 
   38   38    1    1    1    1    1    1    1    1  1.20659E+14 0.00225 
   39   39    1    1    1    1    1    1    1    1  1.61739E+14 0.00209 
   40   40    1    1    1    1    1    1    1    1  2.73136E+14 0.00200 
   41   41    1    1    1    1    1    1    1    1  2.84132E+14 0.00210 
   42   42    1    1    1    1    1    1    1    1  5.91660E+14 0.00166 
   43   43    1    1    1    1    1    1    1    1  7.12887E+14 0.00191 
   44   44    1    1    1    1    1    1    1    1  1.02632E+15 0.00149 
   45   45    1    1    1    1    1    1    1    1  1.99041E+15 0.00170 
   46   46    1    1    1    1    1    1    1    1  9.35940E+14 0.00165 
   47   47    1    1    1    1    1    1    1    1  1.52242E+15 0.00153 
   48   48    1    1    1    1    1    1    1    1  2.11296E+15 0.00146 
   49   49    1    1    1    1    1    1    1    1  2.10081E+15 0.00149 
   50   50    1    1    1    1    1    1    1    1  3.20540E+15 0.00151 
   51   51    1    1    1    1    1    1    1    1  2.59335E+15 0.00145 
   52   52    1    1    1    1    1    1    1    1  3.00035E+15 0.00147 
   53   53    1    1    1    1    1    1    1    1  2.08760E+15 0.00169 
   54   54    1    1    1    1    1    1    1    1  2.49370E+15 0.00150 
   55   55    1    1    1    1    1    1    1    1  1.72117E+15 0.00166 
   56   56    1    1    1    1    1    1    1    1  2.35867E+14 0.00138 
   57   57    1    1    1    1    1    1    1    1  3.41992E+15 0.00135 
   58   58    1    1    1    1    1    1    1    1  1.47486E+15 0.00139 
   59   59    1    1    1    1    1    1    1    1  1.57545E+15 0.00146 
   60   60    1    1    1    1    1    1    1    1  1.19847E+15 0.00145 
   61   61    1    1    1    1    1    1    1    1  1.20690E+15 0.00133 
   62   62    1    1    1    1    1    1    1    1  1.25151E+15 0.00151 
   63   63    1    1    1    1    1    1    1    1  1.04192E+15 0.00177 
   64   64    1    1    1    1    1    1    1    1  8.27847E+14 0.00178 
   65   65    1    1    1    1    1    1    1    1  8.20275E+14 0.00229 
   66   66    1    1    1    1    1    1    1    1  5.89831E+14 0.00218 
   67   67    1    1    1    1    1    1    1    1  4.83812E+14 0.00224 
   68   68    1    1    1    1    1    1    1    1  4.35991E+14 0.00210 
   69   69    1    1    1    1    1    1    1    1  5.21055E+14 0.00240 
   70   70    1    1    1    1    1    1    1    1  4.44764E+14 0.00240 
   71   71    1    1    1    1    1    1    1    1  8.23294E+14 0.00213 
   72   72    1    1    1    1    1    1    1    1  5.83350E+14 0.00235 
   73   73    1    1    1    1    1    1    1    1  4.36454E+14 0.00217 
   74   74    1    1    1    1    1    1    1    1  3.44676E+14 0.00264 
   75   75    1    1    1    1    1    1    1    1  2.80687E+14 0.00236 
   76   76    1    1    1    1    1    1    1    1  3.20184E+14 0.00268 
   77   77    1    1    1    1    1    1    1    1  2.48270E+14 0.00252 
   78   78    1    1    1    1    1    1    1    1  1.94611E+14 0.00282 
   79   79    1    1    1    1    1    1    1    1  1.99213E+14 0.00251 
   80   80    1    1    1    1    1    1    1    1  1.46988E+14 0.00270 
   81   81    1    1    1    1    1    1    1    1  1.12458E+14 0.00300 
   82   82    1    1    1    1    1    1    1    1  8.56169E+13 0.00345 
   83   83    1    1    1    1    1    1    1    1  8.02838E+13 0.00338 
   84   84    1    1    1    1    1    1    1    1  5.76746E+13 0.00325 
   85   85    1    1    1    1    1    1    1    1  4.15433E+13 0.00426 
   86   86    1    1    1    1    1    1    1    1  3.89842E+13 0.00534 
   87   87    1    1    1    1    1    1    1    1  2.42684E+13 0.00637 
   88   88    1    1    1    1    1    1    1    1  1.63484E+13 0.00566 
   89   89    1    1    1    1    1    1    1    1  9.43248E+12 0.00966 
   90   90    1    1    1    1    1    1    1    1  6.39316E+12 0.01175 
   91   91    1    1    1    1    1    1    1    1  3.21726E+12 0.02007 
   92   92    1    1    1    1    1    1    1    1  1.52796E+12 0.02962 
   93   93    1    1    1    1    1    1    1    1  7.73547E+11 0.02954 
   94   94    1    1    1    1    1    1    1    1  3.74842E+11 0.05657 
   95   95    1    1    1    1    1    1    1    1  1.65256E+11 0.06337 
   96   96    1    1    1    1    1    1    1    1  7.98083E+10 0.12250 
   97   97    1    1    1    1    1    1    1    1  4.74103E+10 0.14299 
   98   98    1    1    1    1    1    1    1    1  1.64011E+10 0.18206 
   99   99    1    1    1    1    1    1    1    1  7.75470E+09 0.32838 
  100  100    1    1    1    1    1    1    1    1  1.07843E+10 0.25642 
];


