
DETdpaspec = [
    1    1    1    1    1    1    1    1    1    1  0.00000E+00 0.00000 
    2    2    1    1    1    1    1    1    1    1  0.00000E+00 0.00000 
    3    3    1    1    1    1    1    1    1    1  0.00000E+00 0.00000 
    4    4    1    1    1    1    1    1    1    1  0.00000E+00 0.00000 
    5    5    1    1    1    1    1    1    1    1  0.00000E+00 0.00000 
    6    6    1    1    1    1    1    1    1    1  0.00000E+00 0.00000 
    7    7    1    1    1    1    1    1    1    1  0.00000E+00 0.00000 
    8    8    1    1    1    1    1    1    1    1  0.00000E+00 0.00000 
    9    9    1    1    1    1    1    1    1    1  0.00000E+00 0.00000 
   10   10    1    1    1    1    1    1    1    1  0.00000E+00 0.00000 
   11   11    1    1    1    1    1    1    1    1  1.52202E+08 0.68829 
   12   12    1    1    1    1    1    1    1    1  9.83057E+07 0.53907 
   13   13    1    1    1    1    1    1    1    1  1.52419E+09 0.55739 
   14   14    1    1    1    1    1    1    1    1  3.24022E+09 0.35180 
   15   15    1    1    1    1    1    1    1    1  8.91373E+09 0.26368 
   16   16    1    1    1    1    1    1    1    1  2.87048E+09 0.29326 
   17   17    1    1    1    1    1    1    1    1  4.57731E+09 0.31853 
   18   18    1    1    1    1    1    1    1    1  1.46079E+10 0.18082 
   19   19    1    1    1    1    1    1    1    1  1.29525E+10 0.21367 
   20   20    1    1    1    1    1    1    1    1  4.54311E+10 0.15982 
   21   21    1    1    1    1    1    1    1    1  3.60400E+10 0.12670 
   22   22    1    1    1    1    1    1    1    1  8.11843E+10 0.08238 
   23   23    1    1    1    1    1    1    1    1  1.22911E+11 0.07704 
   24   24    1    1    1    1    1    1    1    1  2.04393E+11 0.05930 
   25   25    1    1    1    1    1    1    1    1  2.36372E+11 0.06231 
   26   26    1    1    1    1    1    1    1    1  3.58287E+11 0.04596 
   27   27    1    1    1    1    1    1    1    1  6.05555E+11 0.02996 
   28   28    1    1    1    1    1    1    1    1  1.29519E+12 0.01740 
   29   29    1    1    1    1    1    1    1    1  2.03989E+12 0.01628 
   30   30    1    1    1    1    1    1    1    1  6.05834E+12 0.01070 
   31   31    1    1    1    1    1    1    1    1  1.92590E+13 0.00802 
   32   32    1    1    1    1    1    1    1    1  3.63865E+13 0.00571 
   33   33    1    1    1    1    1    1    1    1  8.68875E+13 0.00313 
   34   34    1    1    1    1    1    1    1    1  1.22457E+14 0.00264 
   35   35    1    1    1    1    1    1    1    1  1.64692E+14 0.00214 
   36   36    1    1    1    1    1    1    1    1  1.13164E+14 0.00212 
   37   37    1    1    1    1    1    1    1    1  3.48215E+13 0.00253 
   38   38    1    1    1    1    1    1    1    1  1.94892E+14 0.00192 
   39   39    1    1    1    1    1    1    1    1  2.63893E+14 0.00205 
   40   40    1    1    1    1    1    1    1    1  4.54134E+14 0.00141 
   41   41    1    1    1    1    1    1    1    1  4.64577E+14 0.00151 
   42   42    1    1    1    1    1    1    1    1  9.91144E+14 0.00101 
   43   43    1    1    1    1    1    1    1    1  1.20870E+15 0.00118 
   44   44    1    1    1    1    1    1    1    1  1.76090E+15 0.00128 
   45   45    1    1    1    1    1    1    1    1  3.51611E+15 0.00101 
   46   46    1    1    1    1    1    1    1    1  1.65461E+15 0.00086 
   47   47    1    1    1    1    1    1    1    1  2.68490E+15 0.00089 
   48   48    1    1    1    1    1    1    1    1  3.76067E+15 0.00090 
   49   49    1    1    1    1    1    1    1    1  3.74171E+15 0.00084 
   50   50    1    1    1    1    1    1    1    1  5.83346E+15 0.00089 
   51   51    1    1    1    1    1    1    1    1  4.68564E+15 0.00072 
   52   52    1    1    1    1    1    1    1    1  5.55367E+15 0.00082 
   53   53    1    1    1    1    1    1    1    1  3.87176E+15 0.00088 
   54   54    1    1    1    1    1    1    1    1  4.72239E+15 0.00090 
   55   55    1    1    1    1    1    1    1    1  3.25173E+15 0.00069 
   56   56    1    1    1    1    1    1    1    1  4.43663E+14 0.00128 
   57   57    1    1    1    1    1    1    1    1  6.48786E+15 0.00079 
   58   58    1    1    1    1    1    1    1    1  2.87554E+15 0.00078 
   59   59    1    1    1    1    1    1    1    1  3.06580E+15 0.00079 
   60   60    1    1    1    1    1    1    1    1  2.37285E+15 0.00076 
   61   61    1    1    1    1    1    1    1    1  2.38458E+15 0.00093 
   62   62    1    1    1    1    1    1    1    1  2.48917E+15 0.00086 
   63   63    1    1    1    1    1    1    1    1  2.09396E+15 0.00093 
   64   64    1    1    1    1    1    1    1    1  1.66586E+15 0.00120 
   65   65    1    1    1    1    1    1    1    1  1.65519E+15 0.00114 
   66   66    1    1    1    1    1    1    1    1  1.19185E+15 0.00123 
   67   67    1    1    1    1    1    1    1    1  9.72194E+14 0.00111 
   68   68    1    1    1    1    1    1    1    1  8.74300E+14 0.00138 
   69   69    1    1    1    1    1    1    1    1  1.04867E+15 0.00122 
   70   70    1    1    1    1    1    1    1    1  8.93810E+14 0.00148 
   71   71    1    1    1    1    1    1    1    1  1.63776E+15 0.00129 
   72   72    1    1    1    1    1    1    1    1  1.15957E+15 0.00145 
   73   73    1    1    1    1    1    1    1    1  8.71948E+14 0.00105 
   74   74    1    1    1    1    1    1    1    1  6.98253E+14 0.00167 
   75   75    1    1    1    1    1    1    1    1  5.77233E+14 0.00175 
   76   76    1    1    1    1    1    1    1    1  6.65932E+14 0.00161 
   77   77    1    1    1    1    1    1    1    1  5.24063E+14 0.00154 
   78   78    1    1    1    1    1    1    1    1  4.16324E+14 0.00177 
   79   79    1    1    1    1    1    1    1    1  4.28270E+14 0.00187 
   80   80    1    1    1    1    1    1    1    1  3.16047E+14 0.00187 
   81   81    1    1    1    1    1    1    1    1  2.43639E+14 0.00203 
   82   82    1    1    1    1    1    1    1    1  1.87504E+14 0.00278 
   83   83    1    1    1    1    1    1    1    1  1.75162E+14 0.00248 
   84   84    1    1    1    1    1    1    1    1  1.26052E+14 0.00242 
   85   85    1    1    1    1    1    1    1    1  9.10309E+13 0.00241 
   86   86    1    1    1    1    1    1    1    1  8.49015E+13 0.00283 
   87   87    1    1    1    1    1    1    1    1  5.26698E+13 0.00394 
   88   88    1    1    1    1    1    1    1    1  3.54393E+13 0.00392 
   89   89    1    1    1    1    1    1    1    1  2.01131E+13 0.00656 
   90   90    1    1    1    1    1    1    1    1  1.36526E+13 0.00589 
   91   91    1    1    1    1    1    1    1    1  6.72778E+12 0.01544 
   92   92    1    1    1    1    1    1    1    1  3.33025E+12 0.01577 
   93   93    1    1    1    1    1    1    1    1  1.56122E+12 0.02255 
   94   94    1    1    1    1    1    1    1    1  7.63938E+11 0.02840 
   95   95    1    1    1    1    1    1    1    1  3.70442E+11 0.03533 
   96   96    1    1    1    1    1    1    1    1  1.92939E+11 0.05340 
   97   97    1    1    1    1    1    1    1    1  9.07929E+10 0.06745 
   98   98    1    1    1    1    1    1    1    1  4.75872E+10 0.15303 
   99   99    1    1    1    1    1    1    1    1  1.39461E+10 0.32346 
  100  100    1    1    1    1    1    1    1    1  2.23238E+10 0.23406 
];


