
DETdpaspec = [
    1    1    1    1    1    1    1    1    1    1  0.00000E+00 0.00000 
    2    2    1    1    1    1    1    1    1    1  0.00000E+00 0.00000 
    3    3    1    1    1    1    1    1    1    1  0.00000E+00 0.00000 
    4    4    1    1    1    1    1    1    1    1  0.00000E+00 0.00000 
    5    5    1    1    1    1    1    1    1    1  0.00000E+00 0.00000 
    6    6    1    1    1    1    1    1    1    1  9.12066E+06 1.00000 
    7    7    1    1    1    1    1    1    1    1  0.00000E+00 0.00000 
    8    8    1    1    1    1    1    1    1    1  0.00000E+00 0.00000 
    9    9    1    1    1    1    1    1    1    1  1.44037E+07 1.00000 
   10   10    1    1    1    1    1    1    1    1  0.00000E+00 0.00000 
   11   11    1    1    1    1    1    1    1    1  2.66622E+08 0.82118 
   12   12    1    1    1    1    1    1    1    1  1.68246E+07 0.71978 
   13   13    1    1    1    1    1    1    1    1  5.88315E+08 0.62828 
   14   14    1    1    1    1    1    1    1    1  1.53778E+09 0.49062 
   15   15    1    1    1    1    1    1    1    1  5.06755E+09 0.37419 
   16   16    1    1    1    1    1    1    1    1  1.01710E+09 0.39996 
   17   17    1    1    1    1    1    1    1    1  1.78172E+09 0.33489 
   18   18    1    1    1    1    1    1    1    1  9.68273E+09 0.20562 
   19   19    1    1    1    1    1    1    1    1  7.65933E+09 0.23505 
   20   20    1    1    1    1    1    1    1    1  1.76352E+10 0.20639 
   21   21    1    1    1    1    1    1    1    1  1.91586E+10 0.15710 
   22   22    1    1    1    1    1    1    1    1  4.45013E+10 0.12862 
   23   23    1    1    1    1    1    1    1    1  6.61587E+10 0.10725 
   24   24    1    1    1    1    1    1    1    1  7.84395E+10 0.08697 
   25   25    1    1    1    1    1    1    1    1  1.16244E+11 0.06635 
   26   26    1    1    1    1    1    1    1    1  1.73169E+11 0.05943 
   27   27    1    1    1    1    1    1    1    1  3.05466E+11 0.04379 
   28   28    1    1    1    1    1    1    1    1  5.76335E+11 0.02953 
   29   29    1    1    1    1    1    1    1    1  7.93228E+11 0.02717 
   30   30    1    1    1    1    1    1    1    1  2.59746E+12 0.01883 
   31   31    1    1    1    1    1    1    1    1  7.65648E+12 0.01446 
   32   32    1    1    1    1    1    1    1    1  1.41251E+13 0.00998 
   33   33    1    1    1    1    1    1    1    1  3.10213E+13 0.00621 
   34   34    1    1    1    1    1    1    1    1  4.08648E+13 0.00454 
   35   35    1    1    1    1    1    1    1    1  5.93951E+13 0.00341 
   36   36    1    1    1    1    1    1    1    1  4.15944E+13 0.00383 
   37   37    1    1    1    1    1    1    1    1  1.32443E+13 0.00362 
   38   38    1    1    1    1    1    1    1    1  7.12194E+13 0.00321 
   39   39    1    1    1    1    1    1    1    1  9.53651E+13 0.00275 
   40   40    1    1    1    1    1    1    1    1  1.58093E+14 0.00274 
   41   41    1    1    1    1    1    1    1    1  1.65387E+14 0.00263 
   42   42    1    1    1    1    1    1    1    1  3.39116E+14 0.00331 
   43   43    1    1    1    1    1    1    1    1  4.04844E+14 0.00302 
   44   44    1    1    1    1    1    1    1    1  5.76891E+14 0.00297 
   45   45    1    1    1    1    1    1    1    1  1.09359E+15 0.00233 
   46   46    1    1    1    1    1    1    1    1  5.13363E+14 0.00242 
   47   47    1    1    1    1    1    1    1    1  8.33476E+14 0.00235 
   48   48    1    1    1    1    1    1    1    1  1.14875E+15 0.00234 
   49   49    1    1    1    1    1    1    1    1  1.13662E+15 0.00230 
   50   50    1    1    1    1    1    1    1    1  1.71809E+15 0.00241 
   51   51    1    1    1    1    1    1    1    1  1.38915E+15 0.00250 
   52   52    1    1    1    1    1    1    1    1  1.58897E+15 0.00284 
   53   53    1    1    1    1    1    1    1    1  1.10521E+15 0.00293 
   54   54    1    1    1    1    1    1    1    1  1.30282E+15 0.00268 
   55   55    1    1    1    1    1    1    1    1  8.99280E+14 0.00272 
   56   56    1    1    1    1    1    1    1    1  1.23411E+14 0.00247 
   57   57    1    1    1    1    1    1    1    1  1.78408E+15 0.00270 
   58   58    1    1    1    1    1    1    1    1  7.58295E+14 0.00283 
   59   59    1    1    1    1    1    1    1    1  8.11371E+14 0.00255 
   60   60    1    1    1    1    1    1    1    1  6.10314E+14 0.00294 
   61   61    1    1    1    1    1    1    1    1  6.15976E+14 0.00329 
   62   62    1    1    1    1    1    1    1    1  6.34362E+14 0.00296 
   63   63    1    1    1    1    1    1    1    1  5.26957E+14 0.00309 
   64   64    1    1    1    1    1    1    1    1  4.18124E+14 0.00267 
   65   65    1    1    1    1    1    1    1    1  4.13246E+14 0.00266 
   66   66    1    1    1    1    1    1    1    1  2.95595E+14 0.00309 
   67   67    1    1    1    1    1    1    1    1  2.43705E+14 0.00340 
   68   68    1    1    1    1    1    1    1    1  2.19887E+14 0.00323 
   69   69    1    1    1    1    1    1    1    1  2.63333E+14 0.00321 
   70   70    1    1    1    1    1    1    1    1  2.24126E+14 0.00373 
   71   71    1    1    1    1    1    1    1    1  4.15670E+14 0.00356 
   72   72    1    1    1    1    1    1    1    1  2.94885E+14 0.00367 
   73   73    1    1    1    1    1    1    1    1  2.19526E+14 0.00433 
   74   74    1    1    1    1    1    1    1    1  1.72541E+14 0.00403 
   75   75    1    1    1    1    1    1    1    1  1.38916E+14 0.00455 
   76   76    1    1    1    1    1    1    1    1  1.58191E+14 0.00409 
   77   77    1    1    1    1    1    1    1    1  1.21567E+14 0.00463 
   78   78    1    1    1    1    1    1    1    1  9.54129E+13 0.00448 
   79   79    1    1    1    1    1    1    1    1  9.68462E+13 0.00451 
   80   80    1    1    1    1    1    1    1    1  7.11924E+13 0.00465 
   81   81    1    1    1    1    1    1    1    1  5.44200E+13 0.00492 
   82   82    1    1    1    1    1    1    1    1  4.17318E+13 0.00493 
   83   83    1    1    1    1    1    1    1    1  3.86422E+13 0.00485 
   84   84    1    1    1    1    1    1    1    1  2.77903E+13 0.00856 
   85   85    1    1    1    1    1    1    1    1  2.00810E+13 0.00807 
   86   86    1    1    1    1    1    1    1    1  1.87661E+13 0.00440 
   87   87    1    1    1    1    1    1    1    1  1.18169E+13 0.00763 
   88   88    1    1    1    1    1    1    1    1  7.83502E+12 0.01110 
   89   89    1    1    1    1    1    1    1    1  4.56197E+12 0.01270 
   90   90    1    1    1    1    1    1    1    1  3.01607E+12 0.02060 
   91   91    1    1    1    1    1    1    1    1  1.53714E+12 0.02806 
   92   92    1    1    1    1    1    1    1    1  7.51924E+11 0.03633 
   93   93    1    1    1    1    1    1    1    1  3.41913E+11 0.04532 
   94   94    1    1    1    1    1    1    1    1  1.93269E+11 0.07915 
   95   95    1    1    1    1    1    1    1    1  9.06805E+10 0.06616 
   96   96    1    1    1    1    1    1    1    1  3.60605E+10 0.16059 
   97   97    1    1    1    1    1    1    1    1  2.27424E+10 0.17272 
   98   98    1    1    1    1    1    1    1    1  4.05899E+09 0.33616 
   99   99    1    1    1    1    1    1    1    1  9.33506E+09 0.31119 
  100  100    1    1    1    1    1    1    1    1  5.98006E+09 0.36965 
];


