
DETdpaspec = [
    1    1    1    1    1    1    1    1    1    1  0.00000E+00 0.00000 
    2    2    1    1    1    1    1    1    1    1  0.00000E+00 0.00000 
    3    3    1    1    1    1    1    1    1    1  0.00000E+00 0.00000 
    4    4    1    1    1    1    1    1    1    1  0.00000E+00 0.00000 
    5    5    1    1    1    1    1    1    1    1  0.00000E+00 0.00000 
    6    6    1    1    1    1    1    1    1    1  0.00000E+00 0.00000 
    7    7    1    1    1    1    1    1    1    1  0.00000E+00 0.00000 
    8    8    1    1    1    1    1    1    1    1  2.00345E+07 1.00000 
    9    9    1    1    1    1    1    1    1    1  2.71024E+07 1.00000 
   10   10    1    1    1    1    1    1    1    1  1.06274E+08 0.69004 
   11   11    1    1    1    1    1    1    1    1  5.38764E+07 1.00000 
   12   12    1    1    1    1    1    1    1    1  5.08923E+07 0.65084 
   13   13    1    1    1    1    1    1    1    1  6.13458E+08 0.54684 
   14   14    1    1    1    1    1    1    1    1  4.06501E+09 0.44200 
   15   15    1    1    1    1    1    1    1    1  4.98193E+09 0.46322 
   16   16    1    1    1    1    1    1    1    1  2.07861E+09 0.32112 
   17   17    1    1    1    1    1    1    1    1  2.61657E+09 0.29242 
   18   18    1    1    1    1    1    1    1    1  8.31468E+09 0.27686 
   19   19    1    1    1    1    1    1    1    1  1.01123E+10 0.14215 
   20   20    1    1    1    1    1    1    1    1  4.19003E+10 0.10342 
   21   21    1    1    1    1    1    1    1    1  2.47588E+10 0.11779 
   22   22    1    1    1    1    1    1    1    1  7.67309E+10 0.06664 
   23   23    1    1    1    1    1    1    1    1  8.64917E+10 0.07557 
   24   24    1    1    1    1    1    1    1    1  1.59136E+11 0.06987 
   25   25    1    1    1    1    1    1    1    1  2.17788E+11 0.05791 
   26   26    1    1    1    1    1    1    1    1  3.23258E+11 0.03587 
   27   27    1    1    1    1    1    1    1    1  5.38211E+11 0.02971 
   28   28    1    1    1    1    1    1    1    1  9.66348E+11 0.03206 
   29   29    1    1    1    1    1    1    1    1  1.44007E+12 0.02350 
   30   30    1    1    1    1    1    1    1    1  4.41956E+12 0.01319 
   31   31    1    1    1    1    1    1    1    1  1.39982E+13 0.00829 
   32   32    1    1    1    1    1    1    1    1  2.69058E+13 0.00534 
   33   33    1    1    1    1    1    1    1    1  6.18828E+13 0.00443 
   34   34    1    1    1    1    1    1    1    1  8.37145E+13 0.00370 
   35   35    1    1    1    1    1    1    1    1  1.18926E+14 0.00205 
   36   36    1    1    1    1    1    1    1    1  8.28375E+13 0.00254 
   37   37    1    1    1    1    1    1    1    1  2.60132E+13 0.00208 
   38   38    1    1    1    1    1    1    1    1  1.42879E+14 0.00203 
   39   39    1    1    1    1    1    1    1    1  1.92760E+14 0.00168 
   40   40    1    1    1    1    1    1    1    1  3.26452E+14 0.00145 
   41   41    1    1    1    1    1    1    1    1  3.37734E+14 0.00135 
   42   42    1    1    1    1    1    1    1    1  7.08664E+14 0.00155 
   43   43    1    1    1    1    1    1    1    1  8.54837E+14 0.00137 
   44   44    1    1    1    1    1    1    1    1  1.23421E+15 0.00094 
   45   45    1    1    1    1    1    1    1    1  2.40892E+15 0.00102 
   46   46    1    1    1    1    1    1    1    1  1.13508E+15 0.00110 
   47   47    1    1    1    1    1    1    1    1  1.84573E+15 0.00119 
   48   48    1    1    1    1    1    1    1    1  2.57327E+15 0.00103 
   49   49    1    1    1    1    1    1    1    1  2.55761E+15 0.00082 
   50   50    1    1    1    1    1    1    1    1  3.92740E+15 0.00074 
   51   51    1    1    1    1    1    1    1    1  3.17596E+15 0.00082 
   52   52    1    1    1    1    1    1    1    1  3.69810E+15 0.00096 
   53   53    1    1    1    1    1    1    1    1  2.57682E+15 0.00090 
   54   54    1    1    1    1    1    1    1    1  3.08956E+15 0.00089 
   55   55    1    1    1    1    1    1    1    1  2.13195E+15 0.00091 
   56   56    1    1    1    1    1    1    1    1  2.92257E+14 0.00128 
   57   57    1    1    1    1    1    1    1    1  4.24275E+15 0.00110 
   58   58    1    1    1    1    1    1    1    1  1.84239E+15 0.00098 
   59   59    1    1    1    1    1    1    1    1  1.96891E+15 0.00152 
   60   60    1    1    1    1    1    1    1    1  1.50343E+15 0.00134 
   61   61    1    1    1    1    1    1    1    1  1.51226E+15 0.00120 
   62   62    1    1    1    1    1    1    1    1  1.57038E+15 0.00130 
   63   63    1    1    1    1    1    1    1    1  1.31376E+15 0.00136 
   64   64    1    1    1    1    1    1    1    1  1.04470E+15 0.00160 
   65   65    1    1    1    1    1    1    1    1  1.03494E+15 0.00109 
   66   66    1    1    1    1    1    1    1    1  7.44003E+14 0.00162 
   67   67    1    1    1    1    1    1    1    1  6.09933E+14 0.00175 
   68   68    1    1    1    1    1    1    1    1  5.47767E+14 0.00187 
   69   69    1    1    1    1    1    1    1    1  6.57312E+14 0.00202 
   70   70    1    1    1    1    1    1    1    1  5.60775E+14 0.00180 
   71   71    1    1    1    1    1    1    1    1  1.03400E+15 0.00160 
   72   72    1    1    1    1    1    1    1    1  7.33828E+14 0.00168 
   73   73    1    1    1    1    1    1    1    1  5.48948E+14 0.00191 
   74   74    1    1    1    1    1    1    1    1  4.34901E+14 0.00149 
   75   75    1    1    1    1    1    1    1    1  3.57070E+14 0.00221 
   76   76    1    1    1    1    1    1    1    1  4.07618E+14 0.00194 
   77   77    1    1    1    1    1    1    1    1  3.17168E+14 0.00180 
   78   78    1    1    1    1    1    1    1    1  2.49931E+14 0.00218 
   79   79    1    1    1    1    1    1    1    1  2.55676E+14 0.00234 
   80   80    1    1    1    1    1    1    1    1  1.88364E+14 0.00226 
   81   81    1    1    1    1    1    1    1    1  1.44497E+14 0.00260 
   82   82    1    1    1    1    1    1    1    1  1.10974E+14 0.00206 
   83   83    1    1    1    1    1    1    1    1  1.03097E+14 0.00220 
   84   84    1    1    1    1    1    1    1    1  7.43387E+13 0.00398 
   85   85    1    1    1    1    1    1    1    1  5.36762E+13 0.00384 
   86   86    1    1    1    1    1    1    1    1  5.01426E+13 0.00602 
   87   87    1    1    1    1    1    1    1    1  3.12157E+13 0.00350 
   88   88    1    1    1    1    1    1    1    1  2.10749E+13 0.00798 
   89   89    1    1    1    1    1    1    1    1  1.20631E+13 0.00680 
   90   90    1    1    1    1    1    1    1    1  8.00743E+12 0.01296 
   91   91    1    1    1    1    1    1    1    1  4.15901E+12 0.01130 
   92   92    1    1    1    1    1    1    1    1  1.99952E+12 0.01613 
   93   93    1    1    1    1    1    1    1    1  9.78214E+11 0.03334 
   94   94    1    1    1    1    1    1    1    1  4.89278E+11 0.03378 
   95   95    1    1    1    1    1    1    1    1  2.40217E+11 0.06844 
   96   96    1    1    1    1    1    1    1    1  1.00537E+11 0.08791 
   97   97    1    1    1    1    1    1    1    1  6.30662E+10 0.10955 
   98   98    1    1    1    1    1    1    1    1  3.53292E+10 0.15472 
   99   99    1    1    1    1    1    1    1    1  1.12251E+10 0.28647 
  100  100    1    1    1    1    1    1    1    1  1.28022E+10 0.30628 
];


