
DETdpaspec = [
    1    1    1    1    1    1    1    1    1    1  0.00000E+00 0.00000 
    2    2    1    1    1    1    1    1    1    1  0.00000E+00 0.00000 
    3    3    1    1    1    1    1    1    1    1  0.00000E+00 0.00000 
    4    4    1    1    1    1    1    1    1    1  0.00000E+00 0.00000 
    5    5    1    1    1    1    1    1    1    1  0.00000E+00 0.00000 
    6    6    1    1    1    1    1    1    1    1  0.00000E+00 0.00000 
    7    7    1    1    1    1    1    1    1    1  1.43312E+08 0.73264 
    8    8    1    1    1    1    1    1    1    1  3.48088E+07 1.00000 
    9    9    1    1    1    1    1    1    1    1  1.80668E+07 1.00000 
   10   10    1    1    1    1    1    1    1    1  0.00000E+00 0.00000 
   11   11    1    1    1    1    1    1    1    1  8.04209E+08 0.73177 
   12   12    1    1    1    1    1    1    1    1  6.72348E+08 0.62839 
   13   13    1    1    1    1    1    1    1    1  6.20358E+09 0.56982 
   14   14    1    1    1    1    1    1    1    1  4.05085E+09 0.57476 
   15   15    1    1    1    1    1    1    1    1  3.38316E+09 0.75951 
   16   16    1    1    1    1    1    1    1    1  1.35785E+09 0.91638 
   17   17    1    1    1    1    1    1    1    1  3.83759E+09 0.41064 
   18   18    1    1    1    1    1    1    1    1  4.61325E+09 0.39077 
   19   19    1    1    1    1    1    1    1    1  6.23151E+09 0.43901 
   20   20    1    1    1    1    1    1    1    1  2.01313E+10 0.22573 
   21   21    1    1    1    1    1    1    1    1  2.15610E+10 0.18664 
   22   22    1    1    1    1    1    1    1    1  5.09930E+10 0.10442 
   23   23    1    1    1    1    1    1    1    1  1.65543E+11 0.06592 
   24   24    1    1    1    1    1    1    1    1  5.06802E+11 0.04576 
   25   25    1    1    1    1    1    1    1    1  8.23809E+11 0.03283 
   26   26    1    1    1    1    1    1    1    1  1.93393E+12 0.01991 
   27   27    1    1    1    1    1    1    1    1  4.43583E+12 0.01088 
   28   28    1    1    1    1    1    1    1    1  9.97291E+12 0.00936 
   29   29    1    1    1    1    1    1    1    1  1.67718E+13 0.00758 
   30   30    1    1    1    1    1    1    1    1  3.51337E+13 0.00445 
   31   31    1    1    1    1    1    1    1    1  8.06538E+13 0.00497 
   32   32    1    1    1    1    1    1    1    1  1.26673E+14 0.00269 
   33   33    1    1    1    1    1    1    1    1  2.63916E+14 0.00211 
   34   34    1    1    1    1    1    1    1    1  3.36781E+14 0.00170 
   35   35    1    1    1    1    1    1    1    1  3.54269E+14 0.00179 
   36   36    1    1    1    1    1    1    1    1  2.14299E+14 0.00135 
   37   37    1    1    1    1    1    1    1    1  6.26175E+13 0.00163 
   38   38    1    1    1    1    1    1    1    1  3.59723E+14 0.00130 
   39   39    1    1    1    1    1    1    1    1  4.78844E+14 0.00140 
   40   40    1    1    1    1    1    1    1    1  8.13525E+14 0.00118 
   41   41    1    1    1    1    1    1    1    1  7.84734E+14 0.00092 
   42   42    1    1    1    1    1    1    1    1  1.69079E+15 0.00072 
   43   43    1    1    1    1    1    1    1    1  2.01773E+15 0.00078 
   44   44    1    1    1    1    1    1    1    1  2.87186E+15 0.00091 
   45   45    1    1    1    1    1    1    1    1  5.61819E+15 0.00063 
   46   46    1    1    1    1    1    1    1    1  2.50660E+15 0.00068 
   47   47    1    1    1    1    1    1    1    1  3.96650E+15 0.00056 
   48   48    1    1    1    1    1    1    1    1  5.43064E+15 0.00065 
   49   49    1    1    1    1    1    1    1    1  5.27990E+15 0.00055 
   50   50    1    1    1    1    1    1    1    1  8.20781E+15 0.00064 
   51   51    1    1    1    1    1    1    1    1  6.31348E+15 0.00048 
   52   52    1    1    1    1    1    1    1    1  7.58417E+15 0.00057 
   53   53    1    1    1    1    1    1    1    1  5.16512E+15 0.00066 
   54   54    1    1    1    1    1    1    1    1  6.39760E+15 0.00079 
   55   55    1    1    1    1    1    1    1    1  4.35135E+15 0.00065 
   56   56    1    1    1    1    1    1    1    1  5.85820E+14 0.00104 
   57   57    1    1    1    1    1    1    1    1  8.55681E+15 0.00065 
   58   58    1    1    1    1    1    1    1    1  3.88893E+15 0.00070 
   59   59    1    1    1    1    1    1    1    1  4.07411E+15 0.00079 
   60   60    1    1    1    1    1    1    1    1  3.21281E+15 0.00061 
   61   61    1    1    1    1    1    1    1    1  3.19684E+15 0.00063 
   62   62    1    1    1    1    1    1    1    1  3.32397E+15 0.00069 
   63   63    1    1    1    1    1    1    1    1  2.79232E+15 0.00084 
   64   64    1    1    1    1    1    1    1    1  2.20828E+15 0.00081 
   65   65    1    1    1    1    1    1    1    1  2.18663E+15 0.00055 
   66   66    1    1    1    1    1    1    1    1  1.56708E+15 0.00069 
   67   67    1    1    1    1    1    1    1    1  1.26399E+15 0.00071 
   68   68    1    1    1    1    1    1    1    1  1.12768E+15 0.00087 
   69   69    1    1    1    1    1    1    1    1  1.34555E+15 0.00090 
   70   70    1    1    1    1    1    1    1    1  1.13802E+15 0.00103 
   71   71    1    1    1    1    1    1    1    1  2.01645E+15 0.00095 
   72   72    1    1    1    1    1    1    1    1  1.41380E+15 0.00095 
   73   73    1    1    1    1    1    1    1    1  1.06124E+15 0.00084 
   74   74    1    1    1    1    1    1    1    1  8.61845E+14 0.00116 
   75   75    1    1    1    1    1    1    1    1  7.24646E+14 0.00128 
   76   76    1    1    1    1    1    1    1    1  8.48338E+14 0.00130 
   77   77    1    1    1    1    1    1    1    1  6.81042E+14 0.00097 
   78   78    1    1    1    1    1    1    1    1  5.46458E+14 0.00109 
   79   79    1    1    1    1    1    1    1    1  5.66769E+14 0.00127 
   80   80    1    1    1    1    1    1    1    1  4.20722E+14 0.00141 
   81   81    1    1    1    1    1    1    1    1  3.25137E+14 0.00207 
   82   82    1    1    1    1    1    1    1    1  2.48914E+14 0.00172 
   83   83    1    1    1    1    1    1    1    1  2.32605E+14 0.00213 
   84   84    1    1    1    1    1    1    1    1  1.67363E+14 0.00192 
   85   85    1    1    1    1    1    1    1    1  1.20168E+14 0.00317 
   86   86    1    1    1    1    1    1    1    1  1.12440E+14 0.00343 
   87   87    1    1    1    1    1    1    1    1  6.88790E+13 0.00310 
   88   88    1    1    1    1    1    1    1    1  4.58471E+13 0.00386 
   89   89    1    1    1    1    1    1    1    1  2.62255E+13 0.00575 
   90   90    1    1    1    1    1    1    1    1  1.73870E+13 0.00537 
   91   91    1    1    1    1    1    1    1    1  8.59582E+12 0.00816 
   92   92    1    1    1    1    1    1    1    1  4.14094E+12 0.01229 
   93   93    1    1    1    1    1    1    1    1  1.89465E+12 0.01815 
   94   94    1    1    1    1    1    1    1    1  9.61200E+11 0.01970 
   95   95    1    1    1    1    1    1    1    1  4.51595E+11 0.03636 
   96   96    1    1    1    1    1    1    1    1  2.03294E+11 0.05953 
   97   97    1    1    1    1    1    1    1    1  9.54018E+10 0.06120 
   98   98    1    1    1    1    1    1    1    1  4.25065E+10 0.11882 
   99   99    1    1    1    1    1    1    1    1  2.35504E+10 0.20407 
  100  100    1    1    1    1    1    1    1    1  1.86372E+10 0.19567 
];


