
DETdpaspec = [
    1    1    1    1    1    1    1    1    1    1  0.00000E+00 0.00000 
    2    2    1    1    1    1    1    1    1    1  0.00000E+00 0.00000 
    3    3    1    1    1    1    1    1    1    1  0.00000E+00 0.00000 
    4    4    1    1    1    1    1    1    1    1  0.00000E+00 0.00000 
    5    5    1    1    1    1    1    1    1    1  0.00000E+00 0.00000 
    6    6    1    1    1    1    1    1    1    1  0.00000E+00 0.00000 
    7    7    1    1    1    1    1    1    1    1  0.00000E+00 0.00000 
    8    8    1    1    1    1    1    1    1    1  0.00000E+00 0.00000 
    9    9    1    1    1    1    1    1    1    1  4.56394E+07 1.00000 
   10   10    1    1    1    1    1    1    1    1  1.55409E+08 1.00000 
   11   11    1    1    1    1    1    1    1    1  0.00000E+00 0.00000 
   12   12    1    1    1    1    1    1    1    1  1.66259E+08 0.69048 
   13   13    1    1    1    1    1    1    1    1  4.61642E+09 0.52436 
   14   14    1    1    1    1    1    1    1    1  5.96237E+09 0.32173 
   15   15    1    1    1    1    1    1    1    1  9.11971E+09 0.38270 
   16   16    1    1    1    1    1    1    1    1  1.91041E+09 0.50843 
   17   17    1    1    1    1    1    1    1    1  3.63352E+09 0.29992 
   18   18    1    1    1    1    1    1    1    1  9.13018E+09 0.18486 
   19   19    1    1    1    1    1    1    1    1  8.83782E+09 0.22178 
   20   20    1    1    1    1    1    1    1    1  2.65247E+10 0.14766 
   21   21    1    1    1    1    1    1    1    1  2.25712E+10 0.15303 
   22   22    1    1    1    1    1    1    1    1  6.12523E+10 0.11418 
   23   23    1    1    1    1    1    1    1    1  9.51649E+10 0.07882 
   24   24    1    1    1    1    1    1    1    1  2.19571E+11 0.05222 
   25   25    1    1    1    1    1    1    1    1  3.18802E+11 0.05282 
   26   26    1    1    1    1    1    1    1    1  6.70196E+11 0.02265 
   27   27    1    1    1    1    1    1    1    1  1.45437E+12 0.02430 
   28   28    1    1    1    1    1    1    1    1  3.79239E+12 0.01413 
   29   29    1    1    1    1    1    1    1    1  7.15645E+12 0.01032 
   30   30    1    1    1    1    1    1    1    1  1.71812E+13 0.00598 
   31   31    1    1    1    1    1    1    1    1  4.65236E+13 0.00479 
   32   32    1    1    1    1    1    1    1    1  7.92320E+13 0.00463 
   33   33    1    1    1    1    1    1    1    1  1.79289E+14 0.00274 
   34   34    1    1    1    1    1    1    1    1  2.43189E+14 0.00272 
   35   35    1    1    1    1    1    1    1    1  2.76706E+14 0.00210 
   36   36    1    1    1    1    1    1    1    1  1.75056E+14 0.00210 
   37   37    1    1    1    1    1    1    1    1  5.18727E+13 0.00197 
   38   38    1    1    1    1    1    1    1    1  2.97878E+14 0.00174 
   39   39    1    1    1    1    1    1    1    1  3.99677E+14 0.00155 
   40   40    1    1    1    1    1    1    1    1  6.87140E+14 0.00122 
   41   41    1    1    1    1    1    1    1    1  6.75003E+14 0.00131 
   42   42    1    1    1    1    1    1    1    1  1.46283E+15 0.00112 
   43   43    1    1    1    1    1    1    1    1  1.76953E+15 0.00068 
   44   44    1    1    1    1    1    1    1    1  2.55284E+15 0.00076 
   45   45    1    1    1    1    1    1    1    1  5.08940E+15 0.00066 
   46   46    1    1    1    1    1    1    1    1  2.31850E+15 0.00077 
   47   47    1    1    1    1    1    1    1    1  3.70430E+15 0.00065 
   48   48    1    1    1    1    1    1    1    1  5.13711E+15 0.00050 
   49   49    1    1    1    1    1    1    1    1  5.04631E+15 0.00074 
   50   50    1    1    1    1    1    1    1    1  7.91831E+15 0.00071 
   51   51    1    1    1    1    1    1    1    1  6.18660E+15 0.00068 
   52   52    1    1    1    1    1    1    1    1  7.46053E+15 0.00070 
   53   53    1    1    1    1    1    1    1    1  5.14181E+15 0.00062 
   54   54    1    1    1    1    1    1    1    1  6.37244E+15 0.00059 
   55   55    1    1    1    1    1    1    1    1  4.36016E+15 0.00065 
   56   56    1    1    1    1    1    1    1    1  5.89238E+14 0.00117 
   57   57    1    1    1    1    1    1    1    1  8.63623E+15 0.00072 
   58   58    1    1    1    1    1    1    1    1  3.92228E+15 0.00088 
   59   59    1    1    1    1    1    1    1    1  4.13803E+15 0.00078 
   60   60    1    1    1    1    1    1    1    1  3.26418E+15 0.00052 
   61   61    1    1    1    1    1    1    1    1  3.26013E+15 0.00058 
   62   62    1    1    1    1    1    1    1    1  3.40143E+15 0.00071 
   63   63    1    1    1    1    1    1    1    1  2.86357E+15 0.00071 
   64   64    1    1    1    1    1    1    1    1  2.27334E+15 0.00086 
   65   65    1    1    1    1    1    1    1    1  2.25684E+15 0.00095 
   66   66    1    1    1    1    1    1    1    1  1.62436E+15 0.00105 
   67   67    1    1    1    1    1    1    1    1  1.31405E+15 0.00080 
   68   68    1    1    1    1    1    1    1    1  1.17430E+15 0.00123 
   69   69    1    1    1    1    1    1    1    1  1.40582E+15 0.00105 
   70   70    1    1    1    1    1    1    1    1  1.19256E+15 0.00104 
   71   71    1    1    1    1    1    1    1    1  2.13808E+15 0.00103 
   72   72    1    1    1    1    1    1    1    1  1.50432E+15 0.00125 
   73   73    1    1    1    1    1    1    1    1  1.13099E+15 0.00109 
   74   74    1    1    1    1    1    1    1    1  9.19132E+14 0.00092 
   75   75    1    1    1    1    1    1    1    1  7.71393E+14 0.00160 
   76   76    1    1    1    1    1    1    1    1  9.01146E+14 0.00123 
   77   77    1    1    1    1    1    1    1    1  7.21960E+14 0.00106 
   78   78    1    1    1    1    1    1    1    1  5.80450E+14 0.00126 
   79   79    1    1    1    1    1    1    1    1  6.01189E+14 0.00113 
   80   80    1    1    1    1    1    1    1    1  4.47138E+14 0.00208 
   81   81    1    1    1    1    1    1    1    1  3.44433E+14 0.00179 
   82   82    1    1    1    1    1    1    1    1  2.65130E+14 0.00167 
   83   83    1    1    1    1    1    1    1    1  2.47725E+14 0.00258 
   84   84    1    1    1    1    1    1    1    1  1.77921E+14 0.00261 
   85   85    1    1    1    1    1    1    1    1  1.28412E+14 0.00223 
   86   86    1    1    1    1    1    1    1    1  1.20433E+14 0.00294 
   87   87    1    1    1    1    1    1    1    1  7.38469E+13 0.00370 
   88   88    1    1    1    1    1    1    1    1  4.95247E+13 0.00298 
   89   89    1    1    1    1    1    1    1    1  2.83463E+13 0.00497 
   90   90    1    1    1    1    1    1    1    1  1.86034E+13 0.00661 
   91   91    1    1    1    1    1    1    1    1  9.31489E+12 0.01025 
   92   92    1    1    1    1    1    1    1    1  4.57059E+12 0.01189 
   93   93    1    1    1    1    1    1    1    1  2.20867E+12 0.01900 
   94   94    1    1    1    1    1    1    1    1  1.04013E+12 0.03249 
   95   95    1    1    1    1    1    1    1    1  4.89362E+11 0.04423 
   96   96    1    1    1    1    1    1    1    1  2.38688E+11 0.04647 
   97   97    1    1    1    1    1    1    1    1  1.17408E+11 0.08165 
   98   98    1    1    1    1    1    1    1    1  5.87900E+10 0.13497 
   99   99    1    1    1    1    1    1    1    1  2.48563E+10 0.17811 
  100  100    1    1    1    1    1    1    1    1  2.21180E+10 0.20714 
];


