
DETdpaspec = [
    1    1    1    1    1    1    1    1    1    1  0.00000E+00 0.00000 
    2    2    1    1    1    1    1    1    1    1  0.00000E+00 0.00000 
    3    3    1    1    1    1    1    1    1    1  0.00000E+00 0.00000 
    4    4    1    1    1    1    1    1    1    1  0.00000E+00 0.00000 
    5    5    1    1    1    1    1    1    1    1  0.00000E+00 0.00000 
    6    6    1    1    1    1    1    1    1    1  0.00000E+00 0.00000 
    7    7    1    1    1    1    1    1    1    1  0.00000E+00 0.00000 
    8    8    1    1    1    1    1    1    1    1  0.00000E+00 0.00000 
    9    9    1    1    1    1    1    1    1    1  2.53562E+07 0.68982 
   10   10    1    1    1    1    1    1    1    1  1.49912E+08 0.78331 
   11   11    1    1    1    1    1    1    1    1  1.20806E+08 0.69894 
   12   12    1    1    1    1    1    1    1    1  3.09797E+07 0.94480 
   13   13    1    1    1    1    1    1    1    1  8.60651E+08 0.53325 
   14   14    1    1    1    1    1    1    1    1  2.68716E+09 0.37793 
   15   15    1    1    1    1    1    1    1    1  1.87912E+09 0.64376 
   16   16    1    1    1    1    1    1    1    1  1.18404E+09 0.39694 
   17   17    1    1    1    1    1    1    1    1  3.59645E+09 0.29939 
   18   18    1    1    1    1    1    1    1    1  7.94236E+09 0.18121 
   19   19    1    1    1    1    1    1    1    1  7.59285E+09 0.27305 
   20   20    1    1    1    1    1    1    1    1  3.88972E+10 0.12423 
   21   21    1    1    1    1    1    1    1    1  2.75133E+10 0.11627 
   22   22    1    1    1    1    1    1    1    1  8.73446E+10 0.07175 
   23   23    1    1    1    1    1    1    1    1  9.76388E+10 0.06690 
   24   24    1    1    1    1    1    1    1    1  1.63278E+11 0.06677 
   25   25    1    1    1    1    1    1    1    1  2.21222E+11 0.06430 
   26   26    1    1    1    1    1    1    1    1  3.24109E+11 0.04824 
   27   27    1    1    1    1    1    1    1    1  5.58012E+11 0.03345 
   28   28    1    1    1    1    1    1    1    1  1.00406E+12 0.01790 
   29   29    1    1    1    1    1    1    1    1  1.51493E+12 0.02103 
   30   30    1    1    1    1    1    1    1    1  4.69435E+12 0.01497 
   31   31    1    1    1    1    1    1    1    1  1.46523E+13 0.00770 
   32   32    1    1    1    1    1    1    1    1  2.76982E+13 0.00666 
   33   33    1    1    1    1    1    1    1    1  6.44155E+13 0.00547 
   34   34    1    1    1    1    1    1    1    1  8.76278E+13 0.00427 
   35   35    1    1    1    1    1    1    1    1  1.23453E+14 0.00302 
   36   36    1    1    1    1    1    1    1    1  8.62210E+13 0.00302 
   37   37    1    1    1    1    1    1    1    1  2.70285E+13 0.00233 
   38   38    1    1    1    1    1    1    1    1  1.48107E+14 0.00223 
   39   39    1    1    1    1    1    1    1    1  1.99704E+14 0.00220 
   40   40    1    1    1    1    1    1    1    1  3.39056E+14 0.00197 
   41   41    1    1    1    1    1    1    1    1  3.51679E+14 0.00202 
   42   42    1    1    1    1    1    1    1    1  7.38705E+14 0.00141 
   43   43    1    1    1    1    1    1    1    1  8.93675E+14 0.00105 
   44   44    1    1    1    1    1    1    1    1  1.29134E+15 0.00101 
   45   45    1    1    1    1    1    1    1    1  2.52716E+15 0.00112 
   46   46    1    1    1    1    1    1    1    1  1.19143E+15 0.00120 
   47   47    1    1    1    1    1    1    1    1  1.93601E+15 0.00122 
   48   48    1    1    1    1    1    1    1    1  2.70004E+15 0.00120 
   49   49    1    1    1    1    1    1    1    1  2.68674E+15 0.00108 
   50   50    1    1    1    1    1    1    1    1  4.12702E+15 0.00117 
   51   51    1    1    1    1    1    1    1    1  3.33774E+15 0.00111 
   52   52    1    1    1    1    1    1    1    1  3.89224E+15 0.00121 
   53   53    1    1    1    1    1    1    1    1  2.71429E+15 0.00139 
   54   54    1    1    1    1    1    1    1    1  3.25909E+15 0.00133 
   55   55    1    1    1    1    1    1    1    1  2.24972E+15 0.00132 
   56   56    1    1    1    1    1    1    1    1  3.08049E+14 0.00162 
   57   57    1    1    1    1    1    1    1    1  4.47517E+15 0.00146 
   58   58    1    1    1    1    1    1    1    1  1.94474E+15 0.00146 
   59   59    1    1    1    1    1    1    1    1  2.08096E+15 0.00162 
   60   60    1    1    1    1    1    1    1    1  1.59050E+15 0.00149 
   61   61    1    1    1    1    1    1    1    1  1.60092E+15 0.00146 
   62   62    1    1    1    1    1    1    1    1  1.66245E+15 0.00143 
   63   63    1    1    1    1    1    1    1    1  1.39217E+15 0.00173 
   64   64    1    1    1    1    1    1    1    1  1.10759E+15 0.00158 
   65   65    1    1    1    1    1    1    1    1  1.09621E+15 0.00133 
   66   66    1    1    1    1    1    1    1    1  7.88507E+14 0.00179 
   67   67    1    1    1    1    1    1    1    1  6.45367E+14 0.00177 
   68   68    1    1    1    1    1    1    1    1  5.81125E+14 0.00143 
   69   69    1    1    1    1    1    1    1    1  6.97161E+14 0.00142 
   70   70    1    1    1    1    1    1    1    1  5.94833E+14 0.00153 
   71   71    1    1    1    1    1    1    1    1  1.09510E+15 0.00149 
   72   72    1    1    1    1    1    1    1    1  7.76528E+14 0.00167 
   73   73    1    1    1    1    1    1    1    1  5.81814E+14 0.00208 
   74   74    1    1    1    1    1    1    1    1  4.62853E+14 0.00218 
   75   75    1    1    1    1    1    1    1    1  3.77364E+14 0.00201 
   76   76    1    1    1    1    1    1    1    1  4.32956E+14 0.00140 
   77   77    1    1    1    1    1    1    1    1  3.36393E+14 0.00232 
   78   78    1    1    1    1    1    1    1    1  2.66252E+14 0.00228 
   79   79    1    1    1    1    1    1    1    1  2.71021E+14 0.00218 
   80   80    1    1    1    1    1    1    1    1  2.00875E+14 0.00180 
   81   81    1    1    1    1    1    1    1    1  1.54300E+14 0.00275 
   82   82    1    1    1    1    1    1    1    1  1.18327E+14 0.00310 
   83   83    1    1    1    1    1    1    1    1  1.10091E+14 0.00246 
   84   84    1    1    1    1    1    1    1    1  7.90301E+13 0.00358 
   85   85    1    1    1    1    1    1    1    1  5.73599E+13 0.00386 
   86   86    1    1    1    1    1    1    1    1  5.32764E+13 0.00520 
   87   87    1    1    1    1    1    1    1    1  3.31501E+13 0.00609 
   88   88    1    1    1    1    1    1    1    1  2.24697E+13 0.00564 
   89   89    1    1    1    1    1    1    1    1  1.29133E+13 0.00814 
   90   90    1    1    1    1    1    1    1    1  8.53870E+12 0.00903 
   91   91    1    1    1    1    1    1    1    1  4.29421E+12 0.01121 
   92   92    1    1    1    1    1    1    1    1  2.15702E+12 0.01799 
   93   93    1    1    1    1    1    1    1    1  9.25245E+11 0.03534 
   94   94    1    1    1    1    1    1    1    1  4.59924E+11 0.04688 
   95   95    1    1    1    1    1    1    1    1  2.20615E+11 0.05359 
   96   96    1    1    1    1    1    1    1    1  1.23864E+11 0.08156 
   97   97    1    1    1    1    1    1    1    1  5.28314E+10 0.13656 
   98   98    1    1    1    1    1    1    1    1  2.70875E+10 0.17603 
   99   99    1    1    1    1    1    1    1    1  1.19323E+10 0.23766 
  100  100    1    1    1    1    1    1    1    1  1.30175E+10 0.36278 
];


