
DETdpaspec = [
    1    1    1    1    1    1    1    1    1    1  0.00000E+00 0.00000 
    2    2    1    1    1    1    1    1    1    1  0.00000E+00 0.00000 
    3    3    1    1    1    1    1    1    1    1  0.00000E+00 0.00000 
    4    4    1    1    1    1    1    1    1    1  0.00000E+00 0.00000 
    5    5    1    1    1    1    1    1    1    1  0.00000E+00 0.00000 
    6    6    1    1    1    1    1    1    1    1  0.00000E+00 0.00000 
    7    7    1    1    1    1    1    1    1    1  0.00000E+00 0.00000 
    8    8    1    1    1    1    1    1    1    1  0.00000E+00 0.00000 
    9    9    1    1    1    1    1    1    1    1  2.52980E+07 1.00000 
   10   10    1    1    1    1    1    1    1    1  1.87172E+08 0.77572 
   11   11    1    1    1    1    1    1    1    1  0.00000E+00 0.00000 
   12   12    1    1    1    1    1    1    1    1  2.45474E+08 1.00000 
   13   13    1    1    1    1    1    1    1    1  2.48374E+09 0.49647 
   14   14    1    1    1    1    1    1    1    1  7.22383E+09 0.39827 
   15   15    1    1    1    1    1    1    1    1  7.14773E+09 0.46494 
   16   16    1    1    1    1    1    1    1    1  2.51406E+09 0.39813 
   17   17    1    1    1    1    1    1    1    1  2.82730E+09 0.44948 
   18   18    1    1    1    1    1    1    1    1  5.05423E+09 0.28999 
   19   19    1    1    1    1    1    1    1    1  1.25823E+10 0.22286 
   20   20    1    1    1    1    1    1    1    1  4.13987E+10 0.15537 
   21   21    1    1    1    1    1    1    1    1  3.04030E+10 0.13543 
   22   22    1    1    1    1    1    1    1    1  5.08392E+10 0.12498 
   23   23    1    1    1    1    1    1    1    1  9.24428E+10 0.09036 
   24   24    1    1    1    1    1    1    1    1  2.20492E+11 0.04721 
   25   25    1    1    1    1    1    1    1    1  3.34050E+11 0.03986 
   26   26    1    1    1    1    1    1    1    1  6.77804E+11 0.03614 
   27   27    1    1    1    1    1    1    1    1  1.66995E+12 0.02310 
   28   28    1    1    1    1    1    1    1    1  4.05838E+12 0.01530 
   29   29    1    1    1    1    1    1    1    1  7.52088E+12 0.01427 
   30   30    1    1    1    1    1    1    1    1  1.80580E+13 0.00661 
   31   31    1    1    1    1    1    1    1    1  4.84759E+13 0.00366 
   32   32    1    1    1    1    1    1    1    1  8.16918E+13 0.00358 
   33   33    1    1    1    1    1    1    1    1  1.84627E+14 0.00216 
   34   34    1    1    1    1    1    1    1    1  2.49067E+14 0.00181 
   35   35    1    1    1    1    1    1    1    1  2.81412E+14 0.00148 
   36   36    1    1    1    1    1    1    1    1  1.77204E+14 0.00132 
   37   37    1    1    1    1    1    1    1    1  5.24814E+13 0.00170 
   38   38    1    1    1    1    1    1    1    1  3.01510E+14 0.00136 
   39   39    1    1    1    1    1    1    1    1  4.05192E+14 0.00121 
   40   40    1    1    1    1    1    1    1    1  6.96586E+14 0.00129 
   41   41    1    1    1    1    1    1    1    1  6.82687E+14 0.00127 
   42   42    1    1    1    1    1    1    1    1  1.48260E+15 0.00107 
   43   43    1    1    1    1    1    1    1    1  1.79265E+15 0.00101 
   44   44    1    1    1    1    1    1    1    1  2.58270E+15 0.00080 
   45   45    1    1    1    1    1    1    1    1  5.14338E+15 0.00059 
   46   46    1    1    1    1    1    1    1    1  2.33893E+15 0.00056 
   47   47    1    1    1    1    1    1    1    1  3.73719E+15 0.00059 
   48   48    1    1    1    1    1    1    1    1  5.17337E+15 0.00055 
   49   49    1    1    1    1    1    1    1    1  5.08666E+15 0.00050 
   50   50    1    1    1    1    1    1    1    1  7.97228E+15 0.00039 
   51   51    1    1    1    1    1    1    1    1  6.21451E+15 0.00047 
   52   52    1    1    1    1    1    1    1    1  7.49345E+15 0.00055 
   53   53    1    1    1    1    1    1    1    1  5.15795E+15 0.00065 
   54   54    1    1    1    1    1    1    1    1  6.39422E+15 0.00065 
   55   55    1    1    1    1    1    1    1    1  4.37352E+15 0.00065 
   56   56    1    1    1    1    1    1    1    1  5.91249E+14 0.00098 
   57   57    1    1    1    1    1    1    1    1  8.65641E+15 0.00058 
   58   58    1    1    1    1    1    1    1    1  3.93479E+15 0.00070 
   59   59    1    1    1    1    1    1    1    1  4.14273E+15 0.00055 
   60   60    1    1    1    1    1    1    1    1  3.26788E+15 0.00069 
   61   61    1    1    1    1    1    1    1    1  3.25929E+15 0.00089 
   62   62    1    1    1    1    1    1    1    1  3.39868E+15 0.00067 
   63   63    1    1    1    1    1    1    1    1  2.86721E+15 0.00044 
   64   64    1    1    1    1    1    1    1    1  2.27570E+15 0.00069 
   65   65    1    1    1    1    1    1    1    1  2.25907E+15 0.00057 
   66   66    1    1    1    1    1    1    1    1  1.62580E+15 0.00075 
   67   67    1    1    1    1    1    1    1    1  1.31472E+15 0.00070 
   68   68    1    1    1    1    1    1    1    1  1.17448E+15 0.00100 
   69   69    1    1    1    1    1    1    1    1  1.40758E+15 0.00080 
   70   70    1    1    1    1    1    1    1    1  1.19330E+15 0.00074 
   71   71    1    1    1    1    1    1    1    1  2.13819E+15 0.00063 
   72   72    1    1    1    1    1    1    1    1  1.50247E+15 0.00070 
   73   73    1    1    1    1    1    1    1    1  1.13026E+15 0.00104 
   74   74    1    1    1    1    1    1    1    1  9.18315E+14 0.00099 
   75   75    1    1    1    1    1    1    1    1  7.70416E+14 0.00137 
   76   76    1    1    1    1    1    1    1    1  9.02371E+14 0.00091 
   77   77    1    1    1    1    1    1    1    1  7.20962E+14 0.00140 
   78   78    1    1    1    1    1    1    1    1  5.78409E+14 0.00138 
   79   79    1    1    1    1    1    1    1    1  6.01816E+14 0.00155 
   80   80    1    1    1    1    1    1    1    1  4.46896E+14 0.00189 
   81   81    1    1    1    1    1    1    1    1  3.44460E+14 0.00162 
   82   82    1    1    1    1    1    1    1    1  2.65516E+14 0.00137 
   83   83    1    1    1    1    1    1    1    1  2.47538E+14 0.00158 
   84   84    1    1    1    1    1    1    1    1  1.77986E+14 0.00191 
   85   85    1    1    1    1    1    1    1    1  1.28011E+14 0.00243 
   86   86    1    1    1    1    1    1    1    1  1.20349E+14 0.00228 
   87   87    1    1    1    1    1    1    1    1  7.37459E+13 0.00446 
   88   88    1    1    1    1    1    1    1    1  4.97140E+13 0.00458 
   89   89    1    1    1    1    1    1    1    1  2.81466E+13 0.00512 
   90   90    1    1    1    1    1    1    1    1  1.85351E+13 0.00448 
   91   91    1    1    1    1    1    1    1    1  9.36269E+12 0.00896 
   92   92    1    1    1    1    1    1    1    1  4.55730E+12 0.01203 
   93   93    1    1    1    1    1    1    1    1  2.16946E+12 0.02066 
   94   94    1    1    1    1    1    1    1    1  1.05778E+12 0.02768 
   95   95    1    1    1    1    1    1    1    1  4.84169E+11 0.04278 
   96   96    1    1    1    1    1    1    1    1  2.23656E+11 0.06518 
   97   97    1    1    1    1    1    1    1    1  1.15258E+11 0.09413 
   98   98    1    1    1    1    1    1    1    1  4.92695E+10 0.12873 
   99   99    1    1    1    1    1    1    1    1  2.20707E+10 0.23775 
  100  100    1    1    1    1    1    1    1    1  2.27847E+10 0.16947 
];


