
DETdpaspec = [
    1    1    1    1    1    1    1    1    1    1  0.00000E+00 0.00000 
    2    2    1    1    1    1    1    1    1    1  0.00000E+00 0.00000 
    3    3    1    1    1    1    1    1    1    1  0.00000E+00 0.00000 
    4    4    1    1    1    1    1    1    1    1  0.00000E+00 0.00000 
    5    5    1    1    1    1    1    1    1    1  0.00000E+00 0.00000 
    6    6    1    1    1    1    1    1    1    1  0.00000E+00 0.00000 
    7    7    1    1    1    1    1    1    1    1  0.00000E+00 0.00000 
    8    8    1    1    1    1    1    1    1    1  3.45317E+07 1.00000 
    9    9    1    1    1    1    1    1    1    1  0.00000E+00 0.00000 
   10   10    1    1    1    1    1    1    1    1  0.00000E+00 0.00000 
   11   11    1    1    1    1    1    1    1    1  1.95408E+08 0.75607 
   12   12    1    1    1    1    1    1    1    1  0.00000E+00 0.00000 
   13   13    1    1    1    1    1    1    1    1  1.67961E+09 0.59104 
   14   14    1    1    1    1    1    1    1    1  8.69347E+08 0.70753 
   15   15    1    1    1    1    1    1    1    1  1.38053E+09 0.50633 
   16   16    1    1    1    1    1    1    1    1  1.46617E+09 0.38487 
   17   17    1    1    1    1    1    1    1    1  9.65852E+08 0.35723 
   18   18    1    1    1    1    1    1    1    1  5.17580E+09 0.23752 
   19   19    1    1    1    1    1    1    1    1  4.87806E+09 0.22553 
   20   20    1    1    1    1    1    1    1    1  2.37394E+10 0.19290 
   21   21    1    1    1    1    1    1    1    1  1.35083E+10 0.18348 
   22   22    1    1    1    1    1    1    1    1  3.65394E+10 0.09680 
   23   23    1    1    1    1    1    1    1    1  5.82707E+10 0.10244 
   24   24    1    1    1    1    1    1    1    1  9.54234E+10 0.07869 
   25   25    1    1    1    1    1    1    1    1  1.21548E+11 0.06048 
   26   26    1    1    1    1    1    1    1    1  1.65126E+11 0.05526 
   27   27    1    1    1    1    1    1    1    1  3.02544E+11 0.04735 
   28   28    1    1    1    1    1    1    1    1  5.20281E+11 0.02981 
   29   29    1    1    1    1    1    1    1    1  7.55257E+11 0.03178 
   30   30    1    1    1    1    1    1    1    1  2.42855E+12 0.01734 
   31   31    1    1    1    1    1    1    1    1  7.62448E+12 0.00847 
   32   32    1    1    1    1    1    1    1    1  1.42403E+13 0.00666 
   33   33    1    1    1    1    1    1    1    1  3.10203E+13 0.00406 
   34   34    1    1    1    1    1    1    1    1  4.10156E+13 0.00450 
   35   35    1    1    1    1    1    1    1    1  5.94301E+13 0.00392 
   36   36    1    1    1    1    1    1    1    1  4.15087E+13 0.00467 
   37   37    1    1    1    1    1    1    1    1  1.32417E+13 0.00495 
   38   38    1    1    1    1    1    1    1    1  7.09578E+13 0.00352 
   39   39    1    1    1    1    1    1    1    1  9.47940E+13 0.00372 
   40   40    1    1    1    1    1    1    1    1  1.57881E+14 0.00337 
   41   41    1    1    1    1    1    1    1    1  1.65276E+14 0.00307 
   42   42    1    1    1    1    1    1    1    1  3.38355E+14 0.00314 
   43   43    1    1    1    1    1    1    1    1  4.03782E+14 0.00305 
   44   44    1    1    1    1    1    1    1    1  5.74303E+14 0.00271 
   45   45    1    1    1    1    1    1    1    1  1.09030E+15 0.00242 
   46   46    1    1    1    1    1    1    1    1  5.12547E+14 0.00257 
   47   47    1    1    1    1    1    1    1    1  8.32616E+14 0.00258 
   48   48    1    1    1    1    1    1    1    1  1.14804E+15 0.00255 
   49   49    1    1    1    1    1    1    1    1  1.13736E+15 0.00275 
   50   50    1    1    1    1    1    1    1    1  1.71469E+15 0.00269 
   51   51    1    1    1    1    1    1    1    1  1.38892E+15 0.00271 
   52   52    1    1    1    1    1    1    1    1  1.58629E+15 0.00277 
   53   53    1    1    1    1    1    1    1    1  1.10327E+15 0.00249 
   54   54    1    1    1    1    1    1    1    1  1.30002E+15 0.00232 
   55   55    1    1    1    1    1    1    1    1  8.97314E+14 0.00270 
   56   56    1    1    1    1    1    1    1    1  1.23097E+14 0.00284 
   57   57    1    1    1    1    1    1    1    1  1.78190E+15 0.00294 
   58   58    1    1    1    1    1    1    1    1  7.56694E+14 0.00327 
   59   59    1    1    1    1    1    1    1    1  8.09023E+14 0.00296 
   60   60    1    1    1    1    1    1    1    1  6.09091E+14 0.00282 
   61   61    1    1    1    1    1    1    1    1  6.14442E+14 0.00281 
   62   62    1    1    1    1    1    1    1    1  6.33452E+14 0.00292 
   63   63    1    1    1    1    1    1    1    1  5.26697E+14 0.00313 
   64   64    1    1    1    1    1    1    1    1  4.17724E+14 0.00285 
   65   65    1    1    1    1    1    1    1    1  4.12792E+14 0.00293 
   66   66    1    1    1    1    1    1    1    1  2.95133E+14 0.00338 
   67   67    1    1    1    1    1    1    1    1  2.43263E+14 0.00393 
   68   68    1    1    1    1    1    1    1    1  2.18645E+14 0.00438 
   69   69    1    1    1    1    1    1    1    1  2.62253E+14 0.00391 
   70   70    1    1    1    1    1    1    1    1  2.23247E+14 0.00331 
   71   71    1    1    1    1    1    1    1    1  4.14754E+14 0.00320 
   72   72    1    1    1    1    1    1    1    1  2.94328E+14 0.00292 
   73   73    1    1    1    1    1    1    1    1  2.19979E+14 0.00371 
   74   74    1    1    1    1    1    1    1    1  1.71830E+14 0.00366 
   75   75    1    1    1    1    1    1    1    1  1.39074E+14 0.00382 
   76   76    1    1    1    1    1    1    1    1  1.57059E+14 0.00391 
   77   77    1    1    1    1    1    1    1    1  1.21591E+14 0.00441 
   78   78    1    1    1    1    1    1    1    1  9.52869E+13 0.00343 
   79   79    1    1    1    1    1    1    1    1  9.65180E+13 0.00308 
   80   80    1    1    1    1    1    1    1    1  7.15650E+13 0.00517 
   81   81    1    1    1    1    1    1    1    1  5.44518E+13 0.00493 
   82   82    1    1    1    1    1    1    1    1  4.19366E+13 0.00581 
   83   83    1    1    1    1    1    1    1    1  3.88865E+13 0.00515 
   84   84    1    1    1    1    1    1    1    1  2.76437E+13 0.00583 
   85   85    1    1    1    1    1    1    1    1  2.01255E+13 0.00675 
   86   86    1    1    1    1    1    1    1    1  1.88315E+13 0.00561 
   87   87    1    1    1    1    1    1    1    1  1.14996E+13 0.00981 
   88   88    1    1    1    1    1    1    1    1  7.85393E+12 0.00754 
   89   89    1    1    1    1    1    1    1    1  4.56733E+12 0.01212 
   90   90    1    1    1    1    1    1    1    1  3.03439E+12 0.01972 
   91   91    1    1    1    1    1    1    1    1  1.51809E+12 0.02091 
   92   92    1    1    1    1    1    1    1    1  7.42199E+11 0.03907 
   93   93    1    1    1    1    1    1    1    1  3.52615E+11 0.07129 
   94   94    1    1    1    1    1    1    1    1  1.73938E+11 0.05182 
   95   95    1    1    1    1    1    1    1    1  8.82259E+10 0.08375 
   96   96    1    1    1    1    1    1    1    1  4.26033E+10 0.14371 
   97   97    1    1    1    1    1    1    1    1  2.14333E+10 0.28702 
   98   98    1    1    1    1    1    1    1    1  4.81546E+09 0.37342 
   99   99    1    1    1    1    1    1    1    1  4.58151E+09 0.51680 
  100  100    1    1    1    1    1    1    1    1  3.07269E+09 0.38157 
];


