
DETdpaspec = [
    1    1    1    1    1    1    1    1    1    1  0.00000E+00 0.00000 
    2    2    1    1    1    1    1    1    1    1  0.00000E+00 0.00000 
    3    3    1    1    1    1    1    1    1    1  0.00000E+00 0.00000 
    4    4    1    1    1    1    1    1    1    1  0.00000E+00 0.00000 
    5    5    1    1    1    1    1    1    1    1  1.20552E+07 1.00000 
    6    6    1    1    1    1    1    1    1    1  0.00000E+00 0.00000 
    7    7    1    1    1    1    1    1    1    1  2.94250E+07 1.00000 
    8    8    1    1    1    1    1    1    1    1  0.00000E+00 0.00000 
    9    9    1    1    1    1    1    1    1    1  1.19168E+07 1.00000 
   10   10    1    1    1    1    1    1    1    1  1.66063E+08 0.72584 
   11   11    1    1    1    1    1    1    1    1  2.93494E+08 0.64442 
   12   12    1    1    1    1    1    1    1    1  0.00000E+00 0.00000 
   13   13    1    1    1    1    1    1    1    1  6.80793E+08 0.50748 
   14   14    1    1    1    1    1    1    1    1  3.77428E+09 0.37634 
   15   15    1    1    1    1    1    1    1    1  5.42638E+09 0.34138 
   16   16    1    1    1    1    1    1    1    1  1.85207E+09 0.29762 
   17   17    1    1    1    1    1    1    1    1  2.50184E+09 0.37214 
   18   18    1    1    1    1    1    1    1    1  6.78011E+09 0.21853 
   19   19    1    1    1    1    1    1    1    1  1.41413E+10 0.15501 
   20   20    1    1    1    1    1    1    1    1  4.56364E+10 0.10932 
   21   21    1    1    1    1    1    1    1    1  2.28240E+10 0.10661 
   22   22    1    1    1    1    1    1    1    1  7.82467E+10 0.07128 
   23   23    1    1    1    1    1    1    1    1  9.65807E+10 0.07520 
   24   24    1    1    1    1    1    1    1    1  1.42831E+11 0.08268 
   25   25    1    1    1    1    1    1    1    1  1.87171E+11 0.06728 
   26   26    1    1    1    1    1    1    1    1  3.17115E+11 0.05043 
   27   27    1    1    1    1    1    1    1    1  5.13896E+11 0.02839 
   28   28    1    1    1    1    1    1    1    1  9.39998E+11 0.02267 
   29   29    1    1    1    1    1    1    1    1  1.37786E+12 0.01647 
   30   30    1    1    1    1    1    1    1    1  4.40343E+12 0.01301 
   31   31    1    1    1    1    1    1    1    1  1.35478E+13 0.01024 
   32   32    1    1    1    1    1    1    1    1  2.56397E+13 0.00727 
   33   33    1    1    1    1    1    1    1    1  5.91047E+13 0.00478 
   34   34    1    1    1    1    1    1    1    1  8.01722E+13 0.00420 
   35   35    1    1    1    1    1    1    1    1  1.14446E+14 0.00321 
   36   36    1    1    1    1    1    1    1    1  7.99048E+13 0.00304 
   37   37    1    1    1    1    1    1    1    1  2.51063E+13 0.00321 
   38   38    1    1    1    1    1    1    1    1  1.37943E+14 0.00284 
   39   39    1    1    1    1    1    1    1    1  1.85478E+14 0.00258 
   40   40    1    1    1    1    1    1    1    1  3.13334E+14 0.00221 
   41   41    1    1    1    1    1    1    1    1  3.24996E+14 0.00251 
   42   42    1    1    1    1    1    1    1    1  6.79364E+14 0.00173 
   43   43    1    1    1    1    1    1    1    1  8.21027E+14 0.00131 
   44   44    1    1    1    1    1    1    1    1  1.18353E+15 0.00134 
   45   45    1    1    1    1    1    1    1    1  2.30685E+15 0.00125 
   46   46    1    1    1    1    1    1    1    1  1.08714E+15 0.00131 
   47   47    1    1    1    1    1    1    1    1  1.76892E+15 0.00149 
   48   48    1    1    1    1    1    1    1    1  2.45843E+15 0.00137 
   49   49    1    1    1    1    1    1    1    1  2.44648E+15 0.00146 
   50   50    1    1    1    1    1    1    1    1  3.75211E+15 0.00128 
   51   51    1    1    1    1    1    1    1    1  3.03386E+15 0.00128 
   52   52    1    1    1    1    1    1    1    1  3.53101E+15 0.00138 
   53   53    1    1    1    1    1    1    1    1  2.46277E+15 0.00132 
   54   54    1    1    1    1    1    1    1    1  2.94685E+15 0.00148 
   55   55    1    1    1    1    1    1    1    1  2.03466E+15 0.00148 
   56   56    1    1    1    1    1    1    1    1  2.78037E+14 0.00132 
   57   57    1    1    1    1    1    1    1    1  4.04740E+15 0.00128 
   58   58    1    1    1    1    1    1    1    1  1.75479E+15 0.00162 
   59   59    1    1    1    1    1    1    1    1  1.87775E+15 0.00148 
   60   60    1    1    1    1    1    1    1    1  1.43215E+15 0.00155 
   61   61    1    1    1    1    1    1    1    1  1.43916E+15 0.00139 
   62   62    1    1    1    1    1    1    1    1  1.49461E+15 0.00122 
   63   63    1    1    1    1    1    1    1    1  1.24860E+15 0.00143 
   64   64    1    1    1    1    1    1    1    1  9.91635E+14 0.00128 
   65   65    1    1    1    1    1    1    1    1  9.83263E+14 0.00129 
   66   66    1    1    1    1    1    1    1    1  7.07120E+14 0.00131 
   67   67    1    1    1    1    1    1    1    1  5.78223E+14 0.00184 
   68   68    1    1    1    1    1    1    1    1  5.20850E+14 0.00186 
   69   69    1    1    1    1    1    1    1    1  6.25116E+14 0.00181 
   70   70    1    1    1    1    1    1    1    1  5.33290E+14 0.00175 
   71   71    1    1    1    1    1    1    1    1  9.82657E+14 0.00139 
   72   72    1    1    1    1    1    1    1    1  6.95917E+14 0.00153 
   73   73    1    1    1    1    1    1    1    1  5.20945E+14 0.00182 
   74   74    1    1    1    1    1    1    1    1  4.13444E+14 0.00245 
   75   75    1    1    1    1    1    1    1    1  3.37199E+14 0.00163 
   76   76    1    1    1    1    1    1    1    1  3.85214E+14 0.00210 
   77   77    1    1    1    1    1    1    1    1  2.99318E+14 0.00257 
   78   78    1    1    1    1    1    1    1    1  2.36645E+14 0.00185 
   79   79    1    1    1    1    1    1    1    1  2.41539E+14 0.00237 
   80   80    1    1    1    1    1    1    1    1  1.78207E+14 0.00235 
   81   81    1    1    1    1    1    1    1    1  1.37040E+14 0.00307 
   82   82    1    1    1    1    1    1    1    1  1.04783E+14 0.00268 
   83   83    1    1    1    1    1    1    1    1  9.77106E+13 0.00304 
   84   84    1    1    1    1    1    1    1    1  6.98947E+13 0.00399 
   85   85    1    1    1    1    1    1    1    1  5.08602E+13 0.00240 
   86   86    1    1    1    1    1    1    1    1  4.74262E+13 0.00406 
   87   87    1    1    1    1    1    1    1    1  2.92618E+13 0.00701 
   88   88    1    1    1    1    1    1    1    1  1.99368E+13 0.00631 
   89   89    1    1    1    1    1    1    1    1  1.12828E+13 0.00841 
   90   90    1    1    1    1    1    1    1    1  7.62281E+12 0.01107 
   91   91    1    1    1    1    1    1    1    1  3.75446E+12 0.01272 
   92   92    1    1    1    1    1    1    1    1  1.79980E+12 0.02059 
   93   93    1    1    1    1    1    1    1    1  8.79417E+11 0.02180 
   94   94    1    1    1    1    1    1    1    1  4.31920E+11 0.05172 
   95   95    1    1    1    1    1    1    1    1  2.11141E+11 0.05440 
   96   96    1    1    1    1    1    1    1    1  8.69367E+10 0.07739 
   97   97    1    1    1    1    1    1    1    1  4.00612E+10 0.18323 
   98   98    1    1    1    1    1    1    1    1  2.49782E+10 0.17715 
   99   99    1    1    1    1    1    1    1    1  1.40663E+10 0.25493 
  100  100    1    1    1    1    1    1    1    1  5.24363E+09 0.23627 
];


