
DETdpaspec = [
    1    1    1    1    1    1    1    1    1    1  0.00000E+00 0.00000 
    2    2    1    1    1    1    1    1    1    1  0.00000E+00 0.00000 
    3    3    1    1    1    1    1    1    1    1  0.00000E+00 0.00000 
    4    4    1    1    1    1    1    1    1    1  0.00000E+00 0.00000 
    5    5    1    1    1    1    1    1    1    1  0.00000E+00 0.00000 
    6    6    1    1    1    1    1    1    1    1  7.53965E+06 1.00000 
    7    7    1    1    1    1    1    1    1    1  2.74628E+07 0.71656 
    8    8    1    1    1    1    1    1    1    1  2.06082E+07 1.00000 
    9    9    1    1    1    1    1    1    1    1  3.18288E+07 1.00000 
   10   10    1    1    1    1    1    1    1    1  5.36601E+07 1.00000 
   11   11    1    1    1    1    1    1    1    1  3.70375E+08 0.58396 
   12   12    1    1    1    1    1    1    1    1  7.94780E+07 0.46996 
   13   13    1    1    1    1    1    1    1    1  4.11552E+08 0.54621 
   14   14    1    1    1    1    1    1    1    1  4.53300E+09 0.31225 
   15   15    1    1    1    1    1    1    1    1  9.24398E+09 0.22704 
   16   16    1    1    1    1    1    1    1    1  6.35523E+08 0.36963 
   17   17    1    1    1    1    1    1    1    1  2.40104E+09 0.28171 
   18   18    1    1    1    1    1    1    1    1  1.06135E+10 0.20267 
   19   19    1    1    1    1    1    1    1    1  1.08816E+10 0.20662 
   20   20    1    1    1    1    1    1    1    1  4.76205E+10 0.11699 
   21   21    1    1    1    1    1    1    1    1  2.94564E+10 0.10290 
   22   22    1    1    1    1    1    1    1    1  1.01502E+11 0.07803 
   23   23    1    1    1    1    1    1    1    1  1.14818E+11 0.05337 
   24   24    1    1    1    1    1    1    1    1  1.88637E+11 0.06200 
   25   25    1    1    1    1    1    1    1    1  2.42166E+11 0.04736 
   26   26    1    1    1    1    1    1    1    1  3.84238E+11 0.04163 
   27   27    1    1    1    1    1    1    1    1  7.32726E+11 0.03295 
   28   28    1    1    1    1    1    1    1    1  1.12185E+12 0.02236 
   29   29    1    1    1    1    1    1    1    1  1.45463E+12 0.01348 
   30   30    1    1    1    1    1    1    1    1  5.01497E+12 0.01229 
   31   31    1    1    1    1    1    1    1    1  1.43012E+13 0.00912 
   32   32    1    1    1    1    1    1    1    1  2.51859E+13 0.00650 
   33   33    1    1    1    1    1    1    1    1  5.13358E+13 0.00626 
   34   34    1    1    1    1    1    1    1    1  6.43184E+13 0.00624 
   35   35    1    1    1    1    1    1    1    1  9.61288E+13 0.00546 
   36   36    1    1    1    1    1    1    1    1  6.71761E+13 0.00570 
   37   37    1    1    1    1    1    1    1    1  2.16868E+13 0.00669 
   38   38    1    1    1    1    1    1    1    1  1.12667E+14 0.00643 
   39   39    1    1    1    1    1    1    1    1  1.48939E+14 0.00572 
   40   40    1    1    1    1    1    1    1    1  2.40936E+14 0.00618 
   41   41    1    1    1    1    1    1    1    1  2.54213E+14 0.00656 
   42   42    1    1    1    1    1    1    1    1  5.01723E+14 0.00606 
   43   43    1    1    1    1    1    1    1    1  5.91967E+14 0.00635 
   44   44    1    1    1    1    1    1    1    1  8.28368E+14 0.00659 
   45   45    1    1    1    1    1    1    1    1  1.53815E+15 0.00639 
   46   46    1    1    1    1    1    1    1    1  7.29313E+14 0.00608 
   47   47    1    1    1    1    1    1    1    1  1.18522E+15 0.00603 
   48   48    1    1    1    1    1    1    1    1  1.62839E+15 0.00610 
   49   49    1    1    1    1    1    1    1    1  1.61643E+15 0.00605 
   50   50    1    1    1    1    1    1    1    1  2.42342E+15 0.00635 
   51   51    1    1    1    1    1    1    1    1  1.99364E+15 0.00638 
   52   52    1    1    1    1    1    1    1    1  2.24666E+15 0.00630 
   53   53    1    1    1    1    1    1    1    1  1.58079E+15 0.00664 
   54   54    1    1    1    1    1    1    1    1  1.84482E+15 0.00660 
   55   55    1    1    1    1    1    1    1    1  1.28947E+15 0.00649 
   56   56    1    1    1    1    1    1    1    1  1.78489E+14 0.00674 
   57   57    1    1    1    1    1    1    1    1  2.56820E+15 0.00662 
   58   58    1    1    1    1    1    1    1    1  1.07738E+15 0.00662 
   59   59    1    1    1    1    1    1    1    1  1.16477E+15 0.00654 
   60   60    1    1    1    1    1    1    1    1  8.70792E+14 0.00665 
   61   61    1    1    1    1    1    1    1    1  8.81533E+14 0.00637 
   62   62    1    1    1    1    1    1    1    1  9.09010E+14 0.00646 
   63   63    1    1    1    1    1    1    1    1  7.56045E+14 0.00664 
   64   64    1    1    1    1    1    1    1    1  6.01400E+14 0.00666 
   65   65    1    1    1    1    1    1    1    1  5.94393E+14 0.00630 
   66   66    1    1    1    1    1    1    1    1  4.28866E+14 0.00621 
   67   67    1    1    1    1    1    1    1    1  3.54198E+14 0.00600 
   68   68    1    1    1    1    1    1    1    1  3.20320E+14 0.00615 
   69   69    1    1    1    1    1    1    1    1  3.83875E+14 0.00667 
   70   70    1    1    1    1    1    1    1    1  3.28593E+14 0.00693 
   71   71    1    1    1    1    1    1    1    1  6.22010E+14 0.00679 
   72   72    1    1    1    1    1    1    1    1  4.43390E+14 0.00611 
   73   73    1    1    1    1    1    1    1    1  3.29930E+14 0.00716 
   74   74    1    1    1    1    1    1    1    1  2.56056E+14 0.00684 
   75   75    1    1    1    1    1    1    1    1  2.04581E+14 0.00716 
   76   76    1    1    1    1    1    1    1    1  2.29898E+14 0.00707 
   77   77    1    1    1    1    1    1    1    1  1.75399E+14 0.00724 
   78   78    1    1    1    1    1    1    1    1  1.35714E+14 0.00744 
   79   79    1    1    1    1    1    1    1    1  1.37140E+14 0.00807 
   80   80    1    1    1    1    1    1    1    1  1.00197E+14 0.00626 
   81   81    1    1    1    1    1    1    1    1  7.64999E+13 0.00740 
   82   82    1    1    1    1    1    1    1    1  5.83734E+13 0.00743 
   83   83    1    1    1    1    1    1    1    1  5.42478E+13 0.00691 
   84   84    1    1    1    1    1    1    1    1  3.91582E+13 0.00734 
   85   85    1    1    1    1    1    1    1    1  2.79096E+13 0.00768 
   86   86    1    1    1    1    1    1    1    1  2.62311E+13 0.00870 
   87   87    1    1    1    1    1    1    1    1  1.62863E+13 0.00660 
   88   88    1    1    1    1    1    1    1    1  1.09541E+13 0.01123 
   89   89    1    1    1    1    1    1    1    1  6.20872E+12 0.01150 
   90   90    1    1    1    1    1    1    1    1  4.21443E+12 0.01293 
   91   91    1    1    1    1    1    1    1    1  2.09895E+12 0.02703 
   92   92    1    1    1    1    1    1    1    1  1.03347E+12 0.02510 
   93   93    1    1    1    1    1    1    1    1  5.01073E+11 0.05023 
   94   94    1    1    1    1    1    1    1    1  2.33419E+11 0.06727 
   95   95    1    1    1    1    1    1    1    1  1.05398E+11 0.08023 
   96   96    1    1    1    1    1    1    1    1  6.36508E+10 0.11226 
   97   97    1    1    1    1    1    1    1    1  3.61933E+10 0.13769 
   98   98    1    1    1    1    1    1    1    1  1.43148E+10 0.23316 
   99   99    1    1    1    1    1    1    1    1  7.32674E+09 0.26227 
  100  100    1    1    1    1    1    1    1    1  7.09192E+09 0.41526 
];


