
DETdpaspec = [
    1    1    1    1    1    1    1    1    1    1  0.00000E+00 0.00000 
    2    2    1    1    1    1    1    1    1    1  0.00000E+00 0.00000 
    3    3    1    1    1    1    1    1    1    1  0.00000E+00 0.00000 
    4    4    1    1    1    1    1    1    1    1  0.00000E+00 0.00000 
    5    5    1    1    1    1    1    1    1    1  0.00000E+00 0.00000 
    6    6    1    1    1    1    1    1    1    1  0.00000E+00 0.00000 
    7    7    1    1    1    1    1    1    1    1  0.00000E+00 0.00000 
    8    8    1    1    1    1    1    1    1    1  0.00000E+00 0.00000 
    9    9    1    1    1    1    1    1    1    1  3.09971E+07 1.00000 
   10   10    1    1    1    1    1    1    1    1  2.42216E+08 0.68831 
   11   11    1    1    1    1    1    1    1    1  5.45940E+07 1.00000 
   12   12    1    1    1    1    1    1    1    1  5.25142E+07 0.60695 
   13   13    1    1    1    1    1    1    1    1  1.93576E+09 0.54511 
   14   14    1    1    1    1    1    1    1    1  8.40654E+08 0.58170 
   15   15    1    1    1    1    1    1    1    1  1.22415E+09 0.78663 
   16   16    1    1    1    1    1    1    1    1  9.64631E+08 0.26815 
   17   17    1    1    1    1    1    1    1    1  3.20907E+09 0.23753 
   18   18    1    1    1    1    1    1    1    1  6.73018E+09 0.24776 
   19   19    1    1    1    1    1    1    1    1  5.70379E+09 0.22979 
   20   20    1    1    1    1    1    1    1    1  2.09782E+10 0.14912 
   21   21    1    1    1    1    1    1    1    1  1.99738E+10 0.12302 
   22   22    1    1    1    1    1    1    1    1  5.31558E+10 0.09035 
   23   23    1    1    1    1    1    1    1    1  7.26318E+10 0.08249 
   24   24    1    1    1    1    1    1    1    1  1.06998E+11 0.04434 
   25   25    1    1    1    1    1    1    1    1  1.31666E+11 0.05360 
   26   26    1    1    1    1    1    1    1    1  1.79395E+11 0.07376 
   27   27    1    1    1    1    1    1    1    1  3.51887E+11 0.05576 
   28   28    1    1    1    1    1    1    1    1  6.20484E+11 0.03381 
   29   29    1    1    1    1    1    1    1    1  8.73876E+11 0.02638 
   30   30    1    1    1    1    1    1    1    1  2.79344E+12 0.02298 
   31   31    1    1    1    1    1    1    1    1  8.46579E+12 0.01379 
   32   32    1    1    1    1    1    1    1    1  1.59320E+13 0.00810 
   33   33    1    1    1    1    1    1    1    1  3.51249E+13 0.00539 
   34   34    1    1    1    1    1    1    1    1  4.63183E+13 0.00572 
   35   35    1    1    1    1    1    1    1    1  6.69254E+13 0.00339 
   36   36    1    1    1    1    1    1    1    1  4.69488E+13 0.00339 
   37   37    1    1    1    1    1    1    1    1  1.50005E+13 0.00318 
   38   38    1    1    1    1    1    1    1    1  8.07983E+13 0.00238 
   39   39    1    1    1    1    1    1    1    1  1.07802E+14 0.00286 
   40   40    1    1    1    1    1    1    1    1  1.79862E+14 0.00290 
   41   41    1    1    1    1    1    1    1    1  1.87910E+14 0.00224 
   42   42    1    1    1    1    1    1    1    1  3.85260E+14 0.00232 
   43   43    1    1    1    1    1    1    1    1  4.60527E+14 0.00271 
   44   44    1    1    1    1    1    1    1    1  6.56672E+14 0.00243 
   45   45    1    1    1    1    1    1    1    1  1.25528E+15 0.00240 
   46   46    1    1    1    1    1    1    1    1  5.89798E+14 0.00224 
   47   47    1    1    1    1    1    1    1    1  9.57261E+14 0.00251 
   48   48    1    1    1    1    1    1    1    1  1.32201E+15 0.00261 
   49   49    1    1    1    1    1    1    1    1  1.31128E+15 0.00249 
   50   50    1    1    1    1    1    1    1    1  1.98129E+15 0.00232 
   51   51    1    1    1    1    1    1    1    1  1.60324E+15 0.00245 
   52   52    1    1    1    1    1    1    1    1  1.83605E+15 0.00253 
   53   53    1    1    1    1    1    1    1    1  1.27643E+15 0.00259 
   54   54    1    1    1    1    1    1    1    1  1.50751E+15 0.00265 
   55   55    1    1    1    1    1    1    1    1  1.04204E+15 0.00272 
   56   56    1    1    1    1    1    1    1    1  1.42800E+14 0.00324 
   57   57    1    1    1    1    1    1    1    1  2.06477E+15 0.00258 
   58   58    1    1    1    1    1    1    1    1  8.80189E+14 0.00252 
   59   59    1    1    1    1    1    1    1    1  9.41495E+14 0.00241 
   60   60    1    1    1    1    1    1    1    1  7.11887E+14 0.00233 
   61   61    1    1    1    1    1    1    1    1  7.15973E+14 0.00274 
   62   62    1    1    1    1    1    1    1    1  7.40503E+14 0.00260 
   63   63    1    1    1    1    1    1    1    1  6.14712E+14 0.00302 
   64   64    1    1    1    1    1    1    1    1  4.87801E+14 0.00268 
   65   65    1    1    1    1    1    1    1    1  4.82135E+14 0.00269 
   66   66    1    1    1    1    1    1    1    1  3.44415E+14 0.00248 
   67   67    1    1    1    1    1    1    1    1  2.83657E+14 0.00248 
   68   68    1    1    1    1    1    1    1    1  2.56098E+14 0.00252 
   69   69    1    1    1    1    1    1    1    1  3.06961E+14 0.00314 
   70   70    1    1    1    1    1    1    1    1  2.61535E+14 0.00266 
   71   71    1    1    1    1    1    1    1    1  4.84007E+14 0.00332 
   72   72    1    1    1    1    1    1    1    1  3.41898E+14 0.00365 
   73   73    1    1    1    1    1    1    1    1  2.55776E+14 0.00358 
   74   74    1    1    1    1    1    1    1    1  2.01056E+14 0.00351 
   75   75    1    1    1    1    1    1    1    1  1.63172E+14 0.00423 
   76   76    1    1    1    1    1    1    1    1  1.84192E+14 0.00348 
   77   77    1    1    1    1    1    1    1    1  1.42818E+14 0.00384 
   78   78    1    1    1    1    1    1    1    1  1.11797E+14 0.00318 
   79   79    1    1    1    1    1    1    1    1  1.13782E+14 0.00430 
   80   80    1    1    1    1    1    1    1    1  8.34533E+13 0.00366 
   81   81    1    1    1    1    1    1    1    1  6.40520E+13 0.00489 
   82   82    1    1    1    1    1    1    1    1  4.88496E+13 0.00497 
   83   83    1    1    1    1    1    1    1    1  4.55534E+13 0.00526 
   84   84    1    1    1    1    1    1    1    1  3.29727E+13 0.00669 
   85   85    1    1    1    1    1    1    1    1  2.36388E+13 0.00770 
   86   86    1    1    1    1    1    1    1    1  2.19528E+13 0.00687 
   87   87    1    1    1    1    1    1    1    1  1.38641E+13 0.00585 
   88   88    1    1    1    1    1    1    1    1  9.22346E+12 0.00777 
   89   89    1    1    1    1    1    1    1    1  5.36854E+12 0.01342 
   90   90    1    1    1    1    1    1    1    1  3.49516E+12 0.01854 
   91   91    1    1    1    1    1    1    1    1  1.75296E+12 0.02298 
   92   92    1    1    1    1    1    1    1    1  8.79677E+11 0.02185 
   93   93    1    1    1    1    1    1    1    1  4.46733E+11 0.04750 
   94   94    1    1    1    1    1    1    1    1  2.13364E+11 0.04154 
   95   95    1    1    1    1    1    1    1    1  9.59865E+10 0.09601 
   96   96    1    1    1    1    1    1    1    1  4.35044E+10 0.12641 
   97   97    1    1    1    1    1    1    1    1  2.78376E+10 0.19380 
   98   98    1    1    1    1    1    1    1    1  1.46695E+10 0.21365 
   99   99    1    1    1    1    1    1    1    1  6.71916E+09 0.34215 
  100  100    1    1    1    1    1    1    1    1  3.03321E+09 0.33653 
];


