
DETdpaspec = [
    1    1    1    1    1    1    1    1    1    1  0.00000E+00 0.00000 
    2    2    1    1    1    1    1    1    1    1  0.00000E+00 0.00000 
    3    3    1    1    1    1    1    1    1    1  0.00000E+00 0.00000 
    4    4    1    1    1    1    1    1    1    1  0.00000E+00 0.00000 
    5    5    1    1    1    1    1    1    1    1  0.00000E+00 0.00000 
    6    6    1    1    1    1    1    1    1    1  0.00000E+00 0.00000 
    7    7    1    1    1    1    1    1    1    1  0.00000E+00 0.00000 
    8    8    1    1    1    1    1    1    1    1  3.51485E+07 0.69045 
    9    9    1    1    1    1    1    1    1    1  9.10984E+06 1.00000 
   10   10    1    1    1    1    1    1    1    1  1.48503E+08 0.76885 
   11   11    1    1    1    1    1    1    1    1  1.88399E+08 0.54692 
   12   12    1    1    1    1    1    1    1    1  0.00000E+00 0.00000 
   13   13    1    1    1    1    1    1    1    1  1.86480E+09 0.40287 
   14   14    1    1    1    1    1    1    1    1  6.80871E+09 0.46307 
   15   15    1    1    1    1    1    1    1    1  5.13918E+09 0.37208 
   16   16    1    1    1    1    1    1    1    1  1.42835E+09 0.33134 
   17   17    1    1    1    1    1    1    1    1  3.72269E+09 0.28820 
   18   18    1    1    1    1    1    1    1    1  1.24361E+10 0.16738 
   19   19    1    1    1    1    1    1    1    1  1.19417E+10 0.20223 
   20   20    1    1    1    1    1    1    1    1  4.93998E+10 0.09482 
   21   21    1    1    1    1    1    1    1    1  3.23855E+10 0.08607 
   22   22    1    1    1    1    1    1    1    1  8.67306E+10 0.08463 
   23   23    1    1    1    1    1    1    1    1  1.23144E+11 0.08630 
   24   24    1    1    1    1    1    1    1    1  1.73808E+11 0.05088 
   25   25    1    1    1    1    1    1    1    1  2.37661E+11 0.04272 
   26   26    1    1    1    1    1    1    1    1  3.47086E+11 0.04207 
   27   27    1    1    1    1    1    1    1    1  6.19962E+11 0.03302 
   28   28    1    1    1    1    1    1    1    1  1.21088E+12 0.01793 
   29   29    1    1    1    1    1    1    1    1  1.86125E+12 0.01728 
   30   30    1    1    1    1    1    1    1    1  5.50599E+12 0.00992 
   31   31    1    1    1    1    1    1    1    1  1.76863E+13 0.00813 
   32   32    1    1    1    1    1    1    1    1  3.35214E+13 0.00529 
   33   33    1    1    1    1    1    1    1    1  8.00735E+13 0.00334 
   34   34    1    1    1    1    1    1    1    1  1.11870E+14 0.00274 
   35   35    1    1    1    1    1    1    1    1  1.53860E+14 0.00182 
   36   36    1    1    1    1    1    1    1    1  1.06387E+14 0.00213 
   37   37    1    1    1    1    1    1    1    1  3.29323E+13 0.00201 
   38   38    1    1    1    1    1    1    1    1  1.83727E+14 0.00170 
   39   39    1    1    1    1    1    1    1    1  2.48298E+14 0.00169 
   40   40    1    1    1    1    1    1    1    1  4.24591E+14 0.00152 
   41   41    1    1    1    1    1    1    1    1  4.36223E+14 0.00158 
   42   42    1    1    1    1    1    1    1    1  9.27446E+14 0.00132 
   43   43    1    1    1    1    1    1    1    1  1.12919E+15 0.00145 
   44   44    1    1    1    1    1    1    1    1  1.64367E+15 0.00142 
   45   45    1    1    1    1    1    1    1    1  3.26774E+15 0.00109 
   46   46    1    1    1    1    1    1    1    1  1.53806E+15 0.00093 
   47   47    1    1    1    1    1    1    1    1  2.49926E+15 0.00099 
   48   48    1    1    1    1    1    1    1    1  3.49827E+15 0.00108 
   49   49    1    1    1    1    1    1    1    1  3.47975E+15 0.00092 
   50   50    1    1    1    1    1    1    1    1  5.40719E+15 0.00080 
   51   51    1    1    1    1    1    1    1    1  4.35387E+15 0.00075 
   52   52    1    1    1    1    1    1    1    1  5.14145E+15 0.00085 
   53   53    1    1    1    1    1    1    1    1  3.58255E+15 0.00084 
   54   54    1    1    1    1    1    1    1    1  4.34894E+15 0.00085 
   55   55    1    1    1    1    1    1    1    1  2.99841E+15 0.00078 
   56   56    1    1    1    1    1    1    1    1  4.09098E+14 0.00090 
   57   57    1    1    1    1    1    1    1    1  5.97918E+15 0.00079 
   58   58    1    1    1    1    1    1    1    1  2.63629E+15 0.00086 
   59   59    1    1    1    1    1    1    1    1  2.81384E+15 0.00094 
   60   60    1    1    1    1    1    1    1    1  2.17124E+15 0.00087 
   61   61    1    1    1    1    1    1    1    1  2.18224E+15 0.00096 
   62   62    1    1    1    1    1    1    1    1  2.27071E+15 0.00110 
   63   63    1    1    1    1    1    1    1    1  1.90930E+15 0.00109 
   64   64    1    1    1    1    1    1    1    1  1.52094E+15 0.00114 
   65   65    1    1    1    1    1    1    1    1  1.50919E+15 0.00113 
   66   66    1    1    1    1    1    1    1    1  1.08641E+15 0.00100 
   67   67    1    1    1    1    1    1    1    1  8.87728E+14 0.00118 
   68   68    1    1    1    1    1    1    1    1  7.98264E+14 0.00097 
   69   69    1    1    1    1    1    1    1    1  9.58607E+14 0.00129 
   70   70    1    1    1    1    1    1    1    1  8.16733E+14 0.00140 
   71   71    1    1    1    1    1    1    1    1  1.49934E+15 0.00155 
   72   72    1    1    1    1    1    1    1    1  1.06219E+15 0.00117 
   73   73    1    1    1    1    1    1    1    1  7.96416E+14 0.00140 
   74   74    1    1    1    1    1    1    1    1  6.36945E+14 0.00128 
   75   75    1    1    1    1    1    1    1    1  5.24684E+14 0.00158 
   76   76    1    1    1    1    1    1    1    1  6.03729E+14 0.00157 
   77   77    1    1    1    1    1    1    1    1  4.74463E+14 0.00195 
   78   78    1    1    1    1    1    1    1    1  3.76411E+14 0.00163 
   79   79    1    1    1    1    1    1    1    1  3.86817E+14 0.00196 
   80   80    1    1    1    1    1    1    1    1  2.86325E+14 0.00191 
   81   81    1    1    1    1    1    1    1    1  2.20004E+14 0.00203 
   82   82    1    1    1    1    1    1    1    1  1.69131E+14 0.00196 
   83   83    1    1    1    1    1    1    1    1  1.57489E+14 0.00297 
   84   84    1    1    1    1    1    1    1    1  1.12866E+14 0.00240 
   85   85    1    1    1    1    1    1    1    1  8.12893E+13 0.00319 
   86   86    1    1    1    1    1    1    1    1  7.69340E+13 0.00307 
   87   87    1    1    1    1    1    1    1    1  4.70730E+13 0.00323 
   88   88    1    1    1    1    1    1    1    1  3.20038E+13 0.00437 
   89   89    1    1    1    1    1    1    1    1  1.81944E+13 0.00773 
   90   90    1    1    1    1    1    1    1    1  1.22397E+13 0.00756 
   91   91    1    1    1    1    1    1    1    1  6.19754E+12 0.01118 
   92   92    1    1    1    1    1    1    1    1  2.98478E+12 0.02177 
   93   93    1    1    1    1    1    1    1    1  1.52202E+12 0.02138 
   94   94    1    1    1    1    1    1    1    1  6.77962E+11 0.04144 
   95   95    1    1    1    1    1    1    1    1  2.97881E+11 0.05314 
   96   96    1    1    1    1    1    1    1    1  1.74789E+11 0.07159 
   97   97    1    1    1    1    1    1    1    1  6.04033E+10 0.11676 
   98   98    1    1    1    1    1    1    1    1  3.29974E+10 0.13320 
   99   99    1    1    1    1    1    1    1    1  1.94435E+10 0.19451 
  100  100    1    1    1    1    1    1    1    1  1.69049E+10 0.24807 
];


