
DETdpaspec = [
    1    1    1    1    1    1    1    1    1    1  0.00000E+00 0.00000 
    2    2    1    1    1    1    1    1    1    1  0.00000E+00 0.00000 
    3    3    1    1    1    1    1    1    1    1  0.00000E+00 0.00000 
    4    4    1    1    1    1    1    1    1    1  0.00000E+00 0.00000 
    5    5    1    1    1    1    1    1    1    1  0.00000E+00 0.00000 
    6    6    1    1    1    1    1    1    1    1  0.00000E+00 0.00000 
    7    7    1    1    1    1    1    1    1    1  1.62904E+07 1.00000 
    8    8    1    1    1    1    1    1    1    1  2.07305E+07 1.00000 
    9    9    1    1    1    1    1    1    1    1  0.00000E+00 0.00000 
   10   10    1    1    1    1    1    1    1    1  2.43290E+08 0.53752 
   11   11    1    1    1    1    1    1    1    1  5.53689E+08 0.48872 
   12   12    1    1    1    1    1    1    1    1  1.68673E+08 0.47490 
   13   13    1    1    1    1    1    1    1    1  1.80652E+09 0.48469 
   14   14    1    1    1    1    1    1    1    1  1.98925E+09 0.59797 
   15   15    1    1    1    1    1    1    1    1  4.50402E+09 0.36743 
   16   16    1    1    1    1    1    1    1    1  1.47407E+09 0.30603 
   17   17    1    1    1    1    1    1    1    1  2.52751E+09 0.34466 
   18   18    1    1    1    1    1    1    1    1  8.41693E+09 0.36328 
   19   19    1    1    1    1    1    1    1    1  5.94778E+09 0.20186 
   20   20    1    1    1    1    1    1    1    1  3.26173E+10 0.14650 
   21   21    1    1    1    1    1    1    1    1  2.21835E+10 0.15745 
   22   22    1    1    1    1    1    1    1    1  6.31099E+10 0.10093 
   23   23    1    1    1    1    1    1    1    1  8.28023E+10 0.06610 
   24   24    1    1    1    1    1    1    1    1  1.08860E+11 0.07574 
   25   25    1    1    1    1    1    1    1    1  1.52431E+11 0.06661 
   26   26    1    1    1    1    1    1    1    1  2.24060E+11 0.04806 
   27   27    1    1    1    1    1    1    1    1  3.94338E+11 0.04349 
   28   28    1    1    1    1    1    1    1    1  6.98256E+11 0.03082 
   29   29    1    1    1    1    1    1    1    1  9.95953E+11 0.02388 
   30   30    1    1    1    1    1    1    1    1  3.16915E+12 0.01874 
   31   31    1    1    1    1    1    1    1    1  9.70195E+12 0.01241 
   32   32    1    1    1    1    1    1    1    1  1.81198E+13 0.00760 
   33   33    1    1    1    1    1    1    1    1  4.03220E+13 0.00351 
   34   34    1    1    1    1    1    1    1    1  5.34567E+13 0.00237 
   35   35    1    1    1    1    1    1    1    1  7.74377E+13 0.00371 
   36   36    1    1    1    1    1    1    1    1  5.43019E+13 0.00313 
   37   37    1    1    1    1    1    1    1    1  1.72201E+13 0.00354 
   38   38    1    1    1    1    1    1    1    1  9.31540E+13 0.00320 
   39   39    1    1    1    1    1    1    1    1  1.24903E+14 0.00313 
   40   40    1    1    1    1    1    1    1    1  2.09028E+14 0.00273 
   41   41    1    1    1    1    1    1    1    1  2.17327E+14 0.00236 
   42   42    1    1    1    1    1    1    1    1  4.49368E+14 0.00191 
   43   43    1    1    1    1    1    1    1    1  5.39229E+14 0.00188 
   44   44    1    1    1    1    1    1    1    1  7.69243E+14 0.00165 
   45   45    1    1    1    1    1    1    1    1  1.47662E+15 0.00163 
   46   46    1    1    1    1    1    1    1    1  6.94377E+14 0.00199 
   47   47    1    1    1    1    1    1    1    1  1.13015E+15 0.00188 
   48   48    1    1    1    1    1    1    1    1  1.56208E+15 0.00180 
   49   49    1    1    1    1    1    1    1    1  1.54909E+15 0.00196 
   50   50    1    1    1    1    1    1    1    1  2.35053E+15 0.00210 
   51   51    1    1    1    1    1    1    1    1  1.90058E+15 0.00207 
   52   52    1    1    1    1    1    1    1    1  2.18497E+15 0.00178 
   53   53    1    1    1    1    1    1    1    1  1.51926E+15 0.00164 
   54   54    1    1    1    1    1    1    1    1  1.80206E+15 0.00175 
   55   55    1    1    1    1    1    1    1    1  1.24295E+15 0.00183 
   56   56    1    1    1    1    1    1    1    1  1.70538E+14 0.00231 
   57   57    1    1    1    1    1    1    1    1  2.47052E+15 0.00176 
   58   58    1    1    1    1    1    1    1    1  1.05849E+15 0.00214 
   59   59    1    1    1    1    1    1    1    1  1.12934E+15 0.00198 
   60   60    1    1    1    1    1    1    1    1  8.54214E+14 0.00206 
   61   61    1    1    1    1    1    1    1    1  8.59958E+14 0.00246 
   62   62    1    1    1    1    1    1    1    1  8.88821E+14 0.00246 
   63   63    1    1    1    1    1    1    1    1  7.41479E+14 0.00246 
   64   64    1    1    1    1    1    1    1    1  5.88169E+14 0.00237 
   65   65    1    1    1    1    1    1    1    1  5.80829E+14 0.00247 
   66   66    1    1    1    1    1    1    1    1  4.16600E+14 0.00245 
   67   67    1    1    1    1    1    1    1    1  3.42623E+14 0.00216 
   68   68    1    1    1    1    1    1    1    1  3.07980E+14 0.00300 
   69   69    1    1    1    1    1    1    1    1  3.69026E+14 0.00257 
   70   70    1    1    1    1    1    1    1    1  3.14227E+14 0.00276 
   71   71    1    1    1    1    1    1    1    1  5.82581E+14 0.00265 
   72   72    1    1    1    1    1    1    1    1  4.13176E+14 0.00293 
   73   73    1    1    1    1    1    1    1    1  3.07167E+14 0.00243 
   74   74    1    1    1    1    1    1    1    1  2.43491E+14 0.00228 
   75   75    1    1    1    1    1    1    1    1  1.97434E+14 0.00267 
   76   76    1    1    1    1    1    1    1    1  2.23771E+14 0.00303 
   77   77    1    1    1    1    1    1    1    1  1.72894E+14 0.00330 
   78   78    1    1    1    1    1    1    1    1  1.36660E+14 0.00296 
   79   79    1    1    1    1    1    1    1    1  1.38003E+14 0.00288 
   80   80    1    1    1    1    1    1    1    1  1.01909E+14 0.00322 
   81   81    1    1    1    1    1    1    1    1  7.79145E+13 0.00596 
   82   82    1    1    1    1    1    1    1    1  5.91132E+13 0.00501 
   83   83    1    1    1    1    1    1    1    1  5.57913E+13 0.00378 
   84   84    1    1    1    1    1    1    1    1  4.03073E+13 0.00545 
   85   85    1    1    1    1    1    1    1    1  2.88272E+13 0.00597 
   86   86    1    1    1    1    1    1    1    1  2.69778E+13 0.00640 
   87   87    1    1    1    1    1    1    1    1  1.69224E+13 0.00653 
   88   88    1    1    1    1    1    1    1    1  1.14335E+13 0.00846 
   89   89    1    1    1    1    1    1    1    1  6.58063E+12 0.01003 
   90   90    1    1    1    1    1    1    1    1  4.33807E+12 0.01447 
   91   91    1    1    1    1    1    1    1    1  2.11220E+12 0.02011 
   92   92    1    1    1    1    1    1    1    1  1.15194E+12 0.02354 
   93   93    1    1    1    1    1    1    1    1  5.28278E+11 0.04571 
   94   94    1    1    1    1    1    1    1    1  2.61962E+11 0.07509 
   95   95    1    1    1    1    1    1    1    1  1.24325E+11 0.06826 
   96   96    1    1    1    1    1    1    1    1  5.97013E+10 0.09378 
   97   97    1    1    1    1    1    1    1    1  3.56303E+10 0.13921 
   98   98    1    1    1    1    1    1    1    1  1.06082E+10 0.33992 
   99   99    1    1    1    1    1    1    1    1  4.50616E+09 0.47430 
  100  100    1    1    1    1    1    1    1    1  9.02710E+09 0.36342 
];


