
DETdpaspec = [
    1    1    1    1    1    1    1    1    1    1  0.00000E+00 0.00000 
    2    2    1    1    1    1    1    1    1    1  0.00000E+00 0.00000 
    3    3    1    1    1    1    1    1    1    1  0.00000E+00 0.00000 
    4    4    1    1    1    1    1    1    1    1  0.00000E+00 0.00000 
    5    5    1    1    1    1    1    1    1    1  0.00000E+00 0.00000 
    6    6    1    1    1    1    1    1    1    1  0.00000E+00 0.00000 
    7    7    1    1    1    1    1    1    1    1  0.00000E+00 0.00000 
    8    8    1    1    1    1    1    1    1    1  2.02585E+07 1.00000 
    9    9    1    1    1    1    1    1    1    1  0.00000E+00 0.00000 
   10   10    1    1    1    1    1    1    1    1  5.93533E+07 1.00000 
   11   11    1    1    1    1    1    1    1    1  0.00000E+00 0.00000 
   12   12    1    1    1    1    1    1    1    1  3.36066E+07 1.00000 
   13   13    1    1    1    1    1    1    1    1  9.58066E+08 0.63255 
   14   14    1    1    1    1    1    1    1    1  1.24448E+09 0.43543 
   15   15    1    1    1    1    1    1    1    1  5.59420E+09 0.43939 
   16   16    1    1    1    1    1    1    1    1  5.66862E+08 0.38850 
   17   17    1    1    1    1    1    1    1    1  2.78772E+09 0.20230 
   18   18    1    1    1    1    1    1    1    1  6.30877E+09 0.22942 
   19   19    1    1    1    1    1    1    1    1  8.36367E+09 0.22021 
   20   20    1    1    1    1    1    1    1    1  1.96327E+10 0.20718 
   21   21    1    1    1    1    1    1    1    1  1.74463E+10 0.12768 
   22   22    1    1    1    1    1    1    1    1  4.85138E+10 0.08974 
   23   23    1    1    1    1    1    1    1    1  7.46539E+10 0.08493 
   24   24    1    1    1    1    1    1    1    1  9.77204E+10 0.07593 
   25   25    1    1    1    1    1    1    1    1  1.17019E+11 0.06807 
   26   26    1    1    1    1    1    1    1    1  2.19268E+11 0.05797 
   27   27    1    1    1    1    1    1    1    1  3.72889E+11 0.04369 
   28   28    1    1    1    1    1    1    1    1  6.70740E+11 0.04262 
   29   29    1    1    1    1    1    1    1    1  9.28406E+11 0.02775 
   30   30    1    1    1    1    1    1    1    1  2.95350E+12 0.01396 
   31   31    1    1    1    1    1    1    1    1  9.20072E+12 0.01290 
   32   32    1    1    1    1    1    1    1    1  1.71758E+13 0.00803 
   33   33    1    1    1    1    1    1    1    1  3.82431E+13 0.00522 
   34   34    1    1    1    1    1    1    1    1  5.08330E+13 0.00406 
   35   35    1    1    1    1    1    1    1    1  7.37717E+13 0.00269 
   36   36    1    1    1    1    1    1    1    1  5.15642E+13 0.00243 
   37   37    1    1    1    1    1    1    1    1  1.63522E+13 0.00309 
   38   38    1    1    1    1    1    1    1    1  8.83169E+13 0.00252 
   39   39    1    1    1    1    1    1    1    1  1.18217E+14 0.00242 
   40   40    1    1    1    1    1    1    1    1  1.98224E+14 0.00166 
   41   41    1    1    1    1    1    1    1    1  2.06838E+14 0.00192 
   42   42    1    1    1    1    1    1    1    1  4.25737E+14 0.00203 
   43   43    1    1    1    1    1    1    1    1  5.10785E+14 0.00166 
   44   44    1    1    1    1    1    1    1    1  7.27640E+14 0.00119 
   45   45    1    1    1    1    1    1    1    1  1.39195E+15 0.00136 
   46   46    1    1    1    1    1    1    1    1  6.54486E+14 0.00164 
   47   47    1    1    1    1    1    1    1    1  1.06332E+15 0.00127 
   48   48    1    1    1    1    1    1    1    1  1.47009E+15 0.00171 
   49   49    1    1    1    1    1    1    1    1  1.45747E+15 0.00168 
   50   50    1    1    1    1    1    1    1    1  2.21182E+15 0.00167 
   51   51    1    1    1    1    1    1    1    1  1.78993E+15 0.00153 
   52   52    1    1    1    1    1    1    1    1  2.05292E+15 0.00168 
   53   53    1    1    1    1    1    1    1    1  1.42820E+15 0.00147 
   54   54    1    1    1    1    1    1    1    1  1.69220E+15 0.00153 
   55   55    1    1    1    1    1    1    1    1  1.16603E+15 0.00183 
   56   56    1    1    1    1    1    1    1    1  1.59538E+14 0.00211 
   57   57    1    1    1    1    1    1    1    1  2.31615E+15 0.00142 
   58   58    1    1    1    1    1    1    1    1  9.89484E+14 0.00199 
   59   59    1    1    1    1    1    1    1    1  1.05768E+15 0.00192 
   60   60    1    1    1    1    1    1    1    1  7.99791E+14 0.00193 
   61   61    1    1    1    1    1    1    1    1  8.04764E+14 0.00212 
   62   62    1    1    1    1    1    1    1    1  8.31048E+14 0.00208 
   63   63    1    1    1    1    1    1    1    1  6.91152E+14 0.00196 
   64   64    1    1    1    1    1    1    1    1  5.49216E+14 0.00260 
   65   65    1    1    1    1    1    1    1    1  5.42844E+14 0.00224 
   66   66    1    1    1    1    1    1    1    1  3.88750E+14 0.00186 
   67   67    1    1    1    1    1    1    1    1  3.18450E+14 0.00195 
   68   68    1    1    1    1    1    1    1    1  2.88177E+14 0.00191 
   69   69    1    1    1    1    1    1    1    1  3.44329E+14 0.00224 
   70   70    1    1    1    1    1    1    1    1  2.93738E+14 0.00227 
   71   71    1    1    1    1    1    1    1    1  5.44300E+14 0.00210 
   72   72    1    1    1    1    1    1    1    1  3.85354E+14 0.00218 
   73   73    1    1    1    1    1    1    1    1  2.87470E+14 0.00203 
   74   74    1    1    1    1    1    1    1    1  2.26504E+14 0.00270 
   75   75    1    1    1    1    1    1    1    1  1.84540E+14 0.00285 
   76   76    1    1    1    1    1    1    1    1  2.08907E+14 0.00224 
   77   77    1    1    1    1    1    1    1    1  1.60996E+14 0.00274 
   78   78    1    1    1    1    1    1    1    1  1.26017E+14 0.00219 
   79   79    1    1    1    1    1    1    1    1  1.28571E+14 0.00287 
   80   80    1    1    1    1    1    1    1    1  9.48081E+13 0.00372 
   81   81    1    1    1    1    1    1    1    1  7.26823E+13 0.00357 
   82   82    1    1    1    1    1    1    1    1  5.52980E+13 0.00420 
   83   83    1    1    1    1    1    1    1    1  5.18910E+13 0.00470 
   84   84    1    1    1    1    1    1    1    1  3.67127E+13 0.00563 
   85   85    1    1    1    1    1    1    1    1  2.66910E+13 0.00702 
   86   86    1    1    1    1    1    1    1    1  2.49226E+13 0.00710 
   87   87    1    1    1    1    1    1    1    1  1.56222E+13 0.00654 
   88   88    1    1    1    1    1    1    1    1  1.04679E+13 0.00827 
   89   89    1    1    1    1    1    1    1    1  6.13001E+12 0.00968 
   90   90    1    1    1    1    1    1    1    1  4.04212E+12 0.01351 
   91   91    1    1    1    1    1    1    1    1  2.00800E+12 0.02347 
   92   92    1    1    1    1    1    1    1    1  1.01049E+12 0.01897 
   93   93    1    1    1    1    1    1    1    1  4.58257E+11 0.04241 
   94   94    1    1    1    1    1    1    1    1  2.48937E+11 0.05222 
   95   95    1    1    1    1    1    1    1    1  1.13552E+11 0.10249 
   96   96    1    1    1    1    1    1    1    1  5.38479E+10 0.15974 
   97   97    1    1    1    1    1    1    1    1  1.96321E+10 0.18203 
   98   98    1    1    1    1    1    1    1    1  1.89187E+10 0.29369 
   99   99    1    1    1    1    1    1    1    1  2.98343E+09 0.38124 
  100  100    1    1    1    1    1    1    1    1  5.21165E+09 0.32999 
];


