
DETdpaspec = [
    1    1    1    1    1    1    1    1    1    1  0.00000E+00 0.00000 
    2    2    1    1    1    1    1    1    1    1  0.00000E+00 0.00000 
    3    3    1    1    1    1    1    1    1    1  0.00000E+00 0.00000 
    4    4    1    1    1    1    1    1    1    1  0.00000E+00 0.00000 
    5    5    1    1    1    1    1    1    1    1  0.00000E+00 0.00000 
    6    6    1    1    1    1    1    1    1    1  0.00000E+00 0.00000 
    7    7    1    1    1    1    1    1    1    1  0.00000E+00 0.00000 
    8    8    1    1    1    1    1    1    1    1  0.00000E+00 0.00000 
    9    9    1    1    1    1    1    1    1    1  1.47119E+07 1.00000 
   10   10    1    1    1    1    1    1    1    1  8.67723E+07 1.00000 
   11   11    1    1    1    1    1    1    1    1  6.75843E+07 1.00000 
   12   12    1    1    1    1    1    1    1    1  0.00000E+00 0.00000 
   13   13    1    1    1    1    1    1    1    1  1.40036E+09 0.53030 
   14   14    1    1    1    1    1    1    1    1  1.65723E+09 0.43116 
   15   15    1    1    1    1    1    1    1    1  2.23573E+09 0.46828 
   16   16    1    1    1    1    1    1    1    1  6.31507E+08 0.66366 
   17   17    1    1    1    1    1    1    1    1  2.29556E+09 0.20296 
   18   18    1    1    1    1    1    1    1    1  8.48002E+09 0.23943 
   19   19    1    1    1    1    1    1    1    1  6.58103E+09 0.25975 
   20   20    1    1    1    1    1    1    1    1  3.54271E+10 0.13706 
   21   21    1    1    1    1    1    1    1    1  2.43193E+10 0.09194 
   22   22    1    1    1    1    1    1    1    1  5.47142E+10 0.10837 
   23   23    1    1    1    1    1    1    1    1  8.18294E+10 0.08204 
   24   24    1    1    1    1    1    1    1    1  1.18457E+11 0.08266 
   25   25    1    1    1    1    1    1    1    1  1.34348E+11 0.05503 
   26   26    1    1    1    1    1    1    1    1  2.27708E+11 0.04787 
   27   27    1    1    1    1    1    1    1    1  4.30046E+11 0.03383 
   28   28    1    1    1    1    1    1    1    1  6.93666E+11 0.02800 
   29   29    1    1    1    1    1    1    1    1  9.16801E+11 0.01866 
   30   30    1    1    1    1    1    1    1    1  3.00436E+12 0.01424 
   31   31    1    1    1    1    1    1    1    1  9.11707E+12 0.01120 
   32   32    1    1    1    1    1    1    1    1  1.65494E+13 0.00927 
   33   33    1    1    1    1    1    1    1    1  3.50062E+13 0.00796 
   34   34    1    1    1    1    1    1    1    1  4.51352E+13 0.00653 
   35   35    1    1    1    1    1    1    1    1  6.66017E+13 0.00571 
   36   36    1    1    1    1    1    1    1    1  4.65459E+13 0.00563 
   37   37    1    1    1    1    1    1    1    1  1.50241E+13 0.00601 
   38   38    1    1    1    1    1    1    1    1  7.94617E+13 0.00533 
   39   39    1    1    1    1    1    1    1    1  1.05588E+14 0.00623 
   40   40    1    1    1    1    1    1    1    1  1.73843E+14 0.00646 
   41   41    1    1    1    1    1    1    1    1  1.81885E+14 0.00630 
   42   42    1    1    1    1    1    1    1    1  3.65964E+14 0.00530 
   43   43    1    1    1    1    1    1    1    1  4.35094E+14 0.00504 
   44   44    1    1    1    1    1    1    1    1  6.15275E+14 0.00501 
   45   45    1    1    1    1    1    1    1    1  1.15583E+15 0.00507 
   46   46    1    1    1    1    1    1    1    1  5.45297E+14 0.00497 
   47   47    1    1    1    1    1    1    1    1  8.86975E+14 0.00492 
   48   48    1    1    1    1    1    1    1    1  1.22370E+15 0.00471 
   49   49    1    1    1    1    1    1    1    1  1.21329E+15 0.00519 
   50   50    1    1    1    1    1    1    1    1  1.82612E+15 0.00543 
   51   51    1    1    1    1    1    1    1    1  1.48922E+15 0.00512 
   52   52    1    1    1    1    1    1    1    1  1.69010E+15 0.00496 
   53   53    1    1    1    1    1    1    1    1  1.18300E+15 0.00514 
   54   54    1    1    1    1    1    1    1    1  1.38788E+15 0.00563 
   55   55    1    1    1    1    1    1    1    1  9.64733E+14 0.00575 
   56   56    1    1    1    1    1    1    1    1  1.33197E+14 0.00551 
   57   57    1    1    1    1    1    1    1    1  1.91786E+15 0.00580 
   58   58    1    1    1    1    1    1    1    1  8.14394E+14 0.00540 
   59   59    1    1    1    1    1    1    1    1  8.74729E+14 0.00583 
   60   60    1    1    1    1    1    1    1    1  6.55730E+14 0.00552 
   61   61    1    1    1    1    1    1    1    1  6.61760E+14 0.00562 
   62   62    1    1    1    1    1    1    1    1  6.83217E+14 0.00532 
   63   63    1    1    1    1    1    1    1    1  5.68388E+14 0.00563 
   64   64    1    1    1    1    1    1    1    1  4.51457E+14 0.00582 
   65   65    1    1    1    1    1    1    1    1  4.46742E+14 0.00556 
   66   66    1    1    1    1    1    1    1    1  3.21375E+14 0.00554 
   67   67    1    1    1    1    1    1    1    1  2.65112E+14 0.00597 
   68   68    1    1    1    1    1    1    1    1  2.38571E+14 0.00647 
   69   69    1    1    1    1    1    1    1    1  2.86606E+14 0.00596 
   70   70    1    1    1    1    1    1    1    1  2.44807E+14 0.00557 
   71   71    1    1    1    1    1    1    1    1  4.59208E+14 0.00604 
   72   72    1    1    1    1    1    1    1    1  3.26534E+14 0.00625 
   73   73    1    1    1    1    1    1    1    1  2.44170E+14 0.00630 
   74   74    1    1    1    1    1    1    1    1  1.89837E+14 0.00534 
   75   75    1    1    1    1    1    1    1    1  1.52455E+14 0.00652 
   76   76    1    1    1    1    1    1    1    1  1.72217E+14 0.00581 
   77   77    1    1    1    1    1    1    1    1  1.31873E+14 0.00585 
   78   78    1    1    1    1    1    1    1    1  1.02957E+14 0.00646 
   79   79    1    1    1    1    1    1    1    1  1.04049E+14 0.00724 
   80   80    1    1    1    1    1    1    1    1  7.65130E+13 0.00683 
   81   81    1    1    1    1    1    1    1    1  5.82494E+13 0.00660 
   82   82    1    1    1    1    1    1    1    1  4.45598E+13 0.00812 
   83   83    1    1    1    1    1    1    1    1  4.17170E+13 0.00713 
   84   84    1    1    1    1    1    1    1    1  2.95640E+13 0.00856 
   85   85    1    1    1    1    1    1    1    1  2.13843E+13 0.00963 
   86   86    1    1    1    1    1    1    1    1  2.01933E+13 0.00563 
   87   87    1    1    1    1    1    1    1    1  1.24580E+13 0.01014 
   88   88    1    1    1    1    1    1    1    1  8.36896E+12 0.01079 
   89   89    1    1    1    1    1    1    1    1  4.88255E+12 0.01272 
   90   90    1    1    1    1    1    1    1    1  3.32583E+12 0.01588 
   91   91    1    1    1    1    1    1    1    1  1.65380E+12 0.02694 
   92   92    1    1    1    1    1    1    1    1  7.93963E+11 0.03329 
   93   93    1    1    1    1    1    1    1    1  3.98534E+11 0.03012 
   94   94    1    1    1    1    1    1    1    1  2.22362E+11 0.06920 
   95   95    1    1    1    1    1    1    1    1  9.22090E+10 0.11590 
   96   96    1    1    1    1    1    1    1    1  5.05066E+10 0.13693 
   97   97    1    1    1    1    1    1    1    1  2.28359E+10 0.26491 
   98   98    1    1    1    1    1    1    1    1  1.34470E+10 0.20645 
   99   99    1    1    1    1    1    1    1    1  5.87207E+09 0.34600 
  100  100    1    1    1    1    1    1    1    1  7.55564E+09 0.41803 
];


