
DETdpaspec = [
    1    1    1    1    1    1    1    1    1    1  0.00000E+00 0.00000 
    2    2    1    1    1    1    1    1    1    1  0.00000E+00 0.00000 
    3    3    1    1    1    1    1    1    1    1  0.00000E+00 0.00000 
    4    4    1    1    1    1    1    1    1    1  0.00000E+00 0.00000 
    5    5    1    1    1    1    1    1    1    1  0.00000E+00 0.00000 
    6    6    1    1    1    1    1    1    1    1  0.00000E+00 0.00000 
    7    7    1    1    1    1    1    1    1    1  0.00000E+00 0.00000 
    8    8    1    1    1    1    1    1    1    1  0.00000E+00 0.00000 
    9    9    1    1    1    1    1    1    1    1  1.05564E+07 1.00000 
   10   10    1    1    1    1    1    1    1    1  8.43169E+07 1.00000 
   11   11    1    1    1    1    1    1    1    1  2.30543E+08 1.00000 
   12   12    1    1    1    1    1    1    1    1  1.49632E+08 0.60505 
   13   13    1    1    1    1    1    1    1    1  1.18670E+09 0.49636 
   14   14    1    1    1    1    1    1    1    1  9.35646E+09 0.42410 
   15   15    1    1    1    1    1    1    1    1  8.16789E+09 0.44376 
   16   16    1    1    1    1    1    1    1    1  2.33946E+09 0.42615 
   17   17    1    1    1    1    1    1    1    1  2.51286E+09 0.33249 
   18   18    1    1    1    1    1    1    1    1  8.87147E+09 0.21549 
   19   19    1    1    1    1    1    1    1    1  1.33949E+10 0.19864 
   20   20    1    1    1    1    1    1    1    1  4.25659E+10 0.17918 
   21   21    1    1    1    1    1    1    1    1  3.54734E+10 0.10840 
   22   22    1    1    1    1    1    1    1    1  7.44971E+10 0.09870 
   23   23    1    1    1    1    1    1    1    1  1.05372E+11 0.08070 
   24   24    1    1    1    1    1    1    1    1  1.76755E+11 0.05363 
   25   25    1    1    1    1    1    1    1    1  2.34839E+11 0.05777 
   26   26    1    1    1    1    1    1    1    1  4.00941E+11 0.04063 
   27   27    1    1    1    1    1    1    1    1  8.32641E+11 0.02707 
   28   28    1    1    1    1    1    1    1    1  1.91238E+12 0.02154 
   29   29    1    1    1    1    1    1    1    1  3.38288E+12 0.01244 
   30   30    1    1    1    1    1    1    1    1  9.06584E+12 0.01136 
   31   31    1    1    1    1    1    1    1    1  2.67822E+13 0.00538 
   32   32    1    1    1    1    1    1    1    1  4.98554E+13 0.00426 
   33   33    1    1    1    1    1    1    1    1  1.19733E+14 0.00219 
   34   34    1    1    1    1    1    1    1    1  1.68400E+14 0.00235 
   35   35    1    1    1    1    1    1    1    1  2.09954E+14 0.00220 
   36   36    1    1    1    1    1    1    1    1  1.38779E+14 0.00184 
   37   37    1    1    1    1    1    1    1    1  4.20320E+13 0.00195 
   38   38    1    1    1    1    1    1    1    1  2.38828E+14 0.00181 
   39   39    1    1    1    1    1    1    1    1  3.23587E+14 0.00197 
   40   40    1    1    1    1    1    1    1    1  5.59795E+14 0.00154 
   41   41    1    1    1    1    1    1    1    1  5.63225E+14 0.00134 
   42   42    1    1    1    1    1    1    1    1  1.22001E+15 0.00110 
   43   43    1    1    1    1    1    1    1    1  1.48750E+15 0.00083 
   44   44    1    1    1    1    1    1    1    1  2.16803E+15 0.00067 
   45   45    1    1    1    1    1    1    1    1  4.35651E+15 0.00069 
   46   46    1    1    1    1    1    1    1    1  2.02684E+15 0.00069 
   47   47    1    1    1    1    1    1    1    1  3.26925E+15 0.00069 
   48   48    1    1    1    1    1    1    1    1  4.57153E+15 0.00053 
   49   49    1    1    1    1    1    1    1    1  4.53325E+15 0.00065 
   50   50    1    1    1    1    1    1    1    1  7.11957E+15 0.00072 
   51   51    1    1    1    1    1    1    1    1  5.64925E+15 0.00075 
   52   52    1    1    1    1    1    1    1    1  6.78882E+15 0.00083 
   53   53    1    1    1    1    1    1    1    1  4.71332E+15 0.00088 
   54   54    1    1    1    1    1    1    1    1  5.82002E+15 0.00079 
   55   55    1    1    1    1    1    1    1    1  4.00094E+15 0.00088 
   56   56    1    1    1    1    1    1    1    1  5.43626E+14 0.00115 
   57   57    1    1    1    1    1    1    1    1  7.97038E+15 0.00067 
   58   58    1    1    1    1    1    1    1    1  3.58773E+15 0.00083 
   59   59    1    1    1    1    1    1    1    1  3.80999E+15 0.00081 
   60   60    1    1    1    1    1    1    1    1  2.98410E+15 0.00091 
   61   61    1    1    1    1    1    1    1    1  2.98818E+15 0.00084 
   62   62    1    1    1    1    1    1    1    1  3.12038E+15 0.00106 
   63   63    1    1    1    1    1    1    1    1  2.63409E+15 0.00097 
   64   64    1    1    1    1    1    1    1    1  2.09807E+15 0.00069 
   65   65    1    1    1    1    1    1    1    1  2.08578E+15 0.00097 
   66   66    1    1    1    1    1    1    1    1  1.50568E+15 0.00094 
   67   67    1    1    1    1    1    1    1    1  1.22427E+15 0.00110 
   68   68    1    1    1    1    1    1    1    1  1.09739E+15 0.00094 
   69   69    1    1    1    1    1    1    1    1  1.31567E+15 0.00096 
   70   70    1    1    1    1    1    1    1    1  1.11936E+15 0.00121 
   71   71    1    1    1    1    1    1    1    1  2.02618E+15 0.00088 
   72   72    1    1    1    1    1    1    1    1  1.43210E+15 0.00100 
   73   73    1    1    1    1    1    1    1    1  1.07900E+15 0.00115 
   74   74    1    1    1    1    1    1    1    1  8.72286E+14 0.00119 
   75   75    1    1    1    1    1    1    1    1  7.27634E+14 0.00153 
   76   76    1    1    1    1    1    1    1    1  8.48355E+14 0.00122 
   77   77    1    1    1    1    1    1    1    1  6.72398E+14 0.00136 
   78   78    1    1    1    1    1    1    1    1  5.37913E+14 0.00163 
   79   79    1    1    1    1    1    1    1    1  5.56314E+14 0.00135 
   80   80    1    1    1    1    1    1    1    1  4.13026E+14 0.00148 
   81   81    1    1    1    1    1    1    1    1  3.18502E+14 0.00194 
   82   82    1    1    1    1    1    1    1    1  2.44925E+14 0.00204 
   83   83    1    1    1    1    1    1    1    1  2.29030E+14 0.00212 
   84   84    1    1    1    1    1    1    1    1  1.65457E+14 0.00258 
   85   85    1    1    1    1    1    1    1    1  1.19421E+14 0.00242 
   86   86    1    1    1    1    1    1    1    1  1.11755E+14 0.00273 
   87   87    1    1    1    1    1    1    1    1  6.86035E+13 0.00325 
   88   88    1    1    1    1    1    1    1    1  4.60053E+13 0.00287 
   89   89    1    1    1    1    1    1    1    1  2.63016E+13 0.00518 
   90   90    1    1    1    1    1    1    1    1  1.72870E+13 0.00760 
   91   91    1    1    1    1    1    1    1    1  8.90578E+12 0.00682 
   92   92    1    1    1    1    1    1    1    1  4.25945E+12 0.01478 
   93   93    1    1    1    1    1    1    1    1  1.99634E+12 0.02039 
   94   94    1    1    1    1    1    1    1    1  9.62977E+11 0.02806 
   95   95    1    1    1    1    1    1    1    1  4.67955E+11 0.03802 
   96   96    1    1    1    1    1    1    1    1  2.06673E+11 0.06533 
   97   97    1    1    1    1    1    1    1    1  1.03128E+11 0.08347 
   98   98    1    1    1    1    1    1    1    1  4.92628E+10 0.14836 
   99   99    1    1    1    1    1    1    1    1  2.25907E+10 0.23363 
  100  100    1    1    1    1    1    1    1    1  2.17908E+10 0.21475 
];


