
DETdpaspec = [
    1    1    1    1    1    1    1    1    1    1  0.00000E+00 0.00000 
    2    2    1    1    1    1    1    1    1    1  0.00000E+00 0.00000 
    3    3    1    1    1    1    1    1    1    1  0.00000E+00 0.00000 
    4    4    1    1    1    1    1    1    1    1  0.00000E+00 0.00000 
    5    5    1    1    1    1    1    1    1    1  0.00000E+00 0.00000 
    6    6    1    1    1    1    1    1    1    1  1.46218E+07 1.00000 
    7    7    1    1    1    1    1    1    1    1  0.00000E+00 0.00000 
    8    8    1    1    1    1    1    1    1    1  0.00000E+00 0.00000 
    9    9    1    1    1    1    1    1    1    1  1.14899E+08 0.41096 
   10   10    1    1    1    1    1    1    1    1  1.33273E+08 0.69111 
   11   11    1    1    1    1    1    1    1    1  1.81004E+08 0.73050 
   12   12    1    1    1    1    1    1    1    1  1.32789E+08 0.50300 
   13   13    1    1    1    1    1    1    1    1  1.90685E+09 0.39280 
   14   14    1    1    1    1    1    1    1    1  4.19597E+09 0.42658 
   15   15    1    1    1    1    1    1    1    1  4.93326E+09 0.23571 
   16   16    1    1    1    1    1    1    1    1  2.27566E+09 0.32264 
   17   17    1    1    1    1    1    1    1    1  5.51520E+09 0.22509 
   18   18    1    1    1    1    1    1    1    1  1.03199E+10 0.13911 
   19   19    1    1    1    1    1    1    1    1  2.80187E+10 0.15972 
   20   20    1    1    1    1    1    1    1    1  5.88699E+10 0.11653 
   21   21    1    1    1    1    1    1    1    1  4.63104E+10 0.11448 
   22   22    1    1    1    1    1    1    1    1  1.48733E+11 0.05938 
   23   23    1    1    1    1    1    1    1    1  2.20501E+11 0.04239 
   24   24    1    1    1    1    1    1    1    1  3.96085E+11 0.04513 
   25   25    1    1    1    1    1    1    1    1  6.41346E+11 0.02628 
   26   26    1    1    1    1    1    1    1    1  1.17923E+12 0.02707 
   27   27    1    1    1    1    1    1    1    1  2.36022E+12 0.01931 
   28   28    1    1    1    1    1    1    1    1  4.44194E+12 0.01541 
   29   29    1    1    1    1    1    1    1    1  5.26330E+12 0.01459 
   30   30    1    1    1    1    1    1    1    1  1.26427E+13 0.00811 
   31   31    1    1    1    1    1    1    1    1  2.55767E+13 0.00789 
   32   32    1    1    1    1    1    1    1    1  3.37658E+13 0.00742 
   33   33    1    1    1    1    1    1    1    1  6.03633E+13 0.00567 
   34   34    1    1    1    1    1    1    1    1  6.12925E+13 0.00648 
   35   35    1    1    1    1    1    1    1    1  8.73885E+13 0.00696 
   36   36    1    1    1    1    1    1    1    1  7.44842E+13 0.00659 
   37   37    1    1    1    1    1    1    1    1  2.36962E+13 0.00652 
   38   38    1    1    1    1    1    1    1    1  1.02583E+14 0.00685 
   39   39    1    1    1    1    1    1    1    1  1.17183E+14 0.00690 
   40   40    1    1    1    1    1    1    1    1  1.86466E+14 0.00693 
   41   41    1    1    1    1    1    1    1    1  1.75428E+14 0.00713 
   42   42    1    1    1    1    1    1    1    1  2.86977E+14 0.00660 
   43   43    1    1    1    1    1    1    1    1  2.95857E+14 0.00685 
   44   44    1    1    1    1    1    1    1    1  3.62916E+14 0.00706 
   45   45    1    1    1    1    1    1    1    1  5.90219E+14 0.00737 
   46   46    1    1    1    1    1    1    1    1  3.29456E+14 0.00690 
   47   47    1    1    1    1    1    1    1    1  4.42279E+14 0.00673 
   48   48    1    1    1    1    1    1    1    1  6.07580E+14 0.00719 
   49   49    1    1    1    1    1    1    1    1  5.28450E+14 0.00721 
   50   50    1    1    1    1    1    1    1    1  7.90063E+14 0.00690 
   51   51    1    1    1    1    1    1    1    1  6.18113E+14 0.00721 
   52   52    1    1    1    1    1    1    1    1  6.73312E+14 0.00742 
   53   53    1    1    1    1    1    1    1    1  4.85790E+14 0.00742 
   54   54    1    1    1    1    1    1    1    1  5.76803E+14 0.00770 
   55   55    1    1    1    1    1    1    1    1  4.17694E+14 0.00800 
   56   56    1    1    1    1    1    1    1    1  5.82815E+13 0.00770 
   57   57    1    1    1    1    1    1    1    1  7.96202E+14 0.00792 
   58   58    1    1    1    1    1    1    1    1  3.39901E+14 0.00751 
   59   59    1    1    1    1    1    1    1    1  3.75342E+14 0.00724 
   60   60    1    1    1    1    1    1    1    1  2.97286E+14 0.00785 
   61   61    1    1    1    1    1    1    1    1  2.96748E+14 0.00744 
   62   62    1    1    1    1    1    1    1    1  2.90673E+14 0.00758 
   63   63    1    1    1    1    1    1    1    1  2.39871E+14 0.00858 
   64   64    1    1    1    1    1    1    1    1  1.85814E+14 0.00851 
   65   65    1    1    1    1    1    1    1    1  1.80604E+14 0.00873 
   66   66    1    1    1    1    1    1    1    1  1.51893E+14 0.00893 
   67   67    1    1    1    1    1    1    1    1  1.26014E+14 0.00879 
   68   68    1    1    1    1    1    1    1    1  1.10175E+14 0.00858 
   69   69    1    1    1    1    1    1    1    1  1.34517E+14 0.00875 
   70   70    1    1    1    1    1    1    1    1  1.15670E+14 0.00828 
   71   71    1    1    1    1    1    1    1    1  2.22093E+14 0.00873 
   72   72    1    1    1    1    1    1    1    1  1.65492E+14 0.00904 
   73   73    1    1    1    1    1    1    1    1  1.29474E+14 0.00919 
   74   74    1    1    1    1    1    1    1    1  1.03307E+14 0.00977 
   75   75    1    1    1    1    1    1    1    1  8.33166E+13 0.00847 
   76   76    1    1    1    1    1    1    1    1  9.29769E+13 0.00784 
   77   77    1    1    1    1    1    1    1    1  7.09170E+13 0.00881 
   78   78    1    1    1    1    1    1    1    1  5.35366E+13 0.00912 
   79   79    1    1    1    1    1    1    1    1  5.52830E+13 0.00805 
   80   80    1    1    1    1    1    1    1    1  4.10460E+13 0.00883 
   81   81    1    1    1    1    1    1    1    1  3.16899E+13 0.00957 
   82   82    1    1    1    1    1    1    1    1  2.43479E+13 0.00899 
   83   83    1    1    1    1    1    1    1    1  2.25380E+13 0.01025 
   84   84    1    1    1    1    1    1    1    1  1.62583E+13 0.01024 
   85   85    1    1    1    1    1    1    1    1  1.16744E+13 0.01332 
   86   86    1    1    1    1    1    1    1    1  1.10337E+13 0.01345 
   87   87    1    1    1    1    1    1    1    1  6.70161E+12 0.01808 
   88   88    1    1    1    1    1    1    1    1  4.68163E+12 0.01793 
   89   89    1    1    1    1    1    1    1    1  2.63450E+12 0.02287 
   90   90    1    1    1    1    1    1    1    1  1.76096E+12 0.02355 
   91   91    1    1    1    1    1    1    1    1  9.17389E+11 0.03297 
   92   92    1    1    1    1    1    1    1    1  4.52196E+11 0.05625 
   93   93    1    1    1    1    1    1    1    1  2.49492E+11 0.05686 
   94   94    1    1    1    1    1    1    1    1  1.00956E+11 0.08170 
   95   95    1    1    1    1    1    1    1    1  5.06738E+10 0.12279 
   96   96    1    1    1    1    1    1    1    1  2.33454E+10 0.21139 
   97   97    1    1    1    1    1    1    1    1  8.77667E+09 0.30447 
   98   98    1    1    1    1    1    1    1    1  4.67169E+09 0.40635 
   99   99    1    1    1    1    1    1    1    1  7.76821E+09 0.39089 
  100  100    1    1    1    1    1    1    1    1  4.38518E+09 0.51567 
];


