
DETdpaspec = [
    1    1    1    1    1    1    1    1    1    1  0.00000E+00 0.00000 
    2    2    1    1    1    1    1    1    1    1  0.00000E+00 0.00000 
    3    3    1    1    1    1    1    1    1    1  0.00000E+00 0.00000 
    4    4    1    1    1    1    1    1    1    1  0.00000E+00 0.00000 
    5    5    1    1    1    1    1    1    1    1  1.35753E+07 1.00000 
    6    6    1    1    1    1    1    1    1    1  1.20046E+07 1.00000 
    7    7    1    1    1    1    1    1    1    1  6.44205E+07 0.55006 
    8    8    1    1    1    1    1    1    1    1  2.49372E+07 1.00000 
    9    9    1    1    1    1    1    1    1    1  1.28155E+08 0.42639 
   10   10    1    1    1    1    1    1    1    1  1.65093E+08 0.77905 
   11   11    1    1    1    1    1    1    1    1  3.53074E+08 0.49587 
   12   12    1    1    1    1    1    1    1    1  1.34683E+08 0.41278 
   13   13    1    1    1    1    1    1    1    1  2.68930E+09 0.30619 
   14   14    1    1    1    1    1    1    1    1  6.24191E+09 0.26392 
   15   15    1    1    1    1    1    1    1    1  1.15350E+10 0.25654 
   16   16    1    1    1    1    1    1    1    1  4.35057E+09 0.21967 
   17   17    1    1    1    1    1    1    1    1  7.14644E+09 0.19027 
   18   18    1    1    1    1    1    1    1    1  2.68122E+10 0.10563 
   19   19    1    1    1    1    1    1    1    1  3.63692E+10 0.11320 
   20   20    1    1    1    1    1    1    1    1  7.99789E+10 0.09444 
   21   21    1    1    1    1    1    1    1    1  8.48214E+10 0.07572 
   22   22    1    1    1    1    1    1    1    1  2.18540E+11 0.05713 
   23   23    1    1    1    1    1    1    1    1  3.99833E+11 0.04026 
   24   24    1    1    1    1    1    1    1    1  7.41880E+11 0.02271 
   25   25    1    1    1    1    1    1    1    1  1.17463E+12 0.02334 
   26   26    1    1    1    1    1    1    1    1  2.41566E+12 0.01447 
   27   27    1    1    1    1    1    1    1    1  4.85124E+12 0.01244 
   28   28    1    1    1    1    1    1    1    1  9.83964E+12 0.00864 
   29   29    1    1    1    1    1    1    1    1  1.21695E+13 0.01101 
   30   30    1    1    1    1    1    1    1    1  2.84062E+13 0.00754 
   31   31    1    1    1    1    1    1    1    1  5.85751E+13 0.00480 
   32   32    1    1    1    1    1    1    1    1  7.75469E+13 0.00481 
   33   33    1    1    1    1    1    1    1    1  1.40871E+14 0.00353 
   34   34    1    1    1    1    1    1    1    1  1.45243E+14 0.00320 
   35   35    1    1    1    1    1    1    1    1  2.04422E+14 0.00257 
   36   36    1    1    1    1    1    1    1    1  1.74521E+14 0.00311 
   37   37    1    1    1    1    1    1    1    1  5.54994E+13 0.00296 
   38   38    1    1    1    1    1    1    1    1  2.42529E+14 0.00276 
   39   39    1    1    1    1    1    1    1    1  2.78097E+14 0.00265 
   40   40    1    1    1    1    1    1    1    1  4.47940E+14 0.00255 
   41   41    1    1    1    1    1    1    1    1  4.20331E+14 0.00279 
   42   42    1    1    1    1    1    1    1    1  6.93006E+14 0.00289 
   43   43    1    1    1    1    1    1    1    1  7.15032E+14 0.00257 
   44   44    1    1    1    1    1    1    1    1  8.82045E+14 0.00292 
   45   45    1    1    1    1    1    1    1    1  1.44499E+15 0.00247 
   46   46    1    1    1    1    1    1    1    1  8.08904E+14 0.00250 
   47   47    1    1    1    1    1    1    1    1  1.08314E+15 0.00256 
   48   48    1    1    1    1    1    1    1    1  1.49415E+15 0.00244 
   49   49    1    1    1    1    1    1    1    1  1.29974E+15 0.00262 
   50   50    1    1    1    1    1    1    1    1  1.95158E+15 0.00277 
   51   51    1    1    1    1    1    1    1    1  1.52778E+15 0.00278 
   52   52    1    1    1    1    1    1    1    1  1.67081E+15 0.00250 
   53   53    1    1    1    1    1    1    1    1  1.20750E+15 0.00259 
   54   54    1    1    1    1    1    1    1    1  1.43978E+15 0.00280 
   55   55    1    1    1    1    1    1    1    1  1.04197E+15 0.00293 
   56   56    1    1    1    1    1    1    1    1  1.45334E+14 0.00319 
   57   57    1    1    1    1    1    1    1    1  1.98579E+15 0.00294 
   58   58    1    1    1    1    1    1    1    1  8.51806E+14 0.00290 
   59   59    1    1    1    1    1    1    1    1  9.39690E+14 0.00299 
   60   60    1    1    1    1    1    1    1    1  7.50606E+14 0.00330 
   61   61    1    1    1    1    1    1    1    1  7.50889E+14 0.00318 
   62   62    1    1    1    1    1    1    1    1  7.35135E+14 0.00343 
   63   63    1    1    1    1    1    1    1    1  6.08108E+14 0.00361 
   64   64    1    1    1    1    1    1    1    1  4.72861E+14 0.00411 
   65   65    1    1    1    1    1    1    1    1  4.57242E+14 0.00373 
   66   66    1    1    1    1    1    1    1    1  3.86185E+14 0.00368 
   67   67    1    1    1    1    1    1    1    1  3.21032E+14 0.00339 
   68   68    1    1    1    1    1    1    1    1  2.80452E+14 0.00389 
   69   69    1    1    1    1    1    1    1    1  3.42436E+14 0.00383 
   70   70    1    1    1    1    1    1    1    1  2.94337E+14 0.00420 
   71   71    1    1    1    1    1    1    1    1  5.61447E+14 0.00401 
   72   72    1    1    1    1    1    1    1    1  4.18956E+14 0.00372 
   73   73    1    1    1    1    1    1    1    1  3.28491E+14 0.00357 
   74   74    1    1    1    1    1    1    1    1  2.63322E+14 0.00285 
   75   75    1    1    1    1    1    1    1    1  2.12168E+14 0.00384 
   76   76    1    1    1    1    1    1    1    1  2.38707E+14 0.00270 
   77   77    1    1    1    1    1    1    1    1  1.82768E+14 0.00380 
   78   78    1    1    1    1    1    1    1    1  1.37564E+14 0.00415 
   79   79    1    1    1    1    1    1    1    1  1.41246E+14 0.00380 
   80   80    1    1    1    1    1    1    1    1  1.05371E+14 0.00448 
   81   81    1    1    1    1    1    1    1    1  8.15035E+13 0.00415 
   82   82    1    1    1    1    1    1    1    1  6.31165E+13 0.00479 
   83   83    1    1    1    1    1    1    1    1  5.91907E+13 0.00511 
   84   84    1    1    1    1    1    1    1    1  4.23677E+13 0.00537 
   85   85    1    1    1    1    1    1    1    1  3.02363E+13 0.00523 
   86   86    1    1    1    1    1    1    1    1  2.87651E+13 0.00485 
   87   87    1    1    1    1    1    1    1    1  1.78081E+13 0.00761 
   88   88    1    1    1    1    1    1    1    1  1.20977E+13 0.00823 
   89   89    1    1    1    1    1    1    1    1  6.92392E+12 0.00978 
   90   90    1    1    1    1    1    1    1    1  4.65406E+12 0.01599 
   91   91    1    1    1    1    1    1    1    1  2.24421E+12 0.02247 
   92   92    1    1    1    1    1    1    1    1  1.16110E+12 0.02545 
   93   93    1    1    1    1    1    1    1    1  5.23222E+11 0.04161 
   94   94    1    1    1    1    1    1    1    1  2.82525E+11 0.06380 
   95   95    1    1    1    1    1    1    1    1  1.33193E+11 0.10125 
   96   96    1    1    1    1    1    1    1    1  6.97031E+10 0.10385 
   97   97    1    1    1    1    1    1    1    1  4.49633E+10 0.15130 
   98   98    1    1    1    1    1    1    1    1  1.96906E+10 0.17983 
   99   99    1    1    1    1    1    1    1    1  8.34045E+09 0.37964 
  100  100    1    1    1    1    1    1    1    1  5.45566E+09 0.30114 
];


