
DETdpaspec = [
    1    1    1    1    1    1    1    1    1    1  0.00000E+00 0.00000 
    2    2    1    1    1    1    1    1    1    1  0.00000E+00 0.00000 
    3    3    1    1    1    1    1    1    1    1  0.00000E+00 0.00000 
    4    4    1    1    1    1    1    1    1    1  0.00000E+00 0.00000 
    5    5    1    1    1    1    1    1    1    1  1.46990E+07 1.00000 
    6    6    1    1    1    1    1    1    1    1  2.72659E+07 0.69110 
    7    7    1    1    1    1    1    1    1    1  3.39853E+07 1.00000 
    8    8    1    1    1    1    1    1    1    1  0.00000E+00 0.00000 
    9    9    1    1    1    1    1    1    1    1  2.35712E+07 0.68884 
   10   10    1    1    1    1    1    1    1    1  5.67959E+07 1.00000 
   11   11    1    1    1    1    1    1    1    1  3.09273E+08 0.49330 
   12   12    1    1    1    1    1    1    1    1  2.26860E+08 0.47973 
   13   13    1    1    1    1    1    1    1    1  4.46789E+09 0.27930 
   14   14    1    1    1    1    1    1    1    1  1.21532E+10 0.18117 
   15   15    1    1    1    1    1    1    1    1  1.38126E+10 0.21041 
   16   16    1    1    1    1    1    1    1    1  5.84438E+09 0.25678 
   17   17    1    1    1    1    1    1    1    1  1.25197E+10 0.14898 
   18   18    1    1    1    1    1    1    1    1  3.53247E+10 0.10587 
   19   19    1    1    1    1    1    1    1    1  4.11137E+10 0.10056 
   20   20    1    1    1    1    1    1    1    1  1.20106E+11 0.10704 
   21   21    1    1    1    1    1    1    1    1  1.02129E+11 0.06699 
   22   22    1    1    1    1    1    1    1    1  2.54242E+11 0.05172 
   23   23    1    1    1    1    1    1    1    1  5.20860E+11 0.03006 
   24   24    1    1    1    1    1    1    1    1  1.12023E+12 0.02872 
   25   25    1    1    1    1    1    1    1    1  1.77805E+12 0.01944 
   26   26    1    1    1    1    1    1    1    1  3.80906E+12 0.01295 
   27   27    1    1    1    1    1    1    1    1  7.58098E+12 0.01128 
   28   28    1    1    1    1    1    1    1    1  1.56827E+13 0.00642 
   29   29    1    1    1    1    1    1    1    1  2.00383E+13 0.00458 
   30   30    1    1    1    1    1    1    1    1  4.60849E+13 0.00514 
   31   31    1    1    1    1    1    1    1    1  9.61540E+13 0.00343 
   32   32    1    1    1    1    1    1    1    1  1.27956E+14 0.00273 
   33   33    1    1    1    1    1    1    1    1  2.34104E+14 0.00194 
   34   34    1    1    1    1    1    1    1    1  2.44301E+14 0.00216 
   35   35    1    1    1    1    1    1    1    1  3.41271E+14 0.00227 
   36   36    1    1    1    1    1    1    1    1  2.91647E+14 0.00209 
   37   37    1    1    1    1    1    1    1    1  9.22035E+13 0.00232 
   38   38    1    1    1    1    1    1    1    1  4.06511E+14 0.00186 
   39   39    1    1    1    1    1    1    1    1  4.67752E+14 0.00195 
   40   40    1    1    1    1    1    1    1    1  7.56994E+14 0.00166 
   41   41    1    1    1    1    1    1    1    1  7.10308E+14 0.00197 
   42   42    1    1    1    1    1    1    1    1  1.17935E+15 0.00149 
   43   43    1    1    1    1    1    1    1    1  1.22220E+15 0.00153 
   44   44    1    1    1    1    1    1    1    1  1.51926E+15 0.00147 
   45   45    1    1    1    1    1    1    1    1  2.49713E+15 0.00146 
   46   46    1    1    1    1    1    1    1    1  1.40504E+15 0.00140 
   47   47    1    1    1    1    1    1    1    1  1.88256E+15 0.00117 
   48   48    1    1    1    1    1    1    1    1  2.61276E+15 0.00130 
   49   49    1    1    1    1    1    1    1    1  2.27298E+15 0.00141 
   50   50    1    1    1    1    1    1    1    1  3.43630E+15 0.00136 
   51   51    1    1    1    1    1    1    1    1  2.69007E+15 0.00144 
   52   52    1    1    1    1    1    1    1    1  2.95985E+15 0.00141 
   53   53    1    1    1    1    1    1    1    1  2.14178E+15 0.00155 
   54   54    1    1    1    1    1    1    1    1  2.56657E+15 0.00164 
   55   55    1    1    1    1    1    1    1    1  1.86343E+15 0.00165 
   56   56    1    1    1    1    1    1    1    1  2.59872E+14 0.00145 
   57   57    1    1    1    1    1    1    1    1  3.55960E+15 0.00143 
   58   58    1    1    1    1    1    1    1    1  1.53729E+15 0.00170 
   59   59    1    1    1    1    1    1    1    1  1.69683E+15 0.00158 
   60   60    1    1    1    1    1    1    1    1  1.36018E+15 0.00165 
   61   61    1    1    1    1    1    1    1    1  1.36267E+15 0.00154 
   62   62    1    1    1    1    1    1    1    1  1.33715E+15 0.00158 
   63   63    1    1    1    1    1    1    1    1  1.10982E+15 0.00127 
   64   64    1    1    1    1    1    1    1    1  8.65989E+14 0.00170 
   65   65    1    1    1    1    1    1    1    1  8.36742E+14 0.00185 
   66   66    1    1    1    1    1    1    1    1  7.09931E+14 0.00182 
   67   67    1    1    1    1    1    1    1    1  5.88542E+14 0.00218 
   68   68    1    1    1    1    1    1    1    1  5.15463E+14 0.00190 
   69   69    1    1    1    1    1    1    1    1  6.30159E+14 0.00167 
   70   70    1    1    1    1    1    1    1    1  5.43454E+14 0.00149 
   71   71    1    1    1    1    1    1    1    1  1.03386E+15 0.00148 
   72   72    1    1    1    1    1    1    1    1  7.67242E+14 0.00193 
   73   73    1    1    1    1    1    1    1    1  6.02784E+14 0.00189 
   74   74    1    1    1    1    1    1    1    1  4.86685E+14 0.00174 
   75   75    1    1    1    1    1    1    1    1  3.93950E+14 0.00241 
   76   76    1    1    1    1    1    1    1    1  4.44287E+14 0.00179 
   77   77    1    1    1    1    1    1    1    1  3.43300E+14 0.00229 
   78   78    1    1    1    1    1    1    1    1  2.59472E+14 0.00214 
   79   79    1    1    1    1    1    1    1    1  2.66298E+14 0.00293 
   80   80    1    1    1    1    1    1    1    1  1.99927E+14 0.00284 
   81   81    1    1    1    1    1    1    1    1  1.53996E+14 0.00217 
   82   82    1    1    1    1    1    1    1    1  1.19053E+14 0.00290 
   83   83    1    1    1    1    1    1    1    1  1.11172E+14 0.00414 
   84   84    1    1    1    1    1    1    1    1  7.97449E+13 0.00322 
   85   85    1    1    1    1    1    1    1    1  5.73600E+13 0.00512 
   86   86    1    1    1    1    1    1    1    1  5.40010E+13 0.00396 
   87   87    1    1    1    1    1    1    1    1  3.34240E+13 0.00385 
   88   88    1    1    1    1    1    1    1    1  2.26990E+13 0.00618 
   89   89    1    1    1    1    1    1    1    1  1.30329E+13 0.00966 
   90   90    1    1    1    1    1    1    1    1  8.78405E+12 0.00894 
   91   91    1    1    1    1    1    1    1    1  4.43177E+12 0.01418 
   92   92    1    1    1    1    1    1    1    1  2.15575E+12 0.01735 
   93   93    1    1    1    1    1    1    1    1  1.06679E+12 0.02956 
   94   94    1    1    1    1    1    1    1    1  4.99899E+11 0.04551 
   95   95    1    1    1    1    1    1    1    1  2.35743E+11 0.05564 
   96   96    1    1    1    1    1    1    1    1  1.31886E+11 0.07015 
   97   97    1    1    1    1    1    1    1    1  7.25060E+10 0.10867 
   98   98    1    1    1    1    1    1    1    1  2.17509E+10 0.18924 
   99   99    1    1    1    1    1    1    1    1  1.66024E+10 0.26813 
  100  100    1    1    1    1    1    1    1    1  1.22135E+10 0.25973 
];


