
DETdpaspec = [
    1    1    1    1    1    1    1    1    1    1  0.00000E+00 0.00000 
    2    2    1    1    1    1    1    1    1    1  0.00000E+00 0.00000 
    3    3    1    1    1    1    1    1    1    1  0.00000E+00 0.00000 
    4    4    1    1    1    1    1    1    1    1  0.00000E+00 0.00000 
    5    5    1    1    1    1    1    1    1    1  0.00000E+00 0.00000 
    6    6    1    1    1    1    1    1    1    1  1.22984E+07 1.00000 
    7    7    1    1    1    1    1    1    1    1  1.77273E+07 1.00000 
    8    8    1    1    1    1    1    1    1    1  8.74013E+07 0.56428 
    9    9    1    1    1    1    1    1    1    1  6.51648E+07 0.57705 
   10   10    1    1    1    1    1    1    1    1  2.70390E+08 0.49859 
   11   11    1    1    1    1    1    1    1    1  5.30435E+07 1.00000 
   12   12    1    1    1    1    1    1    1    1  2.82992E+08 0.46250 
   13   13    1    1    1    1    1    1    1    1  2.15343E+09 0.27490 
   14   14    1    1    1    1    1    1    1    1  8.31686E+09 0.29494 
   15   15    1    1    1    1    1    1    1    1  1.16774E+10 0.29781 
   16   16    1    1    1    1    1    1    1    1  3.67453E+09 0.20606 
   17   17    1    1    1    1    1    1    1    1  7.28190E+09 0.15897 
   18   18    1    1    1    1    1    1    1    1  2.60649E+10 0.10412 
   19   19    1    1    1    1    1    1    1    1  3.84898E+10 0.12113 
   20   20    1    1    1    1    1    1    1    1  8.93881E+10 0.06174 
   21   21    1    1    1    1    1    1    1    1  7.24671E+10 0.07549 
   22   22    1    1    1    1    1    1    1    1  2.26952E+11 0.04771 
   23   23    1    1    1    1    1    1    1    1  4.18005E+11 0.02838 
   24   24    1    1    1    1    1    1    1    1  8.35271E+11 0.02780 
   25   25    1    1    1    1    1    1    1    1  1.30376E+12 0.02266 
   26   26    1    1    1    1    1    1    1    1  2.65901E+12 0.01620 
   27   27    1    1    1    1    1    1    1    1  5.27810E+12 0.01152 
   28   28    1    1    1    1    1    1    1    1  1.06467E+13 0.00667 
   29   29    1    1    1    1    1    1    1    1  1.32501E+13 0.00685 
   30   30    1    1    1    1    1    1    1    1  3.04468E+13 0.00540 
   31   31    1    1    1    1    1    1    1    1  6.38045E+13 0.00478 
   32   32    1    1    1    1    1    1    1    1  8.43384E+13 0.00459 
   33   33    1    1    1    1    1    1    1    1  1.53156E+14 0.00342 
   34   34    1    1    1    1    1    1    1    1  1.58340E+14 0.00315 
   35   35    1    1    1    1    1    1    1    1  2.22948E+14 0.00236 
   36   36    1    1    1    1    1    1    1    1  1.90259E+14 0.00312 
   37   37    1    1    1    1    1    1    1    1  6.05175E+13 0.00299 
   38   38    1    1    1    1    1    1    1    1  2.64609E+14 0.00248 
   39   39    1    1    1    1    1    1    1    1  3.03664E+14 0.00260 
   40   40    1    1    1    1    1    1    1    1  4.88490E+14 0.00242 
   41   41    1    1    1    1    1    1    1    1  4.58504E+14 0.00254 
   42   42    1    1    1    1    1    1    1    1  7.57271E+14 0.00216 
   43   43    1    1    1    1    1    1    1    1  7.82005E+14 0.00230 
   44   44    1    1    1    1    1    1    1    1  9.66871E+14 0.00232 
   45   45    1    1    1    1    1    1    1    1  1.58288E+15 0.00223 
   46   46    1    1    1    1    1    1    1    1  8.87505E+14 0.00222 
   47   47    1    1    1    1    1    1    1    1  1.18933E+15 0.00228 
   48   48    1    1    1    1    1    1    1    1  1.64492E+15 0.00199 
   49   49    1    1    1    1    1    1    1    1  1.43092E+15 0.00238 
   50   50    1    1    1    1    1    1    1    1  2.14722E+15 0.00249 
   51   51    1    1    1    1    1    1    1    1  1.67877E+15 0.00236 
   52   52    1    1    1    1    1    1    1    1  1.83912E+15 0.00251 
   53   53    1    1    1    1    1    1    1    1  1.32712E+15 0.00251 
   54   54    1    1    1    1    1    1    1    1  1.58572E+15 0.00250 
   55   55    1    1    1    1    1    1    1    1  1.14762E+15 0.00227 
   56   56    1    1    1    1    1    1    1    1  1.60297E+14 0.00224 
   57   57    1    1    1    1    1    1    1    1  2.18936E+15 0.00231 
   58   58    1    1    1    1    1    1    1    1  9.39448E+14 0.00253 
   59   59    1    1    1    1    1    1    1    1  1.03424E+15 0.00253 
   60   60    1    1    1    1    1    1    1    1  8.26214E+14 0.00270 
   61   61    1    1    1    1    1    1    1    1  8.25062E+14 0.00248 
   62   62    1    1    1    1    1    1    1    1  8.10126E+14 0.00258 
   63   63    1    1    1    1    1    1    1    1  6.70370E+14 0.00287 
   64   64    1    1    1    1    1    1    1    1  5.21908E+14 0.00327 
   65   65    1    1    1    1    1    1    1    1  5.04962E+14 0.00327 
   66   66    1    1    1    1    1    1    1    1  4.26672E+14 0.00327 
   67   67    1    1    1    1    1    1    1    1  3.54410E+14 0.00268 
   68   68    1    1    1    1    1    1    1    1  3.09479E+14 0.00326 
   69   69    1    1    1    1    1    1    1    1  3.78618E+14 0.00363 
   70   70    1    1    1    1    1    1    1    1  3.26707E+14 0.00360 
   71   71    1    1    1    1    1    1    1    1  6.22361E+14 0.00317 
   72   72    1    1    1    1    1    1    1    1  4.61874E+14 0.00333 
   73   73    1    1    1    1    1    1    1    1  3.62147E+14 0.00367 
   74   74    1    1    1    1    1    1    1    1  2.90615E+14 0.00344 
   75   75    1    1    1    1    1    1    1    1  2.35432E+14 0.00396 
   76   76    1    1    1    1    1    1    1    1  2.63892E+14 0.00322 
   77   77    1    1    1    1    1    1    1    1  2.02063E+14 0.00302 
   78   78    1    1    1    1    1    1    1    1  1.52845E+14 0.00253 
   79   79    1    1    1    1    1    1    1    1  1.56307E+14 0.00374 
   80   80    1    1    1    1    1    1    1    1  1.16923E+14 0.00387 
   81   81    1    1    1    1    1    1    1    1  9.03685E+13 0.00393 
   82   82    1    1    1    1    1    1    1    1  6.96622E+13 0.00471 
   83   83    1    1    1    1    1    1    1    1  6.48982E+13 0.00435 
   84   84    1    1    1    1    1    1    1    1  4.71492E+13 0.00370 
   85   85    1    1    1    1    1    1    1    1  3.38037E+13 0.00656 
   86   86    1    1    1    1    1    1    1    1  3.18665E+13 0.00469 
   87   87    1    1    1    1    1    1    1    1  1.95735E+13 0.00711 
   88   88    1    1    1    1    1    1    1    1  1.34357E+13 0.00741 
   89   89    1    1    1    1    1    1    1    1  7.66281E+12 0.01313 
   90   90    1    1    1    1    1    1    1    1  5.14300E+12 0.01608 
   91   91    1    1    1    1    1    1    1    1  2.57152E+12 0.02101 
   92   92    1    1    1    1    1    1    1    1  1.22108E+12 0.02836 
   93   93    1    1    1    1    1    1    1    1  5.88737E+11 0.03800 
   94   94    1    1    1    1    1    1    1    1  3.28326E+11 0.05672 
   95   95    1    1    1    1    1    1    1    1  1.41968E+11 0.06961 
   96   96    1    1    1    1    1    1    1    1  5.02090E+10 0.13572 
   97   97    1    1    1    1    1    1    1    1  4.79067E+10 0.17988 
   98   98    1    1    1    1    1    1    1    1  1.59906E+10 0.27172 
   99   99    1    1    1    1    1    1    1    1  1.25720E+09 0.72335 
  100  100    1    1    1    1    1    1    1    1  9.58572E+09 0.23829 
];


