
DETdpaspec = [
    1    1    1    1    1    1    1    1    1    1  0.00000E+00 0.00000 
    2    2    1    1    1    1    1    1    1    1  0.00000E+00 0.00000 
    3    3    1    1    1    1    1    1    1    1  0.00000E+00 0.00000 
    4    4    1    1    1    1    1    1    1    1  1.35578E+07 1.00000 
    5    5    1    1    1    1    1    1    1    1  0.00000E+00 0.00000 
    6    6    1    1    1    1    1    1    1    1  1.21003E+07 1.00000 
    7    7    1    1    1    1    1    1    1    1  0.00000E+00 0.00000 
    8    8    1    1    1    1    1    1    1    1  2.37984E+07 1.00000 
    9    9    1    1    1    1    1    1    1    1  0.00000E+00 0.00000 
   10   10    1    1    1    1    1    1    1    1  1.66670E+08 0.55580 
   11   11    1    1    1    1    1    1    1    1  5.90272E+08 0.45761 
   12   12    1    1    1    1    1    1    1    1  2.58252E+08 0.30951 
   13   13    1    1    1    1    1    1    1    1  3.42287E+09 0.32951 
   14   14    1    1    1    1    1    1    1    1  5.11264E+09 0.26134 
   15   15    1    1    1    1    1    1    1    1  1.07328E+10 0.30940 
   16   16    1    1    1    1    1    1    1    1  6.67534E+09 0.17315 
   17   17    1    1    1    1    1    1    1    1  1.27480E+10 0.14019 
   18   18    1    1    1    1    1    1    1    1  2.99890E+10 0.12229 
   19   19    1    1    1    1    1    1    1    1  3.82217E+10 0.11512 
   20   20    1    1    1    1    1    1    1    1  1.06963E+11 0.10533 
   21   21    1    1    1    1    1    1    1    1  9.14983E+10 0.05980 
   22   22    1    1    1    1    1    1    1    1  2.70053E+11 0.04591 
   23   23    1    1    1    1    1    1    1    1  4.74004E+11 0.04264 
   24   24    1    1    1    1    1    1    1    1  9.97734E+11 0.02304 
   25   25    1    1    1    1    1    1    1    1  1.63012E+12 0.01733 
   26   26    1    1    1    1    1    1    1    1  3.25043E+12 0.01401 
   27   27    1    1    1    1    1    1    1    1  6.48983E+12 0.01285 
   28   28    1    1    1    1    1    1    1    1  1.30424E+13 0.00743 
   29   29    1    1    1    1    1    1    1    1  1.65511E+13 0.00486 
   30   30    1    1    1    1    1    1    1    1  3.81372E+13 0.00338 
   31   31    1    1    1    1    1    1    1    1  7.88204E+13 0.00402 
   32   32    1    1    1    1    1    1    1    1  1.04856E+14 0.00286 
   33   33    1    1    1    1    1    1    1    1  1.91168E+14 0.00228 
   34   34    1    1    1    1    1    1    1    1  1.98759E+14 0.00220 
   35   35    1    1    1    1    1    1    1    1  2.79327E+14 0.00211 
   36   36    1    1    1    1    1    1    1    1  2.38431E+14 0.00184 
   37   37    1    1    1    1    1    1    1    1  7.56077E+13 0.00193 
   38   38    1    1    1    1    1    1    1    1  3.32599E+14 0.00185 
   39   39    1    1    1    1    1    1    1    1  3.81392E+14 0.00200 
   40   40    1    1    1    1    1    1    1    1  6.14952E+14 0.00189 
   41   41    1    1    1    1    1    1    1    1  5.77398E+14 0.00185 
   42   42    1    1    1    1    1    1    1    1  9.56909E+14 0.00190 
   43   43    1    1    1    1    1    1    1    1  9.88497E+14 0.00160 
   44   44    1    1    1    1    1    1    1    1  1.22442E+15 0.00178 
   45   45    1    1    1    1    1    1    1    1  2.01030E+15 0.00116 
   46   46    1    1    1    1    1    1    1    1  1.12953E+15 0.00159 
   47   47    1    1    1    1    1    1    1    1  1.51489E+15 0.00133 
   48   48    1    1    1    1    1    1    1    1  2.09466E+15 0.00158 
   49   49    1    1    1    1    1    1    1    1  1.82388E+15 0.00164 
   50   50    1    1    1    1    1    1    1    1  2.74767E+15 0.00161 
   51   51    1    1    1    1    1    1    1    1  2.15072E+15 0.00144 
   52   52    1    1    1    1    1    1    1    1  2.35733E+15 0.00131 
   53   53    1    1    1    1    1    1    1    1  1.70564E+15 0.00163 
   54   54    1    1    1    1    1    1    1    1  2.04069E+15 0.00162 
   55   55    1    1    1    1    1    1    1    1  1.48082E+15 0.00160 
   56   56    1    1    1    1    1    1    1    1  2.06099E+14 0.00179 
   57   57    1    1    1    1    1    1    1    1  2.82236E+15 0.00146 
   58   58    1    1    1    1    1    1    1    1  1.21528E+15 0.00151 
   59   59    1    1    1    1    1    1    1    1  1.34146E+15 0.00161 
   60   60    1    1    1    1    1    1    1    1  1.07281E+15 0.00163 
   61   61    1    1    1    1    1    1    1    1  1.07287E+15 0.00193 
   62   62    1    1    1    1    1    1    1    1  1.05079E+15 0.00199 
   63   63    1    1    1    1    1    1    1    1  8.71500E+14 0.00233 
   64   64    1    1    1    1    1    1    1    1  6.79079E+14 0.00205 
   65   65    1    1    1    1    1    1    1    1  6.56134E+14 0.00200 
   66   66    1    1    1    1    1    1    1    1  5.55524E+14 0.00167 
   67   67    1    1    1    1    1    1    1    1  4.60488E+14 0.00244 
   68   68    1    1    1    1    1    1    1    1  4.01908E+14 0.00240 
   69   69    1    1    1    1    1    1    1    1  4.93072E+14 0.00225 
   70   70    1    1    1    1    1    1    1    1  4.23874E+14 0.00250 
   71   71    1    1    1    1    1    1    1    1  8.09042E+14 0.00195 
   72   72    1    1    1    1    1    1    1    1  6.01143E+14 0.00162 
   73   73    1    1    1    1    1    1    1    1  4.71313E+14 0.00221 
   74   74    1    1    1    1    1    1    1    1  3.80402E+14 0.00195 
   75   75    1    1    1    1    1    1    1    1  3.08238E+14 0.00252 
   76   76    1    1    1    1    1    1    1    1  3.46470E+14 0.00278 
   77   77    1    1    1    1    1    1    1    1  2.66250E+14 0.00226 
   78   78    1    1    1    1    1    1    1    1  1.99395E+14 0.00256 
   79   79    1    1    1    1    1    1    1    1  2.06725E+14 0.00225 
   80   80    1    1    1    1    1    1    1    1  1.54213E+14 0.00349 
   81   81    1    1    1    1    1    1    1    1  1.18888E+14 0.00234 
   82   82    1    1    1    1    1    1    1    1  9.20257E+13 0.00291 
   83   83    1    1    1    1    1    1    1    1  8.66782E+13 0.00340 
   84   84    1    1    1    1    1    1    1    1  6.16235E+13 0.00322 
   85   85    1    1    1    1    1    1    1    1  4.42787E+13 0.00368 
   86   86    1    1    1    1    1    1    1    1  4.18754E+13 0.00579 
   87   87    1    1    1    1    1    1    1    1  2.59019E+13 0.00639 
   88   88    1    1    1    1    1    1    1    1  1.76220E+13 0.00767 
   89   89    1    1    1    1    1    1    1    1  1.00534E+13 0.01016 
   90   90    1    1    1    1    1    1    1    1  6.64870E+12 0.01341 
   91   91    1    1    1    1    1    1    1    1  3.33379E+12 0.01783 
   92   92    1    1    1    1    1    1    1    1  1.66912E+12 0.02272 
   93   93    1    1    1    1    1    1    1    1  7.71616E+11 0.03375 
   94   94    1    1    1    1    1    1    1    1  3.87461E+11 0.04670 
   95   95    1    1    1    1    1    1    1    1  1.93620E+11 0.08550 
   96   96    1    1    1    1    1    1    1    1  9.12767E+10 0.08285 
   97   97    1    1    1    1    1    1    1    1  4.53068E+10 0.13453 
   98   98    1    1    1    1    1    1    1    1  1.85525E+10 0.23193 
   99   99    1    1    1    1    1    1    1    1  1.16831E+10 0.31955 
  100  100    1    1    1    1    1    1    1    1  7.03399E+09 0.32169 
];


