
DETdpaspec = [
    1    1    1    1    1    1    1    1    1    1  0.00000E+00 0.00000 
    2    2    1    1    1    1    1    1    1    1  0.00000E+00 0.00000 
    3    3    1    1    1    1    1    1    1    1  0.00000E+00 0.00000 
    4    4    1    1    1    1    1    1    1    1  1.43752E+07 1.00000 
    5    5    1    1    1    1    1    1    1    1  0.00000E+00 0.00000 
    6    6    1    1    1    1    1    1    1    1  1.21787E+07 1.00000 
    7    7    1    1    1    1    1    1    1    1  2.39143E+07 1.00000 
    8    8    1    1    1    1    1    1    1    1  0.00000E+00 0.00000 
    9    9    1    1    1    1    1    1    1    1  1.81650E+08 0.46809 
   10   10    1    1    1    1    1    1    1    1  5.70540E+07 1.00000 
   11   11    1    1    1    1    1    1    1    1  1.20626E+09 0.42069 
   12   12    1    1    1    1    1    1    1    1  5.01782E+08 0.28247 
   13   13    1    1    1    1    1    1    1    1  5.33984E+09 0.29542 
   14   14    1    1    1    1    1    1    1    1  1.31552E+10 0.19591 
   15   15    1    1    1    1    1    1    1    1  2.40166E+10 0.17216 
   16   16    1    1    1    1    1    1    1    1  7.21204E+09 0.14598 
   17   17    1    1    1    1    1    1    1    1  1.10500E+10 0.18065 
   18   18    1    1    1    1    1    1    1    1  3.55091E+10 0.10639 
   19   19    1    1    1    1    1    1    1    1  3.59649E+10 0.12191 
   20   20    1    1    1    1    1    1    1    1  1.13846E+11 0.08830 
   21   21    1    1    1    1    1    1    1    1  1.11036E+11 0.06514 
   22   22    1    1    1    1    1    1    1    1  3.02825E+11 0.03840 
   23   23    1    1    1    1    1    1    1    1  5.90685E+11 0.03003 
   24   24    1    1    1    1    1    1    1    1  1.21398E+12 0.02242 
   25   25    1    1    1    1    1    1    1    1  1.98209E+12 0.01752 
   26   26    1    1    1    1    1    1    1    1  4.18881E+12 0.01028 
   27   27    1    1    1    1    1    1    1    1  8.52699E+12 0.00952 
   28   28    1    1    1    1    1    1    1    1  1.78501E+13 0.00626 
   29   29    1    1    1    1    1    1    1    1  2.30837E+13 0.00437 
   30   30    1    1    1    1    1    1    1    1  5.20527E+13 0.00404 
   31   31    1    1    1    1    1    1    1    1  1.08872E+14 0.00330 
   32   32    1    1    1    1    1    1    1    1  1.45165E+14 0.00202 
   33   33    1    1    1    1    1    1    1    1  2.65383E+14 0.00240 
   34   34    1    1    1    1    1    1    1    1  2.79022E+14 0.00164 
   35   35    1    1    1    1    1    1    1    1  3.87240E+14 0.00137 
   36   36    1    1    1    1    1    1    1    1  3.31643E+14 0.00160 
   37   37    1    1    1    1    1    1    1    1  1.04584E+14 0.00166 
   38   38    1    1    1    1    1    1    1    1  4.62903E+14 0.00153 
   39   39    1    1    1    1    1    1    1    1  5.31937E+14 0.00189 
   40   40    1    1    1    1    1    1    1    1  8.64958E+14 0.00127 
   41   41    1    1    1    1    1    1    1    1  8.10003E+14 0.00138 
   42   42    1    1    1    1    1    1    1    1  1.34963E+15 0.00133 
   43   43    1    1    1    1    1    1    1    1  1.39802E+15 0.00151 
   44   44    1    1    1    1    1    1    1    1  1.73722E+15 0.00136 
   45   45    1    1    1    1    1    1    1    1  2.86481E+15 0.00139 
   46   46    1    1    1    1    1    1    1    1  1.61792E+15 0.00154 
   47   47    1    1    1    1    1    1    1    1  2.16562E+15 0.00158 
   48   48    1    1    1    1    1    1    1    1  3.00980E+15 0.00166 
   49   49    1    1    1    1    1    1    1    1  2.62049E+15 0.00161 
   50   50    1    1    1    1    1    1    1    1  3.97117E+15 0.00149 
   51   51    1    1    1    1    1    1    1    1  3.11071E+15 0.00170 
   52   52    1    1    1    1    1    1    1    1  3.42769E+15 0.00175 
   53   53    1    1    1    1    1    1    1    1  2.48098E+15 0.00186 
   54   54    1    1    1    1    1    1    1    1  2.98399E+15 0.00177 
   55   55    1    1    1    1    1    1    1    1  2.16505E+15 0.00159 
   56   56    1    1    1    1    1    1    1    1  3.01779E+14 0.00160 
   57   57    1    1    1    1    1    1    1    1  4.13870E+15 0.00176 
   58   58    1    1    1    1    1    1    1    1  1.79247E+15 0.00168 
   59   59    1    1    1    1    1    1    1    1  1.97893E+15 0.00168 
   60   60    1    1    1    1    1    1    1    1  1.59204E+15 0.00161 
   61   61    1    1    1    1    1    1    1    1  1.59122E+15 0.00154 
   62   62    1    1    1    1    1    1    1    1  1.56356E+15 0.00137 
   63   63    1    1    1    1    1    1    1    1  1.30023E+15 0.00190 
   64   64    1    1    1    1    1    1    1    1  1.01393E+15 0.00196 
   65   65    1    1    1    1    1    1    1    1  9.80867E+14 0.00204 
   66   66    1    1    1    1    1    1    1    1  8.32449E+14 0.00188 
   67   67    1    1    1    1    1    1    1    1  6.90958E+14 0.00205 
   68   68    1    1    1    1    1    1    1    1  6.02618E+14 0.00191 
   69   69    1    1    1    1    1    1    1    1  7.38475E+14 0.00211 
   70   70    1    1    1    1    1    1    1    1  6.36402E+14 0.00183 
   71   71    1    1    1    1    1    1    1    1  1.21004E+15 0.00176 
   72   72    1    1    1    1    1    1    1    1  9.01929E+14 0.00191 
   73   73    1    1    1    1    1    1    1    1  7.07544E+14 0.00213 
   74   74    1    1    1    1    1    1    1    1  5.72555E+14 0.00216 
   75   75    1    1    1    1    1    1    1    1  4.65122E+14 0.00241 
   76   76    1    1    1    1    1    1    1    1  5.25664E+14 0.00230 
   77   77    1    1    1    1    1    1    1    1  4.05964E+14 0.00249 
   78   78    1    1    1    1    1    1    1    1  3.05414E+14 0.00176 
   79   79    1    1    1    1    1    1    1    1  3.15297E+14 0.00248 
   80   80    1    1    1    1    1    1    1    1  2.35794E+14 0.00297 
   81   81    1    1    1    1    1    1    1    1  1.82169E+14 0.00358 
   82   82    1    1    1    1    1    1    1    1  1.41151E+14 0.00320 
   83   83    1    1    1    1    1    1    1    1  1.31939E+14 0.00301 
   84   84    1    1    1    1    1    1    1    1  9.51216E+13 0.00341 
   85   85    1    1    1    1    1    1    1    1  6.84933E+13 0.00399 
   86   86    1    1    1    1    1    1    1    1  6.40525E+13 0.00447 
   87   87    1    1    1    1    1    1    1    1  3.98943E+13 0.00555 
   88   88    1    1    1    1    1    1    1    1  2.71411E+13 0.00426 
   89   89    1    1    1    1    1    1    1    1  1.53653E+13 0.00637 
   90   90    1    1    1    1    1    1    1    1  1.03557E+13 0.00892 
   91   91    1    1    1    1    1    1    1    1  5.08621E+12 0.01382 
   92   92    1    1    1    1    1    1    1    1  2.57716E+12 0.01157 
   93   93    1    1    1    1    1    1    1    1  1.34257E+12 0.02249 
   94   94    1    1    1    1    1    1    1    1  5.70634E+11 0.05092 
   95   95    1    1    1    1    1    1    1    1  2.77452E+11 0.05708 
   96   96    1    1    1    1    1    1    1    1  1.45905E+11 0.08196 
   97   97    1    1    1    1    1    1    1    1  6.84257E+10 0.09916 
   98   98    1    1    1    1    1    1    1    1  3.58592E+10 0.17277 
   99   99    1    1    1    1    1    1    1    1  1.22889E+10 0.27888 
  100  100    1    1    1    1    1    1    1    1  1.82159E+10 0.21841 
];


