
DETdpaspec = [
    1    1    1    1    1    1    1    1    1    1  0.00000E+00 0.00000 
    2    2    1    1    1    1    1    1    1    1  0.00000E+00 0.00000 
    3    3    1    1    1    1    1    1    1    1  0.00000E+00 0.00000 
    4    4    1    1    1    1    1    1    1    1  0.00000E+00 0.00000 
    5    5    1    1    1    1    1    1    1    1  0.00000E+00 0.00000 
    6    6    1    1    1    1    1    1    1    1  0.00000E+00 0.00000 
    7    7    1    1    1    1    1    1    1    1  0.00000E+00 0.00000 
    8    8    1    1    1    1    1    1    1    1  0.00000E+00 0.00000 
    9    9    1    1    1    1    1    1    1    1  7.11686E+07 0.47568 
   10   10    1    1    1    1    1    1    1    1  6.41872E+07 1.00000 
   11   11    1    1    1    1    1    1    1    1  2.22235E+08 0.71230 
   12   12    1    1    1    1    1    1    1    1  2.26462E+08 0.43603 
   13   13    1    1    1    1    1    1    1    1  5.93009E+09 0.29288 
   14   14    1    1    1    1    1    1    1    1  1.10475E+10 0.23795 
   15   15    1    1    1    1    1    1    1    1  1.79398E+10 0.25361 
   16   16    1    1    1    1    1    1    1    1  7.02174E+09 0.25764 
   17   17    1    1    1    1    1    1    1    1  1.32051E+10 0.17676 
   18   18    1    1    1    1    1    1    1    1  3.06934E+10 0.13904 
   19   19    1    1    1    1    1    1    1    1  4.16674E+10 0.10296 
   20   20    1    1    1    1    1    1    1    1  1.11449E+11 0.07728 
   21   21    1    1    1    1    1    1    1    1  1.15377E+11 0.04420 
   22   22    1    1    1    1    1    1    1    1  4.21183E+11 0.04954 
   23   23    1    1    1    1    1    1    1    1  1.21686E+12 0.02725 
   24   24    1    1    1    1    1    1    1    1  3.02926E+12 0.01386 
   25   25    1    1    1    1    1    1    1    1  5.21970E+12 0.01218 
   26   26    1    1    1    1    1    1    1    1  1.07075E+13 0.00639 
   27   27    1    1    1    1    1    1    1    1  2.03043E+13 0.00594 
   28   28    1    1    1    1    1    1    1    1  4.17191E+13 0.00487 
   29   29    1    1    1    1    1    1    1    1  5.80125E+13 0.00291 
   30   30    1    1    1    1    1    1    1    1  1.09631E+14 0.00332 
   31   31    1    1    1    1    1    1    1    1  2.19018E+14 0.00227 
   32   32    1    1    1    1    1    1    1    1  2.83904E+14 0.00148 
   33   33    1    1    1    1    1    1    1    1  5.04164E+14 0.00169 
   34   34    1    1    1    1    1    1    1    1  5.49362E+14 0.00134 
   35   35    1    1    1    1    1    1    1    1  6.99409E+14 0.00129 
   36   36    1    1    1    1    1    1    1    1  5.85276E+14 0.00100 
   37   37    1    1    1    1    1    1    1    1  1.79532E+14 0.00116 
   38   38    1    1    1    1    1    1    1    1  8.12018E+14 0.00102 
   39   39    1    1    1    1    1    1    1    1  9.28376E+14 0.00091 
   40   40    1    1    1    1    1    1    1    1  1.53179E+15 0.00100 
   41   41    1    1    1    1    1    1    1    1  1.40030E+15 0.00082 
   42   42    1    1    1    1    1    1    1    1  2.36309E+15 0.00075 
   43   43    1    1    1    1    1    1    1    1  2.45377E+15 0.00073 
   44   44    1    1    1    1    1    1    1    1  3.06579E+15 0.00083 
   45   45    1    1    1    1    1    1    1    1  5.08429E+15 0.00073 
   46   46    1    1    1    1    1    1    1    1  2.89512E+15 0.00066 
   47   47    1    1    1    1    1    1    1    1  3.83572E+15 0.00073 
   48   48    1    1    1    1    1    1    1    1  5.37056E+15 0.00064 
   49   49    1    1    1    1    1    1    1    1  4.63488E+15 0.00068 
   50   50    1    1    1    1    1    1    1    1  7.14743E+15 0.00072 
   51   51    1    1    1    1    1    1    1    1  5.56497E+15 0.00065 
   52   52    1    1    1    1    1    1    1    1  6.22869E+15 0.00078 
   53   53    1    1    1    1    1    1    1    1  4.51882E+15 0.00068 
   54   54    1    1    1    1    1    1    1    1  5.52064E+15 0.00081 
   55   55    1    1    1    1    1    1    1    1  4.00678E+15 0.00073 
   56   56    1    1    1    1    1    1    1    1  5.57129E+14 0.00118 
   57   57    1    1    1    1    1    1    1    1  7.68035E+15 0.00077 
   58   58    1    1    1    1    1    1    1    1  3.39944E+15 0.00056 
   59   59    1    1    1    1    1    1    1    1  3.73031E+15 0.00079 
   60   60    1    1    1    1    1    1    1    1  3.05753E+15 0.00098 
   61   61    1    1    1    1    1    1    1    1  3.05869E+15 0.00097 
   62   62    1    1    1    1    1    1    1    1  3.01987E+15 0.00096 
   63   63    1    1    1    1    1    1    1    1  2.52532E+15 0.00098 
   64   64    1    1    1    1    1    1    1    1  1.98231E+15 0.00115 
   65   65    1    1    1    1    1    1    1    1  1.91344E+15 0.00098 
   66   66    1    1    1    1    1    1    1    1  1.63509E+15 0.00099 
   67   67    1    1    1    1    1    1    1    1  1.35198E+15 0.00111 
   68   68    1    1    1    1    1    1    1    1  1.17871E+15 0.00122 
   69   69    1    1    1    1    1    1    1    1  1.44377E+15 0.00111 
   70   70    1    1    1    1    1    1    1    1  1.24584E+15 0.00110 
   71   71    1    1    1    1    1    1    1    1  2.34143E+15 0.00097 
   72   72    1    1    1    1    1    1    1    1  1.73228E+15 0.00106 
   73   73    1    1    1    1    1    1    1    1  1.36648E+15 0.00082 
   74   74    1    1    1    1    1    1    1    1  1.12277E+15 0.00112 
   75   75    1    1    1    1    1    1    1    1  9.23225E+14 0.00131 
   76   76    1    1    1    1    1    1    1    1  1.06121E+15 0.00107 
   77   77    1    1    1    1    1    1    1    1  8.31146E+14 0.00126 
   78   78    1    1    1    1    1    1    1    1  6.33766E+14 0.00134 
   79   79    1    1    1    1    1    1    1    1  6.59478E+14 0.00124 
   80   80    1    1    1    1    1    1    1    1  4.96130E+14 0.00169 
   81   81    1    1    1    1    1    1    1    1  3.86535E+14 0.00149 
   82   82    1    1    1    1    1    1    1    1  2.99714E+14 0.00196 
   83   83    1    1    1    1    1    1    1    1  2.78915E+14 0.00219 
   84   84    1    1    1    1    1    1    1    1  2.00691E+14 0.00215 
   85   85    1    1    1    1    1    1    1    1  1.45310E+14 0.00265 
   86   86    1    1    1    1    1    1    1    1  1.36501E+14 0.00207 
   87   87    1    1    1    1    1    1    1    1  8.41320E+13 0.00363 
   88   88    1    1    1    1    1    1    1    1  5.68842E+13 0.00355 
   89   89    1    1    1    1    1    1    1    1  3.26220E+13 0.00679 
   90   90    1    1    1    1    1    1    1    1  2.16730E+13 0.00601 
   91   91    1    1    1    1    1    1    1    1  1.08456E+13 0.00912 
   92   92    1    1    1    1    1    1    1    1  5.09535E+12 0.01695 
   93   93    1    1    1    1    1    1    1    1  2.49205E+12 0.01979 
   94   94    1    1    1    1    1    1    1    1  1.22500E+12 0.02813 
   95   95    1    1    1    1    1    1    1    1  6.01611E+11 0.04338 
   96   96    1    1    1    1    1    1    1    1  3.02101E+11 0.04150 
   97   97    1    1    1    1    1    1    1    1  1.44013E+11 0.09860 
   98   98    1    1    1    1    1    1    1    1  5.55660E+10 0.13008 
   99   99    1    1    1    1    1    1    1    1  2.60655E+10 0.23428 
  100  100    1    1    1    1    1    1    1    1  2.78729E+10 0.14679 
];


