
DETdpaspec = [
    1    1    1    1    1    1    1    1    1    1  0.00000E+00 0.00000 
    2    2    1    1    1    1    1    1    1    1  0.00000E+00 0.00000 
    3    3    1    1    1    1    1    1    1    1  0.00000E+00 0.00000 
    4    4    1    1    1    1    1    1    1    1  2.49185E+07 0.72960 
    5    5    1    1    1    1    1    1    1    1  3.94069E+07 0.59309 
    6    6    1    1    1    1    1    1    1    1  2.10950E+07 0.68832 
    7    7    1    1    1    1    1    1    1    1  1.34163E+08 0.36604 
    8    8    1    1    1    1    1    1    1    1  2.90530E+08 0.36621 
    9    9    1    1    1    1    1    1    1    1  6.33468E+08 0.21581 
   10   10    1    1    1    1    1    1    1    1  2.86221E+09 0.30834 
   11   11    1    1    1    1    1    1    1    1  4.56225E+09 0.17482 
   12   12    1    1    1    1    1    1    1    1  1.88131E+09 0.09852 
   13   13    1    1    1    1    1    1    1    1  2.22261E+10 0.14217 
   14   14    1    1    1    1    1    1    1    1  4.09941E+10 0.10235 
   15   15    1    1    1    1    1    1    1    1  7.78801E+10 0.07531 
   16   16    1    1    1    1    1    1    1    1  2.97210E+10 0.09436 
   17   17    1    1    1    1    1    1    1    1  5.47902E+10 0.08300 
   18   18    1    1    1    1    1    1    1    1  1.74192E+11 0.05822 
   19   19    1    1    1    1    1    1    1    1  2.01478E+11 0.03146 
   20   20    1    1    1    1    1    1    1    1  5.53539E+11 0.02747 
   21   21    1    1    1    1    1    1    1    1  5.06783E+11 0.03738 
   22   22    1    1    1    1    1    1    1    1  1.51362E+12 0.01619 
   23   23    1    1    1    1    1    1    1    1  2.04055E+12 0.01674 
   24   24    1    1    1    1    1    1    1    1  3.24305E+12 0.01487 
   25   25    1    1    1    1    1    1    1    1  4.41830E+12 0.01253 
   26   26    1    1    1    1    1    1    1    1  7.61759E+12 0.01144 
   27   27    1    1    1    1    1    1    1    1  1.35754E+13 0.00876 
   28   28    1    1    1    1    1    1    1    1  2.15069E+13 0.00924 
   29   29    1    1    1    1    1    1    1    1  2.21776E+13 0.00976 
   30   30    1    1    1    1    1    1    1    1  5.39264E+13 0.00918 
   31   31    1    1    1    1    1    1    1    1  9.98953E+13 0.00851 
   32   32    1    1    1    1    1    1    1    1  1.25526E+14 0.00833 
   33   33    1    1    1    1    1    1    1    1  2.14279E+14 0.00856 
   34   34    1    1    1    1    1    1    1    1  2.05456E+14 0.00867 
   35   35    1    1    1    1    1    1    1    1  2.97926E+14 0.00807 
   36   36    1    1    1    1    1    1    1    1  2.50164E+14 0.00784 
   37   37    1    1    1    1    1    1    1    1  7.89064E+13 0.00828 
   38   38    1    1    1    1    1    1    1    1  3.26064E+14 0.00823 
   39   39    1    1    1    1    1    1    1    1  3.66765E+14 0.00837 
   40   40    1    1    1    1    1    1    1    1  5.65452E+14 0.00850 
   41   41    1    1    1    1    1    1    1    1  5.31901E+14 0.00837 
   42   42    1    1    1    1    1    1    1    1  8.43807E+14 0.00829 
   43   43    1    1    1    1    1    1    1    1  8.59475E+14 0.00858 
   44   44    1    1    1    1    1    1    1    1  1.04620E+15 0.00867 
   45   45    1    1    1    1    1    1    1    1  1.68848E+15 0.00894 
   46   46    1    1    1    1    1    1    1    1  9.45217E+14 0.00869 
   47   47    1    1    1    1    1    1    1    1  1.27013E+15 0.00843 
   48   48    1    1    1    1    1    1    1    1  1.74272E+15 0.00858 
   49   49    1    1    1    1    1    1    1    1  1.53348E+15 0.00866 
   50   50    1    1    1    1    1    1    1    1  2.27946E+15 0.00875 
   51   51    1    1    1    1    1    1    1    1  1.81573E+15 0.00839 
   52   52    1    1    1    1    1    1    1    1  1.97219E+15 0.00865 
   53   53    1    1    1    1    1    1    1    1  1.44666E+15 0.00887 
   54   54    1    1    1    1    1    1    1    1  1.71314E+15 0.00909 
   55   55    1    1    1    1    1    1    1    1  1.25554E+15 0.00887 
   56   56    1    1    1    1    1    1    1    1  1.76672E+14 0.00889 
   57   57    1    1    1    1    1    1    1    1  2.40850E+15 0.00893 
   58   58    1    1    1    1    1    1    1    1  1.02427E+15 0.00934 
   59   59    1    1    1    1    1    1    1    1  1.14643E+15 0.00905 
   60   60    1    1    1    1    1    1    1    1  9.06353E+14 0.00884 
   61   61    1    1    1    1    1    1    1    1  9.11304E+14 0.00890 
   62   62    1    1    1    1    1    1    1    1  8.91570E+14 0.00881 
   63   63    1    1    1    1    1    1    1    1  7.37803E+14 0.00895 
   64   64    1    1    1    1    1    1    1    1  5.73979E+14 0.00878 
   65   65    1    1    1    1    1    1    1    1  5.60017E+14 0.00926 
   66   66    1    1    1    1    1    1    1    1  4.72487E+14 0.00913 
   67   67    1    1    1    1    1    1    1    1  3.94710E+14 0.00911 
   68   68    1    1    1    1    1    1    1    1  3.45449E+14 0.00903 
   69   69    1    1    1    1    1    1    1    1  4.20594E+14 0.00866 
   70   70    1    1    1    1    1    1    1    1  3.63210E+14 0.00977 
   71   71    1    1    1    1    1    1    1    1  7.05356E+14 0.00939 
   72   72    1    1    1    1    1    1    1    1  5.30294E+14 0.00906 
   73   73    1    1    1    1    1    1    1    1  4.14867E+14 0.00862 
   74   74    1    1    1    1    1    1    1    1  3.30862E+14 0.00857 
   75   75    1    1    1    1    1    1    1    1  2.63579E+14 0.00928 
   76   76    1    1    1    1    1    1    1    1  2.94526E+14 0.00944 
   77   77    1    1    1    1    1    1    1    1  2.22699E+14 0.00903 
   78   78    1    1    1    1    1    1    1    1  1.65451E+14 0.00921 
   79   79    1    1    1    1    1    1    1    1  1.69727E+14 0.00957 
   80   80    1    1    1    1    1    1    1    1  1.26146E+14 0.00929 
   81   81    1    1    1    1    1    1    1    1  9.65403E+13 0.01020 
   82   82    1    1    1    1    1    1    1    1  7.40786E+13 0.01028 
   83   83    1    1    1    1    1    1    1    1  6.96853E+13 0.00992 
   84   84    1    1    1    1    1    1    1    1  5.01430E+13 0.01128 
   85   85    1    1    1    1    1    1    1    1  3.58891E+13 0.00957 
   86   86    1    1    1    1    1    1    1    1  3.36048E+13 0.01101 
   87   87    1    1    1    1    1    1    1    1  2.08325E+13 0.01047 
   88   88    1    1    1    1    1    1    1    1  1.43008E+13 0.01468 
   89   89    1    1    1    1    1    1    1    1  8.10356E+12 0.01314 
   90   90    1    1    1    1    1    1    1    1  5.57421E+12 0.01394 
   91   91    1    1    1    1    1    1    1    1  2.72955E+12 0.01895 
   92   92    1    1    1    1    1    1    1    1  1.36773E+12 0.02021 
   93   93    1    1    1    1    1    1    1    1  6.92581E+11 0.04211 
   94   94    1    1    1    1    1    1    1    1  3.38481E+11 0.05553 
   95   95    1    1    1    1    1    1    1    1  1.57183E+11 0.08305 
   96   96    1    1    1    1    1    1    1    1  8.15328E+10 0.11659 
   97   97    1    1    1    1    1    1    1    1  3.31023E+10 0.16765 
   98   98    1    1    1    1    1    1    1    1  2.02375E+10 0.25093 
   99   99    1    1    1    1    1    1    1    1  7.13877E+09 0.27974 
  100  100    1    1    1    1    1    1    1    1  1.22120E+10 0.28020 
];


