
DETdpaspec = [
    1    1    1    1    1    1    1    1    1    1  0.00000E+00 0.00000 
    2    2    1    1    1    1    1    1    1    1  0.00000E+00 0.00000 
    3    3    1    1    1    1    1    1    1    1  0.00000E+00 0.00000 
    4    4    1    1    1    1    1    1    1    1  0.00000E+00 0.00000 
    5    5    1    1    1    1    1    1    1    1  0.00000E+00 0.00000 
    6    6    1    1    1    1    1    1    1    1  0.00000E+00 0.00000 
    7    7    1    1    1    1    1    1    1    1  0.00000E+00 0.00000 
    8    8    1    1    1    1    1    1    1    1  8.84438E+07 0.46293 
    9    9    1    1    1    1    1    1    1    1  5.61461E+07 0.56699 
   10   10    1    1    1    1    1    1    1    1  1.76319E+08 0.72418 
   11   11    1    1    1    1    1    1    1    1  2.19853E+08 0.46825 
   12   12    1    1    1    1    1    1    1    1  1.32021E+08 0.43595 
   13   13    1    1    1    1    1    1    1    1  5.76146E+09 0.28549 
   14   14    1    1    1    1    1    1    1    1  7.95163E+09 0.29381 
   15   15    1    1    1    1    1    1    1    1  1.45971E+10 0.28570 
   16   16    1    1    1    1    1    1    1    1  4.69659E+09 0.16640 
   17   17    1    1    1    1    1    1    1    1  1.01328E+10 0.14500 
   18   18    1    1    1    1    1    1    1    1  2.75653E+10 0.11632 
   19   19    1    1    1    1    1    1    1    1  3.94702E+10 0.11050 
   20   20    1    1    1    1    1    1    1    1  1.07769E+11 0.08045 
   21   21    1    1    1    1    1    1    1    1  9.68825E+10 0.05989 
   22   22    1    1    1    1    1    1    1    1  2.61513E+11 0.02491 
   23   23    1    1    1    1    1    1    1    1  4.86498E+11 0.03745 
   24   24    1    1    1    1    1    1    1    1  9.48798E+11 0.01827 
   25   25    1    1    1    1    1    1    1    1  1.53949E+12 0.01905 
   26   26    1    1    1    1    1    1    1    1  3.23548E+12 0.01375 
   27   27    1    1    1    1    1    1    1    1  6.49375E+12 0.01022 
   28   28    1    1    1    1    1    1    1    1  1.32342E+13 0.00558 
   29   29    1    1    1    1    1    1    1    1  1.67652E+13 0.00642 
   30   30    1    1    1    1    1    1    1    1  3.83485E+13 0.00416 
   31   31    1    1    1    1    1    1    1    1  7.98522E+13 0.00283 
   32   32    1    1    1    1    1    1    1    1  1.06821E+14 0.00262 
   33   33    1    1    1    1    1    1    1    1  1.93188E+14 0.00198 
   34   34    1    1    1    1    1    1    1    1  2.00781E+14 0.00169 
   35   35    1    1    1    1    1    1    1    1  2.82836E+14 0.00165 
   36   36    1    1    1    1    1    1    1    1  2.41891E+14 0.00198 
   37   37    1    1    1    1    1    1    1    1  7.66103E+13 0.00172 
   38   38    1    1    1    1    1    1    1    1  3.36493E+14 0.00170 
   39   39    1    1    1    1    1    1    1    1  3.86790E+14 0.00129 
   40   40    1    1    1    1    1    1    1    1  6.25103E+14 0.00168 
   41   41    1    1    1    1    1    1    1    1  5.88275E+14 0.00181 
   42   42    1    1    1    1    1    1    1    1  9.72787E+14 0.00180 
   43   43    1    1    1    1    1    1    1    1  1.00662E+15 0.00189 
   44   44    1    1    1    1    1    1    1    1  1.24691E+15 0.00185 
   45   45    1    1    1    1    1    1    1    1  2.04395E+15 0.00162 
   46   46    1    1    1    1    1    1    1    1  1.14794E+15 0.00181 
   47   47    1    1    1    1    1    1    1    1  1.53927E+15 0.00155 
   48   48    1    1    1    1    1    1    1    1  2.13063E+15 0.00183 
   49   49    1    1    1    1    1    1    1    1  1.85550E+15 0.00181 
   50   50    1    1    1    1    1    1    1    1  2.79295E+15 0.00159 
   51   51    1    1    1    1    1    1    1    1  2.18778E+15 0.00157 
   52   52    1    1    1    1    1    1    1    1  2.40015E+15 0.00162 
   53   53    1    1    1    1    1    1    1    1  1.73588E+15 0.00155 
   54   54    1    1    1    1    1    1    1    1  2.07548E+15 0.00141 
   55   55    1    1    1    1    1    1    1    1  1.50387E+15 0.00154 
   56   56    1    1    1    1    1    1    1    1  2.10016E+14 0.00165 
   57   57    1    1    1    1    1    1    1    1  2.87362E+15 0.00147 
   58   58    1    1    1    1    1    1    1    1  1.23749E+15 0.00172 
   59   59    1    1    1    1    1    1    1    1  1.36530E+15 0.00193 
   60   60    1    1    1    1    1    1    1    1  1.09171E+15 0.00168 
   61   61    1    1    1    1    1    1    1    1  1.09163E+15 0.00195 
   62   62    1    1    1    1    1    1    1    1  1.07114E+15 0.00166 
   63   63    1    1    1    1    1    1    1    1  8.89381E+14 0.00195 
   64   64    1    1    1    1    1    1    1    1  6.93256E+14 0.00188 
   65   65    1    1    1    1    1    1    1    1  6.69453E+14 0.00194 
   66   66    1    1    1    1    1    1    1    1  5.66381E+14 0.00207 
   67   67    1    1    1    1    1    1    1    1  4.69668E+14 0.00225 
   68   68    1    1    1    1    1    1    1    1  4.10658E+14 0.00254 
   69   69    1    1    1    1    1    1    1    1  5.01887E+14 0.00224 
   70   70    1    1    1    1    1    1    1    1  4.32016E+14 0.00220 
   71   71    1    1    1    1    1    1    1    1  8.24678E+14 0.00204 
   72   72    1    1    1    1    1    1    1    1  6.11983E+14 0.00239 
   73   73    1    1    1    1    1    1    1    1  4.80293E+14 0.00302 
   74   74    1    1    1    1    1    1    1    1  3.87446E+14 0.00253 
   75   75    1    1    1    1    1    1    1    1  3.14237E+14 0.00304 
   76   76    1    1    1    1    1    1    1    1  3.52860E+14 0.00240 
   77   77    1    1    1    1    1    1    1    1  2.72149E+14 0.00189 
   78   78    1    1    1    1    1    1    1    1  2.04157E+14 0.00251 
   79   79    1    1    1    1    1    1    1    1  2.10052E+14 0.00267 
   80   80    1    1    1    1    1    1    1    1  1.57645E+14 0.00309 
   81   81    1    1    1    1    1    1    1    1  1.21557E+14 0.00342 
   82   82    1    1    1    1    1    1    1    1  9.37459E+13 0.00291 
   83   83    1    1    1    1    1    1    1    1  8.76735E+13 0.00358 
   84   84    1    1    1    1    1    1    1    1  6.26023E+13 0.00401 
   85   85    1    1    1    1    1    1    1    1  4.53248E+13 0.00380 
   86   86    1    1    1    1    1    1    1    1  4.24611E+13 0.00573 
   87   87    1    1    1    1    1    1    1    1  2.66740E+13 0.00711 
   88   88    1    1    1    1    1    1    1    1  1.78869E+13 0.00782 
   89   89    1    1    1    1    1    1    1    1  1.01121E+13 0.01047 
   90   90    1    1    1    1    1    1    1    1  7.02075E+12 0.01140 
   91   91    1    1    1    1    1    1    1    1  3.45717E+12 0.01712 
   92   92    1    1    1    1    1    1    1    1  1.69170E+12 0.02397 
   93   93    1    1    1    1    1    1    1    1  8.55243E+11 0.02913 
   94   94    1    1    1    1    1    1    1    1  3.72319E+11 0.05243 
   95   95    1    1    1    1    1    1    1    1  1.74660E+11 0.06164 
   96   96    1    1    1    1    1    1    1    1  1.03197E+11 0.07276 
   97   97    1    1    1    1    1    1    1    1  5.29424E+10 0.14597 
   98   98    1    1    1    1    1    1    1    1  2.36407E+10 0.20008 
   99   99    1    1    1    1    1    1    1    1  1.32978E+10 0.24513 
  100  100    1    1    1    1    1    1    1    1  1.27601E+10 0.28008 
];


