
DETdpaspec = [
    1    1    1    1    1    1    1    1    1    1  0.00000E+00 0.00000 
    2    2    1    1    1    1    1    1    1    1  0.00000E+00 0.00000 
    3    3    1    1    1    1    1    1    1    1  0.00000E+00 0.00000 
    4    4    1    1    1    1    1    1    1    1  3.22868E+07 0.54732 
    5    5    1    1    1    1    1    1    1    1  1.28414E+07 1.00000 
    6    6    1    1    1    1    1    1    1    1  1.20284E+07 1.00000 
    7    7    1    1    1    1    1    1    1    1  0.00000E+00 0.00000 
    8    8    1    1    1    1    1    1    1    1  0.00000E+00 0.00000 
    9    9    1    1    1    1    1    1    1    1  6.37719E+07 0.69495 
   10   10    1    1    1    1    1    1    1    1  2.02720E+08 0.54662 
   11   11    1    1    1    1    1    1    1    1  2.77012E+08 0.46220 
   12   12    1    1    1    1    1    1    1    1  9.96569E+07 0.45174 
   13   13    1    1    1    1    1    1    1    1  3.85338E+09 0.37203 
   14   14    1    1    1    1    1    1    1    1  4.85240E+09 0.32151 
   15   15    1    1    1    1    1    1    1    1  7.14966E+09 0.29125 
   16   16    1    1    1    1    1    1    1    1  2.80558E+09 0.27203 
   17   17    1    1    1    1    1    1    1    1  3.71443E+09 0.29579 
   18   18    1    1    1    1    1    1    1    1  1.45639E+10 0.13199 
   19   19    1    1    1    1    1    1    1    1  2.11861E+10 0.16200 
   20   20    1    1    1    1    1    1    1    1  5.28918E+10 0.11167 
   21   21    1    1    1    1    1    1    1    1  5.89216E+10 0.08227 
   22   22    1    1    1    1    1    1    1    1  1.53871E+11 0.06559 
   23   23    1    1    1    1    1    1    1    1  2.17132E+11 0.04958 
   24   24    1    1    1    1    1    1    1    1  3.86434E+11 0.03795 
   25   25    1    1    1    1    1    1    1    1  6.25952E+11 0.03670 
   26   26    1    1    1    1    1    1    1    1  1.20771E+12 0.01463 
   27   27    1    1    1    1    1    1    1    1  2.34945E+12 0.01854 
   28   28    1    1    1    1    1    1    1    1  4.37602E+12 0.01703 
   29   29    1    1    1    1    1    1    1    1  5.32910E+12 0.01485 
   30   30    1    1    1    1    1    1    1    1  1.27404E+13 0.01239 
   31   31    1    1    1    1    1    1    1    1  2.59216E+13 0.00780 
   32   32    1    1    1    1    1    1    1    1  3.36654E+13 0.00685 
   33   33    1    1    1    1    1    1    1    1  6.09865E+13 0.00752 
   34   34    1    1    1    1    1    1    1    1  6.17582E+13 0.00934 
   35   35    1    1    1    1    1    1    1    1  8.78637E+13 0.00825 
   36   36    1    1    1    1    1    1    1    1  7.49391E+13 0.00821 
   37   37    1    1    1    1    1    1    1    1  2.38545E+13 0.00789 
   38   38    1    1    1    1    1    1    1    1  1.03167E+14 0.00837 
   39   39    1    1    1    1    1    1    1    1  1.18091E+14 0.00770 
   40   40    1    1    1    1    1    1    1    1  1.87074E+14 0.00781 
   41   41    1    1    1    1    1    1    1    1  1.76069E+14 0.00788 
   42   42    1    1    1    1    1    1    1    1  2.87123E+14 0.00849 
   43   43    1    1    1    1    1    1    1    1  2.95906E+14 0.00829 
   44   44    1    1    1    1    1    1    1    1  3.63291E+14 0.00821 
   45   45    1    1    1    1    1    1    1    1  5.90945E+14 0.00818 
   46   46    1    1    1    1    1    1    1    1  3.29958E+14 0.00830 
   47   47    1    1    1    1    1    1    1    1  4.42664E+14 0.00829 
   48   48    1    1    1    1    1    1    1    1  6.07950E+14 0.00827 
   49   49    1    1    1    1    1    1    1    1  5.28871E+14 0.00824 
   50   50    1    1    1    1    1    1    1    1  7.88723E+14 0.00885 
   51   51    1    1    1    1    1    1    1    1  6.18523E+14 0.00865 
   52   52    1    1    1    1    1    1    1    1  6.74052E+14 0.00847 
   53   53    1    1    1    1    1    1    1    1  4.86144E+14 0.00925 
   54   54    1    1    1    1    1    1    1    1  5.76985E+14 0.00912 
   55   55    1    1    1    1    1    1    1    1  4.18272E+14 0.00869 
   56   56    1    1    1    1    1    1    1    1  5.84118E+13 0.00950 
   57   57    1    1    1    1    1    1    1    1  7.95613E+14 0.00880 
   58   58    1    1    1    1    1    1    1    1  3.39595E+14 0.00924 
   59   59    1    1    1    1    1    1    1    1  3.75199E+14 0.00904 
   60   60    1    1    1    1    1    1    1    1  2.97702E+14 0.00858 
   61   61    1    1    1    1    1    1    1    1  2.97285E+14 0.00904 
   62   62    1    1    1    1    1    1    1    1  2.91110E+14 0.00924 
   63   63    1    1    1    1    1    1    1    1  2.41017E+14 0.00893 
   64   64    1    1    1    1    1    1    1    1  1.86523E+14 0.00997 
   65   65    1    1    1    1    1    1    1    1  1.80018E+14 0.00885 
   66   66    1    1    1    1    1    1    1    1  1.51940E+14 0.00928 
   67   67    1    1    1    1    1    1    1    1  1.26306E+14 0.00926 
   68   68    1    1    1    1    1    1    1    1  1.10533E+14 0.00997 
   69   69    1    1    1    1    1    1    1    1  1.35272E+14 0.00942 
   70   70    1    1    1    1    1    1    1    1  1.16144E+14 0.01000 
   71   71    1    1    1    1    1    1    1    1  2.21649E+14 0.01036 
   72   72    1    1    1    1    1    1    1    1  1.65606E+14 0.00946 
   73   73    1    1    1    1    1    1    1    1  1.29722E+14 0.00875 
   74   74    1    1    1    1    1    1    1    1  1.04012E+14 0.00895 
   75   75    1    1    1    1    1    1    1    1  8.33576E+13 0.00923 
   76   76    1    1    1    1    1    1    1    1  9.40176E+13 0.00909 
   77   77    1    1    1    1    1    1    1    1  7.13050E+13 0.00982 
   78   78    1    1    1    1    1    1    1    1  5.37669E+13 0.01097 
   79   79    1    1    1    1    1    1    1    1  5.51082E+13 0.00960 
   80   80    1    1    1    1    1    1    1    1  4.08864E+13 0.00939 
   81   81    1    1    1    1    1    1    1    1  3.16742E+13 0.00984 
   82   82    1    1    1    1    1    1    1    1  2.43204E+13 0.00898 
   83   83    1    1    1    1    1    1    1    1  2.27991E+13 0.01236 
   84   84    1    1    1    1    1    1    1    1  1.63256E+13 0.01105 
   85   85    1    1    1    1    1    1    1    1  1.18657E+13 0.01224 
   86   86    1    1    1    1    1    1    1    1  1.09530E+13 0.01152 
   87   87    1    1    1    1    1    1    1    1  6.84282E+12 0.01507 
   88   88    1    1    1    1    1    1    1    1  4.70109E+12 0.01808 
   89   89    1    1    1    1    1    1    1    1  2.64146E+12 0.01593 
   90   90    1    1    1    1    1    1    1    1  1.81788E+12 0.02602 
   91   91    1    1    1    1    1    1    1    1  9.09254E+11 0.04451 
   92   92    1    1    1    1    1    1    1    1  4.35045E+11 0.03492 
   93   93    1    1    1    1    1    1    1    1  2.16506E+11 0.07991 
   94   94    1    1    1    1    1    1    1    1  9.67535E+10 0.10565 
   95   95    1    1    1    1    1    1    1    1  4.90510E+10 0.14181 
   96   96    1    1    1    1    1    1    1    1  1.74644E+10 0.15698 
   97   97    1    1    1    1    1    1    1    1  6.73501E+09 0.41214 
   98   98    1    1    1    1    1    1    1    1  5.48924E+09 0.38812 
   99   99    1    1    1    1    1    1    1    1  7.34875E+09 0.46408 
  100  100    1    1    1    1    1    1    1    1  1.71922E+09 0.58074 
];


