
DETdpaspec = [
    1    1    1    1    1    1    1    1    1    1  0.00000E+00 0.00000 
    2    2    1    1    1    1    1    1    1    1  0.00000E+00 0.00000 
    3    3    1    1    1    1    1    1    1    1  0.00000E+00 0.00000 
    4    4    1    1    1    1    1    1    1    1  0.00000E+00 0.00000 
    5    5    1    1    1    1    1    1    1    1  0.00000E+00 0.00000 
    6    6    1    1    1    1    1    1    1    1  1.41664E+07 1.00000 
    7    7    1    1    1    1    1    1    1    1  0.00000E+00 0.00000 
    8    8    1    1    1    1    1    1    1    1  6.69794E+07 0.54861 
    9    9    1    1    1    1    1    1    1    1  7.12367E+07 0.78981 
   10   10    1    1    1    1    1    1    1    1  6.42986E+07 1.00000 
   11   11    1    1    1    1    1    1    1    1  1.13692E+09 0.45522 
   12   12    1    1    1    1    1    1    1    1  1.29342E+08 0.45658 
   13   13    1    1    1    1    1    1    1    1  3.66970E+09 0.32137 
   14   14    1    1    1    1    1    1    1    1  1.26991E+10 0.29335 
   15   15    1    1    1    1    1    1    1    1  1.08496E+10 0.20318 
   16   16    1    1    1    1    1    1    1    1  7.41178E+09 0.17078 
   17   17    1    1    1    1    1    1    1    1  6.93781E+09 0.16359 
   18   18    1    1    1    1    1    1    1    1  2.84790E+10 0.18145 
   19   19    1    1    1    1    1    1    1    1  2.91178E+10 0.10400 
   20   20    1    1    1    1    1    1    1    1  9.11904E+10 0.07883 
   21   21    1    1    1    1    1    1    1    1  7.51706E+10 0.09277 
   22   22    1    1    1    1    1    1    1    1  1.82567E+11 0.04845 
   23   23    1    1    1    1    1    1    1    1  3.39057E+11 0.03553 
   24   24    1    1    1    1    1    1    1    1  6.55144E+11 0.03358 
   25   25    1    1    1    1    1    1    1    1  1.05650E+12 0.01896 
   26   26    1    1    1    1    1    1    1    1  2.16826E+12 0.01726 
   27   27    1    1    1    1    1    1    1    1  4.35135E+12 0.00881 
   28   28    1    1    1    1    1    1    1    1  8.66533E+12 0.00997 
   29   29    1    1    1    1    1    1    1    1  1.06851E+13 0.00542 
   30   30    1    1    1    1    1    1    1    1  2.52974E+13 0.00541 
   31   31    1    1    1    1    1    1    1    1  5.18412E+13 0.00407 
   32   32    1    1    1    1    1    1    1    1  6.88194E+13 0.00500 
   33   33    1    1    1    1    1    1    1    1  1.24707E+14 0.00323 
   34   34    1    1    1    1    1    1    1    1  1.28514E+14 0.00364 
   35   35    1    1    1    1    1    1    1    1  1.81403E+14 0.00323 
   36   36    1    1    1    1    1    1    1    1  1.55033E+14 0.00284 
   37   37    1    1    1    1    1    1    1    1  4.93115E+13 0.00270 
   38   38    1    1    1    1    1    1    1    1  2.15043E+14 0.00285 
   39   39    1    1    1    1    1    1    1    1  2.46975E+14 0.00280 
   40   40    1    1    1    1    1    1    1    1  3.94391E+14 0.00270 
   41   41    1    1    1    1    1    1    1    1  3.71079E+14 0.00257 
   42   42    1    1    1    1    1    1    1    1  6.11008E+14 0.00228 
   43   43    1    1    1    1    1    1    1    1  6.30728E+14 0.00216 
   44   44    1    1    1    1    1    1    1    1  7.76869E+14 0.00248 
   45   45    1    1    1    1    1    1    1    1  1.27050E+15 0.00262 
   46   46    1    1    1    1    1    1    1    1  7.09273E+14 0.00260 
   47   47    1    1    1    1    1    1    1    1  9.51115E+14 0.00241 
   48   48    1    1    1    1    1    1    1    1  1.31227E+15 0.00261 
   49   49    1    1    1    1    1    1    1    1  1.14182E+15 0.00287 
   50   50    1    1    1    1    1    1    1    1  1.70858E+15 0.00286 
   51   51    1    1    1    1    1    1    1    1  1.33614E+15 0.00273 
   52   52    1    1    1    1    1    1    1    1  1.45949E+15 0.00309 
   53   53    1    1    1    1    1    1    1    1  1.05466E+15 0.00307 
   54   54    1    1    1    1    1    1    1    1  1.25596E+15 0.00311 
   55   55    1    1    1    1    1    1    1    1  9.08994E+14 0.00323 
   56   56    1    1    1    1    1    1    1    1  1.26768E+14 0.00308 
   57   57    1    1    1    1    1    1    1    1  1.73535E+15 0.00282 
   58   58    1    1    1    1    1    1    1    1  7.42289E+14 0.00295 
   59   59    1    1    1    1    1    1    1    1  8.19048E+14 0.00328 
   60   60    1    1    1    1    1    1    1    1  6.51932E+14 0.00330 
   61   61    1    1    1    1    1    1    1    1  6.51160E+14 0.00331 
   62   62    1    1    1    1    1    1    1    1  6.37435E+14 0.00338 
   63   63    1    1    1    1    1    1    1    1  5.27009E+14 0.00297 
   64   64    1    1    1    1    1    1    1    1  4.09881E+14 0.00333 
   65   65    1    1    1    1    1    1    1    1  3.96490E+14 0.00333 
   66   66    1    1    1    1    1    1    1    1  3.34610E+14 0.00327 
   67   67    1    1    1    1    1    1    1    1  2.78294E+14 0.00349 
   68   68    1    1    1    1    1    1    1    1  2.42727E+14 0.00362 
   69   69    1    1    1    1    1    1    1    1  2.97789E+14 0.00348 
   70   70    1    1    1    1    1    1    1    1  2.55418E+14 0.00399 
   71   71    1    1    1    1    1    1    1    1  4.87428E+14 0.00275 
   72   72    1    1    1    1    1    1    1    1  3.62787E+14 0.00339 
   73   73    1    1    1    1    1    1    1    1  2.85066E+14 0.00292 
   74   74    1    1    1    1    1    1    1    1  2.28986E+14 0.00353 
   75   75    1    1    1    1    1    1    1    1  1.84155E+14 0.00351 
   76   76    1    1    1    1    1    1    1    1  2.06955E+14 0.00378 
   77   77    1    1    1    1    1    1    1    1  1.58688E+14 0.00336 
   78   78    1    1    1    1    1    1    1    1  1.18827E+14 0.00395 
   79   79    1    1    1    1    1    1    1    1  1.23072E+14 0.00383 
   80   80    1    1    1    1    1    1    1    1  9.11793E+13 0.00400 
   81   81    1    1    1    1    1    1    1    1  7.02418E+13 0.00464 
   82   82    1    1    1    1    1    1    1    1  5.44520E+13 0.00438 
   83   83    1    1    1    1    1    1    1    1  5.05894E+13 0.00484 
   84   84    1    1    1    1    1    1    1    1  3.63524E+13 0.00671 
   85   85    1    1    1    1    1    1    1    1  2.62391E+13 0.00699 
   86   86    1    1    1    1    1    1    1    1  2.44540E+13 0.00721 
   87   87    1    1    1    1    1    1    1    1  1.55690E+13 0.00507 
   88   88    1    1    1    1    1    1    1    1  1.02987E+13 0.00686 
   89   89    1    1    1    1    1    1    1    1  6.13111E+12 0.01114 
   90   90    1    1    1    1    1    1    1    1  3.97191E+12 0.01519 
   91   91    1    1    1    1    1    1    1    1  1.94501E+12 0.02444 
   92   92    1    1    1    1    1    1    1    1  9.95222E+11 0.04513 
   93   93    1    1    1    1    1    1    1    1  4.89114E+11 0.05248 
   94   94    1    1    1    1    1    1    1    1  2.31506E+11 0.05674 
   95   95    1    1    1    1    1    1    1    1  9.80403E+10 0.08556 
   96   96    1    1    1    1    1    1    1    1  6.67310E+10 0.15355 
   97   97    1    1    1    1    1    1    1    1  2.99394E+10 0.18546 
   98   98    1    1    1    1    1    1    1    1  1.28029E+10 0.20616 
   99   99    1    1    1    1    1    1    1    1  6.14467E+09 0.28867 
  100  100    1    1    1    1    1    1    1    1  5.92426E+09 0.33007 
];


