
DETdpaspec = [
    1    1    1    1    1    1    1    1    1    1  0.00000E+00 0.00000 
    2    2    1    1    1    1    1    1    1    1  0.00000E+00 0.00000 
    3    3    1    1    1    1    1    1    1    1  0.00000E+00 0.00000 
    4    4    1    1    1    1    1    1    1    1  0.00000E+00 0.00000 
    5    5    1    1    1    1    1    1    1    1  0.00000E+00 0.00000 
    6    6    1    1    1    1    1    1    1    1  4.18352E+07 0.71692 
    7    7    1    1    1    1    1    1    1    1  4.44161E+07 1.00000 
    8    8    1    1    1    1    1    1    1    1  0.00000E+00 0.00000 
    9    9    1    1    1    1    1    1    1    1  1.25785E+08 0.38008 
   10   10    1    1    1    1    1    1    1    1  7.17806E+07 0.69106 
   11   11    1    1    1    1    1    1    1    1  6.92924E+08 0.51322 
   12   12    1    1    1    1    1    1    1    1  3.14162E+08 0.56033 
   13   13    1    1    1    1    1    1    1    1  4.05906E+09 0.32012 
   14   14    1    1    1    1    1    1    1    1  1.06073E+10 0.18124 
   15   15    1    1    1    1    1    1    1    1  1.84514E+10 0.28839 
   16   16    1    1    1    1    1    1    1    1  6.14915E+09 0.23709 
   17   17    1    1    1    1    1    1    1    1  9.89183E+09 0.16117 
   18   18    1    1    1    1    1    1    1    1  3.53802E+10 0.13011 
   19   19    1    1    1    1    1    1    1    1  4.75609E+10 0.08927 
   20   20    1    1    1    1    1    1    1    1  1.39678E+11 0.07271 
   21   21    1    1    1    1    1    1    1    1  1.18718E+11 0.05658 
   22   22    1    1    1    1    1    1    1    1  3.16063E+11 0.05806 
   23   23    1    1    1    1    1    1    1    1  6.84222E+11 0.02578 
   24   24    1    1    1    1    1    1    1    1  1.44799E+12 0.02306 
   25   25    1    1    1    1    1    1    1    1  2.61414E+12 0.01117 
   26   26    1    1    1    1    1    1    1    1  5.50109E+12 0.00974 
   27   27    1    1    1    1    1    1    1    1  1.09661E+13 0.00693 
   28   28    1    1    1    1    1    1    1    1  2.29962E+13 0.00645 
   29   29    1    1    1    1    1    1    1    1  3.04814E+13 0.00622 
   30   30    1    1    1    1    1    1    1    1  6.59389E+13 0.00422 
   31   31    1    1    1    1    1    1    1    1  1.38288E+14 0.00321 
   32   32    1    1    1    1    1    1    1    1  1.83906E+14 0.00210 
   33   33    1    1    1    1    1    1    1    1  3.36978E+14 0.00179 
   34   34    1    1    1    1    1    1    1    1  3.58723E+14 0.00154 
   35   35    1    1    1    1    1    1    1    1  4.89444E+14 0.00152 
   36   36    1    1    1    1    1    1    1    1  4.18692E+14 0.00170 
   37   37    1    1    1    1    1    1    1    1  1.31206E+14 0.00129 
   38   38    1    1    1    1    1    1    1    1  5.84714E+14 0.00101 
   39   39    1    1    1    1    1    1    1    1  6.73023E+14 0.00165 
   40   40    1    1    1    1    1    1    1    1  1.10108E+15 0.00143 
   41   41    1    1    1    1    1    1    1    1  1.02719E+15 0.00150 
   42   42    1    1    1    1    1    1    1    1  1.71860E+15 0.00135 
   43   43    1    1    1    1    1    1    1    1  1.78847E+15 0.00138 
   44   44    1    1    1    1    1    1    1    1  2.23042E+15 0.00105 
   45   45    1    1    1    1    1    1    1    1  3.68932E+15 0.00117 
   46   46    1    1    1    1    1    1    1    1  2.09279E+15 0.00093 
   47   47    1    1    1    1    1    1    1    1  2.79779E+15 0.00103 
   48   48    1    1    1    1    1    1    1    1  3.89767E+15 0.00095 
   49   49    1    1    1    1    1    1    1    1  3.38882E+15 0.00117 
   50   50    1    1    1    1    1    1    1    1  5.17084E+15 0.00128 
   51   51    1    1    1    1    1    1    1    1  4.04556E+15 0.00125 
   52   52    1    1    1    1    1    1    1    1  4.47986E+15 0.00111 
   53   53    1    1    1    1    1    1    1    1  3.24933E+15 0.00111 
   54   54    1    1    1    1    1    1    1    1  3.93116E+15 0.00101 
   55   55    1    1    1    1    1    1    1    1  2.84998E+15 0.00122 
   56   56    1    1    1    1    1    1    1    1  3.96928E+14 0.00157 
   57   57    1    1    1    1    1    1    1    1  5.45597E+15 0.00122 
   58   58    1    1    1    1    1    1    1    1  2.37893E+15 0.00127 
   59   59    1    1    1    1    1    1    1    1  2.62356E+15 0.00134 
   60   60    1    1    1    1    1    1    1    1  2.12180E+15 0.00140 
   61   61    1    1    1    1    1    1    1    1  2.12545E+15 0.00140 
   62   62    1    1    1    1    1    1    1    1  2.08969E+15 0.00122 
   63   63    1    1    1    1    1    1    1    1  1.74273E+15 0.00137 
   64   64    1    1    1    1    1    1    1    1  1.36300E+15 0.00148 
   65   65    1    1    1    1    1    1    1    1  1.31929E+15 0.00132 
   66   66    1    1    1    1    1    1    1    1  1.12288E+15 0.00107 
   67   67    1    1    1    1    1    1    1    1  9.29762E+14 0.00107 
   68   68    1    1    1    1    1    1    1    1  8.12189E+14 0.00122 
   69   69    1    1    1    1    1    1    1    1  9.93879E+14 0.00125 
   70   70    1    1    1    1    1    1    1    1  8.57588E+14 0.00161 
   71   71    1    1    1    1    1    1    1    1  1.62797E+15 0.00140 
   72   72    1    1    1    1    1    1    1    1  1.20933E+15 0.00148 
   73   73    1    1    1    1    1    1    1    1  9.51355E+14 0.00164 
   74   74    1    1    1    1    1    1    1    1  7.73940E+14 0.00140 
   75   75    1    1    1    1    1    1    1    1  6.29895E+14 0.00189 
   76   76    1    1    1    1    1    1    1    1  7.15637E+14 0.00205 
   77   77    1    1    1    1    1    1    1    1  5.55629E+14 0.00185 
   78   78    1    1    1    1    1    1    1    1  4.20298E+14 0.00177 
   79   79    1    1    1    1    1    1    1    1  4.34738E+14 0.00202 
   80   80    1    1    1    1    1    1    1    1  3.25778E+14 0.00194 
   81   81    1    1    1    1    1    1    1    1  2.52438E+14 0.00169 
   82   82    1    1    1    1    1    1    1    1  1.94863E+14 0.00217 
   83   83    1    1    1    1    1    1    1    1  1.82888E+14 0.00256 
   84   84    1    1    1    1    1    1    1    1  1.31475E+14 0.00337 
   85   85    1    1    1    1    1    1    1    1  9.39508E+13 0.00378 
   86   86    1    1    1    1    1    1    1    1  8.88343E+13 0.00334 
   87   87    1    1    1    1    1    1    1    1  5.47998E+13 0.00489 
   88   88    1    1    1    1    1    1    1    1  3.74017E+13 0.00418 
   89   89    1    1    1    1    1    1    1    1  2.14546E+13 0.00662 
   90   90    1    1    1    1    1    1    1    1  1.43066E+13 0.01107 
   91   91    1    1    1    1    1    1    1    1  7.20048E+12 0.01351 
   92   92    1    1    1    1    1    1    1    1  3.48401E+12 0.01595 
   93   93    1    1    1    1    1    1    1    1  1.67440E+12 0.02562 
   94   94    1    1    1    1    1    1    1    1  8.19706E+11 0.03177 
   95   95    1    1    1    1    1    1    1    1  4.49170E+11 0.05112 
   96   96    1    1    1    1    1    1    1    1  1.79913E+11 0.06317 
   97   97    1    1    1    1    1    1    1    1  1.04255E+11 0.11217 
   98   98    1    1    1    1    1    1    1    1  4.55614E+10 0.15958 
   99   99    1    1    1    1    1    1    1    1  1.91967E+10 0.25067 
  100  100    1    1    1    1    1    1    1    1  2.05096E+10 0.19699 
];


