
DETdpaspec = [
    1    1    1    1    1    1    1    1    1    1  0.00000E+00 0.00000 
    2    2    1    1    1    1    1    1    1    1  0.00000E+00 0.00000 
    3    3    1    1    1    1    1    1    1    1  0.00000E+00 0.00000 
    4    4    1    1    1    1    1    1    1    1  1.24249E+07 1.00000 
    5    5    1    1    1    1    1    1    1    1  0.00000E+00 0.00000 
    6    6    1    1    1    1    1    1    1    1  0.00000E+00 0.00000 
    7    7    1    1    1    1    1    1    1    1  4.83736E+07 0.68826 
    8    8    1    1    1    1    1    1    1    1  5.47304E+07 0.54613 
    9    9    1    1    1    1    1    1    1    1  9.33817E+07 0.49177 
   10   10    1    1    1    1    1    1    1    1  9.96168E+07 0.69105 
   11   11    1    1    1    1    1    1    1    1  2.89787E+08 0.53700 
   12   12    1    1    1    1    1    1    1    1  3.15847E+08 0.26589 
   13   13    1    1    1    1    1    1    1    1  4.33289E+09 0.25238 
   14   14    1    1    1    1    1    1    1    1  8.98314E+09 0.30564 
   15   15    1    1    1    1    1    1    1    1  1.61691E+10 0.23548 
   16   16    1    1    1    1    1    1    1    1  4.05653E+09 0.15153 
   17   17    1    1    1    1    1    1    1    1  1.36208E+10 0.10344 
   18   18    1    1    1    1    1    1    1    1  2.74003E+10 0.12716 
   19   19    1    1    1    1    1    1    1    1  3.62273E+10 0.10364 
   20   20    1    1    1    1    1    1    1    1  1.08768E+11 0.06883 
   21   21    1    1    1    1    1    1    1    1  9.55294E+10 0.07129 
   22   22    1    1    1    1    1    1    1    1  2.67783E+11 0.05477 
   23   23    1    1    1    1    1    1    1    1  4.92216E+11 0.02498 
   24   24    1    1    1    1    1    1    1    1  9.75449E+11 0.02656 
   25   25    1    1    1    1    1    1    1    1  1.56392E+12 0.02055 
   26   26    1    1    1    1    1    1    1    1  3.28413E+12 0.01477 
   27   27    1    1    1    1    1    1    1    1  6.54334E+12 0.01048 
   28   28    1    1    1    1    1    1    1    1  1.34728E+13 0.00708 
   29   29    1    1    1    1    1    1    1    1  1.71335E+13 0.00670 
   30   30    1    1    1    1    1    1    1    1  3.94624E+13 0.00548 
   31   31    1    1    1    1    1    1    1    1  8.12420E+13 0.00331 
   32   32    1    1    1    1    1    1    1    1  1.07805E+14 0.00315 
   33   33    1    1    1    1    1    1    1    1  1.97408E+14 0.00317 
   34   34    1    1    1    1    1    1    1    1  2.04107E+14 0.00315 
   35   35    1    1    1    1    1    1    1    1  2.86966E+14 0.00255 
   36   36    1    1    1    1    1    1    1    1  2.45560E+14 0.00198 
   37   37    1    1    1    1    1    1    1    1  7.78285E+13 0.00215 
   38   38    1    1    1    1    1    1    1    1  3.41888E+14 0.00161 
   39   39    1    1    1    1    1    1    1    1  3.93499E+14 0.00211 
   40   40    1    1    1    1    1    1    1    1  6.34784E+14 0.00201 
   41   41    1    1    1    1    1    1    1    1  5.96473E+14 0.00205 
   42   42    1    1    1    1    1    1    1    1  9.86946E+14 0.00175 
   43   43    1    1    1    1    1    1    1    1  1.02114E+15 0.00204 
   44   44    1    1    1    1    1    1    1    1  1.26452E+15 0.00186 
   45   45    1    1    1    1    1    1    1    1  2.07829E+15 0.00183 
   46   46    1    1    1    1    1    1    1    1  1.16669E+15 0.00174 
   47   47    1    1    1    1    1    1    1    1  1.56567E+15 0.00157 
   48   48    1    1    1    1    1    1    1    1  2.16775E+15 0.00168 
   49   49    1    1    1    1    1    1    1    1  1.88658E+15 0.00181 
   50   50    1    1    1    1    1    1    1    1  2.84289E+15 0.00170 
   51   51    1    1    1    1    1    1    1    1  2.22391E+15 0.00158 
   52   52    1    1    1    1    1    1    1    1  2.44144E+15 0.00182 
   53   53    1    1    1    1    1    1    1    1  1.76600E+15 0.00201 
   54   54    1    1    1    1    1    1    1    1  2.11289E+15 0.00206 
   55   55    1    1    1    1    1    1    1    1  1.52932E+15 0.00166 
   56   56    1    1    1    1    1    1    1    1  2.13783E+14 0.00219 
   57   57    1    1    1    1    1    1    1    1  2.92307E+15 0.00202 
   58   58    1    1    1    1    1    1    1    1  1.26113E+15 0.00226 
   59   59    1    1    1    1    1    1    1    1  1.39068E+15 0.00188 
   60   60    1    1    1    1    1    1    1    1  1.11086E+15 0.00225 
   61   61    1    1    1    1    1    1    1    1  1.11224E+15 0.00194 
   62   62    1    1    1    1    1    1    1    1  1.09191E+15 0.00228 
   63   63    1    1    1    1    1    1    1    1  9.05138E+14 0.00238 
   64   64    1    1    1    1    1    1    1    1  7.05109E+14 0.00240 
   65   65    1    1    1    1    1    1    1    1  6.81950E+14 0.00213 
   66   66    1    1    1    1    1    1    1    1  5.77054E+14 0.00234 
   67   67    1    1    1    1    1    1    1    1  4.78525E+14 0.00263 
   68   68    1    1    1    1    1    1    1    1  4.18492E+14 0.00261 
   69   69    1    1    1    1    1    1    1    1  5.11572E+14 0.00200 
   70   70    1    1    1    1    1    1    1    1  4.40803E+14 0.00274 
   71   71    1    1    1    1    1    1    1    1  8.40383E+14 0.00264 
   72   72    1    1    1    1    1    1    1    1  6.25679E+14 0.00212 
   73   73    1    1    1    1    1    1    1    1  4.89876E+14 0.00213 
   74   74    1    1    1    1    1    1    1    1  3.94202E+14 0.00230 
   75   75    1    1    1    1    1    1    1    1  3.19170E+14 0.00276 
   76   76    1    1    1    1    1    1    1    1  3.59042E+14 0.00270 
   77   77    1    1    1    1    1    1    1    1  2.76859E+14 0.00311 
   78   78    1    1    1    1    1    1    1    1  2.08561E+14 0.00252 
   79   79    1    1    1    1    1    1    1    1  2.15145E+14 0.00371 
   80   80    1    1    1    1    1    1    1    1  1.60551E+14 0.00335 
   81   81    1    1    1    1    1    1    1    1  1.23349E+14 0.00328 
   82   82    1    1    1    1    1    1    1    1  9.55637E+13 0.00377 
   83   83    1    1    1    1    1    1    1    1  8.97260E+13 0.00481 
   84   84    1    1    1    1    1    1    1    1  6.39312E+13 0.00428 
   85   85    1    1    1    1    1    1    1    1  4.61676E+13 0.00481 
   86   86    1    1    1    1    1    1    1    1  4.32067E+13 0.00426 
   87   87    1    1    1    1    1    1    1    1  2.69614E+13 0.00586 
   88   88    1    1    1    1    1    1    1    1  1.83102E+13 0.00697 
   89   89    1    1    1    1    1    1    1    1  1.06006E+13 0.00851 
   90   90    1    1    1    1    1    1    1    1  7.19249E+12 0.01223 
   91   91    1    1    1    1    1    1    1    1  3.52249E+12 0.01785 
   92   92    1    1    1    1    1    1    1    1  1.81291E+12 0.02114 
   93   93    1    1    1    1    1    1    1    1  8.33905E+11 0.03641 
   94   94    1    1    1    1    1    1    1    1  4.26191E+11 0.04773 
   95   95    1    1    1    1    1    1    1    1  1.79729E+11 0.06774 
   96   96    1    1    1    1    1    1    1    1  9.17002E+10 0.11143 
   97   97    1    1    1    1    1    1    1    1  3.76174E+10 0.17485 
   98   98    1    1    1    1    1    1    1    1  1.93298E+10 0.17272 
   99   99    1    1    1    1    1    1    1    1  5.91999E+09 0.39863 
  100  100    1    1    1    1    1    1    1    1  9.13418E+09 0.30142 
];


