
DETdpaspec = [
    1    1    1    1    1    1    1    1    1    1  0.00000E+00 0.00000 
    2    2    1    1    1    1    1    1    1    1  0.00000E+00 0.00000 
    3    3    1    1    1    1    1    1    1    1  0.00000E+00 0.00000 
    4    4    1    1    1    1    1    1    1    1  0.00000E+00 0.00000 
    5    5    1    1    1    1    1    1    1    1  5.11794E+07 0.68825 
    6    6    1    1    1    1    1    1    1    1  2.45708E+07 1.00000 
    7    7    1    1    1    1    1    1    1    1  0.00000E+00 0.00000 
    8    8    1    1    1    1    1    1    1    1  0.00000E+00 0.00000 
    9    9    1    1    1    1    1    1    1    1  6.17293E+07 0.47453 
   10   10    1    1    1    1    1    1    1    1  1.53224E+08 0.68837 
   11   11    1    1    1    1    1    1    1    1  2.71873E+08 0.73998 
   12   12    1    1    1    1    1    1    1    1  3.43425E+08 0.36998 
   13   13    1    1    1    1    1    1    1    1  5.93630E+09 0.27755 
   14   14    1    1    1    1    1    1    1    1  1.63387E+10 0.23078 
   15   15    1    1    1    1    1    1    1    1  1.63514E+10 0.19230 
   16   16    1    1    1    1    1    1    1    1  5.16562E+09 0.22557 
   17   17    1    1    1    1    1    1    1    1  9.01486E+09 0.25719 
   18   18    1    1    1    1    1    1    1    1  2.80901E+10 0.13051 
   19   19    1    1    1    1    1    1    1    1  4.04568E+10 0.10967 
   20   20    1    1    1    1    1    1    1    1  1.15846E+11 0.09329 
   21   21    1    1    1    1    1    1    1    1  1.50893E+11 0.05854 
   22   22    1    1    1    1    1    1    1    1  5.48570E+11 0.03137 
   23   23    1    1    1    1    1    1    1    1  1.87302E+12 0.02100 
   24   24    1    1    1    1    1    1    1    1  4.73401E+12 0.01352 
   25   25    1    1    1    1    1    1    1    1  7.82945E+12 0.01206 
   26   26    1    1    1    1    1    1    1    1  1.56680E+13 0.00628 
   27   27    1    1    1    1    1    1    1    1  2.82764E+13 0.00462 
   28   28    1    1    1    1    1    1    1    1  5.55765E+13 0.00391 
   29   29    1    1    1    1    1    1    1    1  7.72256E+13 0.00324 
   30   30    1    1    1    1    1    1    1    1  1.37365E+14 0.00206 
   31   31    1    1    1    1    1    1    1    1  2.64346E+14 0.00178 
   32   32    1    1    1    1    1    1    1    1  3.35374E+14 0.00189 
   33   33    1    1    1    1    1    1    1    1  5.82059E+14 0.00158 
   34   34    1    1    1    1    1    1    1    1  6.36428E+14 0.00141 
   35   35    1    1    1    1    1    1    1    1  7.83883E+14 0.00105 
   36   36    1    1    1    1    1    1    1    1  6.46330E+14 0.00089 
   37   37    1    1    1    1    1    1    1    1  1.96536E+14 0.00075 
   38   38    1    1    1    1    1    1    1    1  8.91647E+14 0.00090 
   39   39    1    1    1    1    1    1    1    1  1.01519E+15 0.00097 
   40   40    1    1    1    1    1    1    1    1  1.67498E+15 0.00067 
   41   41    1    1    1    1    1    1    1    1  1.51515E+15 0.00055 
   42   42    1    1    1    1    1    1    1    1  2.55959E+15 0.00069 
   43   43    1    1    1    1    1    1    1    1  2.64974E+15 0.00071 
   44   44    1    1    1    1    1    1    1    1  3.30357E+15 0.00053 
   45   45    1    1    1    1    1    1    1    1  5.45703E+15 0.00057 
   46   46    1    1    1    1    1    1    1    1  3.10341E+15 0.00063 
   47   47    1    1    1    1    1    1    1    1  4.09700E+15 0.00058 
   48   48    1    1    1    1    1    1    1    1  5.73286E+15 0.00059 
   49   49    1    1    1    1    1    1    1    1  4.92858E+15 0.00062 
   50   50    1    1    1    1    1    1    1    1  7.61387E+15 0.00063 
   51   51    1    1    1    1    1    1    1    1  5.90923E+15 0.00053 
   52   52    1    1    1    1    1    1    1    1  6.61766E+15 0.00063 
   53   53    1    1    1    1    1    1    1    1  4.79976E+15 0.00069 
   54   54    1    1    1    1    1    1    1    1  5.86684E+15 0.00075 
   55   55    1    1    1    1    1    1    1    1  4.25582E+15 0.00090 
   56   56    1    1    1    1    1    1    1    1  5.91943E+14 0.00139 
   57   57    1    1    1    1    1    1    1    1  8.14210E+15 0.00073 
   58   58    1    1    1    1    1    1    1    1  3.61933E+15 0.00080 
   59   59    1    1    1    1    1    1    1    1  3.96423E+15 0.00060 
   60   60    1    1    1    1    1    1    1    1  3.25821E+15 0.00085 
   61   61    1    1    1    1    1    1    1    1  3.25987E+15 0.00085 
   62   62    1    1    1    1    1    1    1    1  3.21313E+15 0.00116 
   63   63    1    1    1    1    1    1    1    1  2.69276E+15 0.00104 
   64   64    1    1    1    1    1    1    1    1  2.11823E+15 0.00089 
   65   65    1    1    1    1    1    1    1    1  2.03843E+15 0.00076 
   66   66    1    1    1    1    1    1    1    1  1.74305E+15 0.00094 
   67   67    1    1    1    1    1    1    1    1  1.44024E+15 0.00110 
   68   68    1    1    1    1    1    1    1    1  1.25364E+15 0.00099 
   69   69    1    1    1    1    1    1    1    1  1.53799E+15 0.00100 
   70   70    1    1    1    1    1    1    1    1  1.32223E+15 0.00099 
   71   71    1    1    1    1    1    1    1    1  2.47714E+15 0.00098 
   72   72    1    1    1    1    1    1    1    1  1.83606E+15 0.00080 
   73   73    1    1    1    1    1    1    1    1  1.44321E+15 0.00107 
   74   74    1    1    1    1    1    1    1    1  1.19015E+15 0.00134 
   75   75    1    1    1    1    1    1    1    1  9.81967E+14 0.00138 
   76   76    1    1    1    1    1    1    1    1  1.12899E+15 0.00117 
   77   77    1    1    1    1    1    1    1    1  8.88460E+14 0.00129 
   78   78    1    1    1    1    1    1    1    1  6.79570E+14 0.00133 
   79   79    1    1    1    1    1    1    1    1  7.09904E+14 0.00146 
   80   80    1    1    1    1    1    1    1    1  5.34148E+14 0.00138 
   81   81    1    1    1    1    1    1    1    1  4.15139E+14 0.00179 
   82   82    1    1    1    1    1    1    1    1  3.20745E+14 0.00181 
   83   83    1    1    1    1    1    1    1    1  3.00795E+14 0.00181 
   84   84    1    1    1    1    1    1    1    1  2.16345E+14 0.00216 
   85   85    1    1    1    1    1    1    1    1  1.56316E+14 0.00230 
   86   86    1    1    1    1    1    1    1    1  1.46635E+14 0.00287 
   87   87    1    1    1    1    1    1    1    1  9.06188E+13 0.00228 
   88   88    1    1    1    1    1    1    1    1  6.09323E+13 0.00305 
   89   89    1    1    1    1    1    1    1    1  3.46967E+13 0.00455 
   90   90    1    1    1    1    1    1    1    1  2.30229E+13 0.00572 
   91   91    1    1    1    1    1    1    1    1  1.17193E+13 0.01063 
   92   92    1    1    1    1    1    1    1    1  5.59150E+12 0.01583 
   93   93    1    1    1    1    1    1    1    1  2.73414E+12 0.01737 
   94   94    1    1    1    1    1    1    1    1  1.33932E+12 0.03370 
   95   95    1    1    1    1    1    1    1    1  6.10382E+11 0.04590 
   96   96    1    1    1    1    1    1    1    1  3.07641E+11 0.07757 
   97   97    1    1    1    1    1    1    1    1  1.34730E+11 0.06785 
   98   98    1    1    1    1    1    1    1    1  7.29766E+10 0.11963 
   99   99    1    1    1    1    1    1    1    1  3.41420E+10 0.14453 
  100  100    1    1    1    1    1    1    1    1  3.71942E+10 0.17635 
];


