
DETdpaspec = [
    1    1    1    1    1    1    1    1    1    1  0.00000E+00 0.00000 
    2    2    1    1    1    1    1    1    1    1  0.00000E+00 0.00000 
    3    3    1    1    1    1    1    1    1    1  1.45918E+07 1.00000 
    4    4    1    1    1    1    1    1    1    1  0.00000E+00 0.00000 
    5    5    1    1    1    1    1    1    1    1  1.65713E+07 1.00000 
    6    6    1    1    1    1    1    1    1    1  0.00000E+00 0.00000 
    7    7    1    1    1    1    1    1    1    1  0.00000E+00 0.00000 
    8    8    1    1    1    1    1    1    1    1  1.39518E+07 1.00000 
    9    9    1    1    1    1    1    1    1    1  0.00000E+00 0.00000 
   10   10    1    1    1    1    1    1    1    1  2.93366E+08 0.56987 
   11   11    1    1    1    1    1    1    1    1  7.01393E+08 0.53247 
   12   12    1    1    1    1    1    1    1    1  2.14658E+08 0.37375 
   13   13    1    1    1    1    1    1    1    1  6.36229E+09 0.39653 
   14   14    1    1    1    1    1    1    1    1  1.41260E+10 0.24465 
   15   15    1    1    1    1    1    1    1    1  1.70412E+10 0.22189 
   16   16    1    1    1    1    1    1    1    1  7.05288E+09 0.21141 
   17   17    1    1    1    1    1    1    1    1  1.11209E+10 0.12050 
   18   18    1    1    1    1    1    1    1    1  3.59197E+10 0.09987 
   19   19    1    1    1    1    1    1    1    1  3.72439E+10 0.11438 
   20   20    1    1    1    1    1    1    1    1  1.29487E+11 0.06991 
   21   21    1    1    1    1    1    1    1    1  1.11612E+11 0.06355 
   22   22    1    1    1    1    1    1    1    1  3.38351E+11 0.04059 
   23   23    1    1    1    1    1    1    1    1  7.21495E+11 0.03075 
   24   24    1    1    1    1    1    1    1    1  1.75146E+12 0.01790 
   25   25    1    1    1    1    1    1    1    1  2.96295E+12 0.01347 
   26   26    1    1    1    1    1    1    1    1  6.44203E+12 0.00717 
   27   27    1    1    1    1    1    1    1    1  1.28807E+13 0.00761 
   28   28    1    1    1    1    1    1    1    1  2.72309E+13 0.00453 
   29   29    1    1    1    1    1    1    1    1  3.70975E+13 0.00379 
   30   30    1    1    1    1    1    1    1    1  7.72740E+13 0.00305 
   31   31    1    1    1    1    1    1    1    1  1.60536E+14 0.00272 
   32   32    1    1    1    1    1    1    1    1  2.13317E+14 0.00183 
   33   33    1    1    1    1    1    1    1    1  3.88588E+14 0.00148 
   34   34    1    1    1    1    1    1    1    1  4.17477E+14 0.00190 
   35   35    1    1    1    1    1    1    1    1  5.58135E+14 0.00130 
   36   36    1    1    1    1    1    1    1    1  4.74840E+14 0.00088 
   37   37    1    1    1    1    1    1    1    1  1.48240E+14 0.00111 
   38   38    1    1    1    1    1    1    1    1  6.63053E+14 0.00107 
   39   39    1    1    1    1    1    1    1    1  7.61630E+14 0.00080 
   40   40    1    1    1    1    1    1    1    1  1.25280E+15 0.00092 
   41   41    1    1    1    1    1    1    1    1  1.16117E+15 0.00111 
   42   42    1    1    1    1    1    1    1    1  1.95244E+15 0.00105 
   43   43    1    1    1    1    1    1    1    1  2.03208E+15 0.00081 
   44   44    1    1    1    1    1    1    1    1  2.53612E+15 0.00101 
   45   45    1    1    1    1    1    1    1    1  4.20605E+15 0.00071 
   46   46    1    1    1    1    1    1    1    1  2.39230E+15 0.00085 
   47   47    1    1    1    1    1    1    1    1  3.19034E+15 0.00080 
   48   48    1    1    1    1    1    1    1    1  4.45622E+15 0.00081 
   49   49    1    1    1    1    1    1    1    1  3.86644E+15 0.00075 
   50   50    1    1    1    1    1    1    1    1  5.92794E+15 0.00078 
   51   51    1    1    1    1    1    1    1    1  4.63410E+15 0.00081 
   52   52    1    1    1    1    1    1    1    1  5.15634E+15 0.00086 
   53   53    1    1    1    1    1    1    1    1  3.74004E+15 0.00115 
   54   54    1    1    1    1    1    1    1    1  4.53640E+15 0.00100 
   55   55    1    1    1    1    1    1    1    1  3.29674E+15 0.00101 
   56   56    1    1    1    1    1    1    1    1  4.58985E+14 0.00132 
   57   57    1    1    1    1    1    1    1    1  6.30919E+15 0.00097 
   58   58    1    1    1    1    1    1    1    1  2.76625E+15 0.00105 
   59   59    1    1    1    1    1    1    1    1  3.04772E+15 0.00131 
   60   60    1    1    1    1    1    1    1    1  2.47396E+15 0.00109 
   61   61    1    1    1    1    1    1    1    1  2.47618E+15 0.00125 
   62   62    1    1    1    1    1    1    1    1  2.43963E+15 0.00110 
   63   63    1    1    1    1    1    1    1    1  2.03776E+15 0.00116 
   64   64    1    1    1    1    1    1    1    1  1.59745E+15 0.00104 
   65   65    1    1    1    1    1    1    1    1  1.54262E+15 0.00119 
   66   66    1    1    1    1    1    1    1    1  1.31310E+15 0.00131 
   67   67    1    1    1    1    1    1    1    1  1.08866E+15 0.00122 
   68   68    1    1    1    1    1    1    1    1  9.51079E+14 0.00123 
   69   69    1    1    1    1    1    1    1    1  1.16624E+15 0.00123 
   70   70    1    1    1    1    1    1    1    1  1.00616E+15 0.00140 
   71   71    1    1    1    1    1    1    1    1  1.90303E+15 0.00102 
   72   72    1    1    1    1    1    1    1    1  1.41297E+15 0.00141 
   73   73    1    1    1    1    1    1    1    1  1.11115E+15 0.00148 
   74   74    1    1    1    1    1    1    1    1  9.07370E+14 0.00159 
   75   75    1    1    1    1    1    1    1    1  7.41165E+14 0.00137 
   76   76    1    1    1    1    1    1    1    1  8.44937E+14 0.00158 
   77   77    1    1    1    1    1    1    1    1  6.58840E+14 0.00167 
   78   78    1    1    1    1    1    1    1    1  4.98743E+14 0.00158 
   79   79    1    1    1    1    1    1    1    1  5.18487E+14 0.00184 
   80   80    1    1    1    1    1    1    1    1  3.89634E+14 0.00201 
   81   81    1    1    1    1    1    1    1    1  3.00657E+14 0.00172 
   82   82    1    1    1    1    1    1    1    1  2.33894E+14 0.00227 
   83   83    1    1    1    1    1    1    1    1  2.19469E+14 0.00207 
   84   84    1    1    1    1    1    1    1    1  1.57011E+14 0.00310 
   85   85    1    1    1    1    1    1    1    1  1.13819E+14 0.00281 
   86   86    1    1    1    1    1    1    1    1  1.06001E+14 0.00333 
   87   87    1    1    1    1    1    1    1    1  6.61446E+13 0.00428 
   88   88    1    1    1    1    1    1    1    1  4.45829E+13 0.00488 
   89   89    1    1    1    1    1    1    1    1  2.53182E+13 0.00505 
   90   90    1    1    1    1    1    1    1    1  1.67264E+13 0.00707 
   91   91    1    1    1    1    1    1    1    1  8.47556E+12 0.01071 
   92   92    1    1    1    1    1    1    1    1  4.24205E+12 0.01815 
   93   93    1    1    1    1    1    1    1    1  1.99226E+12 0.01860 
   94   94    1    1    1    1    1    1    1    1  9.49177E+11 0.02807 
   95   95    1    1    1    1    1    1    1    1  4.86974E+11 0.04827 
   96   96    1    1    1    1    1    1    1    1  2.41176E+11 0.07629 
   97   97    1    1    1    1    1    1    1    1  1.06313E+11 0.08114 
   98   98    1    1    1    1    1    1    1    1  4.87269E+10 0.13281 
   99   99    1    1    1    1    1    1    1    1  2.96315E+10 0.16560 
  100  100    1    1    1    1    1    1    1    1  1.60021E+10 0.28573 
];


