
DETdpaspec = [
    1    1    1    1    1    1    1    1    1    1  0.00000E+00 0.00000 
    2    2    1    1    1    1    1    1    1    1  0.00000E+00 0.00000 
    3    3    1    1    1    1    1    1    1    1  0.00000E+00 0.00000 
    4    4    1    1    1    1    1    1    1    1  0.00000E+00 0.00000 
    5    5    1    1    1    1    1    1    1    1  0.00000E+00 0.00000 
    6    6    1    1    1    1    1    1    1    1  1.31448E+07 1.00000 
    7    7    1    1    1    1    1    1    1    1  0.00000E+00 0.00000 
    8    8    1    1    1    1    1    1    1    1  0.00000E+00 0.00000 
    9    9    1    1    1    1    1    1    1    1  4.07243E+07 0.54877 
   10   10    1    1    1    1    1    1    1    1  5.88982E+08 0.49276 
   11   11    1    1    1    1    1    1    1    1  6.35203E+08 0.45191 
   12   12    1    1    1    1    1    1    1    1  2.87830E+08 0.35296 
   13   13    1    1    1    1    1    1    1    1  3.05840E+09 0.39056 
   14   14    1    1    1    1    1    1    1    1  7.70570E+09 0.23539 
   15   15    1    1    1    1    1    1    1    1  1.04835E+10 0.24102 
   16   16    1    1    1    1    1    1    1    1  5.90083E+09 0.25149 
   17   17    1    1    1    1    1    1    1    1  1.33641E+10 0.10137 
   18   18    1    1    1    1    1    1    1    1  3.70971E+10 0.11024 
   19   19    1    1    1    1    1    1    1    1  4.06920E+10 0.08525 
   20   20    1    1    1    1    1    1    1    1  1.12619E+11 0.06373 
   21   21    1    1    1    1    1    1    1    1  1.05755E+11 0.07419 
   22   22    1    1    1    1    1    1    1    1  3.09463E+11 0.03712 
   23   23    1    1    1    1    1    1    1    1  5.95741E+11 0.03148 
   24   24    1    1    1    1    1    1    1    1  1.24996E+12 0.02882 
   25   25    1    1    1    1    1    1    1    1  2.02265E+12 0.01754 
   26   26    1    1    1    1    1    1    1    1  4.36246E+12 0.01022 
   27   27    1    1    1    1    1    1    1    1  8.77690E+12 0.00892 
   28   28    1    1    1    1    1    1    1    1  1.81972E+13 0.00821 
   29   29    1    1    1    1    1    1    1    1  2.34802E+13 0.00476 
   30   30    1    1    1    1    1    1    1    1  5.29224E+13 0.00483 
   31   31    1    1    1    1    1    1    1    1  1.10911E+14 0.00356 
   32   32    1    1    1    1    1    1    1    1  1.47772E+14 0.00316 
   33   33    1    1    1    1    1    1    1    1  2.70398E+14 0.00184 
   34   34    1    1    1    1    1    1    1    1  2.83818E+14 0.00208 
   35   35    1    1    1    1    1    1    1    1  3.93963E+14 0.00197 
   36   36    1    1    1    1    1    1    1    1  3.37614E+14 0.00195 
   37   37    1    1    1    1    1    1    1    1  1.06705E+14 0.00217 
   38   38    1    1    1    1    1    1    1    1  4.72111E+14 0.00194 
   39   39    1    1    1    1    1    1    1    1  5.43177E+14 0.00115 
   40   40    1    1    1    1    1    1    1    1  8.82932E+14 0.00148 
   41   41    1    1    1    1    1    1    1    1  8.26527E+14 0.00163 
   42   42    1    1    1    1    1    1    1    1  1.37457E+15 0.00125 
   43   43    1    1    1    1    1    1    1    1  1.42670E+15 0.00102 
   44   44    1    1    1    1    1    1    1    1  1.77356E+15 0.00137 
   45   45    1    1    1    1    1    1    1    1  2.92882E+15 0.00118 
   46   46    1    1    1    1    1    1    1    1  1.65348E+15 0.00128 
   47   47    1    1    1    1    1    1    1    1  2.21506E+15 0.00119 
   48   48    1    1    1    1    1    1    1    1  3.07914E+15 0.00102 
   49   49    1    1    1    1    1    1    1    1  2.67930E+15 0.00135 
   50   50    1    1    1    1    1    1    1    1  4.05901E+15 0.00131 
   51   51    1    1    1    1    1    1    1    1  3.18018E+15 0.00119 
   52   52    1    1    1    1    1    1    1    1  3.50872E+15 0.00125 
   53   53    1    1    1    1    1    1    1    1  2.54197E+15 0.00138 
   54   54    1    1    1    1    1    1    1    1  3.05697E+15 0.00129 
   55   55    1    1    1    1    1    1    1    1  2.21756E+15 0.00130 
   56   56    1    1    1    1    1    1    1    1  3.08722E+14 0.00176 
   57   57    1    1    1    1    1    1    1    1  4.23330E+15 0.00113 
   58   58    1    1    1    1    1    1    1    1  1.83744E+15 0.00112 
   59   59    1    1    1    1    1    1    1    1  2.02757E+15 0.00129 
   60   60    1    1    1    1    1    1    1    1  1.62998E+15 0.00151 
   61   61    1    1    1    1    1    1    1    1  1.63131E+15 0.00134 
   62   62    1    1    1    1    1    1    1    1  1.60041E+15 0.00123 
   63   63    1    1    1    1    1    1    1    1  1.33108E+15 0.00139 
   64   64    1    1    1    1    1    1    1    1  1.04024E+15 0.00155 
   65   65    1    1    1    1    1    1    1    1  1.00561E+15 0.00166 
   66   66    1    1    1    1    1    1    1    1  8.52498E+14 0.00157 
   67   67    1    1    1    1    1    1    1    1  7.07420E+14 0.00170 
   68   68    1    1    1    1    1    1    1    1  6.17668E+14 0.00187 
   69   69    1    1    1    1    1    1    1    1  7.57073E+14 0.00163 
   70   70    1    1    1    1    1    1    1    1  6.52032E+14 0.00160 
   71   71    1    1    1    1    1    1    1    1  1.23985E+15 0.00167 
   72   72    1    1    1    1    1    1    1    1  9.23418E+14 0.00189 
   73   73    1    1    1    1    1    1    1    1  7.25368E+14 0.00230 
   74   74    1    1    1    1    1    1    1    1  5.87171E+14 0.00220 
   75   75    1    1    1    1    1    1    1    1  4.75957E+14 0.00182 
   76   76    1    1    1    1    1    1    1    1  5.39644E+14 0.00200 
   77   77    1    1    1    1    1    1    1    1  4.16201E+14 0.00191 
   78   78    1    1    1    1    1    1    1    1  3.14217E+14 0.00226 
   79   79    1    1    1    1    1    1    1    1  3.24532E+14 0.00293 
   80   80    1    1    1    1    1    1    1    1  2.42692E+14 0.00179 
   81   81    1    1    1    1    1    1    1    1  1.87215E+14 0.00255 
   82   82    1    1    1    1    1    1    1    1  1.45275E+14 0.00203 
   83   83    1    1    1    1    1    1    1    1  1.35018E+14 0.00294 
   84   84    1    1    1    1    1    1    1    1  9.79013E+13 0.00357 
   85   85    1    1    1    1    1    1    1    1  7.05891E+13 0.00360 
   86   86    1    1    1    1    1    1    1    1  6.57088E+13 0.00374 
   87   87    1    1    1    1    1    1    1    1  4.07287E+13 0.00532 
   88   88    1    1    1    1    1    1    1    1  2.72423E+13 0.00626 
   89   89    1    1    1    1    1    1    1    1  1.58686E+13 0.01015 
   90   90    1    1    1    1    1    1    1    1  1.06729E+13 0.01104 
   91   91    1    1    1    1    1    1    1    1  5.22931E+12 0.01165 
   92   92    1    1    1    1    1    1    1    1  2.62483E+12 0.01615 
   93   93    1    1    1    1    1    1    1    1  1.16908E+12 0.02533 
   94   94    1    1    1    1    1    1    1    1  5.89947E+11 0.02932 
   95   95    1    1    1    1    1    1    1    1  2.98454E+11 0.04637 
   96   96    1    1    1    1    1    1    1    1  1.30329E+11 0.09046 
   97   97    1    1    1    1    1    1    1    1  6.77458E+10 0.11294 
   98   98    1    1    1    1    1    1    1    1  3.04279E+10 0.15919 
   99   99    1    1    1    1    1    1    1    1  2.06890E+10 0.24913 
  100  100    1    1    1    1    1    1    1    1  1.14744E+10 0.24156 
];


