
DETdpaspec = [
    1    1    1    1    1    1    1    1    1    1  0.00000E+00 0.00000 
    2    2    1    1    1    1    1    1    1    1  0.00000E+00 0.00000 
    3    3    1    1    1    1    1    1    1    1  0.00000E+00 0.00000 
    4    4    1    1    1    1    1    1    1    1  0.00000E+00 0.00000 
    5    5    1    1    1    1    1    1    1    1  0.00000E+00 0.00000 
    6    6    1    1    1    1    1    1    1    1  0.00000E+00 0.00000 
    7    7    1    1    1    1    1    1    1    1  6.93138E+07 0.74763 
    8    8    1    1    1    1    1    1    1    1  0.00000E+00 0.00000 
    9    9    1    1    1    1    1    1    1    1  0.00000E+00 0.00000 
   10   10    1    1    1    1    1    1    1    1  2.69902E+08 0.56901 
   11   11    1    1    1    1    1    1    1    1  6.14398E+07 1.00000 
   12   12    1    1    1    1    1    1    1    1  2.06365E+08 0.50171 
   13   13    1    1    1    1    1    1    1    1  1.29998E+09 0.67289 
   14   14    1    1    1    1    1    1    1    1  4.28455E+09 0.39601 
   15   15    1    1    1    1    1    1    1    1  5.75675E+09 0.25816 
   16   16    1    1    1    1    1    1    1    1  2.21561E+09 0.25782 
   17   17    1    1    1    1    1    1    1    1  6.56136E+09 0.16865 
   18   18    1    1    1    1    1    1    1    1  1.55296E+10 0.11350 
   19   19    1    1    1    1    1    1    1    1  2.01516E+10 0.10631 
   20   20    1    1    1    1    1    1    1    1  6.14683E+10 0.08677 
   21   21    1    1    1    1    1    1    1    1  4.69958E+10 0.08652 
   22   22    1    1    1    1    1    1    1    1  1.62380E+11 0.06499 
   23   23    1    1    1    1    1    1    1    1  2.25977E+11 0.03140 
   24   24    1    1    1    1    1    1    1    1  4.17940E+11 0.03156 
   25   25    1    1    1    1    1    1    1    1  6.28846E+11 0.03224 
   26   26    1    1    1    1    1    1    1    1  1.28871E+12 0.02174 
   27   27    1    1    1    1    1    1    1    1  2.45535E+12 0.02106 
   28   28    1    1    1    1    1    1    1    1  4.68472E+12 0.01396 
   29   29    1    1    1    1    1    1    1    1  5.42946E+12 0.00993 
   30   30    1    1    1    1    1    1    1    1  1.28434E+13 0.00900 
   31   31    1    1    1    1    1    1    1    1  2.65096E+13 0.00710 
   32   32    1    1    1    1    1    1    1    1  3.44491E+13 0.00852 
   33   33    1    1    1    1    1    1    1    1  6.21368E+13 0.00762 
   34   34    1    1    1    1    1    1    1    1  6.23802E+13 0.00750 
   35   35    1    1    1    1    1    1    1    1  8.97373E+13 0.00748 
   36   36    1    1    1    1    1    1    1    1  7.60745E+13 0.00737 
   37   37    1    1    1    1    1    1    1    1  2.41740E+13 0.00787 
   38   38    1    1    1    1    1    1    1    1  1.04600E+14 0.00736 
   39   39    1    1    1    1    1    1    1    1  1.19463E+14 0.00727 
   40   40    1    1    1    1    1    1    1    1  1.89955E+14 0.00771 
   41   41    1    1    1    1    1    1    1    1  1.78456E+14 0.00729 
   42   42    1    1    1    1    1    1    1    1  2.92125E+14 0.00678 
   43   43    1    1    1    1    1    1    1    1  3.01283E+14 0.00713 
   44   44    1    1    1    1    1    1    1    1  3.69390E+14 0.00717 
   45   45    1    1    1    1    1    1    1    1  5.98731E+14 0.00777 
   46   46    1    1    1    1    1    1    1    1  3.34080E+14 0.00776 
   47   47    1    1    1    1    1    1    1    1  4.49227E+14 0.00741 
   48   48    1    1    1    1    1    1    1    1  6.17454E+14 0.00759 
   49   49    1    1    1    1    1    1    1    1  5.37242E+14 0.00756 
   50   50    1    1    1    1    1    1    1    1  8.00067E+14 0.00772 
   51   51    1    1    1    1    1    1    1    1  6.28185E+14 0.00770 
   52   52    1    1    1    1    1    1    1    1  6.84530E+14 0.00754 
   53   53    1    1    1    1    1    1    1    1  4.95086E+14 0.00761 
   54   54    1    1    1    1    1    1    1    1  5.86901E+14 0.00778 
   55   55    1    1    1    1    1    1    1    1  4.25472E+14 0.00787 
   56   56    1    1    1    1    1    1    1    1  5.93582E+13 0.00853 
   57   57    1    1    1    1    1    1    1    1  8.10106E+14 0.00796 
   58   58    1    1    1    1    1    1    1    1  3.45538E+14 0.00774 
   59   59    1    1    1    1    1    1    1    1  3.81967E+14 0.00788 
   60   60    1    1    1    1    1    1    1    1  3.03354E+14 0.00798 
   61   61    1    1    1    1    1    1    1    1  3.02777E+14 0.00815 
   62   62    1    1    1    1    1    1    1    1  2.95916E+14 0.00822 
   63   63    1    1    1    1    1    1    1    1  2.44813E+14 0.00841 
   64   64    1    1    1    1    1    1    1    1  1.90309E+14 0.00895 
   65   65    1    1    1    1    1    1    1    1  1.84345E+14 0.00939 
   66   66    1    1    1    1    1    1    1    1  1.55624E+14 0.00863 
   67   67    1    1    1    1    1    1    1    1  1.28652E+14 0.00878 
   68   68    1    1    1    1    1    1    1    1  1.12375E+14 0.00845 
   69   69    1    1    1    1    1    1    1    1  1.37392E+14 0.00986 
   70   70    1    1    1    1    1    1    1    1  1.17725E+14 0.00937 
   71   71    1    1    1    1    1    1    1    1  2.28319E+14 0.00892 
   72   72    1    1    1    1    1    1    1    1  1.67762E+14 0.00895 
   73   73    1    1    1    1    1    1    1    1  1.31870E+14 0.00859 
   74   74    1    1    1    1    1    1    1    1  1.06057E+14 0.00976 
   75   75    1    1    1    1    1    1    1    1  8.50529E+13 0.00912 
   76   76    1    1    1    1    1    1    1    1  9.56832E+13 0.00936 
   77   77    1    1    1    1    1    1    1    1  7.33779E+13 0.00857 
   78   78    1    1    1    1    1    1    1    1  5.49690E+13 0.00793 
   79   79    1    1    1    1    1    1    1    1  5.58690E+13 0.00918 
   80   80    1    1    1    1    1    1    1    1  4.18463E+13 0.00938 
   81   81    1    1    1    1    1    1    1    1  3.22766E+13 0.01138 
   82   82    1    1    1    1    1    1    1    1  2.50103E+13 0.00974 
   83   83    1    1    1    1    1    1    1    1  2.32242E+13 0.01025 
   84   84    1    1    1    1    1    1    1    1  1.68584E+13 0.01074 
   85   85    1    1    1    1    1    1    1    1  1.20948E+13 0.01402 
   86   86    1    1    1    1    1    1    1    1  1.12303E+13 0.01188 
   87   87    1    1    1    1    1    1    1    1  6.96062E+12 0.01219 
   88   88    1    1    1    1    1    1    1    1  4.77644E+12 0.01776 
   89   89    1    1    1    1    1    1    1    1  2.74617E+12 0.02035 
   90   90    1    1    1    1    1    1    1    1  1.86550E+12 0.02652 
   91   91    1    1    1    1    1    1    1    1  8.86603E+11 0.02903 
   92   92    1    1    1    1    1    1    1    1  4.39423E+11 0.05945 
   93   93    1    1    1    1    1    1    1    1  2.18695E+11 0.07447 
   94   94    1    1    1    1    1    1    1    1  9.65831E+10 0.10746 
   95   95    1    1    1    1    1    1    1    1  5.39236E+10 0.09249 
   96   96    1    1    1    1    1    1    1    1  2.42635E+10 0.17990 
   97   97    1    1    1    1    1    1    1    1  1.06432E+10 0.35366 
   98   98    1    1    1    1    1    1    1    1  5.53735E+09 0.41894 
   99   99    1    1    1    1    1    1    1    1  7.35202E+09 0.48309 
  100  100    1    1    1    1    1    1    1    1  3.94591E+09 0.54501 
];


