
DETdpaspec = [
    1    1    1    1    1    1    1    1    1    1  0.00000E+00 0.00000 
    2    2    1    1    1    1    1    1    1    1  0.00000E+00 0.00000 
    3    3    1    1    1    1    1    1    1    1  0.00000E+00 0.00000 
    4    4    1    1    1    1    1    1    1    1  1.15528E+07 1.00000 
    5    5    1    1    1    1    1    1    1    1  1.22408E+07 1.00000 
    6    6    1    1    1    1    1    1    1    1  1.20211E+07 1.00000 
    7    7    1    1    1    1    1    1    1    1  0.00000E+00 0.00000 
    8    8    1    1    1    1    1    1    1    1  0.00000E+00 0.00000 
    9    9    1    1    1    1    1    1    1    1  2.37180E+07 1.00000 
   10   10    1    1    1    1    1    1    1    1  1.61354E+08 0.69208 
   11   11    1    1    1    1    1    1    1    1  7.04795E+07 1.00000 
   12   12    1    1    1    1    1    1    1    1  2.35265E+07 0.76500 
   13   13    1    1    1    1    1    1    1    1  2.29013E+09 0.31424 
   14   14    1    1    1    1    1    1    1    1  3.76344E+09 0.35972 
   15   15    1    1    1    1    1    1    1    1  9.69633E+09 0.32129 
   16   16    1    1    1    1    1    1    1    1  3.71268E+09 0.26344 
   17   17    1    1    1    1    1    1    1    1  5.40074E+09 0.22886 
   18   18    1    1    1    1    1    1    1    1  2.00929E+10 0.16885 
   19   19    1    1    1    1    1    1    1    1  2.25652E+10 0.13889 
   20   20    1    1    1    1    1    1    1    1  6.57073E+10 0.11100 
   21   21    1    1    1    1    1    1    1    1  4.97077E+10 0.10605 
   22   22    1    1    1    1    1    1    1    1  1.48204E+11 0.06596 
   23   23    1    1    1    1    1    1    1    1  2.29598E+11 0.04736 
   24   24    1    1    1    1    1    1    1    1  4.41602E+11 0.04096 
   25   25    1    1    1    1    1    1    1    1  6.33100E+11 0.03944 
   26   26    1    1    1    1    1    1    1    1  1.24191E+12 0.02417 
   27   27    1    1    1    1    1    1    1    1  2.33865E+12 0.01502 
   28   28    1    1    1    1    1    1    1    1  4.46405E+12 0.01264 
   29   29    1    1    1    1    1    1    1    1  5.39761E+12 0.01087 
   30   30    1    1    1    1    1    1    1    1  1.25954E+13 0.01201 
   31   31    1    1    1    1    1    1    1    1  2.58580E+13 0.01121 
   32   32    1    1    1    1    1    1    1    1  3.39863E+13 0.01092 
   33   33    1    1    1    1    1    1    1    1  6.06952E+13 0.01111 
   34   34    1    1    1    1    1    1    1    1  6.14840E+13 0.00888 
   35   35    1    1    1    1    1    1    1    1  8.79160E+13 0.00988 
   36   36    1    1    1    1    1    1    1    1  7.46922E+13 0.01143 
   37   37    1    1    1    1    1    1    1    1  2.36806E+13 0.01023 
   38   38    1    1    1    1    1    1    1    1  1.02910E+14 0.01094 
   39   39    1    1    1    1    1    1    1    1  1.17837E+14 0.01076 
   40   40    1    1    1    1    1    1    1    1  1.87675E+14 0.01047 
   41   41    1    1    1    1    1    1    1    1  1.76153E+14 0.01062 
   42   42    1    1    1    1    1    1    1    1  2.88184E+14 0.01114 
   43   43    1    1    1    1    1    1    1    1  2.96550E+14 0.01075 
   44   44    1    1    1    1    1    1    1    1  3.65242E+14 0.01156 
   45   45    1    1    1    1    1    1    1    1  5.93271E+14 0.01160 
   46   46    1    1    1    1    1    1    1    1  3.31434E+14 0.01118 
   47   47    1    1    1    1    1    1    1    1  4.44118E+14 0.01113 
   48   48    1    1    1    1    1    1    1    1  6.09293E+14 0.01138 
   49   49    1    1    1    1    1    1    1    1  5.32229E+14 0.01161 
   50   50    1    1    1    1    1    1    1    1  7.91838E+14 0.01201 
   51   51    1    1    1    1    1    1    1    1  6.22285E+14 0.01163 
   52   52    1    1    1    1    1    1    1    1  6.75217E+14 0.01169 
   53   53    1    1    1    1    1    1    1    1  4.89414E+14 0.01202 
   54   54    1    1    1    1    1    1    1    1  5.83946E+14 0.01207 
   55   55    1    1    1    1    1    1    1    1  4.21265E+14 0.01239 
   56   56    1    1    1    1    1    1    1    1  5.87687E+13 0.01159 
   57   57    1    1    1    1    1    1    1    1  7.99098E+14 0.01200 
   58   58    1    1    1    1    1    1    1    1  3.41690E+14 0.01239 
   59   59    1    1    1    1    1    1    1    1  3.77310E+14 0.01267 
   60   60    1    1    1    1    1    1    1    1  2.99754E+14 0.01322 
   61   61    1    1    1    1    1    1    1    1  2.99225E+14 0.01272 
   62   62    1    1    1    1    1    1    1    1  2.92347E+14 0.01231 
   63   63    1    1    1    1    1    1    1    1  2.41605E+14 0.01297 
   64   64    1    1    1    1    1    1    1    1  1.87471E+14 0.01295 
   65   65    1    1    1    1    1    1    1    1  1.81680E+14 0.01313 
   66   66    1    1    1    1    1    1    1    1  1.53527E+14 0.01372 
   67   67    1    1    1    1    1    1    1    1  1.27324E+14 0.01266 
   68   68    1    1    1    1    1    1    1    1  1.11232E+14 0.01382 
   69   69    1    1    1    1    1    1    1    1  1.35974E+14 0.01317 
   70   70    1    1    1    1    1    1    1    1  1.17223E+14 0.01364 
   71   71    1    1    1    1    1    1    1    1  2.24110E+14 0.01397 
   72   72    1    1    1    1    1    1    1    1  1.67139E+14 0.01483 
   73   73    1    1    1    1    1    1    1    1  1.31171E+14 0.01447 
   74   74    1    1    1    1    1    1    1    1  1.04504E+14 0.01439 
   75   75    1    1    1    1    1    1    1    1  8.42750E+13 0.01493 
   76   76    1    1    1    1    1    1    1    1  9.43774E+13 0.01414 
   77   77    1    1    1    1    1    1    1    1  7.20969E+13 0.01436 
   78   78    1    1    1    1    1    1    1    1  5.44130E+13 0.01459 
   79   79    1    1    1    1    1    1    1    1  5.57386E+13 0.01517 
   80   80    1    1    1    1    1    1    1    1  4.08828E+13 0.01368 
   81   81    1    1    1    1    1    1    1    1  3.15130E+13 0.01543 
   82   82    1    1    1    1    1    1    1    1  2.45782E+13 0.01390 
   83   83    1    1    1    1    1    1    1    1  2.28075E+13 0.01200 
   84   84    1    1    1    1    1    1    1    1  1.66938E+13 0.01678 
   85   85    1    1    1    1    1    1    1    1  1.18908E+13 0.01541 
   86   86    1    1    1    1    1    1    1    1  1.10435E+13 0.01923 
   87   87    1    1    1    1    1    1    1    1  6.85754E+12 0.01972 
   88   88    1    1    1    1    1    1    1    1  4.77733E+12 0.01851 
   89   89    1    1    1    1    1    1    1    1  2.70066E+12 0.02608 
   90   90    1    1    1    1    1    1    1    1  1.77120E+12 0.02635 
   91   91    1    1    1    1    1    1    1    1  9.63795E+11 0.03797 
   92   92    1    1    1    1    1    1    1    1  4.71592E+11 0.05043 
   93   93    1    1    1    1    1    1    1    1  2.30361E+11 0.05921 
   94   94    1    1    1    1    1    1    1    1  1.11062E+11 0.07249 
   95   95    1    1    1    1    1    1    1    1  5.10838E+10 0.12231 
   96   96    1    1    1    1    1    1    1    1  2.37164E+10 0.20136 
   97   97    1    1    1    1    1    1    1    1  1.31660E+10 0.29359 
   98   98    1    1    1    1    1    1    1    1  8.65641E+09 0.34185 
   99   99    1    1    1    1    1    1    1    1  3.44518E+09 0.38029 
  100  100    1    1    1    1    1    1    1    1  2.61060E+09 0.48767 
];


