
DETdpaspec = [
    1    1    1    1    1    1    1    1    1    1  0.00000E+00 0.00000 
    2    2    1    1    1    1    1    1    1    1  0.00000E+00 0.00000 
    3    3    1    1    1    1    1    1    1    1  0.00000E+00 0.00000 
    4    4    1    1    1    1    1    1    1    1  0.00000E+00 0.00000 
    5    5    1    1    1    1    1    1    1    1  0.00000E+00 0.00000 
    6    6    1    1    1    1    1    1    1    1  2.79745E+07 0.68938 
    7    7    1    1    1    1    1    1    1    1  0.00000E+00 0.00000 
    8    8    1    1    1    1    1    1    1    1  5.19869E+07 1.00000 
    9    9    1    1    1    1    1    1    1    1  3.46560E+07 0.70423 
   10   10    1    1    1    1    1    1    1    1  1.38589E+08 1.00000 
   11   11    1    1    1    1    1    1    1    1  5.27223E+08 0.34479 
   12   12    1    1    1    1    1    1    1    1  1.36258E+08 0.42527 
   13   13    1    1    1    1    1    1    1    1  2.49093E+09 0.34559 
   14   14    1    1    1    1    1    1    1    1  6.02443E+09 0.32557 
   15   15    1    1    1    1    1    1    1    1  1.13719E+10 0.20410 
   16   16    1    1    1    1    1    1    1    1  4.94266E+09 0.25437 
   17   17    1    1    1    1    1    1    1    1  7.13746E+09 0.18719 
   18   18    1    1    1    1    1    1    1    1  1.62657E+10 0.16267 
   19   19    1    1    1    1    1    1    1    1  2.67941E+10 0.11479 
   20   20    1    1    1    1    1    1    1    1  7.18274E+10 0.09485 
   21   21    1    1    1    1    1    1    1    1  6.36413E+10 0.06417 
   22   22    1    1    1    1    1    1    1    1  2.10115E+11 0.07016 
   23   23    1    1    1    1    1    1    1    1  2.87020E+11 0.04497 
   24   24    1    1    1    1    1    1    1    1  5.12595E+11 0.03849 
   25   25    1    1    1    1    1    1    1    1  7.85309E+11 0.02337 
   26   26    1    1    1    1    1    1    1    1  1.54230E+12 0.02691 
   27   27    1    1    1    1    1    1    1    1  2.93272E+12 0.01958 
   28   28    1    1    1    1    1    1    1    1  5.33210E+12 0.01541 
   29   29    1    1    1    1    1    1    1    1  6.33503E+12 0.01433 
   30   30    1    1    1    1    1    1    1    1  1.51202E+13 0.01125 
   31   31    1    1    1    1    1    1    1    1  3.04052E+13 0.01027 
   32   32    1    1    1    1    1    1    1    1  3.96295E+13 0.01032 
   33   33    1    1    1    1    1    1    1    1  7.10404E+13 0.00986 
   34   34    1    1    1    1    1    1    1    1  7.16629E+13 0.00955 
   35   35    1    1    1    1    1    1    1    1  1.02159E+14 0.01020 
   36   36    1    1    1    1    1    1    1    1  8.73778E+13 0.00985 
   37   37    1    1    1    1    1    1    1    1  2.77505E+13 0.01049 
   38   38    1    1    1    1    1    1    1    1  1.19549E+14 0.01038 
   39   39    1    1    1    1    1    1    1    1  1.36490E+14 0.00976 
   40   40    1    1    1    1    1    1    1    1  2.17116E+14 0.01041 
   41   41    1    1    1    1    1    1    1    1  2.04420E+14 0.01017 
   42   42    1    1    1    1    1    1    1    1  3.33092E+14 0.01007 
   43   43    1    1    1    1    1    1    1    1  3.43287E+14 0.01013 
   44   44    1    1    1    1    1    1    1    1  4.21300E+14 0.00968 
   45   45    1    1    1    1    1    1    1    1  6.85178E+14 0.00970 
   46   46    1    1    1    1    1    1    1    1  3.83780E+14 0.00940 
   47   47    1    1    1    1    1    1    1    1  5.15496E+14 0.00946 
   48   48    1    1    1    1    1    1    1    1  7.08866E+14 0.00926 
   49   49    1    1    1    1    1    1    1    1  6.19681E+14 0.01003 
   50   50    1    1    1    1    1    1    1    1  9.27412E+14 0.01002 
   51   51    1    1    1    1    1    1    1    1  7.27559E+14 0.01014 
   52   52    1    1    1    1    1    1    1    1  7.93933E+14 0.01023 
   53   53    1    1    1    1    1    1    1    1  5.74116E+14 0.01069 
   54   54    1    1    1    1    1    1    1    1  6.84621E+14 0.01051 
   55   55    1    1    1    1    1    1    1    1  4.95725E+14 0.01102 
   56   56    1    1    1    1    1    1    1    1  6.92361E+13 0.01149 
   57   57    1    1    1    1    1    1    1    1  9.46147E+14 0.01068 
   58   58    1    1    1    1    1    1    1    1  4.03683E+14 0.01082 
   59   59    1    1    1    1    1    1    1    1  4.46494E+14 0.01095 
   60   60    1    1    1    1    1    1    1    1  3.55336E+14 0.01122 
   61   61    1    1    1    1    1    1    1    1  3.55729E+14 0.01089 
   62   62    1    1    1    1    1    1    1    1  3.49395E+14 0.01114 
   63   63    1    1    1    1    1    1    1    1  2.87725E+14 0.01142 
   64   64    1    1    1    1    1    1    1    1  2.24588E+14 0.01093 
   65   65    1    1    1    1    1    1    1    1  2.17170E+14 0.01101 
   66   66    1    1    1    1    1    1    1    1  1.82938E+14 0.01151 
   67   67    1    1    1    1    1    1    1    1  1.52258E+14 0.01110 
   68   68    1    1    1    1    1    1    1    1  1.33703E+14 0.01104 
   69   69    1    1    1    1    1    1    1    1  1.62722E+14 0.01049 
   70   70    1    1    1    1    1    1    1    1  1.39996E+14 0.01060 
   71   71    1    1    1    1    1    1    1    1  2.68992E+14 0.01084 
   72   72    1    1    1    1    1    1    1    1  2.00676E+14 0.01147 
   73   73    1    1    1    1    1    1    1    1  1.57131E+14 0.01064 
   74   74    1    1    1    1    1    1    1    1  1.25471E+14 0.01090 
   75   75    1    1    1    1    1    1    1    1  1.01547E+14 0.01060 
   76   76    1    1    1    1    1    1    1    1  1.13878E+14 0.01042 
   77   77    1    1    1    1    1    1    1    1  8.66311E+13 0.01206 
   78   78    1    1    1    1    1    1    1    1  6.49313E+13 0.01233 
   79   79    1    1    1    1    1    1    1    1  6.64582E+13 0.01077 
   80   80    1    1    1    1    1    1    1    1  4.95444E+13 0.01315 
   81   81    1    1    1    1    1    1    1    1  3.81698E+13 0.01049 
   82   82    1    1    1    1    1    1    1    1  2.93467E+13 0.01182 
   83   83    1    1    1    1    1    1    1    1  2.75313E+13 0.00968 
   84   84    1    1    1    1    1    1    1    1  1.97179E+13 0.01014 
   85   85    1    1    1    1    1    1    1    1  1.42940E+13 0.01251 
   86   86    1    1    1    1    1    1    1    1  1.32041E+13 0.01494 
   87   87    1    1    1    1    1    1    1    1  8.27351E+12 0.01432 
   88   88    1    1    1    1    1    1    1    1  5.62558E+12 0.01386 
   89   89    1    1    1    1    1    1    1    1  3.25419E+12 0.01972 
   90   90    1    1    1    1    1    1    1    1  2.20741E+12 0.02448 
   91   91    1    1    1    1    1    1    1    1  1.14193E+12 0.03082 
   92   92    1    1    1    1    1    1    1    1  5.27998E+11 0.04493 
   93   93    1    1    1    1    1    1    1    1  2.57562E+11 0.06059 
   94   94    1    1    1    1    1    1    1    1  1.22983E+11 0.07552 
   95   95    1    1    1    1    1    1    1    1  6.58687E+10 0.10881 
   96   96    1    1    1    1    1    1    1    1  2.60655E+10 0.15446 
   97   97    1    1    1    1    1    1    1    1  1.65762E+10 0.29228 
   98   98    1    1    1    1    1    1    1    1  6.01979E+09 0.25524 
   99   99    1    1    1    1    1    1    1    1  1.79413E+09 0.68825 
  100  100    1    1    1    1    1    1    1    1  2.18882E+09 0.57229 
];


