
DETdpaspec = [
    1    1    1    1    1    1    1    1    1    1  0.00000E+00 0.00000 
    2    2    1    1    1    1    1    1    1    1  0.00000E+00 0.00000 
    3    3    1    1    1    1    1    1    1    1  5.75480E+06 1.00000 
    4    4    1    1    1    1    1    1    1    1  2.75766E+07 0.55028 
    5    5    1    1    1    1    1    1    1    1  2.09784E+07 0.68826 
    6    6    1    1    1    1    1    1    1    1  6.25062E+07 0.42027 
    7    7    1    1    1    1    1    1    1    1  1.05432E+08 0.44616 
    8    8    1    1    1    1    1    1    1    1  3.20471E+08 0.32219 
    9    9    1    1    1    1    1    1    1    1  4.96761E+08 0.18750 
   10   10    1    1    1    1    1    1    1    1  1.47550E+09 0.23629 
   11   11    1    1    1    1    1    1    1    1  2.25720E+09 0.27412 
   12   12    1    1    1    1    1    1    1    1  1.16324E+09 0.20652 
   13   13    1    1    1    1    1    1    1    1  1.85259E+10 0.12765 
   14   14    1    1    1    1    1    1    1    1  2.45987E+10 0.12335 
   15   15    1    1    1    1    1    1    1    1  5.75211E+10 0.10255 
   16   16    1    1    1    1    1    1    1    1  2.31743E+10 0.07617 
   17   17    1    1    1    1    1    1    1    1  4.51826E+10 0.08126 
   18   18    1    1    1    1    1    1    1    1  1.39583E+11 0.04227 
   19   19    1    1    1    1    1    1    1    1  1.75789E+11 0.05644 
   20   20    1    1    1    1    1    1    1    1  4.93741E+11 0.04798 
   21   21    1    1    1    1    1    1    1    1  4.23712E+11 0.03137 
   22   22    1    1    1    1    1    1    1    1  1.19891E+12 0.02514 
   23   23    1    1    1    1    1    1    1    1  1.66264E+12 0.01845 
   24   24    1    1    1    1    1    1    1    1  2.69022E+12 0.01532 
   25   25    1    1    1    1    1    1    1    1  3.80043E+12 0.01724 
   26   26    1    1    1    1    1    1    1    1  6.55982E+12 0.01340 
   27   27    1    1    1    1    1    1    1    1  1.17896E+13 0.01281 
   28   28    1    1    1    1    1    1    1    1  1.91913E+13 0.01008 
   29   29    1    1    1    1    1    1    1    1  2.02787E+13 0.00873 
   30   30    1    1    1    1    1    1    1    1  4.90454E+13 0.00833 
   31   31    1    1    1    1    1    1    1    1  9.33675E+13 0.00896 
   32   32    1    1    1    1    1    1    1    1  1.17914E+14 0.00853 
   33   33    1    1    1    1    1    1    1    1  2.03767E+14 0.00814 
   34   34    1    1    1    1    1    1    1    1  1.96674E+14 0.00900 
   35   35    1    1    1    1    1    1    1    1  2.85853E+14 0.00846 
   36   36    1    1    1    1    1    1    1    1  2.40702E+14 0.00827 
   37   37    1    1    1    1    1    1    1    1  7.61350E+13 0.00810 
   38   38    1    1    1    1    1    1    1    1  3.17198E+14 0.00819 
   39   39    1    1    1    1    1    1    1    1  3.58166E+14 0.00872 
   40   40    1    1    1    1    1    1    1    1  5.55764E+14 0.00823 
   41   41    1    1    1    1    1    1    1    1  5.22891E+14 0.00808 
   42   42    1    1    1    1    1    1    1    1  8.33388E+14 0.00808 
   43   43    1    1    1    1    1    1    1    1  8.52122E+14 0.00820 
   44   44    1    1    1    1    1    1    1    1  1.04093E+15 0.00829 
   45   45    1    1    1    1    1    1    1    1  1.68547E+15 0.00845 
   46   46    1    1    1    1    1    1    1    1  9.44984E+14 0.00838 
   47   47    1    1    1    1    1    1    1    1  1.27105E+15 0.00836 
   48   48    1    1    1    1    1    1    1    1  1.74590E+15 0.00874 
   49   49    1    1    1    1    1    1    1    1  1.53866E+15 0.00859 
   50   50    1    1    1    1    1    1    1    1  2.29236E+15 0.00854 
   51   51    1    1    1    1    1    1    1    1  1.82310E+15 0.00875 
   52   52    1    1    1    1    1    1    1    1  1.98516E+15 0.00825 
   53   53    1    1    1    1    1    1    1    1  1.45474E+15 0.00835 
   54   54    1    1    1    1    1    1    1    1  1.72524E+15 0.00832 
   55   55    1    1    1    1    1    1    1    1  1.26185E+15 0.00869 
   56   56    1    1    1    1    1    1    1    1  1.77302E+14 0.00880 
   57   57    1    1    1    1    1    1    1    1  2.41809E+15 0.00851 
   58   58    1    1    1    1    1    1    1    1  1.03052E+15 0.00883 
   59   59    1    1    1    1    1    1    1    1  1.15184E+15 0.00855 
   60   60    1    1    1    1    1    1    1    1  9.13422E+14 0.00839 
   61   61    1    1    1    1    1    1    1    1  9.16634E+14 0.00852 
   62   62    1    1    1    1    1    1    1    1  8.96332E+14 0.00857 
   63   63    1    1    1    1    1    1    1    1  7.42903E+14 0.00842 
   64   64    1    1    1    1    1    1    1    1  5.79249E+14 0.00856 
   65   65    1    1    1    1    1    1    1    1  5.64772E+14 0.00845 
   66   66    1    1    1    1    1    1    1    1  4.76061E+14 0.00885 
   67   67    1    1    1    1    1    1    1    1  3.97130E+14 0.00909 
   68   68    1    1    1    1    1    1    1    1  3.47556E+14 0.00868 
   69   69    1    1    1    1    1    1    1    1  4.24041E+14 0.00870 
   70   70    1    1    1    1    1    1    1    1  3.66095E+14 0.00916 
   71   71    1    1    1    1    1    1    1    1  7.11159E+14 0.00881 
   72   72    1    1    1    1    1    1    1    1  5.34302E+14 0.00926 
   73   73    1    1    1    1    1    1    1    1  4.19202E+14 0.00978 
   74   74    1    1    1    1    1    1    1    1  3.32712E+14 0.00811 
   75   75    1    1    1    1    1    1    1    1  2.67240E+14 0.00813 
   76   76    1    1    1    1    1    1    1    1  2.97964E+14 0.00930 
   77   77    1    1    1    1    1    1    1    1  2.25864E+14 0.00882 
   78   78    1    1    1    1    1    1    1    1  1.69534E+14 0.00872 
   79   79    1    1    1    1    1    1    1    1  1.72618E+14 0.00969 
   80   80    1    1    1    1    1    1    1    1  1.28653E+14 0.00898 
   81   81    1    1    1    1    1    1    1    1  9.83636E+13 0.00792 
   82   82    1    1    1    1    1    1    1    1  7.57565E+13 0.00876 
   83   83    1    1    1    1    1    1    1    1  7.08329E+13 0.00935 
   84   84    1    1    1    1    1    1    1    1  5.07344E+13 0.01043 
   85   85    1    1    1    1    1    1    1    1  3.62803E+13 0.01049 
   86   86    1    1    1    1    1    1    1    1  3.41412E+13 0.01085 
   87   87    1    1    1    1    1    1    1    1  2.13422E+13 0.01038 
   88   88    1    1    1    1    1    1    1    1  1.45575E+13 0.01236 
   89   89    1    1    1    1    1    1    1    1  8.23320E+12 0.01222 
   90   90    1    1    1    1    1    1    1    1  5.64214E+12 0.01744 
   91   91    1    1    1    1    1    1    1    1  2.95224E+12 0.02297 
   92   92    1    1    1    1    1    1    1    1  1.42947E+12 0.02415 
   93   93    1    1    1    1    1    1    1    1  6.92368E+11 0.04741 
   94   94    1    1    1    1    1    1    1    1  3.26625E+11 0.06106 
   95   95    1    1    1    1    1    1    1    1  1.67563E+11 0.07509 
   96   96    1    1    1    1    1    1    1    1  7.21565E+10 0.09900 
   97   97    1    1    1    1    1    1    1    1  3.54930E+10 0.13447 
   98   98    1    1    1    1    1    1    1    1  2.09438E+10 0.18366 
   99   99    1    1    1    1    1    1    1    1  9.78740E+09 0.27713 
  100  100    1    1    1    1    1    1    1    1  7.13415E+09 0.35607 
];


