
DETdpaspec = [
    1    1    1    1    1    1    1    1    1    1  0.00000E+00 0.00000 
    2    2    1    1    1    1    1    1    1    1  0.00000E+00 0.00000 
    3    3    1    1    1    1    1    1    1    1  0.00000E+00 0.00000 
    4    4    1    1    1    1    1    1    1    1  1.14524E+07 1.00000 
    5    5    1    1    1    1    1    1    1    1  1.24112E+07 1.00000 
    6    6    1    1    1    1    1    1    1    1  1.28837E+07 1.00000 
    7    7    1    1    1    1    1    1    1    1  0.00000E+00 0.00000 
    8    8    1    1    1    1    1    1    1    1  2.59100E+07 1.00000 
    9    9    1    1    1    1    1    1    1    1  3.45814E+07 0.71536 
   10   10    1    1    1    1    1    1    1    1  2.21107E+08 0.61577 
   11   11    1    1    1    1    1    1    1    1  5.81623E+08 0.41169 
   12   12    1    1    1    1    1    1    1    1  2.27747E+08 0.56996 
   13   13    1    1    1    1    1    1    1    1  2.32443E+09 0.36905 
   14   14    1    1    1    1    1    1    1    1  4.70754E+09 0.21244 
   15   15    1    1    1    1    1    1    1    1  6.70461E+09 0.24255 
   16   16    1    1    1    1    1    1    1    1  3.05194E+09 0.26105 
   17   17    1    1    1    1    1    1    1    1  7.38177E+09 0.23963 
   18   18    1    1    1    1    1    1    1    1  2.35382E+10 0.14717 
   19   19    1    1    1    1    1    1    1    1  2.51426E+10 0.11498 
   20   20    1    1    1    1    1    1    1    1  7.31696E+10 0.09734 
   21   21    1    1    1    1    1    1    1    1  5.84457E+10 0.07712 
   22   22    1    1    1    1    1    1    1    1  1.81515E+11 0.06925 
   23   23    1    1    1    1    1    1    1    1  2.81661E+11 0.04257 
   24   24    1    1    1    1    1    1    1    1  5.50253E+11 0.03102 
   25   25    1    1    1    1    1    1    1    1  8.28553E+11 0.03277 
   26   26    1    1    1    1    1    1    1    1  1.77194E+12 0.01653 
   27   27    1    1    1    1    1    1    1    1  3.46006E+12 0.01513 
   28   28    1    1    1    1    1    1    1    1  6.87270E+12 0.00901 
   29   29    1    1    1    1    1    1    1    1  8.38559E+12 0.01004 
   30   30    1    1    1    1    1    1    1    1  1.98482E+13 0.00684 
   31   31    1    1    1    1    1    1    1    1  4.09373E+13 0.00579 
   32   32    1    1    1    1    1    1    1    1  5.39117E+13 0.00474 
   33   33    1    1    1    1    1    1    1    1  9.75493E+13 0.00371 
   34   34    1    1    1    1    1    1    1    1  9.93003E+13 0.00474 
   35   35    1    1    1    1    1    1    1    1  1.41325E+14 0.00426 
   36   36    1    1    1    1    1    1    1    1  1.20268E+14 0.00363 
   37   37    1    1    1    1    1    1    1    1  3.83066E+13 0.00472 
   38   38    1    1    1    1    1    1    1    1  1.66367E+14 0.00367 
   39   39    1    1    1    1    1    1    1    1  1.90788E+14 0.00391 
   40   40    1    1    1    1    1    1    1    1  3.05491E+14 0.00377 
   41   41    1    1    1    1    1    1    1    1  2.86853E+14 0.00382 
   42   42    1    1    1    1    1    1    1    1  4.71946E+14 0.00352 
   43   43    1    1    1    1    1    1    1    1  4.85441E+14 0.00364 
   44   44    1    1    1    1    1    1    1    1  5.96804E+14 0.00349 
   45   45    1    1    1    1    1    1    1    1  9.74595E+14 0.00368 
   46   46    1    1    1    1    1    1    1    1  5.43663E+14 0.00388 
   47   47    1    1    1    1    1    1    1    1  7.30118E+14 0.00390 
   48   48    1    1    1    1    1    1    1    1  1.00433E+15 0.00387 
   49   49    1    1    1    1    1    1    1    1  8.74028E+14 0.00393 
   50   50    1    1    1    1    1    1    1    1  1.30652E+15 0.00347 
   51   51    1    1    1    1    1    1    1    1  1.02249E+15 0.00433 
   52   52    1    1    1    1    1    1    1    1  1.11384E+15 0.00388 
   53   53    1    1    1    1    1    1    1    1  8.03302E+14 0.00412 
   54   54    1    1    1    1    1    1    1    1  9.56288E+14 0.00389 
   55   55    1    1    1    1    1    1    1    1  6.92837E+14 0.00400 
   56   56    1    1    1    1    1    1    1    1  9.63692E+13 0.00420 
   57   57    1    1    1    1    1    1    1    1  1.31901E+15 0.00402 
   58   58    1    1    1    1    1    1    1    1  5.63571E+14 0.00377 
   59   59    1    1    1    1    1    1    1    1  6.21209E+14 0.00394 
   60   60    1    1    1    1    1    1    1    1  4.94309E+14 0.00381 
   61   61    1    1    1    1    1    1    1    1  4.94000E+14 0.00391 
   62   62    1    1    1    1    1    1    1    1  4.83503E+14 0.00378 
   63   63    1    1    1    1    1    1    1    1  3.99570E+14 0.00397 
   64   64    1    1    1    1    1    1    1    1  3.10543E+14 0.00402 
   65   65    1    1    1    1    1    1    1    1  2.99723E+14 0.00429 
   66   66    1    1    1    1    1    1    1    1  2.52139E+14 0.00387 
   67   67    1    1    1    1    1    1    1    1  2.09613E+14 0.00388 
   68   68    1    1    1    1    1    1    1    1  1.83442E+14 0.00334 
   69   69    1    1    1    1    1    1    1    1  2.24048E+14 0.00388 
   70   70    1    1    1    1    1    1    1    1  1.93280E+14 0.00474 
   71   71    1    1    1    1    1    1    1    1  3.69530E+14 0.00438 
   72   72    1    1    1    1    1    1    1    1  2.74822E+14 0.00446 
   73   73    1    1    1    1    1    1    1    1  2.14673E+14 0.00529 
   74   74    1    1    1    1    1    1    1    1  1.72632E+14 0.00408 
   75   75    1    1    1    1    1    1    1    1  1.39842E+14 0.00440 
   76   76    1    1    1    1    1    1    1    1  1.55327E+14 0.00477 
   77   77    1    1    1    1    1    1    1    1  1.19033E+14 0.00499 
   78   78    1    1    1    1    1    1    1    1  8.89436E+13 0.00522 
   79   79    1    1    1    1    1    1    1    1  9.16257E+13 0.00449 
   80   80    1    1    1    1    1    1    1    1  6.80922E+13 0.00482 
   81   81    1    1    1    1    1    1    1    1  5.29684E+13 0.00645 
   82   82    1    1    1    1    1    1    1    1  4.03301E+13 0.00689 
   83   83    1    1    1    1    1    1    1    1  3.81335E+13 0.00649 
   84   84    1    1    1    1    1    1    1    1  2.77012E+13 0.00877 
   85   85    1    1    1    1    1    1    1    1  1.96299E+13 0.00622 
   86   86    1    1    1    1    1    1    1    1  1.85249E+13 0.00667 
   87   87    1    1    1    1    1    1    1    1  1.14195E+13 0.01150 
   88   88    1    1    1    1    1    1    1    1  7.67719E+12 0.01053 
   89   89    1    1    1    1    1    1    1    1  4.45216E+12 0.01368 
   90   90    1    1    1    1    1    1    1    1  3.01750E+12 0.01645 
   91   91    1    1    1    1    1    1    1    1  1.49882E+12 0.03266 
   92   92    1    1    1    1    1    1    1    1  7.09181E+11 0.02859 
   93   93    1    1    1    1    1    1    1    1  3.27869E+11 0.04361 
   94   94    1    1    1    1    1    1    1    1  1.63222E+11 0.07312 
   95   95    1    1    1    1    1    1    1    1  5.93561E+10 0.15711 
   96   96    1    1    1    1    1    1    1    1  3.97340E+10 0.16101 
   97   97    1    1    1    1    1    1    1    1  1.65151E+10 0.18422 
   98   98    1    1    1    1    1    1    1    1  1.11614E+10 0.22294 
   99   99    1    1    1    1    1    1    1    1  6.67702E+09 0.41969 
  100  100    1    1    1    1    1    1    1    1  7.34643E+09 0.41676 
];


