
DETdpaspec = [
    1    1    1    1    1    1    1    1    1    1  0.00000E+00 0.00000 
    2    2    1    1    1    1    1    1    1    1  0.00000E+00 0.00000 
    3    3    1    1    1    1    1    1    1    1  0.00000E+00 0.00000 
    4    4    1    1    1    1    1    1    1    1  0.00000E+00 0.00000 
    5    5    1    1    1    1    1    1    1    1  0.00000E+00 0.00000 
    6    6    1    1    1    1    1    1    1    1  0.00000E+00 0.00000 
    7    7    1    1    1    1    1    1    1    1  2.15523E+07 1.00000 
    8    8    1    1    1    1    1    1    1    1  1.09213E+08 0.51199 
    9    9    1    1    1    1    1    1    1    1  2.34966E+07 0.69908 
   10   10    1    1    1    1    1    1    1    1  1.66325E+08 0.70882 
   11   11    1    1    1    1    1    1    1    1  8.82266E+08 0.52982 
   12   12    1    1    1    1    1    1    1    1  1.09534E+08 0.61156 
   13   13    1    1    1    1    1    1    1    1  9.60941E+09 0.25475 
   14   14    1    1    1    1    1    1    1    1  1.72541E+10 0.20053 
   15   15    1    1    1    1    1    1    1    1  1.22891E+10 0.23678 
   16   16    1    1    1    1    1    1    1    1  5.95366E+09 0.38011 
   17   17    1    1    1    1    1    1    1    1  1.08299E+10 0.17949 
   18   18    1    1    1    1    1    1    1    1  2.72284E+10 0.12395 
   19   19    1    1    1    1    1    1    1    1  4.04715E+10 0.05511 
   20   20    1    1    1    1    1    1    1    1  1.09644E+11 0.07434 
   21   21    1    1    1    1    1    1    1    1  1.02993E+11 0.07741 
   22   22    1    1    1    1    1    1    1    1  3.30558E+11 0.04215 
   23   23    1    1    1    1    1    1    1    1  8.58598E+11 0.02880 
   24   24    1    1    1    1    1    1    1    1  2.13517E+12 0.01924 
   25   25    1    1    1    1    1    1    1    1  3.71162E+12 0.01366 
   26   26    1    1    1    1    1    1    1    1  7.89671E+12 0.00696 
   27   27    1    1    1    1    1    1    1    1  1.54466E+13 0.00681 
   28   28    1    1    1    1    1    1    1    1  3.25019E+13 0.00295 
   29   29    1    1    1    1    1    1    1    1  4.43709E+13 0.00388 
   30   30    1    1    1    1    1    1    1    1  8.89013E+13 0.00403 
   31   31    1    1    1    1    1    1    1    1  1.82269E+14 0.00253 
   32   32    1    1    1    1    1    1    1    1  2.40184E+14 0.00190 
   33   33    1    1    1    1    1    1    1    1  4.33573E+14 0.00126 
   34   34    1    1    1    1    1    1    1    1  4.71255E+14 0.00093 
   35   35    1    1    1    1    1    1    1    1  6.18380E+14 0.00122 
   36   36    1    1    1    1    1    1    1    1  5.23015E+14 0.00117 
   37   37    1    1    1    1    1    1    1    1  1.62022E+14 0.00121 
   38   38    1    1    1    1    1    1    1    1  7.29484E+14 0.00104 
   39   39    1    1    1    1    1    1    1    1  8.36713E+14 0.00099 
   40   40    1    1    1    1    1    1    1    1  1.37927E+15 0.00104 
   41   41    1    1    1    1    1    1    1    1  1.27136E+15 0.00101 
   42   42    1    1    1    1    1    1    1    1  2.14251E+15 0.00087 
   43   43    1    1    1    1    1    1    1    1  2.22731E+15 0.00072 
   44   44    1    1    1    1    1    1    1    1  2.78267E+15 0.00078 
   45   45    1    1    1    1    1    1    1    1  4.61980E+15 0.00065 
   46   46    1    1    1    1    1    1    1    1  2.63005E+15 0.00078 
   47   47    1    1    1    1    1    1    1    1  3.49641E+15 0.00098 
   48   48    1    1    1    1    1    1    1    1  4.89436E+15 0.00086 
   49   49    1    1    1    1    1    1    1    1  4.23898E+15 0.00079 
   50   50    1    1    1    1    1    1    1    1  6.51475E+15 0.00075 
   51   51    1    1    1    1    1    1    1    1  5.08806E+15 0.00076 
   52   52    1    1    1    1    1    1    1    1  5.67476E+15 0.00080 
   53   53    1    1    1    1    1    1    1    1  4.11803E+15 0.00078 
   54   54    1    1    1    1    1    1    1    1  5.01421E+15 0.00092 
   55   55    1    1    1    1    1    1    1    1  3.63883E+15 0.00082 
   56   56    1    1    1    1    1    1    1    1  5.06224E+14 0.00130 
   57   57    1    1    1    1    1    1    1    1  6.97178E+15 0.00088 
   58   58    1    1    1    1    1    1    1    1  3.07152E+15 0.00098 
   59   59    1    1    1    1    1    1    1    1  3.37727E+15 0.00091 
   60   60    1    1    1    1    1    1    1    1  2.75507E+15 0.00081 
   61   61    1    1    1    1    1    1    1    1  2.76114E+15 0.00113 
   62   62    1    1    1    1    1    1    1    1  2.71879E+15 0.00108 
   63   63    1    1    1    1    1    1    1    1  2.27313E+15 0.00099 
   64   64    1    1    1    1    1    1    1    1  1.78163E+15 0.00108 
   65   65    1    1    1    1    1    1    1    1  1.72301E+15 0.00116 
   66   66    1    1    1    1    1    1    1    1  1.46855E+15 0.00112 
   67   67    1    1    1    1    1    1    1    1  1.21605E+15 0.00118 
   68   68    1    1    1    1    1    1    1    1  1.06169E+15 0.00104 
   69   69    1    1    1    1    1    1    1    1  1.30361E+15 0.00124 
   70   70    1    1    1    1    1    1    1    1  1.12258E+15 0.00088 
   71   71    1    1    1    1    1    1    1    1  2.12096E+15 0.00096 
   72   72    1    1    1    1    1    1    1    1  1.57236E+15 0.00105 
   73   73    1    1    1    1    1    1    1    1  1.23702E+15 0.00158 
   74   74    1    1    1    1    1    1    1    1  1.01284E+15 0.00127 
   75   75    1    1    1    1    1    1    1    1  8.29845E+14 0.00151 
   76   76    1    1    1    1    1    1    1    1  9.51690E+14 0.00089 
   77   77    1    1    1    1    1    1    1    1  7.41839E+14 0.00144 
   78   78    1    1    1    1    1    1    1    1  5.64563E+14 0.00186 
   79   79    1    1    1    1    1    1    1    1  5.85967E+14 0.00168 
   80   80    1    1    1    1    1    1    1    1  4.41400E+14 0.00142 
   81   81    1    1    1    1    1    1    1    1  3.42332E+14 0.00210 
   82   82    1    1    1    1    1    1    1    1  2.64603E+14 0.00196 
   83   83    1    1    1    1    1    1    1    1  2.47608E+14 0.00229 
   84   84    1    1    1    1    1    1    1    1  1.79188E+14 0.00242 
   85   85    1    1    1    1    1    1    1    1  1.28713E+14 0.00319 
   86   86    1    1    1    1    1    1    1    1  1.20468E+14 0.00212 
   87   87    1    1    1    1    1    1    1    1  7.43382E+13 0.00299 
   88   88    1    1    1    1    1    1    1    1  5.05027E+13 0.00444 
   89   89    1    1    1    1    1    1    1    1  2.88045E+13 0.00660 
   90   90    1    1    1    1    1    1    1    1  1.91859E+13 0.00840 
   91   91    1    1    1    1    1    1    1    1  9.50104E+12 0.01231 
   92   92    1    1    1    1    1    1    1    1  4.70429E+12 0.01789 
   93   93    1    1    1    1    1    1    1    1  2.31808E+12 0.02256 
   94   94    1    1    1    1    1    1    1    1  1.10422E+12 0.03088 
   95   95    1    1    1    1    1    1    1    1  5.25758E+11 0.04785 
   96   96    1    1    1    1    1    1    1    1  2.39728E+11 0.04621 
   97   97    1    1    1    1    1    1    1    1  1.27681E+11 0.07345 
   98   98    1    1    1    1    1    1    1    1  5.83479E+10 0.14103 
   99   99    1    1    1    1    1    1    1    1  2.96482E+10 0.20510 
  100  100    1    1    1    1    1    1    1    1  1.48297E+10 0.28057 
];


