
DETdpaspec = [
    1    1    1    1    1    1    1    1    1    1  0.00000E+00 0.00000 
    2    2    1    1    1    1    1    1    1    1  0.00000E+00 0.00000 
    3    3    1    1    1    1    1    1    1    1  7.77395E+06 1.00000 
    4    4    1    1    1    1    1    1    1    1  6.61316E+07 0.47802 
    5    5    1    1    1    1    1    1    1    1  1.13321E+07 1.00000 
    6    6    1    1    1    1    1    1    1    1  1.13703E+07 1.00000 
    7    7    1    1    1    1    1    1    1    1  1.80168E+08 0.29066 
    8    8    1    1    1    1    1    1    1    1  1.71767E+08 0.47621 
    9    9    1    1    1    1    1    1    1    1  3.01325E+08 0.30007 
   10   10    1    1    1    1    1    1    1    1  1.26563E+09 0.25292 
   11   11    1    1    1    1    1    1    1    1  1.78310E+09 0.14626 
   12   12    1    1    1    1    1    1    1    1  6.04418E+08 0.18048 
   13   13    1    1    1    1    1    1    1    1  9.12124E+09 0.15528 
   14   14    1    1    1    1    1    1    1    1  2.19741E+10 0.14775 
   15   15    1    1    1    1    1    1    1    1  3.64413E+10 0.13273 
   16   16    1    1    1    1    1    1    1    1  1.83514E+10 0.10582 
   17   17    1    1    1    1    1    1    1    1  3.43532E+10 0.10221 
   18   18    1    1    1    1    1    1    1    1  1.08333E+11 0.05979 
   19   19    1    1    1    1    1    1    1    1  1.24352E+11 0.06267 
   20   20    1    1    1    1    1    1    1    1  3.66764E+11 0.03835 
   21   21    1    1    1    1    1    1    1    1  2.84537E+11 0.03076 
   22   22    1    1    1    1    1    1    1    1  9.00460E+11 0.01977 
   23   23    1    1    1    1    1    1    1    1  1.24446E+12 0.01621 
   24   24    1    1    1    1    1    1    1    1  2.09940E+12 0.01728 
   25   25    1    1    1    1    1    1    1    1  2.85095E+12 0.01633 
   26   26    1    1    1    1    1    1    1    1  5.06947E+12 0.01163 
   27   27    1    1    1    1    1    1    1    1  9.19397E+12 0.01151 
   28   28    1    1    1    1    1    1    1    1  1.59213E+13 0.01066 
   29   29    1    1    1    1    1    1    1    1  1.77178E+13 0.00873 
   30   30    1    1    1    1    1    1    1    1  4.18719E+13 0.00758 
   31   31    1    1    1    1    1    1    1    1  8.09500E+13 0.00890 
   32   32    1    1    1    1    1    1    1    1  1.04156E+14 0.00825 
   33   33    1    1    1    1    1    1    1    1  1.82081E+14 0.00804 
   34   34    1    1    1    1    1    1    1    1  1.78736E+14 0.00820 
   35   35    1    1    1    1    1    1    1    1  2.59201E+14 0.00804 
   36   36    1    1    1    1    1    1    1    1  2.18693E+14 0.00830 
   37   37    1    1    1    1    1    1    1    1  6.91530E+13 0.00823 
   38   38    1    1    1    1    1    1    1    1  2.92062E+14 0.00826 
   39   39    1    1    1    1    1    1    1    1  3.30556E+14 0.00782 
   40   40    1    1    1    1    1    1    1    1  5.16629E+14 0.00767 
   41   41    1    1    1    1    1    1    1    1  4.86431E+14 0.00774 
   42   42    1    1    1    1    1    1    1    1  7.83356E+14 0.00769 
   43   43    1    1    1    1    1    1    1    1  8.02835E+14 0.00765 
   44   44    1    1    1    1    1    1    1    1  9.84676E+14 0.00780 
   45   45    1    1    1    1    1    1    1    1  1.60089E+15 0.00806 
   46   46    1    1    1    1    1    1    1    1  8.99485E+14 0.00764 
   47   47    1    1    1    1    1    1    1    1  1.20935E+15 0.00766 
   48   48    1    1    1    1    1    1    1    1  1.66671E+15 0.00782 
   49   49    1    1    1    1    1    1    1    1  1.46258E+15 0.00803 
   50   50    1    1    1    1    1    1    1    1  2.18774E+15 0.00765 
   51   51    1    1    1    1    1    1    1    1  1.73735E+15 0.00801 
   52   52    1    1    1    1    1    1    1    1  1.89529E+15 0.00819 
   53   53    1    1    1    1    1    1    1    1  1.38473E+15 0.00809 
   54   54    1    1    1    1    1    1    1    1  1.64226E+15 0.00819 
   55   55    1    1    1    1    1    1    1    1  1.20168E+15 0.00794 
   56   56    1    1    1    1    1    1    1    1  1.68364E+14 0.00854 
   57   57    1    1    1    1    1    1    1    1  2.30153E+15 0.00822 
   58   58    1    1    1    1    1    1    1    1  9.83261E+14 0.00813 
   59   59    1    1    1    1    1    1    1    1  1.09355E+15 0.00837 
   60   60    1    1    1    1    1    1    1    1  8.70318E+14 0.00848 
   61   61    1    1    1    1    1    1    1    1  8.74960E+14 0.00823 
   62   62    1    1    1    1    1    1    1    1  8.56625E+14 0.00846 
   63   63    1    1    1    1    1    1    1    1  7.09678E+14 0.00839 
   64   64    1    1    1    1    1    1    1    1  5.54046E+14 0.00849 
   65   65    1    1    1    1    1    1    1    1  5.39070E+14 0.00840 
   66   66    1    1    1    1    1    1    1    1  4.54895E+14 0.00876 
   67   67    1    1    1    1    1    1    1    1  3.79262E+14 0.00899 
   68   68    1    1    1    1    1    1    1    1  3.32391E+14 0.00809 
   69   69    1    1    1    1    1    1    1    1  4.05392E+14 0.00780 
   70   70    1    1    1    1    1    1    1    1  3.49585E+14 0.00796 
   71   71    1    1    1    1    1    1    1    1  6.79146E+14 0.00827 
   72   72    1    1    1    1    1    1    1    1  5.08234E+14 0.00870 
   73   73    1    1    1    1    1    1    1    1  3.98846E+14 0.00860 
   74   74    1    1    1    1    1    1    1    1  3.18784E+14 0.00909 
   75   75    1    1    1    1    1    1    1    1  2.55207E+14 0.00874 
   76   76    1    1    1    1    1    1    1    1  2.85838E+14 0.00849 
   77   77    1    1    1    1    1    1    1    1  2.17915E+14 0.00879 
   78   78    1    1    1    1    1    1    1    1  1.63068E+14 0.00853 
   79   79    1    1    1    1    1    1    1    1  1.66837E+14 0.00850 
   80   80    1    1    1    1    1    1    1    1  1.23906E+14 0.00793 
   81   81    1    1    1    1    1    1    1    1  9.53259E+13 0.00860 
   82   82    1    1    1    1    1    1    1    1  7.36042E+13 0.00933 
   83   83    1    1    1    1    1    1    1    1  6.87177E+13 0.00900 
   84   84    1    1    1    1    1    1    1    1  4.92977E+13 0.00870 
   85   85    1    1    1    1    1    1    1    1  3.55628E+13 0.01132 
   86   86    1    1    1    1    1    1    1    1  3.29486E+13 0.01057 
   87   87    1    1    1    1    1    1    1    1  2.06182E+13 0.01126 
   88   88    1    1    1    1    1    1    1    1  1.40219E+13 0.01019 
   89   89    1    1    1    1    1    1    1    1  8.09903E+12 0.01229 
   90   90    1    1    1    1    1    1    1    1  5.36869E+12 0.01425 
   91   91    1    1    1    1    1    1    1    1  2.62737E+12 0.02356 
   92   92    1    1    1    1    1    1    1    1  1.35625E+12 0.02549 
   93   93    1    1    1    1    1    1    1    1  6.81225E+11 0.03711 
   94   94    1    1    1    1    1    1    1    1  3.20219E+11 0.06167 
   95   95    1    1    1    1    1    1    1    1  1.46694E+11 0.08168 
   96   96    1    1    1    1    1    1    1    1  7.23256E+10 0.12936 
   97   97    1    1    1    1    1    1    1    1  3.24858E+10 0.18653 
   98   98    1    1    1    1    1    1    1    1  1.98740E+10 0.20443 
   99   99    1    1    1    1    1    1    1    1  9.50670E+09 0.28418 
  100  100    1    1    1    1    1    1    1    1  1.01269E+10 0.25462 
];


