
DETdpaspec = [
    1    1    1    1    1    1    1    1    1    1  0.00000E+00 0.00000 
    2    2    1    1    1    1    1    1    1    1  0.00000E+00 0.00000 
    3    3    1    1    1    1    1    1    1    1  0.00000E+00 0.00000 
    4    4    1    1    1    1    1    1    1    1  0.00000E+00 0.00000 
    5    5    1    1    1    1    1    1    1    1  0.00000E+00 0.00000 
    6    6    1    1    1    1    1    1    1    1  0.00000E+00 0.00000 
    7    7    1    1    1    1    1    1    1    1  0.00000E+00 0.00000 
    8    8    1    1    1    1    1    1    1    1  2.34473E+07 1.00000 
    9    9    1    1    1    1    1    1    1    1  2.06371E+07 1.00000 
   10   10    1    1    1    1    1    1    1    1  1.96995E+08 0.72155 
   11   11    1    1    1    1    1    1    1    1  1.29576E+08 0.69400 
   12   12    1    1    1    1    1    1    1    1  3.71401E+07 1.00000 
   13   13    1    1    1    1    1    1    1    1  2.94222E+09 0.42261 
   14   14    1    1    1    1    1    1    1    1  3.64113E+09 0.39164 
   15   15    1    1    1    1    1    1    1    1  9.79812E+09 0.23141 
   16   16    1    1    1    1    1    1    1    1  2.67573E+09 0.22263 
   17   17    1    1    1    1    1    1    1    1  5.32056E+09 0.17312 
   18   18    1    1    1    1    1    1    1    1  1.50049E+10 0.13285 
   19   19    1    1    1    1    1    1    1    1  1.79600E+10 0.16939 
   20   20    1    1    1    1    1    1    1    1  4.99809E+10 0.10957 
   21   21    1    1    1    1    1    1    1    1  4.83625E+10 0.09143 
   22   22    1    1    1    1    1    1    1    1  1.36475E+11 0.06988 
   23   23    1    1    1    1    1    1    1    1  2.33776E+11 0.07240 
   24   24    1    1    1    1    1    1    1    1  3.83679E+11 0.03732 
   25   25    1    1    1    1    1    1    1    1  6.14524E+11 0.02373 
   26   26    1    1    1    1    1    1    1    1  1.25372E+12 0.02128 
   27   27    1    1    1    1    1    1    1    1  2.35643E+12 0.01514 
   28   28    1    1    1    1    1    1    1    1  4.52513E+12 0.01341 
   29   29    1    1    1    1    1    1    1    1  5.43911E+12 0.01289 
   30   30    1    1    1    1    1    1    1    1  1.27605E+13 0.00832 
   31   31    1    1    1    1    1    1    1    1  2.64061E+13 0.00734 
   32   32    1    1    1    1    1    1    1    1  3.46450E+13 0.00733 
   33   33    1    1    1    1    1    1    1    1  6.20548E+13 0.00818 
   34   34    1    1    1    1    1    1    1    1  6.29440E+13 0.00759 
   35   35    1    1    1    1    1    1    1    1  8.95602E+13 0.00748 
   36   36    1    1    1    1    1    1    1    1  7.63558E+13 0.00749 
   37   37    1    1    1    1    1    1    1    1  2.42680E+13 0.00715 
   38   38    1    1    1    1    1    1    1    1  1.05064E+14 0.00698 
   39   39    1    1    1    1    1    1    1    1  1.19703E+14 0.00762 
   40   40    1    1    1    1    1    1    1    1  1.90754E+14 0.00758 
   41   41    1    1    1    1    1    1    1    1  1.79697E+14 0.00809 
   42   42    1    1    1    1    1    1    1    1  2.93979E+14 0.00744 
   43   43    1    1    1    1    1    1    1    1  3.01754E+14 0.00813 
   44   44    1    1    1    1    1    1    1    1  3.70970E+14 0.00796 
   45   45    1    1    1    1    1    1    1    1  6.03718E+14 0.00789 
   46   46    1    1    1    1    1    1    1    1  3.36102E+14 0.00749 
   47   47    1    1    1    1    1    1    1    1  4.51087E+14 0.00823 
   48   48    1    1    1    1    1    1    1    1  6.19305E+14 0.00823 
   49   49    1    1    1    1    1    1    1    1  5.38697E+14 0.00776 
   50   50    1    1    1    1    1    1    1    1  8.04555E+14 0.00793 
   51   51    1    1    1    1    1    1    1    1  6.29413E+14 0.00849 
   52   52    1    1    1    1    1    1    1    1  6.86261E+14 0.00872 
   53   53    1    1    1    1    1    1    1    1  4.94921E+14 0.00858 
   54   54    1    1    1    1    1    1    1    1  5.88698E+14 0.00865 
   55   55    1    1    1    1    1    1    1    1  4.26522E+14 0.00853 
   56   56    1    1    1    1    1    1    1    1  5.94028E+13 0.00857 
   57   57    1    1    1    1    1    1    1    1  8.10705E+14 0.00853 
   58   58    1    1    1    1    1    1    1    1  3.46448E+14 0.00900 
   59   59    1    1    1    1    1    1    1    1  3.81338E+14 0.00863 
   60   60    1    1    1    1    1    1    1    1  3.03349E+14 0.00838 
   61   61    1    1    1    1    1    1    1    1  3.03289E+14 0.00906 
   62   62    1    1    1    1    1    1    1    1  2.96149E+14 0.00945 
   63   63    1    1    1    1    1    1    1    1  2.44379E+14 0.00969 
   64   64    1    1    1    1    1    1    1    1  1.89201E+14 0.00901 
   65   65    1    1    1    1    1    1    1    1  1.81949E+14 0.00966 
   66   66    1    1    1    1    1    1    1    1  1.54000E+14 0.00959 
   67   67    1    1    1    1    1    1    1    1  1.28239E+14 0.00966 
   68   68    1    1    1    1    1    1    1    1  1.11573E+14 0.00857 
   69   69    1    1    1    1    1    1    1    1  1.36567E+14 0.00945 
   70   70    1    1    1    1    1    1    1    1  1.17835E+14 0.00866 
   71   71    1    1    1    1    1    1    1    1  2.24973E+14 0.00962 
   72   72    1    1    1    1    1    1    1    1  1.67542E+14 0.00978 
   73   73    1    1    1    1    1    1    1    1  1.30545E+14 0.00991 
   74   74    1    1    1    1    1    1    1    1  1.05072E+14 0.00888 
   75   75    1    1    1    1    1    1    1    1  8.47142E+13 0.00922 
   76   76    1    1    1    1    1    1    1    1  9.44781E+13 0.00971 
   77   77    1    1    1    1    1    1    1    1  7.22878E+13 0.01008 
   78   78    1    1    1    1    1    1    1    1  5.43579E+13 0.01070 
   79   79    1    1    1    1    1    1    1    1  5.50297E+13 0.01072 
   80   80    1    1    1    1    1    1    1    1  4.14937E+13 0.00979 
   81   81    1    1    1    1    1    1    1    1  3.16438E+13 0.01080 
   82   82    1    1    1    1    1    1    1    1  2.44942E+13 0.01015 
   83   83    1    1    1    1    1    1    1    1  2.28279E+13 0.01158 
   84   84    1    1    1    1    1    1    1    1  1.65179E+13 0.01273 
   85   85    1    1    1    1    1    1    1    1  1.21376E+13 0.01350 
   86   86    1    1    1    1    1    1    1    1  1.13671E+13 0.01210 
   87   87    1    1    1    1    1    1    1    1  6.91397E+12 0.01737 
   88   88    1    1    1    1    1    1    1    1  4.71891E+12 0.01896 
   89   89    1    1    1    1    1    1    1    1  2.75293E+12 0.02406 
   90   90    1    1    1    1    1    1    1    1  1.88804E+12 0.02503 
   91   91    1    1    1    1    1    1    1    1  8.86214E+11 0.03395 
   92   92    1    1    1    1    1    1    1    1  4.61170E+11 0.04642 
   93   93    1    1    1    1    1    1    1    1  2.22880E+11 0.07247 
   94   94    1    1    1    1    1    1    1    1  9.97881E+10 0.09139 
   95   95    1    1    1    1    1    1    1    1  5.95463E+10 0.13369 
   96   96    1    1    1    1    1    1    1    1  2.34976E+10 0.24144 
   97   97    1    1    1    1    1    1    1    1  1.15104E+10 0.43773 
   98   98    1    1    1    1    1    1    1    1  4.22028E+09 0.34048 
   99   99    1    1    1    1    1    1    1    1  3.41196E+09 0.52991 
  100  100    1    1    1    1    1    1    1    1  5.25367E+09 0.51518 
];


