
DETdpaspec = [
    1    1    1    1    1    1    1    1    1    1  0.00000E+00 0.00000 
    2    2    1    1    1    1    1    1    1    1  0.00000E+00 0.00000 
    3    3    1    1    1    1    1    1    1    1  2.15572E+07 1.00000 
    4    4    1    1    1    1    1    1    1    1  2.60969E+07 1.00000 
    5    5    1    1    1    1    1    1    1    1  2.71787E+07 1.00000 
    6    6    1    1    1    1    1    1    1    1  0.00000E+00 0.00000 
    7    7    1    1    1    1    1    1    1    1  0.00000E+00 0.00000 
    8    8    1    1    1    1    1    1    1    1  6.86520E+07 0.78580 
    9    9    1    1    1    1    1    1    1    1  0.00000E+00 0.00000 
   10   10    1    1    1    1    1    1    1    1  0.00000E+00 0.00000 
   11   11    1    1    1    1    1    1    1    1  5.38248E+08 0.68873 
   12   12    1    1    1    1    1    1    1    1  4.61867E+08 0.45738 
   13   13    1    1    1    1    1    1    1    1  5.24322E+09 0.35761 
   14   14    1    1    1    1    1    1    1    1  1.63796E+10 0.20303 
   15   15    1    1    1    1    1    1    1    1  1.72880E+10 0.16538 
   16   16    1    1    1    1    1    1    1    1  7.28372E+09 0.25976 
   17   17    1    1    1    1    1    1    1    1  1.35479E+10 0.16889 
   18   18    1    1    1    1    1    1    1    1  2.65868E+10 0.14168 
   19   19    1    1    1    1    1    1    1    1  3.76006E+10 0.11556 
   20   20    1    1    1    1    1    1    1    1  9.75497E+10 0.10245 
   21   21    1    1    1    1    1    1    1    1  1.79530E+11 0.05493 
   22   22    1    1    1    1    1    1    1    1  7.59113E+11 0.02445 
   23   23    1    1    1    1    1    1    1    1  2.75101E+12 0.01126 
   24   24    1    1    1    1    1    1    1    1  6.80459E+12 0.00873 
   25   25    1    1    1    1    1    1    1    1  1.09613E+13 0.00875 
   26   26    1    1    1    1    1    1    1    1  2.06978E+13 0.00481 
   27   27    1    1    1    1    1    1    1    1  3.62092E+13 0.00423 
   28   28    1    1    1    1    1    1    1    1  6.93106E+13 0.00247 
   29   29    1    1    1    1    1    1    1    1  9.49866E+13 0.00265 
   30   30    1    1    1    1    1    1    1    1  1.62568E+14 0.00222 
   31   31    1    1    1    1    1    1    1    1  3.03300E+14 0.00145 
   32   32    1    1    1    1    1    1    1    1  3.79072E+14 0.00164 
   33   33    1    1    1    1    1    1    1    1  6.45238E+14 0.00114 
   34   34    1    1    1    1    1    1    1    1  7.04647E+14 0.00097 
   35   35    1    1    1    1    1    1    1    1  8.48107E+14 0.00087 
   36   36    1    1    1    1    1    1    1    1  6.91121E+14 0.00110 
   37   37    1    1    1    1    1    1    1    1  2.08423E+14 0.00077 
   38   38    1    1    1    1    1    1    1    1  9.47860E+14 0.00081 
   39   39    1    1    1    1    1    1    1    1  1.07621E+15 0.00084 
   40   40    1    1    1    1    1    1    1    1  1.77199E+15 0.00061 
   41   41    1    1    1    1    1    1    1    1  1.59294E+15 0.00070 
   42   42    1    1    1    1    1    1    1    1  2.68377E+15 0.00067 
   43   43    1    1    1    1    1    1    1    1  2.76896E+15 0.00077 
   44   44    1    1    1    1    1    1    1    1  3.44351E+15 0.00069 
   45   45    1    1    1    1    1    1    1    1  5.67433E+15 0.00071 
   46   46    1    1    1    1    1    1    1    1  3.22152E+15 0.00079 
   47   47    1    1    1    1    1    1    1    1  4.23589E+15 0.00081 
   48   48    1    1    1    1    1    1    1    1  5.92123E+15 0.00058 
   49   49    1    1    1    1    1    1    1    1  5.07764E+15 0.00065 
   50   50    1    1    1    1    1    1    1    1  7.85026E+15 0.00062 
   51   51    1    1    1    1    1    1    1    1  6.06791E+15 0.00062 
   52   52    1    1    1    1    1    1    1    1  6.79754E+15 0.00076 
   53   53    1    1    1    1    1    1    1    1  4.92435E+15 0.00071 
   54   54    1    1    1    1    1    1    1    1  6.02838E+15 0.00065 
   55   55    1    1    1    1    1    1    1    1  4.36714E+15 0.00070 
   56   56    1    1    1    1    1    1    1    1  6.06687E+14 0.00089 
   57   57    1    1    1    1    1    1    1    1  8.35201E+15 0.00064 
   58   58    1    1    1    1    1    1    1    1  3.71825E+15 0.00088 
   59   59    1    1    1    1    1    1    1    1  4.06056E+15 0.00075 
   60   60    1    1    1    1    1    1    1    1  3.34318E+15 0.00067 
   61   61    1    1    1    1    1    1    1    1  3.34573E+15 0.00073 
   62   62    1    1    1    1    1    1    1    1  3.29940E+15 0.00073 
   63   63    1    1    1    1    1    1    1    1  2.76453E+15 0.00093 
   64   64    1    1    1    1    1    1    1    1  2.16763E+15 0.00093 
   65   65    1    1    1    1    1    1    1    1  2.08855E+15 0.00084 
   66   66    1    1    1    1    1    1    1    1  1.78645E+15 0.00068 
   67   67    1    1    1    1    1    1    1    1  1.47576E+15 0.00082 
   68   68    1    1    1    1    1    1    1    1  1.28447E+15 0.00099 
   69   69    1    1    1    1    1    1    1    1  1.57426E+15 0.00093 
   70   70    1    1    1    1    1    1    1    1  1.35572E+15 0.00096 
   71   71    1    1    1    1    1    1    1    1  2.53213E+15 0.00103 
   72   72    1    1    1    1    1    1    1    1  1.86563E+15 0.00106 
   73   73    1    1    1    1    1    1    1    1  1.46953E+15 0.00101 
   74   74    1    1    1    1    1    1    1    1  1.21186E+15 0.00118 
   75   75    1    1    1    1    1    1    1    1  1.00190E+15 0.00129 
   76   76    1    1    1    1    1    1    1    1  1.15512E+15 0.00105 
   77   77    1    1    1    1    1    1    1    1  9.09174E+14 0.00100 
   78   78    1    1    1    1    1    1    1    1  6.95391E+14 0.00115 
   79   79    1    1    1    1    1    1    1    1  7.28469E+14 0.00092 
   80   80    1    1    1    1    1    1    1    1  5.47737E+14 0.00145 
   81   81    1    1    1    1    1    1    1    1  4.28238E+14 0.00173 
   82   82    1    1    1    1    1    1    1    1  3.30758E+14 0.00184 
   83   83    1    1    1    1    1    1    1    1  3.09447E+14 0.00173 
   84   84    1    1    1    1    1    1    1    1  2.21888E+14 0.00180 
   85   85    1    1    1    1    1    1    1    1  1.60431E+14 0.00290 
   86   86    1    1    1    1    1    1    1    1  1.50231E+14 0.00195 
   87   87    1    1    1    1    1    1    1    1  9.23127E+13 0.00329 
   88   88    1    1    1    1    1    1    1    1  6.20713E+13 0.00456 
   89   89    1    1    1    1    1    1    1    1  3.53726E+13 0.00524 
   90   90    1    1    1    1    1    1    1    1  2.31563E+13 0.00668 
   91   91    1    1    1    1    1    1    1    1  1.17822E+13 0.00562 
   92   92    1    1    1    1    1    1    1    1  5.71216E+12 0.01413 
   93   93    1    1    1    1    1    1    1    1  2.72093E+12 0.01861 
   94   94    1    1    1    1    1    1    1    1  1.35321E+12 0.02472 
   95   95    1    1    1    1    1    1    1    1  5.53075E+11 0.03225 
   96   96    1    1    1    1    1    1    1    1  3.04593E+11 0.06394 
   97   97    1    1    1    1    1    1    1    1  1.33814E+11 0.10039 
   98   98    1    1    1    1    1    1    1    1  7.44617E+10 0.11296 
   99   99    1    1    1    1    1    1    1    1  3.90954E+10 0.14320 
  100  100    1    1    1    1    1    1    1    1  3.43850E+10 0.22716 
];


