
DETdpaspec = [
    1    1    1    1    1    1    1    1    1    1  0.00000E+00 0.00000 
    2    2    1    1    1    1    1    1    1    1  0.00000E+00 0.00000 
    3    3    1    1    1    1    1    1    1    1  0.00000E+00 0.00000 
    4    4    1    1    1    1    1    1    1    1  1.33790E+07 1.00000 
    5    5    1    1    1    1    1    1    1    1  0.00000E+00 0.00000 
    6    6    1    1    1    1    1    1    1    1  0.00000E+00 0.00000 
    7    7    1    1    1    1    1    1    1    1  4.02068E+07 0.69973 
    8    8    1    1    1    1    1    1    1    1  3.66835E+07 0.69008 
    9    9    1    1    1    1    1    1    1    1  5.39705E+07 0.81090 
   10   10    1    1    1    1    1    1    1    1  5.21335E+08 0.34453 
   11   11    1    1    1    1    1    1    1    1  5.25907E+08 0.34936 
   12   12    1    1    1    1    1    1    1    1  1.16570E+08 0.47107 
   13   13    1    1    1    1    1    1    1    1  4.39969E+09 0.24442 
   14   14    1    1    1    1    1    1    1    1  8.63726E+09 0.21883 
   15   15    1    1    1    1    1    1    1    1  1.90073E+10 0.15323 
   16   16    1    1    1    1    1    1    1    1  6.46552E+09 0.14993 
   17   17    1    1    1    1    1    1    1    1  1.34091E+10 0.11825 
   18   18    1    1    1    1    1    1    1    1  3.28356E+10 0.13296 
   19   19    1    1    1    1    1    1    1    1  4.57588E+10 0.09523 
   20   20    1    1    1    1    1    1    1    1  1.17049E+11 0.08072 
   21   21    1    1    1    1    1    1    1    1  1.08057E+11 0.07395 
   22   22    1    1    1    1    1    1    1    1  2.94428E+11 0.05243 
   23   23    1    1    1    1    1    1    1    1  5.83706E+11 0.03581 
   24   24    1    1    1    1    1    1    1    1  1.23326E+12 0.02106 
   25   25    1    1    1    1    1    1    1    1  2.01875E+12 0.02140 
   26   26    1    1    1    1    1    1    1    1  4.15923E+12 0.01438 
   27   27    1    1    1    1    1    1    1    1  8.52434E+12 0.00769 
   28   28    1    1    1    1    1    1    1    1  1.76798E+13 0.00541 
   29   29    1    1    1    1    1    1    1    1  2.28807E+13 0.00418 
   30   30    1    1    1    1    1    1    1    1  5.15713E+13 0.00428 
   31   31    1    1    1    1    1    1    1    1  1.07821E+14 0.00397 
   32   32    1    1    1    1    1    1    1    1  1.43201E+14 0.00278 
   33   33    1    1    1    1    1    1    1    1  2.62493E+14 0.00277 
   34   34    1    1    1    1    1    1    1    1  2.74619E+14 0.00242 
   35   35    1    1    1    1    1    1    1    1  3.82419E+14 0.00216 
   36   36    1    1    1    1    1    1    1    1  3.27475E+14 0.00199 
   37   37    1    1    1    1    1    1    1    1  1.03549E+14 0.00190 
   38   38    1    1    1    1    1    1    1    1  4.57281E+14 0.00189 
   39   39    1    1    1    1    1    1    1    1  5.25716E+14 0.00153 
   40   40    1    1    1    1    1    1    1    1  8.53194E+14 0.00157 
   41   41    1    1    1    1    1    1    1    1  8.00027E+14 0.00146 
   42   42    1    1    1    1    1    1    1    1  1.33105E+15 0.00127 
   43   43    1    1    1    1    1    1    1    1  1.38120E+15 0.00144 
   44   44    1    1    1    1    1    1    1    1  1.71704E+15 0.00120 
   45   45    1    1    1    1    1    1    1    1  2.82888E+15 0.00113 
   46   46    1    1    1    1    1    1    1    1  1.59494E+15 0.00145 
   47   47    1    1    1    1    1    1    1    1  2.13751E+15 0.00120 
   48   48    1    1    1    1    1    1    1    1  2.97014E+15 0.00147 
   49   49    1    1    1    1    1    1    1    1  2.58556E+15 0.00133 
   50   50    1    1    1    1    1    1    1    1  3.91235E+15 0.00131 
   51   51    1    1    1    1    1    1    1    1  3.06531E+15 0.00138 
   52   52    1    1    1    1    1    1    1    1  3.37660E+15 0.00153 
   53   53    1    1    1    1    1    1    1    1  2.44611E+15 0.00165 
   54   54    1    1    1    1    1    1    1    1  2.94037E+15 0.00147 
   55   55    1    1    1    1    1    1    1    1  2.13270E+15 0.00131 
   56   56    1    1    1    1    1    1    1    1  2.97241E+14 0.00151 
   57   57    1    1    1    1    1    1    1    1  4.07839E+15 0.00130 
   58   58    1    1    1    1    1    1    1    1  1.76542E+15 0.00175 
   59   59    1    1    1    1    1    1    1    1  1.94802E+15 0.00149 
   60   60    1    1    1    1    1    1    1    1  1.56548E+15 0.00148 
   61   61    1    1    1    1    1    1    1    1  1.56848E+15 0.00142 
   62   62    1    1    1    1    1    1    1    1  1.54115E+15 0.00156 
   63   63    1    1    1    1    1    1    1    1  1.28081E+15 0.00155 
   64   64    1    1    1    1    1    1    1    1  9.99221E+14 0.00169 
   65   65    1    1    1    1    1    1    1    1  9.65319E+14 0.00142 
   66   66    1    1    1    1    1    1    1    1  8.17841E+14 0.00172 
   67   67    1    1    1    1    1    1    1    1  6.78793E+14 0.00177 
   68   68    1    1    1    1    1    1    1    1  5.94630E+14 0.00157 
   69   69    1    1    1    1    1    1    1    1  7.26200E+14 0.00150 
   70   70    1    1    1    1    1    1    1    1  6.25728E+14 0.00202 
   71   71    1    1    1    1    1    1    1    1  1.19393E+15 0.00157 
   72   72    1    1    1    1    1    1    1    1  8.87147E+14 0.00163 
   73   73    1    1    1    1    1    1    1    1  6.94561E+14 0.00188 
   74   74    1    1    1    1    1    1    1    1  5.64217E+14 0.00171 
   75   75    1    1    1    1    1    1    1    1  4.57207E+14 0.00209 
   76   76    1    1    1    1    1    1    1    1  5.16096E+14 0.00137 
   77   77    1    1    1    1    1    1    1    1  3.98316E+14 0.00196 
   78   78    1    1    1    1    1    1    1    1  3.00319E+14 0.00206 
   79   79    1    1    1    1    1    1    1    1  3.10369E+14 0.00230 
   80   80    1    1    1    1    1    1    1    1  2.31735E+14 0.00204 
   81   81    1    1    1    1    1    1    1    1  1.80118E+14 0.00236 
   82   82    1    1    1    1    1    1    1    1  1.38671E+14 0.00286 
   83   83    1    1    1    1    1    1    1    1  1.29387E+14 0.00275 
   84   84    1    1    1    1    1    1    1    1  9.35342E+13 0.00397 
   85   85    1    1    1    1    1    1    1    1  6.76388E+13 0.00304 
   86   86    1    1    1    1    1    1    1    1  6.30723E+13 0.00339 
   87   87    1    1    1    1    1    1    1    1  3.90514E+13 0.00509 
   88   88    1    1    1    1    1    1    1    1  2.68051E+13 0.00705 
   89   89    1    1    1    1    1    1    1    1  1.52908E+13 0.00715 
   90   90    1    1    1    1    1    1    1    1  1.01630E+13 0.00827 
   91   91    1    1    1    1    1    1    1    1  5.05356E+12 0.01112 
   92   92    1    1    1    1    1    1    1    1  2.49896E+12 0.02076 
   93   93    1    1    1    1    1    1    1    1  1.17750E+12 0.02524 
   94   94    1    1    1    1    1    1    1    1  5.88153E+11 0.04063 
   95   95    1    1    1    1    1    1    1    1  2.75265E+11 0.06097 
   96   96    1    1    1    1    1    1    1    1  1.22648E+11 0.07422 
   97   97    1    1    1    1    1    1    1    1  5.08900E+10 0.11818 
   98   98    1    1    1    1    1    1    1    1  3.60417E+10 0.22021 
   99   99    1    1    1    1    1    1    1    1  9.13374E+09 0.28453 
  100  100    1    1    1    1    1    1    1    1  1.27633E+10 0.32638 
];


