
DETdpaspec = [
    1    1    1    1    1    1    1    1    1    1  0.00000E+00 0.00000 
    2    2    1    1    1    1    1    1    1    1  0.00000E+00 0.00000 
    3    3    1    1    1    1    1    1    1    1  0.00000E+00 0.00000 
    4    4    1    1    1    1    1    1    1    1  0.00000E+00 0.00000 
    5    5    1    1    1    1    1    1    1    1  1.91602E+07 1.00000 
    6    6    1    1    1    1    1    1    1    1  0.00000E+00 0.00000 
    7    7    1    1    1    1    1    1    1    1  4.55445E+07 0.69329 
    8    8    1    1    1    1    1    1    1    1  2.31431E+07 1.00000 
    9    9    1    1    1    1    1    1    1    1  2.86842E+07 0.69803 
   10   10    1    1    1    1    1    1    1    1  3.76519E+08 0.56392 
   11   11    1    1    1    1    1    1    1    1  7.74574E+07 1.00000 
   12   12    1    1    1    1    1    1    1    1  2.82374E+08 0.42208 
   13   13    1    1    1    1    1    1    1    1  4.48762E+09 0.23954 
   14   14    1    1    1    1    1    1    1    1  9.10283E+09 0.27765 
   15   15    1    1    1    1    1    1    1    1  1.30207E+10 0.21535 
   16   16    1    1    1    1    1    1    1    1  3.79045E+09 0.27847 
   17   17    1    1    1    1    1    1    1    1  1.39989E+10 0.15976 
   18   18    1    1    1    1    1    1    1    1  2.97615E+10 0.12476 
   19   19    1    1    1    1    1    1    1    1  4.08627E+10 0.08777 
   20   20    1    1    1    1    1    1    1    1  1.34538E+11 0.08630 
   21   21    1    1    1    1    1    1    1    1  1.21081E+11 0.05776 
   22   22    1    1    1    1    1    1    1    1  3.31276E+11 0.04284 
   23   23    1    1    1    1    1    1    1    1  9.06991E+11 0.02723 
   24   24    1    1    1    1    1    1    1    1  2.20623E+12 0.02031 
   25   25    1    1    1    1    1    1    1    1  3.87721E+12 0.01250 
   26   26    1    1    1    1    1    1    1    1  8.27611E+12 0.00783 
   27   27    1    1    1    1    1    1    1    1  1.60045E+13 0.00500 
   28   28    1    1    1    1    1    1    1    1  3.36012E+13 0.00358 
   29   29    1    1    1    1    1    1    1    1  4.61473E+13 0.00344 
   30   30    1    1    1    1    1    1    1    1  9.16908E+13 0.00292 
   31   31    1    1    1    1    1    1    1    1  1.86959E+14 0.00313 
   32   32    1    1    1    1    1    1    1    1  2.46230E+14 0.00222 
   33   33    1    1    1    1    1    1    1    1  4.43681E+14 0.00140 
   34   34    1    1    1    1    1    1    1    1  4.80997E+14 0.00130 
   35   35    1    1    1    1    1    1    1    1  6.29003E+14 0.00132 
   36   36    1    1    1    1    1    1    1    1  5.31468E+14 0.00128 
   37   37    1    1    1    1    1    1    1    1  1.64204E+14 0.00126 
   38   38    1    1    1    1    1    1    1    1  7.40449E+14 0.00094 
   39   39    1    1    1    1    1    1    1    1  8.49932E+14 0.00071 
   40   40    1    1    1    1    1    1    1    1  1.40021E+15 0.00106 
   41   41    1    1    1    1    1    1    1    1  1.28937E+15 0.00106 
   42   42    1    1    1    1    1    1    1    1  2.17301E+15 0.00092 
   43   43    1    1    1    1    1    1    1    1  2.25938E+15 0.00099 
   44   44    1    1    1    1    1    1    1    1  2.82501E+15 0.00071 
   45   45    1    1    1    1    1    1    1    1  4.68579E+15 0.00084 
   46   46    1    1    1    1    1    1    1    1  2.66832E+15 0.00096 
   47   47    1    1    1    1    1    1    1    1  3.54796E+15 0.00090 
   48   48    1    1    1    1    1    1    1    1  4.96975E+15 0.00093 
   49   49    1    1    1    1    1    1    1    1  4.30225E+15 0.00081 
   50   50    1    1    1    1    1    1    1    1  6.61358E+15 0.00106 
   51   51    1    1    1    1    1    1    1    1  5.15988E+15 0.00068 
   52   52    1    1    1    1    1    1    1    1  5.75713E+15 0.00101 
   53   53    1    1    1    1    1    1    1    1  4.18149E+15 0.00109 
   54   54    1    1    1    1    1    1    1    1  5.08818E+15 0.00095 
   55   55    1    1    1    1    1    1    1    1  3.69563E+15 0.00110 
   56   56    1    1    1    1    1    1    1    1  5.14827E+14 0.00150 
   57   57    1    1    1    1    1    1    1    1  7.08592E+15 0.00092 
   58   58    1    1    1    1    1    1    1    1  3.12316E+15 0.00099 
   59   59    1    1    1    1    1    1    1    1  3.43509E+15 0.00092 
   60   60    1    1    1    1    1    1    1    1  2.80258E+15 0.00105 
   61   61    1    1    1    1    1    1    1    1  2.80544E+15 0.00120 
   62   62    1    1    1    1    1    1    1    1  2.76597E+15 0.00108 
   63   63    1    1    1    1    1    1    1    1  2.31064E+15 0.00114 
   64   64    1    1    1    1    1    1    1    1  1.81521E+15 0.00096 
   65   65    1    1    1    1    1    1    1    1  1.75175E+15 0.00110 
   66   66    1    1    1    1    1    1    1    1  1.49546E+15 0.00134 
   67   67    1    1    1    1    1    1    1    1  1.23736E+15 0.00142 
   68   68    1    1    1    1    1    1    1    1  1.08012E+15 0.00139 
   69   69    1    1    1    1    1    1    1    1  1.32581E+15 0.00124 
   70   70    1    1    1    1    1    1    1    1  1.14485E+15 0.00137 
   71   71    1    1    1    1    1    1    1    1  2.15688E+15 0.00109 
   72   72    1    1    1    1    1    1    1    1  1.59823E+15 0.00106 
   73   73    1    1    1    1    1    1    1    1  1.25621E+15 0.00148 
   74   74    1    1    1    1    1    1    1    1  1.03097E+15 0.00165 
   75   75    1    1    1    1    1    1    1    1  8.45055E+14 0.00166 
   76   76    1    1    1    1    1    1    1    1  9.68852E+14 0.00194 
   77   77    1    1    1    1    1    1    1    1  7.57484E+14 0.00176 
   78   78    1    1    1    1    1    1    1    1  5.75979E+14 0.00138 
   79   79    1    1    1    1    1    1    1    1  5.98571E+14 0.00138 
   80   80    1    1    1    1    1    1    1    1  4.49933E+14 0.00150 
   81   81    1    1    1    1    1    1    1    1  3.48930E+14 0.00185 
   82   82    1    1    1    1    1    1    1    1  2.70444E+14 0.00213 
   83   83    1    1    1    1    1    1    1    1  2.52613E+14 0.00226 
   84   84    1    1    1    1    1    1    1    1  1.81803E+14 0.00184 
   85   85    1    1    1    1    1    1    1    1  1.31670E+14 0.00198 
   86   86    1    1    1    1    1    1    1    1  1.23390E+14 0.00355 
   87   87    1    1    1    1    1    1    1    1  7.62435E+13 0.00245 
   88   88    1    1    1    1    1    1    1    1  5.13818E+13 0.00425 
   89   89    1    1    1    1    1    1    1    1  2.97296E+13 0.00635 
   90   90    1    1    1    1    1    1    1    1  1.95715E+13 0.00643 
   91   91    1    1    1    1    1    1    1    1  9.91235E+12 0.01040 
   92   92    1    1    1    1    1    1    1    1  4.82116E+12 0.01326 
   93   93    1    1    1    1    1    1    1    1  2.37612E+12 0.02187 
   94   94    1    1    1    1    1    1    1    1  1.13345E+12 0.02913 
   95   95    1    1    1    1    1    1    1    1  5.73106E+11 0.03928 
   96   96    1    1    1    1    1    1    1    1  2.60926E+11 0.05592 
   97   97    1    1    1    1    1    1    1    1  1.06262E+11 0.10642 
   98   98    1    1    1    1    1    1    1    1  5.80633E+10 0.11420 
   99   99    1    1    1    1    1    1    1    1  2.52065E+10 0.17851 
  100  100    1    1    1    1    1    1    1    1  2.78410E+10 0.16968 
];


