
DETdpaspec = [
    1    1    1    1    1    1    1    1    1    1  0.00000E+00 0.00000 
    2    2    1    1    1    1    1    1    1    1  0.00000E+00 0.00000 
    3    3    1    1    1    1    1    1    1    1  0.00000E+00 0.00000 
    4    4    1    1    1    1    1    1    1    1  0.00000E+00 0.00000 
    5    5    1    1    1    1    1    1    1    1  5.72225E+07 1.00000 
    6    6    1    1    1    1    1    1    1    1  0.00000E+00 0.00000 
    7    7    1    1    1    1    1    1    1    1  0.00000E+00 0.00000 
    8    8    1    1    1    1    1    1    1    1  2.40093E+07 1.00000 
    9    9    1    1    1    1    1    1    1    1  4.10631E+07 0.68889 
   10   10    1    1    1    1    1    1    1    1  6.96612E+07 1.00000 
   11   11    1    1    1    1    1    1    1    1  4.61948E+08 0.83022 
   12   12    1    1    1    1    1    1    1    1  1.03865E+08 0.54089 
   13   13    1    1    1    1    1    1    1    1  9.59957E+09 0.30538 
   14   14    1    1    1    1    1    1    1    1  1.38581E+10 0.19168 
   15   15    1    1    1    1    1    1    1    1  1.07313E+10 0.33413 
   16   16    1    1    1    1    1    1    1    1  4.74731E+09 0.40784 
   17   17    1    1    1    1    1    1    1    1  7.79360E+09 0.16265 
   18   18    1    1    1    1    1    1    1    1  2.91984E+10 0.13703 
   19   19    1    1    1    1    1    1    1    1  4.29022E+10 0.11384 
   20   20    1    1    1    1    1    1    1    1  1.19247E+11 0.08211 
   21   21    1    1    1    1    1    1    1    1  1.92545E+11 0.05202 
   22   22    1    1    1    1    1    1    1    1  8.39496E+11 0.02758 
   23   23    1    1    1    1    1    1    1    1  2.94586E+12 0.01554 
   24   24    1    1    1    1    1    1    1    1  7.32617E+12 0.00972 
   25   25    1    1    1    1    1    1    1    1  1.16562E+13 0.00786 
   26   26    1    1    1    1    1    1    1    1  2.24025E+13 0.00609 
   27   27    1    1    1    1    1    1    1    1  3.84719E+13 0.00511 
   28   28    1    1    1    1    1    1    1    1  7.24182E+13 0.00329 
   29   29    1    1    1    1    1    1    1    1  9.95749E+13 0.00322 
   30   30    1    1    1    1    1    1    1    1  1.67708E+14 0.00260 
   31   31    1    1    1    1    1    1    1    1  3.12487E+14 0.00212 
   32   32    1    1    1    1    1    1    1    1  3.88711E+14 0.00137 
   33   33    1    1    1    1    1    1    1    1  6.58730E+14 0.00159 
   34   34    1    1    1    1    1    1    1    1  7.18834E+14 0.00095 
   35   35    1    1    1    1    1    1    1    1  8.60135E+14 0.00105 
   36   36    1    1    1    1    1    1    1    1  7.00402E+14 0.00094 
   37   37    1    1    1    1    1    1    1    1  2.11104E+14 0.00122 
   38   38    1    1    1    1    1    1    1    1  9.58526E+14 0.00074 
   39   39    1    1    1    1    1    1    1    1  1.08750E+15 0.00102 
   40   40    1    1    1    1    1    1    1    1  1.79091E+15 0.00091 
   41   41    1    1    1    1    1    1    1    1  1.60836E+15 0.00079 
   42   42    1    1    1    1    1    1    1    1  2.70968E+15 0.00076 
   43   43    1    1    1    1    1    1    1    1  2.79617E+15 0.00078 
   44   44    1    1    1    1    1    1    1    1  3.47392E+15 0.00080 
   45   45    1    1    1    1    1    1    1    1  5.72278E+15 0.00078 
   46   46    1    1    1    1    1    1    1    1  3.24947E+15 0.00060 
   47   47    1    1    1    1    1    1    1    1  4.27261E+15 0.00068 
   48   48    1    1    1    1    1    1    1    1  5.96178E+15 0.00061 
   49   49    1    1    1    1    1    1    1    1  5.10451E+15 0.00086 
   50   50    1    1    1    1    1    1    1    1  7.88662E+15 0.00072 
   51   51    1    1    1    1    1    1    1    1  6.09616E+15 0.00075 
   52   52    1    1    1    1    1    1    1    1  6.83338E+15 0.00084 
   53   53    1    1    1    1    1    1    1    1  4.94822E+15 0.00080 
   54   54    1    1    1    1    1    1    1    1  6.05818E+15 0.00092 
   55   55    1    1    1    1    1    1    1    1  4.38464E+15 0.00080 
   56   56    1    1    1    1    1    1    1    1  6.08877E+14 0.00121 
   57   57    1    1    1    1    1    1    1    1  8.39314E+15 0.00091 
   58   58    1    1    1    1    1    1    1    1  3.73314E+15 0.00091 
   59   59    1    1    1    1    1    1    1    1  4.08224E+15 0.00082 
   60   60    1    1    1    1    1    1    1    1  3.35900E+15 0.00076 
   61   61    1    1    1    1    1    1    1    1  3.36348E+15 0.00085 
   62   62    1    1    1    1    1    1    1    1  3.31453E+15 0.00091 
   63   63    1    1    1    1    1    1    1    1  2.77589E+15 0.00084 
   64   64    1    1    1    1    1    1    1    1  2.18005E+15 0.00096 
   65   65    1    1    1    1    1    1    1    1  2.09997E+15 0.00079 
   66   66    1    1    1    1    1    1    1    1  1.79479E+15 0.00091 
   67   67    1    1    1    1    1    1    1    1  1.48066E+15 0.00095 
   68   68    1    1    1    1    1    1    1    1  1.28973E+15 0.00098 
   69   69    1    1    1    1    1    1    1    1  1.57939E+15 0.00094 
   70   70    1    1    1    1    1    1    1    1  1.35915E+15 0.00122 
   71   71    1    1    1    1    1    1    1    1  2.53604E+15 0.00103 
   72   72    1    1    1    1    1    1    1    1  1.87060E+15 0.00116 
   73   73    1    1    1    1    1    1    1    1  1.46990E+15 0.00120 
   74   74    1    1    1    1    1    1    1    1  1.21488E+15 0.00115 
   75   75    1    1    1    1    1    1    1    1  1.00340E+15 0.00132 
   76   76    1    1    1    1    1    1    1    1  1.15703E+15 0.00153 
   77   77    1    1    1    1    1    1    1    1  9.12362E+14 0.00131 
   78   78    1    1    1    1    1    1    1    1  6.97892E+14 0.00163 
   79   79    1    1    1    1    1    1    1    1  7.28436E+14 0.00097 
   80   80    1    1    1    1    1    1    1    1  5.47331E+14 0.00125 
   81   81    1    1    1    1    1    1    1    1  4.27205E+14 0.00161 
   82   82    1    1    1    1    1    1    1    1  3.31420E+14 0.00221 
   83   83    1    1    1    1    1    1    1    1  3.09796E+14 0.00187 
   84   84    1    1    1    1    1    1    1    1  2.22529E+14 0.00169 
   85   85    1    1    1    1    1    1    1    1  1.60655E+14 0.00216 
   86   86    1    1    1    1    1    1    1    1  1.50432E+14 0.00205 
   87   87    1    1    1    1    1    1    1    1  9.22796E+13 0.00354 
   88   88    1    1    1    1    1    1    1    1  6.28342E+13 0.00325 
   89   89    1    1    1    1    1    1    1    1  3.52459E+13 0.00563 
   90   90    1    1    1    1    1    1    1    1  2.38485E+13 0.00629 
   91   91    1    1    1    1    1    1    1    1  1.18643E+13 0.00841 
   92   92    1    1    1    1    1    1    1    1  5.81408E+12 0.01175 
   93   93    1    1    1    1    1    1    1    1  2.72099E+12 0.01757 
   94   94    1    1    1    1    1    1    1    1  1.29496E+12 0.02420 
   95   95    1    1    1    1    1    1    1    1  6.37258E+11 0.03929 
   96   96    1    1    1    1    1    1    1    1  3.18678E+11 0.05615 
   97   97    1    1    1    1    1    1    1    1  1.47963E+11 0.07211 
   98   98    1    1    1    1    1    1    1    1  4.97635E+10 0.10594 
   99   99    1    1    1    1    1    1    1    1  4.17176E+10 0.17427 
  100  100    1    1    1    1    1    1    1    1  3.27805E+10 0.14692 
];


