
DETdpaspec = [
    1    1    1    1    1    1    1    1    1    1  0.00000E+00 0.00000 
    2    2    1    1    1    1    1    1    1    1  0.00000E+00 0.00000 
    3    3    1    1    1    1    1    1    1    1  0.00000E+00 0.00000 
    4    4    1    1    1    1    1    1    1    1  1.39763E+07 1.00000 
    5    5    1    1    1    1    1    1    1    1  0.00000E+00 0.00000 
    6    6    1    1    1    1    1    1    1    1  0.00000E+00 0.00000 
    7    7    1    1    1    1    1    1    1    1  3.78681E+07 0.68838 
    8    8    1    1    1    1    1    1    1    1  4.92961E+07 1.00000 
    9    9    1    1    1    1    1    1    1    1  6.68541E+07 0.48414 
   10   10    1    1    1    1    1    1    1    1  3.19917E+08 0.59073 
   11   11    1    1    1    1    1    1    1    1  7.78926E+08 0.36131 
   12   12    1    1    1    1    1    1    1    1  1.00735E+08 0.87497 
   13   13    1    1    1    1    1    1    1    1  2.59572E+09 0.37812 
   14   14    1    1    1    1    1    1    1    1  7.90143E+09 0.25095 
   15   15    1    1    1    1    1    1    1    1  1.60762E+10 0.21485 
   16   16    1    1    1    1    1    1    1    1  4.17821E+09 0.20250 
   17   17    1    1    1    1    1    1    1    1  1.18530E+10 0.15341 
   18   18    1    1    1    1    1    1    1    1  3.18739E+10 0.13135 
   19   19    1    1    1    1    1    1    1    1  3.76914E+10 0.10230 
   20   20    1    1    1    1    1    1    1    1  1.03094E+11 0.08991 
   21   21    1    1    1    1    1    1    1    1  1.00873E+11 0.08172 
   22   22    1    1    1    1    1    1    1    1  2.83122E+11 0.04413 
   23   23    1    1    1    1    1    1    1    1  5.07944E+11 0.02539 
   24   24    1    1    1    1    1    1    1    1  1.02535E+12 0.02120 
   25   25    1    1    1    1    1    1    1    1  1.72106E+12 0.01789 
   26   26    1    1    1    1    1    1    1    1  3.59006E+12 0.01357 
   27   27    1    1    1    1    1    1    1    1  7.15783E+12 0.00844 
   28   28    1    1    1    1    1    1    1    1  1.46892E+13 0.00630 
   29   29    1    1    1    1    1    1    1    1  1.87538E+13 0.00625 
   30   30    1    1    1    1    1    1    1    1  4.30312E+13 0.00483 
   31   31    1    1    1    1    1    1    1    1  8.97792E+13 0.00382 
   32   32    1    1    1    1    1    1    1    1  1.19142E+14 0.00206 
   33   33    1    1    1    1    1    1    1    1  2.17760E+14 0.00260 
   34   34    1    1    1    1    1    1    1    1  2.26393E+14 0.00249 
   35   35    1    1    1    1    1    1    1    1  3.17198E+14 0.00210 
   36   36    1    1    1    1    1    1    1    1  2.71789E+14 0.00155 
   37   37    1    1    1    1    1    1    1    1  8.59146E+13 0.00164 
   38   38    1    1    1    1    1    1    1    1  3.78785E+14 0.00179 
   39   39    1    1    1    1    1    1    1    1  4.34933E+14 0.00158 
   40   40    1    1    1    1    1    1    1    1  7.02868E+14 0.00180 
   41   41    1    1    1    1    1    1    1    1  6.59214E+14 0.00175 
   42   42    1    1    1    1    1    1    1    1  1.09467E+15 0.00181 
   43   43    1    1    1    1    1    1    1    1  1.13418E+15 0.00166 
   44   44    1    1    1    1    1    1    1    1  1.40691E+15 0.00152 
   45   45    1    1    1    1    1    1    1    1  2.31047E+15 0.00152 
   46   46    1    1    1    1    1    1    1    1  1.30164E+15 0.00145 
   47   47    1    1    1    1    1    1    1    1  1.74269E+15 0.00157 
   48   48    1    1    1    1    1    1    1    1  2.41416E+15 0.00143 
   49   49    1    1    1    1    1    1    1    1  2.10096E+15 0.00149 
   50   50    1    1    1    1    1    1    1    1  3.17208E+15 0.00142 
   51   51    1    1    1    1    1    1    1    1  2.48427E+15 0.00165 
   52   52    1    1    1    1    1    1    1    1  2.72991E+15 0.00155 
   53   53    1    1    1    1    1    1    1    1  1.97399E+15 0.00137 
   54   54    1    1    1    1    1    1    1    1  2.36363E+15 0.00162 
   55   55    1    1    1    1    1    1    1    1  1.71290E+15 0.00179 
   56   56    1    1    1    1    1    1    1    1  2.38511E+14 0.00209 
   57   57    1    1    1    1    1    1    1    1  3.27345E+15 0.00180 
   58   58    1    1    1    1    1    1    1    1  1.41139E+15 0.00154 
   59   59    1    1    1    1    1    1    1    1  1.55804E+15 0.00154 
   60   60    1    1    1    1    1    1    1    1  1.24792E+15 0.00186 
   61   61    1    1    1    1    1    1    1    1  1.24965E+15 0.00153 
   62   62    1    1    1    1    1    1    1    1  1.22469E+15 0.00177 
   63   63    1    1    1    1    1    1    1    1  1.01674E+15 0.00178 
   64   64    1    1    1    1    1    1    1    1  7.91773E+14 0.00167 
   65   65    1    1    1    1    1    1    1    1  7.66154E+14 0.00169 
   66   66    1    1    1    1    1    1    1    1  6.49381E+14 0.00180 
   67   67    1    1    1    1    1    1    1    1  5.38533E+14 0.00204 
   68   68    1    1    1    1    1    1    1    1  4.70251E+14 0.00176 
   69   69    1    1    1    1    1    1    1    1  5.75805E+14 0.00177 
   70   70    1    1    1    1    1    1    1    1  4.96504E+14 0.00188 
   71   71    1    1    1    1    1    1    1    1  9.47219E+14 0.00217 
   72   72    1    1    1    1    1    1    1    1  7.03104E+14 0.00222 
   73   73    1    1    1    1    1    1    1    1  5.51388E+14 0.00231 
   74   74    1    1    1    1    1    1    1    1  4.46416E+14 0.00181 
   75   75    1    1    1    1    1    1    1    1  3.61260E+14 0.00258 
   76   76    1    1    1    1    1    1    1    1  4.06380E+14 0.00214 
   77   77    1    1    1    1    1    1    1    1  3.12795E+14 0.00217 
   78   78    1    1    1    1    1    1    1    1  2.35366E+14 0.00262 
   79   79    1    1    1    1    1    1    1    1  2.43031E+14 0.00243 
   80   80    1    1    1    1    1    1    1    1  1.81311E+14 0.00267 
   81   81    1    1    1    1    1    1    1    1  1.40617E+14 0.00326 
   82   82    1    1    1    1    1    1    1    1  1.08552E+14 0.00433 
   83   83    1    1    1    1    1    1    1    1  1.01193E+14 0.00333 
   84   84    1    1    1    1    1    1    1    1  7.27188E+13 0.00314 
   85   85    1    1    1    1    1    1    1    1  5.23382E+13 0.00486 
   86   86    1    1    1    1    1    1    1    1  4.90926E+13 0.00388 
   87   87    1    1    1    1    1    1    1    1  3.03702E+13 0.00559 
   88   88    1    1    1    1    1    1    1    1  2.09070E+13 0.00758 
   89   89    1    1    1    1    1    1    1    1  1.19385E+13 0.00857 
   90   90    1    1    1    1    1    1    1    1  7.86389E+12 0.01237 
   91   91    1    1    1    1    1    1    1    1  4.04422E+12 0.01271 
   92   92    1    1    1    1    1    1    1    1  1.95205E+12 0.02307 
   93   93    1    1    1    1    1    1    1    1  9.49986E+11 0.02182 
   94   94    1    1    1    1    1    1    1    1  4.70430E+11 0.05831 
   95   95    1    1    1    1    1    1    1    1  2.33128E+11 0.06306 
   96   96    1    1    1    1    1    1    1    1  1.12871E+11 0.10195 
   97   97    1    1    1    1    1    1    1    1  5.53788E+10 0.13972 
   98   98    1    1    1    1    1    1    1    1  2.96572E+10 0.19589 
   99   99    1    1    1    1    1    1    1    1  1.71302E+10 0.16519 
  100  100    1    1    1    1    1    1    1    1  1.48663E+10 0.23622 
];


