
DETdpaspec = [
    1    1    1    1    1    1    1    1    1    1  0.00000E+00 0.00000 
    2    2    1    1    1    1    1    1    1    1  0.00000E+00 0.00000 
    3    3    1    1    1    1    1    1    1    1  0.00000E+00 0.00000 
    4    4    1    1    1    1    1    1    1    1  0.00000E+00 0.00000 
    5    5    1    1    1    1    1    1    1    1  0.00000E+00 0.00000 
    6    6    1    1    1    1    1    1    1    1  1.64259E+07 1.00000 
    7    7    1    1    1    1    1    1    1    1  0.00000E+00 0.00000 
    8    8    1    1    1    1    1    1    1    1  0.00000E+00 0.00000 
    9    9    1    1    1    1    1    1    1    1  2.42087E+07 0.69142 
   10   10    1    1    1    1    1    1    1    1  1.38514E+08 0.68827 
   11   11    1    1    1    1    1    1    1    1  4.24858E+08 0.44614 
   12   12    1    1    1    1    1    1    1    1  3.97813E+08 0.29505 
   13   13    1    1    1    1    1    1    1    1  6.98272E+09 0.30310 
   14   14    1    1    1    1    1    1    1    1  6.81997E+09 0.33601 
   15   15    1    1    1    1    1    1    1    1  1.26930E+10 0.29299 
   16   16    1    1    1    1    1    1    1    1  5.86414E+09 0.19051 
   17   17    1    1    1    1    1    1    1    1  8.73788E+09 0.22694 
   18   18    1    1    1    1    1    1    1    1  2.25357E+10 0.15047 
   19   19    1    1    1    1    1    1    1    1  4.28442E+10 0.09777 
   20   20    1    1    1    1    1    1    1    1  1.15489E+11 0.06994 
   21   21    1    1    1    1    1    1    1    1  1.25573E+11 0.05619 
   22   22    1    1    1    1    1    1    1    1  3.55812E+11 0.03490 
   23   23    1    1    1    1    1    1    1    1  9.95185E+11 0.02180 
   24   24    1    1    1    1    1    1    1    1  2.46184E+12 0.01793 
   25   25    1    1    1    1    1    1    1    1  4.38099E+12 0.01387 
   26   26    1    1    1    1    1    1    1    1  9.19807E+12 0.00865 
   27   27    1    1    1    1    1    1    1    1  1.74769E+13 0.00636 
   28   28    1    1    1    1    1    1    1    1  3.64264E+13 0.00504 
   29   29    1    1    1    1    1    1    1    1  5.04039E+13 0.00512 
   30   30    1    1    1    1    1    1    1    1  9.75718E+13 0.00317 
   31   31    1    1    1    1    1    1    1    1  1.98609E+14 0.00279 
   32   32    1    1    1    1    1    1    1    1  2.59695E+14 0.00157 
   33   33    1    1    1    1    1    1    1    1  4.64967E+14 0.00165 
   34   34    1    1    1    1    1    1    1    1  5.05518E+14 0.00175 
   35   35    1    1    1    1    1    1    1    1  6.54194E+14 0.00123 
   36   36    1    1    1    1    1    1    1    1  5.51167E+14 0.00137 
   37   37    1    1    1    1    1    1    1    1  1.70170E+14 0.00135 
   38   38    1    1    1    1    1    1    1    1  7.68158E+14 0.00118 
   39   39    1    1    1    1    1    1    1    1  8.79626E+14 0.00134 
   40   40    1    1    1    1    1    1    1    1  1.44915E+15 0.00107 
   41   41    1    1    1    1    1    1    1    1  1.33067E+15 0.00093 
   42   42    1    1    1    1    1    1    1    1  2.24533E+15 0.00086 
   43   43    1    1    1    1    1    1    1    1  2.33472E+15 0.00092 
   44   44    1    1    1    1    1    1    1    1  2.91750E+15 0.00092 
   45   45    1    1    1    1    1    1    1    1  4.84302E+15 0.00092 
   46   46    1    1    1    1    1    1    1    1  2.75718E+15 0.00090 
   47   47    1    1    1    1    1    1    1    1  3.66142E+15 0.00085 
   48   48    1    1    1    1    1    1    1    1  5.12736E+15 0.00076 
   49   49    1    1    1    1    1    1    1    1  4.43383E+15 0.00081 
   50   50    1    1    1    1    1    1    1    1  6.83015E+15 0.00087 
   51   51    1    1    1    1    1    1    1    1  5.32593E+15 0.00078 
   52   52    1    1    1    1    1    1    1    1  5.95010E+15 0.00085 
   53   53    1    1    1    1    1    1    1    1  4.32298E+15 0.00086 
   54   54    1    1    1    1    1    1    1    1  5.26726E+15 0.00081 
   55   55    1    1    1    1    1    1    1    1  3.82099E+15 0.00077 
   56   56    1    1    1    1    1    1    1    1  5.31927E+14 0.00096 
   57   57    1    1    1    1    1    1    1    1  7.32373E+15 0.00078 
   58   58    1    1    1    1    1    1    1    1  3.23612E+15 0.00077 
   59   59    1    1    1    1    1    1    1    1  3.55546E+15 0.00076 
   60   60    1    1    1    1    1    1    1    1  2.90432E+15 0.00081 
   61   61    1    1    1    1    1    1    1    1  2.90680E+15 0.00079 
   62   62    1    1    1    1    1    1    1    1  2.86718E+15 0.00059 
   63   63    1    1    1    1    1    1    1    1  2.40026E+15 0.00070 
   64   64    1    1    1    1    1    1    1    1  1.88196E+15 0.00087 
   65   65    1    1    1    1    1    1    1    1  1.81549E+15 0.00076 
   66   66    1    1    1    1    1    1    1    1  1.55184E+15 0.00072 
   67   67    1    1    1    1    1    1    1    1  1.28358E+15 0.00116 
   68   68    1    1    1    1    1    1    1    1  1.12067E+15 0.00121 
   69   69    1    1    1    1    1    1    1    1  1.37428E+15 0.00138 
   70   70    1    1    1    1    1    1    1    1  1.18482E+15 0.00088 
   71   71    1    1    1    1    1    1    1    1  2.23520E+15 0.00089 
   72   72    1    1    1    1    1    1    1    1  1.65414E+15 0.00104 
   73   73    1    1    1    1    1    1    1    1  1.30253E+15 0.00097 
   74   74    1    1    1    1    1    1    1    1  1.06795E+15 0.00082 
   75   75    1    1    1    1    1    1    1    1  8.77031E+14 0.00154 
   76   76    1    1    1    1    1    1    1    1  1.00648E+15 0.00116 
   77   77    1    1    1    1    1    1    1    1  7.88100E+14 0.00129 
   78   78    1    1    1    1    1    1    1    1  6.00196E+14 0.00117 
   79   79    1    1    1    1    1    1    1    1  6.22755E+14 0.00151 
   80   80    1    1    1    1    1    1    1    1  4.69328E+14 0.00153 
   81   81    1    1    1    1    1    1    1    1  3.65197E+14 0.00185 
   82   82    1    1    1    1    1    1    1    1  2.82477E+14 0.00201 
   83   83    1    1    1    1    1    1    1    1  2.63192E+14 0.00175 
   84   84    1    1    1    1    1    1    1    1  1.89933E+14 0.00155 
   85   85    1    1    1    1    1    1    1    1  1.36938E+14 0.00335 
   86   86    1    1    1    1    1    1    1    1  1.28480E+14 0.00306 
   87   87    1    1    1    1    1    1    1    1  7.95731E+13 0.00333 
   88   88    1    1    1    1    1    1    1    1  5.35282E+13 0.00269 
   89   89    1    1    1    1    1    1    1    1  3.06848E+13 0.00673 
   90   90    1    1    1    1    1    1    1    1  2.04245E+13 0.00488 
   91   91    1    1    1    1    1    1    1    1  1.03048E+13 0.01070 
   92   92    1    1    1    1    1    1    1    1  5.03832E+12 0.01491 
   93   93    1    1    1    1    1    1    1    1  2.41238E+12 0.02030 
   94   94    1    1    1    1    1    1    1    1  1.20600E+12 0.03058 
   95   95    1    1    1    1    1    1    1    1  6.04767E+11 0.04634 
   96   96    1    1    1    1    1    1    1    1  3.04737E+11 0.05028 
   97   97    1    1    1    1    1    1    1    1  1.32434E+11 0.07734 
   98   98    1    1    1    1    1    1    1    1  5.17844E+10 0.10580 
   99   99    1    1    1    1    1    1    1    1  3.92064E+10 0.19283 
  100  100    1    1    1    1    1    1    1    1  2.71925E+10 0.23461 
];


