
DETdpaspec = [
    1    1    1    1    1    1    1    1    1    1  0.00000E+00 0.00000 
    2    2    1    1    1    1    1    1    1    1  0.00000E+00 0.00000 
    3    3    1    1    1    1    1    1    1    1  0.00000E+00 0.00000 
    4    4    1    1    1    1    1    1    1    1  0.00000E+00 0.00000 
    5    5    1    1    1    1    1    1    1    1  0.00000E+00 0.00000 
    6    6    1    1    1    1    1    1    1    1  0.00000E+00 0.00000 
    7    7    1    1    1    1    1    1    1    1  0.00000E+00 0.00000 
    8    8    1    1    1    1    1    1    1    1  0.00000E+00 0.00000 
    9    9    1    1    1    1    1    1    1    1  2.08426E+07 1.00000 
   10   10    1    1    1    1    1    1    1    1  0.00000E+00 0.00000 
   11   11    1    1    1    1    1    1    1    1  5.00133E+08 0.78133 
   12   12    1    1    1    1    1    1    1    1  7.18767E+08 0.38869 
   13   13    1    1    1    1    1    1    1    1  4.29355E+09 0.33093 
   14   14    1    1    1    1    1    1    1    1  4.89742E+09 0.36522 
   15   15    1    1    1    1    1    1    1    1  1.07783E+10 0.31974 
   16   16    1    1    1    1    1    1    1    1  4.67091E+09 0.45208 
   17   17    1    1    1    1    1    1    1    1  1.95800E+10 0.25356 
   18   18    1    1    1    1    1    1    1    1  4.13782E+10 0.12164 
   19   19    1    1    1    1    1    1    1    1  1.07289E+11 0.08275 
   20   20    1    1    1    1    1    1    1    1  5.56369E+11 0.04442 
   21   21    1    1    1    1    1    1    1    1  1.21177E+12 0.02048 
   22   22    1    1    1    1    1    1    1    1  4.92411E+12 0.01325 
   23   23    1    1    1    1    1    1    1    1  1.38154E+13 0.00805 
   24   24    1    1    1    1    1    1    1    1  2.79354E+13 0.00637 
   25   25    1    1    1    1    1    1    1    1  3.80186E+13 0.00542 
   26   26    1    1    1    1    1    1    1    1  6.36358E+13 0.00395 
   27   27    1    1    1    1    1    1    1    1  9.50866E+13 0.00287 
   28   28    1    1    1    1    1    1    1    1  1.55642E+14 0.00209 
   29   29    1    1    1    1    1    1    1    1  1.96288E+14 0.00184 
   30   30    1    1    1    1    1    1    1    1  2.98429E+14 0.00123 
   31   31    1    1    1    1    1    1    1    1  4.93549E+14 0.00157 
   32   32    1    1    1    1    1    1    1    1  5.75700E+14 0.00145 
   33   33    1    1    1    1    1    1    1    1  9.10727E+14 0.00107 
   34   34    1    1    1    1    1    1    1    1  9.64327E+14 0.00115 
   35   35    1    1    1    1    1    1    1    1  1.07643E+15 0.00086 
   36   36    1    1    1    1    1    1    1    1  8.40241E+14 0.00083 
   37   37    1    1    1    1    1    1    1    1  2.48593E+14 0.00082 
   38   38    1    1    1    1    1    1    1    1  1.12983E+15 0.00071 
   39   39    1    1    1    1    1    1    1    1  1.26151E+15 0.00077 
   40   40    1    1    1    1    1    1    1    1  2.05911E+15 0.00072 
   41   41    1    1    1    1    1    1    1    1  1.80934E+15 0.00073 
   42   42    1    1    1    1    1    1    1    1  3.02564E+15 0.00074 
   43   43    1    1    1    1    1    1    1    1  3.08579E+15 0.00051 
   44   44    1    1    1    1    1    1    1    1  3.78857E+15 0.00068 
   45   45    1    1    1    1    1    1    1    1  6.16267E+15 0.00059 
   46   46    1    1    1    1    1    1    1    1  3.45037E+15 0.00064 
   47   47    1    1    1    1    1    1    1    1  4.49609E+15 0.00053 
   48   48    1    1    1    1    1    1    1    1  6.22607E+15 0.00058 
   49   49    1    1    1    1    1    1    1    1  5.27487E+15 0.00049 
   50   50    1    1    1    1    1    1    1    1  8.11441E+15 0.00058 
   51   51    1    1    1    1    1    1    1    1  6.19933E+15 0.00073 
   52   52    1    1    1    1    1    1    1    1  6.92689E+15 0.00076 
   53   53    1    1    1    1    1    1    1    1  4.98041E+15 0.00061 
   54   54    1    1    1    1    1    1    1    1  6.08880E+15 0.00058 
   55   55    1    1    1    1    1    1    1    1  4.39141E+15 0.00084 
   56   56    1    1    1    1    1    1    1    1  6.08141E+14 0.00084 
   57   57    1    1    1    1    1    1    1    1  8.34829E+15 0.00056 
   58   58    1    1    1    1    1    1    1    1  3.71792E+15 0.00085 
   59   59    1    1    1    1    1    1    1    1  4.04033E+15 0.00071 
   60   60    1    1    1    1    1    1    1    1  3.32758E+15 0.00080 
   61   61    1    1    1    1    1    1    1    1  3.32080E+15 0.00084 
   62   62    1    1    1    1    1    1    1    1  3.26625E+15 0.00085 
   63   63    1    1    1    1    1    1    1    1  2.73087E+15 0.00077 
   64   64    1    1    1    1    1    1    1    1  2.13741E+15 0.00072 
   65   65    1    1    1    1    1    1    1    1  2.05203E+15 0.00091 
   66   66    1    1    1    1    1    1    1    1  1.75215E+15 0.00101 
   67   67    1    1    1    1    1    1    1    1  1.43946E+15 0.00091 
   68   68    1    1    1    1    1    1    1    1  1.24888E+15 0.00101 
   69   69    1    1    1    1    1    1    1    1  1.52789E+15 0.00101 
   70   70    1    1    1    1    1    1    1    1  1.31113E+15 0.00103 
   71   71    1    1    1    1    1    1    1    1  2.42319E+15 0.00075 
   72   72    1    1    1    1    1    1    1    1  1.77583E+15 0.00107 
   73   73    1    1    1    1    1    1    1    1  1.39237E+15 0.00117 
   74   74    1    1    1    1    1    1    1    1  1.15485E+15 0.00106 
   75   75    1    1    1    1    1    1    1    1  9.54245E+14 0.00095 
   76   76    1    1    1    1    1    1    1    1  1.10353E+15 0.00104 
   77   77    1    1    1    1    1    1    1    1  8.73163E+14 0.00132 
   78   78    1    1    1    1    1    1    1    1  6.68004E+14 0.00134 
   79   79    1    1    1    1    1    1    1    1  6.97962E+14 0.00102 
   80   80    1    1    1    1    1    1    1    1  5.24812E+14 0.00149 
   81   81    1    1    1    1    1    1    1    1  4.08736E+14 0.00155 
   82   82    1    1    1    1    1    1    1    1  3.17128E+14 0.00198 
   83   83    1    1    1    1    1    1    1    1  2.95534E+14 0.00220 
   84   84    1    1    1    1    1    1    1    1  2.12347E+14 0.00215 
   85   85    1    1    1    1    1    1    1    1  1.53727E+14 0.00204 
   86   86    1    1    1    1    1    1    1    1  1.42516E+14 0.00315 
   87   87    1    1    1    1    1    1    1    1  8.73913E+13 0.00389 
   88   88    1    1    1    1    1    1    1    1  5.86656E+13 0.00343 
   89   89    1    1    1    1    1    1    1    1  3.35561E+13 0.00583 
   90   90    1    1    1    1    1    1    1    1  2.21498E+13 0.00554 
   91   91    1    1    1    1    1    1    1    1  1.09172E+13 0.01103 
   92   92    1    1    1    1    1    1    1    1  5.24009E+12 0.01127 
   93   93    1    1    1    1    1    1    1    1  2.52472E+12 0.01656 
   94   94    1    1    1    1    1    1    1    1  1.18140E+12 0.02827 
   95   95    1    1    1    1    1    1    1    1  5.93311E+11 0.02413 
   96   96    1    1    1    1    1    1    1    1  3.20489E+11 0.06801 
   97   97    1    1    1    1    1    1    1    1  1.15767E+11 0.09126 
   98   98    1    1    1    1    1    1    1    1  5.63199E+10 0.12662 
   99   99    1    1    1    1    1    1    1    1  2.14721E+10 0.23726 
  100  100    1    1    1    1    1    1    1    1  1.99168E+10 0.19531 
];


