
DETdpaspec = [
    1    1    1    1    1    1    1    1    1    1  0.00000E+00 0.00000 
    2    2    1    1    1    1    1    1    1    1  0.00000E+00 0.00000 
    3    3    1    1    1    1    1    1    1    1  0.00000E+00 0.00000 
    4    4    1    1    1    1    1    1    1    1  0.00000E+00 0.00000 
    5    5    1    1    1    1    1    1    1    1  0.00000E+00 0.00000 
    6    6    1    1    1    1    1    1    1    1  0.00000E+00 0.00000 
    7    7    1    1    1    1    1    1    1    1  0.00000E+00 0.00000 
    8    8    1    1    1    1    1    1    1    1  3.93976E+07 1.00000 
    9    9    1    1    1    1    1    1    1    1  0.00000E+00 0.00000 
   10   10    1    1    1    1    1    1    1    1  0.00000E+00 0.00000 
   11   11    1    1    1    1    1    1    1    1  0.00000E+00 0.00000 
   12   12    1    1    1    1    1    1    1    1  2.87371E+09 0.35247 
   13   13    1    1    1    1    1    1    1    1  8.04156E+09 0.31697 
   14   14    1    1    1    1    1    1    1    1  8.69335E+09 0.34839 
   15   15    1    1    1    1    1    1    1    1  1.14229E+10 0.30627 
   16   16    1    1    1    1    1    1    1    1  1.11761E+10 0.23112 
   17   17    1    1    1    1    1    1    1    1  3.25329E+10 0.15941 
   18   18    1    1    1    1    1    1    1    1  9.20206E+10 0.07125 
   19   19    1    1    1    1    1    1    1    1  2.89612E+11 0.04499 
   20   20    1    1    1    1    1    1    1    1  1.34473E+12 0.01983 
   21   21    1    1    1    1    1    1    1    1  3.04105E+12 0.01684 
   22   22    1    1    1    1    1    1    1    1  1.06936E+13 0.00859 
   23   23    1    1    1    1    1    1    1    1  2.68052E+13 0.00514 
   24   24    1    1    1    1    1    1    1    1  4.84814E+13 0.00408 
   25   25    1    1    1    1    1    1    1    1  6.07926E+13 0.00369 
   26   26    1    1    1    1    1    1    1    1  9.54929E+13 0.00353 
   27   27    1    1    1    1    1    1    1    1  1.35524E+14 0.00301 
   28   28    1    1    1    1    1    1    1    1  2.07175E+14 0.00222 
   29   29    1    1    1    1    1    1    1    1  2.50232E+14 0.00195 
   30   30    1    1    1    1    1    1    1    1  3.69139E+14 0.00181 
   31   31    1    1    1    1    1    1    1    1  5.74607E+14 0.00128 
   32   32    1    1    1    1    1    1    1    1  6.52661E+14 0.00155 
   33   33    1    1    1    1    1    1    1    1  1.00564E+15 0.00135 
   34   34    1    1    1    1    1    1    1    1  1.04796E+15 0.00112 
   35   35    1    1    1    1    1    1    1    1  1.14452E+15 0.00104 
   36   36    1    1    1    1    1    1    1    1  8.77393E+14 0.00089 
   37   37    1    1    1    1    1    1    1    1  2.57552E+14 0.00105 
   38   38    1    1    1    1    1    1    1    1  1.17025E+15 0.00097 
   39   39    1    1    1    1    1    1    1    1  1.29826E+15 0.00074 
   40   40    1    1    1    1    1    1    1    1  2.10762E+15 0.00059 
   41   41    1    1    1    1    1    1    1    1  1.83711E+15 0.00076 
   42   42    1    1    1    1    1    1    1    1  3.05896E+15 0.00056 
   43   43    1    1    1    1    1    1    1    1  3.10179E+15 0.00069 
   44   44    1    1    1    1    1    1    1    1  3.78995E+15 0.00074 
   45   45    1    1    1    1    1    1    1    1  6.12647E+15 0.00066 
   46   46    1    1    1    1    1    1    1    1  3.40919E+15 0.00080 
   47   47    1    1    1    1    1    1    1    1  4.43008E+15 0.00072 
   48   48    1    1    1    1    1    1    1    1  6.09885E+15 0.00081 
   49   49    1    1    1    1    1    1    1    1  5.14537E+15 0.00074 
   50   50    1    1    1    1    1    1    1    1  7.88944E+15 0.00068 
   51   51    1    1    1    1    1    1    1    1  5.99320E+15 0.00071 
   52   52    1    1    1    1    1    1    1    1  6.68493E+15 0.00074 
   53   53    1    1    1    1    1    1    1    1  4.78672E+15 0.00066 
   54   54    1    1    1    1    1    1    1    1  5.84495E+15 0.00074 
   55   55    1    1    1    1    1    1    1    1  4.20411E+15 0.00072 
   56   56    1    1    1    1    1    1    1    1  5.81772E+14 0.00119 
   57   57    1    1    1    1    1    1    1    1  7.96804E+15 0.00087 
   58   58    1    1    1    1    1    1    1    1  3.54600E+15 0.00083 
   59   59    1    1    1    1    1    1    1    1  3.84330E+15 0.00087 
   60   60    1    1    1    1    1    1    1    1  3.16288E+15 0.00092 
   61   61    1    1    1    1    1    1    1    1  3.14983E+15 0.00092 
   62   62    1    1    1    1    1    1    1    1  3.09364E+15 0.00101 
   63   63    1    1    1    1    1    1    1    1  2.58261E+15 0.00101 
   64   64    1    1    1    1    1    1    1    1  2.02033E+15 0.00107 
   65   65    1    1    1    1    1    1    1    1  1.93401E+15 0.00130 
   66   66    1    1    1    1    1    1    1    1  1.64879E+15 0.00119 
   67   67    1    1    1    1    1    1    1    1  1.35185E+15 0.00114 
   68   68    1    1    1    1    1    1    1    1  1.17304E+15 0.00121 
   69   69    1    1    1    1    1    1    1    1  1.43391E+15 0.00128 
   70   70    1    1    1    1    1    1    1    1  1.22586E+15 0.00108 
   71   71    1    1    1    1    1    1    1    1  2.26074E+15 0.00115 
   72   72    1    1    1    1    1    1    1    1  1.65142E+15 0.00103 
   73   73    1    1    1    1    1    1    1    1  1.29286E+15 0.00121 
   74   74    1    1    1    1    1    1    1    1  1.06722E+15 0.00162 
   75   75    1    1    1    1    1    1    1    1  8.85003E+14 0.00105 
   76   76    1    1    1    1    1    1    1    1  1.02054E+15 0.00131 
   77   77    1    1    1    1    1    1    1    1  8.06972E+14 0.00106 
   78   78    1    1    1    1    1    1    1    1  6.18365E+14 0.00157 
   79   79    1    1    1    1    1    1    1    1  6.44283E+14 0.00126 
   80   80    1    1    1    1    1    1    1    1  4.84760E+14 0.00188 
   81   81    1    1    1    1    1    1    1    1  3.76384E+14 0.00192 
   82   82    1    1    1    1    1    1    1    1  2.91674E+14 0.00159 
   83   83    1    1    1    1    1    1    1    1  2.71820E+14 0.00175 
   84   84    1    1    1    1    1    1    1    1  1.95044E+14 0.00219 
   85   85    1    1    1    1    1    1    1    1  1.40706E+14 0.00255 
   86   86    1    1    1    1    1    1    1    1  1.30999E+14 0.00262 
   87   87    1    1    1    1    1    1    1    1  7.99685E+13 0.00328 
   88   88    1    1    1    1    1    1    1    1  5.35461E+13 0.00444 
   89   89    1    1    1    1    1    1    1    1  3.04924E+13 0.00593 
   90   90    1    1    1    1    1    1    1    1  1.99709E+13 0.00564 
   91   91    1    1    1    1    1    1    1    1  9.75155E+12 0.01005 
   92   92    1    1    1    1    1    1    1    1  4.69534E+12 0.01477 
   93   93    1    1    1    1    1    1    1    1  2.25505E+12 0.02304 
   94   94    1    1    1    1    1    1    1    1  1.06317E+12 0.03118 
   95   95    1    1    1    1    1    1    1    1  4.98603E+11 0.04011 
   96   96    1    1    1    1    1    1    1    1  2.44157E+11 0.04554 
   97   97    1    1    1    1    1    1    1    1  1.29339E+11 0.10309 
   98   98    1    1    1    1    1    1    1    1  5.33920E+10 0.12757 
   99   99    1    1    1    1    1    1    1    1  2.40845E+10 0.16839 
  100  100    1    1    1    1    1    1    1    1  2.50349E+10 0.18628 
];


