
DETdpaspec = [
    1    1    1    1    1    1    1    1    1    1  0.00000E+00 0.00000 
    2    2    1    1    1    1    1    1    1    1  0.00000E+00 0.00000 
    3    3    1    1    1    1    1    1    1    1  0.00000E+00 0.00000 
    4    4    1    1    1    1    1    1    1    1  0.00000E+00 0.00000 
    5    5    1    1    1    1    1    1    1    1  0.00000E+00 0.00000 
    6    6    1    1    1    1    1    1    1    1  3.06450E+07 1.00000 
    7    7    1    1    1    1    1    1    1    1  0.00000E+00 0.00000 
    8    8    1    1    1    1    1    1    1    1  9.01335E+07 0.60159 
    9    9    1    1    1    1    1    1    1    1  6.82823E+07 0.60177 
   10   10    1    1    1    1    1    1    1    1  5.00171E+08 0.49872 
   11   11    1    1    1    1    1    1    1    1  1.13620E+09 0.81338 
   12   12    1    1    1    1    1    1    1    1  5.20582E+08 0.39286 
   13   13    1    1    1    1    1    1    1    1  6.91641E+09 0.29822 
   14   14    1    1    1    1    1    1    1    1  1.23063E+10 0.24646 
   15   15    1    1    1    1    1    1    1    1  1.35667E+10 0.29149 
   16   16    1    1    1    1    1    1    1    1  9.09741E+09 0.22707 
   17   17    1    1    1    1    1    1    1    1  1.41160E+10 0.21539 
   18   18    1    1    1    1    1    1    1    1  2.72182E+10 0.13495 
   19   19    1    1    1    1    1    1    1    1  6.04691E+10 0.09645 
   20   20    1    1    1    1    1    1    1    1  2.02605E+11 0.05682 
   21   21    1    1    1    1    1    1    1    1  3.65401E+11 0.02856 
   22   22    1    1    1    1    1    1    1    1  1.72671E+12 0.01202 
   23   23    1    1    1    1    1    1    1    1  5.92118E+12 0.01327 
   24   24    1    1    1    1    1    1    1    1  1.35648E+13 0.00824 
   25   25    1    1    1    1    1    1    1    1  2.02743E+13 0.00634 
   26   26    1    1    1    1    1    1    1    1  3.63715E+13 0.00491 
   27   27    1    1    1    1    1    1    1    1  5.89666E+13 0.00299 
   28   28    1    1    1    1    1    1    1    1  1.03994E+14 0.00272 
   29   29    1    1    1    1    1    1    1    1  1.38132E+14 0.00227 
   30   30    1    1    1    1    1    1    1    1  2.21618E+14 0.00179 
   31   31    1    1    1    1    1    1    1    1  3.90450E+14 0.00188 
   32   32    1    1    1    1    1    1    1    1  4.70649E+14 0.00127 
   33   33    1    1    1    1    1    1    1    1  7.74268E+14 0.00107 
   34   34    1    1    1    1    1    1    1    1  8.34810E+14 0.00091 
   35   35    1    1    1    1    1    1    1    1  9.66050E+14 0.00088 
   36   36    1    1    1    1    1    1    1    1  7.71241E+14 0.00086 
   37   37    1    1    1    1    1    1    1    1  2.29817E+14 0.00084 
   38   38    1    1    1    1    1    1    1    1  1.04650E+15 0.00094 
   39   39    1    1    1    1    1    1    1    1  1.17673E+15 0.00095 
   40   40    1    1    1    1    1    1    1    1  1.93256E+15 0.00077 
   41   41    1    1    1    1    1    1    1    1  1.71544E+15 0.00084 
   42   42    1    1    1    1    1    1    1    1  2.88334E+15 0.00069 
   43   43    1    1    1    1    1    1    1    1  2.95719E+15 0.00072 
   44   44    1    1    1    1    1    1    1    1  3.65784E+15 0.00078 
   45   45    1    1    1    1    1    1    1    1  5.99588E+15 0.00069 
   46   46    1    1    1    1    1    1    1    1  3.38244E+15 0.00060 
   47   47    1    1    1    1    1    1    1    1  4.42937E+15 0.00064 
   48   48    1    1    1    1    1    1    1    1  6.16160E+15 0.00064 
   49   49    1    1    1    1    1    1    1    1  5.25339E+15 0.00043 
   50   50    1    1    1    1    1    1    1    1  8.10582E+15 0.00059 
   51   51    1    1    1    1    1    1    1    1  6.22809E+15 0.00067 
   52   52    1    1    1    1    1    1    1    1  6.97997E+15 0.00053 
   53   53    1    1    1    1    1    1    1    1  5.03573E+15 0.00055 
   54   54    1    1    1    1    1    1    1    1  6.16989E+15 0.00057 
   55   55    1    1    1    1    1    1    1    1  4.46285E+15 0.00058 
   56   56    1    1    1    1    1    1    1    1  6.18248E+14 0.00101 
   57   57    1    1    1    1    1    1    1    1  8.50635E+15 0.00060 
   58   58    1    1    1    1    1    1    1    1  3.79252E+15 0.00043 
   59   59    1    1    1    1    1    1    1    1  4.13227E+15 0.00063 
   60   60    1    1    1    1    1    1    1    1  3.40179E+15 0.00075 
   61   61    1    1    1    1    1    1    1    1  3.40094E+15 0.00061 
   62   62    1    1    1    1    1    1    1    1  3.34913E+15 0.00068 
   63   63    1    1    1    1    1    1    1    1  2.80370E+15 0.00072 
   64   64    1    1    1    1    1    1    1    1  2.19792E+15 0.00072 
   65   65    1    1    1    1    1    1    1    1  2.11387E+15 0.00065 
   66   66    1    1    1    1    1    1    1    1  1.80602E+15 0.00080 
   67   67    1    1    1    1    1    1    1    1  1.48869E+15 0.00063 
   68   68    1    1    1    1    1    1    1    1  1.29354E+15 0.00084 
   69   69    1    1    1    1    1    1    1    1  1.58598E+15 0.00094 
   70   70    1    1    1    1    1    1    1    1  1.36282E+15 0.00091 
   71   71    1    1    1    1    1    1    1    1  2.52953E+15 0.00086 
   72   72    1    1    1    1    1    1    1    1  1.85925E+15 0.00100 
   73   73    1    1    1    1    1    1    1    1  1.46133E+15 0.00100 
   74   74    1    1    1    1    1    1    1    1  1.20969E+15 0.00127 
   75   75    1    1    1    1    1    1    1    1  1.00199E+15 0.00139 
   76   76    1    1    1    1    1    1    1    1  1.15783E+15 0.00095 
   77   77    1    1    1    1    1    1    1    1  9.12570E+14 0.00130 
   78   78    1    1    1    1    1    1    1    1  7.00008E+14 0.00107 
   79   79    1    1    1    1    1    1    1    1  7.29219E+14 0.00106 
   80   80    1    1    1    1    1    1    1    1  5.50060E+14 0.00138 
   81   81    1    1    1    1    1    1    1    1  4.27649E+14 0.00132 
   82   82    1    1    1    1    1    1    1    1  3.32319E+14 0.00187 
   83   83    1    1    1    1    1    1    1    1  3.11040E+14 0.00183 
   84   84    1    1    1    1    1    1    1    1  2.23200E+14 0.00263 
   85   85    1    1    1    1    1    1    1    1  1.60948E+14 0.00165 
   86   86    1    1    1    1    1    1    1    1  1.50663E+14 0.00327 
   87   87    1    1    1    1    1    1    1    1  9.22033E+13 0.00301 
   88   88    1    1    1    1    1    1    1    1  6.21709E+13 0.00355 
   89   89    1    1    1    1    1    1    1    1  3.53645E+13 0.00411 
   90   90    1    1    1    1    1    1    1    1  2.35281E+13 0.00546 
   91   91    1    1    1    1    1    1    1    1  1.16693E+13 0.00870 
   92   92    1    1    1    1    1    1    1    1  5.74633E+12 0.01443 
   93   93    1    1    1    1    1    1    1    1  2.78759E+12 0.01713 
   94   94    1    1    1    1    1    1    1    1  1.33228E+12 0.01660 
   95   95    1    1    1    1    1    1    1    1  6.15582E+11 0.02658 
   96   96    1    1    1    1    1    1    1    1  3.10716E+11 0.06113 
   97   97    1    1    1    1    1    1    1    1  1.40206E+11 0.08134 
   98   98    1    1    1    1    1    1    1    1  8.76723E+10 0.12407 
   99   99    1    1    1    1    1    1    1    1  2.84015E+10 0.12043 
  100  100    1    1    1    1    1    1    1    1  1.66833E+10 0.20832 
];


