
DETdpaspec = [
    1    1    1    1    1    1    1    1    1    1  0.00000E+00 0.00000 
    2    2    1    1    1    1    1    1    1    1  0.00000E+00 0.00000 
    3    3    1    1    1    1    1    1    1    1  0.00000E+00 0.00000 
    4    4    1    1    1    1    1    1    1    1  0.00000E+00 0.00000 
    5    5    1    1    1    1    1    1    1    1  0.00000E+00 0.00000 
    6    6    1    1    1    1    1    1    1    1  1.37105E+07 1.00000 
    7    7    1    1    1    1    1    1    1    1  0.00000E+00 0.00000 
    8    8    1    1    1    1    1    1    1    1  0.00000E+00 0.00000 
    9    9    1    1    1    1    1    1    1    1  8.51952E+07 0.58657 
   10   10    1    1    1    1    1    1    1    1  1.26218E+08 1.00000 
   11   11    1    1    1    1    1    1    1    1  8.14414E+08 0.36635 
   12   12    1    1    1    1    1    1    1    1  1.88780E+08 0.33948 
   13   13    1    1    1    1    1    1    1    1  3.63969E+09 0.28914 
   14   14    1    1    1    1    1    1    1    1  4.20967E+09 0.28403 
   15   15    1    1    1    1    1    1    1    1  9.09225E+09 0.39662 
   16   16    1    1    1    1    1    1    1    1  4.76266E+09 0.12892 
   17   17    1    1    1    1    1    1    1    1  9.04731E+09 0.20723 
   18   18    1    1    1    1    1    1    1    1  3.17133E+10 0.13313 
   19   19    1    1    1    1    1    1    1    1  3.94709E+10 0.10543 
   20   20    1    1    1    1    1    1    1    1  8.75080E+10 0.09574 
   21   21    1    1    1    1    1    1    1    1  7.80202E+10 0.08155 
   22   22    1    1    1    1    1    1    1    1  2.29789E+11 0.05304 
   23   23    1    1    1    1    1    1    1    1  4.15399E+11 0.03362 
   24   24    1    1    1    1    1    1    1    1  7.54366E+11 0.03556 
   25   25    1    1    1    1    1    1    1    1  1.25832E+12 0.02136 
   26   26    1    1    1    1    1    1    1    1  2.51738E+12 0.01822 
   27   27    1    1    1    1    1    1    1    1  5.01699E+12 0.01121 
   28   28    1    1    1    1    1    1    1    1  1.01324E+13 0.01106 
   29   29    1    1    1    1    1    1    1    1  1.25023E+13 0.00637 
   30   30    1    1    1    1    1    1    1    1  2.92334E+13 0.00770 
   31   31    1    1    1    1    1    1    1    1  6.05707E+13 0.00493 
   32   32    1    1    1    1    1    1    1    1  8.04859E+13 0.00319 
   33   33    1    1    1    1    1    1    1    1  1.45669E+14 0.00401 
   34   34    1    1    1    1    1    1    1    1  1.49807E+14 0.00380 
   35   35    1    1    1    1    1    1    1    1  2.11803E+14 0.00398 
   36   36    1    1    1    1    1    1    1    1  1.80707E+14 0.00362 
   37   37    1    1    1    1    1    1    1    1  5.74244E+13 0.00372 
   38   38    1    1    1    1    1    1    1    1  2.50842E+14 0.00327 
   39   39    1    1    1    1    1    1    1    1  2.87920E+14 0.00297 
   40   40    1    1    1    1    1    1    1    1  4.62501E+14 0.00267 
   41   41    1    1    1    1    1    1    1    1  4.34950E+14 0.00320 
   42   42    1    1    1    1    1    1    1    1  7.17976E+14 0.00287 
   43   43    1    1    1    1    1    1    1    1  7.39838E+14 0.00252 
   44   44    1    1    1    1    1    1    1    1  9.14079E+14 0.00265 
   45   45    1    1    1    1    1    1    1    1  1.49549E+15 0.00254 
   46   46    1    1    1    1    1    1    1    1  8.37145E+14 0.00299 
   47   47    1    1    1    1    1    1    1    1  1.12111E+15 0.00291 
   48   48    1    1    1    1    1    1    1    1  1.54806E+15 0.00278 
   49   49    1    1    1    1    1    1    1    1  1.34840E+15 0.00303 
   50   50    1    1    1    1    1    1    1    1  2.02211E+15 0.00316 
   51   51    1    1    1    1    1    1    1    1  1.58310E+15 0.00308 
   52   52    1    1    1    1    1    1    1    1  1.73196E+15 0.00303 
   53   53    1    1    1    1    1    1    1    1  1.25170E+15 0.00306 
   54   54    1    1    1    1    1    1    1    1  1.49314E+15 0.00296 
   55   55    1    1    1    1    1    1    1    1  1.08095E+15 0.00309 
   56   56    1    1    1    1    1    1    1    1  1.51027E+14 0.00304 
   57   57    1    1    1    1    1    1    1    1  2.06265E+15 0.00302 
   58   58    1    1    1    1    1    1    1    1  8.86287E+14 0.00281 
   59   59    1    1    1    1    1    1    1    1  9.76924E+14 0.00320 
   60   60    1    1    1    1    1    1    1    1  7.78222E+14 0.00298 
   61   61    1    1    1    1    1    1    1    1  7.78169E+14 0.00314 
   62   62    1    1    1    1    1    1    1    1  7.62279E+14 0.00353 
   63   63    1    1    1    1    1    1    1    1  6.31134E+14 0.00305 
   64   64    1    1    1    1    1    1    1    1  4.91002E+14 0.00355 
   65   65    1    1    1    1    1    1    1    1  4.74722E+14 0.00365 
   66   66    1    1    1    1    1    1    1    1  4.01244E+14 0.00401 
   67   67    1    1    1    1    1    1    1    1  3.33257E+14 0.00408 
   68   68    1    1    1    1    1    1    1    1  2.91703E+14 0.00412 
   69   69    1    1    1    1    1    1    1    1  3.55816E+14 0.00392 
   70   70    1    1    1    1    1    1    1    1  3.06589E+14 0.00448 
   71   71    1    1    1    1    1    1    1    1  5.84963E+14 0.00382 
   72   72    1    1    1    1    1    1    1    1  4.33598E+14 0.00364 
   73   73    1    1    1    1    1    1    1    1  3.40508E+14 0.00383 
   74   74    1    1    1    1    1    1    1    1  2.73511E+14 0.00356 
   75   75    1    1    1    1    1    1    1    1  2.20595E+14 0.00453 
   76   76    1    1    1    1    1    1    1    1  2.48944E+14 0.00405 
   77   77    1    1    1    1    1    1    1    1  1.90940E+14 0.00427 
   78   78    1    1    1    1    1    1    1    1  1.43144E+14 0.00388 
   79   79    1    1    1    1    1    1    1    1  1.47059E+14 0.00409 
   80   80    1    1    1    1    1    1    1    1  1.09741E+14 0.00440 
   81   81    1    1    1    1    1    1    1    1  8.49069E+13 0.00620 
   82   82    1    1    1    1    1    1    1    1  6.57782E+13 0.00546 
   83   83    1    1    1    1    1    1    1    1  6.11223E+13 0.00611 
   84   84    1    1    1    1    1    1    1    1  4.37021E+13 0.00568 
   85   85    1    1    1    1    1    1    1    1  3.16496E+13 0.00674 
   86   86    1    1    1    1    1    1    1    1  2.96745E+13 0.00651 
   87   87    1    1    1    1    1    1    1    1  1.84501E+13 0.00582 
   88   88    1    1    1    1    1    1    1    1  1.26034E+13 0.00819 
   89   89    1    1    1    1    1    1    1    1  7.30061E+12 0.01165 
   90   90    1    1    1    1    1    1    1    1  4.76229E+12 0.01155 
   91   91    1    1    1    1    1    1    1    1  2.44202E+12 0.01804 
   92   92    1    1    1    1    1    1    1    1  1.16947E+12 0.02659 
   93   93    1    1    1    1    1    1    1    1  5.79115E+11 0.05384 
   94   94    1    1    1    1    1    1    1    1  2.65125E+11 0.05138 
   95   95    1    1    1    1    1    1    1    1  1.49282E+11 0.09166 
   96   96    1    1    1    1    1    1    1    1  6.04041E+10 0.11580 
   97   97    1    1    1    1    1    1    1    1  2.33228E+10 0.19879 
   98   98    1    1    1    1    1    1    1    1  1.60735E+10 0.29354 
   99   99    1    1    1    1    1    1    1    1  8.61804E+09 0.38915 
  100  100    1    1    1    1    1    1    1    1  5.51800E+09 0.25600 
];


