
DETdpaspec = [
    1    1    1    1    1    1    1    1    1    1  0.00000E+00 0.00000 
    2    2    1    1    1    1    1    1    1    1  0.00000E+00 0.00000 
    3    3    1    1    1    1    1    1    1    1  0.00000E+00 0.00000 
    4    4    1    1    1    1    1    1    1    1  0.00000E+00 0.00000 
    5    5    1    1    1    1    1    1    1    1  0.00000E+00 0.00000 
    6    6    1    1    1    1    1    1    1    1  0.00000E+00 0.00000 
    7    7    1    1    1    1    1    1    1    1  2.31285E+07 1.00000 
    8    8    1    1    1    1    1    1    1    1  9.31383E+07 0.79733 
    9    9    1    1    1    1    1    1    1    1  1.62028E+07 1.00000 
   10   10    1    1    1    1    1    1    1    1  2.91592E+08 0.49405 
   11   11    1    1    1    1    1    1    1    1  2.71773E+08 0.66770 
   12   12    1    1    1    1    1    1    1    1  8.51344E+07 0.75035 
   13   13    1    1    1    1    1    1    1    1  5.54990E+09 0.31318 
   14   14    1    1    1    1    1    1    1    1  6.85050E+09 0.20597 
   15   15    1    1    1    1    1    1    1    1  9.60477E+09 0.22144 
   16   16    1    1    1    1    1    1    1    1  3.28838E+09 0.16554 
   17   17    1    1    1    1    1    1    1    1  8.28655E+09 0.14106 
   18   18    1    1    1    1    1    1    1    1  2.27936E+10 0.12916 
   19   19    1    1    1    1    1    1    1    1  3.59650E+10 0.09718 
   20   20    1    1    1    1    1    1    1    1  8.20445E+10 0.09664 
   21   21    1    1    1    1    1    1    1    1  6.93124E+10 0.08290 
   22   22    1    1    1    1    1    1    1    1  1.94376E+11 0.06526 
   23   23    1    1    1    1    1    1    1    1  3.64782E+11 0.03793 
   24   24    1    1    1    1    1    1    1    1  7.46066E+11 0.02906 
   25   25    1    1    1    1    1    1    1    1  1.18203E+12 0.02436 
   26   26    1    1    1    1    1    1    1    1  2.50304E+12 0.01776 
   27   27    1    1    1    1    1    1    1    1  4.95064E+12 0.01375 
   28   28    1    1    1    1    1    1    1    1  9.71327E+12 0.00673 
   29   29    1    1    1    1    1    1    1    1  1.20100E+13 0.00733 
   30   30    1    1    1    1    1    1    1    1  2.81594E+13 0.00655 
   31   31    1    1    1    1    1    1    1    1  5.80016E+13 0.00436 
   32   32    1    1    1    1    1    1    1    1  7.67922E+13 0.00378 
   33   33    1    1    1    1    1    1    1    1  1.39279E+14 0.00286 
   34   34    1    1    1    1    1    1    1    1  1.43161E+14 0.00247 
   35   35    1    1    1    1    1    1    1    1  2.01797E+14 0.00232 
   36   36    1    1    1    1    1    1    1    1  1.72264E+14 0.00260 
   37   37    1    1    1    1    1    1    1    1  5.49143E+13 0.00260 
   38   38    1    1    1    1    1    1    1    1  2.40009E+14 0.00191 
   39   39    1    1    1    1    1    1    1    1  2.74944E+14 0.00256 
   40   40    1    1    1    1    1    1    1    1  4.42332E+14 0.00218 
   41   41    1    1    1    1    1    1    1    1  4.15334E+14 0.00210 
   42   42    1    1    1    1    1    1    1    1  6.85053E+14 0.00210 
   43   43    1    1    1    1    1    1    1    1  7.06598E+14 0.00225 
   44   44    1    1    1    1    1    1    1    1  8.71094E+14 0.00229 
   45   45    1    1    1    1    1    1    1    1  1.42731E+15 0.00206 
   46   46    1    1    1    1    1    1    1    1  7.97678E+14 0.00236 
   47   47    1    1    1    1    1    1    1    1  1.06922E+15 0.00230 
   48   48    1    1    1    1    1    1    1    1  1.47494E+15 0.00222 
   49   49    1    1    1    1    1    1    1    1  1.28599E+15 0.00247 
   50   50    1    1    1    1    1    1    1    1  1.92675E+15 0.00221 
   51   51    1    1    1    1    1    1    1    1  1.50781E+15 0.00237 
   52   52    1    1    1    1    1    1    1    1  1.64685E+15 0.00249 
   53   53    1    1    1    1    1    1    1    1  1.19103E+15 0.00253 
   54   54    1    1    1    1    1    1    1    1  1.42092E+15 0.00251 
   55   55    1    1    1    1    1    1    1    1  1.02819E+15 0.00269 
   56   56    1    1    1    1    1    1    1    1  1.43360E+14 0.00307 
   57   57    1    1    1    1    1    1    1    1  1.96027E+15 0.00281 
   58   58    1    1    1    1    1    1    1    1  8.40657E+14 0.00278 
   59   59    1    1    1    1    1    1    1    1  9.27111E+14 0.00264 
   60   60    1    1    1    1    1    1    1    1  7.39431E+14 0.00239 
   61   61    1    1    1    1    1    1    1    1  7.39899E+14 0.00285 
   62   62    1    1    1    1    1    1    1    1  7.24098E+14 0.00255 
   63   63    1    1    1    1    1    1    1    1  5.99253E+14 0.00294 
   64   64    1    1    1    1    1    1    1    1  4.65523E+14 0.00354 
   65   65    1    1    1    1    1    1    1    1  4.48458E+14 0.00306 
   66   66    1    1    1    1    1    1    1    1  3.79559E+14 0.00252 
   67   67    1    1    1    1    1    1    1    1  3.15016E+14 0.00336 
   68   68    1    1    1    1    1    1    1    1  2.76120E+14 0.00306 
   69   69    1    1    1    1    1    1    1    1  3.36778E+14 0.00281 
   70   70    1    1    1    1    1    1    1    1  2.90784E+14 0.00335 
   71   71    1    1    1    1    1    1    1    1  5.55907E+14 0.00319 
   72   72    1    1    1    1    1    1    1    1  4.13311E+14 0.00338 
   73   73    1    1    1    1    1    1    1    1  3.21709E+14 0.00318 
   74   74    1    1    1    1    1    1    1    1  2.58887E+14 0.00357 
   75   75    1    1    1    1    1    1    1    1  2.09015E+14 0.00359 
   76   76    1    1    1    1    1    1    1    1  2.35218E+14 0.00388 
   77   77    1    1    1    1    1    1    1    1  1.80557E+14 0.00338 
   78   78    1    1    1    1    1    1    1    1  1.35708E+14 0.00395 
   79   79    1    1    1    1    1    1    1    1  1.39489E+14 0.00347 
   80   80    1    1    1    1    1    1    1    1  1.04371E+14 0.00389 
   81   81    1    1    1    1    1    1    1    1  8.07455E+13 0.00391 
   82   82    1    1    1    1    1    1    1    1  6.21853E+13 0.00501 
   83   83    1    1    1    1    1    1    1    1  5.77659E+13 0.00474 
   84   84    1    1    1    1    1    1    1    1  4.13775E+13 0.00553 
   85   85    1    1    1    1    1    1    1    1  3.00883E+13 0.00643 
   86   86    1    1    1    1    1    1    1    1  2.82390E+13 0.00615 
   87   87    1    1    1    1    1    1    1    1  1.75273E+13 0.00576 
   88   88    1    1    1    1    1    1    1    1  1.19188E+13 0.00669 
   89   89    1    1    1    1    1    1    1    1  6.85469E+12 0.01182 
   90   90    1    1    1    1    1    1    1    1  4.52748E+12 0.01425 
   91   91    1    1    1    1    1    1    1    1  2.43090E+12 0.02481 
   92   92    1    1    1    1    1    1    1    1  1.11909E+12 0.03214 
   93   93    1    1    1    1    1    1    1    1  5.26650E+11 0.04243 
   94   94    1    1    1    1    1    1    1    1  2.71113E+11 0.05336 
   95   95    1    1    1    1    1    1    1    1  1.26304E+11 0.06783 
   96   96    1    1    1    1    1    1    1    1  7.38426E+10 0.10544 
   97   97    1    1    1    1    1    1    1    1  3.04407E+10 0.19522 
   98   98    1    1    1    1    1    1    1    1  2.01285E+10 0.26573 
   99   99    1    1    1    1    1    1    1    1  8.25055E+09 0.34154 
  100  100    1    1    1    1    1    1    1    1  1.13972E+10 0.37254 
];


