
DETdpaspec = [
    1    1    1    1    1    1    1    1    1    1  0.00000E+00 0.00000 
    2    2    1    1    1    1    1    1    1    1  0.00000E+00 0.00000 
    3    3    1    1    1    1    1    1    1    1  0.00000E+00 0.00000 
    4    4    1    1    1    1    1    1    1    1  0.00000E+00 0.00000 
    5    5    1    1    1    1    1    1    1    1  1.41361E+07 1.00000 
    6    6    1    1    1    1    1    1    1    1  2.43628E+07 0.68826 
    7    7    1    1    1    1    1    1    1    1  3.48361E+07 0.68839 
    8    8    1    1    1    1    1    1    1    1  4.40087E+07 0.69283 
    9    9    1    1    1    1    1    1    1    1  1.54693E+07 1.00000 
   10   10    1    1    1    1    1    1    1    1  3.26694E+08 0.42746 
   11   11    1    1    1    1    1    1    1    1  4.16988E+08 0.42302 
   12   12    1    1    1    1    1    1    1    1  2.54017E+08 0.41975 
   13   13    1    1    1    1    1    1    1    1  5.47494E+09 0.27465 
   14   14    1    1    1    1    1    1    1    1  1.02711E+10 0.21183 
   15   15    1    1    1    1    1    1    1    1  1.61531E+10 0.22052 
   16   16    1    1    1    1    1    1    1    1  8.39431E+09 0.14718 
   17   17    1    1    1    1    1    1    1    1  9.49001E+09 0.16363 
   18   18    1    1    1    1    1    1    1    1  2.62791E+10 0.15098 
   19   19    1    1    1    1    1    1    1    1  3.87556E+10 0.12372 
   20   20    1    1    1    1    1    1    1    1  1.09820E+11 0.10523 
   21   21    1    1    1    1    1    1    1    1  1.08992E+11 0.05255 
   22   22    1    1    1    1    1    1    1    1  2.74362E+11 0.03348 
   23   23    1    1    1    1    1    1    1    1  5.09816E+11 0.03445 
   24   24    1    1    1    1    1    1    1    1  1.02292E+12 0.02897 
   25   25    1    1    1    1    1    1    1    1  1.59908E+12 0.02165 
   26   26    1    1    1    1    1    1    1    1  3.30974E+12 0.01326 
   27   27    1    1    1    1    1    1    1    1  6.61267E+12 0.01228 
   28   28    1    1    1    1    1    1    1    1  1.36174E+13 0.00699 
   29   29    1    1    1    1    1    1    1    1  1.71064E+13 0.00549 
   30   30    1    1    1    1    1    1    1    1  3.95623E+13 0.00470 
   31   31    1    1    1    1    1    1    1    1  8.23892E+13 0.00361 
   32   32    1    1    1    1    1    1    1    1  1.09153E+14 0.00294 
   33   33    1    1    1    1    1    1    1    1  1.99292E+14 0.00263 
   34   34    1    1    1    1    1    1    1    1  2.06405E+14 0.00232 
   35   35    1    1    1    1    1    1    1    1  2.89517E+14 0.00209 
   36   36    1    1    1    1    1    1    1    1  2.47790E+14 0.00187 
   37   37    1    1    1    1    1    1    1    1  7.86751E+13 0.00208 
   38   38    1    1    1    1    1    1    1    1  3.45697E+14 0.00179 
   39   39    1    1    1    1    1    1    1    1  3.97263E+14 0.00199 
   40   40    1    1    1    1    1    1    1    1  6.41097E+14 0.00192 
   41   41    1    1    1    1    1    1    1    1  6.02024E+14 0.00190 
   42   42    1    1    1    1    1    1    1    1  9.99041E+14 0.00193 
   43   43    1    1    1    1    1    1    1    1  1.03068E+15 0.00192 
   44   44    1    1    1    1    1    1    1    1  1.27855E+15 0.00181 
   45   45    1    1    1    1    1    1    1    1  2.09662E+15 0.00187 
   46   46    1    1    1    1    1    1    1    1  1.18045E+15 0.00199 
   47   47    1    1    1    1    1    1    1    1  1.58240E+15 0.00196 
   48   48    1    1    1    1    1    1    1    1  2.18805E+15 0.00187 
   49   49    1    1    1    1    1    1    1    1  1.90636E+15 0.00198 
   50   50    1    1    1    1    1    1    1    1  2.87391E+15 0.00231 
   51   51    1    1    1    1    1    1    1    1  2.25185E+15 0.00209 
   52   52    1    1    1    1    1    1    1    1  2.46912E+15 0.00216 
   53   53    1    1    1    1    1    1    1    1  1.78442E+15 0.00232 
   54   54    1    1    1    1    1    1    1    1  2.13713E+15 0.00212 
   55   55    1    1    1    1    1    1    1    1  1.54841E+15 0.00215 
   56   56    1    1    1    1    1    1    1    1  2.16251E+14 0.00248 
   57   57    1    1    1    1    1    1    1    1  2.95647E+15 0.00220 
   58   58    1    1    1    1    1    1    1    1  1.27395E+15 0.00205 
   59   59    1    1    1    1    1    1    1    1  1.40346E+15 0.00234 
   60   60    1    1    1    1    1    1    1    1  1.12452E+15 0.00246 
   61   61    1    1    1    1    1    1    1    1  1.12487E+15 0.00252 
   62   62    1    1    1    1    1    1    1    1  1.10276E+15 0.00254 
   63   63    1    1    1    1    1    1    1    1  9.13310E+14 0.00245 
   64   64    1    1    1    1    1    1    1    1  7.11387E+14 0.00249 
   65   65    1    1    1    1    1    1    1    1  6.88134E+14 0.00213 
   66   66    1    1    1    1    1    1    1    1  5.82636E+14 0.00232 
   67   67    1    1    1    1    1    1    1    1  4.83550E+14 0.00289 
   68   68    1    1    1    1    1    1    1    1  4.23592E+14 0.00278 
   69   69    1    1    1    1    1    1    1    1  5.16876E+14 0.00264 
   70   70    1    1    1    1    1    1    1    1  4.44671E+14 0.00260 
   71   71    1    1    1    1    1    1    1    1  8.48857E+14 0.00303 
   72   72    1    1    1    1    1    1    1    1  6.31730E+14 0.00241 
   73   73    1    1    1    1    1    1    1    1  4.95352E+14 0.00264 
   74   74    1    1    1    1    1    1    1    1  3.98682E+14 0.00311 
   75   75    1    1    1    1    1    1    1    1  3.22850E+14 0.00229 
   76   76    1    1    1    1    1    1    1    1  3.63015E+14 0.00239 
   77   77    1    1    1    1    1    1    1    1  2.78594E+14 0.00272 
   78   78    1    1    1    1    1    1    1    1  2.10538E+14 0.00420 
   79   79    1    1    1    1    1    1    1    1  2.16553E+14 0.00305 
   80   80    1    1    1    1    1    1    1    1  1.62592E+14 0.00408 
   81   81    1    1    1    1    1    1    1    1  1.25648E+14 0.00400 
   82   82    1    1    1    1    1    1    1    1  9.69599E+13 0.00312 
   83   83    1    1    1    1    1    1    1    1  9.04887E+13 0.00480 
   84   84    1    1    1    1    1    1    1    1  6.54532E+13 0.00346 
   85   85    1    1    1    1    1    1    1    1  4.66029E+13 0.00676 
   86   86    1    1    1    1    1    1    1    1  4.38716E+13 0.00688 
   87   87    1    1    1    1    1    1    1    1  2.72452E+13 0.00459 
   88   88    1    1    1    1    1    1    1    1  1.81985E+13 0.00729 
   89   89    1    1    1    1    1    1    1    1  1.08433E+13 0.00973 
   90   90    1    1    1    1    1    1    1    1  7.16870E+12 0.01446 
   91   91    1    1    1    1    1    1    1    1  3.56793E+12 0.01750 
   92   92    1    1    1    1    1    1    1    1  1.73587E+12 0.02132 
   93   93    1    1    1    1    1    1    1    1  8.33776E+11 0.03282 
   94   94    1    1    1    1    1    1    1    1  3.66942E+11 0.05201 
   95   95    1    1    1    1    1    1    1    1  1.95356E+11 0.06444 
   96   96    1    1    1    1    1    1    1    1  9.90914E+10 0.09690 
   97   97    1    1    1    1    1    1    1    1  5.04302E+10 0.15488 
   98   98    1    1    1    1    1    1    1    1  2.28146E+10 0.27486 
   99   99    1    1    1    1    1    1    1    1  1.46355E+10 0.32265 
  100  100    1    1    1    1    1    1    1    1  4.66904E+09 0.36393 
];


