
DETdpaspec = [
    1    1    1    1    1    1    1    1    1    1  0.00000E+00 0.00000 
    2    2    1    1    1    1    1    1    1    1  0.00000E+00 0.00000 
    3    3    1    1    1    1    1    1    1    1  0.00000E+00 0.00000 
    4    4    1    1    1    1    1    1    1    1  0.00000E+00 0.00000 
    5    5    1    1    1    1    1    1    1    1  0.00000E+00 0.00000 
    6    6    1    1    1    1    1    1    1    1  0.00000E+00 0.00000 
    7    7    1    1    1    1    1    1    1    1  0.00000E+00 0.00000 
    8    8    1    1    1    1    1    1    1    1  0.00000E+00 0.00000 
    9    9    1    1    1    1    1    1    1    1  4.69295E+07 0.75675 
   10   10    1    1    1    1    1    1    1    1  1.62435E+08 0.54916 
   11   11    1    1    1    1    1    1    1    1  4.70862E+08 0.44298 
   12   12    1    1    1    1    1    1    1    1  1.27001E+08 0.38568 
   13   13    1    1    1    1    1    1    1    1  4.56349E+09 0.25665 
   14   14    1    1    1    1    1    1    1    1  4.70378E+09 0.25307 
   15   15    1    1    1    1    1    1    1    1  1.15642E+10 0.27785 
   16   16    1    1    1    1    1    1    1    1  5.40198E+09 0.17890 
   17   17    1    1    1    1    1    1    1    1  4.77972E+09 0.20671 
   18   18    1    1    1    1    1    1    1    1  2.34099E+10 0.14400 
   19   19    1    1    1    1    1    1    1    1  2.81385E+10 0.14318 
   20   20    1    1    1    1    1    1    1    1  6.82478E+10 0.09809 
   21   21    1    1    1    1    1    1    1    1  6.30571E+10 0.06997 
   22   22    1    1    1    1    1    1    1    1  1.90089E+11 0.04448 
   23   23    1    1    1    1    1    1    1    1  3.19656E+11 0.04334 
   24   24    1    1    1    1    1    1    1    1  6.10494E+11 0.02594 
   25   25    1    1    1    1    1    1    1    1  9.56699E+11 0.02393 
   26   26    1    1    1    1    1    1    1    1  1.94213E+12 0.01419 
   27   27    1    1    1    1    1    1    1    1  3.79846E+12 0.01350 
   28   28    1    1    1    1    1    1    1    1  7.57623E+12 0.00911 
   29   29    1    1    1    1    1    1    1    1  9.18905E+12 0.00769 
   30   30    1    1    1    1    1    1    1    1  2.17770E+13 0.00826 
   31   31    1    1    1    1    1    1    1    1  4.51238E+13 0.00443 
   32   32    1    1    1    1    1    1    1    1  5.91720E+13 0.00494 
   33   33    1    1    1    1    1    1    1    1  1.07351E+14 0.00432 
   34   34    1    1    1    1    1    1    1    1  1.10288E+14 0.00379 
   35   35    1    1    1    1    1    1    1    1  1.55736E+14 0.00373 
   36   36    1    1    1    1    1    1    1    1  1.32917E+14 0.00376 
   37   37    1    1    1    1    1    1    1    1  4.22967E+13 0.00353 
   38   38    1    1    1    1    1    1    1    1  1.83610E+14 0.00333 
   39   39    1    1    1    1    1    1    1    1  2.10905E+14 0.00355 
   40   40    1    1    1    1    1    1    1    1  3.38090E+14 0.00293 
   41   41    1    1    1    1    1    1    1    1  3.17273E+14 0.00357 
   42   42    1    1    1    1    1    1    1    1  5.22131E+14 0.00333 
   43   43    1    1    1    1    1    1    1    1  5.37639E+14 0.00311 
   44   44    1    1    1    1    1    1    1    1  6.63569E+14 0.00321 
   45   45    1    1    1    1    1    1    1    1  1.08114E+15 0.00347 
   46   46    1    1    1    1    1    1    1    1  6.04792E+14 0.00348 
   47   47    1    1    1    1    1    1    1    1  8.12126E+14 0.00343 
   48   48    1    1    1    1    1    1    1    1  1.11631E+15 0.00347 
   49   49    1    1    1    1    1    1    1    1  9.71574E+14 0.00334 
   50   50    1    1    1    1    1    1    1    1  1.45402E+15 0.00313 
   51   51    1    1    1    1    1    1    1    1  1.13783E+15 0.00327 
   52   52    1    1    1    1    1    1    1    1  1.24250E+15 0.00344 
   53   53    1    1    1    1    1    1    1    1  8.96933E+14 0.00380 
   54   54    1    1    1    1    1    1    1    1  1.06669E+15 0.00362 
   55   55    1    1    1    1    1    1    1    1  7.71256E+14 0.00383 
   56   56    1    1    1    1    1    1    1    1  1.07592E+14 0.00457 
   57   57    1    1    1    1    1    1    1    1  1.47054E+15 0.00389 
   58   58    1    1    1    1    1    1    1    1  6.28638E+14 0.00422 
   59   59    1    1    1    1    1    1    1    1  6.94152E+14 0.00402 
   60   60    1    1    1    1    1    1    1    1  5.51748E+14 0.00379 
   61   61    1    1    1    1    1    1    1    1  5.50602E+14 0.00354 
   62   62    1    1    1    1    1    1    1    1  5.38706E+14 0.00374 
   63   63    1    1    1    1    1    1    1    1  4.45672E+14 0.00404 
   64   64    1    1    1    1    1    1    1    1  3.45710E+14 0.00395 
   65   65    1    1    1    1    1    1    1    1  3.34689E+14 0.00398 
   66   66    1    1    1    1    1    1    1    1  2.83081E+14 0.00441 
   67   67    1    1    1    1    1    1    1    1  2.34692E+14 0.00405 
   68   68    1    1    1    1    1    1    1    1  2.04690E+14 0.00452 
   69   69    1    1    1    1    1    1    1    1  2.50354E+14 0.00449 
   70   70    1    1    1    1    1    1    1    1  2.16264E+14 0.00434 
   71   71    1    1    1    1    1    1    1    1  4.11510E+14 0.00445 
   72   72    1    1    1    1    1    1    1    1  3.06425E+14 0.00452 
   73   73    1    1    1    1    1    1    1    1  2.39670E+14 0.00436 
   74   74    1    1    1    1    1    1    1    1  1.92715E+14 0.00538 
   75   75    1    1    1    1    1    1    1    1  1.54521E+14 0.00543 
   76   76    1    1    1    1    1    1    1    1  1.73973E+14 0.00538 
   77   77    1    1    1    1    1    1    1    1  1.33665E+14 0.00572 
   78   78    1    1    1    1    1    1    1    1  1.00092E+14 0.00510 
   79   79    1    1    1    1    1    1    1    1  1.02370E+14 0.00418 
   80   80    1    1    1    1    1    1    1    1  7.64572E+13 0.00440 
   81   81    1    1    1    1    1    1    1    1  5.92060E+13 0.00564 
   82   82    1    1    1    1    1    1    1    1  4.59052E+13 0.00620 
   83   83    1    1    1    1    1    1    1    1  4.23979E+13 0.00548 
   84   84    1    1    1    1    1    1    1    1  3.05384E+13 0.00567 
   85   85    1    1    1    1    1    1    1    1  2.21831E+13 0.00626 
   86   86    1    1    1    1    1    1    1    1  2.04835E+13 0.00584 
   87   87    1    1    1    1    1    1    1    1  1.28484E+13 0.00815 
   88   88    1    1    1    1    1    1    1    1  8.74335E+12 0.00948 
   89   89    1    1    1    1    1    1    1    1  5.04476E+12 0.01504 
   90   90    1    1    1    1    1    1    1    1  3.47576E+12 0.01586 
   91   91    1    1    1    1    1    1    1    1  1.67331E+12 0.02190 
   92   92    1    1    1    1    1    1    1    1  8.20234E+11 0.03627 
   93   93    1    1    1    1    1    1    1    1  4.04543E+11 0.05423 
   94   94    1    1    1    1    1    1    1    1  1.90906E+11 0.07320 
   95   95    1    1    1    1    1    1    1    1  9.74854E+10 0.06013 
   96   96    1    1    1    1    1    1    1    1  4.64990E+10 0.12695 
   97   97    1    1    1    1    1    1    1    1  1.88716E+10 0.27404 
   98   98    1    1    1    1    1    1    1    1  1.21290E+10 0.24278 
   99   99    1    1    1    1    1    1    1    1  1.25003E+09 0.54616 
  100  100    1    1    1    1    1    1    1    1  3.31075E+09 0.52604 
];


