
DETdpaspec = [
    1    1    1    1    1    1    1    1    1    1  0.00000E+00 0.00000 
    2    2    1    1    1    1    1    1    1    1  0.00000E+00 0.00000 
    3    3    1    1    1    1    1    1    1    1  0.00000E+00 0.00000 
    4    4    1    1    1    1    1    1    1    1  1.34752E+07 1.00000 
    5    5    1    1    1    1    1    1    1    1  1.33315E+07 1.00000 
    6    6    1    1    1    1    1    1    1    1  0.00000E+00 0.00000 
    7    7    1    1    1    1    1    1    1    1  1.54624E+07 1.00000 
    8    8    1    1    1    1    1    1    1    1  2.46753E+07 1.00000 
    9    9    1    1    1    1    1    1    1    1  5.70810E+07 0.59291 
   10   10    1    1    1    1    1    1    1    1  1.26553E+08 1.00000 
   11   11    1    1    1    1    1    1    1    1  3.32601E+08 0.51453 
   12   12    1    1    1    1    1    1    1    1  2.25590E+08 0.35188 
   13   13    1    1    1    1    1    1    1    1  4.70410E+09 0.24117 
   14   14    1    1    1    1    1    1    1    1  9.38444E+09 0.20507 
   15   15    1    1    1    1    1    1    1    1  1.87123E+10 0.20900 
   16   16    1    1    1    1    1    1    1    1  3.49624E+09 0.30414 
   17   17    1    1    1    1    1    1    1    1  1.13491E+10 0.12636 
   18   18    1    1    1    1    1    1    1    1  2.93406E+10 0.16125 
   19   19    1    1    1    1    1    1    1    1  3.77288E+10 0.10353 
   20   20    1    1    1    1    1    1    1    1  1.11422E+11 0.07390 
   21   21    1    1    1    1    1    1    1    1  9.50230E+10 0.06067 
   22   22    1    1    1    1    1    1    1    1  2.47759E+11 0.04350 
   23   23    1    1    1    1    1    1    1    1  4.69871E+11 0.02838 
   24   24    1    1    1    1    1    1    1    1  8.68893E+11 0.02227 
   25   25    1    1    1    1    1    1    1    1  1.40766E+12 0.01993 
   26   26    1    1    1    1    1    1    1    1  2.98374E+12 0.01599 
   27   27    1    1    1    1    1    1    1    1  6.10783E+12 0.00920 
   28   28    1    1    1    1    1    1    1    1  1.21393E+13 0.00532 
   29   29    1    1    1    1    1    1    1    1  1.52572E+13 0.00765 
   30   30    1    1    1    1    1    1    1    1  3.56219E+13 0.00438 
   31   31    1    1    1    1    1    1    1    1  7.43530E+13 0.00388 
   32   32    1    1    1    1    1    1    1    1  9.88884E+13 0.00318 
   33   33    1    1    1    1    1    1    1    1  1.79822E+14 0.00232 
   34   34    1    1    1    1    1    1    1    1  1.85817E+14 0.00218 
   35   35    1    1    1    1    1    1    1    1  2.61263E+14 0.00245 
   36   36    1    1    1    1    1    1    1    1  2.23267E+14 0.00216 
   37   37    1    1    1    1    1    1    1    1  7.09170E+13 0.00200 
   38   38    1    1    1    1    1    1    1    1  3.11228E+14 0.00211 
   39   39    1    1    1    1    1    1    1    1  3.57198E+14 0.00215 
   40   40    1    1    1    1    1    1    1    1  5.76250E+14 0.00236 
   41   41    1    1    1    1    1    1    1    1  5.41473E+14 0.00220 
   42   42    1    1    1    1    1    1    1    1  8.94248E+14 0.00216 
   43   43    1    1    1    1    1    1    1    1  9.23235E+14 0.00219 
   44   44    1    1    1    1    1    1    1    1  1.14065E+15 0.00218 
   45   45    1    1    1    1    1    1    1    1  1.87396E+15 0.00217 
   46   46    1    1    1    1    1    1    1    1  1.05144E+15 0.00230 
   47   47    1    1    1    1    1    1    1    1  1.41057E+15 0.00218 
   48   48    1    1    1    1    1    1    1    1  1.94904E+15 0.00249 
   49   49    1    1    1    1    1    1    1    1  1.70026E+15 0.00239 
   50   50    1    1    1    1    1    1    1    1  2.55176E+15 0.00243 
   51   51    1    1    1    1    1    1    1    1  2.00002E+15 0.00230 
   52   52    1    1    1    1    1    1    1    1  2.18999E+15 0.00243 
   53   53    1    1    1    1    1    1    1    1  1.58518E+15 0.00236 
   54   54    1    1    1    1    1    1    1    1  1.89272E+15 0.00244 
   55   55    1    1    1    1    1    1    1    1  1.37187E+15 0.00263 
   56   56    1    1    1    1    1    1    1    1  1.91669E+14 0.00223 
   57   57    1    1    1    1    1    1    1    1  2.61639E+15 0.00229 
   58   58    1    1    1    1    1    1    1    1  1.12473E+15 0.00257 
   59   59    1    1    1    1    1    1    1    1  1.24212E+15 0.00252 
   60   60    1    1    1    1    1    1    1    1  9.92456E+14 0.00265 
   61   61    1    1    1    1    1    1    1    1  9.91959E+14 0.00261 
   62   62    1    1    1    1    1    1    1    1  9.73039E+14 0.00274 
   63   63    1    1    1    1    1    1    1    1  8.06562E+14 0.00315 
   64   64    1    1    1    1    1    1    1    1  6.28116E+14 0.00308 
   65   65    1    1    1    1    1    1    1    1  6.06571E+14 0.00276 
   66   66    1    1    1    1    1    1    1    1  5.13282E+14 0.00296 
   67   67    1    1    1    1    1    1    1    1  4.25878E+14 0.00343 
   68   68    1    1    1    1    1    1    1    1  3.72158E+14 0.00377 
   69   69    1    1    1    1    1    1    1    1  4.53112E+14 0.00309 
   70   70    1    1    1    1    1    1    1    1  3.91598E+14 0.00345 
   71   71    1    1    1    1    1    1    1    1  7.47843E+14 0.00331 
   72   72    1    1    1    1    1    1    1    1  5.55555E+14 0.00334 
   73   73    1    1    1    1    1    1    1    1  4.36001E+14 0.00361 
   74   74    1    1    1    1    1    1    1    1  3.50992E+14 0.00331 
   75   75    1    1    1    1    1    1    1    1  2.82969E+14 0.00344 
   76   76    1    1    1    1    1    1    1    1  3.19663E+14 0.00296 
   77   77    1    1    1    1    1    1    1    1  2.45326E+14 0.00318 
   78   78    1    1    1    1    1    1    1    1  1.84374E+14 0.00395 
   79   79    1    1    1    1    1    1    1    1  1.89806E+14 0.00438 
   80   80    1    1    1    1    1    1    1    1  1.42261E+14 0.00345 
   81   81    1    1    1    1    1    1    1    1  1.09525E+14 0.00440 
   82   82    1    1    1    1    1    1    1    1  8.47927E+13 0.00427 
   83   83    1    1    1    1    1    1    1    1  7.89772E+13 0.00470 
   84   84    1    1    1    1    1    1    1    1  5.68212E+13 0.00361 
   85   85    1    1    1    1    1    1    1    1  4.10134E+13 0.00631 
   86   86    1    1    1    1    1    1    1    1  3.84918E+13 0.00460 
   87   87    1    1    1    1    1    1    1    1  2.41896E+13 0.00809 
   88   88    1    1    1    1    1    1    1    1  1.62568E+13 0.00829 
   89   89    1    1    1    1    1    1    1    1  9.32349E+12 0.01031 
   90   90    1    1    1    1    1    1    1    1  6.29524E+12 0.01304 
   91   91    1    1    1    1    1    1    1    1  3.06871E+12 0.01742 
   92   92    1    1    1    1    1    1    1    1  1.56584E+12 0.02143 
   93   93    1    1    1    1    1    1    1    1  7.28607E+11 0.02661 
   94   94    1    1    1    1    1    1    1    1  3.71239E+11 0.05620 
   95   95    1    1    1    1    1    1    1    1  1.87236E+11 0.06934 
   96   96    1    1    1    1    1    1    1    1  7.99354E+10 0.09313 
   97   97    1    1    1    1    1    1    1    1  4.42766E+10 0.17324 
   98   98    1    1    1    1    1    1    1    1  3.02471E+10 0.27866 
   99   99    1    1    1    1    1    1    1    1  1.07768E+10 0.24430 
  100  100    1    1    1    1    1    1    1    1  4.26817E+09 0.46847 
];


