
DETdpaspec = [
    1    1    1    1    1    1    1    1    1    1  0.00000E+00 0.00000 
    2    2    1    1    1    1    1    1    1    1  0.00000E+00 0.00000 
    3    3    1    1    1    1    1    1    1    1  0.00000E+00 0.00000 
    4    4    1    1    1    1    1    1    1    1  0.00000E+00 0.00000 
    5    5    1    1    1    1    1    1    1    1  0.00000E+00 0.00000 
    6    6    1    1    1    1    1    1    1    1  1.30047E+07 1.00000 
    7    7    1    1    1    1    1    1    1    1  4.84666E+07 0.68941 
    8    8    1    1    1    1    1    1    1    1  2.32790E+07 1.00000 
    9    9    1    1    1    1    1    1    1    1  3.37274E+07 0.69790 
   10   10    1    1    1    1    1    1    1    1  3.53594E+08 0.43760 
   11   11    1    1    1    1    1    1    1    1  3.96551E+08 0.54372 
   12   12    1    1    1    1    1    1    1    1  2.11489E+08 0.30745 
   13   13    1    1    1    1    1    1    1    1  2.29651E+09 0.30146 
   14   14    1    1    1    1    1    1    1    1  5.80098E+09 0.26782 
   15   15    1    1    1    1    1    1    1    1  8.92489E+09 0.24603 
   16   16    1    1    1    1    1    1    1    1  2.40178E+09 0.19143 
   17   17    1    1    1    1    1    1    1    1  3.72489E+09 0.19168 
   18   18    1    1    1    1    1    1    1    1  1.60334E+10 0.15265 
   19   19    1    1    1    1    1    1    1    1  2.29532E+10 0.13604 
   20   20    1    1    1    1    1    1    1    1  6.84311E+10 0.11264 
   21   21    1    1    1    1    1    1    1    1  6.66734E+10 0.10114 
   22   22    1    1    1    1    1    1    1    1  1.58031E+11 0.05664 
   23   23    1    1    1    1    1    1    1    1  2.40728E+11 0.04356 
   24   24    1    1    1    1    1    1    1    1  4.52512E+11 0.02868 
   25   25    1    1    1    1    1    1    1    1  6.68454E+11 0.03605 
   26   26    1    1    1    1    1    1    1    1  1.35004E+12 0.02547 
   27   27    1    1    1    1    1    1    1    1  2.52200E+12 0.01578 
   28   28    1    1    1    1    1    1    1    1  4.79370E+12 0.01563 
   29   29    1    1    1    1    1    1    1    1  5.61382E+12 0.01432 
   30   30    1    1    1    1    1    1    1    1  1.34964E+13 0.01082 
   31   31    1    1    1    1    1    1    1    1  2.73530E+13 0.00958 
   32   32    1    1    1    1    1    1    1    1  3.55606E+13 0.01049 
   33   33    1    1    1    1    1    1    1    1  6.37119E+13 0.01009 
   34   34    1    1    1    1    1    1    1    1  6.47297E+13 0.01031 
   35   35    1    1    1    1    1    1    1    1  9.22602E+13 0.01049 
   36   36    1    1    1    1    1    1    1    1  7.85338E+13 0.01105 
   37   37    1    1    1    1    1    1    1    1  2.49472E+13 0.01145 
   38   38    1    1    1    1    1    1    1    1  1.07917E+14 0.00952 
   39   39    1    1    1    1    1    1    1    1  1.23748E+14 0.00955 
   40   40    1    1    1    1    1    1    1    1  1.96299E+14 0.01040 
   41   41    1    1    1    1    1    1    1    1  1.85109E+14 0.01046 
   42   42    1    1    1    1    1    1    1    1  3.03307E+14 0.00957 
   43   43    1    1    1    1    1    1    1    1  3.11990E+14 0.00958 
   44   44    1    1    1    1    1    1    1    1  3.83787E+14 0.00955 
   45   45    1    1    1    1    1    1    1    1  6.24064E+14 0.00984 
   46   46    1    1    1    1    1    1    1    1  3.47625E+14 0.01000 
   47   47    1    1    1    1    1    1    1    1  4.66779E+14 0.01003 
   48   48    1    1    1    1    1    1    1    1  6.40760E+14 0.00946 
   49   49    1    1    1    1    1    1    1    1  5.59809E+14 0.00937 
   50   50    1    1    1    1    1    1    1    1  8.34407E+14 0.00974 
   51   51    1    1    1    1    1    1    1    1  6.56158E+14 0.00990 
   52   52    1    1    1    1    1    1    1    1  7.14748E+14 0.01015 
   53   53    1    1    1    1    1    1    1    1  5.17370E+14 0.01027 
   54   54    1    1    1    1    1    1    1    1  6.14757E+14 0.00985 
   55   55    1    1    1    1    1    1    1    1  4.45347E+14 0.00944 
   56   56    1    1    1    1    1    1    1    1  6.21846E+13 0.00984 
   57   57    1    1    1    1    1    1    1    1  8.48395E+14 0.01006 
   58   58    1    1    1    1    1    1    1    1  3.61838E+14 0.01017 
   59   59    1    1    1    1    1    1    1    1  3.99987E+14 0.00954 
   60   60    1    1    1    1    1    1    1    1  3.16899E+14 0.01031 
   61   61    1    1    1    1    1    1    1    1  3.17504E+14 0.01012 
   62   62    1    1    1    1    1    1    1    1  3.09982E+14 0.01042 
   63   63    1    1    1    1    1    1    1    1  2.57123E+14 0.01024 
   64   64    1    1    1    1    1    1    1    1  2.00211E+14 0.00996 
   65   65    1    1    1    1    1    1    1    1  1.93432E+14 0.01061 
   66   66    1    1    1    1    1    1    1    1  1.62917E+14 0.01050 
   67   67    1    1    1    1    1    1    1    1  1.35795E+14 0.01021 
   68   68    1    1    1    1    1    1    1    1  1.18182E+14 0.01006 
   69   69    1    1    1    1    1    1    1    1  1.44467E+14 0.01021 
   70   70    1    1    1    1    1    1    1    1  1.24508E+14 0.01040 
   71   71    1    1    1    1    1    1    1    1  2.38649E+14 0.01083 
   72   72    1    1    1    1    1    1    1    1  1.77753E+14 0.01059 
   73   73    1    1    1    1    1    1    1    1  1.39653E+14 0.01084 
   74   74    1    1    1    1    1    1    1    1  1.11709E+14 0.01004 
   75   75    1    1    1    1    1    1    1    1  8.99586E+13 0.01044 
   76   76    1    1    1    1    1    1    1    1  1.00423E+14 0.00998 
   77   77    1    1    1    1    1    1    1    1  7.70215E+13 0.01241 
   78   78    1    1    1    1    1    1    1    1  5.74950E+13 0.01012 
   79   79    1    1    1    1    1    1    1    1  5.88234E+13 0.01145 
   80   80    1    1    1    1    1    1    1    1  4.41520E+13 0.01072 
   81   81    1    1    1    1    1    1    1    1  3.38511E+13 0.01272 
   82   82    1    1    1    1    1    1    1    1  2.63739E+13 0.01154 
   83   83    1    1    1    1    1    1    1    1  2.47891E+13 0.01339 
   84   84    1    1    1    1    1    1    1    1  1.75812E+13 0.01169 
   85   85    1    1    1    1    1    1    1    1  1.26602E+13 0.01014 
   86   86    1    1    1    1    1    1    1    1  1.19409E+13 0.01129 
   87   87    1    1    1    1    1    1    1    1  7.33971E+12 0.01528 
   88   88    1    1    1    1    1    1    1    1  5.01449E+12 0.01563 
   89   89    1    1    1    1    1    1    1    1  2.88285E+12 0.02028 
   90   90    1    1    1    1    1    1    1    1  1.96544E+12 0.02623 
   91   91    1    1    1    1    1    1    1    1  9.55779E+11 0.03333 
   92   92    1    1    1    1    1    1    1    1  4.74207E+11 0.03945 
   93   93    1    1    1    1    1    1    1    1  2.55399E+11 0.05426 
   94   94    1    1    1    1    1    1    1    1  1.05648E+11 0.09997 
   95   95    1    1    1    1    1    1    1    1  5.61625E+10 0.09221 
   96   96    1    1    1    1    1    1    1    1  2.94157E+10 0.14248 
   97   97    1    1    1    1    1    1    1    1  1.34591E+10 0.23813 
   98   98    1    1    1    1    1    1    1    1  8.21963E+09 0.36786 
   99   99    1    1    1    1    1    1    1    1  4.27209E+09 0.36731 
  100  100    1    1    1    1    1    1    1    1  4.04883E+09 0.59597 
];


