
DETdpaspec = [
    1    1    1    1    1    1    1    1    1    1  0.00000E+00 0.00000 
    2    2    1    1    1    1    1    1    1    1  0.00000E+00 0.00000 
    3    3    1    1    1    1    1    1    1    1  0.00000E+00 0.00000 
    4    4    1    1    1    1    1    1    1    1  1.34785E+07 1.00000 
    5    5    1    1    1    1    1    1    1    1  1.30529E+07 1.00000 
    6    6    1    1    1    1    1    1    1    1  1.20092E+07 1.00000 
    7    7    1    1    1    1    1    1    1    1  2.18218E+07 1.00000 
    8    8    1    1    1    1    1    1    1    1  4.03570E+07 0.69649 
    9    9    1    1    1    1    1    1    1    1  9.88770E+07 0.55691 
   10   10    1    1    1    1    1    1    1    1  0.00000E+00 0.00000 
   11   11    1    1    1    1    1    1    1    1  5.57787E+08 0.42328 
   12   12    1    1    1    1    1    1    1    1  2.05500E+08 0.31677 
   13   13    1    1    1    1    1    1    1    1  3.92879E+09 0.32338 
   14   14    1    1    1    1    1    1    1    1  6.43190E+09 0.23555 
   15   15    1    1    1    1    1    1    1    1  1.37934E+10 0.22618 
   16   16    1    1    1    1    1    1    1    1  4.95367E+09 0.19374 
   17   17    1    1    1    1    1    1    1    1  7.93088E+09 0.26854 
   18   18    1    1    1    1    1    1    1    1  2.63087E+10 0.15835 
   19   19    1    1    1    1    1    1    1    1  3.87872E+10 0.08846 
   20   20    1    1    1    1    1    1    1    1  1.01231E+11 0.08315 
   21   21    1    1    1    1    1    1    1    1  8.57584E+10 0.04924 
   22   22    1    1    1    1    1    1    1    1  2.38513E+11 0.06182 
   23   23    1    1    1    1    1    1    1    1  4.14691E+11 0.02602 
   24   24    1    1    1    1    1    1    1    1  8.37360E+11 0.03098 
   25   25    1    1    1    1    1    1    1    1  1.32599E+12 0.02361 
   26   26    1    1    1    1    1    1    1    1  2.67239E+12 0.01374 
   27   27    1    1    1    1    1    1    1    1  5.47017E+12 0.00884 
   28   28    1    1    1    1    1    1    1    1  1.11308E+13 0.00698 
   29   29    1    1    1    1    1    1    1    1  1.37932E+13 0.00658 
   30   30    1    1    1    1    1    1    1    1  3.21564E+13 0.00642 
   31   31    1    1    1    1    1    1    1    1  6.64529E+13 0.00450 
   32   32    1    1    1    1    1    1    1    1  8.84509E+13 0.00360 
   33   33    1    1    1    1    1    1    1    1  1.59905E+14 0.00335 
   34   34    1    1    1    1    1    1    1    1  1.65084E+14 0.00327 
   35   35    1    1    1    1    1    1    1    1  2.32722E+14 0.00256 
   36   36    1    1    1    1    1    1    1    1  1.98754E+14 0.00325 
   37   37    1    1    1    1    1    1    1    1  6.31260E+13 0.00267 
   38   38    1    1    1    1    1    1    1    1  2.75978E+14 0.00289 
   39   39    1    1    1    1    1    1    1    1  3.16863E+14 0.00267 
   40   40    1    1    1    1    1    1    1    1  5.10478E+14 0.00258 
   41   41    1    1    1    1    1    1    1    1  4.78124E+14 0.00272 
   42   42    1    1    1    1    1    1    1    1  7.91075E+14 0.00303 
   43   43    1    1    1    1    1    1    1    1  8.17131E+14 0.00301 
   44   44    1    1    1    1    1    1    1    1  1.00910E+15 0.00283 
   45   45    1    1    1    1    1    1    1    1  1.65312E+15 0.00267 
   46   46    1    1    1    1    1    1    1    1  9.25638E+14 0.00267 
   47   47    1    1    1    1    1    1    1    1  1.24284E+15 0.00280 
   48   48    1    1    1    1    1    1    1    1  1.71357E+15 0.00260 
   49   49    1    1    1    1    1    1    1    1  1.49435E+15 0.00260 
   50   50    1    1    1    1    1    1    1    1  2.24044E+15 0.00294 
   51   51    1    1    1    1    1    1    1    1  1.75447E+15 0.00258 
   52   52    1    1    1    1    1    1    1    1  1.92005E+15 0.00302 
   53   53    1    1    1    1    1    1    1    1  1.38911E+15 0.00309 
   54   54    1    1    1    1    1    1    1    1  1.65790E+15 0.00276 
   55   55    1    1    1    1    1    1    1    1  1.20074E+15 0.00293 
   56   56    1    1    1    1    1    1    1    1  1.67177E+14 0.00275 
   57   57    1    1    1    1    1    1    1    1  2.28945E+15 0.00309 
   58   58    1    1    1    1    1    1    1    1  9.83913E+14 0.00305 
   59   59    1    1    1    1    1    1    1    1  1.08533E+15 0.00297 
   60   60    1    1    1    1    1    1    1    1  8.64646E+14 0.00308 
   61   61    1    1    1    1    1    1    1    1  8.65918E+14 0.00312 
   62   62    1    1    1    1    1    1    1    1  8.49023E+14 0.00308 
   63   63    1    1    1    1    1    1    1    1  7.03182E+14 0.00278 
   64   64    1    1    1    1    1    1    1    1  5.47988E+14 0.00305 
   65   65    1    1    1    1    1    1    1    1  5.28616E+14 0.00322 
   66   66    1    1    1    1    1    1    1    1  4.45916E+14 0.00343 
   67   67    1    1    1    1    1    1    1    1  3.70586E+14 0.00319 
   68   68    1    1    1    1    1    1    1    1  3.23543E+14 0.00314 
   69   69    1    1    1    1    1    1    1    1  3.95277E+14 0.00351 
   70   70    1    1    1    1    1    1    1    1  3.41440E+14 0.00293 
   71   71    1    1    1    1    1    1    1    1  6.52053E+14 0.00335 
   72   72    1    1    1    1    1    1    1    1  4.84988E+14 0.00325 
   73   73    1    1    1    1    1    1    1    1  3.79053E+14 0.00349 
   74   74    1    1    1    1    1    1    1    1  3.05596E+14 0.00375 
   75   75    1    1    1    1    1    1    1    1  2.46681E+14 0.00376 
   76   76    1    1    1    1    1    1    1    1  2.77073E+14 0.00299 
   77   77    1    1    1    1    1    1    1    1  2.12673E+14 0.00408 
   78   78    1    1    1    1    1    1    1    1  1.59776E+14 0.00448 
   79   79    1    1    1    1    1    1    1    1  1.64578E+14 0.00367 
   80   80    1    1    1    1    1    1    1    1  1.22807E+14 0.00423 
   81   81    1    1    1    1    1    1    1    1  9.43466E+13 0.00476 
   82   82    1    1    1    1    1    1    1    1  7.34138E+13 0.00456 
   83   83    1    1    1    1    1    1    1    1  6.85727E+13 0.00471 
   84   84    1    1    1    1    1    1    1    1  4.92177E+13 0.00655 
   85   85    1    1    1    1    1    1    1    1  3.52979E+13 0.00484 
   86   86    1    1    1    1    1    1    1    1  3.34337E+13 0.00578 
   87   87    1    1    1    1    1    1    1    1  2.05779E+13 0.00637 
   88   88    1    1    1    1    1    1    1    1  1.41062E+13 0.00818 
   89   89    1    1    1    1    1    1    1    1  7.91955E+12 0.00871 
   90   90    1    1    1    1    1    1    1    1  5.53390E+12 0.01450 
   91   91    1    1    1    1    1    1    1    1  2.64575E+12 0.01647 
   92   92    1    1    1    1    1    1    1    1  1.31057E+12 0.02544 
   93   93    1    1    1    1    1    1    1    1  6.70919E+11 0.03786 
   94   94    1    1    1    1    1    1    1    1  3.39389E+11 0.06671 
   95   95    1    1    1    1    1    1    1    1  1.44806E+11 0.07347 
   96   96    1    1    1    1    1    1    1    1  7.26251E+10 0.11503 
   97   97    1    1    1    1    1    1    1    1  3.24530E+10 0.22403 
   98   98    1    1    1    1    1    1    1    1  2.38775E+10 0.17403 
   99   99    1    1    1    1    1    1    1    1  1.08598E+10 0.29171 
  100  100    1    1    1    1    1    1    1    1  9.17864E+09 0.31991 
];


