
DETdpaspec = [
    1    1    1    1    1    1    1    1    1    1  0.00000E+00 0.00000 
    2    2    1    1    1    1    1    1    1    1  0.00000E+00 0.00000 
    3    3    1    1    1    1    1    1    1    1  0.00000E+00 0.00000 
    4    4    1    1    1    1    1    1    1    1  0.00000E+00 0.00000 
    5    5    1    1    1    1    1    1    1    1  0.00000E+00 0.00000 
    6    6    1    1    1    1    1    1    1    1  2.84571E+07 0.68842 
    7    7    1    1    1    1    1    1    1    1  2.63333E+07 1.00000 
    8    8    1    1    1    1    1    1    1    1  9.38881E+07 0.46054 
    9    9    1    1    1    1    1    1    1    1  2.10705E+07 0.68825 
   10   10    1    1    1    1    1    1    1    1  4.04614E+08 0.37217 
   11   11    1    1    1    1    1    1    1    1  4.86808E+07 1.00000 
   12   12    1    1    1    1    1    1    1    1  3.71047E+08 0.31672 
   13   13    1    1    1    1    1    1    1    1  3.05502E+09 0.37968 
   14   14    1    1    1    1    1    1    1    1  1.36413E+10 0.29566 
   15   15    1    1    1    1    1    1    1    1  1.71926E+10 0.19063 
   16   16    1    1    1    1    1    1    1    1  5.78662E+09 0.20948 
   17   17    1    1    1    1    1    1    1    1  1.07254E+10 0.16682 
   18   18    1    1    1    1    1    1    1    1  2.78787E+10 0.09679 
   19   19    1    1    1    1    1    1    1    1  4.92693E+10 0.09629 
   20   20    1    1    1    1    1    1    1    1  1.28284E+11 0.07292 
   21   21    1    1    1    1    1    1    1    1  1.19808E+11 0.07698 
   22   22    1    1    1    1    1    1    1    1  3.13544E+11 0.04228 
   23   23    1    1    1    1    1    1    1    1  6.80981E+11 0.03776 
   24   24    1    1    1    1    1    1    1    1  1.49007E+12 0.01418 
   25   25    1    1    1    1    1    1    1    1  2.52730E+12 0.01471 
   26   26    1    1    1    1    1    1    1    1  5.56947E+12 0.00884 
   27   27    1    1    1    1    1    1    1    1  1.10697E+13 0.00708 
   28   28    1    1    1    1    1    1    1    1  2.31236E+13 0.00465 
   29   29    1    1    1    1    1    1    1    1  3.08721E+13 0.00525 
   30   30    1    1    1    1    1    1    1    1  6.68694E+13 0.00294 
   31   31    1    1    1    1    1    1    1    1  1.40413E+14 0.00252 
   32   32    1    1    1    1    1    1    1    1  1.86931E+14 0.00251 
   33   33    1    1    1    1    1    1    1    1  3.41889E+14 0.00236 
   34   34    1    1    1    1    1    1    1    1  3.62999E+14 0.00202 
   35   35    1    1    1    1    1    1    1    1  4.94115E+14 0.00200 
   36   36    1    1    1    1    1    1    1    1  4.22360E+14 0.00166 
   37   37    1    1    1    1    1    1    1    1  1.32294E+14 0.00187 
   38   38    1    1    1    1    1    1    1    1  5.90021E+14 0.00170 
   39   39    1    1    1    1    1    1    1    1  6.78680E+14 0.00147 
   40   40    1    1    1    1    1    1    1    1  1.11004E+15 0.00117 
   41   41    1    1    1    1    1    1    1    1  1.03450E+15 0.00127 
   42   42    1    1    1    1    1    1    1    1  1.73207E+15 0.00149 
   43   43    1    1    1    1    1    1    1    1  1.79996E+15 0.00143 
   44   44    1    1    1    1    1    1    1    1  2.24260E+15 0.00128 
   45   45    1    1    1    1    1    1    1    1  3.71652E+15 0.00105 
   46   46    1    1    1    1    1    1    1    1  2.10669E+15 0.00105 
   47   47    1    1    1    1    1    1    1    1  2.81628E+15 0.00110 
   48   48    1    1    1    1    1    1    1    1  3.92518E+15 0.00114 
   49   49    1    1    1    1    1    1    1    1  3.41217E+15 0.00111 
   50   50    1    1    1    1    1    1    1    1  5.20589E+15 0.00114 
   51   51    1    1    1    1    1    1    1    1  4.07395E+15 0.00111 
   52   52    1    1    1    1    1    1    1    1  4.52046E+15 0.00135 
   53   53    1    1    1    1    1    1    1    1  3.27782E+15 0.00121 
   54   54    1    1    1    1    1    1    1    1  3.96113E+15 0.00114 
   55   55    1    1    1    1    1    1    1    1  2.87478E+15 0.00115 
   56   56    1    1    1    1    1    1    1    1  4.01419E+14 0.00153 
   57   57    1    1    1    1    1    1    1    1  5.50250E+15 0.00104 
   58   58    1    1    1    1    1    1    1    1  2.40407E+15 0.00130 
   59   59    1    1    1    1    1    1    1    1  2.64842E+15 0.00121 
   60   60    1    1    1    1    1    1    1    1  2.14173E+15 0.00153 
   61   61    1    1    1    1    1    1    1    1  2.14371E+15 0.00127 
   62   62    1    1    1    1    1    1    1    1  2.10997E+15 0.00116 
   63   63    1    1    1    1    1    1    1    1  1.76011E+15 0.00128 
   64   64    1    1    1    1    1    1    1    1  1.37653E+15 0.00133 
   65   65    1    1    1    1    1    1    1    1  1.33045E+15 0.00130 
   66   66    1    1    1    1    1    1    1    1  1.13153E+15 0.00155 
   67   67    1    1    1    1    1    1    1    1  9.38941E+14 0.00125 
   68   68    1    1    1    1    1    1    1    1  8.20182E+14 0.00177 
   69   69    1    1    1    1    1    1    1    1  1.00366E+15 0.00141 
   70   70    1    1    1    1    1    1    1    1  8.63007E+14 0.00121 
   71   71    1    1    1    1    1    1    1    1  1.64313E+15 0.00142 
   72   72    1    1    1    1    1    1    1    1  1.22123E+15 0.00138 
   73   73    1    1    1    1    1    1    1    1  9.60296E+14 0.00174 
   74   74    1    1    1    1    1    1    1    1  7.80158E+14 0.00151 
   75   75    1    1    1    1    1    1    1    1  6.37099E+14 0.00174 
   76   76    1    1    1    1    1    1    1    1  7.24614E+14 0.00159 
   77   77    1    1    1    1    1    1    1    1  5.61514E+14 0.00168 
   78   78    1    1    1    1    1    1    1    1  4.24309E+14 0.00224 
   79   79    1    1    1    1    1    1    1    1  4.40060E+14 0.00169 
   80   80    1    1    1    1    1    1    1    1  3.30492E+14 0.00231 
   81   81    1    1    1    1    1    1    1    1  2.54491E+14 0.00210 
   82   82    1    1    1    1    1    1    1    1  1.97604E+14 0.00221 
   83   83    1    1    1    1    1    1    1    1  1.84620E+14 0.00179 
   84   84    1    1    1    1    1    1    1    1  1.32502E+14 0.00283 
   85   85    1    1    1    1    1    1    1    1  9.56087E+13 0.00243 
   86   86    1    1    1    1    1    1    1    1  8.95380E+13 0.00362 
   87   87    1    1    1    1    1    1    1    1  5.55624E+13 0.00463 
   88   88    1    1    1    1    1    1    1    1  3.78150E+13 0.00362 
   89   89    1    1    1    1    1    1    1    1  2.14369E+13 0.00399 
   90   90    1    1    1    1    1    1    1    1  1.47599E+13 0.00783 
   91   91    1    1    1    1    1    1    1    1  7.27471E+12 0.01259 
   92   92    1    1    1    1    1    1    1    1  3.50839E+12 0.01398 
   93   93    1    1    1    1    1    1    1    1  1.73221E+12 0.02509 
   94   94    1    1    1    1    1    1    1    1  8.52871E+11 0.03156 
   95   95    1    1    1    1    1    1    1    1  3.86779E+11 0.05399 
   96   96    1    1    1    1    1    1    1    1  2.01103E+11 0.08447 
   97   97    1    1    1    1    1    1    1    1  8.43678E+10 0.11996 
   98   98    1    1    1    1    1    1    1    1  3.20671E+10 0.15608 
   99   99    1    1    1    1    1    1    1    1  2.10056E+10 0.16893 
  100  100    1    1    1    1    1    1    1    1  1.63042E+10 0.24359 
];


