
DETdpaspec = [
    1    1    1    1    1    1    1    1    1    1  0.00000E+00 0.00000 
    2    2    1    1    1    1    1    1    1    1  6.20194E+06 1.00000 
    3    3    1    1    1    1    1    1    1    1  0.00000E+00 0.00000 
    4    4    1    1    1    1    1    1    1    1  0.00000E+00 0.00000 
    5    5    1    1    1    1    1    1    1    1  1.23074E+07 1.00000 
    6    6    1    1    1    1    1    1    1    1  0.00000E+00 0.00000 
    7    7    1    1    1    1    1    1    1    1  2.52232E+07 1.00000 
    8    8    1    1    1    1    1    1    1    1  2.59453E+07 1.00000 
    9    9    1    1    1    1    1    1    1    1  9.54964E+07 0.51545 
   10   10    1    1    1    1    1    1    1    1  0.00000E+00 0.00000 
   11   11    1    1    1    1    1    1    1    1  3.99905E+08 0.53308 
   12   12    1    1    1    1    1    1    1    1  8.35259E+07 0.66026 
   13   13    1    1    1    1    1    1    1    1  2.49660E+09 0.33157 
   14   14    1    1    1    1    1    1    1    1  4.14282E+09 0.36315 
   15   15    1    1    1    1    1    1    1    1  8.35440E+09 0.37049 
   16   16    1    1    1    1    1    1    1    1  3.61164E+09 0.30571 
   17   17    1    1    1    1    1    1    1    1  7.07759E+09 0.16262 
   18   18    1    1    1    1    1    1    1    1  1.35251E+10 0.12850 
   19   19    1    1    1    1    1    1    1    1  1.86564E+10 0.15308 
   20   20    1    1    1    1    1    1    1    1  5.02741E+10 0.13241 
   21   21    1    1    1    1    1    1    1    1  4.55926E+10 0.09623 
   22   22    1    1    1    1    1    1    1    1  1.23824E+11 0.06462 
   23   23    1    1    1    1    1    1    1    1  2.29280E+11 0.05872 
   24   24    1    1    1    1    1    1    1    1  4.35550E+11 0.03844 
   25   25    1    1    1    1    1    1    1    1  6.65578E+11 0.02398 
   26   26    1    1    1    1    1    1    1    1  1.30203E+12 0.02493 
   27   27    1    1    1    1    1    1    1    1  2.44725E+12 0.01655 
   28   28    1    1    1    1    1    1    1    1  4.71087E+12 0.01082 
   29   29    1    1    1    1    1    1    1    1  5.81743E+12 0.01180 
   30   30    1    1    1    1    1    1    1    1  1.36521E+13 0.01212 
   31   31    1    1    1    1    1    1    1    1  2.79784E+13 0.00757 
   32   32    1    1    1    1    1    1    1    1  3.68097E+13 0.00671 
   33   33    1    1    1    1    1    1    1    1  6.59346E+13 0.00565 
   34   34    1    1    1    1    1    1    1    1  6.71057E+13 0.00563 
   35   35    1    1    1    1    1    1    1    1  9.53922E+13 0.00514 
   36   36    1    1    1    1    1    1    1    1  8.14639E+13 0.00461 
   37   37    1    1    1    1    1    1    1    1  2.58575E+13 0.00521 
   38   38    1    1    1    1    1    1    1    1  1.11987E+14 0.00508 
   39   39    1    1    1    1    1    1    1    1  1.28567E+14 0.00456 
   40   40    1    1    1    1    1    1    1    1  2.05020E+14 0.00472 
   41   41    1    1    1    1    1    1    1    1  1.92755E+14 0.00478 
   42   42    1    1    1    1    1    1    1    1  3.15565E+14 0.00479 
   43   43    1    1    1    1    1    1    1    1  3.23089E+14 0.00478 
   44   44    1    1    1    1    1    1    1    1  3.98543E+14 0.00481 
   45   45    1    1    1    1    1    1    1    1  6.48041E+14 0.00514 
   46   46    1    1    1    1    1    1    1    1  3.61712E+14 0.00485 
   47   47    1    1    1    1    1    1    1    1  4.84265E+14 0.00508 
   48   48    1    1    1    1    1    1    1    1  6.65209E+14 0.00481 
   49   49    1    1    1    1    1    1    1    1  5.78584E+14 0.00495 
   50   50    1    1    1    1    1    1    1    1  8.62619E+14 0.00487 
   51   51    1    1    1    1    1    1    1    1  6.75704E+14 0.00474 
   52   52    1    1    1    1    1    1    1    1  7.35963E+14 0.00539 
   53   53    1    1    1    1    1    1    1    1  5.29191E+14 0.00539 
   54   54    1    1    1    1    1    1    1    1  6.29568E+14 0.00496 
   55   55    1    1    1    1    1    1    1    1  4.55179E+14 0.00500 
   56   56    1    1    1    1    1    1    1    1  6.34323E+13 0.00564 
   57   57    1    1    1    1    1    1    1    1  8.65667E+14 0.00506 
   58   58    1    1    1    1    1    1    1    1  3.70335E+14 0.00534 
   59   59    1    1    1    1    1    1    1    1  4.08702E+14 0.00515 
   60   60    1    1    1    1    1    1    1    1  3.23119E+14 0.00592 
   61   61    1    1    1    1    1    1    1    1  3.23077E+14 0.00541 
   62   62    1    1    1    1    1    1    1    1  3.15903E+14 0.00573 
   63   63    1    1    1    1    1    1    1    1  2.60838E+14 0.00595 
   64   64    1    1    1    1    1    1    1    1  2.03300E+14 0.00590 
   65   65    1    1    1    1    1    1    1    1  1.95624E+14 0.00580 
   66   66    1    1    1    1    1    1    1    1  1.64592E+14 0.00547 
   67   67    1    1    1    1    1    1    1    1  1.36455E+14 0.00519 
   68   68    1    1    1    1    1    1    1    1  1.19549E+14 0.00601 
   69   69    1    1    1    1    1    1    1    1  1.45485E+14 0.00620 
   70   70    1    1    1    1    1    1    1    1  1.25341E+14 0.00639 
   71   71    1    1    1    1    1    1    1    1  2.39878E+14 0.00575 
   72   72    1    1    1    1    1    1    1    1  1.78553E+14 0.00590 
   73   73    1    1    1    1    1    1    1    1  1.39895E+14 0.00645 
   74   74    1    1    1    1    1    1    1    1  1.11990E+14 0.00650 
   75   75    1    1    1    1    1    1    1    1  9.04143E+13 0.00670 
   76   76    1    1    1    1    1    1    1    1  1.01183E+14 0.00600 
   77   77    1    1    1    1    1    1    1    1  7.71188E+13 0.00636 
   78   78    1    1    1    1    1    1    1    1  5.81374E+13 0.00664 
   79   79    1    1    1    1    1    1    1    1  5.93388E+13 0.00797 
   80   80    1    1    1    1    1    1    1    1  4.42235E+13 0.00653 
   81   81    1    1    1    1    1    1    1    1  3.40059E+13 0.00812 
   82   82    1    1    1    1    1    1    1    1  2.66700E+13 0.00931 
   83   83    1    1    1    1    1    1    1    1  2.45708E+13 0.00819 
   84   84    1    1    1    1    1    1    1    1  1.76352E+13 0.01006 
   85   85    1    1    1    1    1    1    1    1  1.27209E+13 0.00906 
   86   86    1    1    1    1    1    1    1    1  1.18831E+13 0.01103 
   87   87    1    1    1    1    1    1    1    1  7.29488E+12 0.01240 
   88   88    1    1    1    1    1    1    1    1  5.01477E+12 0.01492 
   89   89    1    1    1    1    1    1    1    1  2.88057E+12 0.01943 
   90   90    1    1    1    1    1    1    1    1  1.93795E+12 0.02081 
   91   91    1    1    1    1    1    1    1    1  9.62526E+11 0.03363 
   92   92    1    1    1    1    1    1    1    1  4.68098E+11 0.05239 
   93   93    1    1    1    1    1    1    1    1  2.08454E+11 0.04686 
   94   94    1    1    1    1    1    1    1    1  1.03027E+11 0.07865 
   95   95    1    1    1    1    1    1    1    1  5.44828E+10 0.13370 
   96   96    1    1    1    1    1    1    1    1  2.43265E+10 0.20369 
   97   97    1    1    1    1    1    1    1    1  9.18304E+09 0.36351 
   98   98    1    1    1    1    1    1    1    1  6.29370E+09 0.33490 
   99   99    1    1    1    1    1    1    1    1  2.13094E+09 0.64448 
  100  100    1    1    1    1    1    1    1    1  3.42741E+09 0.55305 
];


