
DETdpaspec = [
    1    1    1    1    1    1    1    1    1    1  0.00000E+00 0.00000 
    2    2    1    1    1    1    1    1    1    1  0.00000E+00 0.00000 
    3    3    1    1    1    1    1    1    1    1  0.00000E+00 0.00000 
    4    4    1    1    1    1    1    1    1    1  0.00000E+00 0.00000 
    5    5    1    1    1    1    1    1    1    1  1.21372E+07 1.00000 
    6    6    1    1    1    1    1    1    1    1  0.00000E+00 0.00000 
    7    7    1    1    1    1    1    1    1    1  1.57749E+07 1.00000 
    8    8    1    1    1    1    1    1    1    1  7.24446E+07 0.74379 
    9    9    1    1    1    1    1    1    1    1  1.49565E+07 1.00000 
   10   10    1    1    1    1    1    1    1    1  5.28629E+08 0.56611 
   11   11    1    1    1    1    1    1    1    1  3.81353E+08 0.51756 
   12   12    1    1    1    1    1    1    1    1  2.77236E+08 0.39581 
   13   13    1    1    1    1    1    1    1    1  2.10891E+09 0.29430 
   14   14    1    1    1    1    1    1    1    1  1.08875E+10 0.23617 
   15   15    1    1    1    1    1    1    1    1  8.59593E+09 0.18357 
   16   16    1    1    1    1    1    1    1    1  4.65637E+09 0.22095 
   17   17    1    1    1    1    1    1    1    1  1.06524E+10 0.14464 
   18   18    1    1    1    1    1    1    1    1  2.94242E+10 0.10646 
   19   19    1    1    1    1    1    1    1    1  3.27983E+10 0.09980 
   20   20    1    1    1    1    1    1    1    1  9.86838E+10 0.06007 
   21   21    1    1    1    1    1    1    1    1  7.89655E+10 0.06985 
   22   22    1    1    1    1    1    1    1    1  2.46279E+11 0.04845 
   23   23    1    1    1    1    1    1    1    1  3.66971E+11 0.04372 
   24   24    1    1    1    1    1    1    1    1  6.20911E+11 0.04879 
   25   25    1    1    1    1    1    1    1    1  9.28145E+11 0.03950 
   26   26    1    1    1    1    1    1    1    1  1.85574E+12 0.02797 
   27   27    1    1    1    1    1    1    1    1  3.47948E+12 0.02444 
   28   28    1    1    1    1    1    1    1    1  6.57739E+12 0.01748 
   29   29    1    1    1    1    1    1    1    1  7.62931E+12 0.01577 
   30   30    1    1    1    1    1    1    1    1  1.79395E+13 0.01423 
   31   31    1    1    1    1    1    1    1    1  3.57550E+13 0.01358 
   32   32    1    1    1    1    1    1    1    1  4.66478E+13 0.01376 
   33   33    1    1    1    1    1    1    1    1  8.34210E+13 0.01418 
   34   34    1    1    1    1    1    1    1    1  8.37498E+13 0.01436 
   35   35    1    1    1    1    1    1    1    1  1.20274E+14 0.01453 
   36   36    1    1    1    1    1    1    1    1  1.02308E+14 0.01474 
   37   37    1    1    1    1    1    1    1    1  3.24585E+13 0.01438 
   38   38    1    1    1    1    1    1    1    1  1.39884E+14 0.01493 
   39   39    1    1    1    1    1    1    1    1  1.59627E+14 0.01490 
   40   40    1    1    1    1    1    1    1    1  2.53132E+14 0.01476 
   41   41    1    1    1    1    1    1    1    1  2.38660E+14 0.01531 
   42   42    1    1    1    1    1    1    1    1  3.88509E+14 0.01508 
   43   43    1    1    1    1    1    1    1    1  4.00241E+14 0.01475 
   44   44    1    1    1    1    1    1    1    1  4.92325E+14 0.01476 
   45   45    1    1    1    1    1    1    1    1  8.00880E+14 0.01475 
   46   46    1    1    1    1    1    1    1    1  4.48237E+14 0.01500 
   47   47    1    1    1    1    1    1    1    1  6.02866E+14 0.01502 
   48   48    1    1    1    1    1    1    1    1  8.30082E+14 0.01486 
   49   49    1    1    1    1    1    1    1    1  7.26517E+14 0.01510 
   50   50    1    1    1    1    1    1    1    1  1.08493E+15 0.01522 
   51   51    1    1    1    1    1    1    1    1  8.55809E+14 0.01501 
   52   52    1    1    1    1    1    1    1    1  9.34937E+14 0.01531 
   53   53    1    1    1    1    1    1    1    1  6.78151E+14 0.01576 
   54   54    1    1    1    1    1    1    1    1  8.05311E+14 0.01558 
   55   55    1    1    1    1    1    1    1    1  5.86517E+14 0.01531 
   56   56    1    1    1    1    1    1    1    1  8.20017E+13 0.01540 
   57   57    1    1    1    1    1    1    1    1  1.11852E+15 0.01597 
   58   58    1    1    1    1    1    1    1    1  4.78882E+14 0.01571 
   59   59    1    1    1    1    1    1    1    1  5.31443E+14 0.01573 
   60   60    1    1    1    1    1    1    1    1  4.22898E+14 0.01615 
   61   61    1    1    1    1    1    1    1    1  4.23092E+14 0.01666 
   62   62    1    1    1    1    1    1    1    1  4.14209E+14 0.01608 
   63   63    1    1    1    1    1    1    1    1  3.43426E+14 0.01647 
   64   64    1    1    1    1    1    1    1    1  2.66703E+14 0.01656 
   65   65    1    1    1    1    1    1    1    1  2.58035E+14 0.01674 
   66   66    1    1    1    1    1    1    1    1  2.18259E+14 0.01692 
   67   67    1    1    1    1    1    1    1    1  1.81323E+14 0.01625 
   68   68    1    1    1    1    1    1    1    1  1.58806E+14 0.01767 
   69   69    1    1    1    1    1    1    1    1  1.93860E+14 0.01725 
   70   70    1    1    1    1    1    1    1    1  1.66793E+14 0.01591 
   71   71    1    1    1    1    1    1    1    1  3.20801E+14 0.01681 
   72   72    1    1    1    1    1    1    1    1  2.40202E+14 0.01642 
   73   73    1    1    1    1    1    1    1    1  1.86874E+14 0.01717 
   74   74    1    1    1    1    1    1    1    1  1.50034E+14 0.01638 
   75   75    1    1    1    1    1    1    1    1  1.20695E+14 0.01755 
   76   76    1    1    1    1    1    1    1    1  1.35647E+14 0.01664 
   77   77    1    1    1    1    1    1    1    1  1.03566E+14 0.01744 
   78   78    1    1    1    1    1    1    1    1  7.78225E+13 0.01737 
   79   79    1    1    1    1    1    1    1    1  7.93885E+13 0.01713 
   80   80    1    1    1    1    1    1    1    1  5.92218E+13 0.01724 
   81   81    1    1    1    1    1    1    1    1  4.54090E+13 0.01662 
   82   82    1    1    1    1    1    1    1    1  3.52139E+13 0.01728 
   83   83    1    1    1    1    1    1    1    1  3.28263E+13 0.01710 
   84   84    1    1    1    1    1    1    1    1  2.35100E+13 0.01679 
   85   85    1    1    1    1    1    1    1    1  1.67727E+13 0.01473 
   86   86    1    1    1    1    1    1    1    1  1.57649E+13 0.01401 
   87   87    1    1    1    1    1    1    1    1  9.79779E+12 0.02273 
   88   88    1    1    1    1    1    1    1    1  6.70872E+12 0.01654 
   89   89    1    1    1    1    1    1    1    1  3.81941E+12 0.02921 
   90   90    1    1    1    1    1    1    1    1  2.59002E+12 0.03241 
   91   91    1    1    1    1    1    1    1    1  1.29667E+12 0.03353 
   92   92    1    1    1    1    1    1    1    1  6.05224E+11 0.03301 
   93   93    1    1    1    1    1    1    1    1  3.39690E+11 0.05010 
   94   94    1    1    1    1    1    1    1    1  1.38620E+11 0.08961 
   95   95    1    1    1    1    1    1    1    1  6.99893E+10 0.11555 
   96   96    1    1    1    1    1    1    1    1  3.47279E+10 0.16381 
   97   97    1    1    1    1    1    1    1    1  1.98503E+10 0.23047 
   98   98    1    1    1    1    1    1    1    1  3.34058E+09 0.38058 
   99   99    1    1    1    1    1    1    1    1  3.49104E+09 0.38338 
  100  100    1    1    1    1    1    1    1    1  2.18714E+09 0.64030 
];


