
DETdpaspec = [
    1    1    1    1    1    1    1    1    1    1  0.00000E+00 0.00000 
    2    2    1    1    1    1    1    1    1    1  0.00000E+00 0.00000 
    3    3    1    1    1    1    1    1    1    1  0.00000E+00 0.00000 
    4    4    1    1    1    1    1    1    1    1  0.00000E+00 0.00000 
    5    5    1    1    1    1    1    1    1    1  1.29835E+07 1.00000 
    6    6    1    1    1    1    1    1    1    1  1.19447E+07 1.00000 
    7    7    1    1    1    1    1    1    1    1  0.00000E+00 0.00000 
    8    8    1    1    1    1    1    1    1    1  2.63704E+07 1.00000 
    9    9    1    1    1    1    1    1    1    1  1.83580E+07 1.00000 
   10   10    1    1    1    1    1    1    1    1  4.65932E+08 0.48386 
   11   11    1    1    1    1    1    1    1    1  3.11553E+08 0.58724 
   12   12    1    1    1    1    1    1    1    1  2.64103E+08 0.50409 
   13   13    1    1    1    1    1    1    1    1  1.56731E+09 0.40438 
   14   14    1    1    1    1    1    1    1    1  4.02894E+09 0.42882 
   15   15    1    1    1    1    1    1    1    1  8.19656E+09 0.23473 
   16   16    1    1    1    1    1    1    1    1  3.77805E+09 0.19552 
   17   17    1    1    1    1    1    1    1    1  4.22693E+09 0.20736 
   18   18    1    1    1    1    1    1    1    1  1.74986E+10 0.19031 
   19   19    1    1    1    1    1    1    1    1  2.35761E+10 0.13795 
   20   20    1    1    1    1    1    1    1    1  5.65496E+10 0.09818 
   21   21    1    1    1    1    1    1    1    1  5.06908E+10 0.09621 
   22   22    1    1    1    1    1    1    1    1  1.50214E+11 0.06744 
   23   23    1    1    1    1    1    1    1    1  2.31153E+11 0.04625 
   24   24    1    1    1    1    1    1    1    1  4.35177E+11 0.02745 
   25   25    1    1    1    1    1    1    1    1  6.52023E+11 0.02854 
   26   26    1    1    1    1    1    1    1    1  1.27062E+12 0.02394 
   27   27    1    1    1    1    1    1    1    1  2.39174E+12 0.01514 
   28   28    1    1    1    1    1    1    1    1  4.57707E+12 0.01279 
   29   29    1    1    1    1    1    1    1    1  5.43311E+12 0.01023 
   30   30    1    1    1    1    1    1    1    1  1.27448E+13 0.01023 
   31   31    1    1    1    1    1    1    1    1  2.60227E+13 0.00927 
   32   32    1    1    1    1    1    1    1    1  3.40437E+13 0.00928 
   33   33    1    1    1    1    1    1    1    1  6.09872E+13 0.00983 
   34   34    1    1    1    1    1    1    1    1  6.15138E+13 0.01031 
   35   35    1    1    1    1    1    1    1    1  8.78593E+13 0.00968 
   36   36    1    1    1    1    1    1    1    1  7.49476E+13 0.00987 
   37   37    1    1    1    1    1    1    1    1  2.37241E+13 0.00930 
   38   38    1    1    1    1    1    1    1    1  1.02552E+14 0.00931 
   39   39    1    1    1    1    1    1    1    1  1.17082E+14 0.00961 
   40   40    1    1    1    1    1    1    1    1  1.86874E+14 0.00998 
   41   41    1    1    1    1    1    1    1    1  1.76147E+14 0.01019 
   42   42    1    1    1    1    1    1    1    1  2.87397E+14 0.00998 
   43   43    1    1    1    1    1    1    1    1  2.95632E+14 0.00934 
   44   44    1    1    1    1    1    1    1    1  3.63287E+14 0.00991 
   45   45    1    1    1    1    1    1    1    1  5.90693E+14 0.01039 
   46   46    1    1    1    1    1    1    1    1  3.29597E+14 0.01022 
   47   47    1    1    1    1    1    1    1    1  4.43234E+14 0.01016 
   48   48    1    1    1    1    1    1    1    1  6.07213E+14 0.01043 
   49   49    1    1    1    1    1    1    1    1  5.30531E+14 0.01090 
   50   50    1    1    1    1    1    1    1    1  7.90661E+14 0.01123 
   51   51    1    1    1    1    1    1    1    1  6.19953E+14 0.01104 
   52   52    1    1    1    1    1    1    1    1  6.74377E+14 0.01121 
   53   53    1    1    1    1    1    1    1    1  4.87514E+14 0.01100 
   54   54    1    1    1    1    1    1    1    1  5.78822E+14 0.01115 
   55   55    1    1    1    1    1    1    1    1  4.20023E+14 0.01110 
   56   56    1    1    1    1    1    1    1    1  5.86983E+13 0.01091 
   57   57    1    1    1    1    1    1    1    1  7.99223E+14 0.01076 
   58   58    1    1    1    1    1    1    1    1  3.39814E+14 0.01083 
   59   59    1    1    1    1    1    1    1    1  3.75675E+14 0.01104 
   60   60    1    1    1    1    1    1    1    1  2.97649E+14 0.01145 
   61   61    1    1    1    1    1    1    1    1  2.97855E+14 0.01141 
   62   62    1    1    1    1    1    1    1    1  2.91996E+14 0.01052 
   63   63    1    1    1    1    1    1    1    1  2.40494E+14 0.01155 
   64   64    1    1    1    1    1    1    1    1  1.87276E+14 0.01153 
   65   65    1    1    1    1    1    1    1    1  1.80999E+14 0.01124 
   66   66    1    1    1    1    1    1    1    1  1.52510E+14 0.01149 
   67   67    1    1    1    1    1    1    1    1  1.27038E+14 0.01243 
   68   68    1    1    1    1    1    1    1    1  1.10953E+14 0.01140 
   69   69    1    1    1    1    1    1    1    1  1.35056E+14 0.01037 
   70   70    1    1    1    1    1    1    1    1  1.16688E+14 0.01268 
   71   71    1    1    1    1    1    1    1    1  2.23777E+14 0.01285 
   72   72    1    1    1    1    1    1    1    1  1.66354E+14 0.01150 
   73   73    1    1    1    1    1    1    1    1  1.30364E+14 0.01309 
   74   74    1    1    1    1    1    1    1    1  1.04204E+14 0.01333 
   75   75    1    1    1    1    1    1    1    1  8.37523E+13 0.01379 
   76   76    1    1    1    1    1    1    1    1  9.39783E+13 0.01367 
   77   77    1    1    1    1    1    1    1    1  7.20275E+13 0.01172 
   78   78    1    1    1    1    1    1    1    1  5.38566E+13 0.01194 
   79   79    1    1    1    1    1    1    1    1  5.46160E+13 0.01200 
   80   80    1    1    1    1    1    1    1    1  4.12199E+13 0.01414 
   81   81    1    1    1    1    1    1    1    1  3.20043E+13 0.01341 
   82   82    1    1    1    1    1    1    1    1  2.44423E+13 0.01376 
   83   83    1    1    1    1    1    1    1    1  2.26936E+13 0.01302 
   84   84    1    1    1    1    1    1    1    1  1.64127E+13 0.01254 
   85   85    1    1    1    1    1    1    1    1  1.19875E+13 0.01763 
   86   86    1    1    1    1    1    1    1    1  1.11117E+13 0.01572 
   87   87    1    1    1    1    1    1    1    1  6.93393E+12 0.01629 
   88   88    1    1    1    1    1    1    1    1  4.74275E+12 0.01762 
   89   89    1    1    1    1    1    1    1    1  2.69768E+12 0.02275 
   90   90    1    1    1    1    1    1    1    1  1.79615E+12 0.02516 
   91   91    1    1    1    1    1    1    1    1  9.08778E+11 0.02491 
   92   92    1    1    1    1    1    1    1    1  4.25640E+11 0.05319 
   93   93    1    1    1    1    1    1    1    1  2.13524E+11 0.06496 
   94   94    1    1    1    1    1    1    1    1  9.42160E+10 0.08401 
   95   95    1    1    1    1    1    1    1    1  4.96553E+10 0.14266 
   96   96    1    1    1    1    1    1    1    1  2.38556E+10 0.23073 
   97   97    1    1    1    1    1    1    1    1  8.84776E+09 0.26239 
   98   98    1    1    1    1    1    1    1    1  8.45757E+09 0.47435 
   99   99    1    1    1    1    1    1    1    1  3.45103E+09 0.67261 
  100  100    1    1    1    1    1    1    1    1  2.61772E+09 0.48839 
];


