
DETdpaspec = [
    1    1    1    1    1    1    1    1    1    1  0.00000E+00 0.00000 
    2    2    1    1    1    1    1    1    1    1  0.00000E+00 0.00000 
    3    3    1    1    1    1    1    1    1    1  0.00000E+00 0.00000 
    4    4    1    1    1    1    1    1    1    1  0.00000E+00 0.00000 
    5    5    1    1    1    1    1    1    1    1  1.29229E+07 1.00000 
    6    6    1    1    1    1    1    1    1    1  2.59254E+07 1.00000 
    7    7    1    1    1    1    1    1    1    1  2.45227E+07 1.00000 
    8    8    1    1    1    1    1    1    1    1  0.00000E+00 0.00000 
    9    9    1    1    1    1    1    1    1    1  7.59282E+07 0.56773 
   10   10    1    1    1    1    1    1    1    1  1.78561E+08 0.56389 
   11   11    1    1    1    1    1    1    1    1  1.21369E+08 0.68968 
   12   12    1    1    1    1    1    1    1    1  1.79651E+08 0.33006 
   13   13    1    1    1    1    1    1    1    1  2.76203E+09 0.27770 
   14   14    1    1    1    1    1    1    1    1  4.66892E+09 0.29406 
   15   15    1    1    1    1    1    1    1    1  1.06460E+10 0.26408 
   16   16    1    1    1    1    1    1    1    1  4.13549E+09 0.20860 
   17   17    1    1    1    1    1    1    1    1  9.56816E+09 0.23074 
   18   18    1    1    1    1    1    1    1    1  2.71129E+10 0.17725 
   19   19    1    1    1    1    1    1    1    1  3.11909E+10 0.11958 
   20   20    1    1    1    1    1    1    1    1  8.09061E+10 0.07424 
   21   21    1    1    1    1    1    1    1    1  7.25042E+10 0.07821 
   22   22    1    1    1    1    1    1    1    1  2.33984E+11 0.04586 
   23   23    1    1    1    1    1    1    1    1  3.75858E+11 0.03240 
   24   24    1    1    1    1    1    1    1    1  7.05388E+11 0.02772 
   25   25    1    1    1    1    1    1    1    1  1.11315E+12 0.02071 
   26   26    1    1    1    1    1    1    1    1  2.42600E+12 0.01813 
   27   27    1    1    1    1    1    1    1    1  4.80086E+12 0.00827 
   28   28    1    1    1    1    1    1    1    1  9.45938E+12 0.00747 
   29   29    1    1    1    1    1    1    1    1  1.16561E+13 0.00578 
   30   30    1    1    1    1    1    1    1    1  2.73907E+13 0.00554 
   31   31    1    1    1    1    1    1    1    1  5.66839E+13 0.00526 
   32   32    1    1    1    1    1    1    1    1  7.52858E+13 0.00424 
   33   33    1    1    1    1    1    1    1    1  1.35576E+14 0.00392 
   34   34    1    1    1    1    1    1    1    1  1.39732E+14 0.00269 
   35   35    1    1    1    1    1    1    1    1  1.97353E+14 0.00293 
   36   36    1    1    1    1    1    1    1    1  1.68569E+14 0.00316 
   37   37    1    1    1    1    1    1    1    1  5.35006E+13 0.00235 
   38   38    1    1    1    1    1    1    1    1  2.33970E+14 0.00223 
   39   39    1    1    1    1    1    1    1    1  2.68663E+14 0.00224 
   40   40    1    1    1    1    1    1    1    1  4.30463E+14 0.00235 
   41   41    1    1    1    1    1    1    1    1  4.05168E+14 0.00232 
   42   42    1    1    1    1    1    1    1    1  6.67043E+14 0.00231 
   43   43    1    1    1    1    1    1    1    1  6.89458E+14 0.00251 
   44   44    1    1    1    1    1    1    1    1  8.51347E+14 0.00198 
   45   45    1    1    1    1    1    1    1    1  1.39134E+15 0.00220 
   46   46    1    1    1    1    1    1    1    1  7.79147E+14 0.00232 
   47   47    1    1    1    1    1    1    1    1  1.04348E+15 0.00264 
   48   48    1    1    1    1    1    1    1    1  1.43814E+15 0.00234 
   49   49    1    1    1    1    1    1    1    1  1.25309E+15 0.00228 
   50   50    1    1    1    1    1    1    1    1  1.87639E+15 0.00223 
   51   51    1    1    1    1    1    1    1    1  1.47189E+15 0.00216 
   52   52    1    1    1    1    1    1    1    1  1.60959E+15 0.00234 
   53   53    1    1    1    1    1    1    1    1  1.16123E+15 0.00279 
   54   54    1    1    1    1    1    1    1    1  1.38366E+15 0.00253 
   55   55    1    1    1    1    1    1    1    1  1.00144E+15 0.00227 
   56   56    1    1    1    1    1    1    1    1  1.39551E+14 0.00287 
   57   57    1    1    1    1    1    1    1    1  1.91005E+15 0.00236 
   58   58    1    1    1    1    1    1    1    1  8.19323E+14 0.00264 
   59   59    1    1    1    1    1    1    1    1  9.02110E+14 0.00259 
   60   60    1    1    1    1    1    1    1    1  7.19075E+14 0.00255 
   61   61    1    1    1    1    1    1    1    1  7.19384E+14 0.00292 
   62   62    1    1    1    1    1    1    1    1  7.03959E+14 0.00281 
   63   63    1    1    1    1    1    1    1    1  5.83515E+14 0.00299 
   64   64    1    1    1    1    1    1    1    1  4.54673E+14 0.00257 
   65   65    1    1    1    1    1    1    1    1  4.37589E+14 0.00253 
   66   66    1    1    1    1    1    1    1    1  3.70251E+14 0.00307 
   67   67    1    1    1    1    1    1    1    1  3.06904E+14 0.00233 
   68   68    1    1    1    1    1    1    1    1  2.68139E+14 0.00251 
   69   69    1    1    1    1    1    1    1    1  3.27119E+14 0.00256 
   70   70    1    1    1    1    1    1    1    1  2.81989E+14 0.00310 
   71   71    1    1    1    1    1    1    1    1  5.39615E+14 0.00232 
   72   72    1    1    1    1    1    1    1    1  4.01105E+14 0.00289 
   73   73    1    1    1    1    1    1    1    1  3.14446E+14 0.00259 
   74   74    1    1    1    1    1    1    1    1  2.52795E+14 0.00381 
   75   75    1    1    1    1    1    1    1    1  2.03307E+14 0.00323 
   76   76    1    1    1    1    1    1    1    1  2.28796E+14 0.00353 
   77   77    1    1    1    1    1    1    1    1  1.75551E+14 0.00385 
   78   78    1    1    1    1    1    1    1    1  1.31803E+14 0.00260 
   79   79    1    1    1    1    1    1    1    1  1.35543E+14 0.00416 
   80   80    1    1    1    1    1    1    1    1  1.01290E+14 0.00481 
   81   81    1    1    1    1    1    1    1    1  7.80220E+13 0.00462 
   82   82    1    1    1    1    1    1    1    1  6.02234E+13 0.00446 
   83   83    1    1    1    1    1    1    1    1  5.60667E+13 0.00436 
   84   84    1    1    1    1    1    1    1    1  4.06622E+13 0.00498 
   85   85    1    1    1    1    1    1    1    1  2.93184E+13 0.00620 
   86   86    1    1    1    1    1    1    1    1  2.73248E+13 0.00972 
   87   87    1    1    1    1    1    1    1    1  1.68834E+13 0.00718 
   88   88    1    1    1    1    1    1    1    1  1.15149E+13 0.01017 
   89   89    1    1    1    1    1    1    1    1  6.76082E+12 0.00878 
   90   90    1    1    1    1    1    1    1    1  4.41081E+12 0.01403 
   91   91    1    1    1    1    1    1    1    1  2.28296E+12 0.02689 
   92   92    1    1    1    1    1    1    1    1  1.13859E+12 0.03265 
   93   93    1    1    1    1    1    1    1    1  4.94335E+11 0.04700 
   94   94    1    1    1    1    1    1    1    1  2.46901E+11 0.06384 
   95   95    1    1    1    1    1    1    1    1  1.19004E+11 0.07314 
   96   96    1    1    1    1    1    1    1    1  6.89158E+10 0.13564 
   97   97    1    1    1    1    1    1    1    1  3.21866E+10 0.14526 
   98   98    1    1    1    1    1    1    1    1  1.02114E+10 0.27419 
   99   99    1    1    1    1    1    1    1    1  5.36650E+09 0.40221 
  100  100    1    1    1    1    1    1    1    1  4.22314E+09 0.37174 
];


