
DETdpaspec = [
    1    1    1    1    1    1    1    1    1    1  0.00000E+00 0.00000 
    2    2    1    1    1    1    1    1    1    1  0.00000E+00 0.00000 
    3    3    1    1    1    1    1    1    1    1  0.00000E+00 0.00000 
    4    4    1    1    1    1    1    1    1    1  0.00000E+00 0.00000 
    5    5    1    1    1    1    1    1    1    1  0.00000E+00 0.00000 
    6    6    1    1    1    1    1    1    1    1  0.00000E+00 0.00000 
    7    7    1    1    1    1    1    1    1    1  2.18238E+07 1.00000 
    8    8    1    1    1    1    1    1    1    1  0.00000E+00 0.00000 
    9    9    1    1    1    1    1    1    1    1  0.00000E+00 0.00000 
   10   10    1    1    1    1    1    1    1    1  2.40384E+08 0.57530 
   11   11    1    1    1    1    1    1    1    1  1.37988E+08 0.69404 
   12   12    1    1    1    1    1    1    1    1  1.39981E+08 0.88946 
   13   13    1    1    1    1    1    1    1    1  1.98328E+09 0.37339 
   14   14    1    1    1    1    1    1    1    1  3.69611E+09 0.59214 
   15   15    1    1    1    1    1    1    1    1  5.68576E+09 0.29801 
   16   16    1    1    1    1    1    1    1    1  2.20589E+09 0.25446 
   17   17    1    1    1    1    1    1    1    1  6.88928E+09 0.17859 
   18   18    1    1    1    1    1    1    1    1  1.52082E+10 0.18092 
   19   19    1    1    1    1    1    1    1    1  2.15269E+10 0.13809 
   20   20    1    1    1    1    1    1    1    1  5.33574E+10 0.11938 
   21   21    1    1    1    1    1    1    1    1  5.11205E+10 0.12879 
   22   22    1    1    1    1    1    1    1    1  1.47029E+11 0.05216 
   23   23    1    1    1    1    1    1    1    1  2.27012E+11 0.03737 
   24   24    1    1    1    1    1    1    1    1  4.14709E+11 0.03453 
   25   25    1    1    1    1    1    1    1    1  6.38866E+11 0.03775 
   26   26    1    1    1    1    1    1    1    1  1.25306E+12 0.02650 
   27   27    1    1    1    1    1    1    1    1  2.44916E+12 0.01937 
   28   28    1    1    1    1    1    1    1    1  4.59852E+12 0.01254 
   29   29    1    1    1    1    1    1    1    1  5.47439E+12 0.00980 
   30   30    1    1    1    1    1    1    1    1  1.30376E+13 0.00856 
   31   31    1    1    1    1    1    1    1    1  2.66088E+13 0.00889 
   32   32    1    1    1    1    1    1    1    1  3.48434E+13 0.00724 
   33   33    1    1    1    1    1    1    1    1  6.26200E+13 0.00844 
   34   34    1    1    1    1    1    1    1    1  6.37938E+13 0.00661 
   35   35    1    1    1    1    1    1    1    1  9.04519E+13 0.00668 
   36   36    1    1    1    1    1    1    1    1  7.72575E+13 0.00698 
   37   37    1    1    1    1    1    1    1    1  2.45657E+13 0.00644 
   38   38    1    1    1    1    1    1    1    1  1.06259E+14 0.00718 
   39   39    1    1    1    1    1    1    1    1  1.21661E+14 0.00694 
   40   40    1    1    1    1    1    1    1    1  1.93901E+14 0.00657 
   41   41    1    1    1    1    1    1    1    1  1.82506E+14 0.00677 
   42   42    1    1    1    1    1    1    1    1  2.98284E+14 0.00663 
   43   43    1    1    1    1    1    1    1    1  3.07312E+14 0.00620 
   44   44    1    1    1    1    1    1    1    1  3.77389E+14 0.00642 
   45   45    1    1    1    1    1    1    1    1  6.13765E+14 0.00635 
   46   46    1    1    1    1    1    1    1    1  3.42197E+14 0.00633 
   47   47    1    1    1    1    1    1    1    1  4.57920E+14 0.00671 
   48   48    1    1    1    1    1    1    1    1  6.30018E+14 0.00664 
   49   49    1    1    1    1    1    1    1    1  5.47328E+14 0.00665 
   50   50    1    1    1    1    1    1    1    1  8.15725E+14 0.00652 
   51   51    1    1    1    1    1    1    1    1  6.39511E+14 0.00634 
   52   52    1    1    1    1    1    1    1    1  6.95782E+14 0.00663 
   53   53    1    1    1    1    1    1    1    1  5.01941E+14 0.00671 
   54   54    1    1    1    1    1    1    1    1  5.95679E+14 0.00668 
   55   55    1    1    1    1    1    1    1    1  4.30942E+14 0.00706 
   56   56    1    1    1    1    1    1    1    1  6.02233E+13 0.00813 
   57   57    1    1    1    1    1    1    1    1  8.21986E+14 0.00681 
   58   58    1    1    1    1    1    1    1    1  3.50042E+14 0.00697 
   59   59    1    1    1    1    1    1    1    1  3.86163E+14 0.00719 
   60   60    1    1    1    1    1    1    1    1  3.05815E+14 0.00718 
   61   61    1    1    1    1    1    1    1    1  3.05681E+14 0.00709 
   62   62    1    1    1    1    1    1    1    1  2.98668E+14 0.00720 
   63   63    1    1    1    1    1    1    1    1  2.46740E+14 0.00679 
   64   64    1    1    1    1    1    1    1    1  1.91689E+14 0.00667 
   65   65    1    1    1    1    1    1    1    1  1.85258E+14 0.00714 
   66   66    1    1    1    1    1    1    1    1  1.56097E+14 0.00757 
   67   67    1    1    1    1    1    1    1    1  1.28913E+14 0.00765 
   68   68    1    1    1    1    1    1    1    1  1.12962E+14 0.00893 
   69   69    1    1    1    1    1    1    1    1  1.38110E+14 0.00898 
   70   70    1    1    1    1    1    1    1    1  1.18890E+14 0.00928 
   71   71    1    1    1    1    1    1    1    1  2.27572E+14 0.00775 
   72   72    1    1    1    1    1    1    1    1  1.69357E+14 0.00863 
   73   73    1    1    1    1    1    1    1    1  1.32728E+14 0.00730 
   74   74    1    1    1    1    1    1    1    1  1.05995E+14 0.00793 
   75   75    1    1    1    1    1    1    1    1  8.47317E+13 0.00843 
   76   76    1    1    1    1    1    1    1    1  9.52662E+13 0.00907 
   77   77    1    1    1    1    1    1    1    1  7.31408E+13 0.00733 
   78   78    1    1    1    1    1    1    1    1  5.51089E+13 0.00742 
   79   79    1    1    1    1    1    1    1    1  5.63113E+13 0.00745 
   80   80    1    1    1    1    1    1    1    1  4.16731E+13 0.01166 
   81   81    1    1    1    1    1    1    1    1  3.23047E+13 0.01148 
   82   82    1    1    1    1    1    1    1    1  2.50931E+13 0.01144 
   83   83    1    1    1    1    1    1    1    1  2.33296E+13 0.01039 
   84   84    1    1    1    1    1    1    1    1  1.68520E+13 0.00978 
   85   85    1    1    1    1    1    1    1    1  1.19476E+13 0.00934 
   86   86    1    1    1    1    1    1    1    1  1.11558E+13 0.01203 
   87   87    1    1    1    1    1    1    1    1  7.20204E+12 0.01524 
   88   88    1    1    1    1    1    1    1    1  4.75611E+12 0.01925 
   89   89    1    1    1    1    1    1    1    1  2.89786E+12 0.01565 
   90   90    1    1    1    1    1    1    1    1  1.87849E+12 0.02175 
   91   91    1    1    1    1    1    1    1    1  9.13430E+11 0.03299 
   92   92    1    1    1    1    1    1    1    1  4.31044E+11 0.03664 
   93   93    1    1    1    1    1    1    1    1  2.25167E+11 0.06322 
   94   94    1    1    1    1    1    1    1    1  1.11503E+11 0.09555 
   95   95    1    1    1    1    1    1    1    1  5.47518E+10 0.10963 
   96   96    1    1    1    1    1    1    1    1  3.94959E+10 0.13022 
   97   97    1    1    1    1    1    1    1    1  1.15019E+10 0.26920 
   98   98    1    1    1    1    1    1    1    1  5.50162E+09 0.47236 
   99   99    1    1    1    1    1    1    1    1  2.97127E+09 0.62807 
  100  100    1    1    1    1    1    1    1    1  8.71822E+08 1.00000 
];


