
DETdpaspec = [
    1    1    1    1    1    1    1    1    1    1  0.00000E+00 0.00000 
    2    2    1    1    1    1    1    1    1    1  0.00000E+00 0.00000 
    3    3    1    1    1    1    1    1    1    1  0.00000E+00 0.00000 
    4    4    1    1    1    1    1    1    1    1  0.00000E+00 0.00000 
    5    5    1    1    1    1    1    1    1    1  0.00000E+00 0.00000 
    6    6    1    1    1    1    1    1    1    1  0.00000E+00 0.00000 
    7    7    1    1    1    1    1    1    1    1  0.00000E+00 0.00000 
    8    8    1    1    1    1    1    1    1    1  2.50181E+07 1.00000 
    9    9    1    1    1    1    1    1    1    1  8.53821E+07 1.00000 
   10   10    1    1    1    1    1    1    1    1  2.20395E+08 0.83444 
   11   11    1    1    1    1    1    1    1    1  7.37037E+08 0.43080 
   12   12    1    1    1    1    1    1    1    1  1.71338E+08 0.40753 
   13   13    1    1    1    1    1    1    1    1  2.49008E+09 0.34635 
   14   14    1    1    1    1    1    1    1    1  5.28213E+09 0.29875 
   15   15    1    1    1    1    1    1    1    1  5.51255E+09 0.30913 
   16   16    1    1    1    1    1    1    1    1  2.63833E+09 0.19370 
   17   17    1    1    1    1    1    1    1    1  5.99549E+09 0.20316 
   18   18    1    1    1    1    1    1    1    1  2.24832E+10 0.19063 
   19   19    1    1    1    1    1    1    1    1  2.94163E+10 0.09542 
   20   20    1    1    1    1    1    1    1    1  8.07766E+10 0.11046 
   21   21    1    1    1    1    1    1    1    1  5.89063E+10 0.09064 
   22   22    1    1    1    1    1    1    1    1  1.75056E+11 0.04218 
   23   23    1    1    1    1    1    1    1    1  3.22008E+11 0.03630 
   24   24    1    1    1    1    1    1    1    1  5.92855E+11 0.02875 
   25   25    1    1    1    1    1    1    1    1  9.98434E+11 0.01990 
   26   26    1    1    1    1    1    1    1    1  1.97545E+12 0.01940 
   27   27    1    1    1    1    1    1    1    1  3.79804E+12 0.01365 
   28   28    1    1    1    1    1    1    1    1  7.58784E+12 0.00913 
   29   29    1    1    1    1    1    1    1    1  9.37076E+12 0.00889 
   30   30    1    1    1    1    1    1    1    1  2.18781E+13 0.00645 
   31   31    1    1    1    1    1    1    1    1  4.48348E+13 0.00582 
   32   32    1    1    1    1    1    1    1    1  5.91344E+13 0.00432 
   33   33    1    1    1    1    1    1    1    1  1.06484E+14 0.00457 
   34   34    1    1    1    1    1    1    1    1  1.09319E+14 0.00431 
   35   35    1    1    1    1    1    1    1    1  1.54538E+14 0.00353 
   36   36    1    1    1    1    1    1    1    1  1.31938E+14 0.00303 
   37   37    1    1    1    1    1    1    1    1  4.19900E+13 0.00295 
   38   38    1    1    1    1    1    1    1    1  1.82575E+14 0.00314 
   39   39    1    1    1    1    1    1    1    1  2.09427E+14 0.00314 
   40   40    1    1    1    1    1    1    1    1  3.34931E+14 0.00305 
   41   41    1    1    1    1    1    1    1    1  3.14999E+14 0.00288 
   42   42    1    1    1    1    1    1    1    1  5.17920E+14 0.00261 
   43   43    1    1    1    1    1    1    1    1  5.33732E+14 0.00256 
   44   44    1    1    1    1    1    1    1    1  6.57647E+14 0.00220 
   45   45    1    1    1    1    1    1    1    1  1.07445E+15 0.00276 
   46   46    1    1    1    1    1    1    1    1  5.99442E+14 0.00301 
   47   47    1    1    1    1    1    1    1    1  8.04376E+14 0.00281 
   48   48    1    1    1    1    1    1    1    1  1.10598E+15 0.00285 
   49   49    1    1    1    1    1    1    1    1  9.64418E+14 0.00286 
   50   50    1    1    1    1    1    1    1    1  1.44201E+15 0.00299 
   51   51    1    1    1    1    1    1    1    1  1.12662E+15 0.00268 
   52   52    1    1    1    1    1    1    1    1  1.22965E+15 0.00289 
   53   53    1    1    1    1    1    1    1    1  8.88948E+14 0.00257 
   54   54    1    1    1    1    1    1    1    1  1.05803E+15 0.00297 
   55   55    1    1    1    1    1    1    1    1  7.66039E+14 0.00266 
   56   56    1    1    1    1    1    1    1    1  1.06818E+14 0.00258 
   57   57    1    1    1    1    1    1    1    1  1.45671E+15 0.00256 
   58   58    1    1    1    1    1    1    1    1  6.23067E+14 0.00313 
   59   59    1    1    1    1    1    1    1    1  6.87274E+14 0.00300 
   60   60    1    1    1    1    1    1    1    1  5.46416E+14 0.00319 
   61   61    1    1    1    1    1    1    1    1  5.46012E+14 0.00362 
   62   62    1    1    1    1    1    1    1    1  5.34153E+14 0.00331 
   63   63    1    1    1    1    1    1    1    1  4.41949E+14 0.00326 
   64   64    1    1    1    1    1    1    1    1  3.43526E+14 0.00307 
   65   65    1    1    1    1    1    1    1    1  3.31387E+14 0.00304 
   66   66    1    1    1    1    1    1    1    1  2.79767E+14 0.00320 
   67   67    1    1    1    1    1    1    1    1  2.32493E+14 0.00314 
   68   68    1    1    1    1    1    1    1    1  2.03677E+14 0.00329 
   69   69    1    1    1    1    1    1    1    1  2.48191E+14 0.00348 
   70   70    1    1    1    1    1    1    1    1  2.14025E+14 0.00432 
   71   71    1    1    1    1    1    1    1    1  4.09298E+14 0.00287 
   72   72    1    1    1    1    1    1    1    1  3.03395E+14 0.00304 
   73   73    1    1    1    1    1    1    1    1  2.37356E+14 0.00324 
   74   74    1    1    1    1    1    1    1    1  1.90621E+14 0.00315 
   75   75    1    1    1    1    1    1    1    1  1.53393E+14 0.00394 
   76   76    1    1    1    1    1    1    1    1  1.72275E+14 0.00395 
   77   77    1    1    1    1    1    1    1    1  1.32207E+14 0.00429 
   78   78    1    1    1    1    1    1    1    1  9.87785E+13 0.00436 
   79   79    1    1    1    1    1    1    1    1  1.02133E+14 0.00402 
   80   80    1    1    1    1    1    1    1    1  7.61612E+13 0.00494 
   81   81    1    1    1    1    1    1    1    1  5.86407E+13 0.00695 
   82   82    1    1    1    1    1    1    1    1  4.54185E+13 0.00525 
   83   83    1    1    1    1    1    1    1    1  4.21502E+13 0.00524 
   84   84    1    1    1    1    1    1    1    1  3.01856E+13 0.00774 
   85   85    1    1    1    1    1    1    1    1  2.19647E+13 0.00669 
   86   86    1    1    1    1    1    1    1    1  2.06539E+13 0.00969 
   87   87    1    1    1    1    1    1    1    1  1.28521E+13 0.01083 
   88   88    1    1    1    1    1    1    1    1  8.61763E+12 0.01041 
   89   89    1    1    1    1    1    1    1    1  5.08258E+12 0.01181 
   90   90    1    1    1    1    1    1    1    1  3.38204E+12 0.01671 
   91   91    1    1    1    1    1    1    1    1  1.69496E+12 0.02526 
   92   92    1    1    1    1    1    1    1    1  8.35067E+11 0.03365 
   93   93    1    1    1    1    1    1    1    1  3.98144E+11 0.03589 
   94   94    1    1    1    1    1    1    1    1  2.10039E+11 0.07147 
   95   95    1    1    1    1    1    1    1    1  9.55627E+10 0.10877 
   96   96    1    1    1    1    1    1    1    1  4.04811E+10 0.15402 
   97   97    1    1    1    1    1    1    1    1  1.48151E+10 0.18948 
   98   98    1    1    1    1    1    1    1    1  1.03467E+10 0.21623 
   99   99    1    1    1    1    1    1    1    1  6.31294E+09 0.73445 
  100  100    1    1    1    1    1    1    1    1  4.66762E+09 0.53881 
];


