
DETdpaspec = [
    1    1    1    1    1    1    1    1    1    1  0.00000E+00 0.00000 
    2    2    1    1    1    1    1    1    1    1  0.00000E+00 0.00000 
    3    3    1    1    1    1    1    1    1    1  0.00000E+00 0.00000 
    4    4    1    1    1    1    1    1    1    1  0.00000E+00 0.00000 
    5    5    1    1    1    1    1    1    1    1  1.19487E+07 1.00000 
    6    6    1    1    1    1    1    1    1    1  0.00000E+00 0.00000 
    7    7    1    1    1    1    1    1    1    1  2.42145E+07 1.00000 
    8    8    1    1    1    1    1    1    1    1  7.15734E+07 0.75521 
    9    9    1    1    1    1    1    1    1    1  2.57729E+07 1.00000 
   10   10    1    1    1    1    1    1    1    1  5.33130E+07 1.00000 
   11   11    1    1    1    1    1    1    1    1  2.66540E+08 0.46411 
   12   12    1    1    1    1    1    1    1    1  3.26333E+07 0.70821 
   13   13    1    1    1    1    1    1    1    1  1.99579E+09 0.31708 
   14   14    1    1    1    1    1    1    1    1  2.21564E+09 0.28508 
   15   15    1    1    1    1    1    1    1    1  6.21046E+09 0.31843 
   16   16    1    1    1    1    1    1    1    1  1.33262E+09 0.27673 
   17   17    1    1    1    1    1    1    1    1  4.93764E+09 0.23133 
   18   18    1    1    1    1    1    1    1    1  1.89544E+10 0.19081 
   19   19    1    1    1    1    1    1    1    1  1.43673E+10 0.20938 
   20   20    1    1    1    1    1    1    1    1  4.82785E+10 0.12364 
   21   21    1    1    1    1    1    1    1    1  5.12306E+10 0.08416 
   22   22    1    1    1    1    1    1    1    1  1.36991E+11 0.06127 
   23   23    1    1    1    1    1    1    1    1  2.38092E+11 0.04932 
   24   24    1    1    1    1    1    1    1    1  4.15343E+11 0.04113 
   25   25    1    1    1    1    1    1    1    1  6.13350E+11 0.03386 
   26   26    1    1    1    1    1    1    1    1  1.26561E+12 0.02220 
   27   27    1    1    1    1    1    1    1    1  2.52596E+12 0.02013 
   28   28    1    1    1    1    1    1    1    1  4.85092E+12 0.01306 
   29   29    1    1    1    1    1    1    1    1  5.83266E+12 0.01391 
   30   30    1    1    1    1    1    1    1    1  1.39133E+13 0.01088 
   31   31    1    1    1    1    1    1    1    1  2.86273E+13 0.00723 
   32   32    1    1    1    1    1    1    1    1  3.78235E+13 0.00692 
   33   33    1    1    1    1    1    1    1    1  6.78943E+13 0.00663 
   34   34    1    1    1    1    1    1    1    1  6.88401E+13 0.00478 
   35   35    1    1    1    1    1    1    1    1  9.80115E+13 0.00549 
   36   36    1    1    1    1    1    1    1    1  8.35815E+13 0.00553 
   37   37    1    1    1    1    1    1    1    1  2.64864E+13 0.00547 
   38   38    1    1    1    1    1    1    1    1  1.15066E+14 0.00467 
   39   39    1    1    1    1    1    1    1    1  1.31695E+14 0.00461 
   40   40    1    1    1    1    1    1    1    1  2.09742E+14 0.00514 
   41   41    1    1    1    1    1    1    1    1  1.97497E+14 0.00448 
   42   42    1    1    1    1    1    1    1    1  3.23353E+14 0.00474 
   43   43    1    1    1    1    1    1    1    1  3.32856E+14 0.00504 
   44   44    1    1    1    1    1    1    1    1  4.08777E+14 0.00498 
   45   45    1    1    1    1    1    1    1    1  6.63994E+14 0.00487 
   46   46    1    1    1    1    1    1    1    1  3.69901E+14 0.00510 
   47   47    1    1    1    1    1    1    1    1  4.95918E+14 0.00508 
   48   48    1    1    1    1    1    1    1    1  6.83065E+14 0.00496 
   49   49    1    1    1    1    1    1    1    1  5.94660E+14 0.00486 
   50   50    1    1    1    1    1    1    1    1  8.87342E+14 0.00486 
   51   51    1    1    1    1    1    1    1    1  6.93581E+14 0.00497 
   52   52    1    1    1    1    1    1    1    1  7.54299E+14 0.00537 
   53   53    1    1    1    1    1    1    1    1  5.44277E+14 0.00526 
   54   54    1    1    1    1    1    1    1    1  6.47114E+14 0.00517 
   55   55    1    1    1    1    1    1    1    1  4.67169E+14 0.00560 
   56   56    1    1    1    1    1    1    1    1  6.51782E+13 0.00570 
   57   57    1    1    1    1    1    1    1    1  8.91928E+14 0.00528 
   58   58    1    1    1    1    1    1    1    1  3.80340E+14 0.00548 
   59   59    1    1    1    1    1    1    1    1  4.18872E+14 0.00542 
   60   60    1    1    1    1    1    1    1    1  3.33183E+14 0.00505 
   61   61    1    1    1    1    1    1    1    1  3.32049E+14 0.00568 
   62   62    1    1    1    1    1    1    1    1  3.24130E+14 0.00546 
   63   63    1    1    1    1    1    1    1    1  2.67499E+14 0.00510 
   64   64    1    1    1    1    1    1    1    1  2.07706E+14 0.00583 
   65   65    1    1    1    1    1    1    1    1  2.01461E+14 0.00520 
   66   66    1    1    1    1    1    1    1    1  1.69507E+14 0.00454 
   67   67    1    1    1    1    1    1    1    1  1.40405E+14 0.00611 
   68   68    1    1    1    1    1    1    1    1  1.23189E+14 0.00664 
   69   69    1    1    1    1    1    1    1    1  1.50447E+14 0.00716 
   70   70    1    1    1    1    1    1    1    1  1.29491E+14 0.00593 
   71   71    1    1    1    1    1    1    1    1  2.46586E+14 0.00592 
   72   72    1    1    1    1    1    1    1    1  1.82635E+14 0.00681 
   73   73    1    1    1    1    1    1    1    1  1.44141E+14 0.00608 
   74   74    1    1    1    1    1    1    1    1  1.15267E+14 0.00553 
   75   75    1    1    1    1    1    1    1    1  9.26244E+13 0.00686 
   76   76    1    1    1    1    1    1    1    1  1.04066E+14 0.00655 
   77   77    1    1    1    1    1    1    1    1  7.94225E+13 0.00723 
   78   78    1    1    1    1    1    1    1    1  5.95176E+13 0.00769 
   79   79    1    1    1    1    1    1    1    1  6.10249E+13 0.00613 
   80   80    1    1    1    1    1    1    1    1  4.55300E+13 0.00876 
   81   81    1    1    1    1    1    1    1    1  3.51296E+13 0.00868 
   82   82    1    1    1    1    1    1    1    1  2.75177E+13 0.01002 
   83   83    1    1    1    1    1    1    1    1  2.53646E+13 0.00704 
   84   84    1    1    1    1    1    1    1    1  1.82595E+13 0.00893 
   85   85    1    1    1    1    1    1    1    1  1.31994E+13 0.01179 
   86   86    1    1    1    1    1    1    1    1  1.19346E+13 0.01037 
   87   87    1    1    1    1    1    1    1    1  7.49936E+12 0.01045 
   88   88    1    1    1    1    1    1    1    1  5.14232E+12 0.01264 
   89   89    1    1    1    1    1    1    1    1  2.91876E+12 0.02526 
   90   90    1    1    1    1    1    1    1    1  1.94236E+12 0.01513 
   91   91    1    1    1    1    1    1    1    1  1.03566E+12 0.02737 
   92   92    1    1    1    1    1    1    1    1  5.10226E+11 0.05214 
   93   93    1    1    1    1    1    1    1    1  2.27610E+11 0.06108 
   94   94    1    1    1    1    1    1    1    1  1.19599E+11 0.08982 
   95   95    1    1    1    1    1    1    1    1  6.21378E+10 0.13261 
   96   96    1    1    1    1    1    1    1    1  2.66163E+10 0.14114 
   97   97    1    1    1    1    1    1    1    1  1.09267E+10 0.27154 
   98   98    1    1    1    1    1    1    1    1  6.37040E+09 0.33402 
   99   99    1    1    1    1    1    1    1    1  3.39369E+09 0.63505 
  100  100    1    1    1    1    1    1    1    1  2.17049E+09 0.49309 
];


