
DETdpaspec = [
    1    1    1    1    1    1    1    1    1    1  0.00000E+00 0.00000 
    2    2    1    1    1    1    1    1    1    1  0.00000E+00 0.00000 
    3    3    1    1    1    1    1    1    1    1  0.00000E+00 0.00000 
    4    4    1    1    1    1    1    1    1    1  1.16000E+07 1.00000 
    5    5    1    1    1    1    1    1    1    1  0.00000E+00 0.00000 
    6    6    1    1    1    1    1    1    1    1  0.00000E+00 0.00000 
    7    7    1    1    1    1    1    1    1    1  0.00000E+00 0.00000 
    8    8    1    1    1    1    1    1    1    1  0.00000E+00 0.00000 
    9    9    1    1    1    1    1    1    1    1  4.67742E+07 0.74363 
   10   10    1    1    1    1    1    1    1    1  7.01076E+07 1.00000 
   11   11    1    1    1    1    1    1    1    1  3.13065E+08 0.49319 
   12   12    1    1    1    1    1    1    1    1  1.30838E+07 0.86077 
   13   13    1    1    1    1    1    1    1    1  2.43241E+09 0.39720 
   14   14    1    1    1    1    1    1    1    1  2.11171E+09 0.36887 
   15   15    1    1    1    1    1    1    1    1  4.25149E+09 0.31681 
   16   16    1    1    1    1    1    1    1    1  2.61249E+09 0.33950 
   17   17    1    1    1    1    1    1    1    1  5.21362E+09 0.27931 
   18   18    1    1    1    1    1    1    1    1  1.57246E+10 0.17144 
   19   19    1    1    1    1    1    1    1    1  1.81463E+10 0.16719 
   20   20    1    1    1    1    1    1    1    1  6.06739E+10 0.09198 
   21   21    1    1    1    1    1    1    1    1  5.13679E+10 0.08459 
   22   22    1    1    1    1    1    1    1    1  1.39063E+11 0.05748 
   23   23    1    1    1    1    1    1    1    1  2.26223E+11 0.04511 
   24   24    1    1    1    1    1    1    1    1  3.97603E+11 0.04057 
   25   25    1    1    1    1    1    1    1    1  6.09718E+11 0.03241 
   26   26    1    1    1    1    1    1    1    1  1.18649E+12 0.02409 
   27   27    1    1    1    1    1    1    1    1  2.37780E+12 0.01766 
   28   28    1    1    1    1    1    1    1    1  4.48031E+12 0.01494 
   29   29    1    1    1    1    1    1    1    1  5.41020E+12 0.01427 
   30   30    1    1    1    1    1    1    1    1  1.28651E+13 0.00988 
   31   31    1    1    1    1    1    1    1    1  2.60925E+13 0.00603 
   32   32    1    1    1    1    1    1    1    1  3.43077E+13 0.00608 
   33   33    1    1    1    1    1    1    1    1  6.18685E+13 0.00562 
   34   34    1    1    1    1    1    1    1    1  6.28823E+13 0.00485 
   35   35    1    1    1    1    1    1    1    1  8.99445E+13 0.00521 
   36   36    1    1    1    1    1    1    1    1  7.65422E+13 0.00573 
   37   37    1    1    1    1    1    1    1    1  2.43748E+13 0.00555 
   38   38    1    1    1    1    1    1    1    1  1.05287E+14 0.00512 
   39   39    1    1    1    1    1    1    1    1  1.20582E+14 0.00500 
   40   40    1    1    1    1    1    1    1    1  1.92294E+14 0.00507 
   41   41    1    1    1    1    1    1    1    1  1.80613E+14 0.00488 
   42   42    1    1    1    1    1    1    1    1  2.95503E+14 0.00491 
   43   43    1    1    1    1    1    1    1    1  3.03674E+14 0.00586 
   44   44    1    1    1    1    1    1    1    1  3.72645E+14 0.00587 
   45   45    1    1    1    1    1    1    1    1  6.07781E+14 0.00571 
   46   46    1    1    1    1    1    1    1    1  3.37782E+14 0.00524 
   47   47    1    1    1    1    1    1    1    1  4.54206E+14 0.00545 
   48   48    1    1    1    1    1    1    1    1  6.22850E+14 0.00516 
   49   49    1    1    1    1    1    1    1    1  5.43758E+14 0.00512 
   50   50    1    1    1    1    1    1    1    1  8.09260E+14 0.00551 
   51   51    1    1    1    1    1    1    1    1  6.32801E+14 0.00551 
   52   52    1    1    1    1    1    1    1    1  6.89085E+14 0.00600 
   53   53    1    1    1    1    1    1    1    1  4.98648E+14 0.00586 
   54   54    1    1    1    1    1    1    1    1  5.92264E+14 0.00570 
   55   55    1    1    1    1    1    1    1    1  4.28003E+14 0.00603 
   56   56    1    1    1    1    1    1    1    1  6.00459E+13 0.00754 
   57   57    1    1    1    1    1    1    1    1  8.13823E+14 0.00643 
   58   58    1    1    1    1    1    1    1    1  3.46834E+14 0.00617 
   59   59    1    1    1    1    1    1    1    1  3.82044E+14 0.00619 
   60   60    1    1    1    1    1    1    1    1  3.03880E+14 0.00625 
   61   61    1    1    1    1    1    1    1    1  3.04705E+14 0.00627 
   62   62    1    1    1    1    1    1    1    1  2.97558E+14 0.00608 
   63   63    1    1    1    1    1    1    1    1  2.45610E+14 0.00630 
   64   64    1    1    1    1    1    1    1    1  1.90213E+14 0.00552 
   65   65    1    1    1    1    1    1    1    1  1.84956E+14 0.00638 
   66   66    1    1    1    1    1    1    1    1  1.55864E+14 0.00692 
   67   67    1    1    1    1    1    1    1    1  1.28754E+14 0.00731 
   68   68    1    1    1    1    1    1    1    1  1.12269E+14 0.00750 
   69   69    1    1    1    1    1    1    1    1  1.37197E+14 0.00748 
   70   70    1    1    1    1    1    1    1    1  1.18094E+14 0.00752 
   71   71    1    1    1    1    1    1    1    1  2.26946E+14 0.00705 
   72   72    1    1    1    1    1    1    1    1  1.67907E+14 0.00743 
   73   73    1    1    1    1    1    1    1    1  1.32166E+14 0.00648 
   74   74    1    1    1    1    1    1    1    1  1.05258E+14 0.00650 
   75   75    1    1    1    1    1    1    1    1  8.49579E+13 0.00706 
   76   76    1    1    1    1    1    1    1    1  9.51197E+13 0.00719 
   77   77    1    1    1    1    1    1    1    1  7.22532E+13 0.00742 
   78   78    1    1    1    1    1    1    1    1  5.44407E+13 0.00670 
   79   79    1    1    1    1    1    1    1    1  5.59413E+13 0.00765 
   80   80    1    1    1    1    1    1    1    1  4.17882E+13 0.00911 
   81   81    1    1    1    1    1    1    1    1  3.23026E+13 0.00751 
   82   82    1    1    1    1    1    1    1    1  2.48804E+13 0.00701 
   83   83    1    1    1    1    1    1    1    1  2.33159E+13 0.00806 
   84   84    1    1    1    1    1    1    1    1  1.65803E+13 0.01117 
   85   85    1    1    1    1    1    1    1    1  1.20367E+13 0.01229 
   86   86    1    1    1    1    1    1    1    1  1.12070E+13 0.01202 
   87   87    1    1    1    1    1    1    1    1  6.82684E+12 0.01125 
   88   88    1    1    1    1    1    1    1    1  4.78629E+12 0.01870 
   89   89    1    1    1    1    1    1    1    1  2.73748E+12 0.02169 
   90   90    1    1    1    1    1    1    1    1  1.80455E+12 0.02622 
   91   91    1    1    1    1    1    1    1    1  9.64552E+11 0.03853 
   92   92    1    1    1    1    1    1    1    1  4.58096E+11 0.04686 
   93   93    1    1    1    1    1    1    1    1  2.00982E+11 0.07931 
   94   94    1    1    1    1    1    1    1    1  1.02744E+11 0.07656 
   95   95    1    1    1    1    1    1    1    1  4.15287E+10 0.11919 
   96   96    1    1    1    1    1    1    1    1  2.19417E+10 0.25272 
   97   97    1    1    1    1    1    1    1    1  9.29184E+09 0.25550 
   98   98    1    1    1    1    1    1    1    1  7.65335E+09 0.28868 
   99   99    1    1    1    1    1    1    1    1  3.00697E+09 0.63446 
  100  100    1    1    1    1    1    1    1    1  0.00000E+00 0.00000 
];


