
DETdpaspec = [
    1    1    1    1    1    1    1    1    1    1  0.00000E+00 0.00000 
    2    2    1    1    1    1    1    1    1    1  0.00000E+00 0.00000 
    3    3    1    1    1    1    1    1    1    1  0.00000E+00 0.00000 
    4    4    1    1    1    1    1    1    1    1  1.15989E+07 1.00000 
    5    5    1    1    1    1    1    1    1    1  0.00000E+00 0.00000 
    6    6    1    1    1    1    1    1    1    1  0.00000E+00 0.00000 
    7    7    1    1    1    1    1    1    1    1  0.00000E+00 0.00000 
    8    8    1    1    1    1    1    1    1    1  7.36419E+07 0.72772 
    9    9    1    1    1    1    1    1    1    1  2.59468E+07 1.00000 
   10   10    1    1    1    1    1    1    1    1  3.61731E+08 0.67843 
   11   11    1    1    1    1    1    1    1    1  2.61943E+08 0.82436 
   12   12    1    1    1    1    1    1    1    1  1.40057E+08 0.42386 
   13   13    1    1    1    1    1    1    1    1  1.38001E+09 0.40767 
   14   14    1    1    1    1    1    1    1    1  2.44788E+09 0.37160 
   15   15    1    1    1    1    1    1    1    1  5.07261E+09 0.24063 
   16   16    1    1    1    1    1    1    1    1  5.04627E+09 0.29866 
   17   17    1    1    1    1    1    1    1    1  6.55619E+09 0.17673 
   18   18    1    1    1    1    1    1    1    1  1.38486E+10 0.13958 
   19   19    1    1    1    1    1    1    1    1  1.84855E+10 0.21337 
   20   20    1    1    1    1    1    1    1    1  7.36297E+10 0.12828 
   21   21    1    1    1    1    1    1    1    1  5.71637E+10 0.08689 
   22   22    1    1    1    1    1    1    1    1  1.50468E+11 0.05014 
   23   23    1    1    1    1    1    1    1    1  2.66034E+11 0.05667 
   24   24    1    1    1    1    1    1    1    1  4.93763E+11 0.04074 
   25   25    1    1    1    1    1    1    1    1  7.54145E+11 0.03068 
   26   26    1    1    1    1    1    1    1    1  1.49739E+12 0.02031 
   27   27    1    1    1    1    1    1    1    1  2.93593E+12 0.01612 
   28   28    1    1    1    1    1    1    1    1  5.52894E+12 0.01014 
   29   29    1    1    1    1    1    1    1    1  6.80291E+12 0.01010 
   30   30    1    1    1    1    1    1    1    1  1.58836E+13 0.00899 
   31   31    1    1    1    1    1    1    1    1  3.28719E+13 0.00760 
   32   32    1    1    1    1    1    1    1    1  4.31703E+13 0.00648 
   33   33    1    1    1    1    1    1    1    1  7.76222E+13 0.00493 
   34   34    1    1    1    1    1    1    1    1  7.91739E+13 0.00506 
   35   35    1    1    1    1    1    1    1    1  1.11879E+14 0.00481 
   36   36    1    1    1    1    1    1    1    1  9.52593E+13 0.00396 
   37   37    1    1    1    1    1    1    1    1  3.03716E+13 0.00429 
   38   38    1    1    1    1    1    1    1    1  1.31714E+14 0.00315 
   39   39    1    1    1    1    1    1    1    1  1.50302E+14 0.00366 
   40   40    1    1    1    1    1    1    1    1  2.40790E+14 0.00366 
   41   41    1    1    1    1    1    1    1    1  2.26492E+14 0.00413 
   42   42    1    1    1    1    1    1    1    1  3.71974E+14 0.00362 
   43   43    1    1    1    1    1    1    1    1  3.82655E+14 0.00430 
   44   44    1    1    1    1    1    1    1    1  4.70733E+14 0.00406 
   45   45    1    1    1    1    1    1    1    1  7.65983E+14 0.00433 
   46   46    1    1    1    1    1    1    1    1  4.26474E+14 0.00419 
   47   47    1    1    1    1    1    1    1    1  5.72456E+14 0.00422 
   48   48    1    1    1    1    1    1    1    1  7.87191E+14 0.00387 
   49   49    1    1    1    1    1    1    1    1  6.84918E+14 0.00388 
   50   50    1    1    1    1    1    1    1    1  1.02192E+15 0.00394 
   51   51    1    1    1    1    1    1    1    1  7.98755E+14 0.00371 
   52   52    1    1    1    1    1    1    1    1  8.70116E+14 0.00448 
   53   53    1    1    1    1    1    1    1    1  6.27795E+14 0.00429 
   54   54    1    1    1    1    1    1    1    1  7.45275E+14 0.00483 
   55   55    1    1    1    1    1    1    1    1  5.38824E+14 0.00478 
   56   56    1    1    1    1    1    1    1    1  7.49859E+13 0.00554 
   57   57    1    1    1    1    1    1    1    1  1.02736E+15 0.00487 
   58   58    1    1    1    1    1    1    1    1  4.38637E+14 0.00472 
   59   59    1    1    1    1    1    1    1    1  4.83762E+14 0.00480 
   60   60    1    1    1    1    1    1    1    1  3.82370E+14 0.00488 
   61   61    1    1    1    1    1    1    1    1  3.82874E+14 0.00505 
   62   62    1    1    1    1    1    1    1    1  3.75645E+14 0.00479 
   63   63    1    1    1    1    1    1    1    1  3.09856E+14 0.00489 
   64   64    1    1    1    1    1    1    1    1  2.40042E+14 0.00443 
   65   65    1    1    1    1    1    1    1    1  2.31952E+14 0.00548 
   66   66    1    1    1    1    1    1    1    1  1.95241E+14 0.00487 
   67   67    1    1    1    1    1    1    1    1  1.62238E+14 0.00467 
   68   68    1    1    1    1    1    1    1    1  1.41580E+14 0.00487 
   69   69    1    1    1    1    1    1    1    1  1.73226E+14 0.00583 
   70   70    1    1    1    1    1    1    1    1  1.48708E+14 0.00565 
   71   71    1    1    1    1    1    1    1    1  2.85685E+14 0.00525 
   72   72    1    1    1    1    1    1    1    1  2.12365E+14 0.00458 
   73   73    1    1    1    1    1    1    1    1  1.66864E+14 0.00492 
   74   74    1    1    1    1    1    1    1    1  1.32990E+14 0.00574 
   75   75    1    1    1    1    1    1    1    1  1.06986E+14 0.00529 
   76   76    1    1    1    1    1    1    1    1  1.20079E+14 0.00576 
   77   77    1    1    1    1    1    1    1    1  9.13988E+13 0.00560 
   78   78    1    1    1    1    1    1    1    1  6.84634E+13 0.00582 
   79   79    1    1    1    1    1    1    1    1  7.06816E+13 0.00600 
   80   80    1    1    1    1    1    1    1    1  5.26533E+13 0.00625 
   81   81    1    1    1    1    1    1    1    1  4.03961E+13 0.00823 
   82   82    1    1    1    1    1    1    1    1  3.11167E+13 0.00629 
   83   83    1    1    1    1    1    1    1    1  2.92423E+13 0.00827 
   84   84    1    1    1    1    1    1    1    1  2.13731E+13 0.01013 
   85   85    1    1    1    1    1    1    1    1  1.51272E+13 0.00906 
   86   86    1    1    1    1    1    1    1    1  1.43944E+13 0.01036 
   87   87    1    1    1    1    1    1    1    1  8.84634E+12 0.01309 
   88   88    1    1    1    1    1    1    1    1  6.02345E+12 0.01439 
   89   89    1    1    1    1    1    1    1    1  3.46375E+12 0.01716 
   90   90    1    1    1    1    1    1    1    1  2.28314E+12 0.01974 
   91   91    1    1    1    1    1    1    1    1  1.18041E+12 0.02947 
   92   92    1    1    1    1    1    1    1    1  6.01742E+11 0.05187 
   93   93    1    1    1    1    1    1    1    1  2.85503E+11 0.06035 
   94   94    1    1    1    1    1    1    1    1  1.27136E+11 0.07255 
   95   95    1    1    1    1    1    1    1    1  7.27839E+10 0.14530 
   96   96    1    1    1    1    1    1    1    1  3.87155E+10 0.14961 
   97   97    1    1    1    1    1    1    1    1  1.53439E+10 0.26723 
   98   98    1    1    1    1    1    1    1    1  5.84898E+09 0.42694 
   99   99    1    1    1    1    1    1    1    1  5.90451E+09 0.52053 
  100  100    1    1    1    1    1    1    1    1  5.55053E+09 0.42290 
];


