
DETdpaspec = [
    1    1    1    1    1    1    1    1    1    1  0.00000E+00 0.00000 
    2    2    1    1    1    1    1    1    1    1  0.00000E+00 0.00000 
    3    3    1    1    1    1    1    1    1    1  0.00000E+00 0.00000 
    4    4    1    1    1    1    1    1    1    1  0.00000E+00 0.00000 
    5    5    1    1    1    1    1    1    1    1  0.00000E+00 0.00000 
    6    6    1    1    1    1    1    1    1    1  0.00000E+00 0.00000 
    7    7    1    1    1    1    1    1    1    1  4.02938E+07 0.70147 
    8    8    1    1    1    1    1    1    1    1  2.64249E+07 1.00000 
    9    9    1    1    1    1    1    1    1    1  9.78827E+07 0.60538 
   10   10    1    1    1    1    1    1    1    1  0.00000E+00 0.00000 
   11   11    1    1    1    1    1    1    1    1  4.42241E+08 0.70646 
   12   12    1    1    1    1    1    1    1    1  4.36469E+07 0.67035 
   13   13    1    1    1    1    1    1    1    1  7.14145E+08 0.66266 
   14   14    1    1    1    1    1    1    1    1  6.07854E+09 0.31097 
   15   15    1    1    1    1    1    1    1    1  8.89022E+09 0.18693 
   16   16    1    1    1    1    1    1    1    1  1.60680E+09 0.24393 
   17   17    1    1    1    1    1    1    1    1  6.84735E+09 0.16627 
   18   18    1    1    1    1    1    1    1    1  1.39592E+10 0.19763 
   19   19    1    1    1    1    1    1    1    1  1.70203E+10 0.11034 
   20   20    1    1    1    1    1    1    1    1  5.80211E+10 0.08672 
   21   21    1    1    1    1    1    1    1    1  4.44284E+10 0.08327 
   22   22    1    1    1    1    1    1    1    1  1.36778E+11 0.06104 
   23   23    1    1    1    1    1    1    1    1  2.08102E+11 0.04021 
   24   24    1    1    1    1    1    1    1    1  3.82425E+11 0.04981 
   25   25    1    1    1    1    1    1    1    1  5.90062E+11 0.02958 
   26   26    1    1    1    1    1    1    1    1  1.13278E+12 0.02341 
   27   27    1    1    1    1    1    1    1    1  2.28264E+12 0.01744 
   28   28    1    1    1    1    1    1    1    1  4.54754E+12 0.01503 
   29   29    1    1    1    1    1    1    1    1  5.43155E+12 0.01360 
   30   30    1    1    1    1    1    1    1    1  1.29661E+13 0.01102 
   31   31    1    1    1    1    1    1    1    1  2.64019E+13 0.00816 
   32   32    1    1    1    1    1    1    1    1  3.43766E+13 0.00853 
   33   33    1    1    1    1    1    1    1    1  6.19443E+13 0.00776 
   34   34    1    1    1    1    1    1    1    1  6.26451E+13 0.00571 
   35   35    1    1    1    1    1    1    1    1  8.92155E+13 0.00590 
   36   36    1    1    1    1    1    1    1    1  7.59356E+13 0.00631 
   37   37    1    1    1    1    1    1    1    1  2.41071E+13 0.00625 
   38   38    1    1    1    1    1    1    1    1  1.04604E+14 0.00584 
   39   39    1    1    1    1    1    1    1    1  1.19849E+14 0.00655 
   40   40    1    1    1    1    1    1    1    1  1.90777E+14 0.00585 
   41   41    1    1    1    1    1    1    1    1  1.79349E+14 0.00593 
   42   42    1    1    1    1    1    1    1    1  2.93328E+14 0.00592 
   43   43    1    1    1    1    1    1    1    1  3.01806E+14 0.00616 
   44   44    1    1    1    1    1    1    1    1  3.71618E+14 0.00485 
   45   45    1    1    1    1    1    1    1    1  6.04812E+14 0.00566 
   46   46    1    1    1    1    1    1    1    1  3.35529E+14 0.00567 
   47   47    1    1    1    1    1    1    1    1  4.50303E+14 0.00550 
   48   48    1    1    1    1    1    1    1    1  6.19039E+14 0.00574 
   49   49    1    1    1    1    1    1    1    1  5.40808E+14 0.00616 
   50   50    1    1    1    1    1    1    1    1  8.04479E+14 0.00582 
   51   51    1    1    1    1    1    1    1    1  6.30468E+14 0.00575 
   52   52    1    1    1    1    1    1    1    1  6.85726E+14 0.00568 
   53   53    1    1    1    1    1    1    1    1  4.94113E+14 0.00591 
   54   54    1    1    1    1    1    1    1    1  5.87323E+14 0.00575 
   55   55    1    1    1    1    1    1    1    1  4.25889E+14 0.00579 
   56   56    1    1    1    1    1    1    1    1  5.93720E+13 0.00640 
   57   57    1    1    1    1    1    1    1    1  8.09829E+14 0.00582 
   58   58    1    1    1    1    1    1    1    1  3.45379E+14 0.00628 
   59   59    1    1    1    1    1    1    1    1  3.81204E+14 0.00598 
   60   60    1    1    1    1    1    1    1    1  3.02114E+14 0.00597 
   61   61    1    1    1    1    1    1    1    1  3.02427E+14 0.00531 
   62   62    1    1    1    1    1    1    1    1  2.95056E+14 0.00556 
   63   63    1    1    1    1    1    1    1    1  2.44361E+14 0.00538 
   64   64    1    1    1    1    1    1    1    1  1.89627E+14 0.00641 
   65   65    1    1    1    1    1    1    1    1  1.83731E+14 0.00585 
   66   66    1    1    1    1    1    1    1    1  1.54233E+14 0.00674 
   67   67    1    1    1    1    1    1    1    1  1.27568E+14 0.00632 
   68   68    1    1    1    1    1    1    1    1  1.11864E+14 0.00605 
   69   69    1    1    1    1    1    1    1    1  1.37044E+14 0.00760 
   70   70    1    1    1    1    1    1    1    1  1.18085E+14 0.00669 
   71   71    1    1    1    1    1    1    1    1  2.24794E+14 0.00641 
   72   72    1    1    1    1    1    1    1    1  1.67540E+14 0.00636 
   73   73    1    1    1    1    1    1    1    1  1.31763E+14 0.00632 
   74   74    1    1    1    1    1    1    1    1  1.05470E+14 0.00707 
   75   75    1    1    1    1    1    1    1    1  8.47445E+13 0.00818 
   76   76    1    1    1    1    1    1    1    1  9.44299E+13 0.00701 
   77   77    1    1    1    1    1    1    1    1  7.21316E+13 0.00766 
   78   78    1    1    1    1    1    1    1    1  5.42146E+13 0.00636 
   79   79    1    1    1    1    1    1    1    1  5.60256E+13 0.00842 
   80   80    1    1    1    1    1    1    1    1  4.14799E+13 0.00773 
   81   81    1    1    1    1    1    1    1    1  3.21081E+13 0.00725 
   82   82    1    1    1    1    1    1    1    1  2.47014E+13 0.00674 
   83   83    1    1    1    1    1    1    1    1  2.31900E+13 0.00884 
   84   84    1    1    1    1    1    1    1    1  1.65271E+13 0.00998 
   85   85    1    1    1    1    1    1    1    1  1.17562E+13 0.01162 
   86   86    1    1    1    1    1    1    1    1  1.11144E+13 0.01150 
   87   87    1    1    1    1    1    1    1    1  6.99554E+12 0.01480 
   88   88    1    1    1    1    1    1    1    1  4.82852E+12 0.01560 
   89   89    1    1    1    1    1    1    1    1  2.54696E+12 0.02271 
   90   90    1    1    1    1    1    1    1    1  1.81522E+12 0.02648 
   91   91    1    1    1    1    1    1    1    1  9.10964E+11 0.03216 
   92   92    1    1    1    1    1    1    1    1  5.11408E+11 0.04708 
   93   93    1    1    1    1    1    1    1    1  2.03181E+11 0.08562 
   94   94    1    1    1    1    1    1    1    1  1.13827E+11 0.09204 
   95   95    1    1    1    1    1    1    1    1  5.13405E+10 0.12453 
   96   96    1    1    1    1    1    1    1    1  2.94887E+10 0.16311 
   97   97    1    1    1    1    1    1    1    1  1.18863E+10 0.21123 
   98   98    1    1    1    1    1    1    1    1  8.01381E+09 0.39864 
   99   99    1    1    1    1    1    1    1    1  1.71007E+09 0.77927 
  100  100    1    1    1    1    1    1    1    1  3.03649E+09 0.55941 
];


