
DETdpaspec = [
    1    1    1    1    1    1    1    1    1    1  0.00000E+00 0.00000 
    2    2    1    1    1    1    1    1    1    1  0.00000E+00 0.00000 
    3    3    1    1    1    1    1    1    1    1  0.00000E+00 0.00000 
    4    4    1    1    1    1    1    1    1    1  0.00000E+00 0.00000 
    5    5    1    1    1    1    1    1    1    1  1.19384E+07 1.00000 
    6    6    1    1    1    1    1    1    1    1  0.00000E+00 0.00000 
    7    7    1    1    1    1    1    1    1    1  2.16226E+07 1.00000 
    8    8    1    1    1    1    1    1    1    1  0.00000E+00 0.00000 
    9    9    1    1    1    1    1    1    1    1  3.37271E+07 1.00000 
   10   10    1    1    1    1    1    1    1    1  5.66433E+07 1.00000 
   11   11    1    1    1    1    1    1    1    1  0.00000E+00 0.00000 
   12   12    1    1    1    1    1    1    1    1  9.21580E+07 0.52856 
   13   13    1    1    1    1    1    1    1    1  1.75323E+09 0.30840 
   14   14    1    1    1    1    1    1    1    1  2.94969E+09 0.27976 
   15   15    1    1    1    1    1    1    1    1  4.68428E+09 0.27640 
   16   16    1    1    1    1    1    1    1    1  3.41788E+09 0.30592 
   17   17    1    1    1    1    1    1    1    1  5.46693E+09 0.22665 
   18   18    1    1    1    1    1    1    1    1  1.46928E+10 0.18275 
   19   19    1    1    1    1    1    1    1    1  1.80067E+10 0.12235 
   20   20    1    1    1    1    1    1    1    1  5.36100E+10 0.08117 
   21   21    1    1    1    1    1    1    1    1  5.01985E+10 0.09863 
   22   22    1    1    1    1    1    1    1    1  1.48514E+11 0.06782 
   23   23    1    1    1    1    1    1    1    1  2.20850E+11 0.04757 
   24   24    1    1    1    1    1    1    1    1  3.83717E+11 0.03807 
   25   25    1    1    1    1    1    1    1    1  5.97359E+11 0.03019 
   26   26    1    1    1    1    1    1    1    1  1.22027E+12 0.02366 
   27   27    1    1    1    1    1    1    1    1  2.32932E+12 0.01540 
   28   28    1    1    1    1    1    1    1    1  4.47136E+12 0.01295 
   29   29    1    1    1    1    1    1    1    1  5.34400E+12 0.01250 
   30   30    1    1    1    1    1    1    1    1  1.26539E+13 0.00925 
   31   31    1    1    1    1    1    1    1    1  2.58727E+13 0.00908 
   32   32    1    1    1    1    1    1    1    1  3.40330E+13 0.00766 
   33   33    1    1    1    1    1    1    1    1  6.09023E+13 0.00828 
   34   34    1    1    1    1    1    1    1    1  6.15214E+13 0.00815 
   35   35    1    1    1    1    1    1    1    1  8.77628E+13 0.00740 
   36   36    1    1    1    1    1    1    1    1  7.45684E+13 0.00712 
   37   37    1    1    1    1    1    1    1    1  2.36533E+13 0.00738 
   38   38    1    1    1    1    1    1    1    1  1.02328E+14 0.00842 
   39   39    1    1    1    1    1    1    1    1  1.17223E+14 0.00812 
   40   40    1    1    1    1    1    1    1    1  1.86189E+14 0.00799 
   41   41    1    1    1    1    1    1    1    1  1.75832E+14 0.00830 
   42   42    1    1    1    1    1    1    1    1  2.87245E+14 0.00798 
   43   43    1    1    1    1    1    1    1    1  2.95520E+14 0.00778 
   44   44    1    1    1    1    1    1    1    1  3.62880E+14 0.00821 
   45   45    1    1    1    1    1    1    1    1  5.89761E+14 0.00789 
   46   46    1    1    1    1    1    1    1    1  3.29020E+14 0.00822 
   47   47    1    1    1    1    1    1    1    1  4.39840E+14 0.00832 
   48   48    1    1    1    1    1    1    1    1  6.04900E+14 0.00808 
   49   49    1    1    1    1    1    1    1    1  5.27434E+14 0.00825 
   50   50    1    1    1    1    1    1    1    1  7.86088E+14 0.00860 
   51   51    1    1    1    1    1    1    1    1  6.17858E+14 0.00860 
   52   52    1    1    1    1    1    1    1    1  6.71485E+14 0.00871 
   53   53    1    1    1    1    1    1    1    1  4.85184E+14 0.00894 
   54   54    1    1    1    1    1    1    1    1  5.75318E+14 0.00842 
   55   55    1    1    1    1    1    1    1    1  4.17381E+14 0.00884 
   56   56    1    1    1    1    1    1    1    1  5.80705E+13 0.00980 
   57   57    1    1    1    1    1    1    1    1  7.94815E+14 0.00928 
   58   58    1    1    1    1    1    1    1    1  3.39055E+14 0.00878 
   59   59    1    1    1    1    1    1    1    1  3.74955E+14 0.00856 
   60   60    1    1    1    1    1    1    1    1  2.96811E+14 0.00903 
   61   61    1    1    1    1    1    1    1    1  2.97612E+14 0.00828 
   62   62    1    1    1    1    1    1    1    1  2.90197E+14 0.00796 
   63   63    1    1    1    1    1    1    1    1  2.39501E+14 0.00874 
   64   64    1    1    1    1    1    1    1    1  1.85987E+14 0.00919 
   65   65    1    1    1    1    1    1    1    1  1.79798E+14 0.00916 
   66   66    1    1    1    1    1    1    1    1  1.51703E+14 0.00874 
   67   67    1    1    1    1    1    1    1    1  1.25885E+14 0.00956 
   68   68    1    1    1    1    1    1    1    1  1.10598E+14 0.01013 
   69   69    1    1    1    1    1    1    1    1  1.35555E+14 0.00977 
   70   70    1    1    1    1    1    1    1    1  1.16218E+14 0.00977 
   71   71    1    1    1    1    1    1    1    1  2.21546E+14 0.01046 
   72   72    1    1    1    1    1    1    1    1  1.64653E+14 0.00985 
   73   73    1    1    1    1    1    1    1    1  1.29538E+14 0.00999 
   74   74    1    1    1    1    1    1    1    1  1.03250E+14 0.00966 
   75   75    1    1    1    1    1    1    1    1  8.29153E+13 0.00991 
   76   76    1    1    1    1    1    1    1    1  9.26687E+13 0.01069 
   77   77    1    1    1    1    1    1    1    1  7.11680E+13 0.01021 
   78   78    1    1    1    1    1    1    1    1  5.31417E+13 0.00779 
   79   79    1    1    1    1    1    1    1    1  5.43913E+13 0.00906 
   80   80    1    1    1    1    1    1    1    1  4.06267E+13 0.01157 
   81   81    1    1    1    1    1    1    1    1  3.12809E+13 0.01134 
   82   82    1    1    1    1    1    1    1    1  2.43803E+13 0.01080 
   83   83    1    1    1    1    1    1    1    1  2.28097E+13 0.01065 
   84   84    1    1    1    1    1    1    1    1  1.62560E+13 0.01191 
   85   85    1    1    1    1    1    1    1    1  1.18555E+13 0.01453 
   86   86    1    1    1    1    1    1    1    1  1.09391E+13 0.01400 
   87   87    1    1    1    1    1    1    1    1  6.83858E+12 0.01156 
   88   88    1    1    1    1    1    1    1    1  4.78908E+12 0.01330 
   89   89    1    1    1    1    1    1    1    1  2.77696E+12 0.01600 
   90   90    1    1    1    1    1    1    1    1  1.85870E+12 0.02446 
   91   91    1    1    1    1    1    1    1    1  9.18561E+11 0.02687 
   92   92    1    1    1    1    1    1    1    1  4.42597E+11 0.04476 
   93   93    1    1    1    1    1    1    1    1  2.34690E+11 0.07384 
   94   94    1    1    1    1    1    1    1    1  1.07814E+11 0.08043 
   95   95    1    1    1    1    1    1    1    1  3.57546E+10 0.14896 
   96   96    1    1    1    1    1    1    1    1  2.18546E+10 0.15746 
   97   97    1    1    1    1    1    1    1    1  1.69223E+10 0.24203 
   98   98    1    1    1    1    1    1    1    1  7.36593E+09 0.57252 
   99   99    1    1    1    1    1    1    1    1  2.54279E+09 0.67904 
  100  100    1    1    1    1    1    1    1    1  3.45856E+09 0.45903 
];


