
DETdpaspec = [
    1    1    1    1    1    1    1    1    1    1  0.00000E+00 0.00000 
    2    2    1    1    1    1    1    1    1    1  0.00000E+00 0.00000 
    3    3    1    1    1    1    1    1    1    1  0.00000E+00 0.00000 
    4    4    1    1    1    1    1    1    1    1  1.12131E+07 1.00000 
    5    5    1    1    1    1    1    1    1    1  1.30813E+07 1.00000 
    6    6    1    1    1    1    1    1    1    1  1.20128E+07 1.00000 
    7    7    1    1    1    1    1    1    1    1  0.00000E+00 0.00000 
    8    8    1    1    1    1    1    1    1    1  0.00000E+00 0.00000 
    9    9    1    1    1    1    1    1    1    1  1.10957E+08 0.51149 
   10   10    1    1    1    1    1    1    1    1  1.49441E+08 0.74789 
   11   11    1    1    1    1    1    1    1    1  7.34029E+08 0.29225 
   12   12    1    1    1    1    1    1    1    1  2.75426E+08 0.31256 
   13   13    1    1    1    1    1    1    1    1  3.93003E+09 0.27677 
   14   14    1    1    1    1    1    1    1    1  9.45195E+09 0.19821 
   15   15    1    1    1    1    1    1    1    1  1.01520E+10 0.21517 
   16   16    1    1    1    1    1    1    1    1  3.33888E+09 0.18884 
   17   17    1    1    1    1    1    1    1    1  1.02522E+10 0.20388 
   18   18    1    1    1    1    1    1    1    1  2.36712E+10 0.12349 
   19   19    1    1    1    1    1    1    1    1  3.63555E+10 0.10232 
   20   20    1    1    1    1    1    1    1    1  9.03459E+10 0.07528 
   21   21    1    1    1    1    1    1    1    1  8.90415E+10 0.04216 
   22   22    1    1    1    1    1    1    1    1  2.47839E+11 0.04289 
   23   23    1    1    1    1    1    1    1    1  4.03172E+11 0.03888 
   24   24    1    1    1    1    1    1    1    1  8.27967E+11 0.02108 
   25   25    1    1    1    1    1    1    1    1  1.34167E+12 0.01906 
   26   26    1    1    1    1    1    1    1    1  2.72239E+12 0.01262 
   27   27    1    1    1    1    1    1    1    1  5.41591E+12 0.01292 
   28   28    1    1    1    1    1    1    1    1  1.10886E+13 0.00808 
   29   29    1    1    1    1    1    1    1    1  1.38125E+13 0.00644 
   30   30    1    1    1    1    1    1    1    1  3.21661E+13 0.00579 
   31   31    1    1    1    1    1    1    1    1  6.67900E+13 0.00376 
   32   32    1    1    1    1    1    1    1    1  8.87069E+13 0.00346 
   33   33    1    1    1    1    1    1    1    1  1.61210E+14 0.00316 
   34   34    1    1    1    1    1    1    1    1  1.65949E+14 0.00269 
   35   35    1    1    1    1    1    1    1    1  2.33638E+14 0.00245 
   36   36    1    1    1    1    1    1    1    1  1.99751E+14 0.00224 
   37   37    1    1    1    1    1    1    1    1  6.34888E+13 0.00224 
   38   38    1    1    1    1    1    1    1    1  2.78081E+14 0.00255 
   39   39    1    1    1    1    1    1    1    1  3.19469E+14 0.00221 
   40   40    1    1    1    1    1    1    1    1  5.14483E+14 0.00200 
   41   41    1    1    1    1    1    1    1    1  4.83399E+14 0.00236 
   42   42    1    1    1    1    1    1    1    1  7.99832E+14 0.00219 
   43   43    1    1    1    1    1    1    1    1  8.25989E+14 0.00249 
   44   44    1    1    1    1    1    1    1    1  1.02074E+15 0.00236 
   45   45    1    1    1    1    1    1    1    1  1.67254E+15 0.00221 
   46   46    1    1    1    1    1    1    1    1  9.38601E+14 0.00227 
   47   47    1    1    1    1    1    1    1    1  1.25650E+15 0.00201 
   48   48    1    1    1    1    1    1    1    1  1.73622E+15 0.00223 
   49   49    1    1    1    1    1    1    1    1  1.51214E+15 0.00220 
   50   50    1    1    1    1    1    1    1    1  2.27015E+15 0.00204 
   51   51    1    1    1    1    1    1    1    1  1.77834E+15 0.00206 
   52   52    1    1    1    1    1    1    1    1  1.94650E+15 0.00209 
   53   53    1    1    1    1    1    1    1    1  1.40576E+15 0.00209 
   54   54    1    1    1    1    1    1    1    1  1.67899E+15 0.00216 
   55   55    1    1    1    1    1    1    1    1  1.21614E+15 0.00207 
   56   56    1    1    1    1    1    1    1    1  1.69628E+14 0.00218 
   57   57    1    1    1    1    1    1    1    1  2.31939E+15 0.00218 
   58   58    1    1    1    1    1    1    1    1  9.96083E+14 0.00208 
   59   59    1    1    1    1    1    1    1    1  1.09902E+15 0.00216 
   60   60    1    1    1    1    1    1    1    1  8.76524E+14 0.00239 
   61   61    1    1    1    1    1    1    1    1  8.78152E+14 0.00232 
   62   62    1    1    1    1    1    1    1    1  8.60064E+14 0.00244 
   63   63    1    1    1    1    1    1    1    1  7.11194E+14 0.00235 
   64   64    1    1    1    1    1    1    1    1  5.53539E+14 0.00250 
   65   65    1    1    1    1    1    1    1    1  5.35272E+14 0.00247 
   66   66    1    1    1    1    1    1    1    1  4.52785E+14 0.00235 
   67   67    1    1    1    1    1    1    1    1  3.75330E+14 0.00222 
   68   68    1    1    1    1    1    1    1    1  3.27609E+14 0.00261 
   69   69    1    1    1    1    1    1    1    1  4.01972E+14 0.00275 
   70   70    1    1    1    1    1    1    1    1  3.45894E+14 0.00238 
   71   71    1    1    1    1    1    1    1    1  6.58370E+14 0.00265 
   72   72    1    1    1    1    1    1    1    1  4.91120E+14 0.00305 
   73   73    1    1    1    1    1    1    1    1  3.85027E+14 0.00305 
   74   74    1    1    1    1    1    1    1    1  3.08974E+14 0.00350 
   75   75    1    1    1    1    1    1    1    1  2.49909E+14 0.00247 
   76   76    1    1    1    1    1    1    1    1  2.80873E+14 0.00334 
   77   77    1    1    1    1    1    1    1    1  2.16355E+14 0.00371 
   78   78    1    1    1    1    1    1    1    1  1.62196E+14 0.00272 
   79   79    1    1    1    1    1    1    1    1  1.66075E+14 0.00402 
   80   80    1    1    1    1    1    1    1    1  1.24218E+14 0.00346 
   81   81    1    1    1    1    1    1    1    1  9.56474E+13 0.00364 
   82   82    1    1    1    1    1    1    1    1  7.41856E+13 0.00438 
   83   83    1    1    1    1    1    1    1    1  6.96837E+13 0.00519 
   84   84    1    1    1    1    1    1    1    1  4.96061E+13 0.00482 
   85   85    1    1    1    1    1    1    1    1  3.62034E+13 0.00544 
   86   86    1    1    1    1    1    1    1    1  3.40846E+13 0.00521 
   87   87    1    1    1    1    1    1    1    1  2.09821E+13 0.00635 
   88   88    1    1    1    1    1    1    1    1  1.44269E+13 0.00742 
   89   89    1    1    1    1    1    1    1    1  8.20645E+12 0.00998 
   90   90    1    1    1    1    1    1    1    1  5.36367E+12 0.01466 
   91   91    1    1    1    1    1    1    1    1  2.75546E+12 0.01841 
   92   92    1    1    1    1    1    1    1    1  1.36887E+12 0.02259 
   93   93    1    1    1    1    1    1    1    1  6.73204E+11 0.03420 
   94   94    1    1    1    1    1    1    1    1  2.96269E+11 0.04911 
   95   95    1    1    1    1    1    1    1    1  1.44551E+11 0.06662 
   96   96    1    1    1    1    1    1    1    1  8.37897E+10 0.08706 
   97   97    1    1    1    1    1    1    1    1  3.74489E+10 0.15304 
   98   98    1    1    1    1    1    1    1    1  1.35501E+10 0.19699 
   99   99    1    1    1    1    1    1    1    1  1.34448E+10 0.33816 
  100  100    1    1    1    1    1    1    1    1  9.75922E+09 0.33613 
];


