
DETdpaspec = [
    1    1    1    1    1    1    1    1    1    1  0.00000E+00 0.00000 
    2    2    1    1    1    1    1    1    1    1  0.00000E+00 0.00000 
    3    3    1    1    1    1    1    1    1    1  0.00000E+00 0.00000 
    4    4    1    1    1    1    1    1    1    1  0.00000E+00 0.00000 
    5    5    1    1    1    1    1    1    1    1  0.00000E+00 0.00000 
    6    6    1    1    1    1    1    1    1    1  0.00000E+00 0.00000 
    7    7    1    1    1    1    1    1    1    1  2.22287E+07 1.00000 
    8    8    1    1    1    1    1    1    1    1  0.00000E+00 0.00000 
    9    9    1    1    1    1    1    1    1    1  0.00000E+00 0.00000 
   10   10    1    1    1    1    1    1    1    1  1.08812E+08 1.00000 
   11   11    1    1    1    1    1    1    1    1  5.06388E+08 0.57255 
   12   12    1    1    1    1    1    1    1    1  1.89445E+08 0.40381 
   13   13    1    1    1    1    1    1    1    1  4.63277E+09 0.28445 
   14   14    1    1    1    1    1    1    1    1  5.01221E+09 0.26858 
   15   15    1    1    1    1    1    1    1    1  1.23189E+10 0.22813 
   16   16    1    1    1    1    1    1    1    1  4.03742E+09 0.23527 
   17   17    1    1    1    1    1    1    1    1  8.45077E+09 0.19396 
   18   18    1    1    1    1    1    1    1    1  2.32966E+10 0.13918 
   19   19    1    1    1    1    1    1    1    1  2.66584E+10 0.11021 
   20   20    1    1    1    1    1    1    1    1  7.85789E+10 0.07970 
   21   21    1    1    1    1    1    1    1    1  7.03022E+10 0.08062 
   22   22    1    1    1    1    1    1    1    1  1.97472E+11 0.04607 
   23   23    1    1    1    1    1    1    1    1  2.92875E+11 0.04698 
   24   24    1    1    1    1    1    1    1    1  4.99364E+11 0.03547 
   25   25    1    1    1    1    1    1    1    1  8.16026E+11 0.03705 
   26   26    1    1    1    1    1    1    1    1  1.45660E+12 0.03044 
   27   27    1    1    1    1    1    1    1    1  2.75089E+12 0.02073 
   28   28    1    1    1    1    1    1    1    1  5.08973E+12 0.01867 
   29   29    1    1    1    1    1    1    1    1  6.03861E+12 0.01597 
   30   30    1    1    1    1    1    1    1    1  1.45154E+13 0.01473 
   31   31    1    1    1    1    1    1    1    1  2.90363E+13 0.01445 
   32   32    1    1    1    1    1    1    1    1  3.82569E+13 0.01423 
   33   33    1    1    1    1    1    1    1    1  6.83055E+13 0.01378 
   34   34    1    1    1    1    1    1    1    1  6.89785E+13 0.01215 
   35   35    1    1    1    1    1    1    1    1  9.87798E+13 0.01223 
   36   36    1    1    1    1    1    1    1    1  8.40291E+13 0.01239 
   37   37    1    1    1    1    1    1    1    1  2.67590E+13 0.01261 
   38   38    1    1    1    1    1    1    1    1  1.14925E+14 0.01254 
   39   39    1    1    1    1    1    1    1    1  1.31414E+14 0.01342 
   40   40    1    1    1    1    1    1    1    1  2.08889E+14 0.01357 
   41   41    1    1    1    1    1    1    1    1  1.96503E+14 0.01300 
   42   42    1    1    1    1    1    1    1    1  3.20877E+14 0.01236 
   43   43    1    1    1    1    1    1    1    1  3.30057E+14 0.01240 
   44   44    1    1    1    1    1    1    1    1  4.05143E+14 0.01254 
   45   45    1    1    1    1    1    1    1    1  6.61539E+14 0.01318 
   46   46    1    1    1    1    1    1    1    1  3.70153E+14 0.01333 
   47   47    1    1    1    1    1    1    1    1  4.97566E+14 0.01307 
   48   48    1    1    1    1    1    1    1    1  6.84528E+14 0.01358 
   49   49    1    1    1    1    1    1    1    1  5.97214E+14 0.01342 
   50   50    1    1    1    1    1    1    1    1  8.92413E+14 0.01352 
   51   51    1    1    1    1    1    1    1    1  7.00969E+14 0.01368 
   52   52    1    1    1    1    1    1    1    1  7.62587E+14 0.01398 
   53   53    1    1    1    1    1    1    1    1  5.52022E+14 0.01362 
   54   54    1    1    1    1    1    1    1    1  6.55390E+14 0.01406 
   55   55    1    1    1    1    1    1    1    1  4.75944E+14 0.01399 
   56   56    1    1    1    1    1    1    1    1  6.67065E+13 0.01389 
   57   57    1    1    1    1    1    1    1    1  9.06606E+14 0.01383 
   58   58    1    1    1    1    1    1    1    1  3.86791E+14 0.01432 
   59   59    1    1    1    1    1    1    1    1  4.28395E+14 0.01377 
   60   60    1    1    1    1    1    1    1    1  3.39970E+14 0.01452 
   61   61    1    1    1    1    1    1    1    1  3.39738E+14 0.01382 
   62   62    1    1    1    1    1    1    1    1  3.32749E+14 0.01470 
   63   63    1    1    1    1    1    1    1    1  2.75648E+14 0.01446 
   64   64    1    1    1    1    1    1    1    1  2.13626E+14 0.01391 
   65   65    1    1    1    1    1    1    1    1  2.06827E+14 0.01394 
   66   66    1    1    1    1    1    1    1    1  1.74755E+14 0.01407 
   67   67    1    1    1    1    1    1    1    1  1.45566E+14 0.01404 
   68   68    1    1    1    1    1    1    1    1  1.26969E+14 0.01507 
   69   69    1    1    1    1    1    1    1    1  1.54921E+14 0.01493 
   70   70    1    1    1    1    1    1    1    1  1.33835E+14 0.01477 
   71   71    1    1    1    1    1    1    1    1  2.56378E+14 0.01477 
   72   72    1    1    1    1    1    1    1    1  1.91291E+14 0.01501 
   73   73    1    1    1    1    1    1    1    1  1.50128E+14 0.01511 
   74   74    1    1    1    1    1    1    1    1  1.20116E+14 0.01525 
   75   75    1    1    1    1    1    1    1    1  9.67582E+13 0.01419 
   76   76    1    1    1    1    1    1    1    1  1.08440E+14 0.01469 
   77   77    1    1    1    1    1    1    1    1  8.26256E+13 0.01433 
   78   78    1    1    1    1    1    1    1    1  6.20152E+13 0.01493 
   79   79    1    1    1    1    1    1    1    1  6.33613E+13 0.01695 
   80   80    1    1    1    1    1    1    1    1  4.72894E+13 0.01618 
   81   81    1    1    1    1    1    1    1    1  3.64123E+13 0.01479 
   82   82    1    1    1    1    1    1    1    1  2.84872E+13 0.01738 
   83   83    1    1    1    1    1    1    1    1  2.64274E+13 0.01820 
   84   84    1    1    1    1    1    1    1    1  1.87412E+13 0.01725 
   85   85    1    1    1    1    1    1    1    1  1.35487E+13 0.01680 
   86   86    1    1    1    1    1    1    1    1  1.24649E+13 0.01709 
   87   87    1    1    1    1    1    1    1    1  7.93883E+12 0.01655 
   88   88    1    1    1    1    1    1    1    1  5.44405E+12 0.02183 
   89   89    1    1    1    1    1    1    1    1  3.06774E+12 0.01651 
   90   90    1    1    1    1    1    1    1    1  2.06556E+12 0.02898 
   91   91    1    1    1    1    1    1    1    1  1.02129E+12 0.02800 
   92   92    1    1    1    1    1    1    1    1  5.49407E+11 0.04162 
   93   93    1    1    1    1    1    1    1    1  2.79498E+11 0.06968 
   94   94    1    1    1    1    1    1    1    1  1.10592E+11 0.09180 
   95   95    1    1    1    1    1    1    1    1  6.40078E+10 0.07874 
   96   96    1    1    1    1    1    1    1    1  2.81858E+10 0.18171 
   97   97    1    1    1    1    1    1    1    1  1.43685E+10 0.26134 
   98   98    1    1    1    1    1    1    1    1  8.51459E+09 0.40440 
   99   99    1    1    1    1    1    1    1    1  1.33081E+09 0.54613 
  100  100    1    1    1    1    1    1    1    1  2.22558E+09 0.64342 
];


