
DETdpaspec = [
    1    1    1    1    1    1    1    1    1    1  0.00000E+00 0.00000 
    2    2    1    1    1    1    1    1    1    1  0.00000E+00 0.00000 
    3    3    1    1    1    1    1    1    1    1  0.00000E+00 0.00000 
    4    4    1    1    1    1    1    1    1    1  0.00000E+00 0.00000 
    5    5    1    1    1    1    1    1    1    1  0.00000E+00 0.00000 
    6    6    1    1    1    1    1    1    1    1  2.43109E+07 0.68836 
    7    7    1    1    1    1    1    1    1    1  0.00000E+00 0.00000 
    8    8    1    1    1    1    1    1    1    1  4.02305E+07 0.69475 
    9    9    1    1    1    1    1    1    1    1  9.26579E+07 0.69804 
   10   10    1    1    1    1    1    1    1    1  1.66862E+08 0.75984 
   11   11    1    1    1    1    1    1    1    1  3.67199E+08 0.35715 
   12   12    1    1    1    1    1    1    1    1  3.48214E+08 0.31244 
   13   13    1    1    1    1    1    1    1    1  3.14539E+09 0.29572 
   14   14    1    1    1    1    1    1    1    1  7.15013E+09 0.26609 
   15   15    1    1    1    1    1    1    1    1  8.22059E+09 0.26584 
   16   16    1    1    1    1    1    1    1    1  4.36930E+09 0.19961 
   17   17    1    1    1    1    1    1    1    1  8.58996E+09 0.17335 
   18   18    1    1    1    1    1    1    1    1  2.80254E+10 0.09880 
   19   19    1    1    1    1    1    1    1    1  3.78117E+10 0.11075 
   20   20    1    1    1    1    1    1    1    1  1.05782E+11 0.07397 
   21   21    1    1    1    1    1    1    1    1  1.01196E+11 0.06329 
   22   22    1    1    1    1    1    1    1    1  2.58203E+11 0.04382 
   23   23    1    1    1    1    1    1    1    1  4.95809E+11 0.03481 
   24   24    1    1    1    1    1    1    1    1  9.97671E+11 0.02401 
   25   25    1    1    1    1    1    1    1    1  1.63976E+12 0.01585 
   26   26    1    1    1    1    1    1    1    1  3.42934E+12 0.01420 
   27   27    1    1    1    1    1    1    1    1  6.82765E+12 0.00942 
   28   28    1    1    1    1    1    1    1    1  1.40372E+13 0.00608 
   29   29    1    1    1    1    1    1    1    1  1.77163E+13 0.00580 
   30   30    1    1    1    1    1    1    1    1  4.08604E+13 0.00427 
   31   31    1    1    1    1    1    1    1    1  8.48041E+13 0.00490 
   32   32    1    1    1    1    1    1    1    1  1.12883E+14 0.00309 
   33   33    1    1    1    1    1    1    1    1  2.06491E+14 0.00255 
   34   34    1    1    1    1    1    1    1    1  2.14492E+14 0.00211 
   35   35    1    1    1    1    1    1    1    1  3.00288E+14 0.00214 
   36   36    1    1    1    1    1    1    1    1  2.57034E+14 0.00243 
   37   37    1    1    1    1    1    1    1    1  8.13418E+13 0.00283 
   38   38    1    1    1    1    1    1    1    1  3.58019E+14 0.00217 
   39   39    1    1    1    1    1    1    1    1  4.10933E+14 0.00179 
   40   40    1    1    1    1    1    1    1    1  6.65084E+14 0.00186 
   41   41    1    1    1    1    1    1    1    1  6.24551E+14 0.00178 
   42   42    1    1    1    1    1    1    1    1  1.03557E+15 0.00186 
   43   43    1    1    1    1    1    1    1    1  1.07135E+15 0.00201 
   44   44    1    1    1    1    1    1    1    1  1.32826E+15 0.00191 
   45   45    1    1    1    1    1    1    1    1  2.18134E+15 0.00200 
   46   46    1    1    1    1    1    1    1    1  1.22486E+15 0.00195 
   47   47    1    1    1    1    1    1    1    1  1.64119E+15 0.00180 
   48   48    1    1    1    1    1    1    1    1  2.27453E+15 0.00185 
   49   49    1    1    1    1    1    1    1    1  1.97905E+15 0.00188 
   50   50    1    1    1    1    1    1    1    1  2.98164E+15 0.00176 
   51   51    1    1    1    1    1    1    1    1  2.33761E+15 0.00164 
   52   52    1    1    1    1    1    1    1    1  2.56707E+15 0.00176 
   53   53    1    1    1    1    1    1    1    1  1.85660E+15 0.00194 
   54   54    1    1    1    1    1    1    1    1  2.22357E+15 0.00172 
   55   55    1    1    1    1    1    1    1    1  1.61154E+15 0.00168 
   56   56    1    1    1    1    1    1    1    1  2.24725E+14 0.00138 
   57   57    1    1    1    1    1    1    1    1  3.07799E+15 0.00146 
   58   58    1    1    1    1    1    1    1    1  1.32783E+15 0.00213 
   59   59    1    1    1    1    1    1    1    1  1.46408E+15 0.00199 
   60   60    1    1    1    1    1    1    1    1  1.17127E+15 0.00197 
   61   61    1    1    1    1    1    1    1    1  1.17133E+15 0.00173 
   62   62    1    1    1    1    1    1    1    1  1.14777E+15 0.00205 
   63   63    1    1    1    1    1    1    1    1  9.54428E+14 0.00190 
   64   64    1    1    1    1    1    1    1    1  7.43093E+14 0.00174 
   65   65    1    1    1    1    1    1    1    1  7.18461E+14 0.00199 
   66   66    1    1    1    1    1    1    1    1  6.08441E+14 0.00228 
   67   67    1    1    1    1    1    1    1    1  5.05113E+14 0.00220 
   68   68    1    1    1    1    1    1    1    1  4.41636E+14 0.00211 
   69   69    1    1    1    1    1    1    1    1  5.39605E+14 0.00230 
   70   70    1    1    1    1    1    1    1    1  4.65293E+14 0.00210 
   71   71    1    1    1    1    1    1    1    1  8.86974E+14 0.00178 
   72   72    1    1    1    1    1    1    1    1  6.59227E+14 0.00239 
   73   73    1    1    1    1    1    1    1    1  5.17367E+14 0.00220 
   74   74    1    1    1    1    1    1    1    1  4.15688E+14 0.00210 
   75   75    1    1    1    1    1    1    1    1  3.37158E+14 0.00225 
   76   76    1    1    1    1    1    1    1    1  3.80418E+14 0.00240 
   77   77    1    1    1    1    1    1    1    1  2.92268E+14 0.00221 
   78   78    1    1    1    1    1    1    1    1  2.19580E+14 0.00287 
   79   79    1    1    1    1    1    1    1    1  2.27456E+14 0.00331 
   80   80    1    1    1    1    1    1    1    1  1.69983E+14 0.00329 
   81   81    1    1    1    1    1    1    1    1  1.31173E+14 0.00274 
   82   82    1    1    1    1    1    1    1    1  1.01567E+14 0.00401 
   83   83    1    1    1    1    1    1    1    1  9.44657E+13 0.00261 
   84   84    1    1    1    1    1    1    1    1  6.78866E+13 0.00322 
   85   85    1    1    1    1    1    1    1    1  4.90993E+13 0.00484 
   86   86    1    1    1    1    1    1    1    1  4.56051E+13 0.00589 
   87   87    1    1    1    1    1    1    1    1  2.87931E+13 0.00444 
   88   88    1    1    1    1    1    1    1    1  1.93713E+13 0.00570 
   89   89    1    1    1    1    1    1    1    1  1.12867E+13 0.00893 
   90   90    1    1    1    1    1    1    1    1  7.52218E+12 0.01087 
   91   91    1    1    1    1    1    1    1    1  3.77181E+12 0.01756 
   92   92    1    1    1    1    1    1    1    1  1.90999E+12 0.02256 
   93   93    1    1    1    1    1    1    1    1  8.80830E+11 0.03944 
   94   94    1    1    1    1    1    1    1    1  4.41959E+11 0.04401 
   95   95    1    1    1    1    1    1    1    1  1.95286E+11 0.04767 
   96   96    1    1    1    1    1    1    1    1  9.93843E+10 0.09942 
   97   97    1    1    1    1    1    1    1    1  4.03252E+10 0.13746 
   98   98    1    1    1    1    1    1    1    1  2.86823E+10 0.19089 
   99   99    1    1    1    1    1    1    1    1  5.78257E+09 0.32646 
  100  100    1    1    1    1    1    1    1    1  1.18241E+10 0.28845 
];


