
DETdpaspec = [
    1    1    1    1    1    1    1    1    1    1  0.00000E+00 0.00000 
    2    2    1    1    1    1    1    1    1    1  0.00000E+00 0.00000 
    3    3    1    1    1    1    1    1    1    1  0.00000E+00 0.00000 
    4    4    1    1    1    1    1    1    1    1  1.60559E+07 1.00000 
    5    5    1    1    1    1    1    1    1    1  0.00000E+00 0.00000 
    6    6    1    1    1    1    1    1    1    1  0.00000E+00 0.00000 
    7    7    1    1    1    1    1    1    1    1  2.07965E+07 1.00000 
    8    8    1    1    1    1    1    1    1    1  2.57317E+07 1.00000 
    9    9    1    1    1    1    1    1    1    1  1.07829E+07 1.00000 
   10   10    1    1    1    1    1    1    1    1  1.30158E+08 0.73924 
   11   11    1    1    1    1    1    1    1    1  2.63032E+08 0.61656 
   12   12    1    1    1    1    1    1    1    1  1.56467E+08 0.41646 
   13   13    1    1    1    1    1    1    1    1  3.24858E+09 0.43342 
   14   14    1    1    1    1    1    1    1    1  8.76717E+09 0.22831 
   15   15    1    1    1    1    1    1    1    1  1.81923E+10 0.18514 
   16   16    1    1    1    1    1    1    1    1  5.59018E+09 0.24912 
   17   17    1    1    1    1    1    1    1    1  1.33106E+10 0.11097 
   18   18    1    1    1    1    1    1    1    1  3.46034E+10 0.15983 
   19   19    1    1    1    1    1    1    1    1  5.33019E+10 0.09162 
   20   20    1    1    1    1    1    1    1    1  1.22147E+11 0.06790 
   21   21    1    1    1    1    1    1    1    1  1.04309E+11 0.07554 
   22   22    1    1    1    1    1    1    1    1  3.23316E+11 0.04068 
   23   23    1    1    1    1    1    1    1    1  6.20447E+11 0.03750 
   24   24    1    1    1    1    1    1    1    1  1.49306E+12 0.01825 
   25   25    1    1    1    1    1    1    1    1  2.47872E+12 0.01809 
   26   26    1    1    1    1    1    1    1    1  5.38950E+12 0.00991 
   27   27    1    1    1    1    1    1    1    1  1.06215E+13 0.00635 
   28   28    1    1    1    1    1    1    1    1  2.23353E+13 0.00379 
   29   29    1    1    1    1    1    1    1    1  2.95779E+13 0.00412 
   30   30    1    1    1    1    1    1    1    1  6.43799E+13 0.00266 
   31   31    1    1    1    1    1    1    1    1  1.34283E+14 0.00367 
   32   32    1    1    1    1    1    1    1    1  1.78974E+14 0.00263 
   33   33    1    1    1    1    1    1    1    1  3.27546E+14 0.00202 
   34   34    1    1    1    1    1    1    1    1  3.47529E+14 0.00160 
   35   35    1    1    1    1    1    1    1    1  4.75082E+14 0.00160 
   36   36    1    1    1    1    1    1    1    1  4.06891E+14 0.00144 
   37   37    1    1    1    1    1    1    1    1  1.27526E+14 0.00163 
   38   38    1    1    1    1    1    1    1    1  5.68074E+14 0.00139 
   39   39    1    1    1    1    1    1    1    1  6.54334E+14 0.00129 
   40   40    1    1    1    1    1    1    1    1  1.06903E+15 0.00113 
   41   41    1    1    1    1    1    1    1    1  9.98068E+14 0.00126 
   42   42    1    1    1    1    1    1    1    1  1.67086E+15 0.00151 
   43   43    1    1    1    1    1    1    1    1  1.73576E+15 0.00150 
   44   44    1    1    1    1    1    1    1    1  2.16370E+15 0.00122 
   45   45    1    1    1    1    1    1    1    1  3.58091E+15 0.00108 
   46   46    1    1    1    1    1    1    1    1  2.02833E+15 0.00104 
   47   47    1    1    1    1    1    1    1    1  2.71042E+15 0.00105 
   48   48    1    1    1    1    1    1    1    1  3.77601E+15 0.00119 
   49   49    1    1    1    1    1    1    1    1  3.28650E+15 0.00113 
   50   50    1    1    1    1    1    1    1    1  5.00343E+15 0.00123 
   51   51    1    1    1    1    1    1    1    1  3.91824E+15 0.00113 
   52   52    1    1    1    1    1    1    1    1  4.33588E+15 0.00121 
   53   53    1    1    1    1    1    1    1    1  3.14458E+15 0.00130 
   54   54    1    1    1    1    1    1    1    1  3.79971E+15 0.00130 
   55   55    1    1    1    1    1    1    1    1  2.75803E+15 0.00135 
   56   56    1    1    1    1    1    1    1    1  3.84196E+14 0.00139 
   57   57    1    1    1    1    1    1    1    1  5.26845E+15 0.00135 
   58   58    1    1    1    1    1    1    1    1  2.30076E+15 0.00115 
   59   59    1    1    1    1    1    1    1    1  2.53674E+15 0.00123 
   60   60    1    1    1    1    1    1    1    1  2.04807E+15 0.00153 
   61   61    1    1    1    1    1    1    1    1  2.04977E+15 0.00125 
   62   62    1    1    1    1    1    1    1    1  2.01573E+15 0.00119 
   63   63    1    1    1    1    1    1    1    1  1.67916E+15 0.00111 
   64   64    1    1    1    1    1    1    1    1  1.31438E+15 0.00132 
   65   65    1    1    1    1    1    1    1    1  1.26939E+15 0.00108 
   66   66    1    1    1    1    1    1    1    1  1.07895E+15 0.00127 
   67   67    1    1    1    1    1    1    1    1  8.94320E+14 0.00144 
   68   68    1    1    1    1    1    1    1    1  7.82290E+14 0.00145 
   69   69    1    1    1    1    1    1    1    1  9.58135E+14 0.00171 
   70   70    1    1    1    1    1    1    1    1  8.26665E+14 0.00100 
   71   71    1    1    1    1    1    1    1    1  1.56962E+15 0.00120 
   72   72    1    1    1    1    1    1    1    1  1.16598E+15 0.00153 
   73   73    1    1    1    1    1    1    1    1  9.16718E+14 0.00150 
   74   74    1    1    1    1    1    1    1    1  7.46247E+14 0.00177 
   75   75    1    1    1    1    1    1    1    1  6.07705E+14 0.00233 
   76   76    1    1    1    1    1    1    1    1  6.90601E+14 0.00176 
   77   77    1    1    1    1    1    1    1    1  5.34634E+14 0.00165 
   78   78    1    1    1    1    1    1    1    1  4.04736E+14 0.00195 
   79   79    1    1    1    1    1    1    1    1  4.17494E+14 0.00209 
   80   80    1    1    1    1    1    1    1    1  3.12787E+14 0.00199 
   81   81    1    1    1    1    1    1    1    1  2.41284E+14 0.00186 
   82   82    1    1    1    1    1    1    1    1  1.87708E+14 0.00245 
   83   83    1    1    1    1    1    1    1    1  1.75650E+14 0.00145 
   84   84    1    1    1    1    1    1    1    1  1.25585E+14 0.00281 
   85   85    1    1    1    1    1    1    1    1  9.04023E+13 0.00332 
   86   86    1    1    1    1    1    1    1    1  8.54887E+13 0.00423 
   87   87    1    1    1    1    1    1    1    1  5.30102E+13 0.00459 
   88   88    1    1    1    1    1    1    1    1  3.56465E+13 0.00444 
   89   89    1    1    1    1    1    1    1    1  2.05419E+13 0.00629 
   90   90    1    1    1    1    1    1    1    1  1.36920E+13 0.00952 
   91   91    1    1    1    1    1    1    1    1  6.95618E+12 0.01248 
   92   92    1    1    1    1    1    1    1    1  3.25608E+12 0.01662 
   93   93    1    1    1    1    1    1    1    1  1.60191E+12 0.02557 
   94   94    1    1    1    1    1    1    1    1  7.72478E+11 0.02943 
   95   95    1    1    1    1    1    1    1    1  3.85111E+11 0.03448 
   96   96    1    1    1    1    1    1    1    1  1.76237E+11 0.07208 
   97   97    1    1    1    1    1    1    1    1  1.04200E+11 0.08877 
   98   98    1    1    1    1    1    1    1    1  4.12175E+10 0.12066 
   99   99    1    1    1    1    1    1    1    1  1.14867E+10 0.29993 
  100  100    1    1    1    1    1    1    1    1  1.51456E+10 0.20333 
];


