
DETdpaspec = [
    1    1    1    1    1    1    1    1    1    1  0.00000E+00 0.00000 
    2    2    1    1    1    1    1    1    1    1  6.37634E+06 1.00000 
    3    3    1    1    1    1    1    1    1    1  0.00000E+00 0.00000 
    4    4    1    1    1    1    1    1    1    1  0.00000E+00 0.00000 
    5    5    1    1    1    1    1    1    1    1  0.00000E+00 0.00000 
    6    6    1    1    1    1    1    1    1    1  3.71978E+07 0.54827 
    7    7    1    1    1    1    1    1    1    1  3.77459E+07 0.69000 
    8    8    1    1    1    1    1    1    1    1  4.53358E+07 0.69426 
    9    9    1    1    1    1    1    1    1    1  1.07030E+08 0.41482 
   10   10    1    1    1    1    1    1    1    1  3.71414E+08 0.42761 
   11   11    1    1    1    1    1    1    1    1  2.12083E+08 0.57503 
   12   12    1    1    1    1    1    1    1    1  2.59739E+08 0.47120 
   13   13    1    1    1    1    1    1    1    1  4.02619E+09 0.27763 
   14   14    1    1    1    1    1    1    1    1  8.79192E+09 0.22794 
   15   15    1    1    1    1    1    1    1    1  1.30924E+10 0.27754 
   16   16    1    1    1    1    1    1    1    1  4.46482E+09 0.25371 
   17   17    1    1    1    1    1    1    1    1  1.24551E+10 0.15082 
   18   18    1    1    1    1    1    1    1    1  2.38065E+10 0.10119 
   19   19    1    1    1    1    1    1    1    1  3.14983E+10 0.10709 
   20   20    1    1    1    1    1    1    1    1  9.01731E+10 0.08476 
   21   21    1    1    1    1    1    1    1    1  8.06333E+10 0.05924 
   22   22    1    1    1    1    1    1    1    1  2.13492E+11 0.06037 
   23   23    1    1    1    1    1    1    1    1  3.99964E+11 0.03272 
   24   24    1    1    1    1    1    1    1    1  7.97145E+11 0.02805 
   25   25    1    1    1    1    1    1    1    1  1.26744E+12 0.01477 
   26   26    1    1    1    1    1    1    1    1  2.60778E+12 0.01678 
   27   27    1    1    1    1    1    1    1    1  5.16479E+12 0.01285 
   28   28    1    1    1    1    1    1    1    1  1.02454E+13 0.00561 
   29   29    1    1    1    1    1    1    1    1  1.27662E+13 0.00660 
   30   30    1    1    1    1    1    1    1    1  2.98890E+13 0.00549 
   31   31    1    1    1    1    1    1    1    1  6.16506E+13 0.00450 
   32   32    1    1    1    1    1    1    1    1  8.16709E+13 0.00368 
   33   33    1    1    1    1    1    1    1    1  1.48743E+14 0.00305 
   34   34    1    1    1    1    1    1    1    1  1.53204E+14 0.00338 
   35   35    1    1    1    1    1    1    1    1  2.16311E+14 0.00262 
   36   36    1    1    1    1    1    1    1    1  1.84861E+14 0.00267 
   37   37    1    1    1    1    1    1    1    1  5.87703E+13 0.00276 
   38   38    1    1    1    1    1    1    1    1  2.56778E+14 0.00253 
   39   39    1    1    1    1    1    1    1    1  2.93943E+14 0.00241 
   40   40    1    1    1    1    1    1    1    1  4.73383E+14 0.00237 
   41   41    1    1    1    1    1    1    1    1  4.44992E+14 0.00215 
   42   42    1    1    1    1    1    1    1    1  7.33456E+14 0.00236 
   43   43    1    1    1    1    1    1    1    1  7.57264E+14 0.00230 
   44   44    1    1    1    1    1    1    1    1  9.35272E+14 0.00178 
   45   45    1    1    1    1    1    1    1    1  1.53163E+15 0.00188 
   46   46    1    1    1    1    1    1    1    1  8.57265E+14 0.00212 
   47   47    1    1    1    1    1    1    1    1  1.14975E+15 0.00199 
   48   48    1    1    1    1    1    1    1    1  1.58612E+15 0.00178 
   49   49    1    1    1    1    1    1    1    1  1.37989E+15 0.00188 
   50   50    1    1    1    1    1    1    1    1  2.07281E+15 0.00178 
   51   51    1    1    1    1    1    1    1    1  1.62122E+15 0.00194 
   52   52    1    1    1    1    1    1    1    1  1.77471E+15 0.00203 
   53   53    1    1    1    1    1    1    1    1  1.28138E+15 0.00210 
   54   54    1    1    1    1    1    1    1    1  1.52991E+15 0.00218 
   55   55    1    1    1    1    1    1    1    1  1.10805E+15 0.00209 
   56   56    1    1    1    1    1    1    1    1  1.54700E+14 0.00251 
   57   57    1    1    1    1    1    1    1    1  2.11310E+15 0.00195 
   58   58    1    1    1    1    1    1    1    1  9.05756E+14 0.00212 
   59   59    1    1    1    1    1    1    1    1  9.99659E+14 0.00223 
   60   60    1    1    1    1    1    1    1    1  7.98067E+14 0.00195 
   61   61    1    1    1    1    1    1    1    1  7.97952E+14 0.00212 
   62   62    1    1    1    1    1    1    1    1  7.80725E+14 0.00212 
   63   63    1    1    1    1    1    1    1    1  6.47085E+14 0.00197 
   64   64    1    1    1    1    1    1    1    1  5.04025E+14 0.00245 
   65   65    1    1    1    1    1    1    1    1  4.86883E+14 0.00215 
   66   66    1    1    1    1    1    1    1    1  4.11307E+14 0.00192 
   67   67    1    1    1    1    1    1    1    1  3.40824E+14 0.00249 
   68   68    1    1    1    1    1    1    1    1  2.98278E+14 0.00238 
   69   69    1    1    1    1    1    1    1    1  3.64834E+14 0.00244 
   70   70    1    1    1    1    1    1    1    1  3.13801E+14 0.00266 
   71   71    1    1    1    1    1    1    1    1  5.99698E+14 0.00270 
   72   72    1    1    1    1    1    1    1    1  4.45434E+14 0.00231 
   73   73    1    1    1    1    1    1    1    1  3.48703E+14 0.00238 
   74   74    1    1    1    1    1    1    1    1  2.80902E+14 0.00262 
   75   75    1    1    1    1    1    1    1    1  2.25870E+14 0.00230 
   76   76    1    1    1    1    1    1    1    1  2.54686E+14 0.00274 
   77   77    1    1    1    1    1    1    1    1  1.95519E+14 0.00315 
   78   78    1    1    1    1    1    1    1    1  1.47108E+14 0.00381 
   79   79    1    1    1    1    1    1    1    1  1.50892E+14 0.00262 
   80   80    1    1    1    1    1    1    1    1  1.12360E+14 0.00246 
   81   81    1    1    1    1    1    1    1    1  8.71467E+13 0.00322 
   82   82    1    1    1    1    1    1    1    1  6.72348E+13 0.00395 
   83   83    1    1    1    1    1    1    1    1  6.26896E+13 0.00352 
   84   84    1    1    1    1    1    1    1    1  4.50988E+13 0.00528 
   85   85    1    1    1    1    1    1    1    1  3.24456E+13 0.00447 
   86   86    1    1    1    1    1    1    1    1  3.06321E+13 0.00515 
   87   87    1    1    1    1    1    1    1    1  1.90109E+13 0.00502 
   88   88    1    1    1    1    1    1    1    1  1.28789E+13 0.00880 
   89   89    1    1    1    1    1    1    1    1  7.40955E+12 0.00954 
   90   90    1    1    1    1    1    1    1    1  4.98990E+12 0.01375 
   91   91    1    1    1    1    1    1    1    1  2.56094E+12 0.01828 
   92   92    1    1    1    1    1    1    1    1  1.27574E+12 0.02578 
   93   93    1    1    1    1    1    1    1    1  5.95417E+11 0.03700 
   94   94    1    1    1    1    1    1    1    1  2.94193E+11 0.06403 
   95   95    1    1    1    1    1    1    1    1  1.26470E+11 0.09079 
   96   96    1    1    1    1    1    1    1    1  5.99121E+10 0.13889 
   97   97    1    1    1    1    1    1    1    1  2.70267E+10 0.14823 
   98   98    1    1    1    1    1    1    1    1  1.27975E+10 0.30686 
   99   99    1    1    1    1    1    1    1    1  7.02336E+09 0.36227 
  100  100    1    1    1    1    1    1    1    1  5.08805E+09 0.41001 
];


