
DETdpaspec = [
    1    1    1    1    1    1    1    1    1    1  0.00000E+00 0.00000 
    2    2    1    1    1    1    1    1    1    1  0.00000E+00 0.00000 
    3    3    1    1    1    1    1    1    1    1  0.00000E+00 0.00000 
    4    4    1    1    1    1    1    1    1    1  0.00000E+00 0.00000 
    5    5    1    1    1    1    1    1    1    1  0.00000E+00 0.00000 
    6    6    1    1    1    1    1    1    1    1  1.19846E+07 1.00000 
    7    7    1    1    1    1    1    1    1    1  2.05385E+07 1.00000 
    8    8    1    1    1    1    1    1    1    1  2.29626E+07 1.00000 
    9    9    1    1    1    1    1    1    1    1  0.00000E+00 0.00000 
   10   10    1    1    1    1    1    1    1    1  2.42129E+08 0.46114 
   11   11    1    1    1    1    1    1    1    1  1.78415E+08 0.54732 
   12   12    1    1    1    1    1    1    1    1  1.96709E+08 0.39556 
   13   13    1    1    1    1    1    1    1    1  2.93705E+09 0.25954 
   14   14    1    1    1    1    1    1    1    1  4.91594E+09 0.38397 
   15   15    1    1    1    1    1    1    1    1  5.05624E+09 0.29476 
   16   16    1    1    1    1    1    1    1    1  2.13998E+09 0.25049 
   17   17    1    1    1    1    1    1    1    1  7.25359E+09 0.19681 
   18   18    1    1    1    1    1    1    1    1  1.83415E+10 0.16313 
   19   19    1    1    1    1    1    1    1    1  2.35732E+10 0.15149 
   20   20    1    1    1    1    1    1    1    1  7.25446E+10 0.09641 
   21   21    1    1    1    1    1    1    1    1  5.58865E+10 0.08977 
   22   22    1    1    1    1    1    1    1    1  1.75053E+11 0.05583 
   23   23    1    1    1    1    1    1    1    1  2.80856E+11 0.04606 
   24   24    1    1    1    1    1    1    1    1  5.26036E+11 0.03876 
   25   25    1    1    1    1    1    1    1    1  8.29602E+11 0.02830 
   26   26    1    1    1    1    1    1    1    1  1.69063E+12 0.02305 
   27   27    1    1    1    1    1    1    1    1  3.22888E+12 0.01122 
   28   28    1    1    1    1    1    1    1    1  6.31071E+12 0.01117 
   29   29    1    1    1    1    1    1    1    1  7.76256E+12 0.01222 
   30   30    1    1    1    1    1    1    1    1  1.84367E+13 0.00881 
   31   31    1    1    1    1    1    1    1    1  3.77857E+13 0.00654 
   32   32    1    1    1    1    1    1    1    1  4.96324E+13 0.00502 
   33   33    1    1    1    1    1    1    1    1  8.95731E+13 0.00464 
   34   34    1    1    1    1    1    1    1    1  9.12826E+13 0.00458 
   35   35    1    1    1    1    1    1    1    1  1.29737E+14 0.00476 
   36   36    1    1    1    1    1    1    1    1  1.10233E+14 0.00447 
   37   37    1    1    1    1    1    1    1    1  3.50677E+13 0.00459 
   38   38    1    1    1    1    1    1    1    1  1.52483E+14 0.00425 
   39   39    1    1    1    1    1    1    1    1  1.74764E+14 0.00387 
   40   40    1    1    1    1    1    1    1    1  2.79607E+14 0.00403 
   41   41    1    1    1    1    1    1    1    1  2.63014E+14 0.00397 
   42   42    1    1    1    1    1    1    1    1  4.31571E+14 0.00355 
   43   43    1    1    1    1    1    1    1    1  4.44759E+14 0.00379 
   44   44    1    1    1    1    1    1    1    1  5.46731E+14 0.00417 
   45   45    1    1    1    1    1    1    1    1  8.90814E+14 0.00346 
   46   46    1    1    1    1    1    1    1    1  4.97249E+14 0.00336 
   47   47    1    1    1    1    1    1    1    1  6.65154E+14 0.00321 
   48   48    1    1    1    1    1    1    1    1  9.15596E+14 0.00344 
   49   49    1    1    1    1    1    1    1    1  7.97787E+14 0.00365 
   50   50    1    1    1    1    1    1    1    1  1.19076E+15 0.00361 
   51   51    1    1    1    1    1    1    1    1  9.30553E+14 0.00366 
   52   52    1    1    1    1    1    1    1    1  1.01443E+15 0.00371 
   53   53    1    1    1    1    1    1    1    1  7.32313E+14 0.00389 
   54   54    1    1    1    1    1    1    1    1  8.71185E+14 0.00391 
   55   55    1    1    1    1    1    1    1    1  6.30438E+14 0.00455 
   56   56    1    1    1    1    1    1    1    1  8.79413E+13 0.00461 
   57   57    1    1    1    1    1    1    1    1  1.20008E+15 0.00407 
   58   58    1    1    1    1    1    1    1    1  5.12093E+14 0.00393 
   59   59    1    1    1    1    1    1    1    1  5.65984E+14 0.00398 
   60   60    1    1    1    1    1    1    1    1  4.48927E+14 0.00417 
   61   61    1    1    1    1    1    1    1    1  4.47349E+14 0.00416 
   62   62    1    1    1    1    1    1    1    1  4.38883E+14 0.00453 
   63   63    1    1    1    1    1    1    1    1  3.62555E+14 0.00378 
   64   64    1    1    1    1    1    1    1    1  2.80464E+14 0.00449 
   65   65    1    1    1    1    1    1    1    1  2.70987E+14 0.00452 
   66   66    1    1    1    1    1    1    1    1  2.27794E+14 0.00446 
   67   67    1    1    1    1    1    1    1    1  1.90041E+14 0.00447 
   68   68    1    1    1    1    1    1    1    1  1.65717E+14 0.00487 
   69   69    1    1    1    1    1    1    1    1  2.02509E+14 0.00405 
   70   70    1    1    1    1    1    1    1    1  1.74741E+14 0.00459 
   71   71    1    1    1    1    1    1    1    1  3.34180E+14 0.00397 
   72   72    1    1    1    1    1    1    1    1  2.48239E+14 0.00461 
   73   73    1    1    1    1    1    1    1    1  1.94583E+14 0.00448 
   74   74    1    1    1    1    1    1    1    1  1.56554E+14 0.00507 
   75   75    1    1    1    1    1    1    1    1  1.25612E+14 0.00510 
   76   76    1    1    1    1    1    1    1    1  1.40277E+14 0.00465 
   77   77    1    1    1    1    1    1    1    1  1.07128E+14 0.00593 
   78   78    1    1    1    1    1    1    1    1  8.06874E+13 0.00536 
   79   79    1    1    1    1    1    1    1    1  8.29986E+13 0.00477 
   80   80    1    1    1    1    1    1    1    1  6.20447E+13 0.00522 
   81   81    1    1    1    1    1    1    1    1  4.76579E+13 0.00716 
   82   82    1    1    1    1    1    1    1    1  3.66014E+13 0.00807 
   83   83    1    1    1    1    1    1    1    1  3.44022E+13 0.00580 
   84   84    1    1    1    1    1    1    1    1  2.47596E+13 0.00649 
   85   85    1    1    1    1    1    1    1    1  1.77558E+13 0.00928 
   86   86    1    1    1    1    1    1    1    1  1.66226E+13 0.00724 
   87   87    1    1    1    1    1    1    1    1  1.04678E+13 0.00982 
   88   88    1    1    1    1    1    1    1    1  7.05672E+12 0.01223 
   89   89    1    1    1    1    1    1    1    1  4.08223E+12 0.01012 
   90   90    1    1    1    1    1    1    1    1  2.79689E+12 0.01823 
   91   91    1    1    1    1    1    1    1    1  1.32191E+12 0.02693 
   92   92    1    1    1    1    1    1    1    1  6.41876E+11 0.02363 
   93   93    1    1    1    1    1    1    1    1  3.22813E+11 0.05690 
   94   94    1    1    1    1    1    1    1    1  1.42668E+11 0.07292 
   95   95    1    1    1    1    1    1    1    1  8.21465E+10 0.08402 
   96   96    1    1    1    1    1    1    1    1  2.68814E+10 0.17296 
   97   97    1    1    1    1    1    1    1    1  2.16248E+10 0.27393 
   98   98    1    1    1    1    1    1    1    1  8.70577E+09 0.23490 
   99   99    1    1    1    1    1    1    1    1  1.02639E+10 0.38670 
  100  100    1    1    1    1    1    1    1    1  5.88701E+09 0.46646 
];


