
DETdpaspec = [
    1    1    1    1    1    1    1    1    1    1  0.00000E+00 0.00000 
    2    2    1    1    1    1    1    1    1    1  0.00000E+00 0.00000 
    3    3    1    1    1    1    1    1    1    1  0.00000E+00 0.00000 
    4    4    1    1    1    1    1    1    1    1  0.00000E+00 0.00000 
    5    5    1    1    1    1    1    1    1    1  0.00000E+00 0.00000 
    6    6    1    1    1    1    1    1    1    1  0.00000E+00 0.00000 
    7    7    1    1    1    1    1    1    1    1  0.00000E+00 0.00000 
    8    8    1    1    1    1    1    1    1    1  0.00000E+00 0.00000 
    9    9    1    1    1    1    1    1    1    1  7.84011E+07 0.46273 
   10   10    1    1    1    1    1    1    1    1  2.47646E+08 0.46271 
   11   11    1    1    1    1    1    1    1    1  3.38479E+08 0.57386 
   12   12    1    1    1    1    1    1    1    1  1.05049E+08 0.43870 
   13   13    1    1    1    1    1    1    1    1  1.29067E+09 0.49474 
   14   14    1    1    1    1    1    1    1    1  2.50361E+09 0.32524 
   15   15    1    1    1    1    1    1    1    1  4.84106E+09 0.30653 
   16   16    1    1    1    1    1    1    1    1  3.47502E+09 0.34147 
   17   17    1    1    1    1    1    1    1    1  4.88083E+09 0.22719 
   18   18    1    1    1    1    1    1    1    1  1.73855E+10 0.19716 
   19   19    1    1    1    1    1    1    1    1  2.12492E+10 0.13751 
   20   20    1    1    1    1    1    1    1    1  5.43914E+10 0.12079 
   21   21    1    1    1    1    1    1    1    1  4.71276E+10 0.05655 
   22   22    1    1    1    1    1    1    1    1  1.51483E+11 0.06443 
   23   23    1    1    1    1    1    1    1    1  2.18857E+11 0.05324 
   24   24    1    1    1    1    1    1    1    1  3.81158E+11 0.03953 
   25   25    1    1    1    1    1    1    1    1  6.21304E+11 0.03194 
   26   26    1    1    1    1    1    1    1    1  1.20825E+12 0.01902 
   27   27    1    1    1    1    1    1    1    1  2.31561E+12 0.01779 
   28   28    1    1    1    1    1    1    1    1  4.39225E+12 0.01166 
   29   29    1    1    1    1    1    1    1    1  5.28333E+12 0.01114 
   30   30    1    1    1    1    1    1    1    1  1.26097E+13 0.00886 
   31   31    1    1    1    1    1    1    1    1  2.59541E+13 0.00782 
   32   32    1    1    1    1    1    1    1    1  3.37593E+13 0.00933 
   33   33    1    1    1    1    1    1    1    1  6.08953E+13 0.00805 
   34   34    1    1    1    1    1    1    1    1  6.17173E+13 0.00769 
   35   35    1    1    1    1    1    1    1    1  8.77297E+13 0.00820 
   36   36    1    1    1    1    1    1    1    1  7.47630E+13 0.00782 
   37   37    1    1    1    1    1    1    1    1  2.37684E+13 0.00793 
   38   38    1    1    1    1    1    1    1    1  1.02946E+14 0.00721 
   39   39    1    1    1    1    1    1    1    1  1.17937E+14 0.00798 
   40   40    1    1    1    1    1    1    1    1  1.87871E+14 0.00772 
   41   41    1    1    1    1    1    1    1    1  1.77014E+14 0.00771 
   42   42    1    1    1    1    1    1    1    1  2.89638E+14 0.00725 
   43   43    1    1    1    1    1    1    1    1  2.97972E+14 0.00701 
   44   44    1    1    1    1    1    1    1    1  3.66058E+14 0.00734 
   45   45    1    1    1    1    1    1    1    1  5.95779E+14 0.00748 
   46   46    1    1    1    1    1    1    1    1  3.31716E+14 0.00817 
   47   47    1    1    1    1    1    1    1    1  4.45296E+14 0.00778 
   48   48    1    1    1    1    1    1    1    1  6.11742E+14 0.00768 
   49   49    1    1    1    1    1    1    1    1  5.31578E+14 0.00799 
   50   50    1    1    1    1    1    1    1    1  7.92373E+14 0.00777 
   51   51    1    1    1    1    1    1    1    1  6.22096E+14 0.00761 
   52   52    1    1    1    1    1    1    1    1  6.76247E+14 0.00714 
   53   53    1    1    1    1    1    1    1    1  4.86996E+14 0.00794 
   54   54    1    1    1    1    1    1    1    1  5.80292E+14 0.00780 
   55   55    1    1    1    1    1    1    1    1  4.19850E+14 0.00786 
   56   56    1    1    1    1    1    1    1    1  5.84897E+13 0.00815 
   57   57    1    1    1    1    1    1    1    1  7.99858E+14 0.00785 
   58   58    1    1    1    1    1    1    1    1  3.40731E+14 0.00791 
   59   59    1    1    1    1    1    1    1    1  3.75424E+14 0.00849 
   60   60    1    1    1    1    1    1    1    1  2.98154E+14 0.00736 
   61   61    1    1    1    1    1    1    1    1  2.97466E+14 0.00786 
   62   62    1    1    1    1    1    1    1    1  2.91402E+14 0.00859 
   63   63    1    1    1    1    1    1    1    1  2.40444E+14 0.00751 
   64   64    1    1    1    1    1    1    1    1  1.86781E+14 0.00768 
   65   65    1    1    1    1    1    1    1    1  1.80747E+14 0.00740 
   66   66    1    1    1    1    1    1    1    1  1.52510E+14 0.00856 
   67   67    1    1    1    1    1    1    1    1  1.26839E+14 0.00891 
   68   68    1    1    1    1    1    1    1    1  1.10824E+14 0.00829 
   69   69    1    1    1    1    1    1    1    1  1.34900E+14 0.00896 
   70   70    1    1    1    1    1    1    1    1  1.15552E+14 0.00933 
   71   71    1    1    1    1    1    1    1    1  2.21040E+14 0.00922 
   72   72    1    1    1    1    1    1    1    1  1.65176E+14 0.00843 
   73   73    1    1    1    1    1    1    1    1  1.29043E+14 0.00879 
   74   74    1    1    1    1    1    1    1    1  1.03444E+14 0.00888 
   75   75    1    1    1    1    1    1    1    1  8.28934E+13 0.00872 
   76   76    1    1    1    1    1    1    1    1  9.29173E+13 0.00896 
   77   77    1    1    1    1    1    1    1    1  7.12206E+13 0.00978 
   78   78    1    1    1    1    1    1    1    1  5.28824E+13 0.00929 
   79   79    1    1    1    1    1    1    1    1  5.47612E+13 0.00945 
   80   80    1    1    1    1    1    1    1    1  4.07938E+13 0.00784 
   81   81    1    1    1    1    1    1    1    1  3.17811E+13 0.00901 
   82   82    1    1    1    1    1    1    1    1  2.47212E+13 0.00882 
   83   83    1    1    1    1    1    1    1    1  2.27402E+13 0.00826 
   84   84    1    1    1    1    1    1    1    1  1.63871E+13 0.01028 
   85   85    1    1    1    1    1    1    1    1  1.18239E+13 0.01230 
   86   86    1    1    1    1    1    1    1    1  1.09891E+13 0.01345 
   87   87    1    1    1    1    1    1    1    1  6.69927E+12 0.01783 
   88   88    1    1    1    1    1    1    1    1  4.58160E+12 0.01591 
   89   89    1    1    1    1    1    1    1    1  2.70645E+12 0.01741 
   90   90    1    1    1    1    1    1    1    1  1.80996E+12 0.02552 
   91   91    1    1    1    1    1    1    1    1  9.05513E+11 0.04589 
   92   92    1    1    1    1    1    1    1    1  4.14998E+11 0.05741 
   93   93    1    1    1    1    1    1    1    1  2.06412E+11 0.09466 
   94   94    1    1    1    1    1    1    1    1  1.17712E+11 0.06502 
   95   95    1    1    1    1    1    1    1    1  5.58629E+10 0.13532 
   96   96    1    1    1    1    1    1    1    1  3.28967E+10 0.15725 
   97   97    1    1    1    1    1    1    1    1  1.18460E+10 0.25431 
   98   98    1    1    1    1    1    1    1    1  9.00506E+09 0.31383 
   99   99    1    1    1    1    1    1    1    1  4.28714E+09 0.36743 
  100  100    1    1    1    1    1    1    1    1  1.77080E+09 0.77784 
];


