
DETdpaspec = [
    1    1    1    1    1    1    1    1    1    1  0.00000E+00 0.00000 
    2    2    1    1    1    1    1    1    1    1  0.00000E+00 0.00000 
    3    3    1    1    1    1    1    1    1    1  0.00000E+00 0.00000 
    4    4    1    1    1    1    1    1    1    1  0.00000E+00 0.00000 
    5    5    1    1    1    1    1    1    1    1  1.24387E+07 1.00000 
    6    6    1    1    1    1    1    1    1    1  2.58827E+07 0.69396 
    7    7    1    1    1    1    1    1    1    1  0.00000E+00 0.00000 
    8    8    1    1    1    1    1    1    1    1  2.49828E+07 1.00000 
    9    9    1    1    1    1    1    1    1    1  5.63234E+07 0.68911 
   10   10    1    1    1    1    1    1    1    1  1.99842E+08 0.72989 
   11   11    1    1    1    1    1    1    1    1  1.86824E+08 0.55564 
   12   12    1    1    1    1    1    1    1    1  1.37183E+08 0.58045 
   13   13    1    1    1    1    1    1    1    1  2.34056E+09 0.49649 
   14   14    1    1    1    1    1    1    1    1  6.93103E+09 0.29799 
   15   15    1    1    1    1    1    1    1    1  6.16578E+09 0.22749 
   16   16    1    1    1    1    1    1    1    1  3.69612E+09 0.30601 
   17   17    1    1    1    1    1    1    1    1  6.69413E+09 0.18168 
   18   18    1    1    1    1    1    1    1    1  1.90135E+10 0.18304 
   19   19    1    1    1    1    1    1    1    1  2.20331E+10 0.14244 
   20   20    1    1    1    1    1    1    1    1  6.65800E+10 0.09633 
   21   21    1    1    1    1    1    1    1    1  4.61426E+10 0.07937 
   22   22    1    1    1    1    1    1    1    1  1.43800E+11 0.05927 
   23   23    1    1    1    1    1    1    1    1  2.14980E+11 0.04749 
   24   24    1    1    1    1    1    1    1    1  4.03833E+11 0.04059 
   25   25    1    1    1    1    1    1    1    1  6.12249E+11 0.03171 
   26   26    1    1    1    1    1    1    1    1  1.21226E+12 0.02199 
   27   27    1    1    1    1    1    1    1    1  2.37499E+12 0.01543 
   28   28    1    1    1    1    1    1    1    1  4.41596E+12 0.01403 
   29   29    1    1    1    1    1    1    1    1  5.24840E+12 0.01609 
   30   30    1    1    1    1    1    1    1    1  1.26246E+13 0.01254 
   31   31    1    1    1    1    1    1    1    1  2.60183E+13 0.01138 
   32   32    1    1    1    1    1    1    1    1  3.37848E+13 0.00822 
   33   33    1    1    1    1    1    1    1    1  6.05819E+13 0.00834 
   34   34    1    1    1    1    1    1    1    1  6.16697E+13 0.00741 
   35   35    1    1    1    1    1    1    1    1  8.81299E+13 0.00743 
   36   36    1    1    1    1    1    1    1    1  7.51363E+13 0.00787 
   37   37    1    1    1    1    1    1    1    1  2.39024E+13 0.00849 
   38   38    1    1    1    1    1    1    1    1  1.03104E+14 0.00824 
   39   39    1    1    1    1    1    1    1    1  1.18347E+14 0.00866 
   40   40    1    1    1    1    1    1    1    1  1.88518E+14 0.00810 
   41   41    1    1    1    1    1    1    1    1  1.76952E+14 0.00758 
   42   42    1    1    1    1    1    1    1    1  2.89932E+14 0.00754 
   43   43    1    1    1    1    1    1    1    1  2.98164E+14 0.00717 
   44   44    1    1    1    1    1    1    1    1  3.65854E+14 0.00648 
   45   45    1    1    1    1    1    1    1    1  5.95700E+14 0.00753 
   46   46    1    1    1    1    1    1    1    1  3.31514E+14 0.00818 
   47   47    1    1    1    1    1    1    1    1  4.43805E+14 0.00788 
   48   48    1    1    1    1    1    1    1    1  6.11172E+14 0.00789 
   49   49    1    1    1    1    1    1    1    1  5.32376E+14 0.00836 
   50   50    1    1    1    1    1    1    1    1  7.92423E+14 0.00812 
   51   51    1    1    1    1    1    1    1    1  6.21215E+14 0.00813 
   52   52    1    1    1    1    1    1    1    1  6.78197E+14 0.00855 
   53   53    1    1    1    1    1    1    1    1  4.88502E+14 0.00869 
   54   54    1    1    1    1    1    1    1    1  5.80813E+14 0.00848 
   55   55    1    1    1    1    1    1    1    1  4.20727E+14 0.00843 
   56   56    1    1    1    1    1    1    1    1  5.88358E+13 0.00988 
   57   57    1    1    1    1    1    1    1    1  8.00548E+14 0.00882 
   58   58    1    1    1    1    1    1    1    1  3.41562E+14 0.00891 
   59   59    1    1    1    1    1    1    1    1  3.77010E+14 0.00862 
   60   60    1    1    1    1    1    1    1    1  2.99257E+14 0.00885 
   61   61    1    1    1    1    1    1    1    1  2.99487E+14 0.00915 
   62   62    1    1    1    1    1    1    1    1  2.91967E+14 0.00866 
   63   63    1    1    1    1    1    1    1    1  2.41836E+14 0.00902 
   64   64    1    1    1    1    1    1    1    1  1.87213E+14 0.00935 
   65   65    1    1    1    1    1    1    1    1  1.80874E+14 0.00888 
   66   66    1    1    1    1    1    1    1    1  1.52810E+14 0.00946 
   67   67    1    1    1    1    1    1    1    1  1.26949E+14 0.00878 
   68   68    1    1    1    1    1    1    1    1  1.10960E+14 0.00877 
   69   69    1    1    1    1    1    1    1    1  1.35157E+14 0.00930 
   70   70    1    1    1    1    1    1    1    1  1.16956E+14 0.00894 
   71   71    1    1    1    1    1    1    1    1  2.23554E+14 0.00938 
   72   72    1    1    1    1    1    1    1    1  1.65333E+14 0.00996 
   73   73    1    1    1    1    1    1    1    1  1.30144E+14 0.00877 
   74   74    1    1    1    1    1    1    1    1  1.03836E+14 0.00978 
   75   75    1    1    1    1    1    1    1    1  8.35160E+13 0.00868 
   76   76    1    1    1    1    1    1    1    1  9.43314E+13 0.01014 
   77   77    1    1    1    1    1    1    1    1  7.15606E+13 0.00996 
   78   78    1    1    1    1    1    1    1    1  5.38627E+13 0.01010 
   79   79    1    1    1    1    1    1    1    1  5.50393E+13 0.01161 
   80   80    1    1    1    1    1    1    1    1  4.08936E+13 0.01219 
   81   81    1    1    1    1    1    1    1    1  3.15588E+13 0.01116 
   82   82    1    1    1    1    1    1    1    1  2.47063E+13 0.01267 
   83   83    1    1    1    1    1    1    1    1  2.25319E+13 0.01030 
   84   84    1    1    1    1    1    1    1    1  1.64226E+13 0.01111 
   85   85    1    1    1    1    1    1    1    1  1.17353E+13 0.00965 
   86   86    1    1    1    1    1    1    1    1  1.10222E+13 0.01199 
   87   87    1    1    1    1    1    1    1    1  6.99841E+12 0.01816 
   88   88    1    1    1    1    1    1    1    1  4.74104E+12 0.01246 
   89   89    1    1    1    1    1    1    1    1  2.62851E+12 0.01803 
   90   90    1    1    1    1    1    1    1    1  1.76456E+12 0.02749 
   91   91    1    1    1    1    1    1    1    1  9.03919E+11 0.03915 
   92   92    1    1    1    1    1    1    1    1  4.21844E+11 0.03777 
   93   93    1    1    1    1    1    1    1    1  2.14814E+11 0.06475 
   94   94    1    1    1    1    1    1    1    1  1.03130E+11 0.09209 
   95   95    1    1    1    1    1    1    1    1  4.37985E+10 0.14919 
   96   96    1    1    1    1    1    1    1    1  2.95353E+10 0.15168 
   97   97    1    1    1    1    1    1    1    1  1.06690E+10 0.27684 
   98   98    1    1    1    1    1    1    1    1  3.87166E+09 0.49258 
   99   99    1    1    1    1    1    1    1    1  3.37484E+09 0.58568 
  100  100    1    1    1    1    1    1    1    1  2.16393E+09 0.57037 
];


