
DETdpaspec = [
    1    1    1    1    1    1    1    1    1    1  0.00000E+00 0.00000 
    2    2    1    1    1    1    1    1    1    1  0.00000E+00 0.00000 
    3    3    1    1    1    1    1    1    1    1  2.05344E+07 1.00000 
    4    4    1    1    1    1    1    1    1    1  0.00000E+00 0.00000 
    5    5    1    1    1    1    1    1    1    1  0.00000E+00 0.00000 
    6    6    1    1    1    1    1    1    1    1  0.00000E+00 0.00000 
    7    7    1    1    1    1    1    1    1    1  0.00000E+00 0.00000 
    8    8    1    1    1    1    1    1    1    1  1.43242E+07 1.00000 
    9    9    1    1    1    1    1    1    1    1  7.14720E+07 0.47555 
   10   10    1    1    1    1    1    1    1    1  1.04814E+08 0.68832 
   11   11    1    1    1    1    1    1    1    1  9.91212E+07 1.00000 
   12   12    1    1    1    1    1    1    1    1  8.39760E+08 0.30706 
   13   13    1    1    1    1    1    1    1    1  7.44605E+09 0.25078 
   14   14    1    1    1    1    1    1    1    1  1.22223E+10 0.23448 
   15   15    1    1    1    1    1    1    1    1  1.36084E+10 0.22551 
   16   16    1    1    1    1    1    1    1    1  5.19248E+09 0.26240 
   17   17    1    1    1    1    1    1    1    1  1.13946E+10 0.19086 
   18   18    1    1    1    1    1    1    1    1  2.04974E+10 0.15116 
   19   19    1    1    1    1    1    1    1    1  3.33696E+10 0.14104 
   20   20    1    1    1    1    1    1    1    1  1.22715E+11 0.08879 
   21   21    1    1    1    1    1    1    1    1  1.61891E+11 0.06164 
   22   22    1    1    1    1    1    1    1    1  5.96680E+11 0.03497 
   23   23    1    1    1    1    1    1    1    1  1.92589E+12 0.01681 
   24   24    1    1    1    1    1    1    1    1  4.96499E+12 0.00810 
   25   25    1    1    1    1    1    1    1    1  8.21248E+12 0.00902 
   26   26    1    1    1    1    1    1    1    1  1.64978E+13 0.00701 
   27   27    1    1    1    1    1    1    1    1  2.92925E+13 0.00567 
   28   28    1    1    1    1    1    1    1    1  5.77215E+13 0.00367 
   29   29    1    1    1    1    1    1    1    1  8.02626E+13 0.00337 
   30   30    1    1    1    1    1    1    1    1  1.41333E+14 0.00262 
   31   31    1    1    1    1    1    1    1    1  2.71409E+14 0.00188 
   32   32    1    1    1    1    1    1    1    1  3.43246E+14 0.00162 
   33   33    1    1    1    1    1    1    1    1  5.93081E+14 0.00131 
   34   34    1    1    1    1    1    1    1    1  6.48442E+14 0.00092 
   35   35    1    1    1    1    1    1    1    1  7.95449E+14 0.00088 
   36   36    1    1    1    1    1    1    1    1  6.54761E+14 0.00083 
   37   37    1    1    1    1    1    1    1    1  1.98648E+14 0.00095 
   38   38    1    1    1    1    1    1    1    1  9.01821E+14 0.00082 
   39   39    1    1    1    1    1    1    1    1  1.02606E+15 0.00080 
   40   40    1    1    1    1    1    1    1    1  1.69428E+15 0.00086 
   41   41    1    1    1    1    1    1    1    1  1.53082E+15 0.00087 
   42   42    1    1    1    1    1    1    1    1  2.58093E+15 0.00064 
   43   43    1    1    1    1    1    1    1    1  2.67091E+15 0.00059 
   44   44    1    1    1    1    1    1    1    1  3.32582E+15 0.00051 
   45   45    1    1    1    1    1    1    1    1  5.50052E+15 0.00062 
   46   46    1    1    1    1    1    1    1    1  3.12481E+15 0.00068 
   47   47    1    1    1    1    1    1    1    1  4.12189E+15 0.00048 
   48   48    1    1    1    1    1    1    1    1  5.76801E+15 0.00050 
   49   49    1    1    1    1    1    1    1    1  4.95525E+15 0.00057 
   50   50    1    1    1    1    1    1    1    1  7.65826E+15 0.00051 
   51   51    1    1    1    1    1    1    1    1  5.93327E+15 0.00054 
   52   52    1    1    1    1    1    1    1    1  6.65277E+15 0.00051 
   53   53    1    1    1    1    1    1    1    1  4.81927E+15 0.00044 
   54   54    1    1    1    1    1    1    1    1  5.89920E+15 0.00052 
   55   55    1    1    1    1    1    1    1    1  4.27871E+15 0.00045 
   56   56    1    1    1    1    1    1    1    1  5.94493E+14 0.00088 
   57   57    1    1    1    1    1    1    1    1  8.18840E+15 0.00058 
   58   58    1    1    1    1    1    1    1    1  3.63777E+15 0.00050 
   59   59    1    1    1    1    1    1    1    1  3.98279E+15 0.00060 
   60   60    1    1    1    1    1    1    1    1  3.27207E+15 0.00047 
   61   61    1    1    1    1    1    1    1    1  3.27823E+15 0.00049 
   62   62    1    1    1    1    1    1    1    1  3.23180E+15 0.00067 
   63   63    1    1    1    1    1    1    1    1  2.70522E+15 0.00078 
   64   64    1    1    1    1    1    1    1    1  2.12586E+15 0.00079 
   65   65    1    1    1    1    1    1    1    1  2.04952E+15 0.00081 
   66   66    1    1    1    1    1    1    1    1  1.75206E+15 0.00110 
   67   67    1    1    1    1    1    1    1    1  1.44748E+15 0.00099 
   68   68    1    1    1    1    1    1    1    1  1.26078E+15 0.00098 
   69   69    1    1    1    1    1    1    1    1  1.54634E+15 0.00086 
   70   70    1    1    1    1    1    1    1    1  1.33039E+15 0.00078 
   71   71    1    1    1    1    1    1    1    1  2.49049E+15 0.00082 
   72   72    1    1    1    1    1    1    1    1  1.84115E+15 0.00106 
   73   73    1    1    1    1    1    1    1    1  1.45087E+15 0.00102 
   74   74    1    1    1    1    1    1    1    1  1.19425E+15 0.00105 
   75   75    1    1    1    1    1    1    1    1  9.87307E+14 0.00130 
   76   76    1    1    1    1    1    1    1    1  1.13532E+15 0.00121 
   77   77    1    1    1    1    1    1    1    1  8.93146E+14 0.00108 
   78   78    1    1    1    1    1    1    1    1  6.81808E+14 0.00135 
   79   79    1    1    1    1    1    1    1    1  7.12899E+14 0.00097 
   80   80    1    1    1    1    1    1    1    1  5.37432E+14 0.00163 
   81   81    1    1    1    1    1    1    1    1  4.17336E+14 0.00213 
   82   82    1    1    1    1    1    1    1    1  3.23682E+14 0.00206 
   83   83    1    1    1    1    1    1    1    1  3.03115E+14 0.00169 
   84   84    1    1    1    1    1    1    1    1  2.17636E+14 0.00186 
   85   85    1    1    1    1    1    1    1    1  1.56981E+14 0.00213 
   86   86    1    1    1    1    1    1    1    1  1.47199E+14 0.00213 
   87   87    1    1    1    1    1    1    1    1  9.06482E+13 0.00449 
   88   88    1    1    1    1    1    1    1    1  6.14278E+13 0.00334 
   89   89    1    1    1    1    1    1    1    1  3.51472E+13 0.00492 
   90   90    1    1    1    1    1    1    1    1  2.31447E+13 0.00555 
   91   91    1    1    1    1    1    1    1    1  1.14101E+13 0.00893 
   92   92    1    1    1    1    1    1    1    1  5.64744E+12 0.01018 
   93   93    1    1    1    1    1    1    1    1  2.70725E+12 0.01837 
   94   94    1    1    1    1    1    1    1    1  1.37129E+12 0.03206 
   95   95    1    1    1    1    1    1    1    1  6.29702E+11 0.02730 
   96   96    1    1    1    1    1    1    1    1  2.90949E+11 0.05776 
   97   97    1    1    1    1    1    1    1    1  1.49916E+11 0.06437 
   98   98    1    1    1    1    1    1    1    1  5.74218E+10 0.11158 
   99   99    1    1    1    1    1    1    1    1  2.66430E+10 0.22690 
  100  100    1    1    1    1    1    1    1    1  3.53270E+10 0.15820 
];


