
DETdpaspec = [
    1    1    1    1    1    1    1    1    1    1  0.00000E+00 0.00000 
    2    2    1    1    1    1    1    1    1    1  0.00000E+00 0.00000 
    3    3    1    1    1    1    1    1    1    1  0.00000E+00 0.00000 
    4    4    1    1    1    1    1    1    1    1  0.00000E+00 0.00000 
    5    5    1    1    1    1    1    1    1    1  0.00000E+00 0.00000 
    6    6    1    1    1    1    1    1    1    1  1.15764E+07 1.00000 
    7    7    1    1    1    1    1    1    1    1  4.74025E+07 0.68884 
    8    8    1    1    1    1    1    1    1    1  7.31551E+07 0.54696 
    9    9    1    1    1    1    1    1    1    1  5.69152E+07 0.57686 
   10   10    1    1    1    1    1    1    1    1  3.64390E+08 0.70723 
   11   11    1    1    1    1    1    1    1    1  3.61165E+08 0.53265 
   12   12    1    1    1    1    1    1    1    1  1.03434E+08 0.45914 
   13   13    1    1    1    1    1    1    1    1  1.22845E+09 0.62386 
   14   14    1    1    1    1    1    1    1    1  7.35207E+09 0.26345 
   15   15    1    1    1    1    1    1    1    1  8.71050E+09 0.37705 
   16   16    1    1    1    1    1    1    1    1  2.38332E+09 0.23949 
   17   17    1    1    1    1    1    1    1    1  5.83411E+09 0.15455 
   18   18    1    1    1    1    1    1    1    1  1.54234E+10 0.14898 
   19   19    1    1    1    1    1    1    1    1  2.01539E+10 0.11352 
   20   20    1    1    1    1    1    1    1    1  5.23750E+10 0.09389 
   21   21    1    1    1    1    1    1    1    1  5.23410E+10 0.08361 
   22   22    1    1    1    1    1    1    1    1  1.42516E+11 0.07541 
   23   23    1    1    1    1    1    1    1    1  2.44622E+11 0.04518 
   24   24    1    1    1    1    1    1    1    1  4.13817E+11 0.03633 
   25   25    1    1    1    1    1    1    1    1  6.33150E+11 0.03083 
   26   26    1    1    1    1    1    1    1    1  1.32007E+12 0.02254 
   27   27    1    1    1    1    1    1    1    1  2.60830E+12 0.01598 
   28   28    1    1    1    1    1    1    1    1  5.00985E+12 0.01128 
   29   29    1    1    1    1    1    1    1    1  6.02699E+12 0.00860 
   30   30    1    1    1    1    1    1    1    1  1.45679E+13 0.00893 
   31   31    1    1    1    1    1    1    1    1  2.98553E+13 0.00493 
   32   32    1    1    1    1    1    1    1    1  3.94202E+13 0.00480 
   33   33    1    1    1    1    1    1    1    1  7.07575E+13 0.00560 
   34   34    1    1    1    1    1    1    1    1  7.20325E+13 0.00502 
   35   35    1    1    1    1    1    1    1    1  1.02159E+14 0.00488 
   36   36    1    1    1    1    1    1    1    1  8.68886E+13 0.00485 
   37   37    1    1    1    1    1    1    1    1  2.76482E+13 0.00451 
   38   38    1    1    1    1    1    1    1    1  1.20028E+14 0.00460 
   39   39    1    1    1    1    1    1    1    1  1.36844E+14 0.00378 
   40   40    1    1    1    1    1    1    1    1  2.18547E+14 0.00488 
   41   41    1    1    1    1    1    1    1    1  2.05919E+14 0.00468 
   42   42    1    1    1    1    1    1    1    1  3.37805E+14 0.00472 
   43   43    1    1    1    1    1    1    1    1  3.46861E+14 0.00484 
   44   44    1    1    1    1    1    1    1    1  4.26770E+14 0.00486 
   45   45    1    1    1    1    1    1    1    1  6.93928E+14 0.00501 
   46   46    1    1    1    1    1    1    1    1  3.86823E+14 0.00467 
   47   47    1    1    1    1    1    1    1    1  5.18952E+14 0.00468 
   48   48    1    1    1    1    1    1    1    1  7.13036E+14 0.00495 
   49   49    1    1    1    1    1    1    1    1  6.21487E+14 0.00508 
   50   50    1    1    1    1    1    1    1    1  9.25595E+14 0.00504 
   51   51    1    1    1    1    1    1    1    1  7.25376E+14 0.00499 
   52   52    1    1    1    1    1    1    1    1  7.89875E+14 0.00474 
   53   53    1    1    1    1    1    1    1    1  5.69110E+14 0.00564 
   54   54    1    1    1    1    1    1    1    1  6.76359E+14 0.00497 
   55   55    1    1    1    1    1    1    1    1  4.88461E+14 0.00483 
   56   56    1    1    1    1    1    1    1    1  6.82518E+13 0.00561 
   57   57    1    1    1    1    1    1    1    1  9.31199E+14 0.00526 
   58   58    1    1    1    1    1    1    1    1  3.97313E+14 0.00518 
   59   59    1    1    1    1    1    1    1    1  4.38339E+14 0.00516 
   60   60    1    1    1    1    1    1    1    1  3.47853E+14 0.00540 
   61   61    1    1    1    1    1    1    1    1  3.47753E+14 0.00602 
   62   62    1    1    1    1    1    1    1    1  3.40508E+14 0.00594 
   63   63    1    1    1    1    1    1    1    1  2.80631E+14 0.00573 
   64   64    1    1    1    1    1    1    1    1  2.17588E+14 0.00597 
   65   65    1    1    1    1    1    1    1    1  2.10148E+14 0.00614 
   66   66    1    1    1    1    1    1    1    1  1.77436E+14 0.00542 
   67   67    1    1    1    1    1    1    1    1  1.46584E+14 0.00511 
   68   68    1    1    1    1    1    1    1    1  1.28380E+14 0.00554 
   69   69    1    1    1    1    1    1    1    1  1.57131E+14 0.00600 
   70   70    1    1    1    1    1    1    1    1  1.35129E+14 0.00629 
   71   71    1    1    1    1    1    1    1    1  2.57603E+14 0.00625 
   72   72    1    1    1    1    1    1    1    1  1.91359E+14 0.00683 
   73   73    1    1    1    1    1    1    1    1  1.49744E+14 0.00586 
   74   74    1    1    1    1    1    1    1    1  1.20825E+14 0.00558 
   75   75    1    1    1    1    1    1    1    1  9.68436E+13 0.00658 
   76   76    1    1    1    1    1    1    1    1  1.08308E+14 0.00599 
   77   77    1    1    1    1    1    1    1    1  8.27006E+13 0.00670 
   78   78    1    1    1    1    1    1    1    1  6.17194E+13 0.00685 
   79   79    1    1    1    1    1    1    1    1  6.40245E+13 0.00693 
   80   80    1    1    1    1    1    1    1    1  4.78132E+13 0.00666 
   81   81    1    1    1    1    1    1    1    1  3.66217E+13 0.00779 
   82   82    1    1    1    1    1    1    1    1  2.83177E+13 0.00720 
   83   83    1    1    1    1    1    1    1    1  2.64958E+13 0.00829 
   84   84    1    1    1    1    1    1    1    1  1.89870E+13 0.00962 
   85   85    1    1    1    1    1    1    1    1  1.37953E+13 0.01318 
   86   86    1    1    1    1    1    1    1    1  1.30330E+13 0.00993 
   87   87    1    1    1    1    1    1    1    1  7.88600E+12 0.01198 
   88   88    1    1    1    1    1    1    1    1  5.50529E+12 0.01129 
   89   89    1    1    1    1    1    1    1    1  3.11520E+12 0.01395 
   90   90    1    1    1    1    1    1    1    1  1.99796E+12 0.02228 
   91   91    1    1    1    1    1    1    1    1  1.03857E+12 0.02799 
   92   92    1    1    1    1    1    1    1    1  5.12598E+11 0.04354 
   93   93    1    1    1    1    1    1    1    1  2.57302E+11 0.06314 
   94   94    1    1    1    1    1    1    1    1  1.32770E+11 0.09040 
   95   95    1    1    1    1    1    1    1    1  6.24053E+10 0.13785 
   96   96    1    1    1    1    1    1    1    1  3.22756E+10 0.15927 
   97   97    1    1    1    1    1    1    1    1  1.11651E+10 0.29025 
   98   98    1    1    1    1    1    1    1    1  4.25527E+09 0.34125 
   99   99    1    1    1    1    1    1    1    1  2.93562E+09 0.59564 
  100  100    1    1    1    1    1    1    1    1  3.47207E+09 0.49350 
];


