
DETdpaspec = [
    1    1    1    1    1    1    1    1    1    1  0.00000E+00 0.00000 
    2    2    1    1    1    1    1    1    1    1  0.00000E+00 0.00000 
    3    3    1    1    1    1    1    1    1    1  0.00000E+00 0.00000 
    4    4    1    1    1    1    1    1    1    1  3.64793E+07 1.00000 
    5    5    1    1    1    1    1    1    1    1  5.31730E+07 0.72558 
    6    6    1    1    1    1    1    1    1    1  0.00000E+00 0.00000 
    7    7    1    1    1    1    1    1    1    1  2.79845E+07 1.00000 
    8    8    1    1    1    1    1    1    1    1  0.00000E+00 0.00000 
    9    9    1    1    1    1    1    1    1    1  3.51950E+07 0.75609 
   10   10    1    1    1    1    1    1    1    1  6.66913E+07 1.00000 
   11   11    1    1    1    1    1    1    1    1  2.62117E+08 0.56551 
   12   12    1    1    1    1    1    1    1    1  1.68145E+08 0.58266 
   13   13    1    1    1    1    1    1    1    1  6.89640E+09 0.21189 
   14   14    1    1    1    1    1    1    1    1  1.30483E+10 0.22810 
   15   15    1    1    1    1    1    1    1    1  1.92125E+10 0.19130 
   16   16    1    1    1    1    1    1    1    1  4.71759E+09 0.24188 
   17   17    1    1    1    1    1    1    1    1  1.35476E+10 0.16363 
   18   18    1    1    1    1    1    1    1    1  2.57526E+10 0.15955 
   19   19    1    1    1    1    1    1    1    1  4.46577E+10 0.10537 
   20   20    1    1    1    1    1    1    1    1  1.22413E+11 0.09060 
   21   21    1    1    1    1    1    1    1    1  1.23738E+11 0.08021 
   22   22    1    1    1    1    1    1    1    1  3.17591E+11 0.04444 
   23   23    1    1    1    1    1    1    1    1  8.49481E+11 0.02063 
   24   24    1    1    1    1    1    1    1    1  2.14514E+12 0.01359 
   25   25    1    1    1    1    1    1    1    1  3.64157E+12 0.01193 
   26   26    1    1    1    1    1    1    1    1  7.78215E+12 0.00984 
   27   27    1    1    1    1    1    1    1    1  1.51109E+13 0.00630 
   28   28    1    1    1    1    1    1    1    1  3.21451E+13 0.00476 
   29   29    1    1    1    1    1    1    1    1  4.38956E+13 0.00378 
   30   30    1    1    1    1    1    1    1    1  8.79516E+13 0.00302 
   31   31    1    1    1    1    1    1    1    1  1.80287E+14 0.00272 
   32   32    1    1    1    1    1    1    1    1  2.38233E+14 0.00171 
   33   33    1    1    1    1    1    1    1    1  4.30203E+14 0.00129 
   34   34    1    1    1    1    1    1    1    1  4.65572E+14 0.00169 
   35   35    1    1    1    1    1    1    1    1  6.09782E+14 0.00155 
   36   36    1    1    1    1    1    1    1    1  5.17507E+14 0.00161 
   37   37    1    1    1    1    1    1    1    1  1.60564E+14 0.00146 
   38   38    1    1    1    1    1    1    1    1  7.21819E+14 0.00162 
   39   39    1    1    1    1    1    1    1    1  8.30561E+14 0.00142 
   40   40    1    1    1    1    1    1    1    1  1.36557E+15 0.00123 
   41   41    1    1    1    1    1    1    1    1  1.26031E+15 0.00142 
   42   42    1    1    1    1    1    1    1    1  2.12361E+15 0.00113 
   43   43    1    1    1    1    1    1    1    1  2.20739E+15 0.00100 
   44   44    1    1    1    1    1    1    1    1  2.76094E+15 0.00077 
   45   45    1    1    1    1    1    1    1    1  4.58280E+15 0.00073 
   46   46    1    1    1    1    1    1    1    1  2.60916E+15 0.00090 
   47   47    1    1    1    1    1    1    1    1  3.47307E+15 0.00096 
   48   48    1    1    1    1    1    1    1    1  4.85742E+15 0.00074 
   49   49    1    1    1    1    1    1    1    1  4.20724E+15 0.00088 
   50   50    1    1    1    1    1    1    1    1  6.46100E+15 0.00068 
   51   51    1    1    1    1    1    1    1    1  5.05031E+15 0.00093 
   52   52    1    1    1    1    1    1    1    1  5.63068E+15 0.00083 
   53   53    1    1    1    1    1    1    1    1  4.08656E+15 0.00075 
   54   54    1    1    1    1    1    1    1    1  4.97134E+15 0.00080 
   55   55    1    1    1    1    1    1    1    1  3.60775E+15 0.00077 
   56   56    1    1    1    1    1    1    1    1  5.02918E+14 0.00099 
   57   57    1    1    1    1    1    1    1    1  6.91806E+15 0.00073 
   58   58    1    1    1    1    1    1    1    1  3.04534E+15 0.00086 
   59   59    1    1    1    1    1    1    1    1  3.35092E+15 0.00074 
   60   60    1    1    1    1    1    1    1    1  2.72961E+15 0.00078 
   61   61    1    1    1    1    1    1    1    1  2.73325E+15 0.00068 
   62   62    1    1    1    1    1    1    1    1  2.69539E+15 0.00072 
   63   63    1    1    1    1    1    1    1    1  2.25206E+15 0.00066 
   64   64    1    1    1    1    1    1    1    1  1.76804E+15 0.00069 
   65   65    1    1    1    1    1    1    1    1  1.70770E+15 0.00110 
   66   66    1    1    1    1    1    1    1    1  1.45681E+15 0.00078 
   67   67    1    1    1    1    1    1    1    1  1.20698E+15 0.00097 
   68   68    1    1    1    1    1    1    1    1  1.05408E+15 0.00084 
   69   69    1    1    1    1    1    1    1    1  1.29039E+15 0.00108 
   70   70    1    1    1    1    1    1    1    1  1.11432E+15 0.00130 
   71   71    1    1    1    1    1    1    1    1  2.10090E+15 0.00121 
   72   72    1    1    1    1    1    1    1    1  1.55952E+15 0.00119 
   73   73    1    1    1    1    1    1    1    1  1.22855E+15 0.00122 
   74   74    1    1    1    1    1    1    1    1  1.00553E+15 0.00142 
   75   75    1    1    1    1    1    1    1    1  8.24131E+14 0.00131 
   76   76    1    1    1    1    1    1    1    1  9.43257E+14 0.00148 
   77   77    1    1    1    1    1    1    1    1  7.36362E+14 0.00180 
   78   78    1    1    1    1    1    1    1    1  5.59810E+14 0.00119 
   79   79    1    1    1    1    1    1    1    1  5.80822E+14 0.00131 
   80   80    1    1    1    1    1    1    1    1  4.36156E+14 0.00163 
   81   81    1    1    1    1    1    1    1    1  3.39473E+14 0.00145 
   82   82    1    1    1    1    1    1    1    1  2.62995E+14 0.00197 
   83   83    1    1    1    1    1    1    1    1  2.45293E+14 0.00195 
   84   84    1    1    1    1    1    1    1    1  1.76911E+14 0.00189 
   85   85    1    1    1    1    1    1    1    1  1.28299E+14 0.00305 
   86   86    1    1    1    1    1    1    1    1  1.19422E+14 0.00366 
   87   87    1    1    1    1    1    1    1    1  7.40660E+13 0.00304 
   88   88    1    1    1    1    1    1    1    1  5.01690E+13 0.00327 
   89   89    1    1    1    1    1    1    1    1  2.84889E+13 0.00411 
   90   90    1    1    1    1    1    1    1    1  1.91781E+13 0.00736 
   91   91    1    1    1    1    1    1    1    1  9.56392E+12 0.01220 
   92   92    1    1    1    1    1    1    1    1  4.64501E+12 0.01583 
   93   93    1    1    1    1    1    1    1    1  2.26892E+12 0.02141 
   94   94    1    1    1    1    1    1    1    1  1.17912E+12 0.03372 
   95   95    1    1    1    1    1    1    1    1  5.50132E+11 0.02951 
   96   96    1    1    1    1    1    1    1    1  2.18104E+11 0.05702 
   97   97    1    1    1    1    1    1    1    1  1.05252E+11 0.09709 
   98   98    1    1    1    1    1    1    1    1  5.01373E+10 0.14287 
   99   99    1    1    1    1    1    1    1    1  3.16218E+10 0.20580 
  100  100    1    1    1    1    1    1    1    1  1.90431E+10 0.18609 
];


