
DETdpaspec = [
    1    1    1    1    1    1    1    1    1    1  0.00000E+00 0.00000 
    2    2    1    1    1    1    1    1    1    1  0.00000E+00 0.00000 
    3    3    1    1    1    1    1    1    1    1  0.00000E+00 0.00000 
    4    4    1    1    1    1    1    1    1    1  0.00000E+00 0.00000 
    5    5    1    1    1    1    1    1    1    1  0.00000E+00 0.00000 
    6    6    1    1    1    1    1    1    1    1  0.00000E+00 0.00000 
    7    7    1    1    1    1    1    1    1    1  0.00000E+00 0.00000 
    8    8    1    1    1    1    1    1    1    1  0.00000E+00 0.00000 
    9    9    1    1    1    1    1    1    1    1  1.58671E+07 1.00000 
   10   10    1    1    1    1    1    1    1    1  4.73247E+07 1.00000 
   11   11    1    1    1    1    1    1    1    1  5.20028E+08 0.43236 
   12   12    1    1    1    1    1    1    1    1  4.09365E+08 0.26537 
   13   13    1    1    1    1    1    1    1    1  2.95544E+09 0.42497 
   14   14    1    1    1    1    1    1    1    1  1.34268E+10 0.29021 
   15   15    1    1    1    1    1    1    1    1  1.97963E+10 0.22892 
   16   16    1    1    1    1    1    1    1    1  7.25606E+09 0.24081 
   17   17    1    1    1    1    1    1    1    1  1.57854E+10 0.13735 
   18   18    1    1    1    1    1    1    1    1  2.22908E+10 0.13427 
   19   19    1    1    1    1    1    1    1    1  3.81282E+10 0.12861 
   20   20    1    1    1    1    1    1    1    1  1.16825E+11 0.06026 
   21   21    1    1    1    1    1    1    1    1  1.18950E+11 0.06277 
   22   22    1    1    1    1    1    1    1    1  3.36989E+11 0.04434 
   23   23    1    1    1    1    1    1    1    1  1.00951E+12 0.02459 
   24   24    1    1    1    1    1    1    1    1  2.45717E+12 0.02042 
   25   25    1    1    1    1    1    1    1    1  4.20374E+12 0.01443 
   26   26    1    1    1    1    1    1    1    1  8.85380E+12 0.00935 
   27   27    1    1    1    1    1    1    1    1  1.71149E+13 0.00587 
   28   28    1    1    1    1    1    1    1    1  3.57361E+13 0.00438 
   29   29    1    1    1    1    1    1    1    1  4.91920E+13 0.00348 
   30   30    1    1    1    1    1    1    1    1  9.64087E+13 0.00273 
   31   31    1    1    1    1    1    1    1    1  1.95768E+14 0.00256 
   32   32    1    1    1    1    1    1    1    1  2.56433E+14 0.00183 
   33   33    1    1    1    1    1    1    1    1  4.60572E+14 0.00202 
   34   34    1    1    1    1    1    1    1    1  4.99655E+14 0.00154 
   35   35    1    1    1    1    1    1    1    1  6.49206E+14 0.00126 
   36   36    1    1    1    1    1    1    1    1  5.46853E+14 0.00098 
   37   37    1    1    1    1    1    1    1    1  1.68862E+14 0.00130 
   38   38    1    1    1    1    1    1    1    1  7.62239E+14 0.00118 
   39   39    1    1    1    1    1    1    1    1  8.73337E+14 0.00098 
   40   40    1    1    1    1    1    1    1    1  1.44066E+15 0.00099 
   41   41    1    1    1    1    1    1    1    1  1.32297E+15 0.00099 
   42   42    1    1    1    1    1    1    1    1  2.23440E+15 0.00075 
   43   43    1    1    1    1    1    1    1    1  2.32281E+15 0.00090 
   44   44    1    1    1    1    1    1    1    1  2.90224E+15 0.00065 
   45   45    1    1    1    1    1    1    1    1  4.81765E+15 0.00057 
   46   46    1    1    1    1    1    1    1    1  2.74101E+15 0.00070 
   47   47    1    1    1    1    1    1    1    1  3.64171E+15 0.00065 
   48   48    1    1    1    1    1    1    1    1  5.09666E+15 0.00054 
   49   49    1    1    1    1    1    1    1    1  4.41108E+15 0.00078 
   50   50    1    1    1    1    1    1    1    1  6.78815E+15 0.00059 
   51   51    1    1    1    1    1    1    1    1  5.29119E+15 0.00055 
   52   52    1    1    1    1    1    1    1    1  5.91643E+15 0.00062 
   53   53    1    1    1    1    1    1    1    1  4.29165E+15 0.00065 
   54   54    1    1    1    1    1    1    1    1  5.22841E+15 0.00069 
   55   55    1    1    1    1    1    1    1    1  3.79630E+15 0.00056 
   56   56    1    1    1    1    1    1    1    1  5.28225E+14 0.00088 
   57   57    1    1    1    1    1    1    1    1  7.28072E+15 0.00052 
   58   58    1    1    1    1    1    1    1    1  3.21477E+15 0.00074 
   59   59    1    1    1    1    1    1    1    1  3.52995E+15 0.00067 
   60   60    1    1    1    1    1    1    1    1  2.88468E+15 0.00080 
   61   61    1    1    1    1    1    1    1    1  2.88671E+15 0.00070 
   62   62    1    1    1    1    1    1    1    1  2.84480E+15 0.00077 
   63   63    1    1    1    1    1    1    1    1  2.38104E+15 0.00089 
   64   64    1    1    1    1    1    1    1    1  1.86830E+15 0.00084 
   65   65    1    1    1    1    1    1    1    1  1.80231E+15 0.00075 
   66   66    1    1    1    1    1    1    1    1  1.54098E+15 0.00082 
   67   67    1    1    1    1    1    1    1    1  1.27511E+15 0.00069 
   68   68    1    1    1    1    1    1    1    1  1.11343E+15 0.00083 
   69   69    1    1    1    1    1    1    1    1  1.36398E+15 0.00079 
   70   70    1    1    1    1    1    1    1    1  1.17598E+15 0.00117 
   71   71    1    1    1    1    1    1    1    1  2.21789E+15 0.00079 
   72   72    1    1    1    1    1    1    1    1  1.64417E+15 0.00090 
   73   73    1    1    1    1    1    1    1    1  1.29223E+15 0.00118 
   74   74    1    1    1    1    1    1    1    1  1.05948E+15 0.00106 
   75   75    1    1    1    1    1    1    1    1  8.70743E+14 0.00149 
   76   76    1    1    1    1    1    1    1    1  9.98818E+14 0.00113 
   77   77    1    1    1    1    1    1    1    1  7.80411E+14 0.00113 
   78   78    1    1    1    1    1    1    1    1  5.93876E+14 0.00101 
   79   79    1    1    1    1    1    1    1    1  6.17671E+14 0.00110 
   80   80    1    1    1    1    1    1    1    1  4.64867E+14 0.00102 
   81   81    1    1    1    1    1    1    1    1  3.61053E+14 0.00152 
   82   82    1    1    1    1    1    1    1    1  2.80434E+14 0.00183 
   83   83    1    1    1    1    1    1    1    1  2.62051E+14 0.00176 
   84   84    1    1    1    1    1    1    1    1  1.87679E+14 0.00286 
   85   85    1    1    1    1    1    1    1    1  1.35828E+14 0.00272 
   86   86    1    1    1    1    1    1    1    1  1.26925E+14 0.00249 
   87   87    1    1    1    1    1    1    1    1  7.85871E+13 0.00271 
   88   88    1    1    1    1    1    1    1    1  5.32696E+13 0.00367 
   89   89    1    1    1    1    1    1    1    1  3.04643E+13 0.00643 
   90   90    1    1    1    1    1    1    1    1  2.01254E+13 0.00599 
   91   91    1    1    1    1    1    1    1    1  1.00084E+13 0.01109 
   92   92    1    1    1    1    1    1    1    1  4.85784E+12 0.01120 
   93   93    1    1    1    1    1    1    1    1  2.44286E+12 0.02116 
   94   94    1    1    1    1    1    1    1    1  1.17817E+12 0.02732 
   95   95    1    1    1    1    1    1    1    1  5.31366E+11 0.04931 
   96   96    1    1    1    1    1    1    1    1  2.54851E+11 0.05401 
   97   97    1    1    1    1    1    1    1    1  1.33295E+11 0.08218 
   98   98    1    1    1    1    1    1    1    1  5.28994E+10 0.12222 
   99   99    1    1    1    1    1    1    1    1  2.17714E+10 0.21889 
  100  100    1    1    1    1    1    1    1    1  2.27299E+10 0.24518 
];


