
DETdpaspec = [
    1    1    1    1    1    1    1    1    1    1  0.00000E+00 0.00000 
    2    2    1    1    1    1    1    1    1    1  0.00000E+00 0.00000 
    3    3    1    1    1    1    1    1    1    1  0.00000E+00 0.00000 
    4    4    1    1    1    1    1    1    1    1  0.00000E+00 0.00000 
    5    5    1    1    1    1    1    1    1    1  1.35346E+07 1.00000 
    6    6    1    1    1    1    1    1    1    1  0.00000E+00 0.00000 
    7    7    1    1    1    1    1    1    1    1  6.87961E+07 0.46151 
    8    8    1    1    1    1    1    1    1    1  0.00000E+00 0.00000 
    9    9    1    1    1    1    1    1    1    1  0.00000E+00 0.00000 
   10   10    1    1    1    1    1    1    1    1  2.79536E+08 0.66505 
   11   11    1    1    1    1    1    1    1    1  9.97383E+07 0.68826 
   12   12    1    1    1    1    1    1    1    1  1.05820E+08 0.57975 
   13   13    1    1    1    1    1    1    1    1  3.80479E+09 0.36638 
   14   14    1    1    1    1    1    1    1    1  7.92641E+09 0.28939 
   15   15    1    1    1    1    1    1    1    1  9.98184E+09 0.23529 
   16   16    1    1    1    1    1    1    1    1  4.30041E+09 0.25661 
   17   17    1    1    1    1    1    1    1    1  9.03747E+09 0.16811 
   18   18    1    1    1    1    1    1    1    1  2.60956E+10 0.17546 
   19   19    1    1    1    1    1    1    1    1  3.54671E+10 0.08729 
   20   20    1    1    1    1    1    1    1    1  7.66425E+10 0.11779 
   21   21    1    1    1    1    1    1    1    1  7.48220E+10 0.06629 
   22   22    1    1    1    1    1    1    1    1  2.21426E+11 0.07201 
   23   23    1    1    1    1    1    1    1    1  3.44976E+11 0.03711 
   24   24    1    1    1    1    1    1    1    1  6.42578E+11 0.03634 
   25   25    1    1    1    1    1    1    1    1  1.02407E+12 0.01718 
   26   26    1    1    1    1    1    1    1    1  2.12989E+12 0.01354 
   27   27    1    1    1    1    1    1    1    1  4.23342E+12 0.01290 
   28   28    1    1    1    1    1    1    1    1  8.26524E+12 0.01094 
   29   29    1    1    1    1    1    1    1    1  1.01399E+13 0.00937 
   30   30    1    1    1    1    1    1    1    1  2.41215E+13 0.00651 
   31   31    1    1    1    1    1    1    1    1  4.98750E+13 0.00530 
   32   32    1    1    1    1    1    1    1    1  6.60227E+13 0.00490 
   33   33    1    1    1    1    1    1    1    1  1.19753E+14 0.00312 
   34   34    1    1    1    1    1    1    1    1  1.23439E+14 0.00402 
   35   35    1    1    1    1    1    1    1    1  1.73905E+14 0.00328 
   36   36    1    1    1    1    1    1    1    1  1.48373E+14 0.00307 
   37   37    1    1    1    1    1    1    1    1  4.69466E+13 0.00305 
   38   38    1    1    1    1    1    1    1    1  2.05381E+14 0.00306 
   39   39    1    1    1    1    1    1    1    1  2.35787E+14 0.00325 
   40   40    1    1    1    1    1    1    1    1  3.77353E+14 0.00264 
   41   41    1    1    1    1    1    1    1    1  3.55048E+14 0.00282 
   42   42    1    1    1    1    1    1    1    1  5.83320E+14 0.00310 
   43   43    1    1    1    1    1    1    1    1  6.01628E+14 0.00339 
   44   44    1    1    1    1    1    1    1    1  7.42618E+14 0.00325 
   45   45    1    1    1    1    1    1    1    1  1.21397E+15 0.00372 
   46   46    1    1    1    1    1    1    1    1  6.77285E+14 0.00375 
   47   47    1    1    1    1    1    1    1    1  9.08655E+14 0.00343 
   48   48    1    1    1    1    1    1    1    1  1.25128E+15 0.00335 
   49   49    1    1    1    1    1    1    1    1  1.08941E+15 0.00333 
   50   50    1    1    1    1    1    1    1    1  1.63163E+15 0.00343 
   51   51    1    1    1    1    1    1    1    1  1.27724E+15 0.00347 
   52   52    1    1    1    1    1    1    1    1  1.39247E+15 0.00339 
   53   53    1    1    1    1    1    1    1    1  1.00555E+15 0.00340 
   54   54    1    1    1    1    1    1    1    1  1.20037E+15 0.00337 
   55   55    1    1    1    1    1    1    1    1  8.67236E+14 0.00375 
   56   56    1    1    1    1    1    1    1    1  1.21469E+14 0.00427 
   57   57    1    1    1    1    1    1    1    1  1.65349E+15 0.00377 
   58   58    1    1    1    1    1    1    1    1  7.08368E+14 0.00419 
   59   59    1    1    1    1    1    1    1    1  7.81048E+14 0.00416 
   60   60    1    1    1    1    1    1    1    1  6.22038E+14 0.00381 
   61   61    1    1    1    1    1    1    1    1  6.21520E+14 0.00393 
   62   62    1    1    1    1    1    1    1    1  6.08701E+14 0.00411 
   63   63    1    1    1    1    1    1    1    1  5.02713E+14 0.00410 
   64   64    1    1    1    1    1    1    1    1  3.90825E+14 0.00381 
   65   65    1    1    1    1    1    1    1    1  3.76726E+14 0.00409 
   66   66    1    1    1    1    1    1    1    1  3.17899E+14 0.00403 
   67   67    1    1    1    1    1    1    1    1  2.64719E+14 0.00441 
   68   68    1    1    1    1    1    1    1    1  2.31562E+14 0.00441 
   69   69    1    1    1    1    1    1    1    1  2.83506E+14 0.00458 
   70   70    1    1    1    1    1    1    1    1  2.43884E+14 0.00415 
   71   71    1    1    1    1    1    1    1    1  4.63660E+14 0.00435 
   72   72    1    1    1    1    1    1    1    1  3.46279E+14 0.00451 
   73   73    1    1    1    1    1    1    1    1  2.70346E+14 0.00462 
   74   74    1    1    1    1    1    1    1    1  2.17074E+14 0.00439 
   75   75    1    1    1    1    1    1    1    1  1.74922E+14 0.00417 
   76   76    1    1    1    1    1    1    1    1  1.97520E+14 0.00400 
   77   77    1    1    1    1    1    1    1    1  1.50562E+14 0.00444 
   78   78    1    1    1    1    1    1    1    1  1.13253E+14 0.00366 
   79   79    1    1    1    1    1    1    1    1  1.16576E+14 0.00443 
   80   80    1    1    1    1    1    1    1    1  8.69976E+13 0.00611 
   81   81    1    1    1    1    1    1    1    1  6.68676E+13 0.00466 
   82   82    1    1    1    1    1    1    1    1  5.19515E+13 0.00594 
   83   83    1    1    1    1    1    1    1    1  4.84787E+13 0.00521 
   84   84    1    1    1    1    1    1    1    1  3.46937E+13 0.00584 
   85   85    1    1    1    1    1    1    1    1  2.48072E+13 0.00731 
   86   86    1    1    1    1    1    1    1    1  2.34842E+13 0.00630 
   87   87    1    1    1    1    1    1    1    1  1.46684E+13 0.00946 
   88   88    1    1    1    1    1    1    1    1  9.82193E+12 0.01141 
   89   89    1    1    1    1    1    1    1    1  5.62321E+12 0.01162 
   90   90    1    1    1    1    1    1    1    1  3.84308E+12 0.01308 
   91   91    1    1    1    1    1    1    1    1  1.94414E+12 0.02167 
   92   92    1    1    1    1    1    1    1    1  9.41882E+11 0.02313 
   93   93    1    1    1    1    1    1    1    1  4.76109E+11 0.04733 
   94   94    1    1    1    1    1    1    1    1  2.35802E+11 0.05170 
   95   95    1    1    1    1    1    1    1    1  1.17126E+11 0.06046 
   96   96    1    1    1    1    1    1    1    1  4.47717E+10 0.13113 
   97   97    1    1    1    1    1    1    1    1  2.37293E+10 0.19570 
   98   98    1    1    1    1    1    1    1    1  1.78196E+10 0.22034 
   99   99    1    1    1    1    1    1    1    1  2.90360E+09 0.48127 
  100  100    1    1    1    1    1    1    1    1  4.17373E+09 0.42312 
];


