
DETdpaspec = [
    1    1    1    1    1    1    1    1    1    1  0.00000E+00 0.00000 
    2    2    1    1    1    1    1    1    1    1  0.00000E+00 0.00000 
    3    3    1    1    1    1    1    1    1    1  0.00000E+00 0.00000 
    4    4    1    1    1    1    1    1    1    1  0.00000E+00 0.00000 
    5    5    1    1    1    1    1    1    1    1  0.00000E+00 0.00000 
    6    6    1    1    1    1    1    1    1    1  0.00000E+00 0.00000 
    7    7    1    1    1    1    1    1    1    1  0.00000E+00 0.00000 
    8    8    1    1    1    1    1    1    1    1  0.00000E+00 0.00000 
    9    9    1    1    1    1    1    1    1    1  0.00000E+00 0.00000 
   10   10    1    1    1    1    1    1    1    1  6.82905E+07 1.00000 
   11   11    1    1    1    1    1    1    1    1  3.57454E+08 1.00000 
   12   12    1    1    1    1    1    1    1    1  3.98097E+07 0.68400 
   13   13    1    1    1    1    1    1    1    1  6.02883E+08 0.56441 
   14   14    1    1    1    1    1    1    1    1  4.66551E+09 0.26380 
   15   15    1    1    1    1    1    1    1    1  9.14035E+09 0.23288 
   16   16    1    1    1    1    1    1    1    1  2.42947E+09 0.25530 
   17   17    1    1    1    1    1    1    1    1  6.27194E+09 0.19687 
   18   18    1    1    1    1    1    1    1    1  1.49614E+10 0.22134 
   19   19    1    1    1    1    1    1    1    1  2.07992E+10 0.08735 
   20   20    1    1    1    1    1    1    1    1  6.42842E+10 0.10847 
   21   21    1    1    1    1    1    1    1    1  5.84313E+10 0.09311 
   22   22    1    1    1    1    1    1    1    1  1.51819E+11 0.05808 
   23   23    1    1    1    1    1    1    1    1  2.31804E+11 0.03939 
   24   24    1    1    1    1    1    1    1    1  4.18445E+11 0.03782 
   25   25    1    1    1    1    1    1    1    1  6.35212E+11 0.02702 
   26   26    1    1    1    1    1    1    1    1  1.26226E+12 0.02202 
   27   27    1    1    1    1    1    1    1    1  2.38124E+12 0.01659 
   28   28    1    1    1    1    1    1    1    1  4.42829E+12 0.01214 
   29   29    1    1    1    1    1    1    1    1  5.35932E+12 0.01264 
   30   30    1    1    1    1    1    1    1    1  1.27491E+13 0.01062 
   31   31    1    1    1    1    1    1    1    1  2.57038E+13 0.00879 
   32   32    1    1    1    1    1    1    1    1  3.39006E+13 0.00696 
   33   33    1    1    1    1    1    1    1    1  6.08099E+13 0.00570 
   34   34    1    1    1    1    1    1    1    1  6.18608E+13 0.00655 
   35   35    1    1    1    1    1    1    1    1  8.73272E+13 0.00606 
   36   36    1    1    1    1    1    1    1    1  7.48180E+13 0.00602 
   37   37    1    1    1    1    1    1    1    1  2.37877E+13 0.00524 
   38   38    1    1    1    1    1    1    1    1  1.02556E+14 0.00589 
   39   39    1    1    1    1    1    1    1    1  1.17394E+14 0.00590 
   40   40    1    1    1    1    1    1    1    1  1.86951E+14 0.00587 
   41   41    1    1    1    1    1    1    1    1  1.75787E+14 0.00603 
   42   42    1    1    1    1    1    1    1    1  2.87307E+14 0.00643 
   43   43    1    1    1    1    1    1    1    1  2.95364E+14 0.00613 
   44   44    1    1    1    1    1    1    1    1  3.63057E+14 0.00620 
   45   45    1    1    1    1    1    1    1    1  5.90976E+14 0.00559 
   46   46    1    1    1    1    1    1    1    1  3.29937E+14 0.00603 
   47   47    1    1    1    1    1    1    1    1  4.42337E+14 0.00614 
   48   48    1    1    1    1    1    1    1    1  6.07807E+14 0.00606 
   49   49    1    1    1    1    1    1    1    1  5.29891E+14 0.00619 
   50   50    1    1    1    1    1    1    1    1  7.88857E+14 0.00653 
   51   51    1    1    1    1    1    1    1    1  6.17466E+14 0.00629 
   52   52    1    1    1    1    1    1    1    1  6.72104E+14 0.00669 
   53   53    1    1    1    1    1    1    1    1  4.85541E+14 0.00633 
   54   54    1    1    1    1    1    1    1    1  5.77928E+14 0.00620 
   55   55    1    1    1    1    1    1    1    1  4.18360E+14 0.00643 
   56   56    1    1    1    1    1    1    1    1  5.82265E+13 0.00667 
   57   57    1    1    1    1    1    1    1    1  7.96212E+14 0.00648 
   58   58    1    1    1    1    1    1    1    1  3.39778E+14 0.00638 
   59   59    1    1    1    1    1    1    1    1  3.75136E+14 0.00667 
   60   60    1    1    1    1    1    1    1    1  2.97360E+14 0.00709 
   61   61    1    1    1    1    1    1    1    1  2.96915E+14 0.00631 
   62   62    1    1    1    1    1    1    1    1  2.91253E+14 0.00686 
   63   63    1    1    1    1    1    1    1    1  2.40188E+14 0.00737 
   64   64    1    1    1    1    1    1    1    1  1.86523E+14 0.00765 
   65   65    1    1    1    1    1    1    1    1  1.80153E+14 0.00811 
   66   66    1    1    1    1    1    1    1    1  1.52202E+14 0.00773 
   67   67    1    1    1    1    1    1    1    1  1.26549E+14 0.00781 
   68   68    1    1    1    1    1    1    1    1  1.10348E+14 0.00868 
   69   69    1    1    1    1    1    1    1    1  1.35166E+14 0.00788 
   70   70    1    1    1    1    1    1    1    1  1.15865E+14 0.00828 
   71   71    1    1    1    1    1    1    1    1  2.22701E+14 0.00846 
   72   72    1    1    1    1    1    1    1    1  1.65390E+14 0.00913 
   73   73    1    1    1    1    1    1    1    1  1.29526E+14 0.00837 
   74   74    1    1    1    1    1    1    1    1  1.04095E+14 0.00878 
   75   75    1    1    1    1    1    1    1    1  8.30709E+13 0.00911 
   76   76    1    1    1    1    1    1    1    1  9.29535E+13 0.00804 
   77   77    1    1    1    1    1    1    1    1  7.12384E+13 0.00984 
   78   78    1    1    1    1    1    1    1    1  5.31724E+13 0.00952 
   79   79    1    1    1    1    1    1    1    1  5.49757E+13 0.00861 
   80   80    1    1    1    1    1    1    1    1  4.11186E+13 0.00779 
   81   81    1    1    1    1    1    1    1    1  3.16776E+13 0.00937 
   82   82    1    1    1    1    1    1    1    1  2.45502E+13 0.01123 
   83   83    1    1    1    1    1    1    1    1  2.26638E+13 0.01057 
   84   84    1    1    1    1    1    1    1    1  1.60310E+13 0.01232 
   85   85    1    1    1    1    1    1    1    1  1.17407E+13 0.01264 
   86   86    1    1    1    1    1    1    1    1  1.12014E+13 0.01306 
   87   87    1    1    1    1    1    1    1    1  6.98227E+12 0.01077 
   88   88    1    1    1    1    1    1    1    1  4.58638E+12 0.01476 
   89   89    1    1    1    1    1    1    1    1  2.75637E+12 0.02569 
   90   90    1    1    1    1    1    1    1    1  1.85969E+12 0.02436 
   91   91    1    1    1    1    1    1    1    1  8.79601E+11 0.03627 
   92   92    1    1    1    1    1    1    1    1  4.50864E+11 0.03599 
   93   93    1    1    1    1    1    1    1    1  1.87366E+11 0.06867 
   94   94    1    1    1    1    1    1    1    1  1.07773E+11 0.08031 
   95   95    1    1    1    1    1    1    1    1  4.93105E+10 0.13707 
   96   96    1    1    1    1    1    1    1    1  2.56369E+10 0.23193 
   97   97    1    1    1    1    1    1    1    1  1.56874E+10 0.40254 
   98   98    1    1    1    1    1    1    1    1  5.46533E+09 0.37402 
   99   99    1    1    1    1    1    1    1    1  3.47780E+09 0.46268 
  100  100    1    1    1    1    1    1    1    1  5.24835E+09 0.48953 
];


