
DETdpaspec = [
    1    1    1    1    1    1    1    1    1    1  0.00000E+00 0.00000 
    2    2    1    1    1    1    1    1    1    1  0.00000E+00 0.00000 
    3    3    1    1    1    1    1    1    1    1  0.00000E+00 0.00000 
    4    4    1    1    1    1    1    1    1    1  0.00000E+00 0.00000 
    5    5    1    1    1    1    1    1    1    1  0.00000E+00 0.00000 
    6    6    1    1    1    1    1    1    1    1  0.00000E+00 0.00000 
    7    7    1    1    1    1    1    1    1    1  1.62728E+07 1.00000 
    8    8    1    1    1    1    1    1    1    1  7.56964E+07 0.73113 
    9    9    1    1    1    1    1    1    1    1  4.03283E+07 0.71977 
   10   10    1    1    1    1    1    1    1    1  7.73705E+08 0.43102 
   11   11    1    1    1    1    1    1    1    1  9.77459E+08 0.34255 
   12   12    1    1    1    1    1    1    1    1  2.21044E+08 0.45115 
   13   13    1    1    1    1    1    1    1    1  2.50265E+09 0.41247 
   14   14    1    1    1    1    1    1    1    1  8.40966E+09 0.23989 
   15   15    1    1    1    1    1    1    1    1  1.25082E+10 0.23445 
   16   16    1    1    1    1    1    1    1    1  3.57700E+09 0.23795 
   17   17    1    1    1    1    1    1    1    1  7.96767E+09 0.16901 
   18   18    1    1    1    1    1    1    1    1  3.40272E+10 0.14818 
   19   19    1    1    1    1    1    1    1    1  4.60651E+10 0.09714 
   20   20    1    1    1    1    1    1    1    1  1.03754E+11 0.07949 
   21   21    1    1    1    1    1    1    1    1  9.55860E+10 0.06355 
   22   22    1    1    1    1    1    1    1    1  2.69151E+11 0.04815 
   23   23    1    1    1    1    1    1    1    1  3.84299E+11 0.04967 
   24   24    1    1    1    1    1    1    1    1  6.45440E+11 0.03616 
   25   25    1    1    1    1    1    1    1    1  9.91213E+11 0.03451 
   26   26    1    1    1    1    1    1    1    1  1.90721E+12 0.02411 
   27   27    1    1    1    1    1    1    1    1  3.68003E+12 0.01989 
   28   28    1    1    1    1    1    1    1    1  6.66175E+12 0.01836 
   29   29    1    1    1    1    1    1    1    1  7.71435E+12 0.01636 
   30   30    1    1    1    1    1    1    1    1  1.84034E+13 0.01515 
   31   31    1    1    1    1    1    1    1    1  3.70743E+13 0.01550 
   32   32    1    1    1    1    1    1    1    1  4.82025E+13 0.01547 
   33   33    1    1    1    1    1    1    1    1  8.62638E+13 0.01576 
   34   34    1    1    1    1    1    1    1    1  8.71333E+13 0.01527 
   35   35    1    1    1    1    1    1    1    1  1.24788E+14 0.01429 
   36   36    1    1    1    1    1    1    1    1  1.06434E+14 0.01482 
   37   37    1    1    1    1    1    1    1    1  3.38580E+13 0.01426 
   38   38    1    1    1    1    1    1    1    1  1.44795E+14 0.01471 
   39   39    1    1    1    1    1    1    1    1  1.65006E+14 0.01448 
   40   40    1    1    1    1    1    1    1    1  2.62398E+14 0.01486 
   41   41    1    1    1    1    1    1    1    1  2.46887E+14 0.01498 
   42   42    1    1    1    1    1    1    1    1  4.01909E+14 0.01451 
   43   43    1    1    1    1    1    1    1    1  4.14717E+14 0.01556 
   44   44    1    1    1    1    1    1    1    1  5.09531E+14 0.01565 
   45   45    1    1    1    1    1    1    1    1  8.29958E+14 0.01538 
   46   46    1    1    1    1    1    1    1    1  4.64928E+14 0.01562 
   47   47    1    1    1    1    1    1    1    1  6.24966E+14 0.01553 
   48   48    1    1    1    1    1    1    1    1  8.61327E+14 0.01550 
   49   49    1    1    1    1    1    1    1    1  7.54785E+14 0.01574 
   50   50    1    1    1    1    1    1    1    1  1.12760E+15 0.01615 
   51   51    1    1    1    1    1    1    1    1  8.88797E+14 0.01580 
   52   52    1    1    1    1    1    1    1    1  9.67653E+14 0.01600 
   53   53    1    1    1    1    1    1    1    1  7.02811E+14 0.01628 
   54   54    1    1    1    1    1    1    1    1  8.37229E+14 0.01643 
   55   55    1    1    1    1    1    1    1    1  6.09538E+14 0.01655 
   56   56    1    1    1    1    1    1    1    1  8.52505E+13 0.01635 
   57   57    1    1    1    1    1    1    1    1  1.16306E+15 0.01605 
   58   58    1    1    1    1    1    1    1    1  4.97294E+14 0.01633 
   59   59    1    1    1    1    1    1    1    1  5.50075E+14 0.01599 
   60   60    1    1    1    1    1    1    1    1  4.39200E+14 0.01659 
   61   61    1    1    1    1    1    1    1    1  4.39375E+14 0.01661 
   62   62    1    1    1    1    1    1    1    1  4.29050E+14 0.01682 
   63   63    1    1    1    1    1    1    1    1  3.56167E+14 0.01717 
   64   64    1    1    1    1    1    1    1    1  2.77211E+14 0.01672 
   65   65    1    1    1    1    1    1    1    1  2.67321E+14 0.01675 
   66   66    1    1    1    1    1    1    1    1  2.26471E+14 0.01658 
   67   67    1    1    1    1    1    1    1    1  1.88456E+14 0.01663 
   68   68    1    1    1    1    1    1    1    1  1.64978E+14 0.01747 
   69   69    1    1    1    1    1    1    1    1  2.01330E+14 0.01701 
   70   70    1    1    1    1    1    1    1    1  1.73993E+14 0.01576 
   71   71    1    1    1    1    1    1    1    1  3.33720E+14 0.01756 
   72   72    1    1    1    1    1    1    1    1  2.49886E+14 0.01755 
   73   73    1    1    1    1    1    1    1    1  1.95738E+14 0.01644 
   74   74    1    1    1    1    1    1    1    1  1.56481E+14 0.01810 
   75   75    1    1    1    1    1    1    1    1  1.25483E+14 0.01743 
   76   76    1    1    1    1    1    1    1    1  1.40109E+14 0.01848 
   77   77    1    1    1    1    1    1    1    1  1.07304E+14 0.01739 
   78   78    1    1    1    1    1    1    1    1  8.07555E+13 0.01739 
   79   79    1    1    1    1    1    1    1    1  8.26522E+13 0.01736 
   80   80    1    1    1    1    1    1    1    1  6.13152E+13 0.01606 
   81   81    1    1    1    1    1    1    1    1  4.77620E+13 0.01653 
   82   82    1    1    1    1    1    1    1    1  3.65963E+13 0.01664 
   83   83    1    1    1    1    1    1    1    1  3.40685E+13 0.01610 
   84   84    1    1    1    1    1    1    1    1  2.45810E+13 0.01881 
   85   85    1    1    1    1    1    1    1    1  1.79538E+13 0.02148 
   86   86    1    1    1    1    1    1    1    1  1.65521E+13 0.01958 
   87   87    1    1    1    1    1    1    1    1  1.01856E+13 0.02040 
   88   88    1    1    1    1    1    1    1    1  6.89448E+12 0.02063 
   89   89    1    1    1    1    1    1    1    1  3.98387E+12 0.02250 
   90   90    1    1    1    1    1    1    1    1  2.80938E+12 0.02643 
   91   91    1    1    1    1    1    1    1    1  1.36605E+12 0.02251 
   92   92    1    1    1    1    1    1    1    1  6.86808E+11 0.03653 
   93   93    1    1    1    1    1    1    1    1  2.94075E+11 0.05613 
   94   94    1    1    1    1    1    1    1    1  1.66606E+11 0.07117 
   95   95    1    1    1    1    1    1    1    1  6.68209E+10 0.09856 
   96   96    1    1    1    1    1    1    1    1  3.09999E+10 0.15823 
   97   97    1    1    1    1    1    1    1    1  1.73022E+10 0.25271 
   98   98    1    1    1    1    1    1    1    1  1.19918E+10 0.25532 
   99   99    1    1    1    1    1    1    1    1  2.11205E+09 0.39748 
  100  100    1    1    1    1    1    1    1    1  3.47171E+09 0.45583 
];


