
DETdpaspec = [
    1    1    1    1    1    1    1    1    1    1  0.00000E+00 0.00000 
    2    2    1    1    1    1    1    1    1    1  0.00000E+00 0.00000 
    3    3    1    1    1    1    1    1    1    1  0.00000E+00 0.00000 
    4    4    1    1    1    1    1    1    1    1  0.00000E+00 0.00000 
    5    5    1    1    1    1    1    1    1    1  0.00000E+00 0.00000 
    6    6    1    1    1    1    1    1    1    1  2.39562E+07 0.68828 
    7    7    1    1    1    1    1    1    1    1  4.99933E+07 0.74685 
    8    8    1    1    1    1    1    1    1    1  5.01542E+07 0.68825 
    9    9    1    1    1    1    1    1    1    1  3.33253E+07 1.00000 
   10   10    1    1    1    1    1    1    1    1  2.48077E+08 0.61706 
   11   11    1    1    1    1    1    1    1    1  2.08194E+08 0.73795 
   12   12    1    1    1    1    1    1    1    1  2.37224E+08 0.41724 
   13   13    1    1    1    1    1    1    1    1  2.06401E+09 0.43813 
   14   14    1    1    1    1    1    1    1    1  3.76892E+09 0.53547 
   15   15    1    1    1    1    1    1    1    1  7.16262E+09 0.22654 
   16   16    1    1    1    1    1    1    1    1  4.00962E+09 0.17615 
   17   17    1    1    1    1    1    1    1    1  8.11829E+09 0.16481 
   18   18    1    1    1    1    1    1    1    1  1.53298E+10 0.18682 
   19   19    1    1    1    1    1    1    1    1  2.56230E+10 0.14081 
   20   20    1    1    1    1    1    1    1    1  7.92608E+10 0.08756 
   21   21    1    1    1    1    1    1    1    1  7.09797E+10 0.05333 
   22   22    1    1    1    1    1    1    1    1  1.72078E+11 0.06723 
   23   23    1    1    1    1    1    1    1    1  2.64814E+11 0.04595 
   24   24    1    1    1    1    1    1    1    1  4.66668E+11 0.03432 
   25   25    1    1    1    1    1    1    1    1  7.48813E+11 0.02797 
   26   26    1    1    1    1    1    1    1    1  1.35264E+12 0.02824 
   27   27    1    1    1    1    1    1    1    1  2.66090E+12 0.01936 
   28   28    1    1    1    1    1    1    1    1  4.94769E+12 0.01818 
   29   29    1    1    1    1    1    1    1    1  5.80857E+12 0.01731 
   30   30    1    1    1    1    1    1    1    1  1.40019E+13 0.01460 
   31   31    1    1    1    1    1    1    1    1  2.81989E+13 0.01258 
   32   32    1    1    1    1    1    1    1    1  3.69126E+13 0.01139 
   33   33    1    1    1    1    1    1    1    1  6.60575E+13 0.01052 
   34   34    1    1    1    1    1    1    1    1  6.67337E+13 0.01049 
   35   35    1    1    1    1    1    1    1    1  9.52498E+13 0.01094 
   36   36    1    1    1    1    1    1    1    1  8.10439E+13 0.01034 
   37   37    1    1    1    1    1    1    1    1  2.57801E+13 0.01206 
   38   38    1    1    1    1    1    1    1    1  1.11222E+14 0.01058 
   39   39    1    1    1    1    1    1    1    1  1.27012E+14 0.01116 
   40   40    1    1    1    1    1    1    1    1  2.02865E+14 0.01124 
   41   41    1    1    1    1    1    1    1    1  1.90893E+14 0.01101 
   42   42    1    1    1    1    1    1    1    1  3.10779E+14 0.01140 
   43   43    1    1    1    1    1    1    1    1  3.19169E+14 0.01078 
   44   44    1    1    1    1    1    1    1    1  3.93442E+14 0.01124 
   45   45    1    1    1    1    1    1    1    1  6.41927E+14 0.01066 
   46   46    1    1    1    1    1    1    1    1  3.58217E+14 0.01091 
   47   47    1    1    1    1    1    1    1    1  4.80530E+14 0.01062 
   48   48    1    1    1    1    1    1    1    1  6.61511E+14 0.01113 
   49   49    1    1    1    1    1    1    1    1  5.77128E+14 0.01065 
   50   50    1    1    1    1    1    1    1    1  8.61039E+14 0.01113 
   51   51    1    1    1    1    1    1    1    1  6.75991E+14 0.01122 
   52   52    1    1    1    1    1    1    1    1  7.35922E+14 0.01112 
   53   53    1    1    1    1    1    1    1    1  5.33542E+14 0.01162 
   54   54    1    1    1    1    1    1    1    1  6.34087E+14 0.01133 
   55   55    1    1    1    1    1    1    1    1  4.60391E+14 0.01113 
   56   56    1    1    1    1    1    1    1    1  6.41040E+13 0.01141 
   57   57    1    1    1    1    1    1    1    1  8.77218E+14 0.01121 
   58   58    1    1    1    1    1    1    1    1  3.74682E+14 0.01117 
   59   59    1    1    1    1    1    1    1    1  4.14430E+14 0.01157 
   60   60    1    1    1    1    1    1    1    1  3.28881E+14 0.01195 
   61   61    1    1    1    1    1    1    1    1  3.28921E+14 0.01221 
   62   62    1    1    1    1    1    1    1    1  3.22335E+14 0.01157 
   63   63    1    1    1    1    1    1    1    1  2.65665E+14 0.01161 
   64   64    1    1    1    1    1    1    1    1  2.06746E+14 0.01265 
   65   65    1    1    1    1    1    1    1    1  2.00547E+14 0.01131 
   66   66    1    1    1    1    1    1    1    1  1.68730E+14 0.01180 
   67   67    1    1    1    1    1    1    1    1  1.40769E+14 0.01230 
   68   68    1    1    1    1    1    1    1    1  1.22796E+14 0.01274 
   69   69    1    1    1    1    1    1    1    1  1.49845E+14 0.01250 
   70   70    1    1    1    1    1    1    1    1  1.29984E+14 0.01115 
   71   71    1    1    1    1    1    1    1    1  2.48664E+14 0.01316 
   72   72    1    1    1    1    1    1    1    1  1.85042E+14 0.01348 
   73   73    1    1    1    1    1    1    1    1  1.44482E+14 0.01294 
   74   74    1    1    1    1    1    1    1    1  1.16069E+14 0.01300 
   75   75    1    1    1    1    1    1    1    1  9.32738E+13 0.01351 
   76   76    1    1    1    1    1    1    1    1  1.05005E+14 0.01435 
   77   77    1    1    1    1    1    1    1    1  7.98075E+13 0.01327 
   78   78    1    1    1    1    1    1    1    1  5.99093E+13 0.01054 
   79   79    1    1    1    1    1    1    1    1  6.13176E+13 0.01280 
   80   80    1    1    1    1    1    1    1    1  4.56176E+13 0.01361 
   81   81    1    1    1    1    1    1    1    1  3.52969E+13 0.01417 
   82   82    1    1    1    1    1    1    1    1  2.68720E+13 0.01490 
   83   83    1    1    1    1    1    1    1    1  2.54077E+13 0.01463 
   84   84    1    1    1    1    1    1    1    1  1.81257E+13 0.01466 
   85   85    1    1    1    1    1    1    1    1  1.29792E+13 0.01413 
   86   86    1    1    1    1    1    1    1    1  1.24058E+13 0.01663 
   87   87    1    1    1    1    1    1    1    1  7.60683E+12 0.01485 
   88   88    1    1    1    1    1    1    1    1  5.04462E+12 0.02193 
   89   89    1    1    1    1    1    1    1    1  2.98400E+12 0.02066 
   90   90    1    1    1    1    1    1    1    1  2.04802E+12 0.02990 
   91   91    1    1    1    1    1    1    1    1  1.01845E+12 0.03530 
   92   92    1    1    1    1    1    1    1    1  4.82452E+11 0.05146 
   93   93    1    1    1    1    1    1    1    1  2.23081E+11 0.06742 
   94   94    1    1    1    1    1    1    1    1  1.22791E+11 0.07578 
   95   95    1    1    1    1    1    1    1    1  6.38900E+10 0.13527 
   96   96    1    1    1    1    1    1    1    1  2.35957E+10 0.16851 
   97   97    1    1    1    1    1    1    1    1  8.49309E+09 0.23124 
   98   98    1    1    1    1    1    1    1    1  5.24488E+09 0.32752 
   99   99    1    1    1    1    1    1    1    1  2.57795E+09 0.48892 
  100  100    1    1    1    1    1    1    1    1  8.71249E+08 1.00000 
];


