
DETdpaspec = [
    1    1    1    1    1    1    1    1    1    1  0.00000E+00 0.00000 
    2    2    1    1    1    1    1    1    1    1  0.00000E+00 0.00000 
    3    3    1    1    1    1    1    1    1    1  0.00000E+00 0.00000 
    4    4    1    1    1    1    1    1    1    1  0.00000E+00 0.00000 
    5    5    1    1    1    1    1    1    1    1  0.00000E+00 0.00000 
    6    6    1    1    1    1    1    1    1    1  1.19364E+07 1.00000 
    7    7    1    1    1    1    1    1    1    1  0.00000E+00 0.00000 
    8    8    1    1    1    1    1    1    1    1  0.00000E+00 0.00000 
    9    9    1    1    1    1    1    1    1    1  0.00000E+00 0.00000 
   10   10    1    1    1    1    1    1    1    1  1.88554E+08 0.73323 
   11   11    1    1    1    1    1    1    1    1  4.02138E+08 0.50349 
   12   12    1    1    1    1    1    1    1    1  1.50474E+08 0.52446 
   13   13    1    1    1    1    1    1    1    1  1.95149E+09 0.44897 
   14   14    1    1    1    1    1    1    1    1  8.06384E+09 0.14456 
   15   15    1    1    1    1    1    1    1    1  6.00020E+09 0.31009 
   16   16    1    1    1    1    1    1    1    1  3.29114E+09 0.22169 
   17   17    1    1    1    1    1    1    1    1  5.15848E+09 0.21892 
   18   18    1    1    1    1    1    1    1    1  1.46336E+10 0.21293 
   19   19    1    1    1    1    1    1    1    1  2.06448E+10 0.12566 
   20   20    1    1    1    1    1    1    1    1  4.54683E+10 0.08794 
   21   21    1    1    1    1    1    1    1    1  5.05718E+10 0.07109 
   22   22    1    1    1    1    1    1    1    1  1.26607E+11 0.05806 
   23   23    1    1    1    1    1    1    1    1  2.19030E+11 0.05608 
   24   24    1    1    1    1    1    1    1    1  3.86572E+11 0.04720 
   25   25    1    1    1    1    1    1    1    1  6.07948E+11 0.03809 
   26   26    1    1    1    1    1    1    1    1  1.19941E+12 0.02046 
   27   27    1    1    1    1    1    1    1    1  2.28244E+12 0.01621 
   28   28    1    1    1    1    1    1    1    1  4.46351E+12 0.01217 
   29   29    1    1    1    1    1    1    1    1  5.37236E+12 0.01167 
   30   30    1    1    1    1    1    1    1    1  1.27178E+13 0.00679 
   31   31    1    1    1    1    1    1    1    1  2.59205E+13 0.00864 
   32   32    1    1    1    1    1    1    1    1  3.37807E+13 0.00871 
   33   33    1    1    1    1    1    1    1    1  6.05515E+13 0.00766 
   34   34    1    1    1    1    1    1    1    1  6.16248E+13 0.00782 
   35   35    1    1    1    1    1    1    1    1  8.80210E+13 0.00585 
   36   36    1    1    1    1    1    1    1    1  7.51544E+13 0.00628 
   37   37    1    1    1    1    1    1    1    1  2.38803E+13 0.00652 
   38   38    1    1    1    1    1    1    1    1  1.03434E+14 0.00576 
   39   39    1    1    1    1    1    1    1    1  1.17951E+14 0.00604 
   40   40    1    1    1    1    1    1    1    1  1.87541E+14 0.00640 
   41   41    1    1    1    1    1    1    1    1  1.76325E+14 0.00575 
   42   42    1    1    1    1    1    1    1    1  2.88047E+14 0.00542 
   43   43    1    1    1    1    1    1    1    1  2.96017E+14 0.00618 
   44   44    1    1    1    1    1    1    1    1  3.64713E+14 0.00617 
   45   45    1    1    1    1    1    1    1    1  5.91831E+14 0.00552 
   46   46    1    1    1    1    1    1    1    1  3.30401E+14 0.00658 
   47   47    1    1    1    1    1    1    1    1  4.43465E+14 0.00678 
   48   48    1    1    1    1    1    1    1    1  6.08891E+14 0.00613 
   49   49    1    1    1    1    1    1    1    1  5.29597E+14 0.00663 
   50   50    1    1    1    1    1    1    1    1  7.89431E+14 0.00676 
   51   51    1    1    1    1    1    1    1    1  6.17262E+14 0.00606 
   52   52    1    1    1    1    1    1    1    1  6.73238E+14 0.00667 
   53   53    1    1    1    1    1    1    1    1  4.86582E+14 0.00620 
   54   54    1    1    1    1    1    1    1    1  5.77482E+14 0.00652 
   55   55    1    1    1    1    1    1    1    1  4.17757E+14 0.00690 
   56   56    1    1    1    1    1    1    1    1  5.84084E+13 0.00769 
   57   57    1    1    1    1    1    1    1    1  7.95910E+14 0.00688 
   58   58    1    1    1    1    1    1    1    1  3.39462E+14 0.00730 
   59   59    1    1    1    1    1    1    1    1  3.75197E+14 0.00710 
   60   60    1    1    1    1    1    1    1    1  2.96815E+14 0.00791 
   61   61    1    1    1    1    1    1    1    1  2.97336E+14 0.00710 
   62   62    1    1    1    1    1    1    1    1  2.90472E+14 0.00686 
   63   63    1    1    1    1    1    1    1    1  2.40204E+14 0.00712 
   64   64    1    1    1    1    1    1    1    1  1.86384E+14 0.00715 
   65   65    1    1    1    1    1    1    1    1  1.79758E+14 0.00771 
   66   66    1    1    1    1    1    1    1    1  1.51854E+14 0.00676 
   67   67    1    1    1    1    1    1    1    1  1.25859E+14 0.00607 
   68   68    1    1    1    1    1    1    1    1  1.10037E+14 0.00643 
   69   69    1    1    1    1    1    1    1    1  1.34063E+14 0.00760 
   70   70    1    1    1    1    1    1    1    1  1.15886E+14 0.00823 
   71   71    1    1    1    1    1    1    1    1  2.22268E+14 0.00725 
   72   72    1    1    1    1    1    1    1    1  1.65046E+14 0.00860 
   73   73    1    1    1    1    1    1    1    1  1.29153E+14 0.00840 
   74   74    1    1    1    1    1    1    1    1  1.02857E+14 0.00767 
   75   75    1    1    1    1    1    1    1    1  8.27765E+13 0.00738 
   76   76    1    1    1    1    1    1    1    1  9.34697E+13 0.00726 
   77   77    1    1    1    1    1    1    1    1  7.08508E+13 0.00767 
   78   78    1    1    1    1    1    1    1    1  5.34579E+13 0.00765 
   79   79    1    1    1    1    1    1    1    1  5.42352E+13 0.00836 
   80   80    1    1    1    1    1    1    1    1  4.07097E+13 0.00954 
   81   81    1    1    1    1    1    1    1    1  3.17105E+13 0.00849 
   82   82    1    1    1    1    1    1    1    1  2.42853E+13 0.00997 
   83   83    1    1    1    1    1    1    1    1  2.30018E+13 0.00863 
   84   84    1    1    1    1    1    1    1    1  1.60781E+13 0.01329 
   85   85    1    1    1    1    1    1    1    1  1.17661E+13 0.00993 
   86   86    1    1    1    1    1    1    1    1  1.09307E+13 0.01238 
   87   87    1    1    1    1    1    1    1    1  6.84695E+12 0.01483 
   88   88    1    1    1    1    1    1    1    1  4.61463E+12 0.02081 
   89   89    1    1    1    1    1    1    1    1  2.66143E+12 0.01863 
   90   90    1    1    1    1    1    1    1    1  1.77473E+12 0.02235 
   91   91    1    1    1    1    1    1    1    1  9.00562E+11 0.03656 
   92   92    1    1    1    1    1    1    1    1  4.26926E+11 0.04148 
   93   93    1    1    1    1    1    1    1    1  2.19711E+11 0.07122 
   94   94    1    1    1    1    1    1    1    1  1.02379E+11 0.10956 
   95   95    1    1    1    1    1    1    1    1  4.29891E+10 0.11747 
   96   96    1    1    1    1    1    1    1    1  3.14437E+10 0.23727 
   97   97    1    1    1    1    1    1    1    1  1.19054E+10 0.24963 
   98   98    1    1    1    1    1    1    1    1  3.43929E+09 0.33306 
   99   99    1    1    1    1    1    1    1    1  4.67235E+09 0.40390 
  100  100    1    1    1    1    1    1    1    1  2.16467E+09 0.57157 
];


