
DETdpaspec = [
    1    1    1    1    1    1    1    1    1    1  0.00000E+00 0.00000 
    2    2    1    1    1    1    1    1    1    1  0.00000E+00 0.00000 
    3    3    1    1    1    1    1    1    1    1  0.00000E+00 0.00000 
    4    4    1    1    1    1    1    1    1    1  0.00000E+00 0.00000 
    5    5    1    1    1    1    1    1    1    1  0.00000E+00 0.00000 
    6    6    1    1    1    1    1    1    1    1  0.00000E+00 0.00000 
    7    7    1    1    1    1    1    1    1    1  2.01254E+07 1.00000 
    8    8    1    1    1    1    1    1    1    1  4.92959E+07 0.68886 
    9    9    1    1    1    1    1    1    1    1  4.95217E+07 0.75126 
   10   10    1    1    1    1    1    1    1    1  4.31475E+08 0.57247 
   11   11    1    1    1    1    1    1    1    1  5.02181E+08 0.46433 
   12   12    1    1    1    1    1    1    1    1  5.47504E+07 0.58527 
   13   13    1    1    1    1    1    1    1    1  2.84669E+09 0.36368 
   14   14    1    1    1    1    1    1    1    1  4.39172E+09 0.28161 
   15   15    1    1    1    1    1    1    1    1  8.01668E+09 0.29509 
   16   16    1    1    1    1    1    1    1    1  3.12675E+09 0.29390 
   17   17    1    1    1    1    1    1    1    1  5.95502E+09 0.19308 
   18   18    1    1    1    1    1    1    1    1  1.84840E+10 0.15613 
   19   19    1    1    1    1    1    1    1    1  2.48086E+10 0.12775 
   20   20    1    1    1    1    1    1    1    1  6.28106E+10 0.10652 
   21   21    1    1    1    1    1    1    1    1  5.95883E+10 0.07485 
   22   22    1    1    1    1    1    1    1    1  1.72145E+11 0.07079 
   23   23    1    1    1    1    1    1    1    1  2.61811E+11 0.05462 
   24   24    1    1    1    1    1    1    1    1  4.85643E+11 0.04289 
   25   25    1    1    1    1    1    1    1    1  7.63750E+11 0.02991 
   26   26    1    1    1    1    1    1    1    1  1.51819E+12 0.02422 
   27   27    1    1    1    1    1    1    1    1  2.96155E+12 0.01495 
   28   28    1    1    1    1    1    1    1    1  5.73943E+12 0.01496 
   29   29    1    1    1    1    1    1    1    1  6.95920E+12 0.00829 
   30   30    1    1    1    1    1    1    1    1  1.66383E+13 0.00539 
   31   31    1    1    1    1    1    1    1    1  3.41427E+13 0.00583 
   32   32    1    1    1    1    1    1    1    1  4.48286E+13 0.00528 
   33   33    1    1    1    1    1    1    1    1  8.10166E+13 0.00377 
   34   34    1    1    1    1    1    1    1    1  8.24980E+13 0.00387 
   35   35    1    1    1    1    1    1    1    1  1.17436E+14 0.00383 
   36   36    1    1    1    1    1    1    1    1  1.00295E+14 0.00346 
   37   37    1    1    1    1    1    1    1    1  3.18527E+13 0.00353 
   38   38    1    1    1    1    1    1    1    1  1.38324E+14 0.00361 
   39   39    1    1    1    1    1    1    1    1  1.58114E+14 0.00353 
   40   40    1    1    1    1    1    1    1    1  2.53254E+14 0.00386 
   41   41    1    1    1    1    1    1    1    1  2.38269E+14 0.00391 
   42   42    1    1    1    1    1    1    1    1  3.90217E+14 0.00393 
   43   43    1    1    1    1    1    1    1    1  4.01647E+14 0.00325 
   44   44    1    1    1    1    1    1    1    1  4.95194E+14 0.00388 
   45   45    1    1    1    1    1    1    1    1  8.03799E+14 0.00340 
   46   46    1    1    1    1    1    1    1    1  4.48543E+14 0.00359 
   47   47    1    1    1    1    1    1    1    1  6.01785E+14 0.00347 
   48   48    1    1    1    1    1    1    1    1  8.26399E+14 0.00342 
   49   49    1    1    1    1    1    1    1    1  7.18710E+14 0.00325 
   50   50    1    1    1    1    1    1    1    1  1.07423E+15 0.00331 
   51   51    1    1    1    1    1    1    1    1  8.40248E+14 0.00369 
   52   52    1    1    1    1    1    1    1    1  9.13165E+14 0.00361 
   53   53    1    1    1    1    1    1    1    1  6.59921E+14 0.00356 
   54   54    1    1    1    1    1    1    1    1  7.84416E+14 0.00374 
   55   55    1    1    1    1    1    1    1    1  5.66229E+14 0.00358 
   56   56    1    1    1    1    1    1    1    1  7.90086E+13 0.00399 
   57   57    1    1    1    1    1    1    1    1  1.08047E+15 0.00354 
   58   58    1    1    1    1    1    1    1    1  4.60819E+14 0.00406 
   59   59    1    1    1    1    1    1    1    1  5.08431E+14 0.00355 
   60   60    1    1    1    1    1    1    1    1  4.04253E+14 0.00379 
   61   61    1    1    1    1    1    1    1    1  4.03453E+14 0.00360 
   62   62    1    1    1    1    1    1    1    1  3.94631E+14 0.00322 
   63   63    1    1    1    1    1    1    1    1  3.25240E+14 0.00332 
   64   64    1    1    1    1    1    1    1    1  2.52382E+14 0.00406 
   65   65    1    1    1    1    1    1    1    1  2.44125E+14 0.00423 
   66   66    1    1    1    1    1    1    1    1  2.06321E+14 0.00456 
   67   67    1    1    1    1    1    1    1    1  1.71116E+14 0.00391 
   68   68    1    1    1    1    1    1    1    1  1.49857E+14 0.00482 
   69   69    1    1    1    1    1    1    1    1  1.83000E+14 0.00411 
   70   70    1    1    1    1    1    1    1    1  1.57315E+14 0.00462 
   71   71    1    1    1    1    1    1    1    1  3.00472E+14 0.00331 
   72   72    1    1    1    1    1    1    1    1  2.23413E+14 0.00331 
   73   73    1    1    1    1    1    1    1    1  1.75043E+14 0.00358 
   74   74    1    1    1    1    1    1    1    1  1.40277E+14 0.00439 
   75   75    1    1    1    1    1    1    1    1  1.13149E+14 0.00504 
   76   76    1    1    1    1    1    1    1    1  1.26386E+14 0.00518 
   77   77    1    1    1    1    1    1    1    1  9.67750E+13 0.00423 
   78   78    1    1    1    1    1    1    1    1  7.25858E+13 0.00475 
   79   79    1    1    1    1    1    1    1    1  7.45033E+13 0.00683 
   80   80    1    1    1    1    1    1    1    1  5.58895E+13 0.00492 
   81   81    1    1    1    1    1    1    1    1  4.25243E+13 0.00462 
   82   82    1    1    1    1    1    1    1    1  3.31119E+13 0.00506 
   83   83    1    1    1    1    1    1    1    1  3.09491E+13 0.00696 
   84   84    1    1    1    1    1    1    1    1  2.20463E+13 0.00836 
   85   85    1    1    1    1    1    1    1    1  1.60731E+13 0.00731 
   86   86    1    1    1    1    1    1    1    1  1.50637E+13 0.00926 
   87   87    1    1    1    1    1    1    1    1  9.38581E+12 0.00751 
   88   88    1    1    1    1    1    1    1    1  6.11746E+12 0.01195 
   89   89    1    1    1    1    1    1    1    1  3.65909E+12 0.01574 
   90   90    1    1    1    1    1    1    1    1  2.43019E+12 0.02055 
   91   91    1    1    1    1    1    1    1    1  1.24671E+12 0.03090 
   92   92    1    1    1    1    1    1    1    1  6.10823E+11 0.04072 
   93   93    1    1    1    1    1    1    1    1  3.13041E+11 0.05892 
   94   94    1    1    1    1    1    1    1    1  1.54816E+11 0.08278 
   95   95    1    1    1    1    1    1    1    1  7.30937E+10 0.09812 
   96   96    1    1    1    1    1    1    1    1  3.23713E+10 0.20898 
   97   97    1    1    1    1    1    1    1    1  9.98157E+09 0.25281 
   98   98    1    1    1    1    1    1    1    1  6.26752E+09 0.31981 
   99   99    1    1    1    1    1    1    1    1  2.56611E+09 0.72982 
  100  100    1    1    1    1    1    1    1    1  5.49649E+09 0.60197 
];


