
DETdpaspec = [
    1    1    1    1    1    1    1    1    1    1  0.00000E+00 0.00000 
    2    2    1    1    1    1    1    1    1    1  0.00000E+00 0.00000 
    3    3    1    1    1    1    1    1    1    1  0.00000E+00 0.00000 
    4    4    1    1    1    1    1    1    1    1  0.00000E+00 0.00000 
    5    5    1    1    1    1    1    1    1    1  0.00000E+00 0.00000 
    6    6    1    1    1    1    1    1    1    1  2.81344E+07 0.68942 
    7    7    1    1    1    1    1    1    1    1  4.00074E+07 0.69884 
    8    8    1    1    1    1    1    1    1    1  6.65949E+07 0.55439 
    9    9    1    1    1    1    1    1    1    1  1.41882E+08 0.47568 
   10   10    1    1    1    1    1    1    1    1  3.96546E+08 0.45277 
   11   11    1    1    1    1    1    1    1    1  3.74254E+08 0.42690 
   12   12    1    1    1    1    1    1    1    1  2.66849E+08 0.42509 
   13   13    1    1    1    1    1    1    1    1  5.08512E+09 0.21978 
   14   14    1    1    1    1    1    1    1    1  9.04963E+09 0.21707 
   15   15    1    1    1    1    1    1    1    1  1.21217E+10 0.26144 
   16   16    1    1    1    1    1    1    1    1  6.77539E+09 0.19465 
   17   17    1    1    1    1    1    1    1    1  1.03322E+10 0.16715 
   18   18    1    1    1    1    1    1    1    1  4.12326E+10 0.10100 
   19   19    1    1    1    1    1    1    1    1  4.56384E+10 0.07371 
   20   20    1    1    1    1    1    1    1    1  1.17770E+11 0.07150 
   21   21    1    1    1    1    1    1    1    1  1.03099E+11 0.07599 
   22   22    1    1    1    1    1    1    1    1  3.15777E+11 0.03156 
   23   23    1    1    1    1    1    1    1    1  6.52232E+11 0.02321 
   24   24    1    1    1    1    1    1    1    1  1.37993E+12 0.01740 
   25   25    1    1    1    1    1    1    1    1  2.22197E+12 0.01305 
   26   26    1    1    1    1    1    1    1    1  4.69339E+12 0.01094 
   27   27    1    1    1    1    1    1    1    1  9.46048E+12 0.00820 
   28   28    1    1    1    1    1    1    1    1  1.96816E+13 0.00531 
   29   29    1    1    1    1    1    1    1    1  2.56555E+13 0.00560 
   30   30    1    1    1    1    1    1    1    1  5.73771E+13 0.00515 
   31   31    1    1    1    1    1    1    1    1  1.19542E+14 0.00258 
   32   32    1    1    1    1    1    1    1    1  1.59469E+14 0.00313 
   33   33    1    1    1    1    1    1    1    1  2.92040E+14 0.00247 
   34   34    1    1    1    1    1    1    1    1  3.08922E+14 0.00218 
   35   35    1    1    1    1    1    1    1    1  4.25230E+14 0.00183 
   36   36    1    1    1    1    1    1    1    1  3.64130E+14 0.00177 
   37   37    1    1    1    1    1    1    1    1  1.14741E+14 0.00187 
   38   38    1    1    1    1    1    1    1    1  5.09420E+14 0.00176 
   39   39    1    1    1    1    1    1    1    1  5.85953E+14 0.00140 
   40   40    1    1    1    1    1    1    1    1  9.55591E+14 0.00166 
   41   41    1    1    1    1    1    1    1    1  8.94235E+14 0.00171 
   42   42    1    1    1    1    1    1    1    1  1.49124E+15 0.00124 
   43   43    1    1    1    1    1    1    1    1  1.54655E+15 0.00135 
   44   44    1    1    1    1    1    1    1    1  1.92430E+15 0.00115 
   45   45    1    1    1    1    1    1    1    1  3.18027E+15 0.00136 
   46   46    1    1    1    1    1    1    1    1  1.79790E+15 0.00130 
   47   47    1    1    1    1    1    1    1    1  2.40604E+15 0.00128 
   48   48    1    1    1    1    1    1    1    1  3.34787E+15 0.00165 
   49   49    1    1    1    1    1    1    1    1  2.91363E+15 0.00163 
   50   50    1    1    1    1    1    1    1    1  4.42392E+15 0.00159 
   51   51    1    1    1    1    1    1    1    1  3.46233E+15 0.00145 
   52   52    1    1    1    1    1    1    1    1  3.82666E+15 0.00167 
   53   53    1    1    1    1    1    1    1    1  2.77328E+15 0.00159 
   54   54    1    1    1    1    1    1    1    1  3.33948E+15 0.00169 
   55   55    1    1    1    1    1    1    1    1  2.42175E+15 0.00187 
   56   56    1    1    1    1    1    1    1    1  3.37761E+14 0.00206 
   57   57    1    1    1    1    1    1    1    1  4.63543E+15 0.00177 
   58   58    1    1    1    1    1    1    1    1  2.01349E+15 0.00177 
   59   59    1    1    1    1    1    1    1    1  2.22093E+15 0.00181 
   60   60    1    1    1    1    1    1    1    1  1.78935E+15 0.00171 
   61   61    1    1    1    1    1    1    1    1  1.79097E+15 0.00205 
   62   62    1    1    1    1    1    1    1    1  1.76162E+15 0.00200 
   63   63    1    1    1    1    1    1    1    1  1.46440E+15 0.00170 
   64   64    1    1    1    1    1    1    1    1  1.14529E+15 0.00199 
   65   65    1    1    1    1    1    1    1    1  1.10677E+15 0.00205 
   66   66    1    1    1    1    1    1    1    1  9.39553E+14 0.00229 
   67   67    1    1    1    1    1    1    1    1  7.79514E+14 0.00222 
   68   68    1    1    1    1    1    1    1    1  6.80310E+14 0.00203 
   69   69    1    1    1    1    1    1    1    1  8.32959E+14 0.00197 
   70   70    1    1    1    1    1    1    1    1  7.18536E+14 0.00201 
   71   71    1    1    1    1    1    1    1    1  1.36576E+15 0.00219 
   72   72    1    1    1    1    1    1    1    1  1.01698E+15 0.00207 
   73   73    1    1    1    1    1    1    1    1  7.96979E+14 0.00222 
   74   74    1    1    1    1    1    1    1    1  6.46431E+14 0.00190 
   75   75    1    1    1    1    1    1    1    1  5.26761E+14 0.00221 
   76   76    1    1    1    1    1    1    1    1  5.96400E+14 0.00232 
   77   77    1    1    1    1    1    1    1    1  4.61579E+14 0.00199 
   78   78    1    1    1    1    1    1    1    1  3.47368E+14 0.00220 
   79   79    1    1    1    1    1    1    1    1  3.58997E+14 0.00262 
   80   80    1    1    1    1    1    1    1    1  2.68895E+14 0.00276 
   81   81    1    1    1    1    1    1    1    1  2.08246E+14 0.00291 
   82   82    1    1    1    1    1    1    1    1  1.61380E+14 0.00243 
   83   83    1    1    1    1    1    1    1    1  1.50272E+14 0.00336 
   84   84    1    1    1    1    1    1    1    1  1.07778E+14 0.00370 
   85   85    1    1    1    1    1    1    1    1  7.77644E+13 0.00417 
   86   86    1    1    1    1    1    1    1    1  7.24624E+13 0.00330 
   87   87    1    1    1    1    1    1    1    1  4.51800E+13 0.00410 
   88   88    1    1    1    1    1    1    1    1  3.04771E+13 0.00632 
   89   89    1    1    1    1    1    1    1    1  1.73514E+13 0.00823 
   90   90    1    1    1    1    1    1    1    1  1.16542E+13 0.00863 
   91   91    1    1    1    1    1    1    1    1  6.04502E+12 0.01238 
   92   92    1    1    1    1    1    1    1    1  2.81064E+12 0.01876 
   93   93    1    1    1    1    1    1    1    1  1.40268E+12 0.02039 
   94   94    1    1    1    1    1    1    1    1  6.98267E+11 0.03496 
   95   95    1    1    1    1    1    1    1    1  3.29408E+11 0.05427 
   96   96    1    1    1    1    1    1    1    1  1.57972E+11 0.07311 
   97   97    1    1    1    1    1    1    1    1  9.11601E+10 0.11181 
   98   98    1    1    1    1    1    1    1    1  3.45944E+10 0.18912 
   99   99    1    1    1    1    1    1    1    1  1.68998E+10 0.20030 
  100  100    1    1    1    1    1    1    1    1  1.88429E+10 0.17454 
];


