
DETdpaspec = [
    1    1    1    1    1    1    1    1    1    1  0.00000E+00 0.00000 
    2    2    1    1    1    1    1    1    1    1  0.00000E+00 0.00000 
    3    3    1    1    1    1    1    1    1    1  0.00000E+00 0.00000 
    4    4    1    1    1    1    1    1    1    1  0.00000E+00 0.00000 
    5    5    1    1    1    1    1    1    1    1  0.00000E+00 0.00000 
    6    6    1    1    1    1    1    1    1    1  1.39357E+07 1.00000 
    7    7    1    1    1    1    1    1    1    1  4.17478E+07 0.68876 
    8    8    1    1    1    1    1    1    1    1  1.17800E+08 0.63120 
    9    9    1    1    1    1    1    1    1    1  3.02664E+07 0.68890 
   10   10    1    1    1    1    1    1    1    1  3.57439E+08 0.54696 
   11   11    1    1    1    1    1    1    1    1  2.45918E+08 0.58979 
   12   12    1    1    1    1    1    1    1    1  3.14906E+08 0.45225 
   13   13    1    1    1    1    1    1    1    1  3.37909E+09 0.28707 
   14   14    1    1    1    1    1    1    1    1  9.88968E+09 0.21589 
   15   15    1    1    1    1    1    1    1    1  6.56588E+09 0.32148 
   16   16    1    1    1    1    1    1    1    1  3.52908E+09 0.20533 
   17   17    1    1    1    1    1    1    1    1  9.10792E+09 0.23917 
   18   18    1    1    1    1    1    1    1    1  2.67756E+10 0.12258 
   19   19    1    1    1    1    1    1    1    1  2.86623E+10 0.10028 
   20   20    1    1    1    1    1    1    1    1  7.69821E+10 0.08824 
   21   21    1    1    1    1    1    1    1    1  7.80655E+10 0.05500 
   22   22    1    1    1    1    1    1    1    1  2.06538E+11 0.04740 
   23   23    1    1    1    1    1    1    1    1  3.57217E+11 0.04062 
   24   24    1    1    1    1    1    1    1    1  7.03944E+11 0.03263 
   25   25    1    1    1    1    1    1    1    1  1.01987E+12 0.02682 
   26   26    1    1    1    1    1    1    1    1  2.18099E+12 0.01605 
   27   27    1    1    1    1    1    1    1    1  4.25275E+12 0.01193 
   28   28    1    1    1    1    1    1    1    1  8.50518E+12 0.00985 
   29   29    1    1    1    1    1    1    1    1  1.06060E+13 0.00995 
   30   30    1    1    1    1    1    1    1    1  2.47392E+13 0.00741 
   31   31    1    1    1    1    1    1    1    1  5.13391E+13 0.00257 
   32   32    1    1    1    1    1    1    1    1  6.80699E+13 0.00324 
   33   33    1    1    1    1    1    1    1    1  1.22816E+14 0.00316 
   34   34    1    1    1    1    1    1    1    1  1.26394E+14 0.00335 
   35   35    1    1    1    1    1    1    1    1  1.78463E+14 0.00248 
   36   36    1    1    1    1    1    1    1    1  1.52377E+14 0.00273 
   37   37    1    1    1    1    1    1    1    1  4.84359E+13 0.00296 
   38   38    1    1    1    1    1    1    1    1  2.11092E+14 0.00272 
   39   39    1    1    1    1    1    1    1    1  2.42343E+14 0.00242 
   40   40    1    1    1    1    1    1    1    1  3.88416E+14 0.00272 
   41   41    1    1    1    1    1    1    1    1  3.65454E+14 0.00235 
   42   42    1    1    1    1    1    1    1    1  6.01837E+14 0.00200 
   43   43    1    1    1    1    1    1    1    1  6.21891E+14 0.00174 
   44   44    1    1    1    1    1    1    1    1  7.66653E+14 0.00191 
   45   45    1    1    1    1    1    1    1    1  1.25227E+15 0.00176 
   46   46    1    1    1    1    1    1    1    1  7.00388E+14 0.00185 
   47   47    1    1    1    1    1    1    1    1  9.39250E+14 0.00184 
   48   48    1    1    1    1    1    1    1    1  1.29282E+15 0.00143 
   49   49    1    1    1    1    1    1    1    1  1.12645E+15 0.00166 
   50   50    1    1    1    1    1    1    1    1  1.68783E+15 0.00171 
   51   51    1    1    1    1    1    1    1    1  1.31825E+15 0.00155 
   52   52    1    1    1    1    1    1    1    1  1.44321E+15 0.00181 
   53   53    1    1    1    1    1    1    1    1  1.04020E+15 0.00172 
   54   54    1    1    1    1    1    1    1    1  1.23949E+15 0.00213 
   55   55    1    1    1    1    1    1    1    1  8.97033E+14 0.00200 
   56   56    1    1    1    1    1    1    1    1  1.24921E+14 0.00249 
   57   57    1    1    1    1    1    1    1    1  1.70797E+15 0.00231 
   58   58    1    1    1    1    1    1    1    1  7.32457E+14 0.00217 
   59   59    1    1    1    1    1    1    1    1  8.08203E+14 0.00219 
   60   60    1    1    1    1    1    1    1    1  6.44081E+14 0.00231 
   61   61    1    1    1    1    1    1    1    1  6.42553E+14 0.00239 
   62   62    1    1    1    1    1    1    1    1  6.30105E+14 0.00283 
   63   63    1    1    1    1    1    1    1    1  5.20780E+14 0.00202 
   64   64    1    1    1    1    1    1    1    1  4.05915E+14 0.00256 
   65   65    1    1    1    1    1    1    1    1  3.91482E+14 0.00233 
   66   66    1    1    1    1    1    1    1    1  3.29806E+14 0.00344 
   67   67    1    1    1    1    1    1    1    1  2.74055E+14 0.00267 
   68   68    1    1    1    1    1    1    1    1  2.39592E+14 0.00278 
   69   69    1    1    1    1    1    1    1    1  2.91891E+14 0.00262 
   70   70    1    1    1    1    1    1    1    1  2.51982E+14 0.00281 
   71   71    1    1    1    1    1    1    1    1  4.81605E+14 0.00257 
   72   72    1    1    1    1    1    1    1    1  3.59217E+14 0.00240 
   73   73    1    1    1    1    1    1    1    1  2.80486E+14 0.00281 
   74   74    1    1    1    1    1    1    1    1  2.25756E+14 0.00267 
   75   75    1    1    1    1    1    1    1    1  1.81827E+14 0.00231 
   76   76    1    1    1    1    1    1    1    1  2.03558E+14 0.00196 
   77   77    1    1    1    1    1    1    1    1  1.56336E+14 0.00363 
   78   78    1    1    1    1    1    1    1    1  1.17236E+14 0.00414 
   79   79    1    1    1    1    1    1    1    1  1.20761E+14 0.00444 
   80   80    1    1    1    1    1    1    1    1  8.94350E+13 0.00400 
   81   81    1    1    1    1    1    1    1    1  6.89695E+13 0.00537 
   82   82    1    1    1    1    1    1    1    1  5.35092E+13 0.00311 
   83   83    1    1    1    1    1    1    1    1  5.02592E+13 0.00628 
   84   84    1    1    1    1    1    1    1    1  3.62752E+13 0.00510 
   85   85    1    1    1    1    1    1    1    1  2.59386E+13 0.00618 
   86   86    1    1    1    1    1    1    1    1  2.44681E+13 0.00775 
   87   87    1    1    1    1    1    1    1    1  1.50632E+13 0.00853 
   88   88    1    1    1    1    1    1    1    1  1.04825E+13 0.01153 
   89   89    1    1    1    1    1    1    1    1  5.84157E+12 0.01165 
   90   90    1    1    1    1    1    1    1    1  3.94625E+12 0.01112 
   91   91    1    1    1    1    1    1    1    1  1.96613E+12 0.02026 
   92   92    1    1    1    1    1    1    1    1  9.74059E+11 0.03388 
   93   93    1    1    1    1    1    1    1    1  4.79742E+11 0.04456 
   94   94    1    1    1    1    1    1    1    1  2.61894E+11 0.05648 
   95   95    1    1    1    1    1    1    1    1  1.23728E+11 0.08147 
   96   96    1    1    1    1    1    1    1    1  6.35159E+10 0.12323 
   97   97    1    1    1    1    1    1    1    1  2.94445E+10 0.12986 
   98   98    1    1    1    1    1    1    1    1  1.73403E+10 0.19645 
   99   99    1    1    1    1    1    1    1    1  5.84300E+09 0.31271 
  100  100    1    1    1    1    1    1    1    1  7.97594E+09 0.34582 
];


