
DETdpaspec = [
    1    1    1    1    1    1    1    1    1    1  0.00000E+00 0.00000 
    2    2    1    1    1    1    1    1    1    1  0.00000E+00 0.00000 
    3    3    1    1    1    1    1    1    1    1  0.00000E+00 0.00000 
    4    4    1    1    1    1    1    1    1    1  0.00000E+00 0.00000 
    5    5    1    1    1    1    1    1    1    1  1.28655E+07 1.00000 
    6    6    1    1    1    1    1    1    1    1  2.45669E+07 1.00000 
    7    7    1    1    1    1    1    1    1    1  0.00000E+00 0.00000 
    8    8    1    1    1    1    1    1    1    1  4.39447E+07 0.69482 
    9    9    1    1    1    1    1    1    1    1  1.23753E+08 0.58273 
   10   10    1    1    1    1    1    1    1    1  0.00000E+00 0.00000 
   11   11    1    1    1    1    1    1    1    1  1.33722E+08 1.00000 
   12   12    1    1    1    1    1    1    1    1  1.57238E+08 0.42459 
   13   13    1    1    1    1    1    1    1    1  2.60791E+09 0.31279 
   14   14    1    1    1    1    1    1    1    1  3.08108E+09 0.31082 
   15   15    1    1    1    1    1    1    1    1  7.15381E+09 0.32290 
   16   16    1    1    1    1    1    1    1    1  1.67340E+09 0.27657 
   17   17    1    1    1    1    1    1    1    1  5.93762E+09 0.20716 
   18   18    1    1    1    1    1    1    1    1  1.84274E+10 0.20981 
   19   19    1    1    1    1    1    1    1    1  2.13736E+10 0.12605 
   20   20    1    1    1    1    1    1    1    1  5.14020E+10 0.12655 
   21   21    1    1    1    1    1    1    1    1  5.31953E+10 0.07616 
   22   22    1    1    1    1    1    1    1    1  1.57090E+11 0.07764 
   23   23    1    1    1    1    1    1    1    1  2.51075E+11 0.05342 
   24   24    1    1    1    1    1    1    1    1  4.79521E+11 0.03647 
   25   25    1    1    1    1    1    1    1    1  7.50111E+11 0.02291 
   26   26    1    1    1    1    1    1    1    1  1.50170E+12 0.02278 
   27   27    1    1    1    1    1    1    1    1  2.83531E+12 0.01578 
   28   28    1    1    1    1    1    1    1    1  5.49420E+12 0.01089 
   29   29    1    1    1    1    1    1    1    1  6.58577E+12 0.01221 
   30   30    1    1    1    1    1    1    1    1  1.58484E+13 0.00785 
   31   31    1    1    1    1    1    1    1    1  3.22543E+13 0.00743 
   32   32    1    1    1    1    1    1    1    1  4.23430E+13 0.00619 
   33   33    1    1    1    1    1    1    1    1  7.65824E+13 0.00636 
   34   34    1    1    1    1    1    1    1    1  7.80938E+13 0.00608 
   35   35    1    1    1    1    1    1    1    1  1.11085E+14 0.00529 
   36   36    1    1    1    1    1    1    1    1  9.46301E+13 0.00445 
   37   37    1    1    1    1    1    1    1    1  3.00242E+13 0.00534 
   38   38    1    1    1    1    1    1    1    1  1.30309E+14 0.00485 
   39   39    1    1    1    1    1    1    1    1  1.49513E+14 0.00489 
   40   40    1    1    1    1    1    1    1    1  2.38968E+14 0.00452 
   41   41    1    1    1    1    1    1    1    1  2.24936E+14 0.00474 
   42   42    1    1    1    1    1    1    1    1  3.69398E+14 0.00528 
   43   43    1    1    1    1    1    1    1    1  3.79005E+14 0.00475 
   44   44    1    1    1    1    1    1    1    1  4.67862E+14 0.00469 
   45   45    1    1    1    1    1    1    1    1  7.61420E+14 0.00465 
   46   46    1    1    1    1    1    1    1    1  4.23821E+14 0.00464 
   47   47    1    1    1    1    1    1    1    1  5.68052E+14 0.00498 
   48   48    1    1    1    1    1    1    1    1  7.81714E+14 0.00518 
   49   49    1    1    1    1    1    1    1    1  6.79676E+14 0.00518 
   50   50    1    1    1    1    1    1    1    1  1.01510E+15 0.00473 
   51   51    1    1    1    1    1    1    1    1  7.94504E+14 0.00488 
   52   52    1    1    1    1    1    1    1    1  8.64307E+14 0.00539 
   53   53    1    1    1    1    1    1    1    1  6.23185E+14 0.00509 
   54   54    1    1    1    1    1    1    1    1  7.40653E+14 0.00492 
   55   55    1    1    1    1    1    1    1    1  5.36485E+14 0.00534 
   56   56    1    1    1    1    1    1    1    1  7.47560E+13 0.00551 
   57   57    1    1    1    1    1    1    1    1  1.02213E+15 0.00482 
   58   58    1    1    1    1    1    1    1    1  4.36004E+14 0.00543 
   59   59    1    1    1    1    1    1    1    1  4.80548E+14 0.00561 
   60   60    1    1    1    1    1    1    1    1  3.82151E+14 0.00578 
   61   61    1    1    1    1    1    1    1    1  3.81915E+14 0.00557 
   62   62    1    1    1    1    1    1    1    1  3.72442E+14 0.00541 
   63   63    1    1    1    1    1    1    1    1  3.08218E+14 0.00625 
   64   64    1    1    1    1    1    1    1    1  2.38990E+14 0.00670 
   65   65    1    1    1    1    1    1    1    1  2.30661E+14 0.00588 
   66   66    1    1    1    1    1    1    1    1  1.94550E+14 0.00558 
   67   67    1    1    1    1    1    1    1    1  1.61507E+14 0.00549 
   68   68    1    1    1    1    1    1    1    1  1.41130E+14 0.00514 
   69   69    1    1    1    1    1    1    1    1  1.71912E+14 0.00659 
   70   70    1    1    1    1    1    1    1    1  1.48383E+14 0.00638 
   71   71    1    1    1    1    1    1    1    1  2.83058E+14 0.00656 
   72   72    1    1    1    1    1    1    1    1  2.11225E+14 0.00686 
   73   73    1    1    1    1    1    1    1    1  1.64923E+14 0.00611 
   74   74    1    1    1    1    1    1    1    1  1.32367E+14 0.00612 
   75   75    1    1    1    1    1    1    1    1  1.06579E+14 0.00619 
   76   76    1    1    1    1    1    1    1    1  1.19917E+14 0.00637 
   77   77    1    1    1    1    1    1    1    1  9.13059E+13 0.00745 
   78   78    1    1    1    1    1    1    1    1  6.86734E+13 0.00679 
   79   79    1    1    1    1    1    1    1    1  7.01586E+13 0.00608 
   80   80    1    1    1    1    1    1    1    1  5.27915E+13 0.00731 
   81   81    1    1    1    1    1    1    1    1  4.05868E+13 0.00748 
   82   82    1    1    1    1    1    1    1    1  3.12968E+13 0.00880 
   83   83    1    1    1    1    1    1    1    1  2.94813E+13 0.01061 
   84   84    1    1    1    1    1    1    1    1  2.06686E+13 0.00956 
   85   85    1    1    1    1    1    1    1    1  1.47877E+13 0.00941 
   86   86    1    1    1    1    1    1    1    1  1.42445E+13 0.01275 
   87   87    1    1    1    1    1    1    1    1  8.84557E+12 0.01034 
   88   88    1    1    1    1    1    1    1    1  5.91142E+12 0.01326 
   89   89    1    1    1    1    1    1    1    1  3.41950E+12 0.01968 
   90   90    1    1    1    1    1    1    1    1  2.31649E+12 0.02380 
   91   91    1    1    1    1    1    1    1    1  1.20577E+12 0.02374 
   92   92    1    1    1    1    1    1    1    1  5.51107E+11 0.03820 
   93   93    1    1    1    1    1    1    1    1  2.79952E+11 0.04703 
   94   94    1    1    1    1    1    1    1    1  1.40012E+11 0.06595 
   95   95    1    1    1    1    1    1    1    1  5.78739E+10 0.09790 
   96   96    1    1    1    1    1    1    1    1  3.51652E+10 0.17023 
   97   97    1    1    1    1    1    1    1    1  1.76530E+10 0.28087 
   98   98    1    1    1    1    1    1    1    1  7.60799E+09 0.38721 
   99   99    1    1    1    1    1    1    1    1  1.25326E+09 0.54637 
  100  100    1    1    1    1    1    1    1    1  1.30272E+09 0.54624 
];


