
DETdpaspec = [
    1    1    1    1    1    1    1    1    1    1  0.00000E+00 0.00000 
    2    2    1    1    1    1    1    1    1    1  0.00000E+00 0.00000 
    3    3    1    1    1    1    1    1    1    1  0.00000E+00 0.00000 
    4    4    1    1    1    1    1    1    1    1  0.00000E+00 0.00000 
    5    5    1    1    1    1    1    1    1    1  1.55202E+07 1.00000 
    6    6    1    1    1    1    1    1    1    1  0.00000E+00 0.00000 
    7    7    1    1    1    1    1    1    1    1  2.57680E+07 1.00000 
    8    8    1    1    1    1    1    1    1    1  5.08603E+07 0.68856 
    9    9    1    1    1    1    1    1    1    1  1.34488E+07 1.00000 
   10   10    1    1    1    1    1    1    1    1  1.16368E+08 0.68899 
   11   11    1    1    1    1    1    1    1    1  1.03480E+09 0.71699 
   12   12    1    1    1    1    1    1    1    1  3.79643E+08 0.31783 
   13   13    1    1    1    1    1    1    1    1  7.28351E+09 0.24549 
   14   14    1    1    1    1    1    1    1    1  1.13085E+10 0.20509 
   15   15    1    1    1    1    1    1    1    1  1.03181E+10 0.28314 
   16   16    1    1    1    1    1    1    1    1  8.65808E+09 0.23941 
   17   17    1    1    1    1    1    1    1    1  1.13935E+10 0.19368 
   18   18    1    1    1    1    1    1    1    1  3.97629E+10 0.13653 
   19   19    1    1    1    1    1    1    1    1  5.15172E+10 0.07692 
   20   20    1    1    1    1    1    1    1    1  1.11299E+11 0.06004 
   21   21    1    1    1    1    1    1    1    1  1.15684E+11 0.06333 
   22   22    1    1    1    1    1    1    1    1  3.14866E+11 0.05025 
   23   23    1    1    1    1    1    1    1    1  6.65240E+11 0.02478 
   24   24    1    1    1    1    1    1    1    1  1.51138E+12 0.02196 
   25   25    1    1    1    1    1    1    1    1  2.56091E+12 0.01452 
   26   26    1    1    1    1    1    1    1    1  5.59605E+12 0.00996 
   27   27    1    1    1    1    1    1    1    1  1.11836E+13 0.01014 
   28   28    1    1    1    1    1    1    1    1  2.36795E+13 0.00626 
   29   29    1    1    1    1    1    1    1    1  3.16023E+13 0.00503 
   30   30    1    1    1    1    1    1    1    1  6.84785E+13 0.00407 
   31   31    1    1    1    1    1    1    1    1  1.42348E+14 0.00320 
   32   32    1    1    1    1    1    1    1    1  1.90054E+14 0.00254 
   33   33    1    1    1    1    1    1    1    1  3.48011E+14 0.00176 
   34   34    1    1    1    1    1    1    1    1  3.70437E+14 0.00163 
   35   35    1    1    1    1    1    1    1    1  5.02820E+14 0.00139 
   36   36    1    1    1    1    1    1    1    1  4.29558E+14 0.00125 
   37   37    1    1    1    1    1    1    1    1  1.34617E+14 0.00109 
   38   38    1    1    1    1    1    1    1    1  6.01071E+14 0.00111 
   39   39    1    1    1    1    1    1    1    1  6.90964E+14 0.00090 
   40   40    1    1    1    1    1    1    1    1  1.13115E+15 0.00088 
   41   41    1    1    1    1    1    1    1    1  1.05424E+15 0.00093 
   42   42    1    1    1    1    1    1    1    1  1.76813E+15 0.00102 
   43   43    1    1    1    1    1    1    1    1  1.83630E+15 0.00113 
   44   44    1    1    1    1    1    1    1    1  2.29130E+15 0.00083 
   45   45    1    1    1    1    1    1    1    1  3.79207E+15 0.00073 
   46   46    1    1    1    1    1    1    1    1  2.15137E+15 0.00109 
   47   47    1    1    1    1    1    1    1    1  2.87390E+15 0.00094 
   48   48    1    1    1    1    1    1    1    1  4.01037E+15 0.00073 
   49   49    1    1    1    1    1    1    1    1  3.48406E+15 0.00068 
   50   50    1    1    1    1    1    1    1    1  5.31947E+15 0.00070 
   51   51    1    1    1    1    1    1    1    1  4.16223E+15 0.00082 
   52   52    1    1    1    1    1    1    1    1  4.61864E+15 0.00086 
   53   53    1    1    1    1    1    1    1    1  3.34981E+15 0.00090 
   54   54    1    1    1    1    1    1    1    1  4.05060E+15 0.00087 
   55   55    1    1    1    1    1    1    1    1  2.94019E+15 0.00086 
   56   56    1    1    1    1    1    1    1    1  4.09713E+14 0.00104 
   57   57    1    1    1    1    1    1    1    1  5.63036E+15 0.00089 
   58   58    1    1    1    1    1    1    1    1  2.45765E+15 0.00100 
   59   59    1    1    1    1    1    1    1    1  2.70808E+15 0.00089 
   60   60    1    1    1    1    1    1    1    1  2.19279E+15 0.00096 
   61   61    1    1    1    1    1    1    1    1  2.19808E+15 0.00098 
   62   62    1    1    1    1    1    1    1    1  2.16130E+15 0.00088 
   63   63    1    1    1    1    1    1    1    1  1.80209E+15 0.00110 
   64   64    1    1    1    1    1    1    1    1  1.41144E+15 0.00130 
   65   65    1    1    1    1    1    1    1    1  1.36451E+15 0.00093 
   66   66    1    1    1    1    1    1    1    1  1.16041E+15 0.00140 
   67   67    1    1    1    1    1    1    1    1  9.62544E+14 0.00118 
   68   68    1    1    1    1    1    1    1    1  8.40913E+14 0.00180 
   69   69    1    1    1    1    1    1    1    1  1.03208E+15 0.00128 
   70   70    1    1    1    1    1    1    1    1  8.89673E+14 0.00156 
   71   71    1    1    1    1    1    1    1    1  1.68440E+15 0.00123 
   72   72    1    1    1    1    1    1    1    1  1.25085E+15 0.00126 
   73   73    1    1    1    1    1    1    1    1  9.84854E+14 0.00137 
   74   74    1    1    1    1    1    1    1    1  8.01139E+14 0.00155 
   75   75    1    1    1    1    1    1    1    1  6.51655E+14 0.00147 
   76   76    1    1    1    1    1    1    1    1  7.41607E+14 0.00111 
   77   77    1    1    1    1    1    1    1    1  5.76687E+14 0.00153 
   78   78    1    1    1    1    1    1    1    1  4.36701E+14 0.00203 
   79   79    1    1    1    1    1    1    1    1  4.51582E+14 0.00134 
   80   80    1    1    1    1    1    1    1    1  3.38704E+14 0.00187 
   81   81    1    1    1    1    1    1    1    1  2.62429E+14 0.00155 
   82   82    1    1    1    1    1    1    1    1  2.02723E+14 0.00197 
   83   83    1    1    1    1    1    1    1    1  1.89072E+14 0.00236 
   84   84    1    1    1    1    1    1    1    1  1.35844E+14 0.00219 
   85   85    1    1    1    1    1    1    1    1  9.84986E+13 0.00307 
   86   86    1    1    1    1    1    1    1    1  9.18687E+13 0.00321 
   87   87    1    1    1    1    1    1    1    1  5.70253E+13 0.00391 
   88   88    1    1    1    1    1    1    1    1  3.86498E+13 0.00512 
   89   89    1    1    1    1    1    1    1    1  2.20733E+13 0.00575 
   90   90    1    1    1    1    1    1    1    1  1.49502E+13 0.00644 
   91   91    1    1    1    1    1    1    1    1  7.49821E+12 0.01357 
   92   92    1    1    1    1    1    1    1    1  3.73750E+12 0.02214 
   93   93    1    1    1    1    1    1    1    1  1.74224E+12 0.02162 
   94   94    1    1    1    1    1    1    1    1  8.54508E+11 0.03514 
   95   95    1    1    1    1    1    1    1    1  4.31736E+11 0.03467 
   96   96    1    1    1    1    1    1    1    1  1.83223E+11 0.06178 
   97   97    1    1    1    1    1    1    1    1  9.99370E+10 0.08922 
   98   98    1    1    1    1    1    1    1    1  5.23054E+10 0.10942 
   99   99    1    1    1    1    1    1    1    1  2.46768E+10 0.12831 
  100  100    1    1    1    1    1    1    1    1  1.56454E+10 0.25781 
];


