
DETdpaspec = [
    1    1    1    1    1    1    1    1    1    1  0.00000E+00 0.00000 
    2    2    1    1    1    1    1    1    1    1  0.00000E+00 0.00000 
    3    3    1    1    1    1    1    1    1    1  0.00000E+00 0.00000 
    4    4    1    1    1    1    1    1    1    1  0.00000E+00 0.00000 
    5    5    1    1    1    1    1    1    1    1  0.00000E+00 0.00000 
    6    6    1    1    1    1    1    1    1    1  2.80899E+07 0.68875 
    7    7    1    1    1    1    1    1    1    1  2.55173E+07 1.00000 
    8    8    1    1    1    1    1    1    1    1  7.52846E+07 0.54690 
    9    9    1    1    1    1    1    1    1    1  3.72399E+07 0.76713 
   10   10    1    1    1    1    1    1    1    1  2.39333E+08 0.77146 
   11   11    1    1    1    1    1    1    1    1  7.07509E+08 0.37758 
   12   12    1    1    1    1    1    1    1    1  1.77409E+08 0.48671 
   13   13    1    1    1    1    1    1    1    1  4.78151E+09 0.27903 
   14   14    1    1    1    1    1    1    1    1  9.84798E+09 0.27295 
   15   15    1    1    1    1    1    1    1    1  9.29533E+09 0.21251 
   16   16    1    1    1    1    1    1    1    1  5.48392E+09 0.20979 
   17   17    1    1    1    1    1    1    1    1  1.28123E+10 0.12360 
   18   18    1    1    1    1    1    1    1    1  2.88477E+10 0.13522 
   19   19    1    1    1    1    1    1    1    1  4.01354E+10 0.10327 
   20   20    1    1    1    1    1    1    1    1  1.16313E+11 0.07727 
   21   21    1    1    1    1    1    1    1    1  1.08947E+11 0.07551 
   22   22    1    1    1    1    1    1    1    1  3.30095E+11 0.05422 
   23   23    1    1    1    1    1    1    1    1  6.81913E+11 0.02460 
   24   24    1    1    1    1    1    1    1    1  1.50349E+12 0.01983 
   25   25    1    1    1    1    1    1    1    1  2.45942E+12 0.01704 
   26   26    1    1    1    1    1    1    1    1  5.40095E+12 0.01243 
   27   27    1    1    1    1    1    1    1    1  1.07182E+13 0.00948 
   28   28    1    1    1    1    1    1    1    1  2.27122E+13 0.00498 
   29   29    1    1    1    1    1    1    1    1  3.00264E+13 0.00520 
   30   30    1    1    1    1    1    1    1    1  6.55110E+13 0.00356 
   31   31    1    1    1    1    1    1    1    1  1.37048E+14 0.00206 
   32   32    1    1    1    1    1    1    1    1  1.82718E+14 0.00236 
   33   33    1    1    1    1    1    1    1    1  3.33352E+14 0.00167 
   34   34    1    1    1    1    1    1    1    1  3.53952E+14 0.00172 
   35   35    1    1    1    1    1    1    1    1  4.83369E+14 0.00171 
   36   36    1    1    1    1    1    1    1    1  4.14187E+14 0.00153 
   37   37    1    1    1    1    1    1    1    1  1.29964E+14 0.00147 
   38   38    1    1    1    1    1    1    1    1  5.78988E+14 0.00158 
   39   39    1    1    1    1    1    1    1    1  6.65266E+14 0.00125 
   40   40    1    1    1    1    1    1    1    1  1.08841E+15 0.00132 
   41   41    1    1    1    1    1    1    1    1  1.01618E+15 0.00098 
   42   42    1    1    1    1    1    1    1    1  1.69771E+15 0.00097 
   43   43    1    1    1    1    1    1    1    1  1.76643E+15 0.00112 
   44   44    1    1    1    1    1    1    1    1  2.20309E+15 0.00118 
   45   45    1    1    1    1    1    1    1    1  3.64541E+15 0.00117 
   46   46    1    1    1    1    1    1    1    1  2.06822E+15 0.00114 
   47   47    1    1    1    1    1    1    1    1  2.76347E+15 0.00111 
   48   48    1    1    1    1    1    1    1    1  3.85104E+15 0.00087 
   49   49    1    1    1    1    1    1    1    1  3.34906E+15 0.00089 
   50   50    1    1    1    1    1    1    1    1  5.10502E+15 0.00101 
   51   51    1    1    1    1    1    1    1    1  3.99576E+15 0.00104 
   52   52    1    1    1    1    1    1    1    1  4.43046E+15 0.00103 
   53   53    1    1    1    1    1    1    1    1  3.21367E+15 0.00105 
   54   54    1    1    1    1    1    1    1    1  3.88192E+15 0.00111 
   55   55    1    1    1    1    1    1    1    1  2.81357E+15 0.00127 
   56   56    1    1    1    1    1    1    1    1  3.92137E+14 0.00107 
   57   57    1    1    1    1    1    1    1    1  5.38807E+15 0.00106 
   58   58    1    1    1    1    1    1    1    1  2.35187E+15 0.00118 
   59   59    1    1    1    1    1    1    1    1  2.59284E+15 0.00121 
   60   60    1    1    1    1    1    1    1    1  2.09554E+15 0.00113 
   61   61    1    1    1    1    1    1    1    1  2.09604E+15 0.00119 
   62   62    1    1    1    1    1    1    1    1  2.06306E+15 0.00146 
   63   63    1    1    1    1    1    1    1    1  1.71920E+15 0.00134 
   64   64    1    1    1    1    1    1    1    1  1.34567E+15 0.00122 
   65   65    1    1    1    1    1    1    1    1  1.30021E+15 0.00130 
   66   66    1    1    1    1    1    1    1    1  1.10604E+15 0.00164 
   67   67    1    1    1    1    1    1    1    1  9.15647E+14 0.00171 
   68   68    1    1    1    1    1    1    1    1  8.00621E+14 0.00145 
   69   69    1    1    1    1    1    1    1    1  9.80864E+14 0.00164 
   70   70    1    1    1    1    1    1    1    1  8.46920E+14 0.00127 
   71   71    1    1    1    1    1    1    1    1  1.60528E+15 0.00150 
   72   72    1    1    1    1    1    1    1    1  1.19396E+15 0.00155 
   73   73    1    1    1    1    1    1    1    1  9.36952E+14 0.00152 
   74   74    1    1    1    1    1    1    1    1  7.63470E+14 0.00147 
   75   75    1    1    1    1    1    1    1    1  6.20547E+14 0.00194 
   76   76    1    1    1    1    1    1    1    1  7.05753E+14 0.00141 
   77   77    1    1    1    1    1    1    1    1  5.47560E+14 0.00186 
   78   78    1    1    1    1    1    1    1    1  4.13926E+14 0.00166 
   79   79    1    1    1    1    1    1    1    1  4.29041E+14 0.00206 
   80   80    1    1    1    1    1    1    1    1  3.21931E+14 0.00180 
   81   81    1    1    1    1    1    1    1    1  2.49281E+14 0.00225 
   82   82    1    1    1    1    1    1    1    1  1.92214E+14 0.00246 
   83   83    1    1    1    1    1    1    1    1  1.80183E+14 0.00221 
   84   84    1    1    1    1    1    1    1    1  1.29969E+14 0.00248 
   85   85    1    1    1    1    1    1    1    1  9.34251E+13 0.00299 
   86   86    1    1    1    1    1    1    1    1  8.74397E+13 0.00405 
   87   87    1    1    1    1    1    1    1    1  5.44369E+13 0.00485 
   88   88    1    1    1    1    1    1    1    1  3.66084E+13 0.00525 
   89   89    1    1    1    1    1    1    1    1  2.10472E+13 0.00755 
   90   90    1    1    1    1    1    1    1    1  1.40860E+13 0.00991 
   91   91    1    1    1    1    1    1    1    1  7.01598E+12 0.01153 
   92   92    1    1    1    1    1    1    1    1  3.44736E+12 0.01505 
   93   93    1    1    1    1    1    1    1    1  1.68766E+12 0.01882 
   94   94    1    1    1    1    1    1    1    1  7.84900E+11 0.03451 
   95   95    1    1    1    1    1    1    1    1  3.94732E+11 0.04144 
   96   96    1    1    1    1    1    1    1    1  1.99231E+11 0.08283 
   97   97    1    1    1    1    1    1    1    1  8.77874E+10 0.10876 
   98   98    1    1    1    1    1    1    1    1  4.20141E+10 0.13835 
   99   99    1    1    1    1    1    1    1    1  1.76026E+10 0.21236 
  100  100    1    1    1    1    1    1    1    1  2.25342E+10 0.16567 
];


