
DETdpaspec = [
    1    1    1    1    1    1    1    1    1    1  0.00000E+00 0.00000 
    2    2    1    1    1    1    1    1    1    1  0.00000E+00 0.00000 
    3    3    1    1    1    1    1    1    1    1  0.00000E+00 0.00000 
    4    4    1    1    1    1    1    1    1    1  0.00000E+00 0.00000 
    5    5    1    1    1    1    1    1    1    1  2.39248E+07 1.00000 
    6    6    1    1    1    1    1    1    1    1  2.05317E+07 1.00000 
    7    7    1    1    1    1    1    1    1    1  0.00000E+00 0.00000 
    8    8    1    1    1    1    1    1    1    1  4.69513E+07 0.73053 
    9    9    1    1    1    1    1    1    1    1  5.35046E+07 0.81998 
   10   10    1    1    1    1    1    1    1    1  0.00000E+00 0.00000 
   11   11    1    1    1    1    1    1    1    1  1.48233E+09 0.43188 
   12   12    1    1    1    1    1    1    1    1  2.21251E+08 0.58837 
   13   13    1    1    1    1    1    1    1    1  4.65118E+09 0.41243 
   14   14    1    1    1    1    1    1    1    1  7.28162E+09 0.30976 
   15   15    1    1    1    1    1    1    1    1  7.97311E+09 0.35260 
   16   16    1    1    1    1    1    1    1    1  4.99851E+09 0.23553 
   17   17    1    1    1    1    1    1    1    1  1.16198E+10 0.21480 
   18   18    1    1    1    1    1    1    1    1  2.41854E+10 0.12815 
   19   19    1    1    1    1    1    1    1    1  3.92707E+10 0.11661 
   20   20    1    1    1    1    1    1    1    1  1.00877E+11 0.06599 
   21   21    1    1    1    1    1    1    1    1  1.46434E+11 0.05454 
   22   22    1    1    1    1    1    1    1    1  5.17492E+11 0.02738 
   23   23    1    1    1    1    1    1    1    1  1.68776E+12 0.01584 
   24   24    1    1    1    1    1    1    1    1  4.42870E+12 0.01168 
   25   25    1    1    1    1    1    1    1    1  7.40241E+12 0.00970 
   26   26    1    1    1    1    1    1    1    1  1.50668E+13 0.00646 
   27   27    1    1    1    1    1    1    1    1  2.71387E+13 0.00456 
   28   28    1    1    1    1    1    1    1    1  5.35078E+13 0.00423 
   29   29    1    1    1    1    1    1    1    1  7.43282E+13 0.00269 
   30   30    1    1    1    1    1    1    1    1  1.32958E+14 0.00284 
   31   31    1    1    1    1    1    1    1    1  2.57135E+14 0.00173 
   32   32    1    1    1    1    1    1    1    1  3.28055E+14 0.00153 
   33   33    1    1    1    1    1    1    1    1  5.71069E+14 0.00125 
   34   34    1    1    1    1    1    1    1    1  6.25818E+14 0.00119 
   35   35    1    1    1    1    1    1    1    1  7.74289E+14 0.00091 
   36   36    1    1    1    1    1    1    1    1  6.38731E+14 0.00074 
   37   37    1    1    1    1    1    1    1    1  1.94415E+14 0.00099 
   38   38    1    1    1    1    1    1    1    1  8.82104E+14 0.00094 
   39   39    1    1    1    1    1    1    1    1  1.00469E+15 0.00097 
   40   40    1    1    1    1    1    1    1    1  1.65786E+15 0.00071 
   41   41    1    1    1    1    1    1    1    1  1.50304E+15 0.00082 
   42   42    1    1    1    1    1    1    1    1  2.53659E+15 0.00078 
   43   43    1    1    1    1    1    1    1    1  2.63029E+15 0.00086 
   44   44    1    1    1    1    1    1    1    1  3.27414E+15 0.00078 
   45   45    1    1    1    1    1    1    1    1  5.41794E+15 0.00061 
   46   46    1    1    1    1    1    1    1    1  3.08106E+15 0.00065 
   47   47    1    1    1    1    1    1    1    1  4.06986E+15 0.00058 
   48   48    1    1    1    1    1    1    1    1  5.69347E+15 0.00054 
   49   49    1    1    1    1    1    1    1    1  4.89885E+15 0.00048 
   50   50    1    1    1    1    1    1    1    1  7.56381E+15 0.00058 
   51   51    1    1    1    1    1    1    1    1  5.86877E+15 0.00067 
   52   52    1    1    1    1    1    1    1    1  6.57625E+15 0.00058 
   53   53    1    1    1    1    1    1    1    1  4.77029E+15 0.00061 
   54   54    1    1    1    1    1    1    1    1  5.83068E+15 0.00069 
   55   55    1    1    1    1    1    1    1    1  4.22540E+15 0.00063 
   56   56    1    1    1    1    1    1    1    1  5.87434E+14 0.00084 
   57   57    1    1    1    1    1    1    1    1  8.09503E+15 0.00044 
   58   58    1    1    1    1    1    1    1    1  3.59697E+15 0.00061 
   59   59    1    1    1    1    1    1    1    1  3.93970E+15 0.00071 
   60   60    1    1    1    1    1    1    1    1  3.23632E+15 0.00075 
   61   61    1    1    1    1    1    1    1    1  3.23773E+15 0.00074 
   62   62    1    1    1    1    1    1    1    1  3.19564E+15 0.00064 
   63   63    1    1    1    1    1    1    1    1  2.67402E+15 0.00070 
   64   64    1    1    1    1    1    1    1    1  2.10120E+15 0.00081 
   65   65    1    1    1    1    1    1    1    1  2.02362E+15 0.00095 
   66   66    1    1    1    1    1    1    1    1  1.73136E+15 0.00089 
   67   67    1    1    1    1    1    1    1    1  1.43013E+15 0.00101 
   68   68    1    1    1    1    1    1    1    1  1.24601E+15 0.00081 
   69   69    1    1    1    1    1    1    1    1  1.52981E+15 0.00082 
   70   70    1    1    1    1    1    1    1    1  1.31598E+15 0.00116 
   71   71    1    1    1    1    1    1    1    1  2.46677E+15 0.00091 
   72   72    1    1    1    1    1    1    1    1  1.82244E+15 0.00074 
   73   73    1    1    1    1    1    1    1    1  1.43498E+15 0.00087 
   74   74    1    1    1    1    1    1    1    1  1.18092E+15 0.00143 
   75   75    1    1    1    1    1    1    1    1  9.75667E+14 0.00105 
   76   76    1    1    1    1    1    1    1    1  1.12226E+15 0.00096 
   77   77    1    1    1    1    1    1    1    1  8.82452E+14 0.00114 
   78   78    1    1    1    1    1    1    1    1  6.74428E+14 0.00127 
   79   79    1    1    1    1    1    1    1    1  7.03756E+14 0.00136 
   80   80    1    1    1    1    1    1    1    1  5.30505E+14 0.00153 
   81   81    1    1    1    1    1    1    1    1  4.11658E+14 0.00125 
   82   82    1    1    1    1    1    1    1    1  3.19603E+14 0.00197 
   83   83    1    1    1    1    1    1    1    1  2.97953E+14 0.00184 
   84   84    1    1    1    1    1    1    1    1  2.14117E+14 0.00201 
   85   85    1    1    1    1    1    1    1    1  1.54790E+14 0.00250 
   86   86    1    1    1    1    1    1    1    1  1.45333E+14 0.00224 
   87   87    1    1    1    1    1    1    1    1  8.92885E+13 0.00276 
   88   88    1    1    1    1    1    1    1    1  6.05668E+13 0.00324 
   89   89    1    1    1    1    1    1    1    1  3.45097E+13 0.00339 
   90   90    1    1    1    1    1    1    1    1  2.29752E+13 0.00516 
   91   91    1    1    1    1    1    1    1    1  1.14775E+13 0.00759 
   92   92    1    1    1    1    1    1    1    1  5.59919E+12 0.01508 
   93   93    1    1    1    1    1    1    1    1  2.66531E+12 0.01608 
   94   94    1    1    1    1    1    1    1    1  1.29898E+12 0.02688 
   95   95    1    1    1    1    1    1    1    1  5.70725E+11 0.03933 
   96   96    1    1    1    1    1    1    1    1  3.33754E+11 0.04773 
   97   97    1    1    1    1    1    1    1    1  1.40074E+11 0.06937 
   98   98    1    1    1    1    1    1    1    1  7.03024E+10 0.11023 
   99   99    1    1    1    1    1    1    1    1  3.06070E+10 0.18261 
  100  100    1    1    1    1    1    1    1    1  2.76762E+10 0.22990 
];


