
DETdpaspec = [
    1    1    1    1    1    1    1    1    1    1  0.00000E+00 0.00000 
    2    2    1    1    1    1    1    1    1    1  0.00000E+00 0.00000 
    3    3    1    1    1    1    1    1    1    1  0.00000E+00 0.00000 
    4    4    1    1    1    1    1    1    1    1  1.52901E+07 1.00000 
    5    5    1    1    1    1    1    1    1    1  1.43361E+07 1.00000 
    6    6    1    1    1    1    1    1    1    1  1.39777E+07 1.00000 
    7    7    1    1    1    1    1    1    1    1  1.01645E+08 0.78153 
    8    8    1    1    1    1    1    1    1    1  4.42574E+07 0.69812 
    9    9    1    1    1    1    1    1    1    1  2.33148E+07 1.00000 
   10   10    1    1    1    1    1    1    1    1  1.52163E+08 0.56064 
   11   11    1    1    1    1    1    1    1    1  1.90972E+08 0.55482 
   12   12    1    1    1    1    1    1    1    1  2.47634E+08 0.31216 
   13   13    1    1    1    1    1    1    1    1  3.67618E+09 0.24205 
   14   14    1    1    1    1    1    1    1    1  1.52157E+10 0.23793 
   15   15    1    1    1    1    1    1    1    1  1.57033E+10 0.14054 
   16   16    1    1    1    1    1    1    1    1  8.04133E+09 0.20669 
   17   17    1    1    1    1    1    1    1    1  1.16063E+10 0.18859 
   18   18    1    1    1    1    1    1    1    1  2.68577E+10 0.15086 
   19   19    1    1    1    1    1    1    1    1  3.93329E+10 0.10417 
   20   20    1    1    1    1    1    1    1    1  1.16848E+11 0.06859 
   21   21    1    1    1    1    1    1    1    1  1.18148E+11 0.05303 
   22   22    1    1    1    1    1    1    1    1  3.49352E+11 0.04370 
   23   23    1    1    1    1    1    1    1    1  7.14470E+11 0.02578 
   24   24    1    1    1    1    1    1    1    1  1.59857E+12 0.02295 
   25   25    1    1    1    1    1    1    1    1  2.64322E+12 0.01772 
   26   26    1    1    1    1    1    1    1    1  5.81724E+12 0.01058 
   27   27    1    1    1    1    1    1    1    1  1.14234E+13 0.00914 
   28   28    1    1    1    1    1    1    1    1  2.40764E+13 0.00531 
   29   29    1    1    1    1    1    1    1    1  3.23285E+13 0.00430 
   30   30    1    1    1    1    1    1    1    1  6.91285E+13 0.00465 
   31   31    1    1    1    1    1    1    1    1  1.44802E+14 0.00343 
   32   32    1    1    1    1    1    1    1    1  1.92084E+14 0.00241 
   33   33    1    1    1    1    1    1    1    1  3.51581E+14 0.00246 
   34   34    1    1    1    1    1    1    1    1  3.74527E+14 0.00212 
   35   35    1    1    1    1    1    1    1    1  5.07947E+14 0.00175 
   36   36    1    1    1    1    1    1    1    1  4.34151E+14 0.00171 
   37   37    1    1    1    1    1    1    1    1  1.35968E+14 0.00169 
   38   38    1    1    1    1    1    1    1    1  6.06755E+14 0.00153 
   39   39    1    1    1    1    1    1    1    1  6.97299E+14 0.00158 
   40   40    1    1    1    1    1    1    1    1  1.14257E+15 0.00109 
   41   41    1    1    1    1    1    1    1    1  1.06463E+15 0.00134 
   42   42    1    1    1    1    1    1    1    1  1.78454E+15 0.00142 
   43   43    1    1    1    1    1    1    1    1  1.85516E+15 0.00135 
   44   44    1    1    1    1    1    1    1    1  2.31617E+15 0.00111 
   45   45    1    1    1    1    1    1    1    1  3.83677E+15 0.00097 
   46   46    1    1    1    1    1    1    1    1  2.17509E+15 0.00121 
   47   47    1    1    1    1    1    1    1    1  2.90610E+15 0.00095 
   48   48    1    1    1    1    1    1    1    1  4.05719E+15 0.00079 
   49   49    1    1    1    1    1    1    1    1  3.52485E+15 0.00106 
   50   50    1    1    1    1    1    1    1    1  5.38373E+15 0.00098 
   51   51    1    1    1    1    1    1    1    1  4.21190E+15 0.00099 
   52   52    1    1    1    1    1    1    1    1  4.67300E+15 0.00115 
   53   53    1    1    1    1    1    1    1    1  3.38869E+15 0.00106 
   54   54    1    1    1    1    1    1    1    1  4.09990E+15 0.00112 
   55   55    1    1    1    1    1    1    1    1  2.97612E+15 0.00113 
   56   56    1    1    1    1    1    1    1    1  4.15446E+14 0.00166 
   57   57    1    1    1    1    1    1    1    1  5.70290E+15 0.00117 
   58   58    1    1    1    1    1    1    1    1  2.49147E+15 0.00093 
   59   59    1    1    1    1    1    1    1    1  2.74665E+15 0.00104 
   60   60    1    1    1    1    1    1    1    1  2.21968E+15 0.00124 
   61   61    1    1    1    1    1    1    1    1  2.22388E+15 0.00135 
   62   62    1    1    1    1    1    1    1    1  2.19087E+15 0.00137 
   63   63    1    1    1    1    1    1    1    1  1.82554E+15 0.00096 
   64   64    1    1    1    1    1    1    1    1  1.42857E+15 0.00160 
   65   65    1    1    1    1    1    1    1    1  1.38136E+15 0.00122 
   66   66    1    1    1    1    1    1    1    1  1.17367E+15 0.00107 
   67   67    1    1    1    1    1    1    1    1  9.73124E+14 0.00153 
   68   68    1    1    1    1    1    1    1    1  8.50016E+14 0.00154 
   69   69    1    1    1    1    1    1    1    1  1.04179E+15 0.00147 
   70   70    1    1    1    1    1    1    1    1  8.99286E+14 0.00157 
   71   71    1    1    1    1    1    1    1    1  1.70540E+15 0.00143 
   72   72    1    1    1    1    1    1    1    1  1.26603E+15 0.00153 
   73   73    1    1    1    1    1    1    1    1  9.95514E+14 0.00178 
   74   74    1    1    1    1    1    1    1    1  8.11060E+14 0.00144 
   75   75    1    1    1    1    1    1    1    1  6.61960E+14 0.00179 
   76   76    1    1    1    1    1    1    1    1  7.51812E+14 0.00190 
   77   77    1    1    1    1    1    1    1    1  5.83812E+14 0.00184 
   78   78    1    1    1    1    1    1    1    1  4.41485E+14 0.00172 
   79   79    1    1    1    1    1    1    1    1  4.58693E+14 0.00167 
   80   80    1    1    1    1    1    1    1    1  3.43745E+14 0.00206 
   81   81    1    1    1    1    1    1    1    1  2.66432E+14 0.00234 
   82   82    1    1    1    1    1    1    1    1  2.06095E+14 0.00232 
   83   83    1    1    1    1    1    1    1    1  1.92806E+14 0.00251 
   84   84    1    1    1    1    1    1    1    1  1.38816E+14 0.00274 
   85   85    1    1    1    1    1    1    1    1  9.98395E+13 0.00257 
   86   86    1    1    1    1    1    1    1    1  9.32465E+13 0.00303 
   87   87    1    1    1    1    1    1    1    1  5.80362E+13 0.00482 
   88   88    1    1    1    1    1    1    1    1  3.93863E+13 0.00656 
   89   89    1    1    1    1    1    1    1    1  2.26612E+13 0.00701 
   90   90    1    1    1    1    1    1    1    1  1.50652E+13 0.00770 
   91   91    1    1    1    1    1    1    1    1  7.54724E+12 0.01160 
   92   92    1    1    1    1    1    1    1    1  3.71013E+12 0.01081 
   93   93    1    1    1    1    1    1    1    1  1.79220E+12 0.02161 
   94   94    1    1    1    1    1    1    1    1  8.52313E+11 0.02497 
   95   95    1    1    1    1    1    1    1    1  4.20694E+11 0.04884 
   96   96    1    1    1    1    1    1    1    1  1.72914E+11 0.07438 
   97   97    1    1    1    1    1    1    1    1  1.00307E+11 0.09866 
   98   98    1    1    1    1    1    1    1    1  4.00271E+10 0.15027 
   99   99    1    1    1    1    1    1    1    1  1.57514E+10 0.16282 
  100  100    1    1    1    1    1    1    1    1  1.62821E+10 0.23439 
];


