
DETdpaspec = [
    1    1    1    1    1    1    1    1    1    1  0.00000E+00 0.00000 
    2    2    1    1    1    1    1    1    1    1  0.00000E+00 0.00000 
    3    3    1    1    1    1    1    1    1    1  6.92192E+06 1.00000 
    4    4    1    1    1    1    1    1    1    1  0.00000E+00 0.00000 
    5    5    1    1    1    1    1    1    1    1  0.00000E+00 0.00000 
    6    6    1    1    1    1    1    1    1    1  2.40301E+07 0.69117 
    7    7    1    1    1    1    1    1    1    1  0.00000E+00 0.00000 
    8    8    1    1    1    1    1    1    1    1  4.75628E+07 0.69402 
    9    9    1    1    1    1    1    1    1    1  5.13884E+07 0.55484 
   10   10    1    1    1    1    1    1    1    1  5.48518E+08 0.46703 
   11   11    1    1    1    1    1    1    1    1  8.06753E+08 0.39026 
   12   12    1    1    1    1    1    1    1    1  3.79821E+08 0.31841 
   13   13    1    1    1    1    1    1    1    1  4.20402E+09 0.31313 
   14   14    1    1    1    1    1    1    1    1  9.57516E+09 0.21350 
   15   15    1    1    1    1    1    1    1    1  1.31224E+10 0.25942 
   16   16    1    1    1    1    1    1    1    1  9.08590E+09 0.14242 
   17   17    1    1    1    1    1    1    1    1  1.13283E+10 0.16245 
   18   18    1    1    1    1    1    1    1    1  4.19427E+10 0.10575 
   19   19    1    1    1    1    1    1    1    1  5.42879E+10 0.08393 
   20   20    1    1    1    1    1    1    1    1  1.40687E+11 0.07173 
   21   21    1    1    1    1    1    1    1    1  1.21634E+11 0.07274 
   22   22    1    1    1    1    1    1    1    1  3.66458E+11 0.04414 
   23   23    1    1    1    1    1    1    1    1  5.25962E+11 0.03678 
   24   24    1    1    1    1    1    1    1    1  9.24632E+11 0.02324 
   25   25    1    1    1    1    1    1    1    1  1.29540E+12 0.01872 
   26   26    1    1    1    1    1    1    1    1  2.47220E+12 0.01912 
   27   27    1    1    1    1    1    1    1    1  4.65410E+12 0.01600 
   28   28    1    1    1    1    1    1    1    1  8.25513E+12 0.01454 
   29   29    1    1    1    1    1    1    1    1  9.65133E+12 0.01344 
   30   30    1    1    1    1    1    1    1    1  2.30708E+13 0.01157 
   31   31    1    1    1    1    1    1    1    1  4.59090E+13 0.01226 
   32   32    1    1    1    1    1    1    1    1  5.95219E+13 0.01174 
   33   33    1    1    1    1    1    1    1    1  1.06041E+14 0.01149 
   34   34    1    1    1    1    1    1    1    1  1.06525E+14 0.01124 
   35   35    1    1    1    1    1    1    1    1  1.52816E+14 0.01154 
   36   36    1    1    1    1    1    1    1    1  1.30113E+14 0.01075 
   37   37    1    1    1    1    1    1    1    1  4.12718E+13 0.01100 
   38   38    1    1    1    1    1    1    1    1  1.76896E+14 0.01112 
   39   39    1    1    1    1    1    1    1    1  2.01532E+14 0.01170 
   40   40    1    1    1    1    1    1    1    1  3.19137E+14 0.01127 
   41   41    1    1    1    1    1    1    1    1  3.00715E+14 0.01144 
   42   42    1    1    1    1    1    1    1    1  4.89206E+14 0.01119 
   43   43    1    1    1    1    1    1    1    1  5.04092E+14 0.01150 
   44   44    1    1    1    1    1    1    1    1  6.20620E+14 0.01183 
   45   45    1    1    1    1    1    1    1    1  1.01010E+15 0.01151 
   46   46    1    1    1    1    1    1    1    1  5.66678E+14 0.01186 
   47   47    1    1    1    1    1    1    1    1  7.61813E+14 0.01204 
   48   48    1    1    1    1    1    1    1    1  1.04948E+15 0.01200 
   49   49    1    1    1    1    1    1    1    1  9.20223E+14 0.01220 
   50   50    1    1    1    1    1    1    1    1  1.37722E+15 0.01229 
   51   51    1    1    1    1    1    1    1    1  1.08595E+15 0.01211 
   52   52    1    1    1    1    1    1    1    1  1.18531E+15 0.01230 
   53   53    1    1    1    1    1    1    1    1  8.62551E+14 0.01200 
   54   54    1    1    1    1    1    1    1    1  1.02663E+15 0.01240 
   55   55    1    1    1    1    1    1    1    1  7.47131E+14 0.01237 
   56   56    1    1    1    1    1    1    1    1  1.04498E+14 0.01211 
   57   57    1    1    1    1    1    1    1    1  1.42825E+15 0.01207 
   58   58    1    1    1    1    1    1    1    1  6.11096E+14 0.01190 
   59   59    1    1    1    1    1    1    1    1  6.77971E+14 0.01208 
   60   60    1    1    1    1    1    1    1    1  5.39476E+14 0.01207 
   61   61    1    1    1    1    1    1    1    1  5.41954E+14 0.01252 
   62   62    1    1    1    1    1    1    1    1  5.30431E+14 0.01239 
   63   63    1    1    1    1    1    1    1    1  4.38751E+14 0.01233 
   64   64    1    1    1    1    1    1    1    1  3.42262E+14 0.01251 
   65   65    1    1    1    1    1    1    1    1  3.31775E+14 0.01291 
   66   66    1    1    1    1    1    1    1    1  2.80678E+14 0.01244 
   67   67    1    1    1    1    1    1    1    1  2.33114E+14 0.01308 
   68   68    1    1    1    1    1    1    1    1  2.04296E+14 0.01260 
   69   69    1    1    1    1    1    1    1    1  2.49305E+14 0.01337 
   70   70    1    1    1    1    1    1    1    1  2.15973E+14 0.01246 
   71   71    1    1    1    1    1    1    1    1  4.16225E+14 0.01298 
   72   72    1    1    1    1    1    1    1    1  3.10200E+14 0.01298 
   73   73    1    1    1    1    1    1    1    1  2.43196E+14 0.01364 
   74   74    1    1    1    1    1    1    1    1  1.95529E+14 0.01315 
   75   75    1    1    1    1    1    1    1    1  1.56842E+14 0.01227 
   76   76    1    1    1    1    1    1    1    1  1.76096E+14 0.01241 
   77   77    1    1    1    1    1    1    1    1  1.34621E+14 0.01282 
   78   78    1    1    1    1    1    1    1    1  1.00170E+14 0.01348 
   79   79    1    1    1    1    1    1    1    1  1.03469E+14 0.01277 
   80   80    1    1    1    1    1    1    1    1  7.64091E+13 0.01281 
   81   81    1    1    1    1    1    1    1    1  5.90039E+13 0.01451 
   82   82    1    1    1    1    1    1    1    1  4.58449E+13 0.01368 
   83   83    1    1    1    1    1    1    1    1  4.27003E+13 0.01452 
   84   84    1    1    1    1    1    1    1    1  3.00826E+13 0.01459 
   85   85    1    1    1    1    1    1    1    1  2.20101E+13 0.01552 
   86   86    1    1    1    1    1    1    1    1  2.07642E+13 0.01695 
   87   87    1    1    1    1    1    1    1    1  1.28035E+13 0.01751 
   88   88    1    1    1    1    1    1    1    1  8.78969E+12 0.01818 
   89   89    1    1    1    1    1    1    1    1  4.99452E+12 0.02153 
   90   90    1    1    1    1    1    1    1    1  3.47956E+12 0.02172 
   91   91    1    1    1    1    1    1    1    1  1.64675E+12 0.02019 
   92   92    1    1    1    1    1    1    1    1  8.21057E+11 0.02914 
   93   93    1    1    1    1    1    1    1    1  4.12043E+11 0.05834 
   94   94    1    1    1    1    1    1    1    1  2.02593E+11 0.07706 
   95   95    1    1    1    1    1    1    1    1  1.04829E+11 0.11864 
   96   96    1    1    1    1    1    1    1    1  4.58489E+10 0.12374 
   97   97    1    1    1    1    1    1    1    1  2.43850E+10 0.16575 
   98   98    1    1    1    1    1    1    1    1  8.49149E+09 0.30836 
   99   99    1    1    1    1    1    1    1    1  6.29956E+09 0.44299 
  100  100    1    1    1    1    1    1    1    1  2.66202E+09 0.55287 
];


