
DETdpaspec = [
    1    1    1    1    1    1    1    1    1    1  0.00000E+00 0.00000 
    2    2    1    1    1    1    1    1    1    1  0.00000E+00 0.00000 
    3    3    1    1    1    1    1    1    1    1  0.00000E+00 0.00000 
    4    4    1    1    1    1    1    1    1    1  2.83196E+07 1.00000 
    5    5    1    1    1    1    1    1    1    1  0.00000E+00 0.00000 
    6    6    1    1    1    1    1    1    1    1  1.33074E+07 1.00000 
    7    7    1    1    1    1    1    1    1    1  6.78288E+07 0.54717 
    8    8    1    1    1    1    1    1    1    1  5.07796E+07 0.68844 
    9    9    1    1    1    1    1    1    1    1  6.18727E+07 0.79809 
   10   10    1    1    1    1    1    1    1    1  3.98339E+08 0.44107 
   11   11    1    1    1    1    1    1    1    1  8.98015E+08 0.49216 
   12   12    1    1    1    1    1    1    1    1  1.89905E+08 0.33817 
   13   13    1    1    1    1    1    1    1    1  4.77351E+09 0.31607 
   14   14    1    1    1    1    1    1    1    1  9.92937E+09 0.23094 
   15   15    1    1    1    1    1    1    1    1  1.57327E+10 0.22453 
   16   16    1    1    1    1    1    1    1    1  4.28626E+09 0.17886 
   17   17    1    1    1    1    1    1    1    1  1.24396E+10 0.11204 
   18   18    1    1    1    1    1    1    1    1  3.15377E+10 0.11762 
   19   19    1    1    1    1    1    1    1    1  5.57062E+10 0.10867 
   20   20    1    1    1    1    1    1    1    1  1.23003E+11 0.07334 
   21   21    1    1    1    1    1    1    1    1  1.17691E+11 0.06730 
   22   22    1    1    1    1    1    1    1    1  3.24701E+11 0.04474 
   23   23    1    1    1    1    1    1    1    1  6.26827E+11 0.02862 
   24   24    1    1    1    1    1    1    1    1  1.23662E+12 0.02046 
   25   25    1    1    1    1    1    1    1    1  2.16659E+12 0.01867 
   26   26    1    1    1    1    1    1    1    1  4.63750E+12 0.01334 
   27   27    1    1    1    1    1    1    1    1  9.32162E+12 0.00695 
   28   28    1    1    1    1    1    1    1    1  1.95639E+13 0.00593 
   29   29    1    1    1    1    1    1    1    1  2.55744E+13 0.00539 
   30   30    1    1    1    1    1    1    1    1  5.69500E+13 0.00495 
   31   31    1    1    1    1    1    1    1    1  1.19042E+14 0.00385 
   32   32    1    1    1    1    1    1    1    1  1.58812E+14 0.00336 
   33   33    1    1    1    1    1    1    1    1  2.89959E+14 0.00224 
   34   34    1    1    1    1    1    1    1    1  3.05700E+14 0.00222 
   35   35    1    1    1    1    1    1    1    1  4.20891E+14 0.00197 
   36   36    1    1    1    1    1    1    1    1  3.61490E+14 0.00178 
   37   37    1    1    1    1    1    1    1    1  1.13915E+14 0.00179 
   38   38    1    1    1    1    1    1    1    1  5.05028E+14 0.00184 
   39   39    1    1    1    1    1    1    1    1  5.80417E+14 0.00158 
   40   40    1    1    1    1    1    1    1    1  9.45153E+14 0.00129 
   41   41    1    1    1    1    1    1    1    1  8.83445E+14 0.00120 
   42   42    1    1    1    1    1    1    1    1  1.47474E+15 0.00119 
   43   43    1    1    1    1    1    1    1    1  1.52963E+15 0.00111 
   44   44    1    1    1    1    1    1    1    1  1.90567E+15 0.00118 
   45   45    1    1    1    1    1    1    1    1  3.14449E+15 0.00121 
   46   46    1    1    1    1    1    1    1    1  1.77857E+15 0.00106 
   47   47    1    1    1    1    1    1    1    1  2.38025E+15 0.00128 
   48   48    1    1    1    1    1    1    1    1  3.31046E+15 0.00100 
   49   49    1    1    1    1    1    1    1    1  2.87968E+15 0.00102 
   50   50    1    1    1    1    1    1    1    1  4.37528E+15 0.00097 
   51   51    1    1    1    1    1    1    1    1  3.42527E+15 0.00102 
   52   52    1    1    1    1    1    1    1    1  3.78336E+15 0.00078 
   53   53    1    1    1    1    1    1    1    1  2.74141E+15 0.00105 
   54   54    1    1    1    1    1    1    1    1  3.30309E+15 0.00134 
   55   55    1    1    1    1    1    1    1    1  2.39598E+15 0.00103 
   56   56    1    1    1    1    1    1    1    1  3.33909E+14 0.00146 
   57   57    1    1    1    1    1    1    1    1  4.58147E+15 0.00105 
   58   58    1    1    1    1    1    1    1    1  1.99001E+15 0.00109 
   59   59    1    1    1    1    1    1    1    1  2.19649E+15 0.00115 
   60   60    1    1    1    1    1    1    1    1  1.76872E+15 0.00138 
   61   61    1    1    1    1    1    1    1    1  1.77127E+15 0.00120 
   62   62    1    1    1    1    1    1    1    1  1.74037E+15 0.00136 
   63   63    1    1    1    1    1    1    1    1  1.44773E+15 0.00151 
   64   64    1    1    1    1    1    1    1    1  1.12995E+15 0.00151 
   65   65    1    1    1    1    1    1    1    1  1.09326E+15 0.00131 
   66   66    1    1    1    1    1    1    1    1  9.28988E+14 0.00140 
   67   67    1    1    1    1    1    1    1    1  7.70972E+14 0.00147 
   68   68    1    1    1    1    1    1    1    1  6.72402E+14 0.00150 
   69   69    1    1    1    1    1    1    1    1  8.23744E+14 0.00157 
   70   70    1    1    1    1    1    1    1    1  7.10505E+14 0.00162 
   71   71    1    1    1    1    1    1    1    1  1.34954E+15 0.00168 
   72   72    1    1    1    1    1    1    1    1  1.00346E+15 0.00148 
   73   73    1    1    1    1    1    1    1    1  7.88523E+14 0.00118 
   74   74    1    1    1    1    1    1    1    1  6.38994E+14 0.00215 
   75   75    1    1    1    1    1    1    1    1  5.19061E+14 0.00197 
   76   76    1    1    1    1    1    1    1    1  5.87475E+14 0.00181 
   77   77    1    1    1    1    1    1    1    1  4.53600E+14 0.00248 
   78   78    1    1    1    1    1    1    1    1  3.43138E+14 0.00202 
   79   79    1    1    1    1    1    1    1    1  3.54343E+14 0.00212 
   80   80    1    1    1    1    1    1    1    1  2.65657E+14 0.00255 
   81   81    1    1    1    1    1    1    1    1  2.05439E+14 0.00239 
   82   82    1    1    1    1    1    1    1    1  1.58636E+14 0.00264 
   83   83    1    1    1    1    1    1    1    1  1.48141E+14 0.00329 
   84   84    1    1    1    1    1    1    1    1  1.06773E+14 0.00379 
   85   85    1    1    1    1    1    1    1    1  7.67734E+13 0.00457 
   86   86    1    1    1    1    1    1    1    1  7.25413E+13 0.00485 
   87   87    1    1    1    1    1    1    1    1  4.45197E+13 0.00486 
   88   88    1    1    1    1    1    1    1    1  3.01549E+13 0.00472 
   89   89    1    1    1    1    1    1    1    1  1.72719E+13 0.00689 
   90   90    1    1    1    1    1    1    1    1  1.15410E+13 0.01054 
   91   91    1    1    1    1    1    1    1    1  5.80539E+12 0.01504 
   92   92    1    1    1    1    1    1    1    1  2.86342E+12 0.01637 
   93   93    1    1    1    1    1    1    1    1  1.39991E+12 0.02045 
   94   94    1    1    1    1    1    1    1    1  6.70372E+11 0.03934 
   95   95    1    1    1    1    1    1    1    1  3.01321E+11 0.07001 
   96   96    1    1    1    1    1    1    1    1  1.45973E+11 0.06766 
   97   97    1    1    1    1    1    1    1    1  6.66097E+10 0.08881 
   98   98    1    1    1    1    1    1    1    1  3.63420E+10 0.25631 
   99   99    1    1    1    1    1    1    1    1  1.70759E+10 0.24998 
  100  100    1    1    1    1    1    1    1    1  1.49572E+10 0.22246 
];


