
DETdpaspec = [
    1    1    1    1    1    1    1    1    1    1  0.00000E+00 0.00000 
    2    2    1    1    1    1    1    1    1    1  0.00000E+00 0.00000 
    3    3    1    1    1    1    1    1    1    1  0.00000E+00 0.00000 
    4    4    1    1    1    1    1    1    1    1  0.00000E+00 0.00000 
    5    5    1    1    1    1    1    1    1    1  0.00000E+00 0.00000 
    6    6    1    1    1    1    1    1    1    1  0.00000E+00 0.00000 
    7    7    1    1    1    1    1    1    1    1  0.00000E+00 0.00000 
    8    8    1    1    1    1    1    1    1    1  0.00000E+00 0.00000 
    9    9    1    1    1    1    1    1    1    1  8.25808E+07 0.72015 
   10   10    1    1    1    1    1    1    1    1  1.18242E+08 0.70767 
   11   11    1    1    1    1    1    1    1    1  3.25157E+08 0.48806 
   12   12    1    1    1    1    1    1    1    1  3.35255E+07 0.81993 
   13   13    1    1    1    1    1    1    1    1  2.81757E+09 0.35721 
   14   14    1    1    1    1    1    1    1    1  4.82127E+09 0.30146 
   15   15    1    1    1    1    1    1    1    1  5.34394E+09 0.27013 
   16   16    1    1    1    1    1    1    1    1  2.30346E+09 0.37184 
   17   17    1    1    1    1    1    1    1    1  3.97444E+09 0.25741 
   18   18    1    1    1    1    1    1    1    1  1.35475E+10 0.16289 
   19   19    1    1    1    1    1    1    1    1  1.95213E+10 0.13018 
   20   20    1    1    1    1    1    1    1    1  6.19260E+10 0.13423 
   21   21    1    1    1    1    1    1    1    1  5.09999E+10 0.09185 
   22   22    1    1    1    1    1    1    1    1  1.31894E+11 0.06273 
   23   23    1    1    1    1    1    1    1    1  2.20891E+11 0.05117 
   24   24    1    1    1    1    1    1    1    1  4.21754E+11 0.04054 
   25   25    1    1    1    1    1    1    1    1  6.45029E+11 0.03056 
   26   26    1    1    1    1    1    1    1    1  1.23676E+12 0.02296 
   27   27    1    1    1    1    1    1    1    1  2.41153E+12 0.02135 
   28   28    1    1    1    1    1    1    1    1  4.57887E+12 0.01263 
   29   29    1    1    1    1    1    1    1    1  5.49327E+12 0.01156 
   30   30    1    1    1    1    1    1    1    1  1.30529E+13 0.01205 
   31   31    1    1    1    1    1    1    1    1  2.66779E+13 0.01032 
   32   32    1    1    1    1    1    1    1    1  3.47584E+13 0.00778 
   33   33    1    1    1    1    1    1    1    1  6.26462E+13 0.00819 
   34   34    1    1    1    1    1    1    1    1  6.35626E+13 0.00676 
   35   35    1    1    1    1    1    1    1    1  9.04109E+13 0.00659 
   36   36    1    1    1    1    1    1    1    1  7.70069E+13 0.00624 
   37   37    1    1    1    1    1    1    1    1  2.44984E+13 0.00646 
   38   38    1    1    1    1    1    1    1    1  1.06005E+14 0.00675 
   39   39    1    1    1    1    1    1    1    1  1.21444E+14 0.00638 
   40   40    1    1    1    1    1    1    1    1  1.93570E+14 0.00683 
   41   41    1    1    1    1    1    1    1    1  1.81675E+14 0.00685 
   42   42    1    1    1    1    1    1    1    1  2.97991E+14 0.00690 
   43   43    1    1    1    1    1    1    1    1  3.05826E+14 0.00710 
   44   44    1    1    1    1    1    1    1    1  3.76825E+14 0.00686 
   45   45    1    1    1    1    1    1    1    1  6.11404E+14 0.00701 
   46   46    1    1    1    1    1    1    1    1  3.41211E+14 0.00805 
   47   47    1    1    1    1    1    1    1    1  4.56871E+14 0.00707 
   48   48    1    1    1    1    1    1    1    1  6.27544E+14 0.00769 
   49   49    1    1    1    1    1    1    1    1  5.46674E+14 0.00746 
   50   50    1    1    1    1    1    1    1    1  8.15254E+14 0.00737 
   51   51    1    1    1    1    1    1    1    1  6.38150E+14 0.00746 
   52   52    1    1    1    1    1    1    1    1  6.94960E+14 0.00789 
   53   53    1    1    1    1    1    1    1    1  5.00305E+14 0.00826 
   54   54    1    1    1    1    1    1    1    1  5.94292E+14 0.00778 
   55   55    1    1    1    1    1    1    1    1  4.31083E+14 0.00849 
   56   56    1    1    1    1    1    1    1    1  6.01450E+13 0.00782 
   57   57    1    1    1    1    1    1    1    1  8.19966E+14 0.00830 
   58   58    1    1    1    1    1    1    1    1  3.49540E+14 0.00869 
   59   59    1    1    1    1    1    1    1    1  3.84482E+14 0.00805 
   60   60    1    1    1    1    1    1    1    1  3.05053E+14 0.00842 
   61   61    1    1    1    1    1    1    1    1  3.04917E+14 0.00885 
   62   62    1    1    1    1    1    1    1    1  2.98609E+14 0.00811 
   63   63    1    1    1    1    1    1    1    1  2.46891E+14 0.00884 
   64   64    1    1    1    1    1    1    1    1  1.90783E+14 0.00749 
   65   65    1    1    1    1    1    1    1    1  1.85059E+14 0.00870 
   66   66    1    1    1    1    1    1    1    1  1.55748E+14 0.00877 
   67   67    1    1    1    1    1    1    1    1  1.29412E+14 0.00867 
   68   68    1    1    1    1    1    1    1    1  1.13543E+14 0.00949 
   69   69    1    1    1    1    1    1    1    1  1.38530E+14 0.00880 
   70   70    1    1    1    1    1    1    1    1  1.19166E+14 0.00844 
   71   71    1    1    1    1    1    1    1    1  2.27280E+14 0.00841 
   72   72    1    1    1    1    1    1    1    1  1.69594E+14 0.00968 
   73   73    1    1    1    1    1    1    1    1  1.32195E+14 0.00974 
   74   74    1    1    1    1    1    1    1    1  1.06182E+14 0.00830 
   75   75    1    1    1    1    1    1    1    1  8.50506E+13 0.00865 
   76   76    1    1    1    1    1    1    1    1  9.54391E+13 0.00908 
   77   77    1    1    1    1    1    1    1    1  7.29688E+13 0.01010 
   78   78    1    1    1    1    1    1    1    1  5.49807E+13 0.01154 
   79   79    1    1    1    1    1    1    1    1  5.63951E+13 0.00943 
   80   80    1    1    1    1    1    1    1    1  4.20333E+13 0.01042 
   81   81    1    1    1    1    1    1    1    1  3.22872E+13 0.01028 
   82   82    1    1    1    1    1    1    1    1  2.46709E+13 0.00773 
   83   83    1    1    1    1    1    1    1    1  2.33042E+13 0.01041 
   84   84    1    1    1    1    1    1    1    1  1.67725E+13 0.01045 
   85   85    1    1    1    1    1    1    1    1  1.19311E+13 0.01328 
   86   86    1    1    1    1    1    1    1    1  1.12384E+13 0.01188 
   87   87    1    1    1    1    1    1    1    1  7.06915E+12 0.01346 
   88   88    1    1    1    1    1    1    1    1  4.85411E+12 0.01790 
   89   89    1    1    1    1    1    1    1    1  2.74490E+12 0.01753 
   90   90    1    1    1    1    1    1    1    1  1.88631E+12 0.02609 
   91   91    1    1    1    1    1    1    1    1  9.52555E+11 0.04010 
   92   92    1    1    1    1    1    1    1    1  4.84688E+11 0.04142 
   93   93    1    1    1    1    1    1    1    1  2.24123E+11 0.05039 
   94   94    1    1    1    1    1    1    1    1  1.10462E+11 0.10835 
   95   95    1    1    1    1    1    1    1    1  4.32043E+10 0.15123 
   96   96    1    1    1    1    1    1    1    1  2.64696E+10 0.16424 
   97   97    1    1    1    1    1    1    1    1  6.30752E+09 0.31812 
   98   98    1    1    1    1    1    1    1    1  3.44634E+09 0.55898 
   99   99    1    1    1    1    1    1    1    1  1.30400E+09 0.72608 
  100  100    1    1    1    1    1    1    1    1  4.18235E+08 1.00000 
];


