
DETdpaspec = [
    1    1    1    1    1    1    1    1    1    1  0.00000E+00 0.00000 
    2    2    1    1    1    1    1    1    1    1  0.00000E+00 0.00000 
    3    3    1    1    1    1    1    1    1    1  0.00000E+00 0.00000 
    4    4    1    1    1    1    1    1    1    1  0.00000E+00 0.00000 
    5    5    1    1    1    1    1    1    1    1  0.00000E+00 0.00000 
    6    6    1    1    1    1    1    1    1    1  1.16830E+07 1.00000 
    7    7    1    1    1    1    1    1    1    1  2.06211E+07 1.00000 
    8    8    1    1    1    1    1    1    1    1  2.38532E+07 1.00000 
    9    9    1    1    1    1    1    1    1    1  6.53310E+07 0.80875 
   10   10    1    1    1    1    1    1    1    1  2.49691E+08 0.48399 
   11   11    1    1    1    1    1    1    1    1  4.24725E+08 0.59008 
   12   12    1    1    1    1    1    1    1    1  3.67039E+08 0.43980 
   13   13    1    1    1    1    1    1    1    1  3.59816E+09 0.28998 
   14   14    1    1    1    1    1    1    1    1  8.86264E+09 0.30010 
   15   15    1    1    1    1    1    1    1    1  1.59350E+10 0.24049 
   16   16    1    1    1    1    1    1    1    1  5.42605E+09 0.29565 
   17   17    1    1    1    1    1    1    1    1  6.89470E+09 0.15896 
   18   18    1    1    1    1    1    1    1    1  2.83781E+10 0.14725 
   19   19    1    1    1    1    1    1    1    1  3.83302E+10 0.10655 
   20   20    1    1    1    1    1    1    1    1  9.60324E+10 0.07412 
   21   21    1    1    1    1    1    1    1    1  9.26813E+10 0.05866 
   22   22    1    1    1    1    1    1    1    1  2.56753E+11 0.05064 
   23   23    1    1    1    1    1    1    1    1  4.27439E+11 0.03167 
   24   24    1    1    1    1    1    1    1    1  8.43012E+11 0.01542 
   25   25    1    1    1    1    1    1    1    1  1.38310E+12 0.01635 
   26   26    1    1    1    1    1    1    1    1  2.86930E+12 0.01312 
   27   27    1    1    1    1    1    1    1    1  5.72167E+12 0.00718 
   28   28    1    1    1    1    1    1    1    1  1.13540E+13 0.00690 
   29   29    1    1    1    1    1    1    1    1  1.42523E+13 0.00601 
   30   30    1    1    1    1    1    1    1    1  3.26848E+13 0.00504 
   31   31    1    1    1    1    1    1    1    1  6.77376E+13 0.00283 
   32   32    1    1    1    1    1    1    1    1  8.96768E+13 0.00288 
   33   33    1    1    1    1    1    1    1    1  1.63678E+14 0.00156 
   34   34    1    1    1    1    1    1    1    1  1.68601E+14 0.00205 
   35   35    1    1    1    1    1    1    1    1  2.37210E+14 0.00200 
   36   36    1    1    1    1    1    1    1    1  2.03170E+14 0.00245 
   37   37    1    1    1    1    1    1    1    1  6.43873E+13 0.00222 
   38   38    1    1    1    1    1    1    1    1  2.82330E+14 0.00222 
   39   39    1    1    1    1    1    1    1    1  3.24183E+14 0.00242 
   40   40    1    1    1    1    1    1    1    1  5.20988E+14 0.00204 
   41   41    1    1    1    1    1    1    1    1  4.90335E+14 0.00207 
   42   42    1    1    1    1    1    1    1    1  8.10559E+14 0.00239 
   43   43    1    1    1    1    1    1    1    1  8.37775E+14 0.00230 
   44   44    1    1    1    1    1    1    1    1  1.03543E+15 0.00220 
   45   45    1    1    1    1    1    1    1    1  1.69532E+15 0.00202 
   46   46    1    1    1    1    1    1    1    1  9.50240E+14 0.00194 
   47   47    1    1    1    1    1    1    1    1  1.27537E+15 0.00191 
   48   48    1    1    1    1    1    1    1    1  1.75954E+15 0.00230 
   49   49    1    1    1    1    1    1    1    1  1.53187E+15 0.00208 
   50   50    1    1    1    1    1    1    1    1  2.30113E+15 0.00222 
   51   51    1    1    1    1    1    1    1    1  1.80208E+15 0.00205 
   52   52    1    1    1    1    1    1    1    1  1.97250E+15 0.00220 
   53   53    1    1    1    1    1    1    1    1  1.42583E+15 0.00230 
   54   54    1    1    1    1    1    1    1    1  1.70426E+15 0.00217 
   55   55    1    1    1    1    1    1    1    1  1.23355E+15 0.00202 
   56   56    1    1    1    1    1    1    1    1  1.71663E+14 0.00231 
   57   57    1    1    1    1    1    1    1    1  2.35151E+15 0.00208 
   58   58    1    1    1    1    1    1    1    1  1.00933E+15 0.00239 
   59   59    1    1    1    1    1    1    1    1  1.11327E+15 0.00229 
   60   60    1    1    1    1    1    1    1    1  8.88082E+14 0.00227 
   61   61    1    1    1    1    1    1    1    1  8.89682E+14 0.00220 
   62   62    1    1    1    1    1    1    1    1  8.72439E+14 0.00236 
   63   63    1    1    1    1    1    1    1    1  7.21879E+14 0.00255 
   64   64    1    1    1    1    1    1    1    1  5.60619E+14 0.00262 
   65   65    1    1    1    1    1    1    1    1  5.42986E+14 0.00257 
   66   66    1    1    1    1    1    1    1    1  4.59462E+14 0.00259 
   67   67    1    1    1    1    1    1    1    1  3.81111E+14 0.00299 
   68   68    1    1    1    1    1    1    1    1  3.33165E+14 0.00207 
   69   69    1    1    1    1    1    1    1    1  4.06779E+14 0.00260 
   70   70    1    1    1    1    1    1    1    1  3.50183E+14 0.00320 
   71   71    1    1    1    1    1    1    1    1  6.68710E+14 0.00256 
   72   72    1    1    1    1    1    1    1    1  4.97712E+14 0.00257 
   73   73    1    1    1    1    1    1    1    1  3.89723E+14 0.00237 
   74   74    1    1    1    1    1    1    1    1  3.14581E+14 0.00248 
   75   75    1    1    1    1    1    1    1    1  2.53673E+14 0.00303 
   76   76    1    1    1    1    1    1    1    1  2.85987E+14 0.00296 
   77   77    1    1    1    1    1    1    1    1  2.18825E+14 0.00329 
   78   78    1    1    1    1    1    1    1    1  1.63944E+14 0.00366 
   79   79    1    1    1    1    1    1    1    1  1.69349E+14 0.00389 
   80   80    1    1    1    1    1    1    1    1  1.26162E+14 0.00386 
   81   81    1    1    1    1    1    1    1    1  9.80785E+13 0.00376 
   82   82    1    1    1    1    1    1    1    1  7.55309E+13 0.00365 
   83   83    1    1    1    1    1    1    1    1  7.06475E+13 0.00435 
   84   84    1    1    1    1    1    1    1    1  5.08352E+13 0.00462 
   85   85    1    1    1    1    1    1    1    1  3.67742E+13 0.00624 
   86   86    1    1    1    1    1    1    1    1  3.44462E+13 0.00663 
   87   87    1    1    1    1    1    1    1    1  2.12386E+13 0.00728 
   88   88    1    1    1    1    1    1    1    1  1.44826E+13 0.00849 
   89   89    1    1    1    1    1    1    1    1  8.22851E+12 0.01154 
   90   90    1    1    1    1    1    1    1    1  5.54810E+12 0.01643 
   91   91    1    1    1    1    1    1    1    1  2.80502E+12 0.01981 
   92   92    1    1    1    1    1    1    1    1  1.38974E+12 0.02065 
   93   93    1    1    1    1    1    1    1    1  6.45756E+11 0.03971 
   94   94    1    1    1    1    1    1    1    1  3.23396E+11 0.03625 
   95   95    1    1    1    1    1    1    1    1  1.44917E+11 0.07046 
   96   96    1    1    1    1    1    1    1    1  7.92465E+10 0.07523 
   97   97    1    1    1    1    1    1    1    1  3.47789E+10 0.17694 
   98   98    1    1    1    1    1    1    1    1  1.87217E+10 0.20968 
   99   99    1    1    1    1    1    1    1    1  7.05734E+09 0.31182 
  100  100    1    1    1    1    1    1    1    1  1.17856E+10 0.30318 
];


