
DETdpaspec = [
    1    1    1    1    1    1    1    1    1    1  0.00000E+00 0.00000 
    2    2    1    1    1    1    1    1    1    1  0.00000E+00 0.00000 
    3    3    1    1    1    1    1    1    1    1  0.00000E+00 0.00000 
    4    4    1    1    1    1    1    1    1    1  0.00000E+00 0.00000 
    5    5    1    1    1    1    1    1    1    1  1.38514E+07 1.00000 
    6    6    1    1    1    1    1    1    1    1  0.00000E+00 0.00000 
    7    7    1    1    1    1    1    1    1    1  1.50755E+07 1.00000 
    8    8    1    1    1    1    1    1    1    1  2.21565E+07 1.00000 
    9    9    1    1    1    1    1    1    1    1  0.00000E+00 0.00000 
   10   10    1    1    1    1    1    1    1    1  2.60906E+08 0.51586 
   11   11    1    1    1    1    1    1    1    1  6.52001E+08 0.36904 
   12   12    1    1    1    1    1    1    1    1  1.37371E+08 0.50808 
   13   13    1    1    1    1    1    1    1    1  3.67416E+09 0.29777 
   14   14    1    1    1    1    1    1    1    1  6.58133E+09 0.25327 
   15   15    1    1    1    1    1    1    1    1  1.63057E+10 0.20008 
   16   16    1    1    1    1    1    1    1    1  3.93928E+09 0.22773 
   17   17    1    1    1    1    1    1    1    1  7.67659E+09 0.13242 
   18   18    1    1    1    1    1    1    1    1  2.74988E+10 0.13474 
   19   19    1    1    1    1    1    1    1    1  3.29504E+10 0.13459 
   20   20    1    1    1    1    1    1    1    1  1.15230E+11 0.07002 
   21   21    1    1    1    1    1    1    1    1  9.02153E+10 0.04882 
   22   22    1    1    1    1    1    1    1    1  2.61028E+11 0.04174 
   23   23    1    1    1    1    1    1    1    1  4.63337E+11 0.03724 
   24   24    1    1    1    1    1    1    1    1  9.78894E+11 0.02407 
   25   25    1    1    1    1    1    1    1    1  1.49947E+12 0.01655 
   26   26    1    1    1    1    1    1    1    1  3.17106E+12 0.01213 
   27   27    1    1    1    1    1    1    1    1  6.28136E+12 0.00579 
   28   28    1    1    1    1    1    1    1    1  1.29717E+13 0.00500 
   29   29    1    1    1    1    1    1    1    1  1.63061E+13 0.00512 
   30   30    1    1    1    1    1    1    1    1  3.76819E+13 0.00531 
   31   31    1    1    1    1    1    1    1    1  7.77840E+13 0.00354 
   32   32    1    1    1    1    1    1    1    1  1.03856E+14 0.00270 
   33   33    1    1    1    1    1    1    1    1  1.89221E+14 0.00266 
   34   34    1    1    1    1    1    1    1    1  1.96219E+14 0.00191 
   35   35    1    1    1    1    1    1    1    1  2.75232E+14 0.00241 
   36   36    1    1    1    1    1    1    1    1  2.35707E+14 0.00233 
   37   37    1    1    1    1    1    1    1    1  7.46307E+13 0.00233 
   38   38    1    1    1    1    1    1    1    1  3.27146E+14 0.00260 
   39   39    1    1    1    1    1    1    1    1  3.76699E+14 0.00213 
   40   40    1    1    1    1    1    1    1    1  6.06675E+14 0.00203 
   41   41    1    1    1    1    1    1    1    1  5.70283E+14 0.00218 
   42   42    1    1    1    1    1    1    1    1  9.43843E+14 0.00217 
   43   43    1    1    1    1    1    1    1    1  9.76271E+14 0.00170 
   44   44    1    1    1    1    1    1    1    1  1.20889E+15 0.00200 
   45   45    1    1    1    1    1    1    1    1  1.98465E+15 0.00245 
   46   46    1    1    1    1    1    1    1    1  1.11500E+15 0.00245 
   47   47    1    1    1    1    1    1    1    1  1.49313E+15 0.00214 
   48   48    1    1    1    1    1    1    1    1  2.06409E+15 0.00194 
   49   49    1    1    1    1    1    1    1    1  1.79721E+15 0.00217 
   50   50    1    1    1    1    1    1    1    1  2.70655E+15 0.00197 
   51   51    1    1    1    1    1    1    1    1  2.11927E+15 0.00213 
   52   52    1    1    1    1    1    1    1    1  2.32712E+15 0.00203 
   53   53    1    1    1    1    1    1    1    1  1.68281E+15 0.00235 
   54   54    1    1    1    1    1    1    1    1  2.01467E+15 0.00209 
   55   55    1    1    1    1    1    1    1    1  1.45795E+15 0.00233 
   56   56    1    1    1    1    1    1    1    1  2.03384E+14 0.00237 
   57   57    1    1    1    1    1    1    1    1  2.78385E+15 0.00225 
   58   58    1    1    1    1    1    1    1    1  1.19899E+15 0.00265 
   59   59    1    1    1    1    1    1    1    1  1.32264E+15 0.00252 
   60   60    1    1    1    1    1    1    1    1  1.05715E+15 0.00247 
   61   61    1    1    1    1    1    1    1    1  1.05704E+15 0.00254 
   62   62    1    1    1    1    1    1    1    1  1.03745E+15 0.00272 
   63   63    1    1    1    1    1    1    1    1  8.59756E+14 0.00255 
   64   64    1    1    1    1    1    1    1    1  6.69432E+14 0.00283 
   65   65    1    1    1    1    1    1    1    1  6.48005E+14 0.00250 
   66   66    1    1    1    1    1    1    1    1  5.48369E+14 0.00270 
   67   67    1    1    1    1    1    1    1    1  4.54842E+14 0.00260 
   68   68    1    1    1    1    1    1    1    1  3.96423E+14 0.00256 
   69   69    1    1    1    1    1    1    1    1  4.84010E+14 0.00243 
   70   70    1    1    1    1    1    1    1    1  4.18211E+14 0.00314 
   71   71    1    1    1    1    1    1    1    1  7.97748E+14 0.00242 
   72   72    1    1    1    1    1    1    1    1  5.92885E+14 0.00232 
   73   73    1    1    1    1    1    1    1    1  4.64407E+14 0.00271 
   74   74    1    1    1    1    1    1    1    1  3.74634E+14 0.00323 
   75   75    1    1    1    1    1    1    1    1  3.03045E+14 0.00236 
   76   76    1    1    1    1    1    1    1    1  3.40999E+14 0.00274 
   77   77    1    1    1    1    1    1    1    1  2.62122E+14 0.00327 
   78   78    1    1    1    1    1    1    1    1  1.97782E+14 0.00344 
   79   79    1    1    1    1    1    1    1    1  2.03167E+14 0.00299 
   80   80    1    1    1    1    1    1    1    1  1.51522E+14 0.00342 
   81   81    1    1    1    1    1    1    1    1  1.17276E+14 0.00326 
   82   82    1    1    1    1    1    1    1    1  9.07206E+13 0.00355 
   83   83    1    1    1    1    1    1    1    1  8.46868E+13 0.00524 
   84   84    1    1    1    1    1    1    1    1  6.05950E+13 0.00349 
   85   85    1    1    1    1    1    1    1    1  4.39172E+13 0.00492 
   86   86    1    1    1    1    1    1    1    1  4.09835E+13 0.00476 
   87   87    1    1    1    1    1    1    1    1  2.57904E+13 0.00659 
   88   88    1    1    1    1    1    1    1    1  1.74435E+13 0.00704 
   89   89    1    1    1    1    1    1    1    1  9.94894E+12 0.01043 
   90   90    1    1    1    1    1    1    1    1  6.69575E+12 0.01103 
   91   91    1    1    1    1    1    1    1    1  3.32695E+12 0.01825 
   92   92    1    1    1    1    1    1    1    1  1.63272E+12 0.01959 
   93   93    1    1    1    1    1    1    1    1  7.73849E+11 0.04448 
   94   94    1    1    1    1    1    1    1    1  3.73293E+11 0.05072 
   95   95    1    1    1    1    1    1    1    1  1.69992E+11 0.05903 
   96   96    1    1    1    1    1    1    1    1  9.25480E+10 0.13317 
   97   97    1    1    1    1    1    1    1    1  6.08561E+10 0.13749 
   98   98    1    1    1    1    1    1    1    1  2.53931E+10 0.16764 
   99   99    1    1    1    1    1    1    1    1  9.21540E+09 0.21757 
  100  100    1    1    1    1    1    1    1    1  7.18811E+09 0.36715 
];


