
DETdpaspec = [
    1    1    1    1    1    1    1    1    1    1  0.00000E+00 0.00000 
    2    2    1    1    1    1    1    1    1    1  0.00000E+00 0.00000 
    3    3    1    1    1    1    1    1    1    1  0.00000E+00 0.00000 
    4    4    1    1    1    1    1    1    1    1  0.00000E+00 0.00000 
    5    5    1    1    1    1    1    1    1    1  1.29805E+07 1.00000 
    6    6    1    1    1    1    1    1    1    1  0.00000E+00 0.00000 
    7    7    1    1    1    1    1    1    1    1  0.00000E+00 0.00000 
    8    8    1    1    1    1    1    1    1    1  2.58135E+07 1.00000 
    9    9    1    1    1    1    1    1    1    1  1.12057E+08 0.59163 
   10   10    1    1    1    1    1    1    1    1  3.21005E+08 0.50263 
   11   11    1    1    1    1    1    1    1    1  8.04777E+07 1.00000 
   12   12    1    1    1    1    1    1    1    1  3.77702E+08 0.43102 
   13   13    1    1    1    1    1    1    1    1  1.85529E+09 0.44913 
   14   14    1    1    1    1    1    1    1    1  2.45955E+09 0.59015 
   15   15    1    1    1    1    1    1    1    1  1.06204E+10 0.19771 
   16   16    1    1    1    1    1    1    1    1  2.27913E+09 0.28840 
   17   17    1    1    1    1    1    1    1    1  8.05190E+09 0.16412 
   18   18    1    1    1    1    1    1    1    1  2.14020E+10 0.18365 
   19   19    1    1    1    1    1    1    1    1  2.09846E+10 0.11992 
   20   20    1    1    1    1    1    1    1    1  4.64972E+10 0.16042 
   21   21    1    1    1    1    1    1    1    1  4.79289E+10 0.08739 
   22   22    1    1    1    1    1    1    1    1  1.25461E+11 0.08118 
   23   23    1    1    1    1    1    1    1    1  2.19240E+11 0.05287 
   24   24    1    1    1    1    1    1    1    1  4.18460E+11 0.03703 
   25   25    1    1    1    1    1    1    1    1  6.65395E+11 0.02847 
   26   26    1    1    1    1    1    1    1    1  1.27160E+12 0.02269 
   27   27    1    1    1    1    1    1    1    1  2.46063E+12 0.01876 
   28   28    1    1    1    1    1    1    1    1  4.61884E+12 0.01554 
   29   29    1    1    1    1    1    1    1    1  5.48194E+12 0.01343 
   30   30    1    1    1    1    1    1    1    1  1.33122E+13 0.00958 
   31   31    1    1    1    1    1    1    1    1  2.68907E+13 0.00692 
   32   32    1    1    1    1    1    1    1    1  3.51472E+13 0.00663 
   33   33    1    1    1    1    1    1    1    1  6.29333E+13 0.00753 
   34   34    1    1    1    1    1    1    1    1  6.41844E+13 0.00604 
   35   35    1    1    1    1    1    1    1    1  9.08628E+13 0.00560 
   36   36    1    1    1    1    1    1    1    1  7.76100E+13 0.00558 
   37   37    1    1    1    1    1    1    1    1  2.46637E+13 0.00617 
   38   38    1    1    1    1    1    1    1    1  1.07096E+14 0.00601 
   39   39    1    1    1    1    1    1    1    1  1.22329E+14 0.00578 
   40   40    1    1    1    1    1    1    1    1  1.94813E+14 0.00562 
   41   41    1    1    1    1    1    1    1    1  1.83379E+14 0.00566 
   42   42    1    1    1    1    1    1    1    1  3.00292E+14 0.00574 
   43   43    1    1    1    1    1    1    1    1  3.08649E+14 0.00525 
   44   44    1    1    1    1    1    1    1    1  3.79278E+14 0.00583 
   45   45    1    1    1    1    1    1    1    1  6.15921E+14 0.00579 
   46   46    1    1    1    1    1    1    1    1  3.43534E+14 0.00624 
   47   47    1    1    1    1    1    1    1    1  4.61037E+14 0.00601 
   48   48    1    1    1    1    1    1    1    1  6.32891E+14 0.00662 
   49   49    1    1    1    1    1    1    1    1  5.51065E+14 0.00652 
   50   50    1    1    1    1    1    1    1    1  8.21764E+14 0.00648 
   51   51    1    1    1    1    1    1    1    1  6.43359E+14 0.00660 
   52   52    1    1    1    1    1    1    1    1  7.00765E+14 0.00686 
   53   53    1    1    1    1    1    1    1    1  5.04808E+14 0.00691 
   54   54    1    1    1    1    1    1    1    1  5.99233E+14 0.00706 
   55   55    1    1    1    1    1    1    1    1  4.33847E+14 0.00646 
   56   56    1    1    1    1    1    1    1    1  6.04440E+13 0.00669 
   57   57    1    1    1    1    1    1    1    1  8.26111E+14 0.00668 
   58   58    1    1    1    1    1    1    1    1  3.52083E+14 0.00683 
   59   59    1    1    1    1    1    1    1    1  3.89080E+14 0.00728 
   60   60    1    1    1    1    1    1    1    1  3.08585E+14 0.00734 
   61   61    1    1    1    1    1    1    1    1  3.07672E+14 0.00701 
   62   62    1    1    1    1    1    1    1    1  3.01436E+14 0.00773 
   63   63    1    1    1    1    1    1    1    1  2.49105E+14 0.00732 
   64   64    1    1    1    1    1    1    1    1  1.92826E+14 0.00694 
   65   65    1    1    1    1    1    1    1    1  1.85990E+14 0.00760 
   66   66    1    1    1    1    1    1    1    1  1.57383E+14 0.00796 
   67   67    1    1    1    1    1    1    1    1  1.30193E+14 0.00780 
   68   68    1    1    1    1    1    1    1    1  1.14358E+14 0.00784 
   69   69    1    1    1    1    1    1    1    1  1.39059E+14 0.00743 
   70   70    1    1    1    1    1    1    1    1  1.19845E+14 0.00718 
   71   71    1    1    1    1    1    1    1    1  2.29457E+14 0.00855 
   72   72    1    1    1    1    1    1    1    1  1.71147E+14 0.00869 
   73   73    1    1    1    1    1    1    1    1  1.33427E+14 0.00812 
   74   74    1    1    1    1    1    1    1    1  1.07557E+14 0.00915 
   75   75    1    1    1    1    1    1    1    1  8.61919E+13 0.00758 
   76   76    1    1    1    1    1    1    1    1  9.67672E+13 0.00879 
   77   77    1    1    1    1    1    1    1    1  7.37311E+13 0.00933 
   78   78    1    1    1    1    1    1    1    1  5.53374E+13 0.00847 
   79   79    1    1    1    1    1    1    1    1  5.70503E+13 0.00931 
   80   80    1    1    1    1    1    1    1    1  4.24594E+13 0.00825 
   81   81    1    1    1    1    1    1    1    1  3.27303E+13 0.00934 
   82   82    1    1    1    1    1    1    1    1  2.52069E+13 0.00955 
   83   83    1    1    1    1    1    1    1    1  2.35367E+13 0.00816 
   84   84    1    1    1    1    1    1    1    1  1.68617E+13 0.01141 
   85   85    1    1    1    1    1    1    1    1  1.21857E+13 0.00988 
   86   86    1    1    1    1    1    1    1    1  1.13016E+13 0.01121 
   87   87    1    1    1    1    1    1    1    1  7.12446E+12 0.01252 
   88   88    1    1    1    1    1    1    1    1  4.81587E+12 0.01458 
   89   89    1    1    1    1    1    1    1    1  2.81761E+12 0.02186 
   90   90    1    1    1    1    1    1    1    1  1.89150E+12 0.01730 
   91   91    1    1    1    1    1    1    1    1  9.80114E+11 0.02569 
   92   92    1    1    1    1    1    1    1    1  4.61760E+11 0.04295 
   93   93    1    1    1    1    1    1    1    1  2.06943E+11 0.05926 
   94   94    1    1    1    1    1    1    1    1  8.54667E+10 0.12385 
   95   95    1    1    1    1    1    1    1    1  3.94826E+10 0.15433 
   96   96    1    1    1    1    1    1    1    1  1.98277E+10 0.17768 
   97   97    1    1    1    1    1    1    1    1  1.00864E+10 0.23250 
   98   98    1    1    1    1    1    1    1    1  5.10414E+09 0.32786 
   99   99    1    1    1    1    1    1    1    1  1.69462E+09 0.58110 
  100  100    1    1    1    1    1    1    1    1  3.46025E+09 0.71633 
];


