
DETdpaspec = [
    1    1    1    1    1    1    1    1    1    1  0.00000E+00 0.00000 
    2    2    1    1    1    1    1    1    1    1  0.00000E+00 0.00000 
    3    3    1    1    1    1    1    1    1    1  1.40297E+07 1.00000 
    4    4    1    1    1    1    1    1    1    1  1.42439E+07 1.00000 
    5    5    1    1    1    1    1    1    1    1  0.00000E+00 0.00000 
    6    6    1    1    1    1    1    1    1    1  0.00000E+00 0.00000 
    7    7    1    1    1    1    1    1    1    1  0.00000E+00 0.00000 
    8    8    1    1    1    1    1    1    1    1  1.11279E+08 0.56892 
    9    9    1    1    1    1    1    1    1    1  5.54337E+07 0.70870 
   10   10    1    1    1    1    1    1    1    1  1.79080E+08 0.54729 
   11   11    1    1    1    1    1    1    1    1  3.05332E+08 0.40469 
   12   12    1    1    1    1    1    1    1    1  1.80342E+08 0.56986 
   13   13    1    1    1    1    1    1    1    1  5.80426E+09 0.25132 
   14   14    1    1    1    1    1    1    1    1  1.24540E+10 0.23759 
   15   15    1    1    1    1    1    1    1    1  1.74514E+10 0.26054 
   16   16    1    1    1    1    1    1    1    1  6.28761E+09 0.10954 
   17   17    1    1    1    1    1    1    1    1  1.70134E+10 0.12791 
   18   18    1    1    1    1    1    1    1    1  3.40836E+10 0.11107 
   19   19    1    1    1    1    1    1    1    1  4.06359E+10 0.08661 
   20   20    1    1    1    1    1    1    1    1  1.07114E+11 0.07705 
   21   21    1    1    1    1    1    1    1    1  1.03593E+11 0.05927 
   22   22    1    1    1    1    1    1    1    1  3.21762E+11 0.05745 
   23   23    1    1    1    1    1    1    1    1  6.38003E+11 0.03218 
   24   24    1    1    1    1    1    1    1    1  1.36538E+12 0.02086 
   25   25    1    1    1    1    1    1    1    1  2.25630E+12 0.01746 
   26   26    1    1    1    1    1    1    1    1  4.98066E+12 0.01368 
   27   27    1    1    1    1    1    1    1    1  9.75509E+12 0.01013 
   28   28    1    1    1    1    1    1    1    1  2.06932E+13 0.00481 
   29   29    1    1    1    1    1    1    1    1  2.71367E+13 0.00538 
   30   30    1    1    1    1    1    1    1    1  6.02941E+13 0.00330 
   31   31    1    1    1    1    1    1    1    1  1.25660E+14 0.00323 
   32   32    1    1    1    1    1    1    1    1  1.68675E+14 0.00258 
   33   33    1    1    1    1    1    1    1    1  3.07939E+14 0.00181 
   34   34    1    1    1    1    1    1    1    1  3.26623E+14 0.00196 
   35   35    1    1    1    1    1    1    1    1  4.48019E+14 0.00154 
   36   36    1    1    1    1    1    1    1    1  3.83142E+14 0.00153 
   37   37    1    1    1    1    1    1    1    1  1.20647E+14 0.00149 
   38   38    1    1    1    1    1    1    1    1  5.36131E+14 0.00154 
   39   39    1    1    1    1    1    1    1    1  6.16526E+14 0.00171 
   40   40    1    1    1    1    1    1    1    1  1.00716E+15 0.00139 
   41   41    1    1    1    1    1    1    1    1  9.39781E+14 0.00125 
   42   42    1    1    1    1    1    1    1    1  1.56927E+15 0.00138 
   43   43    1    1    1    1    1    1    1    1  1.62925E+15 0.00123 
   44   44    1    1    1    1    1    1    1    1  2.02803E+15 0.00128 
   45   45    1    1    1    1    1    1    1    1  3.35506E+15 0.00120 
   46   46    1    1    1    1    1    1    1    1  1.89961E+15 0.00116 
   47   47    1    1    1    1    1    1    1    1  2.54218E+15 0.00112 
   48   48    1    1    1    1    1    1    1    1  3.54068E+15 0.00126 
   49   49    1    1    1    1    1    1    1    1  3.08061E+15 0.00111 
   50   50    1    1    1    1    1    1    1    1  4.68265E+15 0.00122 
   51   51    1    1    1    1    1    1    1    1  3.66552E+15 0.00114 
   52   52    1    1    1    1    1    1    1    1  4.05659E+15 0.00120 
   53   53    1    1    1    1    1    1    1    1  2.93888E+15 0.00150 
   54   54    1    1    1    1    1    1    1    1  3.54474E+15 0.00116 
   55   55    1    1    1    1    1    1    1    1  2.57193E+15 0.00130 
   56   56    1    1    1    1    1    1    1    1  3.59260E+14 0.00131 
   57   57    1    1    1    1    1    1    1    1  4.92089E+15 0.00121 
   58   58    1    1    1    1    1    1    1    1  2.14106E+15 0.00114 
   59   59    1    1    1    1    1    1    1    1  2.35938E+15 0.00123 
   60   60    1    1    1    1    1    1    1    1  1.90552E+15 0.00149 
   61   61    1    1    1    1    1    1    1    1  1.90554E+15 0.00135 
   62   62    1    1    1    1    1    1    1    1  1.87595E+15 0.00125 
   63   63    1    1    1    1    1    1    1    1  1.56233E+15 0.00134 
   64   64    1    1    1    1    1    1    1    1  1.22081E+15 0.00132 
   65   65    1    1    1    1    1    1    1    1  1.17965E+15 0.00139 
   66   66    1    1    1    1    1    1    1    1  1.00255E+15 0.00122 
   67   67    1    1    1    1    1    1    1    1  8.31177E+14 0.00132 
   68   68    1    1    1    1    1    1    1    1  7.26188E+14 0.00114 
   69   69    1    1    1    1    1    1    1    1  8.89284E+14 0.00115 
   70   70    1    1    1    1    1    1    1    1  7.67219E+14 0.00155 
   71   71    1    1    1    1    1    1    1    1  1.45820E+15 0.00126 
   72   72    1    1    1    1    1    1    1    1  1.08430E+15 0.00165 
   73   73    1    1    1    1    1    1    1    1  8.49091E+14 0.00147 
   74   74    1    1    1    1    1    1    1    1  6.90444E+14 0.00166 
   75   75    1    1    1    1    1    1    1    1  5.61231E+14 0.00187 
   76   76    1    1    1    1    1    1    1    1  6.36775E+14 0.00101 
   77   77    1    1    1    1    1    1    1    1  4.93148E+14 0.00177 
   78   78    1    1    1    1    1    1    1    1  3.72077E+14 0.00194 
   79   79    1    1    1    1    1    1    1    1  3.83748E+14 0.00140 
   80   80    1    1    1    1    1    1    1    1  2.89038E+14 0.00232 
   81   81    1    1    1    1    1    1    1    1  2.23471E+14 0.00259 
   82   82    1    1    1    1    1    1    1    1  1.72849E+14 0.00270 
   83   83    1    1    1    1    1    1    1    1  1.61411E+14 0.00294 
   84   84    1    1    1    1    1    1    1    1  1.15924E+14 0.00310 
   85   85    1    1    1    1    1    1    1    1  8.36580E+13 0.00313 
   86   86    1    1    1    1    1    1    1    1  7.87096E+13 0.00395 
   87   87    1    1    1    1    1    1    1    1  4.88365E+13 0.00312 
   88   88    1    1    1    1    1    1    1    1  3.28957E+13 0.00546 
   89   89    1    1    1    1    1    1    1    1  1.90898E+13 0.00672 
   90   90    1    1    1    1    1    1    1    1  1.25891E+13 0.01136 
   91   91    1    1    1    1    1    1    1    1  6.38019E+12 0.01276 
   92   92    1    1    1    1    1    1    1    1  3.13745E+12 0.01736 
   93   93    1    1    1    1    1    1    1    1  1.45611E+12 0.03261 
   94   94    1    1    1    1    1    1    1    1  7.29628E+11 0.04329 
   95   95    1    1    1    1    1    1    1    1  3.54688E+11 0.06127 
   96   96    1    1    1    1    1    1    1    1  1.80929E+11 0.06607 
   97   97    1    1    1    1    1    1    1    1  1.00352E+11 0.12616 
   98   98    1    1    1    1    1    1    1    1  3.88927E+10 0.14957 
   99   99    1    1    1    1    1    1    1    1  2.07784E+10 0.18976 
  100  100    1    1    1    1    1    1    1    1  1.79522E+10 0.16913 
];


