
DETdpaspec = [
    1    1    1    1    1    1    1    1    1    1  0.00000E+00 0.00000 
    2    2    1    1    1    1    1    1    1    1  0.00000E+00 0.00000 
    3    3    1    1    1    1    1    1    1    1  0.00000E+00 0.00000 
    4    4    1    1    1    1    1    1    1    1  0.00000E+00 0.00000 
    5    5    1    1    1    1    1    1    1    1  0.00000E+00 0.00000 
    6    6    1    1    1    1    1    1    1    1  0.00000E+00 0.00000 
    7    7    1    1    1    1    1    1    1    1  2.29120E+07 1.00000 
    8    8    1    1    1    1    1    1    1    1  2.66893E+07 1.00000 
    9    9    1    1    1    1    1    1    1    1  1.56183E+07 1.00000 
   10   10    1    1    1    1    1    1    1    1  2.35759E+08 0.60467 
   11   11    1    1    1    1    1    1    1    1  6.20798E+07 1.00000 
   12   12    1    1    1    1    1    1    1    1  2.30368E+08 0.35463 
   13   13    1    1    1    1    1    1    1    1  2.06520E+09 0.44305 
   14   14    1    1    1    1    1    1    1    1  3.16029E+09 0.30373 
   15   15    1    1    1    1    1    1    1    1  7.57292E+09 0.27048 
   16   16    1    1    1    1    1    1    1    1  3.65298E+09 0.24477 
   17   17    1    1    1    1    1    1    1    1  6.14011E+09 0.22843 
   18   18    1    1    1    1    1    1    1    1  1.95711E+10 0.11798 
   19   19    1    1    1    1    1    1    1    1  2.09728E+10 0.15719 
   20   20    1    1    1    1    1    1    1    1  5.49150E+10 0.12634 
   21   21    1    1    1    1    1    1    1    1  5.05476E+10 0.10604 
   22   22    1    1    1    1    1    1    1    1  1.42846E+11 0.09687 
   23   23    1    1    1    1    1    1    1    1  2.46966E+11 0.05173 
   24   24    1    1    1    1    1    1    1    1  4.31162E+11 0.02751 
   25   25    1    1    1    1    1    1    1    1  6.25474E+11 0.02901 
   26   26    1    1    1    1    1    1    1    1  1.25859E+12 0.02518 
   27   27    1    1    1    1    1    1    1    1  2.38759E+12 0.01726 
   28   28    1    1    1    1    1    1    1    1  4.55861E+12 0.01463 
   29   29    1    1    1    1    1    1    1    1  5.53521E+12 0.00692 
   30   30    1    1    1    1    1    1    1    1  1.33408E+13 0.00840 
   31   31    1    1    1    1    1    1    1    1  2.72851E+13 0.00803 
   32   32    1    1    1    1    1    1    1    1  3.55342E+13 0.00587 
   33   33    1    1    1    1    1    1    1    1  6.39633E+13 0.00693 
   34   34    1    1    1    1    1    1    1    1  6.49728E+13 0.00626 
   35   35    1    1    1    1    1    1    1    1  9.22138E+13 0.00635 
   36   36    1    1    1    1    1    1    1    1  7.87127E+13 0.00630 
   37   37    1    1    1    1    1    1    1    1  2.49947E+13 0.00629 
   38   38    1    1    1    1    1    1    1    1  1.08512E+14 0.00652 
   39   39    1    1    1    1    1    1    1    1  1.24029E+14 0.00709 
   40   40    1    1    1    1    1    1    1    1  1.97111E+14 0.00638 
   41   41    1    1    1    1    1    1    1    1  1.85841E+14 0.00591 
   42   42    1    1    1    1    1    1    1    1  3.04643E+14 0.00624 
   43   43    1    1    1    1    1    1    1    1  3.13536E+14 0.00602 
   44   44    1    1    1    1    1    1    1    1  3.84313E+14 0.00598 
   45   45    1    1    1    1    1    1    1    1  6.27749E+14 0.00621 
   46   46    1    1    1    1    1    1    1    1  3.49105E+14 0.00600 
   47   47    1    1    1    1    1    1    1    1  4.68010E+14 0.00624 
   48   48    1    1    1    1    1    1    1    1  6.43798E+14 0.00585 
   49   49    1    1    1    1    1    1    1    1  5.60044E+14 0.00611 
   50   50    1    1    1    1    1    1    1    1  8.33998E+14 0.00629 
   51   51    1    1    1    1    1    1    1    1  6.52885E+14 0.00651 
   52   52    1    1    1    1    1    1    1    1  7.09725E+14 0.00615 
   53   53    1    1    1    1    1    1    1    1  5.11393E+14 0.00655 
   54   54    1    1    1    1    1    1    1    1  6.07929E+14 0.00689 
   55   55    1    1    1    1    1    1    1    1  4.39732E+14 0.00689 
   56   56    1    1    1    1    1    1    1    1  6.13394E+13 0.00772 
   57   57    1    1    1    1    1    1    1    1  8.36510E+14 0.00708 
   58   58    1    1    1    1    1    1    1    1  3.57241E+14 0.00707 
   59   59    1    1    1    1    1    1    1    1  3.94107E+14 0.00736 
   60   60    1    1    1    1    1    1    1    1  3.12193E+14 0.00733 
   61   61    1    1    1    1    1    1    1    1  3.11719E+14 0.00768 
   62   62    1    1    1    1    1    1    1    1  3.06304E+14 0.00690 
   63   63    1    1    1    1    1    1    1    1  2.52172E+14 0.00807 
   64   64    1    1    1    1    1    1    1    1  1.95473E+14 0.00767 
   65   65    1    1    1    1    1    1    1    1  1.89277E+14 0.00807 
   66   66    1    1    1    1    1    1    1    1  1.58290E+14 0.00753 
   67   67    1    1    1    1    1    1    1    1  1.32206E+14 0.00798 
   68   68    1    1    1    1    1    1    1    1  1.15909E+14 0.00727 
   69   69    1    1    1    1    1    1    1    1  1.40688E+14 0.00612 
   70   70    1    1    1    1    1    1    1    1  1.21529E+14 0.00823 
   71   71    1    1    1    1    1    1    1    1  2.31912E+14 0.00734 
   72   72    1    1    1    1    1    1    1    1  1.72638E+14 0.00733 
   73   73    1    1    1    1    1    1    1    1  1.36034E+14 0.00718 
   74   74    1    1    1    1    1    1    1    1  1.08271E+14 0.00810 
   75   75    1    1    1    1    1    1    1    1  8.68695E+13 0.00711 
   76   76    1    1    1    1    1    1    1    1  9.75271E+13 0.00776 
   77   77    1    1    1    1    1    1    1    1  7.47032E+13 0.00871 
   78   78    1    1    1    1    1    1    1    1  5.52897E+13 0.00626 
   79   79    1    1    1    1    1    1    1    1  5.71791E+13 0.00875 
   80   80    1    1    1    1    1    1    1    1  4.29195E+13 0.00960 
   81   81    1    1    1    1    1    1    1    1  3.26332E+13 0.00788 
   82   82    1    1    1    1    1    1    1    1  2.55351E+13 0.00838 
   83   83    1    1    1    1    1    1    1    1  2.37389E+13 0.01120 
   84   84    1    1    1    1    1    1    1    1  1.71196E+13 0.01039 
   85   85    1    1    1    1    1    1    1    1  1.20703E+13 0.01191 
   86   86    1    1    1    1    1    1    1    1  1.14926E+13 0.01368 
   87   87    1    1    1    1    1    1    1    1  7.07205E+12 0.01459 
   88   88    1    1    1    1    1    1    1    1  4.92820E+12 0.01225 
   89   89    1    1    1    1    1    1    1    1  2.86303E+12 0.02382 
   90   90    1    1    1    1    1    1    1    1  1.85259E+12 0.01726 
   91   91    1    1    1    1    1    1    1    1  9.62197E+11 0.02935 
   92   92    1    1    1    1    1    1    1    1  4.94673E+11 0.04370 
   93   93    1    1    1    1    1    1    1    1  2.10745E+11 0.07375 
   94   94    1    1    1    1    1    1    1    1  9.46966E+10 0.09968 
   95   95    1    1    1    1    1    1    1    1  5.65902E+10 0.09459 
   96   96    1    1    1    1    1    1    1    1  2.24208E+10 0.18007 
   97   97    1    1    1    1    1    1    1    1  1.30559E+10 0.32065 
   98   98    1    1    1    1    1    1    1    1  5.48841E+09 0.43591 
   99   99    1    1    1    1    1    1    1    1  5.57261E+09 0.38951 
  100  100    1    1    1    1    1    1    1    1  2.15184E+09 0.63621 
];


