
DETdpaspec = [
    1    1    1    1    1    1    1    1    1    1  0.00000E+00 0.00000 
    2    2    1    1    1    1    1    1    1    1  0.00000E+00 0.00000 
    3    3    1    1    1    1    1    1    1    1  0.00000E+00 0.00000 
    4    4    1    1    1    1    1    1    1    1  1.64185E+07 1.00000 
    5    5    1    1    1    1    1    1    1    1  1.55374E+07 1.00000 
    6    6    1    1    1    1    1    1    1    1  2.80485E+07 1.00000 
    7    7    1    1    1    1    1    1    1    1  6.66117E+07 0.55065 
    8    8    1    1    1    1    1    1    1    1  3.17774E+07 0.68856 
    9    9    1    1    1    1    1    1    1    1  6.43220E+07 0.56673 
   10   10    1    1    1    1    1    1    1    1  4.74871E+08 0.53383 
   11   11    1    1    1    1    1    1    1    1  8.02119E+08 0.50309 
   12   12    1    1    1    1    1    1    1    1  3.31326E+08 0.32387 
   13   13    1    1    1    1    1    1    1    1  3.32488E+09 0.28774 
   14   14    1    1    1    1    1    1    1    1  9.44508E+09 0.25798 
   15   15    1    1    1    1    1    1    1    1  1.43306E+10 0.13135 
   16   16    1    1    1    1    1    1    1    1  6.48507E+09 0.17338 
   17   17    1    1    1    1    1    1    1    1  1.14654E+10 0.16876 
   18   18    1    1    1    1    1    1    1    1  3.66227E+10 0.11829 
   19   19    1    1    1    1    1    1    1    1  4.27253E+10 0.08380 
   20   20    1    1    1    1    1    1    1    1  1.32651E+11 0.07085 
   21   21    1    1    1    1    1    1    1    1  1.06007E+11 0.05110 
   22   22    1    1    1    1    1    1    1    1  3.16374E+11 0.03671 
   23   23    1    1    1    1    1    1    1    1  6.43813E+11 0.02654 
   24   24    1    1    1    1    1    1    1    1  1.44012E+12 0.02487 
   25   25    1    1    1    1    1    1    1    1  2.43540E+12 0.01639 
   26   26    1    1    1    1    1    1    1    1  5.19162E+12 0.01239 
   27   27    1    1    1    1    1    1    1    1  1.01404E+13 0.01026 
   28   28    1    1    1    1    1    1    1    1  2.15500E+13 0.00592 
   29   29    1    1    1    1    1    1    1    1  2.85673E+13 0.00587 
   30   30    1    1    1    1    1    1    1    1  6.26825E+13 0.00334 
   31   31    1    1    1    1    1    1    1    1  1.30859E+14 0.00386 
   32   32    1    1    1    1    1    1    1    1  1.75004E+14 0.00273 
   33   33    1    1    1    1    1    1    1    1  3.20205E+14 0.00213 
   34   34    1    1    1    1    1    1    1    1  3.40431E+14 0.00197 
   35   35    1    1    1    1    1    1    1    1  4.65299E+14 0.00180 
   36   36    1    1    1    1    1    1    1    1  3.98485E+14 0.00141 
   37   37    1    1    1    1    1    1    1    1  1.25113E+14 0.00135 
   38   38    1    1    1    1    1    1    1    1  5.56952E+14 0.00153 
   39   39    1    1    1    1    1    1    1    1  6.39878E+14 0.00182 
   40   40    1    1    1    1    1    1    1    1  1.04736E+15 0.00176 
   41   41    1    1    1    1    1    1    1    1  9.76317E+14 0.00146 
   42   42    1    1    1    1    1    1    1    1  1.63374E+15 0.00145 
   43   43    1    1    1    1    1    1    1    1  1.69575E+15 0.00138 
   44   44    1    1    1    1    1    1    1    1  2.11617E+15 0.00111 
   45   45    1    1    1    1    1    1    1    1  3.50256E+15 0.00119 
   46   46    1    1    1    1    1    1    1    1  1.98340E+15 0.00143 
   47   47    1    1    1    1    1    1    1    1  2.65023E+15 0.00114 
   48   48    1    1    1    1    1    1    1    1  3.69244E+15 0.00112 
   49   49    1    1    1    1    1    1    1    1  3.21409E+15 0.00128 
   50   50    1    1    1    1    1    1    1    1  4.89128E+15 0.00121 
   51   51    1    1    1    1    1    1    1    1  3.83240E+15 0.00129 
   52   52    1    1    1    1    1    1    1    1  4.24044E+15 0.00115 
   53   53    1    1    1    1    1    1    1    1  3.07364E+15 0.00122 
   54   54    1    1    1    1    1    1    1    1  3.71290E+15 0.00099 
   55   55    1    1    1    1    1    1    1    1  2.69424E+15 0.00120 
   56   56    1    1    1    1    1    1    1    1  3.75320E+14 0.00116 
   57   57    1    1    1    1    1    1    1    1  5.15369E+15 0.00129 
   58   58    1    1    1    1    1    1    1    1  2.24506E+15 0.00151 
   59   59    1    1    1    1    1    1    1    1  2.47594E+15 0.00118 
   60   60    1    1    1    1    1    1    1    1  1.99853E+15 0.00133 
   61   61    1    1    1    1    1    1    1    1  2.00049E+15 0.00134 
   62   62    1    1    1    1    1    1    1    1  1.96570E+15 0.00142 
   63   63    1    1    1    1    1    1    1    1  1.64013E+15 0.00142 
   64   64    1    1    1    1    1    1    1    1  1.28152E+15 0.00170 
   65   65    1    1    1    1    1    1    1    1  1.23985E+15 0.00149 
   66   66    1    1    1    1    1    1    1    1  1.05467E+15 0.00132 
   67   67    1    1    1    1    1    1    1    1  8.73771E+14 0.00154 
   68   68    1    1    1    1    1    1    1    1  7.64063E+14 0.00167 
   69   69    1    1    1    1    1    1    1    1  9.34755E+14 0.00136 
   70   70    1    1    1    1    1    1    1    1  8.05303E+14 0.00165 
   71   71    1    1    1    1    1    1    1    1  1.53104E+15 0.00170 
   72   72    1    1    1    1    1    1    1    1  1.13666E+15 0.00160 
   73   73    1    1    1    1    1    1    1    1  8.93850E+14 0.00207 
   74   74    1    1    1    1    1    1    1    1  7.25860E+14 0.00227 
   75   75    1    1    1    1    1    1    1    1  5.90205E+14 0.00198 
   76   76    1    1    1    1    1    1    1    1  6.70740E+14 0.00171 
   77   77    1    1    1    1    1    1    1    1  5.19862E+14 0.00209 
   78   78    1    1    1    1    1    1    1    1  3.92681E+14 0.00253 
   79   79    1    1    1    1    1    1    1    1  4.07071E+14 0.00208 
   80   80    1    1    1    1    1    1    1    1  3.04527E+14 0.00222 
   81   81    1    1    1    1    1    1    1    1  2.36130E+14 0.00205 
   82   82    1    1    1    1    1    1    1    1  1.82758E+14 0.00236 
   83   83    1    1    1    1    1    1    1    1  1.70821E+14 0.00272 
   84   84    1    1    1    1    1    1    1    1  1.22395E+14 0.00303 
   85   85    1    1    1    1    1    1    1    1  8.85607E+13 0.00329 
   86   86    1    1    1    1    1    1    1    1  8.29565E+13 0.00424 
   87   87    1    1    1    1    1    1    1    1  5.15508E+13 0.00388 
   88   88    1    1    1    1    1    1    1    1  3.51264E+13 0.00653 
   89   89    1    1    1    1    1    1    1    1  2.04473E+13 0.00553 
   90   90    1    1    1    1    1    1    1    1  1.33216E+13 0.01015 
   91   91    1    1    1    1    1    1    1    1  6.77153E+12 0.01059 
   92   92    1    1    1    1    1    1    1    1  3.31647E+12 0.02032 
   93   93    1    1    1    1    1    1    1    1  1.58145E+12 0.02286 
   94   94    1    1    1    1    1    1    1    1  7.74928E+11 0.03237 
   95   95    1    1    1    1    1    1    1    1  3.62439E+11 0.05150 
   96   96    1    1    1    1    1    1    1    1  1.76187E+11 0.07659 
   97   97    1    1    1    1    1    1    1    1  8.22979E+10 0.11615 
   98   98    1    1    1    1    1    1    1    1  4.22905E+10 0.17269 
   99   99    1    1    1    1    1    1    1    1  2.38235E+10 0.18242 
  100  100    1    1    1    1    1    1    1    1  2.14058E+10 0.25300 
];


