
DETdpaspec = [
    1    1    1    1    1    1    1    1    1    1  0.00000E+00 0.00000 
    2    2    1    1    1    1    1    1    1    1  0.00000E+00 0.00000 
    3    3    1    1    1    1    1    1    1    1  0.00000E+00 0.00000 
    4    4    1    1    1    1    1    1    1    1  0.00000E+00 0.00000 
    5    5    1    1    1    1    1    1    1    1  0.00000E+00 0.00000 
    6    6    1    1    1    1    1    1    1    1  1.22308E+07 1.00000 
    7    7    1    1    1    1    1    1    1    1  4.71687E+07 0.68860 
    8    8    1    1    1    1    1    1    1    1  9.91467E+07 0.45887 
    9    9    1    1    1    1    1    1    1    1  1.26616E+08 0.50730 
   10   10    1    1    1    1    1    1    1    1  3.63175E+08 0.37217 
   11   11    1    1    1    1    1    1    1    1  8.94261E+08 0.41777 
   12   12    1    1    1    1    1    1    1    1  4.09035E+08 0.36287 
   13   13    1    1    1    1    1    1    1    1  3.50581E+09 0.26671 
   14   14    1    1    1    1    1    1    1    1  4.64041E+09 0.28813 
   15   15    1    1    1    1    1    1    1    1  8.67372E+09 0.22767 
   16   16    1    1    1    1    1    1    1    1  7.64888E+09 0.19382 
   17   17    1    1    1    1    1    1    1    1  1.07406E+10 0.12695 
   18   18    1    1    1    1    1    1    1    1  2.84930E+10 0.12472 
   19   19    1    1    1    1    1    1    1    1  3.62402E+10 0.09884 
   20   20    1    1    1    1    1    1    1    1  1.03932E+11 0.05925 
   21   21    1    1    1    1    1    1    1    1  9.18272E+10 0.05462 
   22   22    1    1    1    1    1    1    1    1  2.72935E+11 0.06037 
   23   23    1    1    1    1    1    1    1    1  4.76752E+11 0.02948 
   24   24    1    1    1    1    1    1    1    1  9.59708E+11 0.02915 
   25   25    1    1    1    1    1    1    1    1  1.49635E+12 0.02710 
   26   26    1    1    1    1    1    1    1    1  3.17932E+12 0.01479 
   27   27    1    1    1    1    1    1    1    1  6.33239E+12 0.01145 
   28   28    1    1    1    1    1    1    1    1  1.25553E+13 0.00586 
   29   29    1    1    1    1    1    1    1    1  1.57121E+13 0.00529 
   30   30    1    1    1    1    1    1    1    1  3.62269E+13 0.00489 
   31   31    1    1    1    1    1    1    1    1  7.55728E+13 0.00466 
   32   32    1    1    1    1    1    1    1    1  1.00466E+14 0.00271 
   33   33    1    1    1    1    1    1    1    1  1.82917E+14 0.00294 
   34   34    1    1    1    1    1    1    1    1  1.89164E+14 0.00284 
   35   35    1    1    1    1    1    1    1    1  2.66407E+14 0.00264 
   36   36    1    1    1    1    1    1    1    1  2.27861E+14 0.00251 
   37   37    1    1    1    1    1    1    1    1  7.24065E+13 0.00219 
   38   38    1    1    1    1    1    1    1    1  3.17368E+14 0.00271 
   39   39    1    1    1    1    1    1    1    1  3.63945E+14 0.00254 
   40   40    1    1    1    1    1    1    1    1  5.87013E+14 0.00226 
   41   41    1    1    1    1    1    1    1    1  5.51509E+14 0.00220 
   42   42    1    1    1    1    1    1    1    1  9.12162E+14 0.00214 
   43   43    1    1    1    1    1    1    1    1  9.43552E+14 0.00211 
   44   44    1    1    1    1    1    1    1    1  1.16651E+15 0.00221 
   45   45    1    1    1    1    1    1    1    1  1.91240E+15 0.00219 
   46   46    1    1    1    1    1    1    1    1  1.07272E+15 0.00219 
   47   47    1    1    1    1    1    1    1    1  1.44026E+15 0.00191 
   48   48    1    1    1    1    1    1    1    1  1.98997E+15 0.00207 
   49   49    1    1    1    1    1    1    1    1  1.73245E+15 0.00189 
   50   50    1    1    1    1    1    1    1    1  2.60493E+15 0.00193 
   51   51    1    1    1    1    1    1    1    1  2.04278E+15 0.00193 
   52   52    1    1    1    1    1    1    1    1  2.23810E+15 0.00203 
   53   53    1    1    1    1    1    1    1    1  1.61792E+15 0.00236 
   54   54    1    1    1    1    1    1    1    1  1.93460E+15 0.00206 
   55   55    1    1    1    1    1    1    1    1  1.40227E+15 0.00232 
   56   56    1    1    1    1    1    1    1    1  1.95624E+14 0.00267 
   57   57    1    1    1    1    1    1    1    1  2.67696E+15 0.00231 
   58   58    1    1    1    1    1    1    1    1  1.15156E+15 0.00234 
   59   59    1    1    1    1    1    1    1    1  1.27148E+15 0.00229 
   60   60    1    1    1    1    1    1    1    1  1.01459E+15 0.00253 
   61   61    1    1    1    1    1    1    1    1  1.01609E+15 0.00259 
   62   62    1    1    1    1    1    1    1    1  9.96386E+14 0.00238 
   63   63    1    1    1    1    1    1    1    1  8.25742E+14 0.00265 
   64   64    1    1    1    1    1    1    1    1  6.43701E+14 0.00266 
   65   65    1    1    1    1    1    1    1    1  6.22038E+14 0.00260 
   66   66    1    1    1    1    1    1    1    1  5.25815E+14 0.00273 
   67   67    1    1    1    1    1    1    1    1  4.37021E+14 0.00257 
   68   68    1    1    1    1    1    1    1    1  3.80517E+14 0.00257 
   69   69    1    1    1    1    1    1    1    1  4.65213E+14 0.00287 
   70   70    1    1    1    1    1    1    1    1  4.01327E+14 0.00320 
   71   71    1    1    1    1    1    1    1    1  7.67009E+14 0.00314 
   72   72    1    1    1    1    1    1    1    1  5.69521E+14 0.00301 
   73   73    1    1    1    1    1    1    1    1  4.45879E+14 0.00294 
   74   74    1    1    1    1    1    1    1    1  3.60044E+14 0.00312 
   75   75    1    1    1    1    1    1    1    1  2.90739E+14 0.00347 
   76   76    1    1    1    1    1    1    1    1  3.28538E+14 0.00314 
   77   77    1    1    1    1    1    1    1    1  2.51838E+14 0.00287 
   78   78    1    1    1    1    1    1    1    1  1.89419E+14 0.00330 
   79   79    1    1    1    1    1    1    1    1  1.95000E+14 0.00346 
   80   80    1    1    1    1    1    1    1    1  1.45873E+14 0.00365 
   81   81    1    1    1    1    1    1    1    1  1.12918E+14 0.00459 
   82   82    1    1    1    1    1    1    1    1  8.71284E+13 0.00360 
   83   83    1    1    1    1    1    1    1    1  8.11443E+13 0.00435 
   84   84    1    1    1    1    1    1    1    1  5.85483E+13 0.00448 
   85   85    1    1    1    1    1    1    1    1  4.23598E+13 0.00398 
   86   86    1    1    1    1    1    1    1    1  3.96151E+13 0.00566 
   87   87    1    1    1    1    1    1    1    1  2.45782E+13 0.00741 
   88   88    1    1    1    1    1    1    1    1  1.66498E+13 0.00828 
   89   89    1    1    1    1    1    1    1    1  9.72259E+12 0.01406 
   90   90    1    1    1    1    1    1    1    1  6.47554E+12 0.01089 
   91   91    1    1    1    1    1    1    1    1  3.11459E+12 0.01918 
   92   92    1    1    1    1    1    1    1    1  1.62736E+12 0.02681 
   93   93    1    1    1    1    1    1    1    1  7.79269E+11 0.03802 
   94   94    1    1    1    1    1    1    1    1  3.74392E+11 0.04813 
   95   95    1    1    1    1    1    1    1    1  1.58063E+11 0.05821 
   96   96    1    1    1    1    1    1    1    1  9.40336E+10 0.09402 
   97   97    1    1    1    1    1    1    1    1  4.35655E+10 0.09719 
   98   98    1    1    1    1    1    1    1    1  1.69703E+10 0.20055 
   99   99    1    1    1    1    1    1    1    1  1.53211E+10 0.21142 
  100  100    1    1    1    1    1    1    1    1  1.21444E+10 0.23044 
];


