
DETdpaspec = [
    1    1    1    1    1    1    1    1    1    1  0.00000E+00 0.00000 
    2    2    1    1    1    1    1    1    1    1  0.00000E+00 0.00000 
    3    3    1    1    1    1    1    1    1    1  0.00000E+00 0.00000 
    4    4    1    1    1    1    1    1    1    1  1.13197E+07 1.00000 
    5    5    1    1    1    1    1    1    1    1  0.00000E+00 0.00000 
    6    6    1    1    1    1    1    1    1    1  0.00000E+00 0.00000 
    7    7    1    1    1    1    1    1    1    1  0.00000E+00 0.00000 
    8    8    1    1    1    1    1    1    1    1  1.17304E+08 0.49072 
    9    9    1    1    1    1    1    1    1    1  1.47666E+08 0.50363 
   10   10    1    1    1    1    1    1    1    1  4.03421E+08 0.49854 
   11   11    1    1    1    1    1    1    1    1  6.10320E+08 0.38369 
   12   12    1    1    1    1    1    1    1    1  1.96229E+08 0.43147 
   13   13    1    1    1    1    1    1    1    1  3.80494E+09 0.35238 
   14   14    1    1    1    1    1    1    1    1  4.89756E+09 0.30706 
   15   15    1    1    1    1    1    1    1    1  1.16128E+10 0.28819 
   16   16    1    1    1    1    1    1    1    1  2.67039E+09 0.25655 
   17   17    1    1    1    1    1    1    1    1  1.06315E+10 0.16324 
   18   18    1    1    1    1    1    1    1    1  2.32440E+10 0.12571 
   19   19    1    1    1    1    1    1    1    1  2.63358E+10 0.10749 
   20   20    1    1    1    1    1    1    1    1  8.15352E+10 0.10052 
   21   21    1    1    1    1    1    1    1    1  7.17664E+10 0.06794 
   22   22    1    1    1    1    1    1    1    1  1.99480E+11 0.04786 
   23   23    1    1    1    1    1    1    1    1  3.34025E+11 0.03831 
   24   24    1    1    1    1    1    1    1    1  6.00949E+11 0.04086 
   25   25    1    1    1    1    1    1    1    1  9.83435E+11 0.02211 
   26   26    1    1    1    1    1    1    1    1  2.01551E+12 0.01924 
   27   27    1    1    1    1    1    1    1    1  3.99486E+12 0.01600 
   28   28    1    1    1    1    1    1    1    1  7.92773E+12 0.00919 
   29   29    1    1    1    1    1    1    1    1  9.74691E+12 0.00841 
   30   30    1    1    1    1    1    1    1    1  2.28957E+13 0.00543 
   31   31    1    1    1    1    1    1    1    1  4.71104E+13 0.00490 
   32   32    1    1    1    1    1    1    1    1  6.25232E+13 0.00474 
   33   33    1    1    1    1    1    1    1    1  1.12418E+14 0.00365 
   34   34    1    1    1    1    1    1    1    1  1.15074E+14 0.00395 
   35   35    1    1    1    1    1    1    1    1  1.62806E+14 0.00353 
   36   36    1    1    1    1    1    1    1    1  1.38777E+14 0.00362 
   37   37    1    1    1    1    1    1    1    1  4.42132E+13 0.00426 
   38   38    1    1    1    1    1    1    1    1  1.92246E+14 0.00370 
   39   39    1    1    1    1    1    1    1    1  2.20258E+14 0.00360 
   40   40    1    1    1    1    1    1    1    1  3.53702E+14 0.00390 
   41   41    1    1    1    1    1    1    1    1  3.32661E+14 0.00322 
   42   42    1    1    1    1    1    1    1    1  5.47519E+14 0.00385 
   43   43    1    1    1    1    1    1    1    1  5.65349E+14 0.00350 
   44   44    1    1    1    1    1    1    1    1  6.95097E+14 0.00380 
   45   45    1    1    1    1    1    1    1    1  1.13589E+15 0.00365 
   46   46    1    1    1    1    1    1    1    1  6.34797E+14 0.00361 
   47   47    1    1    1    1    1    1    1    1  8.50997E+14 0.00382 
   48   48    1    1    1    1    1    1    1    1  1.17297E+15 0.00371 
   49   49    1    1    1    1    1    1    1    1  1.02180E+15 0.00377 
   50   50    1    1    1    1    1    1    1    1  1.52810E+15 0.00361 
   51   51    1    1    1    1    1    1    1    1  1.19582E+15 0.00392 
   52   52    1    1    1    1    1    1    1    1  1.30379E+15 0.00360 
   53   53    1    1    1    1    1    1    1    1  9.41303E+14 0.00384 
   54   54    1    1    1    1    1    1    1    1  1.12195E+15 0.00389 
   55   55    1    1    1    1    1    1    1    1  8.10841E+14 0.00400 
   56   56    1    1    1    1    1    1    1    1  1.12854E+14 0.00411 
   57   57    1    1    1    1    1    1    1    1  1.54581E+15 0.00402 
   58   58    1    1    1    1    1    1    1    1  6.62123E+14 0.00400 
   59   59    1    1    1    1    1    1    1    1  7.30323E+14 0.00384 
   60   60    1    1    1    1    1    1    1    1  5.80832E+14 0.00422 
   61   61    1    1    1    1    1    1    1    1  5.80945E+14 0.00456 
   62   62    1    1    1    1    1    1    1    1  5.68509E+14 0.00417 
   63   63    1    1    1    1    1    1    1    1  4.69138E+14 0.00466 
   64   64    1    1    1    1    1    1    1    1  3.64260E+14 0.00441 
   65   65    1    1    1    1    1    1    1    1  3.51874E+14 0.00407 
   66   66    1    1    1    1    1    1    1    1  2.98062E+14 0.00497 
   67   67    1    1    1    1    1    1    1    1  2.46544E+14 0.00465 
   68   68    1    1    1    1    1    1    1    1  2.15938E+14 0.00505 
   69   69    1    1    1    1    1    1    1    1  2.63664E+14 0.00458 
   70   70    1    1    1    1    1    1    1    1  2.26624E+14 0.00543 
   71   71    1    1    1    1    1    1    1    1  4.32668E+14 0.00514 
   72   72    1    1    1    1    1    1    1    1  3.22199E+14 0.00509 
   73   73    1    1    1    1    1    1    1    1  2.52380E+14 0.00573 
   74   74    1    1    1    1    1    1    1    1  2.02269E+14 0.00530 
   75   75    1    1    1    1    1    1    1    1  1.63193E+14 0.00471 
   76   76    1    1    1    1    1    1    1    1  1.83381E+14 0.00560 
   77   77    1    1    1    1    1    1    1    1  1.40055E+14 0.00529 
   78   78    1    1    1    1    1    1    1    1  1.05527E+14 0.00516 
   79   79    1    1    1    1    1    1    1    1  1.08231E+14 0.00533 
   80   80    1    1    1    1    1    1    1    1  8.09872E+13 0.00609 
   81   81    1    1    1    1    1    1    1    1  6.25075E+13 0.00599 
   82   82    1    1    1    1    1    1    1    1  4.85562E+13 0.00388 
   83   83    1    1    1    1    1    1    1    1  4.51389E+13 0.00657 
   84   84    1    1    1    1    1    1    1    1  3.23827E+13 0.00857 
   85   85    1    1    1    1    1    1    1    1  2.35954E+13 0.00679 
   86   86    1    1    1    1    1    1    1    1  2.18975E+13 0.00614 
   87   87    1    1    1    1    1    1    1    1  1.36200E+13 0.00740 
   88   88    1    1    1    1    1    1    1    1  9.33945E+12 0.01312 
   89   89    1    1    1    1    1    1    1    1  5.34129E+12 0.01290 
   90   90    1    1    1    1    1    1    1    1  3.45987E+12 0.01129 
   91   91    1    1    1    1    1    1    1    1  1.76967E+12 0.02217 
   92   92    1    1    1    1    1    1    1    1  8.75608E+11 0.03839 
   93   93    1    1    1    1    1    1    1    1  4.07551E+11 0.04272 
   94   94    1    1    1    1    1    1    1    1  2.00529E+11 0.04554 
   95   95    1    1    1    1    1    1    1    1  1.19386E+11 0.08416 
   96   96    1    1    1    1    1    1    1    1  5.27653E+10 0.15093 
   97   97    1    1    1    1    1    1    1    1  2.41850E+10 0.19946 
   98   98    1    1    1    1    1    1    1    1  1.15039E+10 0.38086 
   99   99    1    1    1    1    1    1    1    1  3.38489E+09 0.45949 
  100  100    1    1    1    1    1    1    1    1  9.56031E+09 0.31696 
];


