
DETdpaspec = [
    1    1    1    1    1    1    1    1    1    1  0.00000E+00 0.00000 
    2    2    1    1    1    1    1    1    1    1  0.00000E+00 0.00000 
    3    3    1    1    1    1    1    1    1    1  0.00000E+00 0.00000 
    4    4    1    1    1    1    1    1    1    1  0.00000E+00 0.00000 
    5    5    1    1    1    1    1    1    1    1  1.70976E+07 1.00000 
    6    6    1    1    1    1    1    1    1    1  6.05542E+07 1.00000 
    7    7    1    1    1    1    1    1    1    1  4.28683E+07 0.70527 
    8    8    1    1    1    1    1    1    1    1  4.34600E+07 0.69919 
    9    9    1    1    1    1    1    1    1    1  1.65745E+08 0.49437 
   10   10    1    1    1    1    1    1    1    1  2.72278E+08 0.49819 
   11   11    1    1    1    1    1    1    1    1  6.16837E+08 0.42001 
   12   12    1    1    1    1    1    1    1    1  1.09716E+08 0.45315 
   13   13    1    1    1    1    1    1    1    1  2.76700E+09 0.29925 
   14   14    1    1    1    1    1    1    1    1  8.69853E+09 0.29421 
   15   15    1    1    1    1    1    1    1    1  1.59091E+10 0.20964 
   16   16    1    1    1    1    1    1    1    1  7.37043E+09 0.23935 
   17   17    1    1    1    1    1    1    1    1  1.31945E+10 0.12682 
   18   18    1    1    1    1    1    1    1    1  4.02556E+10 0.14812 
   19   19    1    1    1    1    1    1    1    1  4.94945E+10 0.10299 
   20   20    1    1    1    1    1    1    1    1  1.33728E+11 0.07477 
   21   21    1    1    1    1    1    1    1    1  1.07680E+11 0.07353 
   22   22    1    1    1    1    1    1    1    1  3.15840E+11 0.04295 
   23   23    1    1    1    1    1    1    1    1  7.08113E+11 0.02854 
   24   24    1    1    1    1    1    1    1    1  1.60953E+12 0.02464 
   25   25    1    1    1    1    1    1    1    1  2.77770E+12 0.01445 
   26   26    1    1    1    1    1    1    1    1  6.05294E+12 0.00864 
   27   27    1    1    1    1    1    1    1    1  1.18690E+13 0.00801 
   28   28    1    1    1    1    1    1    1    1  2.52232E+13 0.00381 
   29   29    1    1    1    1    1    1    1    1  3.35989E+13 0.00536 
   30   30    1    1    1    1    1    1    1    1  7.16425E+13 0.00254 
   31   31    1    1    1    1    1    1    1    1  1.49417E+14 0.00193 
   32   32    1    1    1    1    1    1    1    1  1.98693E+14 0.00191 
   33   33    1    1    1    1    1    1    1    1  3.62170E+14 0.00146 
   34   34    1    1    1    1    1    1    1    1  3.87060E+14 0.00156 
   35   35    1    1    1    1    1    1    1    1  5.23760E+14 0.00141 
   36   36    1    1    1    1    1    1    1    1  4.46199E+14 0.00116 
   37   37    1    1    1    1    1    1    1    1  1.39890E+14 0.00107 
   38   38    1    1    1    1    1    1    1    1  6.24794E+14 0.00109 
   39   39    1    1    1    1    1    1    1    1  7.18139E+14 0.00118 
   40   40    1    1    1    1    1    1    1    1  1.17790E+15 0.00111 
   41   41    1    1    1    1    1    1    1    1  1.09447E+15 0.00108 
   42   42    1    1    1    1    1    1    1    1  1.83722E+15 0.00108 
   43   43    1    1    1    1    1    1    1    1  1.91151E+15 0.00116 
   44   44    1    1    1    1    1    1    1    1  2.37996E+15 0.00107 
   45   45    1    1    1    1    1    1    1    1  3.94959E+15 0.00107 
   46   46    1    1    1    1    1    1    1    1  2.24320E+15 0.00112 
   47   47    1    1    1    1    1    1    1    1  2.99548E+15 0.00129 
   48   48    1    1    1    1    1    1    1    1  4.18002E+15 0.00106 
   49   49    1    1    1    1    1    1    1    1  3.63328E+15 0.00115 
   50   50    1    1    1    1    1    1    1    1  5.55479E+15 0.00124 
   51   51    1    1    1    1    1    1    1    1  4.34298E+15 0.00130 
   52   52    1    1    1    1    1    1    1    1  4.82166E+15 0.00139 
   53   53    1    1    1    1    1    1    1    1  3.50136E+15 0.00131 
   54   54    1    1    1    1    1    1    1    1  4.23958E+15 0.00118 
   55   55    1    1    1    1    1    1    1    1  3.07740E+15 0.00114 
   56   56    1    1    1    1    1    1    1    1  4.29212E+14 0.00181 
   57   57    1    1    1    1    1    1    1    1  5.89126E+15 0.00124 
   58   58    1    1    1    1    1    1    1    1  2.57573E+15 0.00140 
   59   59    1    1    1    1    1    1    1    1  2.83977E+15 0.00136 
   60   60    1    1    1    1    1    1    1    1  2.30021E+15 0.00123 
   61   61    1    1    1    1    1    1    1    1  2.30465E+15 0.00118 
   62   62    1    1    1    1    1    1    1    1  2.26645E+15 0.00126 
   63   63    1    1    1    1    1    1    1    1  1.89203E+15 0.00145 
   64   64    1    1    1    1    1    1    1    1  1.48058E+15 0.00156 
   65   65    1    1    1    1    1    1    1    1  1.43035E+15 0.00168 
   66   66    1    1    1    1    1    1    1    1  1.21738E+15 0.00150 
   67   67    1    1    1    1    1    1    1    1  1.01051E+15 0.00131 
   68   68    1    1    1    1    1    1    1    1  8.81800E+14 0.00156 
   69   69    1    1    1    1    1    1    1    1  1.08149E+15 0.00187 
   70   70    1    1    1    1    1    1    1    1  9.32146E+14 0.00122 
   71   71    1    1    1    1    1    1    1    1  1.76662E+15 0.00120 
   72   72    1    1    1    1    1    1    1    1  1.31272E+15 0.00148 
   73   73    1    1    1    1    1    1    1    1  1.03301E+15 0.00187 
   74   74    1    1    1    1    1    1    1    1  8.39772E+14 0.00168 
   75   75    1    1    1    1    1    1    1    1  6.86909E+14 0.00167 
   76   76    1    1    1    1    1    1    1    1  7.81545E+14 0.00171 
   77   77    1    1    1    1    1    1    1    1  6.06381E+14 0.00155 
   78   78    1    1    1    1    1    1    1    1  4.59994E+14 0.00222 
   79   79    1    1    1    1    1    1    1    1  4.76488E+14 0.00184 
   80   80    1    1    1    1    1    1    1    1  3.58061E+14 0.00198 
   81   81    1    1    1    1    1    1    1    1  2.77410E+14 0.00151 
   82   82    1    1    1    1    1    1    1    1  2.14786E+14 0.00183 
   83   83    1    1    1    1    1    1    1    1  2.00362E+14 0.00252 
   84   84    1    1    1    1    1    1    1    1  1.44863E+14 0.00323 
   85   85    1    1    1    1    1    1    1    1  1.03527E+14 0.00414 
   86   86    1    1    1    1    1    1    1    1  9.73493E+13 0.00368 
   87   87    1    1    1    1    1    1    1    1  6.02508E+13 0.00436 
   88   88    1    1    1    1    1    1    1    1  4.06131E+13 0.00584 
   89   89    1    1    1    1    1    1    1    1  2.35076E+13 0.00583 
   90   90    1    1    1    1    1    1    1    1  1.54363E+13 0.00818 
   91   91    1    1    1    1    1    1    1    1  7.73767E+12 0.01197 
   92   92    1    1    1    1    1    1    1    1  3.90115E+12 0.01534 
   93   93    1    1    1    1    1    1    1    1  1.87030E+12 0.02283 
   94   94    1    1    1    1    1    1    1    1  8.69865E+11 0.03978 
   95   95    1    1    1    1    1    1    1    1  3.90625E+11 0.05074 
   96   96    1    1    1    1    1    1    1    1  2.33142E+11 0.07518 
   97   97    1    1    1    1    1    1    1    1  1.06175E+11 0.08743 
   98   98    1    1    1    1    1    1    1    1  4.05418E+10 0.12064 
   99   99    1    1    1    1    1    1    1    1  2.22641E+10 0.18082 
  100  100    1    1    1    1    1    1    1    1  1.48707E+10 0.26539 
];


