
DETdpaspec = [
    1    1    1    1    1    1    1    1    1    1  0.00000E+00 0.00000 
    2    2    1    1    1    1    1    1    1    1  0.00000E+00 0.00000 
    3    3    1    1    1    1    1    1    1    1  0.00000E+00 0.00000 
    4    4    1    1    1    1    1    1    1    1  0.00000E+00 0.00000 
    5    5    1    1    1    1    1    1    1    1  0.00000E+00 0.00000 
    6    6    1    1    1    1    1    1    1    1  6.03523E+08 1.00000 
    7    7    1    1    1    1    1    1    1    1  2.79108E+09 0.47866 
    8    8    1    1    1    1    1    1    1    1  6.39141E+09 0.28244 
    9    9    1    1    1    1    1    1    1    1  1.38683E+10 0.30912 
   10   10    1    1    1    1    1    1    1    1  3.35062E+10 0.17842 
   11   11    1    1    1    1    1    1    1    1  5.87063E+10 0.14796 
   12   12    1    1    1    1    1    1    1    1  8.28287E+10 0.14557 
   13   13    1    1    1    1    1    1    1    1  1.12060E+11 0.09834 
   14   14    1    1    1    1    1    1    1    1  1.51041E+11 0.09090 
   15   15    1    1    1    1    1    1    1    1  1.89950E+11 0.07987 
   16   16    1    1    1    1    1    1    1    1  2.48710E+11 0.04712 
   17   17    1    1    1    1    1    1    1    1  1.23168E+12 0.02413 
   18   18    1    1    1    1    1    1    1    1  2.74113E+12 0.01666 
   19   19    1    1    1    1    1    1    1    1  3.49108E+12 0.02041 
   20   20    1    1    1    1    1    1    1    1  1.03694E+13 0.01218 
   21   21    1    1    1    1    1    1    1    1  2.02616E+13 0.01046 
   22   22    1    1    1    1    1    1    1    1  4.42701E+13 0.01024 
   23   23    1    1    1    1    1    1    1    1  6.83528E+13 0.00824 
   24   24    1    1    1    1    1    1    1    1  8.57751E+13 0.00751 
   25   25    1    1    1    1    1    1    1    1  9.03235E+13 0.00833 
   26   26    1    1    1    1    1    1    1    1  1.24987E+14 0.00808 
   27   27    1    1    1    1    1    1    1    1  1.54556E+14 0.00827 
   28   28    1    1    1    1    1    1    1    1  1.97973E+14 0.00757 
   29   29    1    1    1    1    1    1    1    1  2.15095E+14 0.00726 
   30   30    1    1    1    1    1    1    1    1  2.96921E+14 0.00800 
   31   31    1    1    1    1    1    1    1    1  4.04490E+14 0.00718 
   32   32    1    1    1    1    1    1    1    1  4.31388E+14 0.00772 
   33   33    1    1    1    1    1    1    1    1  6.26455E+14 0.00765 
   34   34    1    1    1    1    1    1    1    1  6.21438E+14 0.00734 
   35   35    1    1    1    1    1    1    1    1  6.45041E+14 0.00761 
   36   36    1    1    1    1    1    1    1    1  4.76789E+14 0.00745 
   37   37    1    1    1    1    1    1    1    1  1.37797E+14 0.00740 
   38   38    1    1    1    1    1    1    1    1  6.23048E+14 0.00767 
   39   39    1    1    1    1    1    1    1    1  6.82736E+14 0.00785 
   40   40    1    1    1    1    1    1    1    1  1.09154E+15 0.00788 
   41   41    1    1    1    1    1    1    1    1  9.33428E+14 0.00788 
   42   42    1    1    1    1    1    1    1    1  1.53619E+15 0.00797 
   43   43    1    1    1    1    1    1    1    1  1.53389E+15 0.00793 
   44   44    1    1    1    1    1    1    1    1  1.84540E+15 0.00791 
   45   45    1    1    1    1    1    1    1    1  2.92632E+15 0.00804 
   46   46    1    1    1    1    1    1    1    1  1.59202E+15 0.00817 
   47   47    1    1    1    1    1    1    1    1  2.05023E+15 0.00806 
   48   48    1    1    1    1    1    1    1    1  2.78166E+15 0.00801 
   49   49    1    1    1    1    1    1    1    1  2.31415E+15 0.00791 
   50   50    1    1    1    1    1    1    1    1  3.49864E+15 0.00809 
   51   51    1    1    1    1    1    1    1    1  2.61603E+15 0.00837 
   52   52    1    1    1    1    1    1    1    1  2.88534E+15 0.00825 
   53   53    1    1    1    1    1    1    1    1  2.04144E+15 0.00805 
   54   54    1    1    1    1    1    1    1    1  2.47009E+15 0.00819 
   55   55    1    1    1    1    1    1    1    1  1.75739E+15 0.00812 
   56   56    1    1    1    1    1    1    1    1  2.42550E+14 0.00864 
   57   57    1    1    1    1    1    1    1    1  3.30090E+15 0.00832 
   58   58    1    1    1    1    1    1    1    1  1.45304E+15 0.00825 
   59   59    1    1    1    1    1    1    1    1  1.56048E+15 0.00846 
   60   60    1    1    1    1    1    1    1    1  1.27409E+15 0.00849 
   61   61    1    1    1    1    1    1    1    1  1.26225E+15 0.00841 
   62   62    1    1    1    1    1    1    1    1  1.23269E+15 0.00839 
   63   63    1    1    1    1    1    1    1    1  1.02083E+15 0.00876 
   64   64    1    1    1    1    1    1    1    1  7.89039E+14 0.00875 
   65   65    1    1    1    1    1    1    1    1  7.51992E+14 0.00865 
   66   66    1    1    1    1    1    1    1    1  6.36611E+14 0.00889 
   67   67    1    1    1    1    1    1    1    1  5.19741E+14 0.00899 
   68   68    1    1    1    1    1    1    1    1  4.49872E+14 0.00887 
   69   69    1    1    1    1    1    1    1    1  5.47781E+14 0.00932 
   70   70    1    1    1    1    1    1    1    1  4.65998E+14 0.00895 
   71   71    1    1    1    1    1    1    1    1  8.45836E+14 0.00906 
   72   72    1    1    1    1    1    1    1    1  6.10051E+14 0.00872 
   73   73    1    1    1    1    1    1    1    1  4.73844E+14 0.00882 
   74   74    1    1    1    1    1    1    1    1  3.89051E+14 0.00872 
   75   75    1    1    1    1    1    1    1    1  3.20137E+14 0.00890 
   76   76    1    1    1    1    1    1    1    1  3.67278E+14 0.00886 
   77   77    1    1    1    1    1    1    1    1  2.86638E+14 0.00912 
   78   78    1    1    1    1    1    1    1    1  2.17366E+14 0.01008 
   79   79    1    1    1    1    1    1    1    1  2.24610E+14 0.00871 
   80   80    1    1    1    1    1    1    1    1  1.67364E+14 0.00892 
   81   81    1    1    1    1    1    1    1    1  1.28900E+14 0.00885 
   82   82    1    1    1    1    1    1    1    1  9.86107E+13 0.00930 
   83   83    1    1    1    1    1    1    1    1  9.03838E+13 0.00988 
   84   84    1    1    1    1    1    1    1    1  6.40322E+13 0.01015 
   85   85    1    1    1    1    1    1    1    1  4.54400E+13 0.00976 
   86   86    1    1    1    1    1    1    1    1  4.16319E+13 0.00876 
   87   87    1    1    1    1    1    1    1    1  2.49438E+13 0.01085 
   88   88    1    1    1    1    1    1    1    1  1.62363E+13 0.01139 
   89   89    1    1    1    1    1    1    1    1  9.07036E+12 0.01294 
   90   90    1    1    1    1    1    1    1    1  5.56883E+12 0.01450 
   91   91    1    1    1    1    1    1    1    1  2.67389E+12 0.01833 
   92   92    1    1    1    1    1    1    1    1  1.22532E+12 0.03108 
   93   93    1    1    1    1    1    1    1    1  5.75018E+11 0.04775 
   94   94    1    1    1    1    1    1    1    1  2.58842E+11 0.04520 
   95   95    1    1    1    1    1    1    1    1  1.33376E+11 0.05878 
   96   96    1    1    1    1    1    1    1    1  7.01150E+10 0.08175 
   97   97    1    1    1    1    1    1    1    1  3.41869E+10 0.18805 
   98   98    1    1    1    1    1    1    1    1  1.14265E+10 0.21275 
   99   99    1    1    1    1    1    1    1    1  1.02184E+10 0.37414 
  100  100    1    1    1    1    1    1    1    1  3.85700E+09 0.42449 
];


