
DETdpaspec = [
    1    1    1    1    1    1    1    1    1    1  0.00000E+00 0.00000 
    2    2    1    1    1    1    1    1    1    1  0.00000E+00 0.00000 
    3    3    1    1    1    1    1    1    1    1  0.00000E+00 0.00000 
    4    4    1    1    1    1    1    1    1    1  0.00000E+00 0.00000 
    5    5    1    1    1    1    1    1    1    1  0.00000E+00 0.00000 
    6    6    1    1    1    1    1    1    1    1  0.00000E+00 0.00000 
    7    7    1    1    1    1    1    1    1    1  0.00000E+00 0.00000 
    8    8    1    1    1    1    1    1    1    1  4.51459E+07 0.69460 
    9    9    1    1    1    1    1    1    1    1  1.44692E+07 1.00000 
   10   10    1    1    1    1    1    1    1    1  1.27764E+08 0.68825 
   11   11    1    1    1    1    1    1    1    1  4.34967E+08 0.47357 
   12   12    1    1    1    1    1    1    1    1  1.03615E+08 0.67886 
   13   13    1    1    1    1    1    1    1    1  3.02637E+09 0.43544 
   14   14    1    1    1    1    1    1    1    1  5.42860E+09 0.21078 
   15   15    1    1    1    1    1    1    1    1  1.00526E+10 0.22603 
   16   16    1    1    1    1    1    1    1    1  4.54367E+09 0.27094 
   17   17    1    1    1    1    1    1    1    1  7.35676E+09 0.20352 
   18   18    1    1    1    1    1    1    1    1  2.71567E+10 0.08892 
   19   19    1    1    1    1    1    1    1    1  3.00744E+10 0.13571 
   20   20    1    1    1    1    1    1    1    1  1.05525E+11 0.07097 
   21   21    1    1    1    1    1    1    1    1  8.53173E+10 0.07032 
   22   22    1    1    1    1    1    1    1    1  2.44680E+11 0.04961 
   23   23    1    1    1    1    1    1    1    1  4.02179E+11 0.03401 
   24   24    1    1    1    1    1    1    1    1  7.90682E+11 0.02188 
   25   25    1    1    1    1    1    1    1    1  1.27845E+12 0.01863 
   26   26    1    1    1    1    1    1    1    1  2.60865E+12 0.01667 
   27   27    1    1    1    1    1    1    1    1  5.09614E+12 0.01068 
   28   28    1    1    1    1    1    1    1    1  1.03220E+13 0.00549 
   29   29    1    1    1    1    1    1    1    1  1.28292E+13 0.00501 
   30   30    1    1    1    1    1    1    1    1  2.97650E+13 0.00380 
   31   31    1    1    1    1    1    1    1    1  6.15255E+13 0.00388 
   32   32    1    1    1    1    1    1    1    1  8.16830E+13 0.00370 
   33   33    1    1    1    1    1    1    1    1  1.48056E+14 0.00306 
   34   34    1    1    1    1    1    1    1    1  1.52011E+14 0.00290 
   35   35    1    1    1    1    1    1    1    1  2.14078E+14 0.00286 
   36   36    1    1    1    1    1    1    1    1  1.83048E+14 0.00274 
   37   37    1    1    1    1    1    1    1    1  5.81523E+13 0.00243 
   38   38    1    1    1    1    1    1    1    1  2.53877E+14 0.00229 
   39   39    1    1    1    1    1    1    1    1  2.90910E+14 0.00238 
   40   40    1    1    1    1    1    1    1    1  4.68256E+14 0.00251 
   41   41    1    1    1    1    1    1    1    1  4.40798E+14 0.00237 
   42   42    1    1    1    1    1    1    1    1  7.26698E+14 0.00233 
   43   43    1    1    1    1    1    1    1    1  7.49766E+14 0.00241 
   44   44    1    1    1    1    1    1    1    1  9.26895E+14 0.00238 
   45   45    1    1    1    1    1    1    1    1  1.51719E+15 0.00235 
   46   46    1    1    1    1    1    1    1    1  8.48969E+14 0.00241 
   47   47    1    1    1    1    1    1    1    1  1.13925E+15 0.00283 
   48   48    1    1    1    1    1    1    1    1  1.57216E+15 0.00270 
   49   49    1    1    1    1    1    1    1    1  1.36921E+15 0.00266 
   50   50    1    1    1    1    1    1    1    1  2.05226E+15 0.00271 
   51   51    1    1    1    1    1    1    1    1  1.60837E+15 0.00264 
   52   52    1    1    1    1    1    1    1    1  1.76068E+15 0.00250 
   53   53    1    1    1    1    1    1    1    1  1.27044E+15 0.00293 
   54   54    1    1    1    1    1    1    1    1  1.51715E+15 0.00292 
   55   55    1    1    1    1    1    1    1    1  1.09938E+15 0.00289 
   56   56    1    1    1    1    1    1    1    1  1.53231E+14 0.00310 
   57   57    1    1    1    1    1    1    1    1  2.09568E+15 0.00269 
   58   58    1    1    1    1    1    1    1    1  8.97686E+14 0.00282 
   59   59    1    1    1    1    1    1    1    1  9.91328E+14 0.00261 
   60   60    1    1    1    1    1    1    1    1  7.88818E+14 0.00287 
   61   61    1    1    1    1    1    1    1    1  7.89477E+14 0.00289 
   62   62    1    1    1    1    1    1    1    1  7.73316E+14 0.00326 
   63   63    1    1    1    1    1    1    1    1  6.40458E+14 0.00310 
   64   64    1    1    1    1    1    1    1    1  4.97917E+14 0.00372 
   65   65    1    1    1    1    1    1    1    1  4.80696E+14 0.00352 
   66   66    1    1    1    1    1    1    1    1  4.06239E+14 0.00315 
   67   67    1    1    1    1    1    1    1    1  3.38410E+14 0.00266 
   68   68    1    1    1    1    1    1    1    1  2.95470E+14 0.00276 
   69   69    1    1    1    1    1    1    1    1  3.61225E+14 0.00340 
   70   70    1    1    1    1    1    1    1    1  3.10537E+14 0.00340 
   71   71    1    1    1    1    1    1    1    1  5.93348E+14 0.00293 
   72   72    1    1    1    1    1    1    1    1  4.42142E+14 0.00333 
   73   73    1    1    1    1    1    1    1    1  3.45220E+14 0.00339 
   74   74    1    1    1    1    1    1    1    1  2.77889E+14 0.00319 
   75   75    1    1    1    1    1    1    1    1  2.24858E+14 0.00388 
   76   76    1    1    1    1    1    1    1    1  2.52993E+14 0.00382 
   77   77    1    1    1    1    1    1    1    1  1.94283E+14 0.00365 
   78   78    1    1    1    1    1    1    1    1  1.45425E+14 0.00430 
   79   79    1    1    1    1    1    1    1    1  1.49500E+14 0.00404 
   80   80    1    1    1    1    1    1    1    1  1.11950E+14 0.00452 
   81   81    1    1    1    1    1    1    1    1  8.56425E+13 0.00349 
   82   82    1    1    1    1    1    1    1    1  6.65407E+13 0.00427 
   83   83    1    1    1    1    1    1    1    1  6.26259E+13 0.00548 
   84   84    1    1    1    1    1    1    1    1  4.46138E+13 0.00568 
   85   85    1    1    1    1    1    1    1    1  3.24860E+13 0.00798 
   86   86    1    1    1    1    1    1    1    1  3.05225E+13 0.00626 
   87   87    1    1    1    1    1    1    1    1  1.86239E+13 0.00385 
   88   88    1    1    1    1    1    1    1    1  1.27071E+13 0.00717 
   89   89    1    1    1    1    1    1    1    1  7.29502E+12 0.01301 
   90   90    1    1    1    1    1    1    1    1  4.85131E+12 0.01365 
   91   91    1    1    1    1    1    1    1    1  2.55537E+12 0.01732 
   92   92    1    1    1    1    1    1    1    1  1.21799E+12 0.02822 
   93   93    1    1    1    1    1    1    1    1  6.65751E+11 0.02582 
   94   94    1    1    1    1    1    1    1    1  2.72788E+11 0.06598 
   95   95    1    1    1    1    1    1    1    1  1.34237E+11 0.09238 
   96   96    1    1    1    1    1    1    1    1  5.25219E+10 0.09556 
   97   97    1    1    1    1    1    1    1    1  3.18706E+10 0.16808 
   98   98    1    1    1    1    1    1    1    1  1.72842E+10 0.29610 
   99   99    1    1    1    1    1    1    1    1  8.72667E+09 0.34902 
  100  100    1    1    1    1    1    1    1    1  3.35373E+09 0.49425 
];


