
DETdpaspec = [
    1    1    1    1    1    1    1    1    1    1  0.00000E+00 0.00000 
    2    2    1    1    1    1    1    1    1    1  0.00000E+00 0.00000 
    3    3    1    1    1    1    1    1    1    1  0.00000E+00 0.00000 
    4    4    1    1    1    1    1    1    1    1  9.02750E+06 1.00000 
    5    5    1    1    1    1    1    1    1    1  2.25839E+07 0.68870 
    6    6    1    1    1    1    1    1    1    1  0.00000E+00 0.00000 
    7    7    1    1    1    1    1    1    1    1  1.19740E+08 0.55492 
    8    8    1    1    1    1    1    1    1    1  7.68782E+07 0.54615 
    9    9    1    1    1    1    1    1    1    1  1.21426E+08 0.38908 
   10   10    1    1    1    1    1    1    1    1  2.44239E+08 0.46649 
   11   11    1    1    1    1    1    1    1    1  1.86582E+09 0.30193 
   12   12    1    1    1    1    1    1    1    1  5.45673E+08 0.23315 
   13   13    1    1    1    1    1    1    1    1  7.63437E+09 0.15854 
   14   14    1    1    1    1    1    1    1    1  1.40708E+10 0.18160 
   15   15    1    1    1    1    1    1    1    1  2.53140E+10 0.18733 
   16   16    1    1    1    1    1    1    1    1  9.89609E+09 0.15251 
   17   17    1    1    1    1    1    1    1    1  2.05884E+10 0.09070 
   18   18    1    1    1    1    1    1    1    1  6.34216E+10 0.07841 
   19   19    1    1    1    1    1    1    1    1  8.37186E+10 0.05431 
   20   20    1    1    1    1    1    1    1    1  2.20239E+11 0.04404 
   21   21    1    1    1    1    1    1    1    1  1.83571E+11 0.05098 
   22   22    1    1    1    1    1    1    1    1  5.44866E+11 0.03605 
   23   23    1    1    1    1    1    1    1    1  7.68448E+11 0.02574 
   24   24    1    1    1    1    1    1    1    1  1.28680E+12 0.02727 
   25   25    1    1    1    1    1    1    1    1  1.84263E+12 0.02004 
   26   26    1    1    1    1    1    1    1    1  3.49179E+12 0.01512 
   27   27    1    1    1    1    1    1    1    1  6.45917E+12 0.01545 
   28   28    1    1    1    1    1    1    1    1  1.13840E+13 0.01436 
   29   29    1    1    1    1    1    1    1    1  1.28325E+13 0.01099 
   30   30    1    1    1    1    1    1    1    1  3.06477E+13 0.01200 
   31   31    1    1    1    1    1    1    1    1  6.07949E+13 0.01184 
   32   32    1    1    1    1    1    1    1    1  7.88019E+13 0.01032 
   33   33    1    1    1    1    1    1    1    1  1.39966E+14 0.00994 
   34   34    1    1    1    1    1    1    1    1  1.39537E+14 0.00937 
   35   35    1    1    1    1    1    1    1    1  2.00803E+14 0.00966 
   36   36    1    1    1    1    1    1    1    1  1.70675E+14 0.00989 
   37   37    1    1    1    1    1    1    1    1  5.40361E+13 0.00975 
   38   38    1    1    1    1    1    1    1    1  2.30349E+14 0.00986 
   39   39    1    1    1    1    1    1    1    1  2.61786E+14 0.01008 
   40   40    1    1    1    1    1    1    1    1  4.13470E+14 0.00985 
   41   41    1    1    1    1    1    1    1    1  3.90162E+14 0.00955 
   42   42    1    1    1    1    1    1    1    1  6.32850E+14 0.01018 
   43   43    1    1    1    1    1    1    1    1  6.50944E+14 0.01000 
   44   44    1    1    1    1    1    1    1    1  7.99503E+14 0.01026 
   45   45    1    1    1    1    1    1    1    1  1.30128E+15 0.01025 
   46   46    1    1    1    1    1    1    1    1  7.31489E+14 0.01010 
   47   47    1    1    1    1    1    1    1    1  9.83800E+14 0.00972 
   48   48    1    1    1    1    1    1    1    1  1.35727E+15 0.01014 
   49   49    1    1    1    1    1    1    1    1  1.19258E+15 0.01034 
   50   50    1    1    1    1    1    1    1    1  1.78291E+15 0.01015 
   51   51    1    1    1    1    1    1    1    1  1.41103E+15 0.01035 
   52   52    1    1    1    1    1    1    1    1  1.53895E+15 0.01053 
   53   53    1    1    1    1    1    1    1    1  1.12157E+15 0.01046 
   54   54    1    1    1    1    1    1    1    1  1.33658E+15 0.01070 
   55   55    1    1    1    1    1    1    1    1  9.73611E+14 0.01075 
   56   56    1    1    1    1    1    1    1    1  1.36319E+14 0.01055 
   57   57    1    1    1    1    1    1    1    1  1.86484E+15 0.01046 
   58   58    1    1    1    1    1    1    1    1  7.98847E+14 0.01059 
   59   59    1    1    1    1    1    1    1    1  8.88707E+14 0.01092 
   60   60    1    1    1    1    1    1    1    1  7.06141E+14 0.01079 
   61   61    1    1    1    1    1    1    1    1  7.08947E+14 0.01102 
   62   62    1    1    1    1    1    1    1    1  6.94569E+14 0.01098 
   63   63    1    1    1    1    1    1    1    1  5.76048E+14 0.01072 
   64   64    1    1    1    1    1    1    1    1  4.49046E+14 0.01142 
   65   65    1    1    1    1    1    1    1    1  4.36894E+14 0.01153 
   66   66    1    1    1    1    1    1    1    1  3.68306E+14 0.01119 
   67   67    1    1    1    1    1    1    1    1  3.07041E+14 0.01075 
   68   68    1    1    1    1    1    1    1    1  2.68404E+14 0.01115 
   69   69    1    1    1    1    1    1    1    1  3.28182E+14 0.01085 
   70   70    1    1    1    1    1    1    1    1  2.82991E+14 0.01128 
   71   71    1    1    1    1    1    1    1    1  5.45436E+14 0.01154 
   72   72    1    1    1    1    1    1    1    1  4.09822E+14 0.01076 
   73   73    1    1    1    1    1    1    1    1  3.20144E+14 0.01080 
   74   74    1    1    1    1    1    1    1    1  2.56581E+14 0.01239 
   75   75    1    1    1    1    1    1    1    1  2.06649E+14 0.01143 
   76   76    1    1    1    1    1    1    1    1  2.31286E+14 0.01153 
   77   77    1    1    1    1    1    1    1    1  1.75875E+14 0.01106 
   78   78    1    1    1    1    1    1    1    1  1.31907E+14 0.01118 
   79   79    1    1    1    1    1    1    1    1  1.35620E+14 0.01181 
   80   80    1    1    1    1    1    1    1    1  1.00724E+14 0.01089 
   81   81    1    1    1    1    1    1    1    1  7.75762E+13 0.01159 
   82   82    1    1    1    1    1    1    1    1  5.94729E+13 0.01144 
   83   83    1    1    1    1    1    1    1    1  5.62295E+13 0.01118 
   84   84    1    1    1    1    1    1    1    1  4.03322E+13 0.01149 
   85   85    1    1    1    1    1    1    1    1  2.88942E+13 0.01190 
   86   86    1    1    1    1    1    1    1    1  2.71490E+13 0.01235 
   87   87    1    1    1    1    1    1    1    1  1.67415E+13 0.01377 
   88   88    1    1    1    1    1    1    1    1  1.17413E+13 0.01645 
   89   89    1    1    1    1    1    1    1    1  6.78063E+12 0.01452 
   90   90    1    1    1    1    1    1    1    1  4.44789E+12 0.02116 
   91   91    1    1    1    1    1    1    1    1  2.19857E+12 0.02514 
   92   92    1    1    1    1    1    1    1    1  1.04790E+12 0.03036 
   93   93    1    1    1    1    1    1    1    1  5.11926E+11 0.03343 
   94   94    1    1    1    1    1    1    1    1  2.70032E+11 0.05923 
   95   95    1    1    1    1    1    1    1    1  1.10346E+11 0.13289 
   96   96    1    1    1    1    1    1    1    1  6.89106E+10 0.13937 
   97   97    1    1    1    1    1    1    1    1  3.12402E+10 0.23560 
   98   98    1    1    1    1    1    1    1    1  1.28885E+10 0.18822 
   99   99    1    1    1    1    1    1    1    1  9.69147E+09 0.31863 
  100  100    1    1    1    1    1    1    1    1  6.92504E+09 0.30920 
];


