
DETdpaspec = [
    1    1    1    1    1    1    1    1    1    1  0.00000E+00 0.00000 
    2    2    1    1    1    1    1    1    1    1  0.00000E+00 0.00000 
    3    3    1    1    1    1    1    1    1    1  0.00000E+00 0.00000 
    4    4    1    1    1    1    1    1    1    1  1.69260E+07 0.68970 
    5    5    1    1    1    1    1    1    1    1  1.08559E+07 1.00000 
    6    6    1    1    1    1    1    1    1    1  1.16325E+07 1.00000 
    7    7    1    1    1    1    1    1    1    1  7.26849E+07 0.46010 
    8    8    1    1    1    1    1    1    1    1  7.27072E+07 0.54680 
    9    9    1    1    1    1    1    1    1    1  1.95218E+08 0.35679 
   10   10    1    1    1    1    1    1    1    1  5.48735E+08 0.42773 
   11   11    1    1    1    1    1    1    1    1  1.53378E+09 0.24135 
   12   12    1    1    1    1    1    1    1    1  9.99118E+08 0.20995 
   13   13    1    1    1    1    1    1    1    1  1.07938E+10 0.12841 
   14   14    1    1    1    1    1    1    1    1  1.83538E+10 0.13324 
   15   15    1    1    1    1    1    1    1    1  4.24532E+10 0.13293 
   16   16    1    1    1    1    1    1    1    1  1.60367E+10 0.10211 
   17   17    1    1    1    1    1    1    1    1  3.31527E+10 0.09433 
   18   18    1    1    1    1    1    1    1    1  9.51739E+10 0.05768 
   19   19    1    1    1    1    1    1    1    1  1.14571E+11 0.05670 
   20   20    1    1    1    1    1    1    1    1  3.27799E+11 0.04871 
   21   21    1    1    1    1    1    1    1    1  3.08819E+11 0.03155 
   22   22    1    1    1    1    1    1    1    1  8.34883E+11 0.02526 
   23   23    1    1    1    1    1    1    1    1  1.18714E+12 0.02188 
   24   24    1    1    1    1    1    1    1    1  1.90355E+12 0.01371 
   25   25    1    1    1    1    1    1    1    1  2.76221E+12 0.01455 
   26   26    1    1    1    1    1    1    1    1  4.86038E+12 0.01024 
   27   27    1    1    1    1    1    1    1    1  8.89991E+12 0.01322 
   28   28    1    1    1    1    1    1    1    1  1.52617E+13 0.00958 
   29   29    1    1    1    1    1    1    1    1  1.70018E+13 0.00854 
   30   30    1    1    1    1    1    1    1    1  4.05361E+13 0.00892 
   31   31    1    1    1    1    1    1    1    1  7.85675E+13 0.00768 
   32   32    1    1    1    1    1    1    1    1  1.00769E+14 0.00857 
   33   33    1    1    1    1    1    1    1    1  1.77382E+14 0.00805 
   34   34    1    1    1    1    1    1    1    1  1.73875E+14 0.00856 
   35   35    1    1    1    1    1    1    1    1  2.51245E+14 0.00806 
   36   36    1    1    1    1    1    1    1    1  2.12714E+14 0.00844 
   37   37    1    1    1    1    1    1    1    1  6.74016E+13 0.00867 
   38   38    1    1    1    1    1    1    1    1  2.85185E+14 0.00864 
   39   39    1    1    1    1    1    1    1    1  3.23574E+14 0.00849 
   40   40    1    1    1    1    1    1    1    1  5.07711E+14 0.00831 
   41   41    1    1    1    1    1    1    1    1  4.77702E+14 0.00831 
   42   42    1    1    1    1    1    1    1    1  7.71224E+14 0.00775 
   43   43    1    1    1    1    1    1    1    1  7.90257E+14 0.00791 
   44   44    1    1    1    1    1    1    1    1  9.70654E+14 0.00849 
   45   45    1    1    1    1    1    1    1    1  1.57747E+15 0.00812 
   46   46    1    1    1    1    1    1    1    1  8.85414E+14 0.00819 
   47   47    1    1    1    1    1    1    1    1  1.19224E+15 0.00810 
   48   48    1    1    1    1    1    1    1    1  1.64240E+15 0.00834 
   49   49    1    1    1    1    1    1    1    1  1.44499E+15 0.00809 
   50   50    1    1    1    1    1    1    1    1  2.15758E+15 0.00839 
   51   51    1    1    1    1    1    1    1    1  1.71182E+15 0.00830 
   52   52    1    1    1    1    1    1    1    1  1.86633E+15 0.00833 
   53   53    1    1    1    1    1    1    1    1  1.36315E+15 0.00861 
   54   54    1    1    1    1    1    1    1    1  1.62020E+15 0.00896 
   55   55    1    1    1    1    1    1    1    1  1.18557E+15 0.00849 
   56   56    1    1    1    1    1    1    1    1  1.66165E+14 0.00892 
   57   57    1    1    1    1    1    1    1    1  2.26874E+15 0.00877 
   58   58    1    1    1    1    1    1    1    1  9.70174E+14 0.00859 
   59   59    1    1    1    1    1    1    1    1  1.08034E+15 0.00849 
   60   60    1    1    1    1    1    1    1    1  8.58741E+14 0.00882 
   61   61    1    1    1    1    1    1    1    1  8.63082E+14 0.00892 
   62   62    1    1    1    1    1    1    1    1  8.44069E+14 0.00888 
   63   63    1    1    1    1    1    1    1    1  6.99826E+14 0.00892 
   64   64    1    1    1    1    1    1    1    1  5.47032E+14 0.00890 
   65   65    1    1    1    1    1    1    1    1  5.31041E+14 0.00907 
   66   66    1    1    1    1    1    1    1    1  4.48854E+14 0.00920 
   67   67    1    1    1    1    1    1    1    1  3.74355E+14 0.00889 
   68   68    1    1    1    1    1    1    1    1  3.27184E+14 0.00872 
   69   69    1    1    1    1    1    1    1    1  3.99018E+14 0.00935 
   70   70    1    1    1    1    1    1    1    1  3.44973E+14 0.00882 
   71   71    1    1    1    1    1    1    1    1  6.67114E+14 0.00890 
   72   72    1    1    1    1    1    1    1    1  5.00678E+14 0.00893 
   73   73    1    1    1    1    1    1    1    1  3.93329E+14 0.00866 
   74   74    1    1    1    1    1    1    1    1  3.13875E+14 0.00854 
   75   75    1    1    1    1    1    1    1    1  2.51723E+14 0.00890 
   76   76    1    1    1    1    1    1    1    1  2.82412E+14 0.00937 
   77   77    1    1    1    1    1    1    1    1  2.14694E+14 0.00908 
   78   78    1    1    1    1    1    1    1    1  1.60422E+14 0.00890 
   79   79    1    1    1    1    1    1    1    1  1.63980E+14 0.00973 
   80   80    1    1    1    1    1    1    1    1  1.22091E+14 0.00887 
   81   81    1    1    1    1    1    1    1    1  9.34033E+13 0.00916 
   82   82    1    1    1    1    1    1    1    1  7.28450E+13 0.01050 
   83   83    1    1    1    1    1    1    1    1  6.81583E+13 0.01022 
   84   84    1    1    1    1    1    1    1    1  4.83930E+13 0.01077 
   85   85    1    1    1    1    1    1    1    1  3.50767E+13 0.01052 
   86   86    1    1    1    1    1    1    1    1  3.25863E+13 0.00970 
   87   87    1    1    1    1    1    1    1    1  2.06479E+13 0.00876 
   88   88    1    1    1    1    1    1    1    1  1.38039E+13 0.01379 
   89   89    1    1    1    1    1    1    1    1  7.79005E+12 0.01286 
   90   90    1    1    1    1    1    1    1    1  5.46366E+12 0.01739 
   91   91    1    1    1    1    1    1    1    1  2.80227E+12 0.02213 
   92   92    1    1    1    1    1    1    1    1  1.36093E+12 0.02279 
   93   93    1    1    1    1    1    1    1    1  6.33690E+11 0.03376 
   94   94    1    1    1    1    1    1    1    1  3.06016E+11 0.06250 
   95   95    1    1    1    1    1    1    1    1  1.49577E+11 0.08916 
   96   96    1    1    1    1    1    1    1    1  6.56531E+10 0.12356 
   97   97    1    1    1    1    1    1    1    1  3.96216E+10 0.15931 
   98   98    1    1    1    1    1    1    1    1  1.64698E+10 0.20986 
   99   99    1    1    1    1    1    1    1    1  7.08043E+09 0.39564 
  100  100    1    1    1    1    1    1    1    1  1.07850E+10 0.39525 
];


