
DETdpaspec = [
    1    1    1    1    1    1    1    1    1    1  0.00000E+00 0.00000 
    2    2    1    1    1    1    1    1    1    1  0.00000E+00 0.00000 
    3    3    1    1    1    1    1    1    1    1  0.00000E+00 0.00000 
    4    4    1    1    1    1    1    1    1    1  0.00000E+00 0.00000 
    5    5    1    1    1    1    1    1    1    1  1.71326E+07 1.00000 
    6    6    1    1    1    1    1    1    1    1  0.00000E+00 0.00000 
    7    7    1    1    1    1    1    1    1    1  4.77512E+07 0.68825 
    8    8    1    1    1    1    1    1    1    1  2.01574E+07 1.00000 
    9    9    1    1    1    1    1    1    1    1  2.27419E+07 1.00000 
   10   10    1    1    1    1    1    1    1    1  7.05143E+07 1.00000 
   11   11    1    1    1    1    1    1    1    1  5.93244E+08 0.38192 
   12   12    1    1    1    1    1    1    1    1  1.59292E+08 0.58055 
   13   13    1    1    1    1    1    1    1    1  4.52867E+09 0.25165 
   14   14    1    1    1    1    1    1    1    1  1.43024E+10 0.20729 
   15   15    1    1    1    1    1    1    1    1  1.78946E+10 0.19848 
   16   16    1    1    1    1    1    1    1    1  5.18319E+09 0.23453 
   17   17    1    1    1    1    1    1    1    1  1.38927E+10 0.13197 
   18   18    1    1    1    1    1    1    1    1  3.27979E+10 0.11545 
   19   19    1    1    1    1    1    1    1    1  4.12338E+10 0.11139 
   20   20    1    1    1    1    1    1    1    1  1.21438E+11 0.07804 
   21   21    1    1    1    1    1    1    1    1  1.21225E+11 0.06020 
   22   22    1    1    1    1    1    1    1    1  3.11310E+11 0.05368 
   23   23    1    1    1    1    1    1    1    1  7.16001E+11 0.02792 
   24   24    1    1    1    1    1    1    1    1  1.80320E+12 0.01728 
   25   25    1    1    1    1    1    1    1    1  3.13334E+12 0.01627 
   26   26    1    1    1    1    1    1    1    1  6.71986E+12 0.01084 
   27   27    1    1    1    1    1    1    1    1  1.32202E+13 0.00799 
   28   28    1    1    1    1    1    1    1    1  2.82171E+13 0.00608 
   29   29    1    1    1    1    1    1    1    1  3.79550E+13 0.00443 
   30   30    1    1    1    1    1    1    1    1  7.90086E+13 0.00334 
   31   31    1    1    1    1    1    1    1    1  1.63781E+14 0.00222 
   32   32    1    1    1    1    1    1    1    1  2.17769E+14 0.00243 
   33   33    1    1    1    1    1    1    1    1  3.95599E+14 0.00212 
   34   34    1    1    1    1    1    1    1    1  4.25563E+14 0.00175 
   35   35    1    1    1    1    1    1    1    1  5.68005E+14 0.00143 
   36   36    1    1    1    1    1    1    1    1  4.83519E+14 0.00129 
   37   37    1    1    1    1    1    1    1    1  1.50323E+14 0.00150 
   38   38    1    1    1    1    1    1    1    1  6.75451E+14 0.00132 
   39   39    1    1    1    1    1    1    1    1  7.75784E+14 0.00133 
   40   40    1    1    1    1    1    1    1    1  1.27403E+15 0.00103 
   41   41    1    1    1    1    1    1    1    1  1.17923E+15 0.00113 
   42   42    1    1    1    1    1    1    1    1  1.98450E+15 0.00107 
   43   43    1    1    1    1    1    1    1    1  2.06404E+15 0.00097 
   44   44    1    1    1    1    1    1    1    1  2.57864E+15 0.00091 
   45   45    1    1    1    1    1    1    1    1  4.27731E+15 0.00070 
   46   46    1    1    1    1    1    1    1    1  2.43339E+15 0.00091 
   47   47    1    1    1    1    1    1    1    1  3.24243E+15 0.00085 
   48   48    1    1    1    1    1    1    1    1  4.52970E+15 0.00096 
   49   49    1    1    1    1    1    1    1    1  3.93270E+15 0.00092 
   50   50    1    1    1    1    1    1    1    1  6.02850E+15 0.00090 
   51   51    1    1    1    1    1    1    1    1  4.71522E+15 0.00113 
   52   52    1    1    1    1    1    1    1    1  5.24561E+15 0.00077 
   53   53    1    1    1    1    1    1    1    1  3.80460E+15 0.00084 
   54   54    1    1    1    1    1    1    1    1  4.62063E+15 0.00079 
   55   55    1    1    1    1    1    1    1    1  3.35155E+15 0.00091 
   56   56    1    1    1    1    1    1    1    1  4.67073E+14 0.00110 
   57   57    1    1    1    1    1    1    1    1  6.42328E+15 0.00074 
   58   58    1    1    1    1    1    1    1    1  2.81998E+15 0.00087 
   59   59    1    1    1    1    1    1    1    1  3.10569E+15 0.00071 
   60   60    1    1    1    1    1    1    1    1  2.52351E+15 0.00085 
   61   61    1    1    1    1    1    1    1    1  2.52771E+15 0.00101 
   62   62    1    1    1    1    1    1    1    1  2.48761E+15 0.00101 
   63   63    1    1    1    1    1    1    1    1  2.07489E+15 0.00101 
   64   64    1    1    1    1    1    1    1    1  1.62724E+15 0.00092 
   65   65    1    1    1    1    1    1    1    1  1.57376E+15 0.00094 
   66   66    1    1    1    1    1    1    1    1  1.34180E+15 0.00108 
   67   67    1    1    1    1    1    1    1    1  1.11144E+15 0.00118 
   68   68    1    1    1    1    1    1    1    1  9.69983E+14 0.00134 
   69   69    1    1    1    1    1    1    1    1  1.18720E+15 0.00113 
   70   70    1    1    1    1    1    1    1    1  1.02518E+15 0.00135 
   71   71    1    1    1    1    1    1    1    1  1.93895E+15 0.00099 
   72   72    1    1    1    1    1    1    1    1  1.43989E+15 0.00149 
   73   73    1    1    1    1    1    1    1    1  1.13366E+15 0.00106 
   74   74    1    1    1    1    1    1    1    1  9.26117E+14 0.00130 
   75   75    1    1    1    1    1    1    1    1  7.57692E+14 0.00146 
   76   76    1    1    1    1    1    1    1    1  8.63636E+14 0.00127 
   77   77    1    1    1    1    1    1    1    1  6.71819E+14 0.00134 
   78   78    1    1    1    1    1    1    1    1  5.10832E+14 0.00168 
   79   79    1    1    1    1    1    1    1    1  5.30038E+14 0.00168 
   80   80    1    1    1    1    1    1    1    1  3.97248E+14 0.00152 
   81   81    1    1    1    1    1    1    1    1  3.06889E+14 0.00186 
   82   82    1    1    1    1    1    1    1    1  2.37747E+14 0.00207 
   83   83    1    1    1    1    1    1    1    1  2.23364E+14 0.00168 
   84   84    1    1    1    1    1    1    1    1  1.59783E+14 0.00243 
   85   85    1    1    1    1    1    1    1    1  1.15641E+14 0.00375 
   86   86    1    1    1    1    1    1    1    1  1.08537E+14 0.00293 
   87   87    1    1    1    1    1    1    1    1  6.74306E+13 0.00368 
   88   88    1    1    1    1    1    1    1    1  4.57452E+13 0.00484 
   89   89    1    1    1    1    1    1    1    1  2.60436E+13 0.00450 
   90   90    1    1    1    1    1    1    1    1  1.72520E+13 0.00720 
   91   91    1    1    1    1    1    1    1    1  8.78144E+12 0.01002 
   92   92    1    1    1    1    1    1    1    1  4.30589E+12 0.01119 
   93   93    1    1    1    1    1    1    1    1  2.02933E+12 0.02424 
   94   94    1    1    1    1    1    1    1    1  1.01949E+12 0.02352 
   95   95    1    1    1    1    1    1    1    1  4.68002E+11 0.04293 
   96   96    1    1    1    1    1    1    1    1  2.32893E+11 0.07745 
   97   97    1    1    1    1    1    1    1    1  9.76689E+10 0.09914 
   98   98    1    1    1    1    1    1    1    1  5.32599E+10 0.14408 
   99   99    1    1    1    1    1    1    1    1  2.52593E+10 0.24685 
  100  100    1    1    1    1    1    1    1    1  2.82016E+10 0.15371 
];


