
DETdpaspec = [
    1    1    1    1    1    1    1    1    1    1  0.00000E+00 0.00000 
    2    2    1    1    1    1    1    1    1    1  8.47779E+06 1.00000 
    3    3    1    1    1    1    1    1    1    1  0.00000E+00 0.00000 
    4    4    1    1    1    1    1    1    1    1  1.27365E+07 1.00000 
    5    5    1    1    1    1    1    1    1    1  0.00000E+00 0.00000 
    6    6    1    1    1    1    1    1    1    1  1.27431E+07 1.00000 
    7    7    1    1    1    1    1    1    1    1  4.25184E+07 0.68857 
    8    8    1    1    1    1    1    1    1    1  5.87966E+07 0.55282 
    9    9    1    1    1    1    1    1    1    1  4.01458E+07 0.54788 
   10   10    1    1    1    1    1    1    1    1  1.12316E+08 0.69845 
   11   11    1    1    1    1    1    1    1    1  6.26878E+08 0.41108 
   12   12    1    1    1    1    1    1    1    1  1.43474E+08 0.42471 
   13   13    1    1    1    1    1    1    1    1  3.76628E+09 0.23649 
   14   14    1    1    1    1    1    1    1    1  7.47242E+09 0.23151 
   15   15    1    1    1    1    1    1    1    1  1.35432E+10 0.23152 
   16   16    1    1    1    1    1    1    1    1  8.79499E+09 0.19012 
   17   17    1    1    1    1    1    1    1    1  1.28963E+10 0.13282 
   18   18    1    1    1    1    1    1    1    1  3.04409E+10 0.10478 
   19   19    1    1    1    1    1    1    1    1  4.58121E+10 0.11364 
   20   20    1    1    1    1    1    1    1    1  1.05670E+11 0.07984 
   21   21    1    1    1    1    1    1    1    1  1.01492E+11 0.06023 
   22   22    1    1    1    1    1    1    1    1  2.84417E+11 0.04990 
   23   23    1    1    1    1    1    1    1    1  5.22828E+11 0.04221 
   24   24    1    1    1    1    1    1    1    1  1.03974E+12 0.02697 
   25   25    1    1    1    1    1    1    1    1  1.65262E+12 0.02430 
   26   26    1    1    1    1    1    1    1    1  3.46663E+12 0.01417 
   27   27    1    1    1    1    1    1    1    1  7.04608E+12 0.01065 
   28   28    1    1    1    1    1    1    1    1  1.43619E+13 0.00982 
   29   29    1    1    1    1    1    1    1    1  1.80039E+13 0.00663 
   30   30    1    1    1    1    1    1    1    1  4.17763E+13 0.00543 
   31   31    1    1    1    1    1    1    1    1  8.67147E+13 0.00343 
   32   32    1    1    1    1    1    1    1    1  1.15114E+14 0.00314 
   33   33    1    1    1    1    1    1    1    1  2.09910E+14 0.00217 
   34   34    1    1    1    1    1    1    1    1  2.17350E+14 0.00175 
   35   35    1    1    1    1    1    1    1    1  3.04877E+14 0.00123 
   36   36    1    1    1    1    1    1    1    1  2.60870E+14 0.00136 
   37   37    1    1    1    1    1    1    1    1  8.27235E+13 0.00166 
   38   38    1    1    1    1    1    1    1    1  3.63727E+14 0.00128 
   39   39    1    1    1    1    1    1    1    1  4.17795E+14 0.00201 
   40   40    1    1    1    1    1    1    1    1  6.74915E+14 0.00185 
   41   41    1    1    1    1    1    1    1    1  6.33207E+14 0.00160 
   42   42    1    1    1    1    1    1    1    1  1.05110E+15 0.00175 
   43   43    1    1    1    1    1    1    1    1  1.08858E+15 0.00131 
   44   44    1    1    1    1    1    1    1    1  1.35037E+15 0.00160 
   45   45    1    1    1    1    1    1    1    1  2.22108E+15 0.00156 
   46   46    1    1    1    1    1    1    1    1  1.24736E+15 0.00155 
   47   47    1    1    1    1    1    1    1    1  1.67181E+15 0.00173 
   48   48    1    1    1    1    1    1    1    1  2.31522E+15 0.00157 
   49   49    1    1    1    1    1    1    1    1  2.01710E+15 0.00147 
   50   50    1    1    1    1    1    1    1    1  3.03620E+15 0.00163 
   51   51    1    1    1    1    1    1    1    1  2.37946E+15 0.00181 
   52   52    1    1    1    1    1    1    1    1  2.61373E+15 0.00167 
   53   53    1    1    1    1    1    1    1    1  1.88884E+15 0.00148 
   54   54    1    1    1    1    1    1    1    1  2.26429E+15 0.00150 
   55   55    1    1    1    1    1    1    1    1  1.64200E+15 0.00157 
   56   56    1    1    1    1    1    1    1    1  2.28407E+14 0.00248 
   57   57    1    1    1    1    1    1    1    1  3.13089E+15 0.00177 
   58   58    1    1    1    1    1    1    1    1  1.34947E+15 0.00163 
   59   59    1    1    1    1    1    1    1    1  1.49040E+15 0.00203 
   60   60    1    1    1    1    1    1    1    1  1.19404E+15 0.00171 
   61   61    1    1    1    1    1    1    1    1  1.19289E+15 0.00159 
   62   62    1    1    1    1    1    1    1    1  1.17090E+15 0.00185 
   63   63    1    1    1    1    1    1    1    1  9.71339E+14 0.00179 
   64   64    1    1    1    1    1    1    1    1  7.55784E+14 0.00119 
   65   65    1    1    1    1    1    1    1    1  7.31232E+14 0.00152 
   66   66    1    1    1    1    1    1    1    1  6.19259E+14 0.00162 
   67   67    1    1    1    1    1    1    1    1  5.14150E+14 0.00215 
   68   68    1    1    1    1    1    1    1    1  4.49361E+14 0.00202 
   69   69    1    1    1    1    1    1    1    1  5.48240E+14 0.00196 
   70   70    1    1    1    1    1    1    1    1  4.71832E+14 0.00194 
   71   71    1    1    1    1    1    1    1    1  9.01365E+14 0.00190 
   72   72    1    1    1    1    1    1    1    1  6.70375E+14 0.00223 
   73   73    1    1    1    1    1    1    1    1  5.26797E+14 0.00214 
   74   74    1    1    1    1    1    1    1    1  4.24789E+14 0.00236 
   75   75    1    1    1    1    1    1    1    1  3.43208E+14 0.00158 
   76   76    1    1    1    1    1    1    1    1  3.86823E+14 0.00242 
   77   77    1    1    1    1    1    1    1    1  2.97882E+14 0.00261 
   78   78    1    1    1    1    1    1    1    1  2.24631E+14 0.00342 
   79   79    1    1    1    1    1    1    1    1  2.31728E+14 0.00216 
   80   80    1    1    1    1    1    1    1    1  1.72603E+14 0.00299 
   81   81    1    1    1    1    1    1    1    1  1.33893E+14 0.00369 
   82   82    1    1    1    1    1    1    1    1  1.03753E+14 0.00288 
   83   83    1    1    1    1    1    1    1    1  9.64500E+13 0.00354 
   84   84    1    1    1    1    1    1    1    1  6.96597E+13 0.00346 
   85   85    1    1    1    1    1    1    1    1  4.99131E+13 0.00530 
   86   86    1    1    1    1    1    1    1    1  4.66850E+13 0.00509 
   87   87    1    1    1    1    1    1    1    1  2.90006E+13 0.00467 
   88   88    1    1    1    1    1    1    1    1  1.97823E+13 0.01074 
   89   89    1    1    1    1    1    1    1    1  1.11594E+13 0.00860 
   90   90    1    1    1    1    1    1    1    1  7.67594E+12 0.01392 
   91   91    1    1    1    1    1    1    1    1  3.78697E+12 0.01600 
   92   92    1    1    1    1    1    1    1    1  1.82393E+12 0.02432 
   93   93    1    1    1    1    1    1    1    1  9.18233E+11 0.03649 
   94   94    1    1    1    1    1    1    1    1  4.47060E+11 0.05078 
   95   95    1    1    1    1    1    1    1    1  2.26708E+11 0.06507 
   96   96    1    1    1    1    1    1    1    1  9.52125E+10 0.10866 
   97   97    1    1    1    1    1    1    1    1  4.95359E+10 0.14195 
   98   98    1    1    1    1    1    1    1    1  2.95609E+10 0.14081 
   99   99    1    1    1    1    1    1    1    1  1.20636E+10 0.26773 
  100  100    1    1    1    1    1    1    1    1  1.55985E+10 0.30235 
];


