
DETdpaspec = [
    1    1    1    1    1    1    1    1    1    1  0.00000E+00 0.00000 
    2    2    1    1    1    1    1    1    1    1  0.00000E+00 0.00000 
    3    3    1    1    1    1    1    1    1    1  0.00000E+00 0.00000 
    4    4    1    1    1    1    1    1    1    1  0.00000E+00 0.00000 
    5    5    1    1    1    1    1    1    1    1  0.00000E+00 0.00000 
    6    6    1    1    1    1    1    1    1    1  0.00000E+00 0.00000 
    7    7    1    1    1    1    1    1    1    1  2.44489E+07 1.00000 
    8    8    1    1    1    1    1    1    1    1  0.00000E+00 0.00000 
    9    9    1    1    1    1    1    1    1    1  1.29624E+07 1.00000 
   10   10    1    1    1    1    1    1    1    1  6.06601E+07 1.00000 
   11   11    1    1    1    1    1    1    1    1  4.07587E+08 0.42263 
   12   12    1    1    1    1    1    1    1    1  1.07296E+08 0.42692 
   13   13    1    1    1    1    1    1    1    1  2.50158E+09 0.50242 
   14   14    1    1    1    1    1    1    1    1  5.19450E+09 0.32898 
   15   15    1    1    1    1    1    1    1    1  6.15945E+09 0.26367 
   16   16    1    1    1    1    1    1    1    1  3.26788E+09 0.19204 
   17   17    1    1    1    1    1    1    1    1  6.83351E+09 0.20480 
   18   18    1    1    1    1    1    1    1    1  1.12230E+10 0.19871 
   19   19    1    1    1    1    1    1    1    1  2.63312E+10 0.11683 
   20   20    1    1    1    1    1    1    1    1  5.72090E+10 0.11543 
   21   21    1    1    1    1    1    1    1    1  5.43902E+10 0.07979 
   22   22    1    1    1    1    1    1    1    1  1.69047E+11 0.05988 
   23   23    1    1    1    1    1    1    1    1  2.83447E+11 0.04808 
   24   24    1    1    1    1    1    1    1    1  5.18886E+11 0.03057 
   25   25    1    1    1    1    1    1    1    1  7.80964E+11 0.02751 
   26   26    1    1    1    1    1    1    1    1  1.51996E+12 0.02212 
   27   27    1    1    1    1    1    1    1    1  3.03783E+12 0.01128 
   28   28    1    1    1    1    1    1    1    1  5.91783E+12 0.00692 
   29   29    1    1    1    1    1    1    1    1  7.18730E+12 0.01076 
   30   30    1    1    1    1    1    1    1    1  1.71069E+13 0.00850 
   31   31    1    1    1    1    1    1    1    1  3.52314E+13 0.00558 
   32   32    1    1    1    1    1    1    1    1  4.68048E+13 0.00582 
   33   33    1    1    1    1    1    1    1    1  8.45129E+13 0.00513 
   34   34    1    1    1    1    1    1    1    1  8.60526E+13 0.00524 
   35   35    1    1    1    1    1    1    1    1  1.22006E+14 0.00499 
   36   36    1    1    1    1    1    1    1    1  1.03840E+14 0.00470 
   37   37    1    1    1    1    1    1    1    1  3.31218E+13 0.00484 
   38   38    1    1    1    1    1    1    1    1  1.43787E+14 0.00469 
   39   39    1    1    1    1    1    1    1    1  1.64577E+14 0.00466 
   40   40    1    1    1    1    1    1    1    1  2.62237E+14 0.00463 
   41   41    1    1    1    1    1    1    1    1  2.47340E+14 0.00515 
   42   42    1    1    1    1    1    1    1    1  4.05976E+14 0.00500 
   43   43    1    1    1    1    1    1    1    1  4.17819E+14 0.00532 
   44   44    1    1    1    1    1    1    1    1  5.15634E+14 0.00470 
   45   45    1    1    1    1    1    1    1    1  8.39412E+14 0.00506 
   46   46    1    1    1    1    1    1    1    1  4.66809E+14 0.00511 
   47   47    1    1    1    1    1    1    1    1  6.26675E+14 0.00482 
   48   48    1    1    1    1    1    1    1    1  8.62947E+14 0.00490 
   49   49    1    1    1    1    1    1    1    1  7.50297E+14 0.00453 
   50   50    1    1    1    1    1    1    1    1  1.12132E+15 0.00444 
   51   51    1    1    1    1    1    1    1    1  8.77082E+14 0.00456 
   52   52    1    1    1    1    1    1    1    1  9.54382E+14 0.00448 
   53   53    1    1    1    1    1    1    1    1  6.89415E+14 0.00459 
   54   54    1    1    1    1    1    1    1    1  8.20251E+14 0.00473 
   55   55    1    1    1    1    1    1    1    1  5.93580E+14 0.00474 
   56   56    1    1    1    1    1    1    1    1  8.26012E+13 0.00518 
   57   57    1    1    1    1    1    1    1    1  1.12916E+15 0.00483 
   58   58    1    1    1    1    1    1    1    1  4.82872E+14 0.00465 
   59   59    1    1    1    1    1    1    1    1  5.30914E+14 0.00523 
   60   60    1    1    1    1    1    1    1    1  4.22297E+14 0.00497 
   61   61    1    1    1    1    1    1    1    1  4.20717E+14 0.00451 
   62   62    1    1    1    1    1    1    1    1  4.11535E+14 0.00477 
   63   63    1    1    1    1    1    1    1    1  3.39951E+14 0.00451 
   64   64    1    1    1    1    1    1    1    1  2.64125E+14 0.00506 
   65   65    1    1    1    1    1    1    1    1  2.55212E+14 0.00511 
   66   66    1    1    1    1    1    1    1    1  2.15083E+14 0.00498 
   67   67    1    1    1    1    1    1    1    1  1.78965E+14 0.00520 
   68   68    1    1    1    1    1    1    1    1  1.56532E+14 0.00618 
   69   69    1    1    1    1    1    1    1    1  1.91192E+14 0.00621 
   70   70    1    1    1    1    1    1    1    1  1.64280E+14 0.00525 
   71   71    1    1    1    1    1    1    1    1  3.13864E+14 0.00556 
   72   72    1    1    1    1    1    1    1    1  2.32923E+14 0.00461 
   73   73    1    1    1    1    1    1    1    1  1.82200E+14 0.00523 
   74   74    1    1    1    1    1    1    1    1  1.46566E+14 0.00517 
   75   75    1    1    1    1    1    1    1    1  1.17495E+14 0.00496 
   76   76    1    1    1    1    1    1    1    1  1.31807E+14 0.00522 
   77   77    1    1    1    1    1    1    1    1  1.01184E+14 0.00562 
   78   78    1    1    1    1    1    1    1    1  7.57959E+13 0.00633 
   79   79    1    1    1    1    1    1    1    1  7.77339E+13 0.00663 
   80   80    1    1    1    1    1    1    1    1  5.77652E+13 0.00771 
   81   81    1    1    1    1    1    1    1    1  4.51466E+13 0.00466 
   82   82    1    1    1    1    1    1    1    1  3.47772E+13 0.00598 
   83   83    1    1    1    1    1    1    1    1  3.24913E+13 0.00800 
   84   84    1    1    1    1    1    1    1    1  2.31230E+13 0.00920 
   85   85    1    1    1    1    1    1    1    1  1.66044E+13 0.00954 
   86   86    1    1    1    1    1    1    1    1  1.57621E+13 0.00790 
   87   87    1    1    1    1    1    1    1    1  9.73006E+12 0.00936 
   88   88    1    1    1    1    1    1    1    1  6.67156E+12 0.01630 
   89   89    1    1    1    1    1    1    1    1  3.79631E+12 0.01271 
   90   90    1    1    1    1    1    1    1    1  2.48175E+12 0.02729 
   91   91    1    1    1    1    1    1    1    1  1.29048E+12 0.02643 
   92   92    1    1    1    1    1    1    1    1  6.91543E+11 0.03489 
   93   93    1    1    1    1    1    1    1    1  2.91401E+11 0.05762 
   94   94    1    1    1    1    1    1    1    1  1.44147E+11 0.07061 
   95   95    1    1    1    1    1    1    1    1  6.81247E+10 0.13056 
   96   96    1    1    1    1    1    1    1    1  4.42833E+10 0.14678 
   97   97    1    1    1    1    1    1    1    1  1.74130E+10 0.24915 
   98   98    1    1    1    1    1    1    1    1  9.56643E+09 0.30139 
   99   99    1    1    1    1    1    1    1    1  1.24692E+09 0.54631 
  100  100    1    1    1    1    1    1    1    1  2.97811E+09 0.42520 
];


