
DETdpaspec = [
    1    1    1    1    1    1    1    1    1    1  0.00000E+00 0.00000 
    2    2    1    1    1    1    1    1    1    1  0.00000E+00 0.00000 
    3    3    1    1    1    1    1    1    1    1  0.00000E+00 0.00000 
    4    4    1    1    1    1    1    1    1    1  0.00000E+00 0.00000 
    5    5    1    1    1    1    1    1    1    1  0.00000E+00 0.00000 
    6    6    1    1    1    1    1    1    1    1  1.17862E+07 1.00000 
    7    7    1    1    1    1    1    1    1    1  3.98752E+07 1.00000 
    8    8    1    1    1    1    1    1    1    1  1.78975E+07 1.00000 
    9    9    1    1    1    1    1    1    1    1  0.00000E+00 0.00000 
   10   10    1    1    1    1    1    1    1    1  5.55338E+07 1.00000 
   11   11    1    1    1    1    1    1    1    1  3.11143E+08 0.50671 
   12   12    1    1    1    1    1    1    1    1  1.76436E+08 0.43395 
   13   13    1    1    1    1    1    1    1    1  1.81328E+09 0.50824 
   14   14    1    1    1    1    1    1    1    1  4.81303E+09 0.32928 
   15   15    1    1    1    1    1    1    1    1  8.29336E+09 0.28275 
   16   16    1    1    1    1    1    1    1    1  1.90152E+09 0.22095 
   17   17    1    1    1    1    1    1    1    1  5.69432E+09 0.19267 
   18   18    1    1    1    1    1    1    1    1  2.10707E+10 0.11794 
   19   19    1    1    1    1    1    1    1    1  2.22196E+10 0.12768 
   20   20    1    1    1    1    1    1    1    1  6.28010E+10 0.10048 
   21   21    1    1    1    1    1    1    1    1  4.52629E+10 0.11277 
   22   22    1    1    1    1    1    1    1    1  1.24985E+11 0.06365 
   23   23    1    1    1    1    1    1    1    1  2.12483E+11 0.05225 
   24   24    1    1    1    1    1    1    1    1  4.14718E+11 0.03966 
   25   25    1    1    1    1    1    1    1    1  6.70056E+11 0.02949 
   26   26    1    1    1    1    1    1    1    1  1.38297E+12 0.01991 
   27   27    1    1    1    1    1    1    1    1  2.67760E+12 0.01372 
   28   28    1    1    1    1    1    1    1    1  5.06374E+12 0.01138 
   29   29    1    1    1    1    1    1    1    1  6.17304E+12 0.01318 
   30   30    1    1    1    1    1    1    1    1  1.47310E+13 0.01010 
   31   31    1    1    1    1    1    1    1    1  2.99849E+13 0.00839 
   32   32    1    1    1    1    1    1    1    1  3.92371E+13 0.00563 
   33   33    1    1    1    1    1    1    1    1  7.12120E+13 0.00480 
   34   34    1    1    1    1    1    1    1    1  7.25411E+13 0.00606 
   35   35    1    1    1    1    1    1    1    1  1.02773E+14 0.00504 
   36   36    1    1    1    1    1    1    1    1  8.74293E+13 0.00473 
   37   37    1    1    1    1    1    1    1    1  2.78123E+13 0.00430 
   38   38    1    1    1    1    1    1    1    1  1.20788E+14 0.00403 
   39   39    1    1    1    1    1    1    1    1  1.38516E+14 0.00428 
   40   40    1    1    1    1    1    1    1    1  2.20467E+14 0.00437 
   41   41    1    1    1    1    1    1    1    1  2.06733E+14 0.00473 
   42   42    1    1    1    1    1    1    1    1  3.39698E+14 0.00439 
   43   43    1    1    1    1    1    1    1    1  3.49450E+14 0.00386 
   44   44    1    1    1    1    1    1    1    1  4.30861E+14 0.00375 
   45   45    1    1    1    1    1    1    1    1  7.00004E+14 0.00338 
   46   46    1    1    1    1    1    1    1    1  3.89897E+14 0.00340 
   47   47    1    1    1    1    1    1    1    1  5.22614E+14 0.00371 
   48   48    1    1    1    1    1    1    1    1  7.17348E+14 0.00424 
   49   49    1    1    1    1    1    1    1    1  6.25108E+14 0.00401 
   50   50    1    1    1    1    1    1    1    1  9.31874E+14 0.00394 
   51   51    1    1    1    1    1    1    1    1  7.29259E+14 0.00428 
   52   52    1    1    1    1    1    1    1    1  7.94082E+14 0.00386 
   53   53    1    1    1    1    1    1    1    1  5.72020E+14 0.00375 
   54   54    1    1    1    1    1    1    1    1  6.79679E+14 0.00370 
   55   55    1    1    1    1    1    1    1    1  4.92471E+14 0.00426 
   56   56    1    1    1    1    1    1    1    1  6.89833E+13 0.00413 
   57   57    1    1    1    1    1    1    1    1  9.37987E+14 0.00378 
   58   58    1    1    1    1    1    1    1    1  3.99540E+14 0.00423 
   59   59    1    1    1    1    1    1    1    1  4.41116E+14 0.00395 
   60   60    1    1    1    1    1    1    1    1  3.49986E+14 0.00425 
   61   61    1    1    1    1    1    1    1    1  3.50134E+14 0.00496 
   62   62    1    1    1    1    1    1    1    1  3.42374E+14 0.00474 
   63   63    1    1    1    1    1    1    1    1  2.82502E+14 0.00492 
   64   64    1    1    1    1    1    1    1    1  2.19093E+14 0.00498 
   65   65    1    1    1    1    1    1    1    1  2.11413E+14 0.00514 
   66   66    1    1    1    1    1    1    1    1  1.78729E+14 0.00494 
   67   67    1    1    1    1    1    1    1    1  1.48292E+14 0.00508 
   68   68    1    1    1    1    1    1    1    1  1.29137E+14 0.00513 
   69   69    1    1    1    1    1    1    1    1  1.57957E+14 0.00503 
   70   70    1    1    1    1    1    1    1    1  1.36019E+14 0.00486 
   71   71    1    1    1    1    1    1    1    1  2.59927E+14 0.00494 
   72   72    1    1    1    1    1    1    1    1  1.93516E+14 0.00430 
   73   73    1    1    1    1    1    1    1    1  1.50133E+14 0.00486 
   74   74    1    1    1    1    1    1    1    1  1.21426E+14 0.00526 
   75   75    1    1    1    1    1    1    1    1  9.79574E+13 0.00566 
   76   76    1    1    1    1    1    1    1    1  1.08950E+14 0.00478 
   77   77    1    1    1    1    1    1    1    1  8.41943E+13 0.00594 
   78   78    1    1    1    1    1    1    1    1  6.27176E+13 0.00659 
   79   79    1    1    1    1    1    1    1    1  6.47341E+13 0.00572 
   80   80    1    1    1    1    1    1    1    1  4.81198E+13 0.00699 
   81   81    1    1    1    1    1    1    1    1  3.71571E+13 0.00663 
   82   82    1    1    1    1    1    1    1    1  2.89305E+13 0.00741 
   83   83    1    1    1    1    1    1    1    1  2.64967E+13 0.00698 
   84   84    1    1    1    1    1    1    1    1  1.88815E+13 0.00737 
   85   85    1    1    1    1    1    1    1    1  1.36811E+13 0.00553 
   86   86    1    1    1    1    1    1    1    1  1.28155E+13 0.00985 
   87   87    1    1    1    1    1    1    1    1  8.07895E+12 0.01292 
   88   88    1    1    1    1    1    1    1    1  5.53073E+12 0.01288 
   89   89    1    1    1    1    1    1    1    1  3.09279E+12 0.01758 
   90   90    1    1    1    1    1    1    1    1  2.10626E+12 0.01877 
   91   91    1    1    1    1    1    1    1    1  1.07223E+12 0.02269 
   92   92    1    1    1    1    1    1    1    1  5.31057E+11 0.04468 
   93   93    1    1    1    1    1    1    1    1  2.51002E+11 0.04640 
   94   94    1    1    1    1    1    1    1    1  1.42274E+11 0.06634 
   95   95    1    1    1    1    1    1    1    1  6.50679E+10 0.11439 
   96   96    1    1    1    1    1    1    1    1  2.59597E+10 0.17714 
   97   97    1    1    1    1    1    1    1    1  1.61511E+10 0.20599 
   98   98    1    1    1    1    1    1    1    1  3.78539E+09 0.41359 
   99   99    1    1    1    1    1    1    1    1  4.22091E+09 0.62403 
  100  100    1    1    1    1    1    1    1    1  2.54544E+09 0.42512 
];


