
DETdpaspec = [
    1    1    1    1    1    1    1    1    1    1  0.00000E+00 0.00000 
    2    2    1    1    1    1    1    1    1    1  0.00000E+00 0.00000 
    3    3    1    1    1    1    1    1    1    1  0.00000E+00 0.00000 
    4    4    1    1    1    1    1    1    1    1  0.00000E+00 0.00000 
    5    5    1    1    1    1    1    1    1    1  0.00000E+00 0.00000 
    6    6    1    1    1    1    1    1    1    1  0.00000E+00 0.00000 
    7    7    1    1    1    1    1    1    1    1  2.29413E+07 1.00000 
    8    8    1    1    1    1    1    1    1    1  1.22659E+08 0.56984 
    9    9    1    1    1    1    1    1    1    1  1.68965E+08 0.42053 
   10   10    1    1    1    1    1    1    1    1  3.64562E+07 1.00000 
   11   11    1    1    1    1    1    1    1    1  3.73897E+08 0.49199 
   12   12    1    1    1    1    1    1    1    1  1.74194E+08 0.53616 
   13   13    1    1    1    1    1    1    1    1  3.21066E+09 0.46502 
   14   14    1    1    1    1    1    1    1    1  7.19495E+09 0.25314 
   15   15    1    1    1    1    1    1    1    1  1.15799E+10 0.27193 
   16   16    1    1    1    1    1    1    1    1  5.01053E+09 0.23679 
   17   17    1    1    1    1    1    1    1    1  5.18717E+09 0.25667 
   18   18    1    1    1    1    1    1    1    1  1.69019E+10 0.17469 
   19   19    1    1    1    1    1    1    1    1  2.21326E+10 0.12903 
   20   20    1    1    1    1    1    1    1    1  6.51778E+10 0.10577 
   21   21    1    1    1    1    1    1    1    1  6.00642E+10 0.08442 
   22   22    1    1    1    1    1    1    1    1  1.65467E+11 0.06694 
   23   23    1    1    1    1    1    1    1    1  2.69719E+11 0.04085 
   24   24    1    1    1    1    1    1    1    1  5.43827E+11 0.03949 
   25   25    1    1    1    1    1    1    1    1  8.50052E+11 0.02677 
   26   26    1    1    1    1    1    1    1    1  1.70911E+12 0.02423 
   27   27    1    1    1    1    1    1    1    1  3.34054E+12 0.01335 
   28   28    1    1    1    1    1    1    1    1  6.55923E+12 0.01070 
   29   29    1    1    1    1    1    1    1    1  7.90054E+12 0.01344 
   30   30    1    1    1    1    1    1    1    1  1.86462E+13 0.00882 
   31   31    1    1    1    1    1    1    1    1  3.80685E+13 0.00621 
   32   32    1    1    1    1    1    1    1    1  5.00581E+13 0.00544 
   33   33    1    1    1    1    1    1    1    1  9.02695E+13 0.00547 
   34   34    1    1    1    1    1    1    1    1  9.22002E+13 0.00531 
   35   35    1    1    1    1    1    1    1    1  1.30888E+14 0.00480 
   36   36    1    1    1    1    1    1    1    1  1.11937E+14 0.00410 
   37   37    1    1    1    1    1    1    1    1  3.54657E+13 0.00406 
   38   38    1    1    1    1    1    1    1    1  1.54619E+14 0.00441 
   39   39    1    1    1    1    1    1    1    1  1.76823E+14 0.00407 
   40   40    1    1    1    1    1    1    1    1  2.82442E+14 0.00420 
   41   41    1    1    1    1    1    1    1    1  2.65494E+14 0.00429 
   42   42    1    1    1    1    1    1    1    1  4.36240E+14 0.00391 
   43   43    1    1    1    1    1    1    1    1  4.49488E+14 0.00407 
   44   44    1    1    1    1    1    1    1    1  5.53704E+14 0.00396 
   45   45    1    1    1    1    1    1    1    1  9.01688E+14 0.00425 
   46   46    1    1    1    1    1    1    1    1  5.03359E+14 0.00442 
   47   47    1    1    1    1    1    1    1    1  6.75200E+14 0.00406 
   48   48    1    1    1    1    1    1    1    1  9.28461E+14 0.00411 
   49   49    1    1    1    1    1    1    1    1  8.09694E+14 0.00431 
   50   50    1    1    1    1    1    1    1    1  1.20607E+15 0.00399 
   51   51    1    1    1    1    1    1    1    1  9.42415E+14 0.00451 
   52   52    1    1    1    1    1    1    1    1  1.02918E+15 0.00482 
   53   53    1    1    1    1    1    1    1    1  7.40489E+14 0.00478 
   54   54    1    1    1    1    1    1    1    1  8.81044E+14 0.00493 
   55   55    1    1    1    1    1    1    1    1  6.39004E+14 0.00499 
   56   56    1    1    1    1    1    1    1    1  8.89316E+13 0.00501 
   57   57    1    1    1    1    1    1    1    1  1.21347E+15 0.00481 
   58   58    1    1    1    1    1    1    1    1  5.18749E+14 0.00466 
   59   59    1    1    1    1    1    1    1    1  5.71827E+14 0.00463 
   60   60    1    1    1    1    1    1    1    1  4.54787E+14 0.00457 
   61   61    1    1    1    1    1    1    1    1  4.54225E+14 0.00475 
   62   62    1    1    1    1    1    1    1    1  4.44733E+14 0.00467 
   63   63    1    1    1    1    1    1    1    1  3.66632E+14 0.00504 
   64   64    1    1    1    1    1    1    1    1  2.85446E+14 0.00557 
   65   65    1    1    1    1    1    1    1    1  2.74846E+14 0.00486 
   66   66    1    1    1    1    1    1    1    1  2.32343E+14 0.00487 
   67   67    1    1    1    1    1    1    1    1  1.93042E+14 0.00528 
   68   68    1    1    1    1    1    1    1    1  1.68296E+14 0.00483 
   69   69    1    1    1    1    1    1    1    1  2.06188E+14 0.00539 
   70   70    1    1    1    1    1    1    1    1  1.77343E+14 0.00578 
   71   71    1    1    1    1    1    1    1    1  3.39575E+14 0.00477 
   72   72    1    1    1    1    1    1    1    1  2.52079E+14 0.00498 
   73   73    1    1    1    1    1    1    1    1  1.97474E+14 0.00677 
   74   74    1    1    1    1    1    1    1    1  1.57846E+14 0.00593 
   75   75    1    1    1    1    1    1    1    1  1.27504E+14 0.00580 
   76   76    1    1    1    1    1    1    1    1  1.42867E+14 0.00603 
   77   77    1    1    1    1    1    1    1    1  1.09213E+14 0.00592 
   78   78    1    1    1    1    1    1    1    1  8.17062E+13 0.00692 
   79   79    1    1    1    1    1    1    1    1  8.40663E+13 0.00619 
   80   80    1    1    1    1    1    1    1    1  6.29374E+13 0.00482 
   81   81    1    1    1    1    1    1    1    1  4.87867E+13 0.00790 
   82   82    1    1    1    1    1    1    1    1  3.73542E+13 0.00745 
   83   83    1    1    1    1    1    1    1    1  3.48030E+13 0.00663 
   84   84    1    1    1    1    1    1    1    1  2.52322E+13 0.00834 
   85   85    1    1    1    1    1    1    1    1  1.83304E+13 0.00889 
   86   86    1    1    1    1    1    1    1    1  1.68287E+13 0.00996 
   87   87    1    1    1    1    1    1    1    1  1.06516E+13 0.00882 
   88   88    1    1    1    1    1    1    1    1  7.22280E+12 0.01134 
   89   89    1    1    1    1    1    1    1    1  4.16441E+12 0.01411 
   90   90    1    1    1    1    1    1    1    1  2.81398E+12 0.02464 
   91   91    1    1    1    1    1    1    1    1  1.42150E+12 0.02938 
   92   92    1    1    1    1    1    1    1    1  6.63264E+11 0.03340 
   93   93    1    1    1    1    1    1    1    1  3.28419E+11 0.05184 
   94   94    1    1    1    1    1    1    1    1  1.46355E+11 0.07000 
   95   95    1    1    1    1    1    1    1    1  9.15118E+10 0.10688 
   96   96    1    1    1    1    1    1    1    1  3.56136E+10 0.16672 
   97   97    1    1    1    1    1    1    1    1  1.78175E+10 0.23130 
   98   98    1    1    1    1    1    1    1    1  1.16599E+10 0.33174 
   99   99    1    1    1    1    1    1    1    1  2.54690E+09 0.42828 
  100  100    1    1    1    1    1    1    1    1  2.55749E+09 0.42627 
];


