
DETdpaspec = [
    1    1    1    1    1    1    1    1    1    1  0.00000E+00 0.00000 
    2    2    1    1    1    1    1    1    1    1  0.00000E+00 0.00000 
    3    3    1    1    1    1    1    1    1    1  0.00000E+00 0.00000 
    4    4    1    1    1    1    1    1    1    1  0.00000E+00 0.00000 
    5    5    1    1    1    1    1    1    1    1  2.54361E+07 1.00000 
    6    6    1    1    1    1    1    1    1    1  1.33219E+07 1.00000 
    7    7    1    1    1    1    1    1    1    1  4.07495E+07 1.00000 
    8    8    1    1    1    1    1    1    1    1  4.91031E+07 0.68887 
    9    9    1    1    1    1    1    1    1    1  8.07803E+07 0.73623 
   10   10    1    1    1    1    1    1    1    1  2.69603E+08 0.59320 
   11   11    1    1    1    1    1    1    1    1  1.11948E+08 0.68902 
   12   12    1    1    1    1    1    1    1    1  1.33351E+08 0.37136 
   13   13    1    1    1    1    1    1    1    1  2.74526E+09 0.81350 
   14   14    1    1    1    1    1    1    1    1  5.96856E+09 0.23487 
   15   15    1    1    1    1    1    1    1    1  1.14112E+10 0.28565 
   16   16    1    1    1    1    1    1    1    1  5.80553E+09 0.22931 
   17   17    1    1    1    1    1    1    1    1  9.43834E+09 0.18650 
   18   18    1    1    1    1    1    1    1    1  2.34137E+10 0.16110 
   19   19    1    1    1    1    1    1    1    1  2.80047E+10 0.16409 
   20   20    1    1    1    1    1    1    1    1  6.69990E+10 0.11671 
   21   21    1    1    1    1    1    1    1    1  6.36290E+10 0.08986 
   22   22    1    1    1    1    1    1    1    1  1.83036E+11 0.04878 
   23   23    1    1    1    1    1    1    1    1  3.06586E+11 0.03273 
   24   24    1    1    1    1    1    1    1    1  5.83602E+11 0.03853 
   25   25    1    1    1    1    1    1    1    1  9.02633E+11 0.02448 
   26   26    1    1    1    1    1    1    1    1  1.80922E+12 0.01921 
   27   27    1    1    1    1    1    1    1    1  3.64146E+12 0.01764 
   28   28    1    1    1    1    1    1    1    1  7.26484E+12 0.01316 
   29   29    1    1    1    1    1    1    1    1  8.77451E+12 0.00925 
   30   30    1    1    1    1    1    1    1    1  2.04352E+13 0.00767 
   31   31    1    1    1    1    1    1    1    1  4.20755E+13 0.00637 
   32   32    1    1    1    1    1    1    1    1  5.55227E+13 0.00538 
   33   33    1    1    1    1    1    1    1    1  1.00918E+14 0.00398 
   34   34    1    1    1    1    1    1    1    1  1.03453E+14 0.00446 
   35   35    1    1    1    1    1    1    1    1  1.45616E+14 0.00315 
   36   36    1    1    1    1    1    1    1    1  1.24236E+14 0.00298 
   37   37    1    1    1    1    1    1    1    1  3.95244E+13 0.00323 
   38   38    1    1    1    1    1    1    1    1  1.72063E+14 0.00321 
   39   39    1    1    1    1    1    1    1    1  1.97160E+14 0.00347 
   40   40    1    1    1    1    1    1    1    1  3.15689E+14 0.00313 
   41   41    1    1    1    1    1    1    1    1  2.96953E+14 0.00282 
   42   42    1    1    1    1    1    1    1    1  4.88449E+14 0.00268 
   43   43    1    1    1    1    1    1    1    1  5.01658E+14 0.00237 
   44   44    1    1    1    1    1    1    1    1  6.19212E+14 0.00234 
   45   45    1    1    1    1    1    1    1    1  1.01018E+15 0.00265 
   46   46    1    1    1    1    1    1    1    1  5.64609E+14 0.00266 
   47   47    1    1    1    1    1    1    1    1  7.56580E+14 0.00276 
   48   48    1    1    1    1    1    1    1    1  1.04249E+15 0.00260 
   49   49    1    1    1    1    1    1    1    1  9.05502E+14 0.00235 
   50   50    1    1    1    1    1    1    1    1  1.35363E+15 0.00246 
   51   51    1    1    1    1    1    1    1    1  1.06010E+15 0.00266 
   52   52    1    1    1    1    1    1    1    1  1.15706E+15 0.00263 
   53   53    1    1    1    1    1    1    1    1  8.34753E+14 0.00272 
   54   54    1    1    1    1    1    1    1    1  9.94225E+14 0.00247 
   55   55    1    1    1    1    1    1    1    1  7.19185E+14 0.00276 
   56   56    1    1    1    1    1    1    1    1  1.00242E+14 0.00274 
   57   57    1    1    1    1    1    1    1    1  1.36934E+15 0.00259 
   58   58    1    1    1    1    1    1    1    1  5.85733E+14 0.00309 
   59   59    1    1    1    1    1    1    1    1  6.45160E+14 0.00278 
   60   60    1    1    1    1    1    1    1    1  5.12644E+14 0.00286 
   61   61    1    1    1    1    1    1    1    1  5.12783E+14 0.00317 
   62   62    1    1    1    1    1    1    1    1  5.01516E+14 0.00299 
   63   63    1    1    1    1    1    1    1    1  4.14742E+14 0.00297 
   64   64    1    1    1    1    1    1    1    1  3.21914E+14 0.00325 
   65   65    1    1    1    1    1    1    1    1  3.10580E+14 0.00285 
   66   66    1    1    1    1    1    1    1    1  2.62439E+14 0.00279 
   67   67    1    1    1    1    1    1    1    1  2.18899E+14 0.00267 
   68   68    1    1    1    1    1    1    1    1  1.90590E+14 0.00415 
   69   69    1    1    1    1    1    1    1    1  2.32739E+14 0.00367 
   70   70    1    1    1    1    1    1    1    1  2.00433E+14 0.00368 
   71   71    1    1    1    1    1    1    1    1  3.82309E+14 0.00354 
   72   72    1    1    1    1    1    1    1    1  2.85501E+14 0.00345 
   73   73    1    1    1    1    1    1    1    1  2.23616E+14 0.00277 
   74   74    1    1    1    1    1    1    1    1  1.78887E+14 0.00439 
   75   75    1    1    1    1    1    1    1    1  1.44359E+14 0.00340 
   76   76    1    1    1    1    1    1    1    1  1.61858E+14 0.00382 
   77   77    1    1    1    1    1    1    1    1  1.24058E+14 0.00408 
   78   78    1    1    1    1    1    1    1    1  9.26645E+13 0.00377 
   79   79    1    1    1    1    1    1    1    1  9.53168E+13 0.00350 
   80   80    1    1    1    1    1    1    1    1  7.14634E+13 0.00460 
   81   81    1    1    1    1    1    1    1    1  5.50537E+13 0.00508 
   82   82    1    1    1    1    1    1    1    1  4.20933E+13 0.00642 
   83   83    1    1    1    1    1    1    1    1  3.94706E+13 0.00573 
   84   84    1    1    1    1    1    1    1    1  2.86062E+13 0.00608 
   85   85    1    1    1    1    1    1    1    1  2.05572E+13 0.00613 
   86   86    1    1    1    1    1    1    1    1  1.88414E+13 0.00462 
   87   87    1    1    1    1    1    1    1    1  1.20014E+13 0.00930 
   88   88    1    1    1    1    1    1    1    1  8.11393E+12 0.01162 
   89   89    1    1    1    1    1    1    1    1  4.63051E+12 0.02024 
   90   90    1    1    1    1    1    1    1    1  3.12746E+12 0.01313 
   91   91    1    1    1    1    1    1    1    1  1.59349E+12 0.02915 
   92   92    1    1    1    1    1    1    1    1  7.76308E+11 0.03524 
   93   93    1    1    1    1    1    1    1    1  4.03452E+11 0.03633 
   94   94    1    1    1    1    1    1    1    1  1.84283E+11 0.04923 
   95   95    1    1    1    1    1    1    1    1  6.21237E+10 0.13553 
   96   96    1    1    1    1    1    1    1    1  4.81462E+10 0.15792 
   97   97    1    1    1    1    1    1    1    1  1.93987E+10 0.22963 
   98   98    1    1    1    1    1    1    1    1  1.03818E+10 0.25917 
   99   99    1    1    1    1    1    1    1    1  5.48750E+09 0.50496 
  100  100    1    1    1    1    1    1    1    1  4.68220E+09 0.44901 
];


