
DETdpaspec = [
    1    1    1    1    1    1    1    1    1    1  0.00000E+00 0.00000 
    2    2    1    1    1    1    1    1    1    1  0.00000E+00 0.00000 
    3    3    1    1    1    1    1    1    1    1  0.00000E+00 0.00000 
    4    4    1    1    1    1    1    1    1    1  0.00000E+00 0.00000 
    5    5    1    1    1    1    1    1    1    1  0.00000E+00 0.00000 
    6    6    1    1    1    1    1    1    1    1  1.28319E+07 1.00000 
    7    7    1    1    1    1    1    1    1    1  3.34190E+07 0.69754 
    8    8    1    1    1    1    1    1    1    1  0.00000E+00 0.00000 
    9    9    1    1    1    1    1    1    1    1  6.46384E+07 0.45892 
   10   10    1    1    1    1    1    1    1    1  5.70519E+08 0.34123 
   11   11    1    1    1    1    1    1    1    1  2.03229E+08 0.54751 
   12   12    1    1    1    1    1    1    1    1  9.18885E+07 0.58481 
   13   13    1    1    1    1    1    1    1    1  2.14684E+09 0.30761 
   14   14    1    1    1    1    1    1    1    1  4.77517E+09 0.28819 
   15   15    1    1    1    1    1    1    1    1  6.91425E+09 0.33336 
   16   16    1    1    1    1    1    1    1    1  2.93177E+09 0.17810 
   17   17    1    1    1    1    1    1    1    1  6.93896E+09 0.15980 
   18   18    1    1    1    1    1    1    1    1  1.91156E+10 0.10258 
   19   19    1    1    1    1    1    1    1    1  2.28688E+10 0.11363 
   20   20    1    1    1    1    1    1    1    1  6.72511E+10 0.09417 
   21   21    1    1    1    1    1    1    1    1  6.95506E+10 0.07945 
   22   22    1    1    1    1    1    1    1    1  1.82744E+11 0.06902 
   23   23    1    1    1    1    1    1    1    1  3.04171E+11 0.04560 
   24   24    1    1    1    1    1    1    1    1  5.69225E+11 0.03303 
   25   25    1    1    1    1    1    1    1    1  9.10668E+11 0.02234 
   26   26    1    1    1    1    1    1    1    1  1.88894E+12 0.02245 
   27   27    1    1    1    1    1    1    1    1  3.78602E+12 0.01059 
   28   28    1    1    1    1    1    1    1    1  7.34883E+12 0.01017 
   29   29    1    1    1    1    1    1    1    1  9.07848E+12 0.00904 
   30   30    1    1    1    1    1    1    1    1  2.13599E+13 0.00753 
   31   31    1    1    1    1    1    1    1    1  4.35009E+13 0.00635 
   32   32    1    1    1    1    1    1    1    1  5.73456E+13 0.00430 
   33   33    1    1    1    1    1    1    1    1  1.04130E+14 0.00430 
   34   34    1    1    1    1    1    1    1    1  1.06359E+14 0.00456 
   35   35    1    1    1    1    1    1    1    1  1.50540E+14 0.00444 
   36   36    1    1    1    1    1    1    1    1  1.28468E+14 0.00368 
   37   37    1    1    1    1    1    1    1    1  4.08742E+13 0.00394 
   38   38    1    1    1    1    1    1    1    1  1.77770E+14 0.00399 
   39   39    1    1    1    1    1    1    1    1  2.03216E+14 0.00350 
   40   40    1    1    1    1    1    1    1    1  3.25438E+14 0.00327 
   41   41    1    1    1    1    1    1    1    1  3.05973E+14 0.00352 
   42   42    1    1    1    1    1    1    1    1  5.04441E+14 0.00328 
   43   43    1    1    1    1    1    1    1    1  5.19228E+14 0.00288 
   44   44    1    1    1    1    1    1    1    1  6.40794E+14 0.00311 
   45   45    1    1    1    1    1    1    1    1  1.04400E+15 0.00318 
   46   46    1    1    1    1    1    1    1    1  5.83585E+14 0.00309 
   47   47    1    1    1    1    1    1    1    1  7.82576E+14 0.00320 
   48   48    1    1    1    1    1    1    1    1  1.07558E+15 0.00284 
   49   49    1    1    1    1    1    1    1    1  9.36077E+14 0.00315 
   50   50    1    1    1    1    1    1    1    1  1.40121E+15 0.00288 
   51   51    1    1    1    1    1    1    1    1  1.09558E+15 0.00336 
   52   52    1    1    1    1    1    1    1    1  1.19513E+15 0.00344 
   53   53    1    1    1    1    1    1    1    1  8.62641E+14 0.00315 
   54   54    1    1    1    1    1    1    1    1  1.02790E+15 0.00340 
   55   55    1    1    1    1    1    1    1    1  7.44783E+14 0.00296 
   56   56    1    1    1    1    1    1    1    1  1.03677E+14 0.00338 
   57   57    1    1    1    1    1    1    1    1  1.41540E+15 0.00319 
   58   58    1    1    1    1    1    1    1    1  6.05262E+14 0.00314 
   59   59    1    1    1    1    1    1    1    1  6.68956E+14 0.00294 
   60   60    1    1    1    1    1    1    1    1  5.30929E+14 0.00335 
   61   61    1    1    1    1    1    1    1    1  5.31696E+14 0.00321 
   62   62    1    1    1    1    1    1    1    1  5.19228E+14 0.00325 
   63   63    1    1    1    1    1    1    1    1  4.28599E+14 0.00312 
   64   64    1    1    1    1    1    1    1    1  3.33178E+14 0.00314 
   65   65    1    1    1    1    1    1    1    1  3.22131E+14 0.00320 
   66   66    1    1    1    1    1    1    1    1  2.72150E+14 0.00384 
   67   67    1    1    1    1    1    1    1    1  2.25061E+14 0.00373 
   68   68    1    1    1    1    1    1    1    1  1.96817E+14 0.00400 
   69   69    1    1    1    1    1    1    1    1  2.39902E+14 0.00392 
   70   70    1    1    1    1    1    1    1    1  2.06600E+14 0.00296 
   71   71    1    1    1    1    1    1    1    1  3.95129E+14 0.00336 
   72   72    1    1    1    1    1    1    1    1  2.93867E+14 0.00396 
   73   73    1    1    1    1    1    1    1    1  2.29542E+14 0.00354 
   74   74    1    1    1    1    1    1    1    1  1.85312E+14 0.00365 
   75   75    1    1    1    1    1    1    1    1  1.49520E+14 0.00433 
   76   76    1    1    1    1    1    1    1    1  1.67778E+14 0.00459 
   77   77    1    1    1    1    1    1    1    1  1.28326E+14 0.00449 
   78   78    1    1    1    1    1    1    1    1  9.60407E+13 0.00482 
   79   79    1    1    1    1    1    1    1    1  9.82482E+13 0.00468 
   80   80    1    1    1    1    1    1    1    1  7.34568E+13 0.00460 
   81   81    1    1    1    1    1    1    1    1  5.68965E+13 0.00642 
   82   82    1    1    1    1    1    1    1    1  4.36172E+13 0.00592 
   83   83    1    1    1    1    1    1    1    1  4.10342E+13 0.00522 
   84   84    1    1    1    1    1    1    1    1  2.94460E+13 0.00501 
   85   85    1    1    1    1    1    1    1    1  2.11463E+13 0.00983 
   86   86    1    1    1    1    1    1    1    1  1.96861E+13 0.00678 
   87   87    1    1    1    1    1    1    1    1  1.26824E+13 0.00770 
   88   88    1    1    1    1    1    1    1    1  8.44611E+12 0.01015 
   89   89    1    1    1    1    1    1    1    1  4.94738E+12 0.01646 
   90   90    1    1    1    1    1    1    1    1  3.21741E+12 0.01772 
   91   91    1    1    1    1    1    1    1    1  1.62504E+12 0.02737 
   92   92    1    1    1    1    1    1    1    1  7.99717E+11 0.02907 
   93   93    1    1    1    1    1    1    1    1  4.02714E+11 0.04179 
   94   94    1    1    1    1    1    1    1    1  1.91585E+11 0.07855 
   95   95    1    1    1    1    1    1    1    1  9.48905E+10 0.11538 
   96   96    1    1    1    1    1    1    1    1  4.82004E+10 0.13496 
   97   97    1    1    1    1    1    1    1    1  2.14934E+10 0.25131 
   98   98    1    1    1    1    1    1    1    1  1.11415E+10 0.26503 
   99   99    1    1    1    1    1    1    1    1  2.05898E+09 0.70279 
  100  100    1    1    1    1    1    1    1    1  1.73067E+09 0.45892 
];


