
DETdpaspec = [
    1    1    1    1    1    1    1    1    1    1  0.00000E+00 0.00000 
    2    2    1    1    1    1    1    1    1    1  0.00000E+00 0.00000 
    3    3    1    1    1    1    1    1    1    1  0.00000E+00 0.00000 
    4    4    1    1    1    1    1    1    1    1  0.00000E+00 0.00000 
    5    5    1    1    1    1    1    1    1    1  1.25595E+07 1.00000 
    6    6    1    1    1    1    1    1    1    1  0.00000E+00 0.00000 
    7    7    1    1    1    1    1    1    1    1  0.00000E+00 0.00000 
    8    8    1    1    1    1    1    1    1    1  4.43837E+07 0.69326 
    9    9    1    1    1    1    1    1    1    1  5.69913E+07 0.57028 
   10   10    1    1    1    1    1    1    1    1  2.91847E+08 0.63307 
   11   11    1    1    1    1    1    1    1    1  3.11416E+08 0.57928 
   12   12    1    1    1    1    1    1    1    1  1.37061E+08 0.46793 
   13   13    1    1    1    1    1    1    1    1  1.42172E+09 0.44863 
   14   14    1    1    1    1    1    1    1    1  4.70510E+09 0.25274 
   15   15    1    1    1    1    1    1    1    1  4.76348E+09 0.27004 
   16   16    1    1    1    1    1    1    1    1  3.17549E+09 0.21928 
   17   17    1    1    1    1    1    1    1    1  8.86958E+09 0.21114 
   18   18    1    1    1    1    1    1    1    1  2.09928E+10 0.13404 
   19   19    1    1    1    1    1    1    1    1  2.89329E+10 0.10488 
   20   20    1    1    1    1    1    1    1    1  6.08459E+10 0.09573 
   21   21    1    1    1    1    1    1    1    1  5.78706E+10 0.07438 
   22   22    1    1    1    1    1    1    1    1  1.67658E+11 0.06299 
   23   23    1    1    1    1    1    1    1    1  3.04362E+11 0.03577 
   24   24    1    1    1    1    1    1    1    1  5.60593E+11 0.03126 
   25   25    1    1    1    1    1    1    1    1  9.02949E+11 0.02540 
   26   26    1    1    1    1    1    1    1    1  1.82138E+12 0.01640 
   27   27    1    1    1    1    1    1    1    1  3.52069E+12 0.01236 
   28   28    1    1    1    1    1    1    1    1  6.91072E+12 0.00850 
   29   29    1    1    1    1    1    1    1    1  8.57120E+12 0.00579 
   30   30    1    1    1    1    1    1    1    1  2.03182E+13 0.00464 
   31   31    1    1    1    1    1    1    1    1  4.17180E+13 0.00459 
   32   32    1    1    1    1    1    1    1    1  5.49414E+13 0.00563 
   33   33    1    1    1    1    1    1    1    1  9.95323E+13 0.00455 
   34   34    1    1    1    1    1    1    1    1  1.01685E+14 0.00439 
   35   35    1    1    1    1    1    1    1    1  1.43993E+14 0.00392 
   36   36    1    1    1    1    1    1    1    1  1.22509E+14 0.00353 
   37   37    1    1    1    1    1    1    1    1  3.90325E+13 0.00364 
   38   38    1    1    1    1    1    1    1    1  1.69420E+14 0.00318 
   39   39    1    1    1    1    1    1    1    1  1.94448E+14 0.00336 
   40   40    1    1    1    1    1    1    1    1  3.11159E+14 0.00357 
   41   41    1    1    1    1    1    1    1    1  2.92562E+14 0.00347 
   42   42    1    1    1    1    1    1    1    1  4.81711E+14 0.00317 
   43   43    1    1    1    1    1    1    1    1  4.95628E+14 0.00335 
   44   44    1    1    1    1    1    1    1    1  6.10756E+14 0.00334 
   45   45    1    1    1    1    1    1    1    1  9.96181E+14 0.00321 
   46   46    1    1    1    1    1    1    1    1  5.55460E+14 0.00340 
   47   47    1    1    1    1    1    1    1    1  7.45959E+14 0.00304 
   48   48    1    1    1    1    1    1    1    1  1.02551E+15 0.00361 
   49   49    1    1    1    1    1    1    1    1  8.93946E+14 0.00359 
   50   50    1    1    1    1    1    1    1    1  1.33484E+15 0.00327 
   51   51    1    1    1    1    1    1    1    1  1.04362E+15 0.00345 
   52   52    1    1    1    1    1    1    1    1  1.13754E+15 0.00335 
   53   53    1    1    1    1    1    1    1    1  8.20877E+14 0.00333 
   54   54    1    1    1    1    1    1    1    1  9.78023E+14 0.00397 
   55   55    1    1    1    1    1    1    1    1  7.08097E+14 0.00366 
   56   56    1    1    1    1    1    1    1    1  9.90595E+13 0.00392 
   57   57    1    1    1    1    1    1    1    1  1.34720E+15 0.00380 
   58   58    1    1    1    1    1    1    1    1  5.74903E+14 0.00378 
   59   59    1    1    1    1    1    1    1    1  6.34607E+14 0.00376 
   60   60    1    1    1    1    1    1    1    1  5.03931E+14 0.00361 
   61   61    1    1    1    1    1    1    1    1  5.04039E+14 0.00400 
   62   62    1    1    1    1    1    1    1    1  4.93095E+14 0.00354 
   63   63    1    1    1    1    1    1    1    1  4.08883E+14 0.00412 
   64   64    1    1    1    1    1    1    1    1  3.16621E+14 0.00384 
   65   65    1    1    1    1    1    1    1    1  3.06061E+14 0.00441 
   66   66    1    1    1    1    1    1    1    1  2.57655E+14 0.00478 
   67   67    1    1    1    1    1    1    1    1  2.14108E+14 0.00394 
   68   68    1    1    1    1    1    1    1    1  1.87030E+14 0.00328 
   69   69    1    1    1    1    1    1    1    1  2.28851E+14 0.00465 
   70   70    1    1    1    1    1    1    1    1  1.97629E+14 0.00391 
   71   71    1    1    1    1    1    1    1    1  3.76302E+14 0.00449 
   72   72    1    1    1    1    1    1    1    1  2.80176E+14 0.00422 
   73   73    1    1    1    1    1    1    1    1  2.19278E+14 0.00473 
   74   74    1    1    1    1    1    1    1    1  1.76398E+14 0.00428 
   75   75    1    1    1    1    1    1    1    1  1.41543E+14 0.00510 
   76   76    1    1    1    1    1    1    1    1  1.58938E+14 0.00498 
   77   77    1    1    1    1    1    1    1    1  1.22197E+14 0.00440 
   78   78    1    1    1    1    1    1    1    1  9.12414E+13 0.00580 
   79   79    1    1    1    1    1    1    1    1  9.34769E+13 0.00460 
   80   80    1    1    1    1    1    1    1    1  7.04010E+13 0.00629 
   81   81    1    1    1    1    1    1    1    1  5.41507E+13 0.00475 
   82   82    1    1    1    1    1    1    1    1  4.16034E+13 0.00535 
   83   83    1    1    1    1    1    1    1    1  3.91635E+13 0.00602 
   84   84    1    1    1    1    1    1    1    1  2.80755E+13 0.00689 
   85   85    1    1    1    1    1    1    1    1  2.02763E+13 0.00687 
   86   86    1    1    1    1    1    1    1    1  1.87721E+13 0.00745 
   87   87    1    1    1    1    1    1    1    1  1.16509E+13 0.01178 
   88   88    1    1    1    1    1    1    1    1  7.98995E+12 0.01123 
   89   89    1    1    1    1    1    1    1    1  4.58987E+12 0.01363 
   90   90    1    1    1    1    1    1    1    1  3.14086E+12 0.02107 
   91   91    1    1    1    1    1    1    1    1  1.53902E+12 0.01982 
   92   92    1    1    1    1    1    1    1    1  7.03543E+11 0.04405 
   93   93    1    1    1    1    1    1    1    1  3.54829E+11 0.04345 
   94   94    1    1    1    1    1    1    1    1  1.80709E+11 0.06783 
   95   95    1    1    1    1    1    1    1    1  8.53561E+10 0.07873 
   96   96    1    1    1    1    1    1    1    1  4.65442E+10 0.13991 
   97   97    1    1    1    1    1    1    1    1  3.04973E+10 0.22022 
   98   98    1    1    1    1    1    1    1    1  1.49482E+10 0.20014 
   99   99    1    1    1    1    1    1    1    1  5.79056E+09 0.36022 
  100  100    1    1    1    1    1    1    1    1  1.66787E+09 0.68826 
];


