
DETdpaspec = [
    1    1    1    1    1    1    1    1    1    1  0.00000E+00 0.00000 
    2    2    1    1    1    1    1    1    1    1  0.00000E+00 0.00000 
    3    3    1    1    1    1    1    1    1    1  0.00000E+00 0.00000 
    4    4    1    1    1    1    1    1    1    1  1.17382E+07 1.00000 
    5    5    1    1    1    1    1    1    1    1  0.00000E+00 0.00000 
    6    6    1    1    1    1    1    1    1    1  0.00000E+00 0.00000 
    7    7    1    1    1    1    1    1    1    1  4.68484E+07 0.74054 
    8    8    1    1    1    1    1    1    1    1  0.00000E+00 0.00000 
    9    9    1    1    1    1    1    1    1    1  1.12942E+08 0.54875 
   10   10    1    1    1    1    1    1    1    1  7.55045E+08 0.54004 
   11   11    1    1    1    1    1    1    1    1  2.80560E+08 0.64391 
   12   12    1    1    1    1    1    1    1    1  2.02226E+08 0.39944 
   13   13    1    1    1    1    1    1    1    1  4.00072E+09 0.30266 
   14   14    1    1    1    1    1    1    1    1  6.12459E+09 0.24825 
   15   15    1    1    1    1    1    1    1    1  4.50919E+09 0.32232 
   16   16    1    1    1    1    1    1    1    1  4.56203E+09 0.16599 
   17   17    1    1    1    1    1    1    1    1  6.16339E+09 0.14053 
   18   18    1    1    1    1    1    1    1    1  2.17474E+10 0.09595 
   19   19    1    1    1    1    1    1    1    1  2.55900E+10 0.11756 
   20   20    1    1    1    1    1    1    1    1  9.64611E+10 0.10143 
   21   21    1    1    1    1    1    1    1    1  8.31401E+10 0.07435 
   22   22    1    1    1    1    1    1    1    1  2.26978E+11 0.03471 
   23   23    1    1    1    1    1    1    1    1  3.91652E+11 0.02727 
   24   24    1    1    1    1    1    1    1    1  7.46796E+11 0.02948 
   25   25    1    1    1    1    1    1    1    1  1.16863E+12 0.02283 
   26   26    1    1    1    1    1    1    1    1  2.49937E+12 0.02212 
   27   27    1    1    1    1    1    1    1    1  4.93872E+12 0.01194 
   28   28    1    1    1    1    1    1    1    1  9.95798E+12 0.00818 
   29   29    1    1    1    1    1    1    1    1  1.24874E+13 0.00795 
   30   30    1    1    1    1    1    1    1    1  2.86483E+13 0.00746 
   31   31    1    1    1    1    1    1    1    1  5.97043E+13 0.00540 
   32   32    1    1    1    1    1    1    1    1  7.90603E+13 0.00414 
   33   33    1    1    1    1    1    1    1    1  1.43761E+14 0.00305 
   34   34    1    1    1    1    1    1    1    1  1.48441E+14 0.00312 
   35   35    1    1    1    1    1    1    1    1  2.09046E+14 0.00272 
   36   36    1    1    1    1    1    1    1    1  1.78287E+14 0.00254 
   37   37    1    1    1    1    1    1    1    1  5.67495E+13 0.00228 
   38   38    1    1    1    1    1    1    1    1  2.47693E+14 0.00217 
   39   39    1    1    1    1    1    1    1    1  2.84055E+14 0.00238 
   40   40    1    1    1    1    1    1    1    1  4.56140E+14 0.00218 
   41   41    1    1    1    1    1    1    1    1  4.29133E+14 0.00246 
   42   42    1    1    1    1    1    1    1    1  7.07761E+14 0.00215 
   43   43    1    1    1    1    1    1    1    1  7.30222E+14 0.00187 
   44   44    1    1    1    1    1    1    1    1  9.01736E+14 0.00219 
   45   45    1    1    1    1    1    1    1    1  1.47430E+15 0.00246 
   46   46    1    1    1    1    1    1    1    1  8.25692E+14 0.00259 
   47   47    1    1    1    1    1    1    1    1  1.10615E+15 0.00244 
   48   48    1    1    1    1    1    1    1    1  1.52774E+15 0.00258 
   49   49    1    1    1    1    1    1    1    1  1.32820E+15 0.00241 
   50   50    1    1    1    1    1    1    1    1  1.99410E+15 0.00240 
   51   51    1    1    1    1    1    1    1    1  1.56313E+15 0.00216 
   52   52    1    1    1    1    1    1    1    1  1.70818E+15 0.00232 
   53   53    1    1    1    1    1    1    1    1  1.23369E+15 0.00240 
   54   54    1    1    1    1    1    1    1    1  1.47037E+15 0.00237 
   55   55    1    1    1    1    1    1    1    1  1.06644E+15 0.00247 
   56   56    1    1    1    1    1    1    1    1  1.48509E+14 0.00336 
   57   57    1    1    1    1    1    1    1    1  2.03155E+15 0.00257 
   58   58    1    1    1    1    1    1    1    1  8.70607E+14 0.00281 
   59   59    1    1    1    1    1    1    1    1  9.61933E+14 0.00283 
   60   60    1    1    1    1    1    1    1    1  7.66066E+14 0.00234 
   61   61    1    1    1    1    1    1    1    1  7.66057E+14 0.00287 
   62   62    1    1    1    1    1    1    1    1  7.49358E+14 0.00253 
   63   63    1    1    1    1    1    1    1    1  6.22136E+14 0.00244 
   64   64    1    1    1    1    1    1    1    1  4.84179E+14 0.00284 
   65   65    1    1    1    1    1    1    1    1  4.67918E+14 0.00293 
   66   66    1    1    1    1    1    1    1    1  3.94322E+14 0.00352 
   67   67    1    1    1    1    1    1    1    1  3.26428E+14 0.00327 
   68   68    1    1    1    1    1    1    1    1  2.85332E+14 0.00290 
   69   69    1    1    1    1    1    1    1    1  3.48710E+14 0.00303 
   70   70    1    1    1    1    1    1    1    1  3.01401E+14 0.00308 
   71   71    1    1    1    1    1    1    1    1  5.74238E+14 0.00278 
   72   72    1    1    1    1    1    1    1    1  4.26140E+14 0.00289 
   73   73    1    1    1    1    1    1    1    1  3.34742E+14 0.00345 
   74   74    1    1    1    1    1    1    1    1  2.69555E+14 0.00369 
   75   75    1    1    1    1    1    1    1    1  2.16979E+14 0.00359 
   76   76    1    1    1    1    1    1    1    1  2.44676E+14 0.00263 
   77   77    1    1    1    1    1    1    1    1  1.87445E+14 0.00371 
   78   78    1    1    1    1    1    1    1    1  1.40867E+14 0.00420 
   79   79    1    1    1    1    1    1    1    1  1.44866E+14 0.00383 
   80   80    1    1    1    1    1    1    1    1  1.08414E+14 0.00384 
   81   81    1    1    1    1    1    1    1    1  8.30891E+13 0.00452 
   82   82    1    1    1    1    1    1    1    1  6.45390E+13 0.00626 
   83   83    1    1    1    1    1    1    1    1  5.99206E+13 0.00490 
   84   84    1    1    1    1    1    1    1    1  4.33101E+13 0.00552 
   85   85    1    1    1    1    1    1    1    1  3.12522E+13 0.00721 
   86   86    1    1    1    1    1    1    1    1  2.94716E+13 0.00750 
   87   87    1    1    1    1    1    1    1    1  1.79723E+13 0.00852 
   88   88    1    1    1    1    1    1    1    1  1.23902E+13 0.00889 
   89   89    1    1    1    1    1    1    1    1  6.95945E+12 0.01014 
   90   90    1    1    1    1    1    1    1    1  4.76715E+12 0.01232 
   91   91    1    1    1    1    1    1    1    1  2.36973E+12 0.02597 
   92   92    1    1    1    1    1    1    1    1  1.21317E+12 0.02593 
   93   93    1    1    1    1    1    1    1    1  5.29922E+11 0.02912 
   94   94    1    1    1    1    1    1    1    1  2.72037E+11 0.08034 
   95   95    1    1    1    1    1    1    1    1  1.18769E+11 0.06738 
   96   96    1    1    1    1    1    1    1    1  7.63959E+10 0.08784 
   97   97    1    1    1    1    1    1    1    1  3.63197E+10 0.12594 
   98   98    1    1    1    1    1    1    1    1  2.05189E+10 0.19961 
   99   99    1    1    1    1    1    1    1    1  1.00786E+10 0.34204 
  100  100    1    1    1    1    1    1    1    1  4.16447E+09 0.36949 
];


