
DETdpaspec = [
    1    1    1    1    1    1    1    1    1    1  0.00000E+00 0.00000 
    2    2    1    1    1    1    1    1    1    1  0.00000E+00 0.00000 
    3    3    1    1    1    1    1    1    1    1  1.35531E+07 0.68996 
    4    4    1    1    1    1    1    1    1    1  0.00000E+00 0.00000 
    5    5    1    1    1    1    1    1    1    1  3.10562E+07 0.54618 
    6    6    1    1    1    1    1    1    1    1  4.83500E+07 0.59199 
    7    7    1    1    1    1    1    1    1    1  3.66825E+07 0.68825 
    8    8    1    1    1    1    1    1    1    1  1.38530E+08 0.35255 
    9    9    1    1    1    1    1    1    1    1  1.97835E+08 0.31585 
   10   10    1    1    1    1    1    1    1    1  1.78352E+09 0.25019 
   11   11    1    1    1    1    1    1    1    1  2.45255E+09 0.17606 
   12   12    1    1    1    1    1    1    1    1  6.87910E+08 0.26312 
   13   13    1    1    1    1    1    1    1    1  1.56094E+10 0.13275 
   14   14    1    1    1    1    1    1    1    1  2.66226E+10 0.15150 
   15   15    1    1    1    1    1    1    1    1  4.41374E+10 0.14915 
   16   16    1    1    1    1    1    1    1    1  2.13766E+10 0.09916 
   17   17    1    1    1    1    1    1    1    1  3.26911E+10 0.06924 
   18   18    1    1    1    1    1    1    1    1  1.19574E+11 0.07374 
   19   19    1    1    1    1    1    1    1    1  1.61242E+11 0.05172 
   20   20    1    1    1    1    1    1    1    1  4.19914E+11 0.03974 
   21   21    1    1    1    1    1    1    1    1  3.74905E+11 0.03585 
   22   22    1    1    1    1    1    1    1    1  1.07475E+12 0.01798 
   23   23    1    1    1    1    1    1    1    1  1.50302E+12 0.01649 
   24   24    1    1    1    1    1    1    1    1  2.43243E+12 0.01765 
   25   25    1    1    1    1    1    1    1    1  3.35394E+12 0.01605 
   26   26    1    1    1    1    1    1    1    1  5.94319E+12 0.01699 
   27   27    1    1    1    1    1    1    1    1  1.07113E+13 0.00892 
   28   28    1    1    1    1    1    1    1    1  1.76785E+13 0.01116 
   29   29    1    1    1    1    1    1    1    1  1.92523E+13 0.00986 
   30   30    1    1    1    1    1    1    1    1  4.58862E+13 0.00863 
   31   31    1    1    1    1    1    1    1    1  8.78248E+13 0.00932 
   32   32    1    1    1    1    1    1    1    1  1.11439E+14 0.00845 
   33   33    1    1    1    1    1    1    1    1  1.93843E+14 0.00871 
   34   34    1    1    1    1    1    1    1    1  1.88311E+14 0.00816 
   35   35    1    1    1    1    1    1    1    1  2.73476E+14 0.00801 
   36   36    1    1    1    1    1    1    1    1  2.30964E+14 0.00788 
   37   37    1    1    1    1    1    1    1    1  7.30186E+13 0.00790 
   38   38    1    1    1    1    1    1    1    1  3.06237E+14 0.00819 
   39   39    1    1    1    1    1    1    1    1  3.45402E+14 0.00827 
   40   40    1    1    1    1    1    1    1    1  5.38053E+14 0.00807 
   41   41    1    1    1    1    1    1    1    1  5.06200E+14 0.00824 
   42   42    1    1    1    1    1    1    1    1  8.12190E+14 0.00818 
   43   43    1    1    1    1    1    1    1    1  8.29480E+14 0.00845 
   44   44    1    1    1    1    1    1    1    1  1.01437E+15 0.00839 
   45   45    1    1    1    1    1    1    1    1  1.64573E+15 0.00846 
   46   46    1    1    1    1    1    1    1    1  9.23827E+14 0.00865 
   47   47    1    1    1    1    1    1    1    1  1.24334E+15 0.00880 
   48   48    1    1    1    1    1    1    1    1  1.70921E+15 0.00878 
   49   49    1    1    1    1    1    1    1    1  1.50347E+15 0.00862 
   50   50    1    1    1    1    1    1    1    1  2.24276E+15 0.00873 
   51   51    1    1    1    1    1    1    1    1  1.77938E+15 0.00850 
   52   52    1    1    1    1    1    1    1    1  1.93932E+15 0.00864 
   53   53    1    1    1    1    1    1    1    1  1.41716E+15 0.00875 
   54   54    1    1    1    1    1    1    1    1  1.68187E+15 0.00889 
   55   55    1    1    1    1    1    1    1    1  1.23051E+15 0.00871 
   56   56    1    1    1    1    1    1    1    1  1.72731E+14 0.00818 
   57   57    1    1    1    1    1    1    1    1  2.35851E+15 0.00883 
   58   58    1    1    1    1    1    1    1    1  1.00612E+15 0.00904 
   59   59    1    1    1    1    1    1    1    1  1.12299E+15 0.00872 
   60   60    1    1    1    1    1    1    1    1  8.92943E+14 0.00894 
   61   61    1    1    1    1    1    1    1    1  8.95738E+14 0.00905 
   62   62    1    1    1    1    1    1    1    1  8.74992E+14 0.00876 
   63   63    1    1    1    1    1    1    1    1  7.23901E+14 0.00892 
   64   64    1    1    1    1    1    1    1    1  5.65501E+14 0.00889 
   65   65    1    1    1    1    1    1    1    1  5.51907E+14 0.00890 
   66   66    1    1    1    1    1    1    1    1  4.64964E+14 0.00895 
   67   67    1    1    1    1    1    1    1    1  3.87575E+14 0.00921 
   68   68    1    1    1    1    1    1    1    1  3.39251E+14 0.00877 
   69   69    1    1    1    1    1    1    1    1  4.14439E+14 0.00896 
   70   70    1    1    1    1    1    1    1    1  3.57674E+14 0.00934 
   71   71    1    1    1    1    1    1    1    1  6.92825E+14 0.00908 
   72   72    1    1    1    1    1    1    1    1  5.20940E+14 0.00864 
   73   73    1    1    1    1    1    1    1    1  4.09033E+14 0.00978 
   74   74    1    1    1    1    1    1    1    1  3.26630E+14 0.00878 
   75   75    1    1    1    1    1    1    1    1  2.61571E+14 0.00834 
   76   76    1    1    1    1    1    1    1    1  2.91736E+14 0.00916 
   77   77    1    1    1    1    1    1    1    1  2.21390E+14 0.00938 
   78   78    1    1    1    1    1    1    1    1  1.66089E+14 0.00987 
   79   79    1    1    1    1    1    1    1    1  1.69592E+14 0.00961 
   80   80    1    1    1    1    1    1    1    1  1.25952E+14 0.00933 
   81   81    1    1    1    1    1    1    1    1  9.69296E+13 0.00911 
   82   82    1    1    1    1    1    1    1    1  7.42274E+13 0.01029 
   83   83    1    1    1    1    1    1    1    1  6.91060E+13 0.01163 
   84   84    1    1    1    1    1    1    1    1  4.97449E+13 0.00974 
   85   85    1    1    1    1    1    1    1    1  3.58981E+13 0.00987 
   86   86    1    1    1    1    1    1    1    1  3.39243E+13 0.01005 
   87   87    1    1    1    1    1    1    1    1  2.10236E+13 0.01422 
   88   88    1    1    1    1    1    1    1    1  1.42401E+13 0.00958 
   89   89    1    1    1    1    1    1    1    1  8.28245E+12 0.01221 
   90   90    1    1    1    1    1    1    1    1  5.54279E+12 0.01481 
   91   91    1    1    1    1    1    1    1    1  2.82925E+12 0.01950 
   92   92    1    1    1    1    1    1    1    1  1.36801E+12 0.02634 
   93   93    1    1    1    1    1    1    1    1  6.47619E+11 0.03991 
   94   94    1    1    1    1    1    1    1    1  3.39753E+11 0.05117 
   95   95    1    1    1    1    1    1    1    1  1.56178E+11 0.07410 
   96   96    1    1    1    1    1    1    1    1  9.37072E+10 0.08597 
   97   97    1    1    1    1    1    1    1    1  3.97611E+10 0.20277 
   98   98    1    1    1    1    1    1    1    1  1.82567E+10 0.21758 
   99   99    1    1    1    1    1    1    1    1  1.21888E+10 0.32149 
  100  100    1    1    1    1    1    1    1    1  7.86905E+09 0.26860 
];


