
DETdpaspec = [
    1    1    1    1    1    1    1    1    1    1  0.00000E+00 0.00000 
    2    2    1    1    1    1    1    1    1    1  0.00000E+00 0.00000 
    3    3    1    1    1    1    1    1    1    1  0.00000E+00 0.00000 
    4    4    1    1    1    1    1    1    1    1  2.40299E+07 0.68895 
    5    5    1    1    1    1    1    1    1    1  1.26677E+07 1.00000 
    6    6    1    1    1    1    1    1    1    1  3.99690E+07 0.54638 
    7    7    1    1    1    1    1    1    1    1  3.91828E+07 0.68852 
    8    8    1    1    1    1    1    1    1    1  0.00000E+00 0.00000 
    9    9    1    1    1    1    1    1    1    1  3.64353E+07 1.00000 
   10   10    1    1    1    1    1    1    1    1  3.85320E+08 0.45227 
   11   11    1    1    1    1    1    1    1    1  3.49527E+08 0.69107 
   12   12    1    1    1    1    1    1    1    1  1.25904E+08 0.66656 
   13   13    1    1    1    1    1    1    1    1  2.03431E+09 0.43342 
   14   14    1    1    1    1    1    1    1    1  3.17712E+09 0.41059 
   15   15    1    1    1    1    1    1    1    1  8.10002E+09 0.32170 
   16   16    1    1    1    1    1    1    1    1  1.92557E+09 0.31164 
   17   17    1    1    1    1    1    1    1    1  3.18600E+09 0.25955 
   18   18    1    1    1    1    1    1    1    1  1.28362E+10 0.15700 
   19   19    1    1    1    1    1    1    1    1  1.84314E+10 0.13004 
   20   20    1    1    1    1    1    1    1    1  6.09080E+10 0.10509 
   21   21    1    1    1    1    1    1    1    1  5.31182E+10 0.07451 
   22   22    1    1    1    1    1    1    1    1  1.44270E+11 0.05749 
   23   23    1    1    1    1    1    1    1    1  2.21280E+11 0.05446 
   24   24    1    1    1    1    1    1    1    1  3.91815E+11 0.03372 
   25   25    1    1    1    1    1    1    1    1  6.21410E+11 0.03870 
   26   26    1    1    1    1    1    1    1    1  1.24327E+12 0.02422 
   27   27    1    1    1    1    1    1    1    1  2.35386E+12 0.01521 
   28   28    1    1    1    1    1    1    1    1  4.47125E+12 0.01601 
   29   29    1    1    1    1    1    1    1    1  5.36703E+12 0.01491 
   30   30    1    1    1    1    1    1    1    1  1.28182E+13 0.01214 
   31   31    1    1    1    1    1    1    1    1  2.60228E+13 0.00966 
   32   32    1    1    1    1    1    1    1    1  3.42136E+13 0.01001 
   33   33    1    1    1    1    1    1    1    1  6.12673E+13 0.00956 
   34   34    1    1    1    1    1    1    1    1  6.19801E+13 0.00861 
   35   35    1    1    1    1    1    1    1    1  8.83173E+13 0.00813 
   36   36    1    1    1    1    1    1    1    1  7.49785E+13 0.00863 
   37   37    1    1    1    1    1    1    1    1  2.38366E+13 0.00841 
   38   38    1    1    1    1    1    1    1    1  1.03396E+14 0.00813 
   39   39    1    1    1    1    1    1    1    1  1.18433E+14 0.00896 
   40   40    1    1    1    1    1    1    1    1  1.88458E+14 0.00979 
   41   41    1    1    1    1    1    1    1    1  1.76683E+14 0.00925 
   42   42    1    1    1    1    1    1    1    1  2.88926E+14 0.00927 
   43   43    1    1    1    1    1    1    1    1  2.97330E+14 0.00952 
   44   44    1    1    1    1    1    1    1    1  3.65043E+14 0.00985 
   45   45    1    1    1    1    1    1    1    1  5.94396E+14 0.00932 
   46   46    1    1    1    1    1    1    1    1  3.31092E+14 0.00956 
   47   47    1    1    1    1    1    1    1    1  4.43768E+14 0.00964 
   48   48    1    1    1    1    1    1    1    1  6.10233E+14 0.00923 
   49   49    1    1    1    1    1    1    1    1  5.31390E+14 0.00968 
   50   50    1    1    1    1    1    1    1    1  7.92990E+14 0.00942 
   51   51    1    1    1    1    1    1    1    1  6.19259E+14 0.00962 
   52   52    1    1    1    1    1    1    1    1  6.75799E+14 0.01011 
   53   53    1    1    1    1    1    1    1    1  4.87333E+14 0.00981 
   54   54    1    1    1    1    1    1    1    1  5.79870E+14 0.00967 
   55   55    1    1    1    1    1    1    1    1  4.20644E+14 0.00972 
   56   56    1    1    1    1    1    1    1    1  5.85483E+13 0.01061 
   57   57    1    1    1    1    1    1    1    1  7.99080E+14 0.00973 
   58   58    1    1    1    1    1    1    1    1  3.40778E+14 0.01035 
   59   59    1    1    1    1    1    1    1    1  3.76287E+14 0.01000 
   60   60    1    1    1    1    1    1    1    1  2.98204E+14 0.01031 
   61   61    1    1    1    1    1    1    1    1  2.97721E+14 0.01047 
   62   62    1    1    1    1    1    1    1    1  2.91230E+14 0.00993 
   63   63    1    1    1    1    1    1    1    1  2.40043E+14 0.01033 
   64   64    1    1    1    1    1    1    1    1  1.87242E+14 0.01114 
   65   65    1    1    1    1    1    1    1    1  1.80628E+14 0.01127 
   66   66    1    1    1    1    1    1    1    1  1.52499E+14 0.01053 
   67   67    1    1    1    1    1    1    1    1  1.26819E+14 0.01122 
   68   68    1    1    1    1    1    1    1    1  1.11325E+14 0.01075 
   69   69    1    1    1    1    1    1    1    1  1.34801E+14 0.00929 
   70   70    1    1    1    1    1    1    1    1  1.16749E+14 0.01038 
   71   71    1    1    1    1    1    1    1    1  2.23252E+14 0.01064 
   72   72    1    1    1    1    1    1    1    1  1.66685E+14 0.00996 
   73   73    1    1    1    1    1    1    1    1  1.29380E+14 0.01068 
   74   74    1    1    1    1    1    1    1    1  1.03755E+14 0.01083 
   75   75    1    1    1    1    1    1    1    1  8.38686E+13 0.01215 
   76   76    1    1    1    1    1    1    1    1  9.42402E+13 0.01027 
   77   77    1    1    1    1    1    1    1    1  7.14286E+13 0.01194 
   78   78    1    1    1    1    1    1    1    1  5.35328E+13 0.01020 
   79   79    1    1    1    1    1    1    1    1  5.52308E+13 0.01067 
   80   80    1    1    1    1    1    1    1    1  4.12393E+13 0.01164 
   81   81    1    1    1    1    1    1    1    1  3.18210E+13 0.01056 
   82   82    1    1    1    1    1    1    1    1  2.44079E+13 0.01111 
   83   83    1    1    1    1    1    1    1    1  2.29550E+13 0.01062 
   84   84    1    1    1    1    1    1    1    1  1.63305E+13 0.01278 
   85   85    1    1    1    1    1    1    1    1  1.20153E+13 0.01220 
   86   86    1    1    1    1    1    1    1    1  1.11383E+13 0.01708 
   87   87    1    1    1    1    1    1    1    1  6.88117E+12 0.01869 
   88   88    1    1    1    1    1    1    1    1  4.79712E+12 0.01608 
   89   89    1    1    1    1    1    1    1    1  2.64186E+12 0.02200 
   90   90    1    1    1    1    1    1    1    1  1.81863E+12 0.02400 
   91   91    1    1    1    1    1    1    1    1  8.98953E+11 0.02370 
   92   92    1    1    1    1    1    1    1    1  4.40540E+11 0.04943 
   93   93    1    1    1    1    1    1    1    1  2.14253E+11 0.05342 
   94   94    1    1    1    1    1    1    1    1  9.93559E+10 0.08124 
   95   95    1    1    1    1    1    1    1    1  6.06991E+10 0.12430 
   96   96    1    1    1    1    1    1    1    1  3.56107E+10 0.19480 
   97   97    1    1    1    1    1    1    1    1  1.30599E+10 0.24992 
   98   98    1    1    1    1    1    1    1    1  7.98101E+09 0.34525 
   99   99    1    1    1    1    1    1    1    1  2.54392E+09 0.49141 
  100  100    1    1    1    1    1    1    1    1  2.58464E+09 0.59657 
];


