
DETdpaspec = [
    1    1    1    1    1    1    1    1    1    1  0.00000E+00 0.00000 
    2    2    1    1    1    1    1    1    1    1  0.00000E+00 0.00000 
    3    3    1    1    1    1    1    1    1    1  0.00000E+00 0.00000 
    4    4    1    1    1    1    1    1    1    1  0.00000E+00 0.00000 
    5    5    1    1    1    1    1    1    1    1  0.00000E+00 0.00000 
    6    6    1    1    1    1    1    1    1    1  0.00000E+00 0.00000 
    7    7    1    1    1    1    1    1    1    1  0.00000E+00 0.00000 
    8    8    1    1    1    1    1    1    1    1  0.00000E+00 0.00000 
    9    9    1    1    1    1    1    1    1    1  0.00000E+00 0.00000 
   10   10    1    1    1    1    1    1    1    1  0.00000E+00 0.00000 
   11   11    1    1    1    1    1    1    1    1  0.00000E+00 0.00000 
   12   12    1    1    1    1    1    1    1    1  0.00000E+00 0.00000 
   13   13    1    1    1    1    1    1    1    1  0.00000E+00 0.00000 
   14   14    1    1    1    1    1    1    1    1  0.00000E+00 0.00000 
   15   15    1    1    1    1    1    1    1    1  0.00000E+00 0.00000 
   16   16    1    1    1    1    1    1    1    1  0.00000E+00 0.00000 
   17   17    1    1    1    1    1    1    1    1  0.00000E+00 0.00000 
   18   18    1    1    1    1    1    1    1    1  0.00000E+00 0.00000 
   19   19    1    1    1    1    1    1    1    1  1.28515E+09 0.09557 
   20   20    1    1    1    1    1    1    1    1  1.77389E+08 0.10824 
   21   21    1    1    1    1    1    1    1    1  6.89495E+08 0.09050 
   22   22    1    1    1    1    1    1    1    1  5.39973E+08 0.06582 
   23   23    1    1    1    1    1    1    1    1  1.26682E+09 0.05495 
   24   24    1    1    1    1    1    1    1    1  2.02643E+09 0.04122 
   25   25    1    1    1    1    1    1    1    1  3.09297E+09 0.04342 
   26   26    1    1    1    1    1    1    1    1  3.82716E+09 0.03637 
   27   27    1    1    1    1    1    1    1    1  5.83750E+09 0.02823 
   28   28    1    1    1    1    1    1    1    1  1.13942E+10 0.01662 
   29   29    1    1    1    1    1    1    1    1  2.51778E+10 0.01204 
   30   30    1    1    1    1    1    1    1    1  4.07477E+10 0.01001 
   31   31    1    1    1    1    1    1    1    1  1.24645E+11 0.00437 
   32   32    1    1    1    1    1    1    1    1  4.07314E+11 0.00566 
   33   33    1    1    1    1    1    1    1    1  7.99695E+11 0.00343 
   34   34    1    1    1    1    1    1    1    1  1.93356E+12 0.00236 
   35   35    1    1    1    1    1    1    1    1  2.72416E+12 0.00136 
   36   36    1    1    1    1    1    1    1    1  3.65661E+12 0.00128 
   37   37    1    1    1    1    1    1    1    1  2.50931E+12 0.00111 
   38   38    1    1    1    1    1    1    1    1  7.75290E+11 0.00110 
   39   39    1    1    1    1    1    1    1    1  4.38795E+12 0.00108 
   40   40    1    1    1    1    1    1    1    1  5.97175E+12 0.00095 
   41   41    1    1    1    1    1    1    1    1  1.03320E+13 0.00072 
   42   42    1    1    1    1    1    1    1    1  1.05382E+13 0.00051 
   43   43    1    1    1    1    1    1    1    1  2.27427E+13 0.00044 
   44   44    1    1    1    1    1    1    1    1  2.78447E+13 0.00039 
   45   45    1    1    1    1    1    1    1    1  4.07207E+13 0.00044 
   46   46    1    1    1    1    1    1    1    1  8.14470E+13 0.00030 
   47   47    1    1    1    1    1    1    1    1  3.81345E+13 0.00024 
   48   48    1    1    1    1    1    1    1    1  6.18854E+13 0.00023 
   49   49    1    1    1    1    1    1    1    1  8.63776E+13 0.00028 
   50   50    1    1    1    1    1    1    1    1  8.59669E+13 0.00027 
   51   51    1    1    1    1    1    1    1    1  1.33569E+14 0.00019 
   52   52    1    1    1    1    1    1    1    1  1.06704E+14 0.00016 
   53   53    1    1    1    1    1    1    1    1  1.26650E+14 0.00023 
   54   54    1    1    1    1    1    1    1    1  8.80030E+13 0.00018 
   55   55    1    1    1    1    1    1    1    1  1.07239E+14 0.00013 
   56   56    1    1    1    1    1    1    1    1  7.38591E+13 0.00018 
   57   57    1    1    1    1    1    1    1    1  1.00602E+13 0.00047 
   58   58    1    1    1    1    1    1    1    1  1.46960E+14 0.00021 
   59   59    1    1    1    1    1    1    1    1  6.52043E+13 0.00020 
   60   60    1    1    1    1    1    1    1    1  6.93825E+13 0.00024 
   61   61    1    1    1    1    1    1    1    1  5.37593E+13 0.00025 
   62   62    1    1    1    1    1    1    1    1  5.40291E+13 0.00023 
   63   63    1    1    1    1    1    1    1    1  5.63421E+13 0.00029 
   64   64    1    1    1    1    1    1    1    1  4.73248E+13 0.00028 
   65   65    1    1    1    1    1    1    1    1  3.76261E+13 0.00037 
   66   66    1    1    1    1    1    1    1    1  3.72821E+13 0.00040 
   67   67    1    1    1    1    1    1    1    1  2.67504E+13 0.00033 
   68   68    1    1    1    1    1    1    1    1  2.18121E+13 0.00032 
   69   69    1    1    1    1    1    1    1    1  1.95855E+13 0.00044 
   70   70    1    1    1    1    1    1    1    1  2.35107E+13 0.00039 
   71   71    1    1    1    1    1    1    1    1  1.99841E+13 0.00047 
   72   72    1    1    1    1    1    1    1    1  3.64067E+13 0.00034 
   73   73    1    1    1    1    1    1    1    1  2.57211E+13 0.00055 
   74   74    1    1    1    1    1    1    1    1  1.93346E+13 0.00056 
   75   75    1    1    1    1    1    1    1    1  1.54565E+13 0.00059 
   76   76    1    1    1    1    1    1    1    1  1.27826E+13 0.00050 
   77   77    1    1    1    1    1    1    1    1  1.47584E+13 0.00054 
   78   78    1    1    1    1    1    1    1    1  1.16499E+13 0.00059 
   79   79    1    1    1    1    1    1    1    1  9.25562E+12 0.00071 
   80   80    1    1    1    1    1    1    1    1  9.51564E+12 0.00073 
   81   81    1    1    1    1    1    1    1    1  7.04359E+12 0.00098 
   82   82    1    1    1    1    1    1    1    1  5.40704E+12 0.00075 
   83   83    1    1    1    1    1    1    1    1  4.14857E+12 0.00097 
   84   84    1    1    1    1    1    1    1    1  3.87798E+12 0.00109 
   85   85    1    1    1    1    1    1    1    1  2.78623E+12 0.00126 
   86   86    1    1    1    1    1    1    1    1  2.00958E+12 0.00137 
   87   87    1    1    1    1    1    1    1    1  1.87750E+12 0.00146 
   88   88    1    1    1    1    1    1    1    1  1.15206E+12 0.00236 
   89   89    1    1    1    1    1    1    1    1  7.78621E+11 0.00155 
   90   90    1    1    1    1    1    1    1    1  4.49951E+11 0.00279 
   91   91    1    1    1    1    1    1    1    1  5.73009E+11 0.00293 
   92   92    1    1    1    1    1    1    1    1  0.00000E+00 0.00000 
   93   93    1    1    1    1    1    1    1    1  0.00000E+00 0.00000 
   94   94    1    1    1    1    1    1    1    1  0.00000E+00 0.00000 
   95   95    1    1    1    1    1    1    1    1  0.00000E+00 0.00000 
   96   96    1    1    1    1    1    1    1    1  0.00000E+00 0.00000 
   97   97    1    1    1    1    1    1    1    1  0.00000E+00 0.00000 
   98   98    1    1    1    1    1    1    1    1  0.00000E+00 0.00000 
   99   99    1    1    1    1    1    1    1    1  0.00000E+00 0.00000 
  100  100    1    1    1    1    1    1    1    1  0.00000E+00 0.00000 
];


