
DETdpaspec = [
    1    1    1    1    1    1    1    1    1    1  0.00000E+00 0.00000 
    2    2    1    1    1    1    1    1    1    1  0.00000E+00 0.00000 
    3    3    1    1    1    1    1    1    1    1  0.00000E+00 0.00000 
    4    4    1    1    1    1    1    1    1    1  0.00000E+00 0.00000 
    5    5    1    1    1    1    1    1    1    1  0.00000E+00 0.00000 
    6    6    1    1    1    1    1    1    1    1  0.00000E+00 0.00000 
    7    7    1    1    1    1    1    1    1    1  0.00000E+00 0.00000 
    8    8    1    1    1    1    1    1    1    1  0.00000E+00 0.00000 
    9    9    1    1    1    1    1    1    1    1  0.00000E+00 0.00000 
   10   10    1    1    1    1    1    1    1    1  0.00000E+00 0.00000 
   11   11    1    1    1    1    1    1    1    1  0.00000E+00 0.00000 
   12   12    1    1    1    1    1    1    1    1  0.00000E+00 0.00000 
   13   13    1    1    1    1    1    1    1    1  0.00000E+00 0.00000 
   14   14    1    1    1    1    1    1    1    1  0.00000E+00 0.00000 
   15   15    1    1    1    1    1    1    1    1  0.00000E+00 0.00000 
   16   16    1    1    1    1    1    1    1    1  0.00000E+00 0.00000 
   17   17    1    1    1    1    1    1    1    1  0.00000E+00 0.00000 
   18   18    1    1    1    1    1    1    1    1  0.00000E+00 0.00000 
   19   19    1    1    1    1    1    1    1    1  1.53718E+09 0.08424 
   20   20    1    1    1    1    1    1    1    1  1.82172E+08 0.11734 
   21   21    1    1    1    1    1    1    1    1  7.88492E+08 0.07529 
   22   22    1    1    1    1    1    1    1    1  5.45115E+08 0.06392 
   23   23    1    1    1    1    1    1    1    1  1.18706E+09 0.05970 
   24   24    1    1    1    1    1    1    1    1  1.94208E+09 0.04147 
   25   25    1    1    1    1    1    1    1    1  3.02627E+09 0.03547 
   26   26    1    1    1    1    1    1    1    1  3.98271E+09 0.03143 
   27   27    1    1    1    1    1    1    1    1  6.26372E+09 0.02668 
   28   28    1    1    1    1    1    1    1    1  1.16341E+10 0.02405 
   29   29    1    1    1    1    1    1    1    1  2.57588E+10 0.00999 
   30   30    1    1    1    1    1    1    1    1  4.12987E+10 0.00864 
   31   31    1    1    1    1    1    1    1    1  1.25522E+11 0.00607 
   32   32    1    1    1    1    1    1    1    1  4.07771E+11 0.00388 
   33   33    1    1    1    1    1    1    1    1  8.03621E+11 0.00246 
   34   34    1    1    1    1    1    1    1    1  1.93796E+12 0.00160 
   35   35    1    1    1    1    1    1    1    1  2.73660E+12 0.00114 
   36   36    1    1    1    1    1    1    1    1  3.66716E+12 0.00110 
   37   37    1    1    1    1    1    1    1    1  2.51024E+12 0.00100 
   38   38    1    1    1    1    1    1    1    1  7.76363E+11 0.00113 
   39   39    1    1    1    1    1    1    1    1  4.39105E+12 0.00076 
   40   40    1    1    1    1    1    1    1    1  5.97046E+12 0.00077 
   41   41    1    1    1    1    1    1    1    1  1.03473E+13 0.00073 
   42   42    1    1    1    1    1    1    1    1  1.05465E+13 0.00056 
   43   43    1    1    1    1    1    1    1    1  2.27474E+13 0.00030 
   44   44    1    1    1    1    1    1    1    1  2.78517E+13 0.00040 
   45   45    1    1    1    1    1    1    1    1  4.07391E+13 0.00041 
   46   46    1    1    1    1    1    1    1    1  8.14888E+13 0.00028 
   47   47    1    1    1    1    1    1    1    1  3.81447E+13 0.00025 
   48   48    1    1    1    1    1    1    1    1  6.18906E+13 0.00026 
   49   49    1    1    1    1    1    1    1    1  8.63605E+13 0.00020 
   50   50    1    1    1    1    1    1    1    1  8.59282E+13 0.00020 
   51   51    1    1    1    1    1    1    1    1  1.33571E+14 0.00023 
   52   52    1    1    1    1    1    1    1    1  1.06648E+14 0.00023 
   53   53    1    1    1    1    1    1    1    1  1.26628E+14 0.00026 
   54   54    1    1    1    1    1    1    1    1  8.80012E+13 0.00022 
   55   55    1    1    1    1    1    1    1    1  1.07264E+14 0.00016 
   56   56    1    1    1    1    1    1    1    1  7.38066E+13 0.00023 
   57   57    1    1    1    1    1    1    1    1  1.00483E+13 0.00040 
   58   58    1    1    1    1    1    1    1    1  1.46983E+14 0.00019 
   59   59    1    1    1    1    1    1    1    1  6.51624E+13 0.00021 
   60   60    1    1    1    1    1    1    1    1  6.93615E+13 0.00024 
   61   61    1    1    1    1    1    1    1    1  5.37369E+13 0.00024 
   62   62    1    1    1    1    1    1    1    1  5.40384E+13 0.00028 
   63   63    1    1    1    1    1    1    1    1  5.63258E+13 0.00035 
   64   64    1    1    1    1    1    1    1    1  4.73267E+13 0.00033 
   65   65    1    1    1    1    1    1    1    1  3.76479E+13 0.00041 
   66   66    1    1    1    1    1    1    1    1  3.72839E+13 0.00035 
   67   67    1    1    1    1    1    1    1    1  2.67637E+13 0.00038 
   68   68    1    1    1    1    1    1    1    1  2.18347E+13 0.00044 
   69   69    1    1    1    1    1    1    1    1  1.96167E+13 0.00044 
   70   70    1    1    1    1    1    1    1    1  2.35140E+13 0.00039 
   71   71    1    1    1    1    1    1    1    1  1.99848E+13 0.00047 
   72   72    1    1    1    1    1    1    1    1  3.63843E+13 0.00041 
   73   73    1    1    1    1    1    1    1    1  2.56749E+13 0.00051 
   74   74    1    1    1    1    1    1    1    1  1.93050E+13 0.00062 
   75   75    1    1    1    1    1    1    1    1  1.54642E+13 0.00063 
   76   76    1    1    1    1    1    1    1    1  1.27903E+13 0.00058 
   77   77    1    1    1    1    1    1    1    1  1.47931E+13 0.00070 
   78   78    1    1    1    1    1    1    1    1  1.16495E+13 0.00075 
   79   79    1    1    1    1    1    1    1    1  9.26083E+12 0.00063 
   80   80    1    1    1    1    1    1    1    1  9.52015E+12 0.00075 
   81   81    1    1    1    1    1    1    1    1  7.05113E+12 0.00077 
   82   82    1    1    1    1    1    1    1    1  5.41412E+12 0.00077 
   83   83    1    1    1    1    1    1    1    1  4.15388E+12 0.00097 
   84   84    1    1    1    1    1    1    1    1  3.89034E+12 0.00147 
   85   85    1    1    1    1    1    1    1    1  2.78932E+12 0.00128 
   86   86    1    1    1    1    1    1    1    1  2.00674E+12 0.00166 
   87   87    1    1    1    1    1    1    1    1  1.87906E+12 0.00150 
   88   88    1    1    1    1    1    1    1    1  1.15583E+12 0.00231 
   89   89    1    1    1    1    1    1    1    1  7.79132E+11 0.00215 
   90   90    1    1    1    1    1    1    1    1  4.48261E+11 0.00312 
   91   91    1    1    1    1    1    1    1    1  5.72847E+11 0.00260 
   92   92    1    1    1    1    1    1    1    1  0.00000E+00 0.00000 
   93   93    1    1    1    1    1    1    1    1  0.00000E+00 0.00000 
   94   94    1    1    1    1    1    1    1    1  0.00000E+00 0.00000 
   95   95    1    1    1    1    1    1    1    1  0.00000E+00 0.00000 
   96   96    1    1    1    1    1    1    1    1  0.00000E+00 0.00000 
   97   97    1    1    1    1    1    1    1    1  0.00000E+00 0.00000 
   98   98    1    1    1    1    1    1    1    1  0.00000E+00 0.00000 
   99   99    1    1    1    1    1    1    1    1  0.00000E+00 0.00000 
  100  100    1    1    1    1    1    1    1    1  0.00000E+00 0.00000 
];


