
DETdpaspec = [
    1    1    1    1    1    1    1    1    1    1  0.00000E+00 0.00000 
    2    2    1    1    1    1    1    1    1    1  0.00000E+00 0.00000 
    3    3    1    1    1    1    1    1    1    1  0.00000E+00 0.00000 
    4    4    1    1    1    1    1    1    1    1  0.00000E+00 0.00000 
    5    5    1    1    1    1    1    1    1    1  0.00000E+00 0.00000 
    6    6    1    1    1    1    1    1    1    1  0.00000E+00 0.00000 
    7    7    1    1    1    1    1    1    1    1  0.00000E+00 0.00000 
    8    8    1    1    1    1    1    1    1    1  0.00000E+00 0.00000 
    9    9    1    1    1    1    1    1    1    1  0.00000E+00 0.00000 
   10   10    1    1    1    1    1    1    1    1  0.00000E+00 0.00000 
   11   11    1    1    1    1    1    1    1    1  0.00000E+00 0.00000 
   12   12    1    1    1    1    1    1    1    1  0.00000E+00 0.00000 
   13   13    1    1    1    1    1    1    1    1  0.00000E+00 0.00000 
   14   14    1    1    1    1    1    1    1    1  0.00000E+00 0.00000 
   15   15    1    1    1    1    1    1    1    1  0.00000E+00 0.00000 
   16   16    1    1    1    1    1    1    1    1  0.00000E+00 0.00000 
   17   17    1    1    1    1    1    1    1    1  0.00000E+00 0.00000 
   18   18    1    1    1    1    1    1    1    1  0.00000E+00 0.00000 
   19   19    1    1    1    1    1    1    1    1  9.49137E+08 0.12024 
   20   20    1    1    1    1    1    1    1    1  1.72689E+08 0.11920 
   21   21    1    1    1    1    1    1    1    1  4.69691E+08 0.07545 
   22   22    1    1    1    1    1    1    1    1  3.90574E+08 0.08781 
   23   23    1    1    1    1    1    1    1    1  9.53603E+08 0.06830 
   24   24    1    1    1    1    1    1    1    1  1.51546E+09 0.04598 
   25   25    1    1    1    1    1    1    1    1  2.43746E+09 0.05514 
   26   26    1    1    1    1    1    1    1    1  3.08973E+09 0.03031 
   27   27    1    1    1    1    1    1    1    1  5.28142E+09 0.03647 
   28   28    1    1    1    1    1    1    1    1  9.97461E+09 0.02435 
   29   29    1    1    1    1    1    1    1    1  2.29209E+10 0.01368 
   30   30    1    1    1    1    1    1    1    1  3.91555E+10 0.01004 
   31   31    1    1    1    1    1    1    1    1  1.18154E+11 0.00678 
   32   32    1    1    1    1    1    1    1    1  3.87774E+11 0.00484 
   33   33    1    1    1    1    1    1    1    1  7.70389E+11 0.00310 
   34   34    1    1    1    1    1    1    1    1  1.90556E+12 0.00216 
   35   35    1    1    1    1    1    1    1    1  2.73494E+12 0.00177 
   36   36    1    1    1    1    1    1    1    1  3.56336E+12 0.00127 
   37   37    1    1    1    1    1    1    1    1  2.41398E+12 0.00117 
   38   38    1    1    1    1    1    1    1    1  7.40720E+11 0.00097 
   39   39    1    1    1    1    1    1    1    1  4.22519E+12 0.00077 
   40   40    1    1    1    1    1    1    1    1  5.77953E+12 0.00082 
   41   41    1    1    1    1    1    1    1    1  1.00846E+13 0.00078 
   42   42    1    1    1    1    1    1    1    1  1.02227E+13 0.00069 
   43   43    1    1    1    1    1    1    1    1  2.22995E+13 0.00051 
   44   44    1    1    1    1    1    1    1    1  2.74178E+13 0.00043 
   45   45    1    1    1    1    1    1    1    1  4.03297E+13 0.00039 
   46   46    1    1    1    1    1    1    1    1  8.13459E+13 0.00021 
   47   47    1    1    1    1    1    1    1    1  3.79287E+13 0.00027 
   48   48    1    1    1    1    1    1    1    1  6.14409E+13 0.00023 
   49   49    1    1    1    1    1    1    1    1  8.58794E+13 0.00029 
   50   50    1    1    1    1    1    1    1    1  8.53912E+13 0.00026 
   51   51    1    1    1    1    1    1    1    1  1.33461E+14 0.00015 
   52   52    1    1    1    1    1    1    1    1  1.05923E+14 0.00023 
   53   53    1    1    1    1    1    1    1    1  1.26704E+14 0.00018 
   54   54    1    1    1    1    1    1    1    1  8.78424E+13 0.00020 
   55   55    1    1    1    1    1    1    1    1  1.07708E+14 0.00017 
   56   56    1    1    1    1    1    1    1    1  7.39566E+13 0.00026 
   57   57    1    1    1    1    1    1    1    1  1.00473E+13 0.00042 
   58   58    1    1    1    1    1    1    1    1  1.47094E+14 0.00017 
   59   59    1    1    1    1    1    1    1    1  6.58037E+13 0.00021 
   60   60    1    1    1    1    1    1    1    1  6.97832E+13 0.00027 
   61   61    1    1    1    1    1    1    1    1  5.43541E+13 0.00025 
   62   62    1    1    1    1    1    1    1    1  5.45551E+13 0.00028 
   63   63    1    1    1    1    1    1    1    1  5.69322E+13 0.00033 
   64   64    1    1    1    1    1    1    1    1  4.78496E+13 0.00025 
   65   65    1    1    1    1    1    1    1    1  3.79915E+13 0.00033 
   66   66    1    1    1    1    1    1    1    1  3.76397E+13 0.00030 
   67   67    1    1    1    1    1    1    1    1  2.69938E+13 0.00034 
   68   68    1    1    1    1    1    1    1    1  2.19442E+13 0.00038 
   69   69    1    1    1    1    1    1    1    1  1.96766E+13 0.00055 
   70   70    1    1    1    1    1    1    1    1  2.35848E+13 0.00041 
   71   71    1    1    1    1    1    1    1    1  2.00071E+13 0.00055 
   72   72    1    1    1    1    1    1    1    1  3.61659E+13 0.00052 
   73   73    1    1    1    1    1    1    1    1  2.54913E+13 0.00042 
   74   74    1    1    1    1    1    1    1    1  1.91614E+13 0.00054 
   75   75    1    1    1    1    1    1    1    1  1.54132E+13 0.00049 
   76   76    1    1    1    1    1    1    1    1  1.27820E+13 0.00076 
   77   77    1    1    1    1    1    1    1    1  1.48212E+13 0.00060 
   78   78    1    1    1    1    1    1    1    1  1.17200E+13 0.00056 
   79   79    1    1    1    1    1    1    1    1  9.35729E+12 0.00071 
   80   80    1    1    1    1    1    1    1    1  9.64856E+12 0.00090 
   81   81    1    1    1    1    1    1    1    1  7.14615E+12 0.00073 
   82   82    1    1    1    1    1    1    1    1  5.49098E+12 0.00131 
   83   83    1    1    1    1    1    1    1    1  4.20890E+12 0.00096 
   84   84    1    1    1    1    1    1    1    1  3.93765E+12 0.00149 
   85   85    1    1    1    1    1    1    1    1  2.82784E+12 0.00143 
   86   86    1    1    1    1    1    1    1    1  2.03487E+12 0.00171 
   87   87    1    1    1    1    1    1    1    1  1.90454E+12 0.00172 
   88   88    1    1    1    1    1    1    1    1  1.16850E+12 0.00214 
   89   89    1    1    1    1    1    1    1    1  7.82580E+11 0.00229 
   90   90    1    1    1    1    1    1    1    1  4.51068E+11 0.00279 
   91   91    1    1    1    1    1    1    1    1  5.67506E+11 0.00287 
   92   92    1    1    1    1    1    1    1    1  0.00000E+00 0.00000 
   93   93    1    1    1    1    1    1    1    1  0.00000E+00 0.00000 
   94   94    1    1    1    1    1    1    1    1  0.00000E+00 0.00000 
   95   95    1    1    1    1    1    1    1    1  0.00000E+00 0.00000 
   96   96    1    1    1    1    1    1    1    1  0.00000E+00 0.00000 
   97   97    1    1    1    1    1    1    1    1  0.00000E+00 0.00000 
   98   98    1    1    1    1    1    1    1    1  0.00000E+00 0.00000 
   99   99    1    1    1    1    1    1    1    1  0.00000E+00 0.00000 
  100  100    1    1    1    1    1    1    1    1  0.00000E+00 0.00000 
];


