
DETdpaspec = [
    1    1    1    1    1    1    1    1    1    1  0.00000E+00 0.00000 
    2    2    1    1    1    1    1    1    1    1  0.00000E+00 0.00000 
    3    3    1    1    1    1    1    1    1    1  0.00000E+00 0.00000 
    4    4    1    1    1    1    1    1    1    1  0.00000E+00 0.00000 
    5    5    1    1    1    1    1    1    1    1  0.00000E+00 0.00000 
    6    6    1    1    1    1    1    1    1    1  0.00000E+00 0.00000 
    7    7    1    1    1    1    1    1    1    1  0.00000E+00 0.00000 
    8    8    1    1    1    1    1    1    1    1  0.00000E+00 0.00000 
    9    9    1    1    1    1    1    1    1    1  0.00000E+00 0.00000 
   10   10    1    1    1    1    1    1    1    1  0.00000E+00 0.00000 
   11   11    1    1    1    1    1    1    1    1  0.00000E+00 0.00000 
   12   12    1    1    1    1    1    1    1    1  0.00000E+00 0.00000 
   13   13    1    1    1    1    1    1    1    1  0.00000E+00 0.00000 
   14   14    1    1    1    1    1    1    1    1  0.00000E+00 0.00000 
   15   15    1    1    1    1    1    1    1    1  0.00000E+00 0.00000 
   16   16    1    1    1    1    1    1    1    1  0.00000E+00 0.00000 
   17   17    1    1    1    1    1    1    1    1  0.00000E+00 0.00000 
   18   18    1    1    1    1    1    1    1    1  0.00000E+00 0.00000 
   19   19    1    1    1    1    1    1    1    1  1.17157E+09 0.06890 
   20   20    1    1    1    1    1    1    1    1  1.57865E+08 0.11879 
   21   21    1    1    1    1    1    1    1    1  6.64880E+08 0.08668 
   22   22    1    1    1    1    1    1    1    1  5.23771E+08 0.07057 
   23   23    1    1    1    1    1    1    1    1  1.24043E+09 0.06218 
   24   24    1    1    1    1    1    1    1    1  1.98219E+09 0.02445 
   25   25    1    1    1    1    1    1    1    1  2.95813E+09 0.03437 
   26   26    1    1    1    1    1    1    1    1  3.85860E+09 0.03361 
   27   27    1    1    1    1    1    1    1    1  6.15617E+09 0.02507 
   28   28    1    1    1    1    1    1    1    1  1.18683E+10 0.02033 
   29   29    1    1    1    1    1    1    1    1  2.50571E+10 0.01189 
   30   30    1    1    1    1    1    1    1    1  4.07628E+10 0.01103 
   31   31    1    1    1    1    1    1    1    1  1.25473E+11 0.00686 
   32   32    1    1    1    1    1    1    1    1  4.11615E+11 0.00485 
   33   33    1    1    1    1    1    1    1    1  8.08861E+11 0.00313 
   34   34    1    1    1    1    1    1    1    1  1.93998E+12 0.00193 
   35   35    1    1    1    1    1    1    1    1  2.72532E+12 0.00129 
   36   36    1    1    1    1    1    1    1    1  3.67274E+12 0.00103 
   37   37    1    1    1    1    1    1    1    1  2.51839E+12 0.00078 
   38   38    1    1    1    1    1    1    1    1  7.80338E+11 0.00094 
   39   39    1    1    1    1    1    1    1    1  4.40916E+12 0.00072 
   40   40    1    1    1    1    1    1    1    1  5.99948E+12 0.00083 
   41   41    1    1    1    1    1    1    1    1  1.03701E+13 0.00051 
   42   42    1    1    1    1    1    1    1    1  1.05781E+13 0.00057 
   43   43    1    1    1    1    1    1    1    1  2.27705E+13 0.00060 
   44   44    1    1    1    1    1    1    1    1  2.78698E+13 0.00035 
   45   45    1    1    1    1    1    1    1    1  4.07966E+13 0.00028 
   46   46    1    1    1    1    1    1    1    1  8.14993E+13 0.00032 
   47   47    1    1    1    1    1    1    1    1  3.81502E+13 0.00027 
   48   48    1    1    1    1    1    1    1    1  6.19324E+13 0.00030 
   49   49    1    1    1    1    1    1    1    1  8.64089E+13 0.00023 
   50   50    1    1    1    1    1    1    1    1  8.59676E+13 0.00023 
   51   51    1    1    1    1    1    1    1    1  1.33526E+14 0.00023 
   52   52    1    1    1    1    1    1    1    1  1.06784E+14 0.00017 
   53   53    1    1    1    1    1    1    1    1  1.26676E+14 0.00019 
   54   54    1    1    1    1    1    1    1    1  8.80387E+13 0.00019 
   55   55    1    1    1    1    1    1    1    1  1.07171E+14 0.00024 
   56   56    1    1    1    1    1    1    1    1  7.38410E+13 0.00021 
   57   57    1    1    1    1    1    1    1    1  1.00551E+13 0.00032 
   58   58    1    1    1    1    1    1    1    1  1.46990E+14 0.00022 
   59   59    1    1    1    1    1    1    1    1  6.51245E+13 0.00028 
   60   60    1    1    1    1    1    1    1    1  6.93490E+13 0.00030 
   61   61    1    1    1    1    1    1    1    1  5.37125E+13 0.00020 
   62   62    1    1    1    1    1    1    1    1  5.40078E+13 0.00024 
   63   63    1    1    1    1    1    1    1    1  5.63008E+13 0.00020 
   64   64    1    1    1    1    1    1    1    1  4.72639E+13 0.00021 
   65   65    1    1    1    1    1    1    1    1  3.75940E+13 0.00030 
   66   66    1    1    1    1    1    1    1    1  3.72625E+13 0.00040 
   67   67    1    1    1    1    1    1    1    1  2.67322E+13 0.00029 
   68   68    1    1    1    1    1    1    1    1  2.18170E+13 0.00049 
   69   69    1    1    1    1    1    1    1    1  1.95887E+13 0.00058 
   70   70    1    1    1    1    1    1    1    1  2.34954E+13 0.00050 
   71   71    1    1    1    1    1    1    1    1  1.99835E+13 0.00040 
   72   72    1    1    1    1    1    1    1    1  3.63750E+13 0.00040 
   73   73    1    1    1    1    1    1    1    1  2.56958E+13 0.00043 
   74   74    1    1    1    1    1    1    1    1  1.93208E+13 0.00052 
   75   75    1    1    1    1    1    1    1    1  1.54578E+13 0.00042 
   76   76    1    1    1    1    1    1    1    1  1.27967E+13 0.00055 
   77   77    1    1    1    1    1    1    1    1  1.47794E+13 0.00056 
   78   78    1    1    1    1    1    1    1    1  1.16254E+13 0.00069 
   79   79    1    1    1    1    1    1    1    1  9.23395E+12 0.00070 
   80   80    1    1    1    1    1    1    1    1  9.50348E+12 0.00064 
   81   81    1    1    1    1    1    1    1    1  7.02760E+12 0.00090 
   82   82    1    1    1    1    1    1    1    1  5.39910E+12 0.00079 
   83   83    1    1    1    1    1    1    1    1  4.13859E+12 0.00123 
   84   84    1    1    1    1    1    1    1    1  3.86901E+12 0.00109 
   85   85    1    1    1    1    1    1    1    1  2.78777E+12 0.00143 
   86   86    1    1    1    1    1    1    1    1  2.00908E+12 0.00176 
   87   87    1    1    1    1    1    1    1    1  1.87616E+12 0.00161 
   88   88    1    1    1    1    1    1    1    1  1.15423E+12 0.00223 
   89   89    1    1    1    1    1    1    1    1  7.80022E+11 0.00240 
   90   90    1    1    1    1    1    1    1    1  4.51758E+11 0.00374 
   91   91    1    1    1    1    1    1    1    1  5.73170E+11 0.00252 
   92   92    1    1    1    1    1    1    1    1  0.00000E+00 0.00000 
   93   93    1    1    1    1    1    1    1    1  0.00000E+00 0.00000 
   94   94    1    1    1    1    1    1    1    1  0.00000E+00 0.00000 
   95   95    1    1    1    1    1    1    1    1  0.00000E+00 0.00000 
   96   96    1    1    1    1    1    1    1    1  0.00000E+00 0.00000 
   97   97    1    1    1    1    1    1    1    1  0.00000E+00 0.00000 
   98   98    1    1    1    1    1    1    1    1  0.00000E+00 0.00000 
   99   99    1    1    1    1    1    1    1    1  0.00000E+00 0.00000 
  100  100    1    1    1    1    1    1    1    1  0.00000E+00 0.00000 
];


