
DETdpaspec = [
    1    1    1    1    1    1    1    1    1    1  0.00000E+00 0.00000 
    2    2    1    1    1    1    1    1    1    1  0.00000E+00 0.00000 
    3    3    1    1    1    1    1    1    1    1  0.00000E+00 0.00000 
    4    4    1    1    1    1    1    1    1    1  0.00000E+00 0.00000 
    5    5    1    1    1    1    1    1    1    1  0.00000E+00 0.00000 
    6    6    1    1    1    1    1    1    1    1  0.00000E+00 0.00000 
    7    7    1    1    1    1    1    1    1    1  0.00000E+00 0.00000 
    8    8    1    1    1    1    1    1    1    1  0.00000E+00 0.00000 
    9    9    1    1    1    1    1    1    1    1  0.00000E+00 0.00000 
   10   10    1    1    1    1    1    1    1    1  0.00000E+00 0.00000 
   11   11    1    1    1    1    1    1    1    1  0.00000E+00 0.00000 
   12   12    1    1    1    1    1    1    1    1  0.00000E+00 0.00000 
   13   13    1    1    1    1    1    1    1    1  0.00000E+00 0.00000 
   14   14    1    1    1    1    1    1    1    1  0.00000E+00 0.00000 
   15   15    1    1    1    1    1    1    1    1  0.00000E+00 0.00000 
   16   16    1    1    1    1    1    1    1    1  0.00000E+00 0.00000 
   17   17    1    1    1    1    1    1    1    1  0.00000E+00 0.00000 
   18   18    1    1    1    1    1    1    1    1  0.00000E+00 0.00000 
   19   19    1    1    1    1    1    1    1    1  1.43337E+09 0.06243 
   20   20    1    1    1    1    1    1    1    1  2.06509E+08 0.10954 
   21   21    1    1    1    1    1    1    1    1  8.39284E+08 0.05805 
   22   22    1    1    1    1    1    1    1    1  5.83636E+08 0.07369 
   23   23    1    1    1    1    1    1    1    1  1.50899E+09 0.04414 
   24   24    1    1    1    1    1    1    1    1  2.10078E+09 0.03385 
   25   25    1    1    1    1    1    1    1    1  3.37832E+09 0.02714 
   26   26    1    1    1    1    1    1    1    1  4.39594E+09 0.03101 
   27   27    1    1    1    1    1    1    1    1  6.70402E+09 0.02047 
   28   28    1    1    1    1    1    1    1    1  1.23895E+10 0.01777 
   29   29    1    1    1    1    1    1    1    1  2.65169E+10 0.01443 
   30   30    1    1    1    1    1    1    1    1  4.13744E+10 0.01306 
   31   31    1    1    1    1    1    1    1    1  1.29095E+11 0.00653 
   32   32    1    1    1    1    1    1    1    1  4.16874E+11 0.00329 
   33   33    1    1    1    1    1    1    1    1  8.21682E+11 0.00420 
   34   34    1    1    1    1    1    1    1    1  1.95424E+12 0.00218 
   35   35    1    1    1    1    1    1    1    1  2.72836E+12 0.00192 
   36   36    1    1    1    1    1    1    1    1  3.73484E+12 0.00148 
   37   37    1    1    1    1    1    1    1    1  2.57823E+12 0.00117 
   38   38    1    1    1    1    1    1    1    1  8.02770E+11 0.00128 
   39   39    1    1    1    1    1    1    1    1  4.50443E+12 0.00128 
   40   40    1    1    1    1    1    1    1    1  6.11327E+12 0.00129 
   41   41    1    1    1    1    1    1    1    1  1.05180E+13 0.00075 
   42   42    1    1    1    1    1    1    1    1  1.07803E+13 0.00054 
   43   43    1    1    1    1    1    1    1    1  2.30533E+13 0.00051 
   44   44    1    1    1    1    1    1    1    1  2.81440E+13 0.00043 
   45   45    1    1    1    1    1    1    1    1  4.10888E+13 0.00045 
   46   46    1    1    1    1    1    1    1    1  8.15862E+13 0.00032 
   47   47    1    1    1    1    1    1    1    1  3.83050E+13 0.00030 
   48   48    1    1    1    1    1    1    1    1  6.22175E+13 0.00034 
   49   49    1    1    1    1    1    1    1    1  8.67991E+13 0.00024 
   50   50    1    1    1    1    1    1    1    1  8.64361E+13 0.00020 
   51   51    1    1    1    1    1    1    1    1  1.33806E+14 0.00018 
   52   52    1    1    1    1    1    1    1    1  1.07309E+14 0.00016 
   53   53    1    1    1    1    1    1    1    1  1.26718E+14 0.00019 
   54   54    1    1    1    1    1    1    1    1  8.82022E+13 0.00018 
   55   55    1    1    1    1    1    1    1    1  1.06941E+14 0.00022 
   56   56    1    1    1    1    1    1    1    1  7.37284E+13 0.00021 
   57   57    1    1    1    1    1    1    1    1  1.00621E+13 0.00037 
   58   58    1    1    1    1    1    1    1    1  1.46932E+14 0.00016 
   59   59    1    1    1    1    1    1    1    1  6.47367E+13 0.00023 
   60   60    1    1    1    1    1    1    1    1  6.90652E+13 0.00022 
   61   61    1    1    1    1    1    1    1    1  5.32967E+13 0.00028 
   62   62    1    1    1    1    1    1    1    1  5.36670E+13 0.00023 
   63   63    1    1    1    1    1    1    1    1  5.59128E+13 0.00032 
   64   64    1    1    1    1    1    1    1    1  4.69011E+13 0.00038 
   65   65    1    1    1    1    1    1    1    1  3.73367E+13 0.00048 
   66   66    1    1    1    1    1    1    1    1  3.69942E+13 0.00032 
   67   67    1    1    1    1    1    1    1    1  2.65849E+13 0.00046 
   68   68    1    1    1    1    1    1    1    1  2.17217E+13 0.00045 
   69   69    1    1    1    1    1    1    1    1  1.95047E+13 0.00048 
   70   70    1    1    1    1    1    1    1    1  2.34293E+13 0.00053 
   71   71    1    1    1    1    1    1    1    1  1.99318E+13 0.00050 
   72   72    1    1    1    1    1    1    1    1  3.64990E+13 0.00029 
   73   73    1    1    1    1    1    1    1    1  2.58453E+13 0.00051 
   74   74    1    1    1    1    1    1    1    1  1.93926E+13 0.00039 
   75   75    1    1    1    1    1    1    1    1  1.54734E+13 0.00051 
   76   76    1    1    1    1    1    1    1    1  1.27627E+13 0.00069 
   77   77    1    1    1    1    1    1    1    1  1.46976E+13 0.00052 
   78   78    1    1    1    1    1    1    1    1  1.15286E+13 0.00059 
   79   79    1    1    1    1    1    1    1    1  9.14697E+12 0.00084 
   80   80    1    1    1    1    1    1    1    1  9.39764E+12 0.00068 
   81   81    1    1    1    1    1    1    1    1  6.93459E+12 0.00071 
   82   82    1    1    1    1    1    1    1    1  5.32397E+12 0.00119 
   83   83    1    1    1    1    1    1    1    1  4.09241E+12 0.00111 
   84   84    1    1    1    1    1    1    1    1  3.82102E+12 0.00111 
   85   85    1    1    1    1    1    1    1    1  2.74725E+12 0.00107 
   86   86    1    1    1    1    1    1    1    1  1.97546E+12 0.00167 
   87   87    1    1    1    1    1    1    1    1  1.84885E+12 0.00175 
   88   88    1    1    1    1    1    1    1    1  1.13838E+12 0.00223 
   89   89    1    1    1    1    1    1    1    1  7.68466E+11 0.00271 
   90   90    1    1    1    1    1    1    1    1  4.43625E+11 0.00341 
   91   91    1    1    1    1    1    1    1    1  5.67408E+11 0.00279 
   92   92    1    1    1    1    1    1    1    1  0.00000E+00 0.00000 
   93   93    1    1    1    1    1    1    1    1  0.00000E+00 0.00000 
   94   94    1    1    1    1    1    1    1    1  0.00000E+00 0.00000 
   95   95    1    1    1    1    1    1    1    1  0.00000E+00 0.00000 
   96   96    1    1    1    1    1    1    1    1  0.00000E+00 0.00000 
   97   97    1    1    1    1    1    1    1    1  0.00000E+00 0.00000 
   98   98    1    1    1    1    1    1    1    1  0.00000E+00 0.00000 
   99   99    1    1    1    1    1    1    1    1  0.00000E+00 0.00000 
  100  100    1    1    1    1    1    1    1    1  0.00000E+00 0.00000 
];


