
DETdpaspec = [
    1    1    1    1    1    1    1    1    1    1  0.00000E+00 0.00000 
    2    2    1    1    1    1    1    1    1    1  0.00000E+00 0.00000 
    3    3    1    1    1    1    1    1    1    1  0.00000E+00 0.00000 
    4    4    1    1    1    1    1    1    1    1  0.00000E+00 0.00000 
    5    5    1    1    1    1    1    1    1    1  0.00000E+00 0.00000 
    6    6    1    1    1    1    1    1    1    1  0.00000E+00 0.00000 
    7    7    1    1    1    1    1    1    1    1  0.00000E+00 0.00000 
    8    8    1    1    1    1    1    1    1    1  0.00000E+00 0.00000 
    9    9    1    1    1    1    1    1    1    1  0.00000E+00 0.00000 
   10   10    1    1    1    1    1    1    1    1  0.00000E+00 0.00000 
   11   11    1    1    1    1    1    1    1    1  0.00000E+00 0.00000 
   12   12    1    1    1    1    1    1    1    1  0.00000E+00 0.00000 
   13   13    1    1    1    1    1    1    1    1  0.00000E+00 0.00000 
   14   14    1    1    1    1    1    1    1    1  0.00000E+00 0.00000 
   15   15    1    1    1    1    1    1    1    1  0.00000E+00 0.00000 
   16   16    1    1    1    1    1    1    1    1  0.00000E+00 0.00000 
   17   17    1    1    1    1    1    1    1    1  0.00000E+00 0.00000 
   18   18    1    1    1    1    1    1    1    1  0.00000E+00 0.00000 
   19   19    1    1    1    1    1    1    1    1  1.59718E+09 0.06556 
   20   20    1    1    1    1    1    1    1    1  2.31120E+08 0.07767 
   21   21    1    1    1    1    1    1    1    1  8.60174E+08 0.05930 
   22   22    1    1    1    1    1    1    1    1  6.58655E+08 0.06566 
   23   23    1    1    1    1    1    1    1    1  1.56591E+09 0.05060 
   24   24    1    1    1    1    1    1    1    1  2.33613E+09 0.04502 
   25   25    1    1    1    1    1    1    1    1  3.78401E+09 0.02879 
   26   26    1    1    1    1    1    1    1    1  4.90787E+09 0.02187 
   27   27    1    1    1    1    1    1    1    1  7.07247E+09 0.01909 
   28   28    1    1    1    1    1    1    1    1  1.27578E+10 0.01716 
   29   29    1    1    1    1    1    1    1    1  2.69824E+10 0.01225 
   30   30    1    1    1    1    1    1    1    1  4.23090E+10 0.00787 
   31   31    1    1    1    1    1    1    1    1  1.31914E+11 0.00718 
   32   32    1    1    1    1    1    1    1    1  4.24579E+11 0.00349 
   33   33    1    1    1    1    1    1    1    1  8.34768E+11 0.00261 
   34   34    1    1    1    1    1    1    1    1  1.96933E+12 0.00146 
   35   35    1    1    1    1    1    1    1    1  2.72993E+12 0.00113 
   36   36    1    1    1    1    1    1    1    1  3.77619E+12 0.00100 
   37   37    1    1    1    1    1    1    1    1  2.61283E+12 0.00102 
   38   38    1    1    1    1    1    1    1    1  8.16609E+11 0.00091 
   39   39    1    1    1    1    1    1    1    1  4.55955E+12 0.00102 
   40   40    1    1    1    1    1    1    1    1  6.18670E+12 0.00084 
   41   41    1    1    1    1    1    1    1    1  1.06164E+13 0.00067 
   42   42    1    1    1    1    1    1    1    1  1.09057E+13 0.00050 
   43   43    1    1    1    1    1    1    1    1  2.32289E+13 0.00044 
   44   44    1    1    1    1    1    1    1    1  2.83305E+13 0.00049 
   45   45    1    1    1    1    1    1    1    1  4.12784E+13 0.00047 
   46   46    1    1    1    1    1    1    1    1  8.17117E+13 0.00031 
   47   47    1    1    1    1    1    1    1    1  3.84083E+13 0.00033 
   48   48    1    1    1    1    1    1    1    1  6.24306E+13 0.00023 
   49   49    1    1    1    1    1    1    1    1  8.70105E+13 0.00023 
   50   50    1    1    1    1    1    1    1    1  8.66598E+13 0.00021 
   51   51    1    1    1    1    1    1    1    1  1.33875E+14 0.00026 
   52   52    1    1    1    1    1    1    1    1  1.07655E+14 0.00024 
   53   53    1    1    1    1    1    1    1    1  1.26763E+14 0.00019 
   54   54    1    1    1    1    1    1    1    1  8.83467E+13 0.00020 
   55   55    1    1    1    1    1    1    1    1  1.06820E+14 0.00020 
   56   56    1    1    1    1    1    1    1    1  7.37264E+13 0.00018 
   57   57    1    1    1    1    1    1    1    1  1.00643E+13 0.00040 
   58   58    1    1    1    1    1    1    1    1  1.46817E+14 0.00022 
   59   59    1    1    1    1    1    1    1    1  6.45049E+13 0.00028 
   60   60    1    1    1    1    1    1    1    1  6.89238E+13 0.00027 
   61   61    1    1    1    1    1    1    1    1  5.30624E+13 0.00026 
   62   62    1    1    1    1    1    1    1    1  5.34509E+13 0.00029 
   63   63    1    1    1    1    1    1    1    1  5.56640E+13 0.00017 
   64   64    1    1    1    1    1    1    1    1  4.66928E+13 0.00026 
   65   65    1    1    1    1    1    1    1    1  3.71892E+13 0.00032 
   66   66    1    1    1    1    1    1    1    1  3.68676E+13 0.00038 
   67   67    1    1    1    1    1    1    1    1  2.64800E+13 0.00056 
   68   68    1    1    1    1    1    1    1    1  2.16546E+13 0.00054 
   69   69    1    1    1    1    1    1    1    1  1.94674E+13 0.00048 
   70   70    1    1    1    1    1    1    1    1  2.33813E+13 0.00044 
   71   71    1    1    1    1    1    1    1    1  1.99093E+13 0.00047 
   72   72    1    1    1    1    1    1    1    1  3.65110E+13 0.00035 
   73   73    1    1    1    1    1    1    1    1  2.58534E+13 0.00046 
   74   74    1    1    1    1    1    1    1    1  1.94148E+13 0.00063 
   75   75    1    1    1    1    1    1    1    1  1.54787E+13 0.00057 
   76   76    1    1    1    1    1    1    1    1  1.27399E+13 0.00061 
   77   77    1    1    1    1    1    1    1    1  1.46244E+13 0.00076 
   78   78    1    1    1    1    1    1    1    1  1.14660E+13 0.00056 
   79   79    1    1    1    1    1    1    1    1  9.08467E+12 0.00072 
   80   80    1    1    1    1    1    1    1    1  9.32819E+12 0.00072 
   81   81    1    1    1    1    1    1    1    1  6.88904E+12 0.00054 
   82   82    1    1    1    1    1    1    1    1  5.28323E+12 0.00086 
   83   83    1    1    1    1    1    1    1    1  4.06809E+12 0.00099 
   84   84    1    1    1    1    1    1    1    1  3.78953E+12 0.00111 
   85   85    1    1    1    1    1    1    1    1  2.72262E+12 0.00158 
   86   86    1    1    1    1    1    1    1    1  1.96353E+12 0.00121 
   87   87    1    1    1    1    1    1    1    1  1.83276E+12 0.00129 
   88   88    1    1    1    1    1    1    1    1  1.12922E+12 0.00159 
   89   89    1    1    1    1    1    1    1    1  7.68087E+11 0.00290 
   90   90    1    1    1    1    1    1    1    1  4.42800E+11 0.00302 
   91   91    1    1    1    1    1    1    1    1  5.65369E+11 0.00363 
   92   92    1    1    1    1    1    1    1    1  0.00000E+00 0.00000 
   93   93    1    1    1    1    1    1    1    1  0.00000E+00 0.00000 
   94   94    1    1    1    1    1    1    1    1  0.00000E+00 0.00000 
   95   95    1    1    1    1    1    1    1    1  0.00000E+00 0.00000 
   96   96    1    1    1    1    1    1    1    1  0.00000E+00 0.00000 
   97   97    1    1    1    1    1    1    1    1  0.00000E+00 0.00000 
   98   98    1    1    1    1    1    1    1    1  0.00000E+00 0.00000 
   99   99    1    1    1    1    1    1    1    1  0.00000E+00 0.00000 
  100  100    1    1    1    1    1    1    1    1  0.00000E+00 0.00000 
];


