
DETdpaspec = [
    1    1    1    1    1    1    1    1    1    1  0.00000E+00 0.00000 
    2    2    1    1    1    1    1    1    1    1  0.00000E+00 0.00000 
    3    3    1    1    1    1    1    1    1    1  0.00000E+00 0.00000 
    4    4    1    1    1    1    1    1    1    1  0.00000E+00 0.00000 
    5    5    1    1    1    1    1    1    1    1  0.00000E+00 0.00000 
    6    6    1    1    1    1    1    1    1    1  0.00000E+00 0.00000 
    7    7    1    1    1    1    1    1    1    1  0.00000E+00 0.00000 
    8    8    1    1    1    1    1    1    1    1  0.00000E+00 0.00000 
    9    9    1    1    1    1    1    1    1    1  0.00000E+00 0.00000 
   10   10    1    1    1    1    1    1    1    1  0.00000E+00 0.00000 
   11   11    1    1    1    1    1    1    1    1  0.00000E+00 0.00000 
   12   12    1    1    1    1    1    1    1    1  0.00000E+00 0.00000 
   13   13    1    1    1    1    1    1    1    1  0.00000E+00 0.00000 
   14   14    1    1    1    1    1    1    1    1  0.00000E+00 0.00000 
   15   15    1    1    1    1    1    1    1    1  0.00000E+00 0.00000 
   16   16    1    1    1    1    1    1    1    1  0.00000E+00 0.00000 
   17   17    1    1    1    1    1    1    1    1  0.00000E+00 0.00000 
   18   18    1    1    1    1    1    1    1    1  0.00000E+00 0.00000 
   19   19    1    1    1    1    1    1    1    1  1.49115E+09 0.05499 
   20   20    1    1    1    1    1    1    1    1  2.05243E+08 0.08534 
   21   21    1    1    1    1    1    1    1    1  8.41654E+08 0.06512 
   22   22    1    1    1    1    1    1    1    1  5.89759E+08 0.06524 
   23   23    1    1    1    1    1    1    1    1  1.52432E+09 0.05551 
   24   24    1    1    1    1    1    1    1    1  2.31307E+09 0.03379 
   25   25    1    1    1    1    1    1    1    1  3.40504E+09 0.03923 
   26   26    1    1    1    1    1    1    1    1  4.42785E+09 0.03229 
   27   27    1    1    1    1    1    1    1    1  7.01178E+09 0.02191 
   28   28    1    1    1    1    1    1    1    1  1.26944E+10 0.02437 
   29   29    1    1    1    1    1    1    1    1  2.64909E+10 0.01133 
   30   30    1    1    1    1    1    1    1    1  4.10312E+10 0.00775 
   31   31    1    1    1    1    1    1    1    1  1.30505E+11 0.00521 
   32   32    1    1    1    1    1    1    1    1  4.22310E+11 0.00313 
   33   33    1    1    1    1    1    1    1    1  8.28879E+11 0.00201 
   34   34    1    1    1    1    1    1    1    1  1.96389E+12 0.00156 
   35   35    1    1    1    1    1    1    1    1  2.72698E+12 0.00139 
   36   36    1    1    1    1    1    1    1    1  3.74833E+12 0.00121 
   37   37    1    1    1    1    1    1    1    1  2.59098E+12 0.00099 
   38   38    1    1    1    1    1    1    1    1  8.06682E+11 0.00093 
   39   39    1    1    1    1    1    1    1    1  4.52169E+12 0.00073 
   40   40    1    1    1    1    1    1    1    1  6.13375E+12 0.00087 
   41   41    1    1    1    1    1    1    1    1  1.05490E+13 0.00064 
   42   42    1    1    1    1    1    1    1    1  1.08181E+13 0.00057 
   43   43    1    1    1    1    1    1    1    1  2.31150E+13 0.00056 
   44   44    1    1    1    1    1    1    1    1  2.82164E+13 0.00050 
   45   45    1    1    1    1    1    1    1    1  4.11695E+13 0.00041 
   46   46    1    1    1    1    1    1    1    1  8.17017E+13 0.00030 
   47   47    1    1    1    1    1    1    1    1  3.83432E+13 0.00026 
   48   48    1    1    1    1    1    1    1    1  6.22956E+13 0.00020 
   49   49    1    1    1    1    1    1    1    1  8.68779E+13 0.00026 
   50   50    1    1    1    1    1    1    1    1  8.65297E+13 0.00022 
   51   51    1    1    1    1    1    1    1    1  1.33819E+14 0.00017 
   52   52    1    1    1    1    1    1    1    1  1.07400E+14 0.00027 
   53   53    1    1    1    1    1    1    1    1  1.26697E+14 0.00019 
   54   54    1    1    1    1    1    1    1    1  8.82206E+13 0.00020 
   55   55    1    1    1    1    1    1    1    1  1.06867E+14 0.00019 
   56   56    1    1    1    1    1    1    1    1  7.37601E+13 0.00018 
   57   57    1    1    1    1    1    1    1    1  1.00637E+13 0.00042 
   58   58    1    1    1    1    1    1    1    1  1.46843E+14 0.00020 
   59   59    1    1    1    1    1    1    1    1  6.46493E+13 0.00027 
   60   60    1    1    1    1    1    1    1    1  6.89952E+13 0.00026 
   61   61    1    1    1    1    1    1    1    1  5.32196E+13 0.00018 
   62   62    1    1    1    1    1    1    1    1  5.35780E+13 0.00022 
   63   63    1    1    1    1    1    1    1    1  5.58128E+13 0.00033 
   64   64    1    1    1    1    1    1    1    1  4.68395E+13 0.00026 
   65   65    1    1    1    1    1    1    1    1  3.72832E+13 0.00039 
   66   66    1    1    1    1    1    1    1    1  3.69742E+13 0.00029 
   67   67    1    1    1    1    1    1    1    1  2.65558E+13 0.00030 
   68   68    1    1    1    1    1    1    1    1  2.17066E+13 0.00033 
   69   69    1    1    1    1    1    1    1    1  1.94987E+13 0.00057 
   70   70    1    1    1    1    1    1    1    1  2.34175E+13 0.00035 
   71   71    1    1    1    1    1    1    1    1  1.99343E+13 0.00045 
   72   72    1    1    1    1    1    1    1    1  3.64809E+13 0.00054 
   73   73    1    1    1    1    1    1    1    1  2.58353E+13 0.00055 
   74   74    1    1    1    1    1    1    1    1  1.93974E+13 0.00046 
   75   75    1    1    1    1    1    1    1    1  1.54667E+13 0.00050 
   76   76    1    1    1    1    1    1    1    1  1.27585E+13 0.00067 
   77   77    1    1    1    1    1    1    1    1  1.46779E+13 0.00065 
   78   78    1    1    1    1    1    1    1    1  1.15162E+13 0.00079 
   79   79    1    1    1    1    1    1    1    1  9.13502E+12 0.00060 
   80   80    1    1    1    1    1    1    1    1  9.38580E+12 0.00076 
   81   81    1    1    1    1    1    1    1    1  6.92776E+12 0.00082 
   82   82    1    1    1    1    1    1    1    1  5.31226E+12 0.00091 
   83   83    1    1    1    1    1    1    1    1  4.08361E+12 0.00136 
   84   84    1    1    1    1    1    1    1    1  3.81372E+12 0.00095 
   85   85    1    1    1    1    1    1    1    1  2.73872E+12 0.00121 
   86   86    1    1    1    1    1    1    1    1  1.97722E+12 0.00142 
   87   87    1    1    1    1    1    1    1    1  1.84567E+12 0.00151 
   88   88    1    1    1    1    1    1    1    1  1.14030E+12 0.00238 
   89   89    1    1    1    1    1    1    1    1  7.71635E+11 0.00194 
   90   90    1    1    1    1    1    1    1    1  4.42550E+11 0.00301 
   91   91    1    1    1    1    1    1    1    1  5.64247E+11 0.00293 
   92   92    1    1    1    1    1    1    1    1  0.00000E+00 0.00000 
   93   93    1    1    1    1    1    1    1    1  0.00000E+00 0.00000 
   94   94    1    1    1    1    1    1    1    1  0.00000E+00 0.00000 
   95   95    1    1    1    1    1    1    1    1  0.00000E+00 0.00000 
   96   96    1    1    1    1    1    1    1    1  0.00000E+00 0.00000 
   97   97    1    1    1    1    1    1    1    1  0.00000E+00 0.00000 
   98   98    1    1    1    1    1    1    1    1  0.00000E+00 0.00000 
   99   99    1    1    1    1    1    1    1    1  0.00000E+00 0.00000 
  100  100    1    1    1    1    1    1    1    1  0.00000E+00 0.00000 
];


