
DETdpaspec = [
    1    1    1    1    1    1    1    1    1    1  0.00000E+00 0.00000 
    2    2    1    1    1    1    1    1    1    1  0.00000E+00 0.00000 
    3    3    1    1    1    1    1    1    1    1  0.00000E+00 0.00000 
    4    4    1    1    1    1    1    1    1    1  0.00000E+00 0.00000 
    5    5    1    1    1    1    1    1    1    1  0.00000E+00 0.00000 
    6    6    1    1    1    1    1    1    1    1  0.00000E+00 0.00000 
    7    7    1    1    1    1    1    1    1    1  0.00000E+00 0.00000 
    8    8    1    1    1    1    1    1    1    1  0.00000E+00 0.00000 
    9    9    1    1    1    1    1    1    1    1  0.00000E+00 0.00000 
   10   10    1    1    1    1    1    1    1    1  0.00000E+00 0.00000 
   11   11    1    1    1    1    1    1    1    1  0.00000E+00 0.00000 
   12   12    1    1    1    1    1    1    1    1  0.00000E+00 0.00000 
   13   13    1    1    1    1    1    1    1    1  0.00000E+00 0.00000 
   14   14    1    1    1    1    1    1    1    1  0.00000E+00 0.00000 
   15   15    1    1    1    1    1    1    1    1  0.00000E+00 0.00000 
   16   16    1    1    1    1    1    1    1    1  0.00000E+00 0.00000 
   17   17    1    1    1    1    1    1    1    1  0.00000E+00 0.00000 
   18   18    1    1    1    1    1    1    1    1  0.00000E+00 0.00000 
   19   19    1    1    1    1    1    1    1    1  7.74132E+07 0.25303 
   20   20    1    1    1    1    1    1    1    1  5.64515E+07 0.32326 
   21   21    1    1    1    1    1    1    1    1  6.09718E+07 0.21523 
   22   22    1    1    1    1    1    1    1    1  9.23992E+07 0.20313 
   23   23    1    1    1    1    1    1    1    1  2.34954E+08 0.15835 
   24   24    1    1    1    1    1    1    1    1  4.33532E+08 0.11379 
   25   25    1    1    1    1    1    1    1    1  7.35859E+08 0.09271 
   26   26    1    1    1    1    1    1    1    1  1.18411E+09 0.05289 
   27   27    1    1    1    1    1    1    1    1  2.50437E+09 0.03531 
   28   28    1    1    1    1    1    1    1    1  6.24549E+09 0.02355 
   29   29    1    1    1    1    1    1    1    1  1.64967E+10 0.01561 
   30   30    1    1    1    1    1    1    1    1  3.43433E+10 0.00965 
   31   31    1    1    1    1    1    1    1    1  9.21646E+10 0.00664 
   32   32    1    1    1    1    1    1    1    1  2.85002E+11 0.00420 
   33   33    1    1    1    1    1    1    1    1  5.89102E+11 0.00350 
   34   34    1    1    1    1    1    1    1    1  1.59526E+12 0.00175 
   35   35    1    1    1    1    1    1    1    1  2.49059E+12 0.00141 
   36   36    1    1    1    1    1    1    1    1  3.02091E+12 0.00121 
   37   37    1    1    1    1    1    1    1    1  2.00729E+12 0.00098 
   38   38    1    1    1    1    1    1    1    1  6.08223E+11 0.00098 
   39   39    1    1    1    1    1    1    1    1  3.58838E+12 0.00091 
   40   40    1    1    1    1    1    1    1    1  4.98712E+12 0.00061 
   41   41    1    1    1    1    1    1    1    1  8.95248E+12 0.00074 
   42   42    1    1    1    1    1    1    1    1  9.03091E+12 0.00070 
   43   43    1    1    1    1    1    1    1    1  2.04109E+13 0.00065 
   44   44    1    1    1    1    1    1    1    1  2.56655E+13 0.00049 
   45   45    1    1    1    1    1    1    1    1  3.85540E+13 0.00052 
   46   46    1    1    1    1    1    1    1    1  8.02345E+13 0.00043 
   47   47    1    1    1    1    1    1    1    1  3.72405E+13 0.00035 
   48   48    1    1    1    1    1    1    1    1  6.02969E+13 0.00028 
   49   49    1    1    1    1    1    1    1    1  8.47739E+13 0.00028 
   50   50    1    1    1    1    1    1    1    1  8.45882E+13 0.00026 
   51   51    1    1    1    1    1    1    1    1  1.34882E+14 0.00025 
   52   52    1    1    1    1    1    1    1    1  1.05425E+14 0.00022 
   53   53    1    1    1    1    1    1    1    1  1.28641E+14 0.00020 
   54   54    1    1    1    1    1    1    1    1  8.83375E+13 0.00021 
   55   55    1    1    1    1    1    1    1    1  1.09988E+14 0.00020 
   56   56    1    1    1    1    1    1    1    1  7.50281E+13 0.00022 
   57   57    1    1    1    1    1    1    1    1  1.01223E+13 0.00057 
   58   58    1    1    1    1    1    1    1    1  1.48596E+14 0.00022 
   59   59    1    1    1    1    1    1    1    1  6.78222E+13 0.00033 
   60   60    1    1    1    1    1    1    1    1  7.11647E+13 0.00031 
   61   61    1    1    1    1    1    1    1    1  5.60578E+13 0.00023 
   62   62    1    1    1    1    1    1    1    1  5.58794E+13 0.00025 
   63   63    1    1    1    1    1    1    1    1  5.84157E+13 0.00024 
   64   64    1    1    1    1    1    1    1    1  4.90834E+13 0.00036 
   65   65    1    1    1    1    1    1    1    1  3.88292E+13 0.00032 
   66   66    1    1    1    1    1    1    1    1  3.83743E+13 0.00041 
   67   67    1    1    1    1    1    1    1    1  2.74032E+13 0.00048 
   68   68    1    1    1    1    1    1    1    1  2.21380E+13 0.00051 
   69   69    1    1    1    1    1    1    1    1  1.97568E+13 0.00052 
   70   70    1    1    1    1    1    1    1    1  2.36405E+13 0.00054 
   71   71    1    1    1    1    1    1    1    1  1.99816E+13 0.00053 
   72   72    1    1    1    1    1    1    1    1  3.54750E+13 0.00039 
   73   73    1    1    1    1    1    1    1    1  2.47636E+13 0.00044 
   74   74    1    1    1    1    1    1    1    1  1.85817E+13 0.00057 
   75   75    1    1    1    1    1    1    1    1  1.50207E+13 0.00079 
   76   76    1    1    1    1    1    1    1    1  1.25730E+13 0.00053 
   77   77    1    1    1    1    1    1    1    1  1.46721E+13 0.00052 
   78   78    1    1    1    1    1    1    1    1  1.16751E+13 0.00068 
   79   79    1    1    1    1    1    1    1    1  9.34627E+12 0.00058 
   80   80    1    1    1    1    1    1    1    1  9.62647E+12 0.00075 
   81   81    1    1    1    1    1    1    1    1  7.08734E+12 0.00075 
   82   82    1    1    1    1    1    1    1    1  5.43134E+12 0.00101 
   83   83    1    1    1    1    1    1    1    1  4.13807E+12 0.00104 
   84   84    1    1    1    1    1    1    1    1  3.81943E+12 0.00124 
   85   85    1    1    1    1    1    1    1    1  2.73247E+12 0.00140 
   86   86    1    1    1    1    1    1    1    1  1.95343E+12 0.00188 
   87   87    1    1    1    1    1    1    1    1  1.79623E+12 0.00139 
   88   88    1    1    1    1    1    1    1    1  1.07994E+12 0.00179 
   89   89    1    1    1    1    1    1    1    1  7.08496E+11 0.00233 
   90   90    1    1    1    1    1    1    1    1  3.98724E+11 0.00287 
   91   91    1    1    1    1    1    1    1    1  4.79411E+11 0.00309 
   92   92    1    1    1    1    1    1    1    1  0.00000E+00 0.00000 
   93   93    1    1    1    1    1    1    1    1  0.00000E+00 0.00000 
   94   94    1    1    1    1    1    1    1    1  0.00000E+00 0.00000 
   95   95    1    1    1    1    1    1    1    1  0.00000E+00 0.00000 
   96   96    1    1    1    1    1    1    1    1  0.00000E+00 0.00000 
   97   97    1    1    1    1    1    1    1    1  0.00000E+00 0.00000 
   98   98    1    1    1    1    1    1    1    1  0.00000E+00 0.00000 
   99   99    1    1    1    1    1    1    1    1  0.00000E+00 0.00000 
  100  100    1    1    1    1    1    1    1    1  0.00000E+00 0.00000 
];


