
DETdpaspec = [
    1    1    1    1    1    1    1    1    1    1  0.00000E+00 0.00000 
    2    2    1    1    1    1    1    1    1    1  0.00000E+00 0.00000 
    3    3    1    1    1    1    1    1    1    1  0.00000E+00 0.00000 
    4    4    1    1    1    1    1    1    1    1  0.00000E+00 0.00000 
    5    5    1    1    1    1    1    1    1    1  0.00000E+00 0.00000 
    6    6    1    1    1    1    1    1    1    1  0.00000E+00 0.00000 
    7    7    1    1    1    1    1    1    1    1  0.00000E+00 0.00000 
    8    8    1    1    1    1    1    1    1    1  0.00000E+00 0.00000 
    9    9    1    1    1    1    1    1    1    1  0.00000E+00 0.00000 
   10   10    1    1    1    1    1    1    1    1  0.00000E+00 0.00000 
   11   11    1    1    1    1    1    1    1    1  0.00000E+00 0.00000 
   12   12    1    1    1    1    1    1    1    1  0.00000E+00 0.00000 
   13   13    1    1    1    1    1    1    1    1  0.00000E+00 0.00000 
   14   14    1    1    1    1    1    1    1    1  0.00000E+00 0.00000 
   15   15    1    1    1    1    1    1    1    1  0.00000E+00 0.00000 
   16   16    1    1    1    1    1    1    1    1  0.00000E+00 0.00000 
   17   17    1    1    1    1    1    1    1    1  0.00000E+00 0.00000 
   18   18    1    1    1    1    1    1    1    1  0.00000E+00 0.00000 
   19   19    1    1    1    1    1    1    1    1  6.59487E+08 0.16413 
   20   20    1    1    1    1    1    1    1    1  7.68679E+07 0.16404 
   21   21    1    1    1    1    1    1    1    1  3.87267E+08 0.12272 
   22   22    1    1    1    1    1    1    1    1  3.29098E+08 0.10405 
   23   23    1    1    1    1    1    1    1    1  5.66549E+08 0.08733 
   24   24    1    1    1    1    1    1    1    1  1.07172E+09 0.06107 
   25   25    1    1    1    1    1    1    1    1  1.80820E+09 0.04910 
   26   26    1    1    1    1    1    1    1    1  2.37868E+09 0.04020 
   27   27    1    1    1    1    1    1    1    1  3.98135E+09 0.04181 
   28   28    1    1    1    1    1    1    1    1  8.85770E+09 0.02566 
   29   29    1    1    1    1    1    1    1    1  2.14387E+10 0.01316 
   30   30    1    1    1    1    1    1    1    1  3.89077E+10 0.01166 
   31   31    1    1    1    1    1    1    1    1  1.12861E+11 0.00637 
   32   32    1    1    1    1    1    1    1    1  3.64176E+11 0.00468 
   33   33    1    1    1    1    1    1    1    1  7.31298E+11 0.00176 
   34   34    1    1    1    1    1    1    1    1  1.85209E+12 0.00147 
   35   35    1    1    1    1    1    1    1    1  2.71318E+12 0.00129 
   36   36    1    1    1    1    1    1    1    1  3.44717E+12 0.00125 
   37   37    1    1    1    1    1    1    1    1  2.31498E+12 0.00117 
   38   38    1    1    1    1    1    1    1    1  7.06283E+11 0.00111 
   39   39    1    1    1    1    1    1    1    1  4.07809E+12 0.00107 
   40   40    1    1    1    1    1    1    1    1  5.59896E+12 0.00085 
   41   41    1    1    1    1    1    1    1    1  9.83762E+12 0.00063 
   42   42    1    1    1    1    1    1    1    1  9.91794E+12 0.00052 
   43   43    1    1    1    1    1    1    1    1  2.18456E+13 0.00052 
   44   44    1    1    1    1    1    1    1    1  2.70115E+13 0.00042 
   45   45    1    1    1    1    1    1    1    1  3.98997E+13 0.00046 
   46   46    1    1    1    1    1    1    1    1  8.11996E+13 0.00034 
   47   47    1    1    1    1    1    1    1    1  3.77383E+13 0.00029 
   48   48    1    1    1    1    1    1    1    1  6.10986E+13 0.00031 
   49   49    1    1    1    1    1    1    1    1  8.54706E+13 0.00029 
   50   50    1    1    1    1    1    1    1    1  8.50262E+13 0.00022 
   51   51    1    1    1    1    1    1    1    1  1.33628E+14 0.00022 
   52   52    1    1    1    1    1    1    1    1  1.05476E+14 0.00021 
   53   53    1    1    1    1    1    1    1    1  1.27032E+14 0.00015 
   54   54    1    1    1    1    1    1    1    1  8.77787E+13 0.00017 
   55   55    1    1    1    1    1    1    1    1  1.08228E+14 0.00022 
   56   56    1    1    1    1    1    1    1    1  7.41840E+13 0.00024 
   57   57    1    1    1    1    1    1    1    1  1.00472E+13 0.00044 
   58   58    1    1    1    1    1    1    1    1  1.47374E+14 0.00020 
   59   59    1    1    1    1    1    1    1    1  6.64092E+13 0.00027 
   60   60    1    1    1    1    1    1    1    1  7.01889E+13 0.00034 
   61   61    1    1    1    1    1    1    1    1  5.48915E+13 0.00027 
   62   62    1    1    1    1    1    1    1    1  5.49929E+13 0.00029 
   63   63    1    1    1    1    1    1    1    1  5.74109E+13 0.00019 
   64   64    1    1    1    1    1    1    1    1  4.82787E+13 0.00028 
   65   65    1    1    1    1    1    1    1    1  3.82988E+13 0.00046 
   66   66    1    1    1    1    1    1    1    1  3.78852E+13 0.00041 
   67   67    1    1    1    1    1    1    1    1  2.71157E+13 0.00041 
   68   68    1    1    1    1    1    1    1    1  2.20174E+13 0.00045 
   69   69    1    1    1    1    1    1    1    1  1.97164E+13 0.00046 
   70   70    1    1    1    1    1    1    1    1  2.36084E+13 0.00059 
   71   71    1    1    1    1    1    1    1    1  2.00007E+13 0.00060 
   72   72    1    1    1    1    1    1    1    1  3.59185E+13 0.00051 
   73   73    1    1    1    1    1    1    1    1  2.52414E+13 0.00054 
   74   74    1    1    1    1    1    1    1    1  1.89808E+13 0.00055 
   75   75    1    1    1    1    1    1    1    1  1.52921E+13 0.00086 
   76   76    1    1    1    1    1    1    1    1  1.27473E+13 0.00058 
   77   77    1    1    1    1    1    1    1    1  1.48260E+13 0.00045 
   78   78    1    1    1    1    1    1    1    1  1.17617E+13 0.00065 
   79   79    1    1    1    1    1    1    1    1  9.39389E+12 0.00082 
   80   80    1    1    1    1    1    1    1    1  9.69861E+12 0.00075 
   81   81    1    1    1    1    1    1    1    1  7.17848E+12 0.00096 
   82   82    1    1    1    1    1    1    1    1  5.52426E+12 0.00082 
   83   83    1    1    1    1    1    1    1    1  4.22314E+12 0.00105 
   84   84    1    1    1    1    1    1    1    1  3.94134E+12 0.00115 
   85   85    1    1    1    1    1    1    1    1  2.82322E+12 0.00155 
   86   86    1    1    1    1    1    1    1    1  2.03560E+12 0.00148 
   87   87    1    1    1    1    1    1    1    1  1.88823E+12 0.00193 
   88   88    1    1    1    1    1    1    1    1  1.15784E+12 0.00262 
   89   89    1    1    1    1    1    1    1    1  7.69763E+11 0.00253 
   90   90    1    1    1    1    1    1    1    1  4.39857E+11 0.00221 
   91   91    1    1    1    1    1    1    1    1  5.49666E+11 0.00352 
   92   92    1    1    1    1    1    1    1    1  0.00000E+00 0.00000 
   93   93    1    1    1    1    1    1    1    1  0.00000E+00 0.00000 
   94   94    1    1    1    1    1    1    1    1  0.00000E+00 0.00000 
   95   95    1    1    1    1    1    1    1    1  0.00000E+00 0.00000 
   96   96    1    1    1    1    1    1    1    1  0.00000E+00 0.00000 
   97   97    1    1    1    1    1    1    1    1  0.00000E+00 0.00000 
   98   98    1    1    1    1    1    1    1    1  0.00000E+00 0.00000 
   99   99    1    1    1    1    1    1    1    1  0.00000E+00 0.00000 
  100  100    1    1    1    1    1    1    1    1  0.00000E+00 0.00000 
];


