
DETdpaspec = [
    1    1    1    1    1    1    1    1    1    1  0.00000E+00 0.00000 
    2    2    1    1    1    1    1    1    1    1  0.00000E+00 0.00000 
    3    3    1    1    1    1    1    1    1    1  0.00000E+00 0.00000 
    4    4    1    1    1    1    1    1    1    1  0.00000E+00 0.00000 
    5    5    1    1    1    1    1    1    1    1  0.00000E+00 0.00000 
    6    6    1    1    1    1    1    1    1    1  0.00000E+00 0.00000 
    7    7    1    1    1    1    1    1    1    1  0.00000E+00 0.00000 
    8    8    1    1    1    1    1    1    1    1  0.00000E+00 0.00000 
    9    9    1    1    1    1    1    1    1    1  0.00000E+00 0.00000 
   10   10    1    1    1    1    1    1    1    1  0.00000E+00 0.00000 
   11   11    1    1    1    1    1    1    1    1  0.00000E+00 0.00000 
   12   12    1    1    1    1    1    1    1    1  0.00000E+00 0.00000 
   13   13    1    1    1    1    1    1    1    1  0.00000E+00 0.00000 
   14   14    1    1    1    1    1    1    1    1  0.00000E+00 0.00000 
   15   15    1    1    1    1    1    1    1    1  0.00000E+00 0.00000 
   16   16    1    1    1    1    1    1    1    1  0.00000E+00 0.00000 
   17   17    1    1    1    1    1    1    1    1  0.00000E+00 0.00000 
   18   18    1    1    1    1    1    1    1    1  0.00000E+00 0.00000 
   19   19    1    1    1    1    1    1    1    1  1.48046E+09 0.07180 
   20   20    1    1    1    1    1    1    1    1  2.54658E+08 0.06290 
   21   21    1    1    1    1    1    1    1    1  8.40210E+08 0.07551 
   22   22    1    1    1    1    1    1    1    1  6.05847E+08 0.05497 
   23   23    1    1    1    1    1    1    1    1  1.64079E+09 0.04611 
   24   24    1    1    1    1    1    1    1    1  2.37018E+09 0.04740 
   25   25    1    1    1    1    1    1    1    1  3.64006E+09 0.02900 
   26   26    1    1    1    1    1    1    1    1  4.67189E+09 0.03115 
   27   27    1    1    1    1    1    1    1    1  7.05307E+09 0.02276 
   28   28    1    1    1    1    1    1    1    1  1.32607E+10 0.01417 
   29   29    1    1    1    1    1    1    1    1  2.70919E+10 0.01079 
   30   30    1    1    1    1    1    1    1    1  4.14386E+10 0.00785 
   31   31    1    1    1    1    1    1    1    1  1.31103E+11 0.00450 
   32   32    1    1    1    1    1    1    1    1  4.25870E+11 0.00414 
   33   33    1    1    1    1    1    1    1    1  8.37256E+11 0.00236 
   34   34    1    1    1    1    1    1    1    1  1.97299E+12 0.00187 
   35   35    1    1    1    1    1    1    1    1  2.73360E+12 0.00112 
   36   36    1    1    1    1    1    1    1    1  3.77498E+12 0.00098 
   37   37    1    1    1    1    1    1    1    1  2.61023E+12 0.00088 
   38   38    1    1    1    1    1    1    1    1  8.13461E+11 0.00102 
   39   39    1    1    1    1    1    1    1    1  4.55357E+12 0.00073 
   40   40    1    1    1    1    1    1    1    1  6.16877E+12 0.00057 
   41   41    1    1    1    1    1    1    1    1  1.06067E+13 0.00072 
   42   42    1    1    1    1    1    1    1    1  1.08854E+13 0.00059 
   43   43    1    1    1    1    1    1    1    1  2.32193E+13 0.00050 
   44   44    1    1    1    1    1    1    1    1  2.82989E+13 0.00041 
   45   45    1    1    1    1    1    1    1    1  4.12257E+13 0.00033 
   46   46    1    1    1    1    1    1    1    1  8.16966E+13 0.00027 
   47   47    1    1    1    1    1    1    1    1  3.83844E+13 0.00023 
   48   48    1    1    1    1    1    1    1    1  6.23926E+13 0.00023 
   49   49    1    1    1    1    1    1    1    1  8.69589E+13 0.00025 
   50   50    1    1    1    1    1    1    1    1  8.66379E+13 0.00018 
   51   51    1    1    1    1    1    1    1    1  1.33894E+14 0.00015 
   52   52    1    1    1    1    1    1    1    1  1.07535E+14 0.00021 
   53   53    1    1    1    1    1    1    1    1  1.26722E+14 0.00019 
   54   54    1    1    1    1    1    1    1    1  8.82981E+13 0.00022 
   55   55    1    1    1    1    1    1    1    1  1.06831E+14 0.00021 
   56   56    1    1    1    1    1    1    1    1  7.37339E+13 0.00019 
   57   57    1    1    1    1    1    1    1    1  1.00603E+13 0.00040 
   58   58    1    1    1    1    1    1    1    1  1.46843E+14 0.00021 
   59   59    1    1    1    1    1    1    1    1  6.45456E+13 0.00016 
   60   60    1    1    1    1    1    1    1    1  6.89154E+13 0.00018 
   61   61    1    1    1    1    1    1    1    1  5.30935E+13 0.00026 
   62   62    1    1    1    1    1    1    1    1  5.34892E+13 0.00032 
   63   63    1    1    1    1    1    1    1    1  5.56469E+13 0.00028 
   64   64    1    1    1    1    1    1    1    1  4.67288E+13 0.00034 
   65   65    1    1    1    1    1    1    1    1  3.72217E+13 0.00031 
   66   66    1    1    1    1    1    1    1    1  3.68939E+13 0.00031 
   67   67    1    1    1    1    1    1    1    1  2.65168E+13 0.00041 
   68   68    1    1    1    1    1    1    1    1  2.16820E+13 0.00050 
   69   69    1    1    1    1    1    1    1    1  1.94917E+13 0.00039 
   70   70    1    1    1    1    1    1    1    1  2.34038E+13 0.00046 
   71   71    1    1    1    1    1    1    1    1  1.99240E+13 0.00064 
   72   72    1    1    1    1    1    1    1    1  3.65048E+13 0.00045 
   73   73    1    1    1    1    1    1    1    1  2.58623E+13 0.00051 
   74   74    1    1    1    1    1    1    1    1  1.94287E+13 0.00064 
   75   75    1    1    1    1    1    1    1    1  1.54965E+13 0.00060 
   76   76    1    1    1    1    1    1    1    1  1.27394E+13 0.00051 
   77   77    1    1    1    1    1    1    1    1  1.46437E+13 0.00050 
   78   78    1    1    1    1    1    1    1    1  1.15016E+13 0.00077 
   79   79    1    1    1    1    1    1    1    1  9.09470E+12 0.00065 
   80   80    1    1    1    1    1    1    1    1  9.34773E+12 0.00096 
   81   81    1    1    1    1    1    1    1    1  6.89487E+12 0.00073 
   82   82    1    1    1    1    1    1    1    1  5.29427E+12 0.00090 
   83   83    1    1    1    1    1    1    1    1  4.06041E+12 0.00131 
   84   84    1    1    1    1    1    1    1    1  3.79829E+12 0.00114 
   85   85    1    1    1    1    1    1    1    1  2.72751E+12 0.00151 
   86   86    1    1    1    1    1    1    1    1  1.96186E+12 0.00133 
   87   87    1    1    1    1    1    1    1    1  1.83312E+12 0.00179 
   88   88    1    1    1    1    1    1    1    1  1.13372E+12 0.00249 
   89   89    1    1    1    1    1    1    1    1  7.64807E+11 0.00309 
   90   90    1    1    1    1    1    1    1    1  4.41068E+11 0.00298 
   91   91    1    1    1    1    1    1    1    1  5.66604E+11 0.00299 
   92   92    1    1    1    1    1    1    1    1  0.00000E+00 0.00000 
   93   93    1    1    1    1    1    1    1    1  0.00000E+00 0.00000 
   94   94    1    1    1    1    1    1    1    1  0.00000E+00 0.00000 
   95   95    1    1    1    1    1    1    1    1  0.00000E+00 0.00000 
   96   96    1    1    1    1    1    1    1    1  0.00000E+00 0.00000 
   97   97    1    1    1    1    1    1    1    1  0.00000E+00 0.00000 
   98   98    1    1    1    1    1    1    1    1  0.00000E+00 0.00000 
   99   99    1    1    1    1    1    1    1    1  0.00000E+00 0.00000 
  100  100    1    1    1    1    1    1    1    1  0.00000E+00 0.00000 
];


