
DETdpaspec = [
    1    1    1    1    1    1    1    1    1    1  0.00000E+00 0.00000 
    2    2    1    1    1    1    1    1    1    1  0.00000E+00 0.00000 
    3    3    1    1    1    1    1    1    1    1  0.00000E+00 0.00000 
    4    4    1    1    1    1    1    1    1    1  0.00000E+00 0.00000 
    5    5    1    1    1    1    1    1    1    1  0.00000E+00 0.00000 
    6    6    1    1    1    1    1    1    1    1  0.00000E+00 0.00000 
    7    7    1    1    1    1    1    1    1    1  0.00000E+00 0.00000 
    8    8    1    1    1    1    1    1    1    1  0.00000E+00 0.00000 
    9    9    1    1    1    1    1    1    1    1  0.00000E+00 0.00000 
   10   10    1    1    1    1    1    1    1    1  0.00000E+00 0.00000 
   11   11    1    1    1    1    1    1    1    1  0.00000E+00 0.00000 
   12   12    1    1    1    1    1    1    1    1  0.00000E+00 0.00000 
   13   13    1    1    1    1    1    1    1    1  0.00000E+00 0.00000 
   14   14    1    1    1    1    1    1    1    1  0.00000E+00 0.00000 
   15   15    1    1    1    1    1    1    1    1  0.00000E+00 0.00000 
   16   16    1    1    1    1    1    1    1    1  0.00000E+00 0.00000 
   17   17    1    1    1    1    1    1    1    1  0.00000E+00 0.00000 
   18   18    1    1    1    1    1    1    1    1  0.00000E+00 0.00000 
   19   19    1    1    1    1    1    1    1    1  1.63395E+09 0.05578 
   20   20    1    1    1    1    1    1    1    1  2.55383E+08 0.07903 
   21   21    1    1    1    1    1    1    1    1  8.03847E+08 0.06228 
   22   22    1    1    1    1    1    1    1    1  5.58934E+08 0.05922 
   23   23    1    1    1    1    1    1    1    1  1.67424E+09 0.04788 
   24   24    1    1    1    1    1    1    1    1  2.29389E+09 0.03619 
   25   25    1    1    1    1    1    1    1    1  3.49609E+09 0.03231 
   26   26    1    1    1    1    1    1    1    1  4.62249E+09 0.02701 
   27   27    1    1    1    1    1    1    1    1  7.29620E+09 0.03064 
   28   28    1    1    1    1    1    1    1    1  1.34104E+10 0.01619 
   29   29    1    1    1    1    1    1    1    1  2.67350E+10 0.01098 
   30   30    1    1    1    1    1    1    1    1  4.12711E+10 0.01237 
   31   31    1    1    1    1    1    1    1    1  1.30568E+11 0.00814 
   32   32    1    1    1    1    1    1    1    1  4.26020E+11 0.00412 
   33   33    1    1    1    1    1    1    1    1  8.36980E+11 0.00287 
   34   34    1    1    1    1    1    1    1    1  1.97423E+12 0.00189 
   35   35    1    1    1    1    1    1    1    1  2.73162E+12 0.00128 
   36   36    1    1    1    1    1    1    1    1  3.78038E+12 0.00102 
   37   37    1    1    1    1    1    1    1    1  2.61774E+12 0.00093 
   38   38    1    1    1    1    1    1    1    1  8.18365E+11 0.00095 
   39   39    1    1    1    1    1    1    1    1  4.56722E+12 0.00098 
   40   40    1    1    1    1    1    1    1    1  6.18785E+12 0.00079 
   41   41    1    1    1    1    1    1    1    1  1.06362E+13 0.00072 
   42   42    1    1    1    1    1    1    1    1  1.09282E+13 0.00069 
   43   43    1    1    1    1    1    1    1    1  2.32750E+13 0.00052 
   44   44    1    1    1    1    1    1    1    1  2.83440E+13 0.00047 
   45   45    1    1    1    1    1    1    1    1  4.12815E+13 0.00036 
   46   46    1    1    1    1    1    1    1    1  8.16757E+13 0.00034 
   47   47    1    1    1    1    1    1    1    1  3.84189E+13 0.00032 
   48   48    1    1    1    1    1    1    1    1  6.24767E+13 0.00023 
   49   49    1    1    1    1    1    1    1    1  8.70552E+13 0.00027 
   50   50    1    1    1    1    1    1    1    1  8.67164E+13 0.00024 
   51   51    1    1    1    1    1    1    1    1  1.33927E+14 0.00018 
   52   52    1    1    1    1    1    1    1    1  1.07690E+14 0.00018 
   53   53    1    1    1    1    1    1    1    1  1.26781E+14 0.00016 
   54   54    1    1    1    1    1    1    1    1  8.83607E+13 0.00020 
   55   55    1    1    1    1    1    1    1    1  1.06810E+14 0.00019 
   56   56    1    1    1    1    1    1    1    1  7.37336E+13 0.00021 
   57   57    1    1    1    1    1    1    1    1  1.00684E+13 0.00044 
   58   58    1    1    1    1    1    1    1    1  1.46855E+14 0.00015 
   59   59    1    1    1    1    1    1    1    1  6.45075E+13 0.00028 
   60   60    1    1    1    1    1    1    1    1  6.88790E+13 0.00022 
   61   61    1    1    1    1    1    1    1    1  5.30248E+13 0.00019 
   62   62    1    1    1    1    1    1    1    1  5.34425E+13 0.00021 
   63   63    1    1    1    1    1    1    1    1  5.56033E+13 0.00031 
   64   64    1    1    1    1    1    1    1    1  4.66640E+13 0.00027 
   65   65    1    1    1    1    1    1    1    1  3.71598E+13 0.00038 
   66   66    1    1    1    1    1    1    1    1  3.68108E+13 0.00041 
   67   67    1    1    1    1    1    1    1    1  2.64565E+13 0.00052 
   68   68    1    1    1    1    1    1    1    1  2.16427E+13 0.00061 
   69   69    1    1    1    1    1    1    1    1  1.94576E+13 0.00057 
   70   70    1    1    1    1    1    1    1    1  2.33617E+13 0.00056 
   71   71    1    1    1    1    1    1    1    1  1.98975E+13 0.00049 
   72   72    1    1    1    1    1    1    1    1  3.64922E+13 0.00054 
   73   73    1    1    1    1    1    1    1    1  2.58575E+13 0.00053 
   74   74    1    1    1    1    1    1    1    1  1.94310E+13 0.00043 
   75   75    1    1    1    1    1    1    1    1  1.54691E+13 0.00044 
   76   76    1    1    1    1    1    1    1    1  1.27305E+13 0.00078 
   77   77    1    1    1    1    1    1    1    1  1.46256E+13 0.00048 
   78   78    1    1    1    1    1    1    1    1  1.14538E+13 0.00054 
   79   79    1    1    1    1    1    1    1    1  9.07774E+12 0.00053 
   80   80    1    1    1    1    1    1    1    1  9.32295E+12 0.00076 
   81   81    1    1    1    1    1    1    1    1  6.88482E+12 0.00080 
   82   82    1    1    1    1    1    1    1    1  5.28231E+12 0.00078 
   83   83    1    1    1    1    1    1    1    1  4.05516E+12 0.00119 
   84   84    1    1    1    1    1    1    1    1  3.79042E+12 0.00146 
   85   85    1    1    1    1    1    1    1    1  2.71742E+12 0.00141 
   86   86    1    1    1    1    1    1    1    1  1.95948E+12 0.00158 
   87   87    1    1    1    1    1    1    1    1  1.83010E+12 0.00157 
   88   88    1    1    1    1    1    1    1    1  1.13145E+12 0.00245 
   89   89    1    1    1    1    1    1    1    1  7.64599E+11 0.00204 
   90   90    1    1    1    1    1    1    1    1  4.42148E+11 0.00355 
   91   91    1    1    1    1    1    1    1    1  5.65242E+11 0.00373 
   92   92    1    1    1    1    1    1    1    1  0.00000E+00 0.00000 
   93   93    1    1    1    1    1    1    1    1  0.00000E+00 0.00000 
   94   94    1    1    1    1    1    1    1    1  0.00000E+00 0.00000 
   95   95    1    1    1    1    1    1    1    1  0.00000E+00 0.00000 
   96   96    1    1    1    1    1    1    1    1  0.00000E+00 0.00000 
   97   97    1    1    1    1    1    1    1    1  0.00000E+00 0.00000 
   98   98    1    1    1    1    1    1    1    1  0.00000E+00 0.00000 
   99   99    1    1    1    1    1    1    1    1  0.00000E+00 0.00000 
  100  100    1    1    1    1    1    1    1    1  0.00000E+00 0.00000 
];


