
DETdpaspec = [
    1    1    1    1    1    1    1    1    1    1  0.00000E+00 0.00000 
    2    2    1    1    1    1    1    1    1    1  0.00000E+00 0.00000 
    3    3    1    1    1    1    1    1    1    1  0.00000E+00 0.00000 
    4    4    1    1    1    1    1    1    1    1  0.00000E+00 0.00000 
    5    5    1    1    1    1    1    1    1    1  0.00000E+00 0.00000 
    6    6    1    1    1    1    1    1    1    1  0.00000E+00 0.00000 
    7    7    1    1    1    1    1    1    1    1  0.00000E+00 0.00000 
    8    8    1    1    1    1    1    1    1    1  0.00000E+00 0.00000 
    9    9    1    1    1    1    1    1    1    1  0.00000E+00 0.00000 
   10   10    1    1    1    1    1    1    1    1  0.00000E+00 0.00000 
   11   11    1    1    1    1    1    1    1    1  0.00000E+00 0.00000 
   12   12    1    1    1    1    1    1    1    1  0.00000E+00 0.00000 
   13   13    1    1    1    1    1    1    1    1  0.00000E+00 0.00000 
   14   14    1    1    1    1    1    1    1    1  0.00000E+00 0.00000 
   15   15    1    1    1    1    1    1    1    1  0.00000E+00 0.00000 
   16   16    1    1    1    1    1    1    1    1  0.00000E+00 0.00000 
   17   17    1    1    1    1    1    1    1    1  0.00000E+00 0.00000 
   18   18    1    1    1    1    1    1    1    1  0.00000E+00 0.00000 
   19   19    1    1    1    1    1    1    1    1  1.40213E+09 0.06138 
   20   20    1    1    1    1    1    1    1    1  2.04229E+08 0.09332 
   21   21    1    1    1    1    1    1    1    1  7.89621E+08 0.06914 
   22   22    1    1    1    1    1    1    1    1  5.99796E+08 0.04781 
   23   23    1    1    1    1    1    1    1    1  1.60223E+09 0.03976 
   24   24    1    1    1    1    1    1    1    1  2.29776E+09 0.03298 
   25   25    1    1    1    1    1    1    1    1  3.58801E+09 0.03132 
   26   26    1    1    1    1    1    1    1    1  4.61574E+09 0.03439 
   27   27    1    1    1    1    1    1    1    1  6.88220E+09 0.02240 
   28   28    1    1    1    1    1    1    1    1  1.29442E+10 0.01713 
   29   29    1    1    1    1    1    1    1    1  2.63748E+10 0.00988 
   30   30    1    1    1    1    1    1    1    1  4.15489E+10 0.00854 
   31   31    1    1    1    1    1    1    1    1  1.29358E+11 0.00636 
   32   32    1    1    1    1    1    1    1    1  4.20487E+11 0.00317 
   33   33    1    1    1    1    1    1    1    1  8.29948E+11 0.00271 
   34   34    1    1    1    1    1    1    1    1  1.96229E+12 0.00153 
   35   35    1    1    1    1    1    1    1    1  2.72572E+12 0.00123 
   36   36    1    1    1    1    1    1    1    1  3.74846E+12 0.00111 
   37   37    1    1    1    1    1    1    1    1  2.59425E+12 0.00093 
   38   38    1    1    1    1    1    1    1    1  8.08452E+11 0.00084 
   39   39    1    1    1    1    1    1    1    1  4.52542E+12 0.00062 
   40   40    1    1    1    1    1    1    1    1  6.13946E+12 0.00066 
   41   41    1    1    1    1    1    1    1    1  1.05572E+13 0.00047 
   42   42    1    1    1    1    1    1    1    1  1.08320E+13 0.00037 
   43   43    1    1    1    1    1    1    1    1  2.31351E+13 0.00064 
   44   44    1    1    1    1    1    1    1    1  2.82491E+13 0.00049 
   45   45    1    1    1    1    1    1    1    1  4.11692E+13 0.00034 
   46   46    1    1    1    1    1    1    1    1  8.16582E+13 0.00030 
   47   47    1    1    1    1    1    1    1    1  3.83726E+13 0.00027 
   48   48    1    1    1    1    1    1    1    1  6.23596E+13 0.00026 
   49   49    1    1    1    1    1    1    1    1  8.68938E+13 0.00021 
   50   50    1    1    1    1    1    1    1    1  8.65376E+13 0.00023 
   51   51    1    1    1    1    1    1    1    1  1.33804E+14 0.00014 
   52   52    1    1    1    1    1    1    1    1  1.07478E+14 0.00019 
   53   53    1    1    1    1    1    1    1    1  1.26755E+14 0.00017 
   54   54    1    1    1    1    1    1    1    1  8.82447E+13 0.00018 
   55   55    1    1    1    1    1    1    1    1  1.06879E+14 0.00021 
   56   56    1    1    1    1    1    1    1    1  7.37426E+13 0.00020 
   57   57    1    1    1    1    1    1    1    1  1.00682E+13 0.00042 
   58   58    1    1    1    1    1    1    1    1  1.46907E+14 0.00019 
   59   59    1    1    1    1    1    1    1    1  6.46338E+13 0.00025 
   60   60    1    1    1    1    1    1    1    1  6.90076E+13 0.00030 
   61   61    1    1    1    1    1    1    1    1  5.31993E+13 0.00023 
   62   62    1    1    1    1    1    1    1    1  5.35262E+13 0.00031 
   63   63    1    1    1    1    1    1    1    1  5.57365E+13 0.00018 
   64   64    1    1    1    1    1    1    1    1  4.68078E+13 0.00026 
   65   65    1    1    1    1    1    1    1    1  3.72646E+13 0.00034 
   66   66    1    1    1    1    1    1    1    1  3.69322E+13 0.00035 
   67   67    1    1    1    1    1    1    1    1  2.65259E+13 0.00038 
   68   68    1    1    1    1    1    1    1    1  2.16965E+13 0.00031 
   69   69    1    1    1    1    1    1    1    1  1.95025E+13 0.00053 
   70   70    1    1    1    1    1    1    1    1  2.34106E+13 0.00052 
   71   71    1    1    1    1    1    1    1    1  1.99210E+13 0.00038 
   72   72    1    1    1    1    1    1    1    1  3.65103E+13 0.00052 
   73   73    1    1    1    1    1    1    1    1  2.58192E+13 0.00048 
   74   74    1    1    1    1    1    1    1    1  1.94311E+13 0.00032 
   75   75    1    1    1    1    1    1    1    1  1.54946E+13 0.00052 
   76   76    1    1    1    1    1    1    1    1  1.27447E+13 0.00054 
   77   77    1    1    1    1    1    1    1    1  1.46595E+13 0.00054 
   78   78    1    1    1    1    1    1    1    1  1.14987E+13 0.00064 
   79   79    1    1    1    1    1    1    1    1  9.12293E+12 0.00075 
   80   80    1    1    1    1    1    1    1    1  9.36177E+12 0.00043 
   81   81    1    1    1    1    1    1    1    1  6.91218E+12 0.00082 
   82   82    1    1    1    1    1    1    1    1  5.30759E+12 0.00097 
   83   83    1    1    1    1    1    1    1    1  4.06752E+12 0.00143 
   84   84    1    1    1    1    1    1    1    1  3.80321E+12 0.00117 
   85   85    1    1    1    1    1    1    1    1  2.73505E+12 0.00176 
   86   86    1    1    1    1    1    1    1    1  1.97142E+12 0.00206 
   87   87    1    1    1    1    1    1    1    1  1.84731E+12 0.00187 
   88   88    1    1    1    1    1    1    1    1  1.13401E+12 0.00255 
   89   89    1    1    1    1    1    1    1    1  7.68723E+11 0.00302 
   90   90    1    1    1    1    1    1    1    1  4.45975E+11 0.00373 
   91   91    1    1    1    1    1    1    1    1  5.69452E+11 0.00407 
   92   92    1    1    1    1    1    1    1    1  0.00000E+00 0.00000 
   93   93    1    1    1    1    1    1    1    1  0.00000E+00 0.00000 
   94   94    1    1    1    1    1    1    1    1  0.00000E+00 0.00000 
   95   95    1    1    1    1    1    1    1    1  0.00000E+00 0.00000 
   96   96    1    1    1    1    1    1    1    1  0.00000E+00 0.00000 
   97   97    1    1    1    1    1    1    1    1  0.00000E+00 0.00000 
   98   98    1    1    1    1    1    1    1    1  0.00000E+00 0.00000 
   99   99    1    1    1    1    1    1    1    1  0.00000E+00 0.00000 
  100  100    1    1    1    1    1    1    1    1  0.00000E+00 0.00000 
];


