
DETdpaspec = [
    1    1    1    1    1    1    1    1    1    1  0.00000E+00 0.00000 
    2    2    1    1    1    1    1    1    1    1  0.00000E+00 0.00000 
    3    3    1    1    1    1    1    1    1    1  0.00000E+00 0.00000 
    4    4    1    1    1    1    1    1    1    1  0.00000E+00 0.00000 
    5    5    1    1    1    1    1    1    1    1  0.00000E+00 0.00000 
    6    6    1    1    1    1    1    1    1    1  0.00000E+00 0.00000 
    7    7    1    1    1    1    1    1    1    1  0.00000E+00 0.00000 
    8    8    1    1    1    1    1    1    1    1  0.00000E+00 0.00000 
    9    9    1    1    1    1    1    1    1    1  0.00000E+00 0.00000 
   10   10    1    1    1    1    1    1    1    1  0.00000E+00 0.00000 
   11   11    1    1    1    1    1    1    1    1  0.00000E+00 0.00000 
   12   12    1    1    1    1    1    1    1    1  0.00000E+00 0.00000 
   13   13    1    1    1    1    1    1    1    1  0.00000E+00 0.00000 
   14   14    1    1    1    1    1    1    1    1  0.00000E+00 0.00000 
   15   15    1    1    1    1    1    1    1    1  0.00000E+00 0.00000 
   16   16    1    1    1    1    1    1    1    1  0.00000E+00 0.00000 
   17   17    1    1    1    1    1    1    1    1  0.00000E+00 0.00000 
   18   18    1    1    1    1    1    1    1    1  0.00000E+00 0.00000 
   19   19    1    1    1    1    1    1    1    1  8.76749E+08 0.10077 
   20   20    1    1    1    1    1    1    1    1  2.07575E+08 0.12842 
   21   21    1    1    1    1    1    1    1    1  5.86722E+08 0.07911 
   22   22    1    1    1    1    1    1    1    1  3.87946E+08 0.06369 
   23   23    1    1    1    1    1    1    1    1  9.69714E+08 0.04757 
   24   24    1    1    1    1    1    1    1    1  1.48364E+09 0.06107 
   25   25    1    1    1    1    1    1    1    1  2.45479E+09 0.05940 
   26   26    1    1    1    1    1    1    1    1  3.32006E+09 0.04030 
   27   27    1    1    1    1    1    1    1    1  5.05155E+09 0.03076 
   28   28    1    1    1    1    1    1    1    1  1.00616E+10 0.02698 
   29   29    1    1    1    1    1    1    1    1  2.39748E+10 0.01332 
   30   30    1    1    1    1    1    1    1    1  3.98798E+10 0.00959 
   31   31    1    1    1    1    1    1    1    1  1.20994E+11 0.00602 
   32   32    1    1    1    1    1    1    1    1  3.91382E+11 0.00329 
   33   33    1    1    1    1    1    1    1    1  7.73405E+11 0.00309 
   34   34    1    1    1    1    1    1    1    1  1.90547E+12 0.00166 
   35   35    1    1    1    1    1    1    1    1  2.73135E+12 0.00167 
   36   36    1    1    1    1    1    1    1    1  3.58213E+12 0.00140 
   37   37    1    1    1    1    1    1    1    1  2.43464E+12 0.00135 
   38   38    1    1    1    1    1    1    1    1  7.48154E+11 0.00102 
   39   39    1    1    1    1    1    1    1    1  4.26399E+12 0.00089 
   40   40    1    1    1    1    1    1    1    1  5.82142E+12 0.00076 
   41   41    1    1    1    1    1    1    1    1  1.01353E+13 0.00067 
   42   42    1    1    1    1    1    1    1    1  1.02825E+13 0.00061 
   43   43    1    1    1    1    1    1    1    1  2.23837E+13 0.00058 
   44   44    1    1    1    1    1    1    1    1  2.74771E+13 0.00050 
   45   45    1    1    1    1    1    1    1    1  4.03766E+13 0.00047 
   46   46    1    1    1    1    1    1    1    1  8.13465E+13 0.00029 
   47   47    1    1    1    1    1    1    1    1  3.79464E+13 0.00027 
   48   48    1    1    1    1    1    1    1    1  6.15120E+13 0.00028 
   49   49    1    1    1    1    1    1    1    1  8.59535E+13 0.00018 
   50   50    1    1    1    1    1    1    1    1  8.54570E+13 0.00020 
   51   51    1    1    1    1    1    1    1    1  1.33412E+14 0.00014 
   52   52    1    1    1    1    1    1    1    1  1.06037E+14 0.00019 
   53   53    1    1    1    1    1    1    1    1  1.26704E+14 0.00023 
   54   54    1    1    1    1    1    1    1    1  8.78430E+13 0.00019 
   55   55    1    1    1    1    1    1    1    1  1.07622E+14 0.00019 
   56   56    1    1    1    1    1    1    1    1  7.39460E+13 0.00020 
   57   57    1    1    1    1    1    1    1    1  1.00489E+13 0.00041 
   58   58    1    1    1    1    1    1    1    1  1.47125E+14 0.00019 
   59   59    1    1    1    1    1    1    1    1  6.57210E+13 0.00020 
   60   60    1    1    1    1    1    1    1    1  6.97134E+13 0.00021 
   61   61    1    1    1    1    1    1    1    1  5.42740E+13 0.00026 
   62   62    1    1    1    1    1    1    1    1  5.44738E+13 0.00028 
   63   63    1    1    1    1    1    1    1    1  5.68187E+13 0.00027 
   64   64    1    1    1    1    1    1    1    1  4.77656E+13 0.00033 
   65   65    1    1    1    1    1    1    1    1  3.79675E+13 0.00046 
   66   66    1    1    1    1    1    1    1    1  3.75909E+13 0.00040 
   67   67    1    1    1    1    1    1    1    1  2.69444E+13 0.00041 
   68   68    1    1    1    1    1    1    1    1  2.19278E+13 0.00038 
   69   69    1    1    1    1    1    1    1    1  1.96454E+13 0.00044 
   70   70    1    1    1    1    1    1    1    1  2.35643E+13 0.00041 
   71   71    1    1    1    1    1    1    1    1  1.99979E+13 0.00062 
   72   72    1    1    1    1    1    1    1    1  3.62327E+13 0.00046 
   73   73    1    1    1    1    1    1    1    1  2.54911E+13 0.00039 
   74   74    1    1    1    1    1    1    1    1  1.92050E+13 0.00064 
   75   75    1    1    1    1    1    1    1    1  1.54208E+13 0.00041 
   76   76    1    1    1    1    1    1    1    1  1.27946E+13 0.00056 
   77   77    1    1    1    1    1    1    1    1  1.48170E+13 0.00059 
   78   78    1    1    1    1    1    1    1    1  1.17285E+13 0.00057 
   79   79    1    1    1    1    1    1    1    1  9.33262E+12 0.00079 
   80   80    1    1    1    1    1    1    1    1  9.63174E+12 0.00064 
   81   81    1    1    1    1    1    1    1    1  7.13630E+12 0.00101 
   82   82    1    1    1    1    1    1    1    1  5.49012E+12 0.00077 
   83   83    1    1    1    1    1    1    1    1  4.20504E+12 0.00148 
   84   84    1    1    1    1    1    1    1    1  3.92739E+12 0.00116 
   85   85    1    1    1    1    1    1    1    1  2.81595E+12 0.00151 
   86   86    1    1    1    1    1    1    1    1  2.03128E+12 0.00148 
   87   87    1    1    1    1    1    1    1    1  1.89873E+12 0.00142 
   88   88    1    1    1    1    1    1    1    1  1.16111E+12 0.00245 
   89   89    1    1    1    1    1    1    1    1  7.82727E+11 0.00260 
   90   90    1    1    1    1    1    1    1    1  4.51464E+11 0.00274 
   91   91    1    1    1    1    1    1    1    1  5.69190E+11 0.00343 
   92   92    1    1    1    1    1    1    1    1  0.00000E+00 0.00000 
   93   93    1    1    1    1    1    1    1    1  0.00000E+00 0.00000 
   94   94    1    1    1    1    1    1    1    1  0.00000E+00 0.00000 
   95   95    1    1    1    1    1    1    1    1  0.00000E+00 0.00000 
   96   96    1    1    1    1    1    1    1    1  0.00000E+00 0.00000 
   97   97    1    1    1    1    1    1    1    1  0.00000E+00 0.00000 
   98   98    1    1    1    1    1    1    1    1  0.00000E+00 0.00000 
   99   99    1    1    1    1    1    1    1    1  0.00000E+00 0.00000 
  100  100    1    1    1    1    1    1    1    1  0.00000E+00 0.00000 
];


