
DETdpaspec = [
    1    1    1    1    1    1    1    1    1    1  0.00000E+00 0.00000 
    2    2    1    1    1    1    1    1    1    1  0.00000E+00 0.00000 
    3    3    1    1    1    1    1    1    1    1  0.00000E+00 0.00000 
    4    4    1    1    1    1    1    1    1    1  0.00000E+00 0.00000 
    5    5    1    1    1    1    1    1    1    1  0.00000E+00 0.00000 
    6    6    1    1    1    1    1    1    1    1  0.00000E+00 0.00000 
    7    7    1    1    1    1    1    1    1    1  0.00000E+00 0.00000 
    8    8    1    1    1    1    1    1    1    1  0.00000E+00 0.00000 
    9    9    1    1    1    1    1    1    1    1  0.00000E+00 0.00000 
   10   10    1    1    1    1    1    1    1    1  0.00000E+00 0.00000 
   11   11    1    1    1    1    1    1    1    1  0.00000E+00 0.00000 
   12   12    1    1    1    1    1    1    1    1  0.00000E+00 0.00000 
   13   13    1    1    1    1    1    1    1    1  0.00000E+00 0.00000 
   14   14    1    1    1    1    1    1    1    1  0.00000E+00 0.00000 
   15   15    1    1    1    1    1    1    1    1  0.00000E+00 0.00000 
   16   16    1    1    1    1    1    1    1    1  0.00000E+00 0.00000 
   17   17    1    1    1    1    1    1    1    1  0.00000E+00 0.00000 
   18   18    1    1    1    1    1    1    1    1  0.00000E+00 0.00000 
   19   19    1    1    1    1    1    1    1    1  1.42452E+09 0.06738 
   20   20    1    1    1    1    1    1    1    1  2.20420E+08 0.07541 
   21   21    1    1    1    1    1    1    1    1  7.57551E+08 0.05946 
   22   22    1    1    1    1    1    1    1    1  5.92714E+08 0.05572 
   23   23    1    1    1    1    1    1    1    1  1.55221E+09 0.04131 
   24   24    1    1    1    1    1    1    1    1  2.21110E+09 0.04554 
   25   25    1    1    1    1    1    1    1    1  3.51200E+09 0.02752 
   26   26    1    1    1    1    1    1    1    1  4.39304E+09 0.03062 
   27   27    1    1    1    1    1    1    1    1  6.94692E+09 0.02842 
   28   28    1    1    1    1    1    1    1    1  1.25136E+10 0.01863 
   29   29    1    1    1    1    1    1    1    1  2.63878E+10 0.01382 
   30   30    1    1    1    1    1    1    1    1  4.16913E+10 0.00957 
   31   31    1    1    1    1    1    1    1    1  1.29815E+11 0.00682 
   32   32    1    1    1    1    1    1    1    1  4.19617E+11 0.00476 
   33   33    1    1    1    1    1    1    1    1  8.29013E+11 0.00336 
   34   34    1    1    1    1    1    1    1    1  1.96827E+12 0.00184 
   35   35    1    1    1    1    1    1    1    1  2.73214E+12 0.00135 
   36   36    1    1    1    1    1    1    1    1  3.75575E+12 0.00082 
   37   37    1    1    1    1    1    1    1    1  2.59197E+12 0.00059 
   38   38    1    1    1    1    1    1    1    1  8.07530E+11 0.00079 
   39   39    1    1    1    1    1    1    1    1  4.52606E+12 0.00072 
   40   40    1    1    1    1    1    1    1    1  6.12774E+12 0.00064 
   41   41    1    1    1    1    1    1    1    1  1.05536E+13 0.00047 
   42   42    1    1    1    1    1    1    1    1  1.08226E+13 0.00052 
   43   43    1    1    1    1    1    1    1    1  2.31303E+13 0.00045 
   44   44    1    1    1    1    1    1    1    1  2.82261E+13 0.00036 
   45   45    1    1    1    1    1    1    1    1  4.11423E+13 0.00056 
   46   46    1    1    1    1    1    1    1    1  8.16155E+13 0.00039 
   47   47    1    1    1    1    1    1    1    1  3.83451E+13 0.00034 
   48   48    1    1    1    1    1    1    1    1  6.23197E+13 0.00031 
   49   49    1    1    1    1    1    1    1    1  8.68763E+13 0.00026 
   50   50    1    1    1    1    1    1    1    1  8.65127E+13 0.00024 
   51   51    1    1    1    1    1    1    1    1  1.33801E+14 0.00019 
   52   52    1    1    1    1    1    1    1    1  1.07405E+14 0.00014 
   53   53    1    1    1    1    1    1    1    1  1.26711E+14 0.00021 
   54   54    1    1    1    1    1    1    1    1  8.82575E+13 0.00022 
   55   55    1    1    1    1    1    1    1    1  1.06897E+14 0.00015 
   56   56    1    1    1    1    1    1    1    1  7.37590E+13 0.00024 
   57   57    1    1    1    1    1    1    1    1  1.00607E+13 0.00043 
   58   58    1    1    1    1    1    1    1    1  1.46864E+14 0.00023 
   59   59    1    1    1    1    1    1    1    1  6.46498E+13 0.00027 
   60   60    1    1    1    1    1    1    1    1  6.90124E+13 0.00027 
   61   61    1    1    1    1    1    1    1    1  5.32270E+13 0.00018 
   62   62    1    1    1    1    1    1    1    1  5.36026E+13 0.00021 
   63   63    1    1    1    1    1    1    1    1  5.57986E+13 0.00029 
   64   64    1    1    1    1    1    1    1    1  4.68271E+13 0.00022 
   65   65    1    1    1    1    1    1    1    1  3.72778E+13 0.00030 
   66   66    1    1    1    1    1    1    1    1  3.69670E+13 0.00031 
   67   67    1    1    1    1    1    1    1    1  2.65493E+13 0.00037 
   68   68    1    1    1    1    1    1    1    1  2.17123E+13 0.00051 
   69   69    1    1    1    1    1    1    1    1  1.95058E+13 0.00049 
   70   70    1    1    1    1    1    1    1    1  2.34059E+13 0.00053 
   71   71    1    1    1    1    1    1    1    1  1.99356E+13 0.00063 
   72   72    1    1    1    1    1    1    1    1  3.64933E+13 0.00049 
   73   73    1    1    1    1    1    1    1    1  2.58201E+13 0.00048 
   74   74    1    1    1    1    1    1    1    1  1.94114E+13 0.00042 
   75   75    1    1    1    1    1    1    1    1  1.54932E+13 0.00063 
   76   76    1    1    1    1    1    1    1    1  1.27480E+13 0.00056 
   77   77    1    1    1    1    1    1    1    1  1.46684E+13 0.00059 
   78   78    1    1    1    1    1    1    1    1  1.15074E+13 0.00063 
   79   79    1    1    1    1    1    1    1    1  9.12680E+12 0.00079 
   80   80    1    1    1    1    1    1    1    1  9.37126E+12 0.00068 
   81   81    1    1    1    1    1    1    1    1  6.92472E+12 0.00104 
   82   82    1    1    1    1    1    1    1    1  5.31291E+12 0.00081 
   83   83    1    1    1    1    1    1    1    1  4.07997E+12 0.00124 
   84   84    1    1    1    1    1    1    1    1  3.81141E+12 0.00111 
   85   85    1    1    1    1    1    1    1    1  2.73916E+12 0.00146 
   86   86    1    1    1    1    1    1    1    1  1.96852E+12 0.00142 
   87   87    1    1    1    1    1    1    1    1  1.84497E+12 0.00194 
   88   88    1    1    1    1    1    1    1    1  1.13778E+12 0.00214 
   89   89    1    1    1    1    1    1    1    1  7.69341E+11 0.00259 
   90   90    1    1    1    1    1    1    1    1  4.44487E+11 0.00358 
   91   91    1    1    1    1    1    1    1    1  5.65959E+11 0.00269 
   92   92    1    1    1    1    1    1    1    1  0.00000E+00 0.00000 
   93   93    1    1    1    1    1    1    1    1  0.00000E+00 0.00000 
   94   94    1    1    1    1    1    1    1    1  0.00000E+00 0.00000 
   95   95    1    1    1    1    1    1    1    1  0.00000E+00 0.00000 
   96   96    1    1    1    1    1    1    1    1  0.00000E+00 0.00000 
   97   97    1    1    1    1    1    1    1    1  0.00000E+00 0.00000 
   98   98    1    1    1    1    1    1    1    1  0.00000E+00 0.00000 
   99   99    1    1    1    1    1    1    1    1  0.00000E+00 0.00000 
  100  100    1    1    1    1    1    1    1    1  0.00000E+00 0.00000 
];


