
DETdpaspec = [
    1    1    1    1    1    1    1    1    1    1  0.00000E+00 0.00000 
    2    2    1    1    1    1    1    1    1    1  0.00000E+00 0.00000 
    3    3    1    1    1    1    1    1    1    1  0.00000E+00 0.00000 
    4    4    1    1    1    1    1    1    1    1  0.00000E+00 0.00000 
    5    5    1    1    1    1    1    1    1    1  0.00000E+00 0.00000 
    6    6    1    1    1    1    1    1    1    1  0.00000E+00 0.00000 
    7    7    1    1    1    1    1    1    1    1  0.00000E+00 0.00000 
    8    8    1    1    1    1    1    1    1    1  0.00000E+00 0.00000 
    9    9    1    1    1    1    1    1    1    1  0.00000E+00 0.00000 
   10   10    1    1    1    1    1    1    1    1  0.00000E+00 0.00000 
   11   11    1    1    1    1    1    1    1    1  0.00000E+00 0.00000 
   12   12    1    1    1    1    1    1    1    1  0.00000E+00 0.00000 
   13   13    1    1    1    1    1    1    1    1  0.00000E+00 0.00000 
   14   14    1    1    1    1    1    1    1    1  0.00000E+00 0.00000 
   15   15    1    1    1    1    1    1    1    1  0.00000E+00 0.00000 
   16   16    1    1    1    1    1    1    1    1  0.00000E+00 0.00000 
   17   17    1    1    1    1    1    1    1    1  0.00000E+00 0.00000 
   18   18    1    1    1    1    1    1    1    1  0.00000E+00 0.00000 
   19   19    1    1    1    1    1    1    1    1  1.08373E+09 0.09930 
   20   20    1    1    1    1    1    1    1    1  1.42105E+08 0.13901 
   21   21    1    1    1    1    1    1    1    1  4.98402E+08 0.10702 
   22   22    1    1    1    1    1    1    1    1  4.38786E+08 0.08699 
   23   23    1    1    1    1    1    1    1    1  1.00007E+09 0.05948 
   24   24    1    1    1    1    1    1    1    1  1.49824E+09 0.05423 
   25   25    1    1    1    1    1    1    1    1  2.36115E+09 0.03444 
   26   26    1    1    1    1    1    1    1    1  3.13477E+09 0.02999 
   27   27    1    1    1    1    1    1    1    1  5.30805E+09 0.02617 
   28   28    1    1    1    1    1    1    1    1  1.00399E+10 0.01743 
   29   29    1    1    1    1    1    1    1    1  2.35321E+10 0.01324 
   30   30    1    1    1    1    1    1    1    1  3.95140E+10 0.01477 
   31   31    1    1    1    1    1    1    1    1  1.20260E+11 0.00711 
   32   32    1    1    1    1    1    1    1    1  3.92672E+11 0.00453 
   33   33    1    1    1    1    1    1    1    1  7.78229E+11 0.00301 
   34   34    1    1    1    1    1    1    1    1  1.91972E+12 0.00236 
   35   35    1    1    1    1    1    1    1    1  2.74401E+12 0.00148 
   36   36    1    1    1    1    1    1    1    1  3.58051E+12 0.00131 
   37   37    1    1    1    1    1    1    1    1  2.43052E+12 0.00091 
   38   38    1    1    1    1    1    1    1    1  7.45718E+11 0.00115 
   39   39    1    1    1    1    1    1    1    1  4.26342E+12 0.00092 
   40   40    1    1    1    1    1    1    1    1  5.81157E+12 0.00085 
   41   41    1    1    1    1    1    1    1    1  1.01265E+13 0.00081 
   42   42    1    1    1    1    1    1    1    1  1.02574E+13 0.00071 
   43   43    1    1    1    1    1    1    1    1  2.23280E+13 0.00060 
   44   44    1    1    1    1    1    1    1    1  2.74555E+13 0.00048 
   45   45    1    1    1    1    1    1    1    1  4.03433E+13 0.00044 
   46   46    1    1    1    1    1    1    1    1  8.13195E+13 0.00025 
   47   47    1    1    1    1    1    1    1    1  3.79378E+13 0.00032 
   48   48    1    1    1    1    1    1    1    1  6.14790E+13 0.00028 
   49   49    1    1    1    1    1    1    1    1  8.58827E+13 0.00025 
   50   50    1    1    1    1    1    1    1    1  8.54348E+13 0.00019 
   51   51    1    1    1    1    1    1    1    1  1.33439E+14 0.00020 
   52   52    1    1    1    1    1    1    1    1  1.06020E+14 0.00020 
   53   53    1    1    1    1    1    1    1    1  1.26730E+14 0.00019 
   54   54    1    1    1    1    1    1    1    1  8.78268E+13 0.00022 
   55   55    1    1    1    1    1    1    1    1  1.07645E+14 0.00020 
   56   56    1    1    1    1    1    1    1    1  7.39774E+13 0.00025 
   57   57    1    1    1    1    1    1    1    1  1.00441E+13 0.00041 
   58   58    1    1    1    1    1    1    1    1  1.47154E+14 0.00022 
   59   59    1    1    1    1    1    1    1    1  6.57543E+13 0.00027 
   60   60    1    1    1    1    1    1    1    1  6.97457E+13 0.00022 
   61   61    1    1    1    1    1    1    1    1  5.42987E+13 0.00023 
   62   62    1    1    1    1    1    1    1    1  5.45026E+13 0.00029 
   63   63    1    1    1    1    1    1    1    1  5.68444E+13 0.00023 
   64   64    1    1    1    1    1    1    1    1  4.77952E+13 0.00028 
   65   65    1    1    1    1    1    1    1    1  3.79330E+13 0.00036 
   66   66    1    1    1    1    1    1    1    1  3.75796E+13 0.00047 
   67   67    1    1    1    1    1    1    1    1  2.69444E+13 0.00034 
   68   68    1    1    1    1    1    1    1    1  2.19106E+13 0.00031 
   69   69    1    1    1    1    1    1    1    1  1.96670E+13 0.00035 
   70   70    1    1    1    1    1    1    1    1  2.35866E+13 0.00034 
   71   71    1    1    1    1    1    1    1    1  2.00087E+13 0.00053 
   72   72    1    1    1    1    1    1    1    1  3.61997E+13 0.00041 
   73   73    1    1    1    1    1    1    1    1  2.55200E+13 0.00038 
   74   74    1    1    1    1    1    1    1    1  1.91875E+13 0.00035 
   75   75    1    1    1    1    1    1    1    1  1.54157E+13 0.00044 
   76   76    1    1    1    1    1    1    1    1  1.28050E+13 0.00064 
   77   77    1    1    1    1    1    1    1    1  1.48230E+13 0.00057 
   78   78    1    1    1    1    1    1    1    1  1.17258E+13 0.00062 
   79   79    1    1    1    1    1    1    1    1  9.35777E+12 0.00064 
   80   80    1    1    1    1    1    1    1    1  9.64338E+12 0.00073 
   81   81    1    1    1    1    1    1    1    1  7.12865E+12 0.00092 
   82   82    1    1    1    1    1    1    1    1  5.48812E+12 0.00066 
   83   83    1    1    1    1    1    1    1    1  4.20217E+12 0.00117 
   84   84    1    1    1    1    1    1    1    1  3.93237E+12 0.00100 
   85   85    1    1    1    1    1    1    1    1  2.83045E+12 0.00157 
   86   86    1    1    1    1    1    1    1    1  2.03183E+12 0.00123 
   87   87    1    1    1    1    1    1    1    1  1.90043E+12 0.00162 
   88   88    1    1    1    1    1    1    1    1  1.16404E+12 0.00215 
   89   89    1    1    1    1    1    1    1    1  7.81199E+11 0.00211 
   90   90    1    1    1    1    1    1    1    1  4.47858E+11 0.00261 
   91   91    1    1    1    1    1    1    1    1  5.67029E+11 0.00302 
   92   92    1    1    1    1    1    1    1    1  0.00000E+00 0.00000 
   93   93    1    1    1    1    1    1    1    1  0.00000E+00 0.00000 
   94   94    1    1    1    1    1    1    1    1  0.00000E+00 0.00000 
   95   95    1    1    1    1    1    1    1    1  0.00000E+00 0.00000 
   96   96    1    1    1    1    1    1    1    1  0.00000E+00 0.00000 
   97   97    1    1    1    1    1    1    1    1  0.00000E+00 0.00000 
   98   98    1    1    1    1    1    1    1    1  0.00000E+00 0.00000 
   99   99    1    1    1    1    1    1    1    1  0.00000E+00 0.00000 
  100  100    1    1    1    1    1    1    1    1  0.00000E+00 0.00000 
];


