
DETdpaspec = [
    1    1    1    1    1    1    1    1    1    1  0.00000E+00 0.00000 
    2    2    1    1    1    1    1    1    1    1  0.00000E+00 0.00000 
    3    3    1    1    1    1    1    1    1    1  0.00000E+00 0.00000 
    4    4    1    1    1    1    1    1    1    1  0.00000E+00 0.00000 
    5    5    1    1    1    1    1    1    1    1  0.00000E+00 0.00000 
    6    6    1    1    1    1    1    1    1    1  0.00000E+00 0.00000 
    7    7    1    1    1    1    1    1    1    1  0.00000E+00 0.00000 
    8    8    1    1    1    1    1    1    1    1  0.00000E+00 0.00000 
    9    9    1    1    1    1    1    1    1    1  0.00000E+00 0.00000 
   10   10    1    1    1    1    1    1    1    1  0.00000E+00 0.00000 
   11   11    1    1    1    1    1    1    1    1  0.00000E+00 0.00000 
   12   12    1    1    1    1    1    1    1    1  0.00000E+00 0.00000 
   13   13    1    1    1    1    1    1    1    1  0.00000E+00 0.00000 
   14   14    1    1    1    1    1    1    1    1  0.00000E+00 0.00000 
   15   15    1    1    1    1    1    1    1    1  0.00000E+00 0.00000 
   16   16    1    1    1    1    1    1    1    1  0.00000E+00 0.00000 
   17   17    1    1    1    1    1    1    1    1  0.00000E+00 0.00000 
   18   18    1    1    1    1    1    1    1    1  0.00000E+00 0.00000 
   19   19    1    1    1    1    1    1    1    1  1.71951E+09 0.06130 
   20   20    1    1    1    1    1    1    1    1  3.02402E+08 0.08801 
   21   21    1    1    1    1    1    1    1    1  1.19245E+09 0.06383 
   22   22    1    1    1    1    1    1    1    1  7.59236E+08 0.05208 
   23   23    1    1    1    1    1    1    1    1  2.25099E+09 0.04068 
   24   24    1    1    1    1    1    1    1    1  2.86167E+09 0.03506 
   25   25    1    1    1    1    1    1    1    1  4.32645E+09 0.02542 
   26   26    1    1    1    1    1    1    1    1  5.90745E+09 0.03381 
   27   27    1    1    1    1    1    1    1    1  8.70435E+09 0.01775 
   28   28    1    1    1    1    1    1    1    1  1.64399E+10 0.01547 
   29   29    1    1    1    1    1    1    1    1  3.11311E+10 0.00565 
   30   30    1    1    1    1    1    1    1    1  4.51123E+10 0.00720 
   31   31    1    1    1    1    1    1    1    1  1.45474E+11 0.00652 
   32   32    1    1    1    1    1    1    1    1  4.63705E+11 0.00383 
   33   33    1    1    1    1    1    1    1    1  8.98732E+11 0.00249 
   34   34    1    1    1    1    1    1    1    1  2.05938E+12 0.00145 
   35   35    1    1    1    1    1    1    1    1  2.79149E+12 0.00108 
   36   36    1    1    1    1    1    1    1    1  3.97013E+12 0.00085 
   37   37    1    1    1    1    1    1    1    1  2.77512E+12 0.00099 
   38   38    1    1    1    1    1    1    1    1  8.75504E+11 0.00078 
   39   39    1    1    1    1    1    1    1    1  4.81924E+12 0.00080 
   40   40    1    1    1    1    1    1    1    1  6.49691E+12 0.00078 
   41   41    1    1    1    1    1    1    1    1  1.10366E+13 0.00066 
   42   42    1    1    1    1    1    1    1    1  1.14256E+13 0.00058 
   43   43    1    1    1    1    1    1    1    1  2.39880E+13 0.00049 
   44   44    1    1    1    1    1    1    1    1  2.90805E+13 0.00043 
   45   45    1    1    1    1    1    1    1    1  4.20824E+13 0.00037 
   46   46    1    1    1    1    1    1    1    1  8.22205E+13 0.00028 
   47   47    1    1    1    1    1    1    1    1  3.88239E+13 0.00026 
   48   48    1    1    1    1    1    1    1    1  6.32271E+13 0.00022 
   49   49    1    1    1    1    1    1    1    1  8.79257E+13 0.00018 
   50   50    1    1    1    1    1    1    1    1  8.76246E+13 0.00025 
   51   51    1    1    1    1    1    1    1    1  1.34433E+14 0.00022 
   52   52    1    1    1    1    1    1    1    1  1.08818E+14 0.00022 
   53   53    1    1    1    1    1    1    1    1  1.26904E+14 0.00019 
   54   54    1    1    1    1    1    1    1    1  8.86840E+13 0.00019 
   55   55    1    1    1    1    1    1    1    1  1.06300E+14 0.00019 
   56   56    1    1    1    1    1    1    1    1  7.35748E+13 0.00027 
   57   57    1    1    1    1    1    1    1    1  1.00842E+13 0.00050 
   58   58    1    1    1    1    1    1    1    1  1.46721E+14 0.00020 
   59   59    1    1    1    1    1    1    1    1  6.37452E+13 0.00026 
   60   60    1    1    1    1    1    1    1    1  6.82906E+13 0.00021 
   61   61    1    1    1    1    1    1    1    1  5.22201E+13 0.00033 
   62   62    1    1    1    1    1    1    1    1  5.27277E+13 0.00020 
   63   63    1    1    1    1    1    1    1    1  5.47815E+13 0.00026 
   64   64    1    1    1    1    1    1    1    1  4.59160E+13 0.00024 
   65   65    1    1    1    1    1    1    1    1  3.65899E+13 0.00035 
   66   66    1    1    1    1    1    1    1    1  3.62717E+13 0.00031 
   67   67    1    1    1    1    1    1    1    1  2.60880E+13 0.00036 
   68   68    1    1    1    1    1    1    1    1  2.13967E+13 0.00039 
   69   69    1    1    1    1    1    1    1    1  1.92510E+13 0.00042 
   70   70    1    1    1    1    1    1    1    1  2.31316E+13 0.00044 
   71   71    1    1    1    1    1    1    1    1  1.97302E+13 0.00052 
   72   72    1    1    1    1    1    1    1    1  3.64684E+13 0.00044 
   73   73    1    1    1    1    1    1    1    1  2.58811E+13 0.00044 
   74   74    1    1    1    1    1    1    1    1  1.94377E+13 0.00056 
   75   75    1    1    1    1    1    1    1    1  1.53878E+13 0.00059 
   76   76    1    1    1    1    1    1    1    1  1.25759E+13 0.00064 
   77   77    1    1    1    1    1    1    1    1  1.43718E+13 0.00059 
   78   78    1    1    1    1    1    1    1    1  1.11732E+13 0.00046 
   79   79    1    1    1    1    1    1    1    1  8.81601E+12 0.00070 
   80   80    1    1    1    1    1    1    1    1  9.02937E+12 0.00075 
   81   81    1    1    1    1    1    1    1    1  6.64420E+12 0.00092 
   82   82    1    1    1    1    1    1    1    1  5.08598E+12 0.00068 
   83   83    1    1    1    1    1    1    1    1  3.89966E+12 0.00108 
   84   84    1    1    1    1    1    1    1    1  3.64941E+12 0.00132 
   85   85    1    1    1    1    1    1    1    1  2.61895E+12 0.00108 
   86   86    1    1    1    1    1    1    1    1  1.88550E+12 0.00173 
   87   87    1    1    1    1    1    1    1    1  1.76085E+12 0.00129 
   88   88    1    1    1    1    1    1    1    1  1.08956E+12 0.00229 
   89   89    1    1    1    1    1    1    1    1  7.37385E+11 0.00321 
   90   90    1    1    1    1    1    1    1    1  4.28844E+11 0.00325 
   91   91    1    1    1    1    1    1    1    1  5.48334E+11 0.00442 
   92   92    1    1    1    1    1    1    1    1  0.00000E+00 0.00000 
   93   93    1    1    1    1    1    1    1    1  0.00000E+00 0.00000 
   94   94    1    1    1    1    1    1    1    1  0.00000E+00 0.00000 
   95   95    1    1    1    1    1    1    1    1  0.00000E+00 0.00000 
   96   96    1    1    1    1    1    1    1    1  0.00000E+00 0.00000 
   97   97    1    1    1    1    1    1    1    1  0.00000E+00 0.00000 
   98   98    1    1    1    1    1    1    1    1  0.00000E+00 0.00000 
   99   99    1    1    1    1    1    1    1    1  0.00000E+00 0.00000 
  100  100    1    1    1    1    1    1    1    1  0.00000E+00 0.00000 
];


