
DETdpaspec = [
    1    1    1    1    1    1    1    1    1    1  0.00000E+00 0.00000 
    2    2    1    1    1    1    1    1    1    1  0.00000E+00 0.00000 
    3    3    1    1    1    1    1    1    1    1  0.00000E+00 0.00000 
    4    4    1    1    1    1    1    1    1    1  0.00000E+00 0.00000 
    5    5    1    1    1    1    1    1    1    1  0.00000E+00 0.00000 
    6    6    1    1    1    1    1    1    1    1  0.00000E+00 0.00000 
    7    7    1    1    1    1    1    1    1    1  0.00000E+00 0.00000 
    8    8    1    1    1    1    1    1    1    1  0.00000E+00 0.00000 
    9    9    1    1    1    1    1    1    1    1  0.00000E+00 0.00000 
   10   10    1    1    1    1    1    1    1    1  0.00000E+00 0.00000 
   11   11    1    1    1    1    1    1    1    1  0.00000E+00 0.00000 
   12   12    1    1    1    1    1    1    1    1  0.00000E+00 0.00000 
   13   13    1    1    1    1    1    1    1    1  0.00000E+00 0.00000 
   14   14    1    1    1    1    1    1    1    1  0.00000E+00 0.00000 
   15   15    1    1    1    1    1    1    1    1  0.00000E+00 0.00000 
   16   16    1    1    1    1    1    1    1    1  0.00000E+00 0.00000 
   17   17    1    1    1    1    1    1    1    1  0.00000E+00 0.00000 
   18   18    1    1    1    1    1    1    1    1  0.00000E+00 0.00000 
   19   19    1    1    1    1    1    1    1    1  1.44646E+09 0.06955 
   20   20    1    1    1    1    1    1    1    1  1.89587E+08 0.11534 
   21   21    1    1    1    1    1    1    1    1  7.56525E+08 0.08777 
   22   22    1    1    1    1    1    1    1    1  5.66021E+08 0.05614 
   23   23    1    1    1    1    1    1    1    1  1.36525E+09 0.03698 
   24   24    1    1    1    1    1    1    1    1  1.93497E+09 0.04238 
   25   25    1    1    1    1    1    1    1    1  3.07370E+09 0.03571 
   26   26    1    1    1    1    1    1    1    1  3.97032E+09 0.03353 
   27   27    1    1    1    1    1    1    1    1  6.39810E+09 0.02282 
   28   28    1    1    1    1    1    1    1    1  1.20935E+10 0.01322 
   29   29    1    1    1    1    1    1    1    1  2.61279E+10 0.01373 
   30   30    1    1    1    1    1    1    1    1  4.08151E+10 0.01159 
   31   31    1    1    1    1    1    1    1    1  1.26194E+11 0.00771 
   32   32    1    1    1    1    1    1    1    1  4.14852E+11 0.00437 
   33   33    1    1    1    1    1    1    1    1  8.12843E+11 0.00226 
   34   34    1    1    1    1    1    1    1    1  1.94357E+12 0.00168 
   35   35    1    1    1    1    1    1    1    1  2.72377E+12 0.00145 
   36   36    1    1    1    1    1    1    1    1  3.69831E+12 0.00096 
   37   37    1    1    1    1    1    1    1    1  2.54424E+12 0.00092 
   38   38    1    1    1    1    1    1    1    1  7.89860E+11 0.00088 
   39   39    1    1    1    1    1    1    1    1  4.45071E+12 0.00079 
   40   40    1    1    1    1    1    1    1    1  6.04305E+12 0.00080 
   41   41    1    1    1    1    1    1    1    1  1.04431E+13 0.00070 
   42   42    1    1    1    1    1    1    1    1  1.06729E+13 0.00056 
   43   43    1    1    1    1    1    1    1    1  2.29205E+13 0.00048 
   44   44    1    1    1    1    1    1    1    1  2.80041E+13 0.00044 
   45   45    1    1    1    1    1    1    1    1  4.08941E+13 0.00045 
   46   46    1    1    1    1    1    1    1    1  8.15243E+13 0.00033 
   47   47    1    1    1    1    1    1    1    1  3.82169E+13 0.00027 
   48   48    1    1    1    1    1    1    1    1  6.20564E+13 0.00029 
   49   49    1    1    1    1    1    1    1    1  8.65804E+13 0.00026 
   50   50    1    1    1    1    1    1    1    1  8.61669E+13 0.00021 
   51   51    1    1    1    1    1    1    1    1  1.33660E+14 0.00023 
   52   52    1    1    1    1    1    1    1    1  1.06991E+14 0.00021 
   53   53    1    1    1    1    1    1    1    1  1.26705E+14 0.00021 
   54   54    1    1    1    1    1    1    1    1  8.81330E+13 0.00024 
   55   55    1    1    1    1    1    1    1    1  1.07088E+14 0.00023 
   56   56    1    1    1    1    1    1    1    1  7.37781E+13 0.00022 
   57   57    1    1    1    1    1    1    1    1  1.00510E+13 0.00049 
   58   58    1    1    1    1    1    1    1    1  1.46920E+14 0.00022 
   59   59    1    1    1    1    1    1    1    1  6.49380E+13 0.00026 
   60   60    1    1    1    1    1    1    1    1  6.91983E+13 0.00018 
   61   61    1    1    1    1    1    1    1    1  5.34978E+13 0.00031 
   62   62    1    1    1    1    1    1    1    1  5.38341E+13 0.00022 
   63   63    1    1    1    1    1    1    1    1  5.60898E+13 0.00031 
   64   64    1    1    1    1    1    1    1    1  4.71130E+13 0.00033 
   65   65    1    1    1    1    1    1    1    1  3.74882E+13 0.00029 
   66   66    1    1    1    1    1    1    1    1  3.71450E+13 0.00032 
   67   67    1    1    1    1    1    1    1    1  2.66812E+13 0.00038 
   68   68    1    1    1    1    1    1    1    1  2.17938E+13 0.00057 
   69   69    1    1    1    1    1    1    1    1  1.95699E+13 0.00045 
   70   70    1    1    1    1    1    1    1    1  2.34717E+13 0.00034 
   71   71    1    1    1    1    1    1    1    1  1.99614E+13 0.00065 
   72   72    1    1    1    1    1    1    1    1  3.64620E+13 0.00043 
   73   73    1    1    1    1    1    1    1    1  2.57533E+13 0.00045 
   74   74    1    1    1    1    1    1    1    1  1.93814E+13 0.00068 
   75   75    1    1    1    1    1    1    1    1  1.54920E+13 0.00048 
   76   76    1    1    1    1    1    1    1    1  1.27811E+13 0.00050 
   77   77    1    1    1    1    1    1    1    1  1.47285E+13 0.00072 
   78   78    1    1    1    1    1    1    1    1  1.15817E+13 0.00073 
   79   79    1    1    1    1    1    1    1    1  9.21517E+12 0.00082 
   80   80    1    1    1    1    1    1    1    1  9.45560E+12 0.00066 
   81   81    1    1    1    1    1    1    1    1  7.00048E+12 0.00082 
   82   82    1    1    1    1    1    1    1    1  5.37212E+12 0.00092 
   83   83    1    1    1    1    1    1    1    1  4.12000E+12 0.00091 
   84   84    1    1    1    1    1    1    1    1  3.85366E+12 0.00107 
   85   85    1    1    1    1    1    1    1    1  2.76605E+12 0.00139 
   86   86    1    1    1    1    1    1    1    1  1.99535E+12 0.00202 
   87   87    1    1    1    1    1    1    1    1  1.86516E+12 0.00179 
   88   88    1    1    1    1    1    1    1    1  1.14928E+12 0.00227 
   89   89    1    1    1    1    1    1    1    1  7.77171E+11 0.00217 
   90   90    1    1    1    1    1    1    1    1  4.47326E+11 0.00342 
   91   91    1    1    1    1    1    1    1    1  5.68819E+11 0.00275 
   92   92    1    1    1    1    1    1    1    1  0.00000E+00 0.00000 
   93   93    1    1    1    1    1    1    1    1  0.00000E+00 0.00000 
   94   94    1    1    1    1    1    1    1    1  0.00000E+00 0.00000 
   95   95    1    1    1    1    1    1    1    1  0.00000E+00 0.00000 
   96   96    1    1    1    1    1    1    1    1  0.00000E+00 0.00000 
   97   97    1    1    1    1    1    1    1    1  0.00000E+00 0.00000 
   98   98    1    1    1    1    1    1    1    1  0.00000E+00 0.00000 
   99   99    1    1    1    1    1    1    1    1  0.00000E+00 0.00000 
  100  100    1    1    1    1    1    1    1    1  0.00000E+00 0.00000 
];


