
DETdpaspec = [
    1    1    1    1    1    1    1    1    1    1  0.00000E+00 0.00000 
    2    2    1    1    1    1    1    1    1    1  0.00000E+00 0.00000 
    3    3    1    1    1    1    1    1    1    1  0.00000E+00 0.00000 
    4    4    1    1    1    1    1    1    1    1  0.00000E+00 0.00000 
    5    5    1    1    1    1    1    1    1    1  0.00000E+00 0.00000 
    6    6    1    1    1    1    1    1    1    1  0.00000E+00 0.00000 
    7    7    1    1    1    1    1    1    1    1  0.00000E+00 0.00000 
    8    8    1    1    1    1    1    1    1    1  0.00000E+00 0.00000 
    9    9    1    1    1    1    1    1    1    1  0.00000E+00 0.00000 
   10   10    1    1    1    1    1    1    1    1  0.00000E+00 0.00000 
   11   11    1    1    1    1    1    1    1    1  0.00000E+00 0.00000 
   12   12    1    1    1    1    1    1    1    1  0.00000E+00 0.00000 
   13   13    1    1    1    1    1    1    1    1  0.00000E+00 0.00000 
   14   14    1    1    1    1    1    1    1    1  0.00000E+00 0.00000 
   15   15    1    1    1    1    1    1    1    1  0.00000E+00 0.00000 
   16   16    1    1    1    1    1    1    1    1  0.00000E+00 0.00000 
   17   17    1    1    1    1    1    1    1    1  0.00000E+00 0.00000 
   18   18    1    1    1    1    1    1    1    1  0.00000E+00 0.00000 
   19   19    1    1    1    1    1    1    1    1  1.33376E+09 0.08481 
   20   20    1    1    1    1    1    1    1    1  1.74669E+08 0.09681 
   21   21    1    1    1    1    1    1    1    1  7.08386E+08 0.09646 
   22   22    1    1    1    1    1    1    1    1  5.27534E+08 0.07609 
   23   23    1    1    1    1    1    1    1    1  1.36337E+09 0.03042 
   24   24    1    1    1    1    1    1    1    1  2.15633E+09 0.03917 
   25   25    1    1    1    1    1    1    1    1  3.19636E+09 0.03171 
   26   26    1    1    1    1    1    1    1    1  4.14163E+09 0.02892 
   27   27    1    1    1    1    1    1    1    1  6.28987E+09 0.02937 
   28   28    1    1    1    1    1    1    1    1  1.20019E+10 0.01788 
   29   29    1    1    1    1    1    1    1    1  2.55458E+10 0.01370 
   30   30    1    1    1    1    1    1    1    1  4.08622E+10 0.01001 
   31   31    1    1    1    1    1    1    1    1  1.27751E+11 0.00540 
   32   32    1    1    1    1    1    1    1    1  4.13390E+11 0.00394 
   33   33    1    1    1    1    1    1    1    1  8.10066E+11 0.00305 
   34   34    1    1    1    1    1    1    1    1  1.94268E+12 0.00172 
   35   35    1    1    1    1    1    1    1    1  2.72501E+12 0.00121 
   36   36    1    1    1    1    1    1    1    1  3.68878E+12 0.00081 
   37   37    1    1    1    1    1    1    1    1  2.53587E+12 0.00068 
   38   38    1    1    1    1    1    1    1    1  7.85605E+11 0.00072 
   39   39    1    1    1    1    1    1    1    1  4.43393E+12 0.00086 
   40   40    1    1    1    1    1    1    1    1  6.01796E+12 0.00072 
   41   41    1    1    1    1    1    1    1    1  1.04139E+13 0.00056 
   42   42    1    1    1    1    1    1    1    1  1.06321E+13 0.00069 
   43   43    1    1    1    1    1    1    1    1  2.28615E+13 0.00052 
   44   44    1    1    1    1    1    1    1    1  2.79532E+13 0.00033 
   45   45    1    1    1    1    1    1    1    1  4.08826E+13 0.00025 
   46   46    1    1    1    1    1    1    1    1  8.15290E+13 0.00033 
   47   47    1    1    1    1    1    1    1    1  3.82108E+13 0.00025 
   48   48    1    1    1    1    1    1    1    1  6.20411E+13 0.00026 
   49   49    1    1    1    1    1    1    1    1  8.65507E+13 0.00021 
   50   50    1    1    1    1    1    1    1    1  8.61376E+13 0.00022 
   51   51    1    1    1    1    1    1    1    1  1.33650E+14 0.00016 
   52   52    1    1    1    1    1    1    1    1  1.06900E+14 0.00021 
   53   53    1    1    1    1    1    1    1    1  1.26656E+14 0.00013 
   54   54    1    1    1    1    1    1    1    1  8.80485E+13 0.00020 
   55   55    1    1    1    1    1    1    1    1  1.07129E+14 0.00021 
   56   56    1    1    1    1    1    1    1    1  7.38030E+13 0.00019 
   57   57    1    1    1    1    1    1    1    1  1.00492E+13 0.00039 
   58   58    1    1    1    1    1    1    1    1  1.46931E+14 0.00014 
   59   59    1    1    1    1    1    1    1    1  6.50185E+13 0.00032 
   60   60    1    1    1    1    1    1    1    1  6.92559E+13 0.00027 
   61   61    1    1    1    1    1    1    1    1  5.35477E+13 0.00021 
   62   62    1    1    1    1    1    1    1    1  5.38753E+13 0.00026 
   63   63    1    1    1    1    1    1    1    1  5.61508E+13 0.00037 
   64   64    1    1    1    1    1    1    1    1  4.71525E+13 0.00033 
   65   65    1    1    1    1    1    1    1    1  3.74960E+13 0.00038 
   66   66    1    1    1    1    1    1    1    1  3.71597E+13 0.00041 
   67   67    1    1    1    1    1    1    1    1  2.67038E+13 0.00044 
   68   68    1    1    1    1    1    1    1    1  2.17987E+13 0.00038 
   69   69    1    1    1    1    1    1    1    1  1.95839E+13 0.00039 
   70   70    1    1    1    1    1    1    1    1  2.35053E+13 0.00045 
   71   71    1    1    1    1    1    1    1    1  1.99712E+13 0.00042 
   72   72    1    1    1    1    1    1    1    1  3.64253E+13 0.00041 
   73   73    1    1    1    1    1    1    1    1  2.57678E+13 0.00058 
   74   74    1    1    1    1    1    1    1    1  1.93560E+13 0.00043 
   75   75    1    1    1    1    1    1    1    1  1.54676E+13 0.00044 
   76   76    1    1    1    1    1    1    1    1  1.28050E+13 0.00036 
   77   77    1    1    1    1    1    1    1    1  1.47490E+13 0.00054 
   78   78    1    1    1    1    1    1    1    1  1.16088E+13 0.00078 
   79   79    1    1    1    1    1    1    1    1  9.20917E+12 0.00073 
   80   80    1    1    1    1    1    1    1    1  9.47980E+12 0.00052 
   81   81    1    1    1    1    1    1    1    1  6.99628E+12 0.00089 
   82   82    1    1    1    1    1    1    1    1  5.38334E+12 0.00097 
   83   83    1    1    1    1    1    1    1    1  4.13303E+12 0.00118 
   84   84    1    1    1    1    1    1    1    1  3.85077E+12 0.00117 
   85   85    1    1    1    1    1    1    1    1  2.77309E+12 0.00187 
   86   86    1    1    1    1    1    1    1    1  1.99811E+12 0.00144 
   87   87    1    1    1    1    1    1    1    1  1.86860E+12 0.00132 
   88   88    1    1    1    1    1    1    1    1  1.14997E+12 0.00292 
   89   89    1    1    1    1    1    1    1    1  7.77828E+11 0.00186 
   90   90    1    1    1    1    1    1    1    1  4.49639E+11 0.00292 
   91   91    1    1    1    1    1    1    1    1  5.73221E+11 0.00376 
   92   92    1    1    1    1    1    1    1    1  0.00000E+00 0.00000 
   93   93    1    1    1    1    1    1    1    1  0.00000E+00 0.00000 
   94   94    1    1    1    1    1    1    1    1  0.00000E+00 0.00000 
   95   95    1    1    1    1    1    1    1    1  0.00000E+00 0.00000 
   96   96    1    1    1    1    1    1    1    1  0.00000E+00 0.00000 
   97   97    1    1    1    1    1    1    1    1  0.00000E+00 0.00000 
   98   98    1    1    1    1    1    1    1    1  0.00000E+00 0.00000 
   99   99    1    1    1    1    1    1    1    1  0.00000E+00 0.00000 
  100  100    1    1    1    1    1    1    1    1  0.00000E+00 0.00000 
];


