
DETdpaspec = [
    1    1    1    1    1    1    1    1    1    1  0.00000E+00 0.00000 
    2    2    1    1    1    1    1    1    1    1  0.00000E+00 0.00000 
    3    3    1    1    1    1    1    1    1    1  0.00000E+00 0.00000 
    4    4    1    1    1    1    1    1    1    1  0.00000E+00 0.00000 
    5    5    1    1    1    1    1    1    1    1  0.00000E+00 0.00000 
    6    6    1    1    1    1    1    1    1    1  0.00000E+00 0.00000 
    7    7    1    1    1    1    1    1    1    1  0.00000E+00 0.00000 
    8    8    1    1    1    1    1    1    1    1  0.00000E+00 0.00000 
    9    9    1    1    1    1    1    1    1    1  0.00000E+00 0.00000 
   10   10    1    1    1    1    1    1    1    1  0.00000E+00 0.00000 
   11   11    1    1    1    1    1    1    1    1  0.00000E+00 0.00000 
   12   12    1    1    1    1    1    1    1    1  0.00000E+00 0.00000 
   13   13    1    1    1    1    1    1    1    1  0.00000E+00 0.00000 
   14   14    1    1    1    1    1    1    1    1  0.00000E+00 0.00000 
   15   15    1    1    1    1    1    1    1    1  0.00000E+00 0.00000 
   16   16    1    1    1    1    1    1    1    1  0.00000E+00 0.00000 
   17   17    1    1    1    1    1    1    1    1  0.00000E+00 0.00000 
   18   18    1    1    1    1    1    1    1    1  0.00000E+00 0.00000 
   19   19    1    1    1    1    1    1    1    1  1.80720E+09 0.04669 
   20   20    1    1    1    1    1    1    1    1  2.92274E+08 0.06346 
   21   21    1    1    1    1    1    1    1    1  1.00599E+09 0.05984 
   22   22    1    1    1    1    1    1    1    1  7.56347E+08 0.03675 
   23   23    1    1    1    1    1    1    1    1  2.10621E+09 0.03545 
   24   24    1    1    1    1    1    1    1    1  2.85286E+09 0.03451 
   25   25    1    1    1    1    1    1    1    1  4.40702E+09 0.02493 
   26   26    1    1    1    1    1    1    1    1  5.81502E+09 0.02022 
   27   27    1    1    1    1    1    1    1    1  9.19192E+09 0.02272 
   28   28    1    1    1    1    1    1    1    1  1.62318E+10 0.01580 
   29   29    1    1    1    1    1    1    1    1  3.10497E+10 0.01049 
   30   30    1    1    1    1    1    1    1    1  4.49729E+10 0.00958 
   31   31    1    1    1    1    1    1    1    1  1.44350E+11 0.00531 
   32   32    1    1    1    1    1    1    1    1  4.61802E+11 0.00332 
   33   33    1    1    1    1    1    1    1    1  8.98048E+11 0.00237 
   34   34    1    1    1    1    1    1    1    1  2.05410E+12 0.00147 
   35   35    1    1    1    1    1    1    1    1  2.78959E+12 0.00114 
   36   36    1    1    1    1    1    1    1    1  3.95862E+12 0.00100 
   37   37    1    1    1    1    1    1    1    1  2.76821E+12 0.00079 
   38   38    1    1    1    1    1    1    1    1  8.72204E+11 0.00089 
   39   39    1    1    1    1    1    1    1    1  4.80748E+12 0.00071 
   40   40    1    1    1    1    1    1    1    1  6.48324E+12 0.00064 
   41   41    1    1    1    1    1    1    1    1  1.10151E+13 0.00055 
   42   42    1    1    1    1    1    1    1    1  1.14015E+13 0.00044 
   43   43    1    1    1    1    1    1    1    1  2.39542E+13 0.00061 
   44   44    1    1    1    1    1    1    1    1  2.90541E+13 0.00038 
   45   45    1    1    1    1    1    1    1    1  4.20649E+13 0.00039 
   46   46    1    1    1    1    1    1    1    1  8.22584E+13 0.00038 
   47   47    1    1    1    1    1    1    1    1  3.88279E+13 0.00026 
   48   48    1    1    1    1    1    1    1    1  6.32143E+13 0.00020 
   49   49    1    1    1    1    1    1    1    1  8.79124E+13 0.00019 
   50   50    1    1    1    1    1    1    1    1  8.76332E+13 0.00023 
   51   51    1    1    1    1    1    1    1    1  1.34426E+14 0.00016 
   52   52    1    1    1    1    1    1    1    1  1.08713E+14 0.00022 
   53   53    1    1    1    1    1    1    1    1  1.26864E+14 0.00016 
   54   54    1    1    1    1    1    1    1    1  8.86747E+13 0.00020 
   55   55    1    1    1    1    1    1    1    1  1.06304E+14 0.00019 
   56   56    1    1    1    1    1    1    1    1  7.35729E+13 0.00021 
   57   57    1    1    1    1    1    1    1    1  1.00790E+13 0.00039 
   58   58    1    1    1    1    1    1    1    1  1.46625E+14 0.00018 
   59   59    1    1    1    1    1    1    1    1  6.37449E+13 0.00024 
   60   60    1    1    1    1    1    1    1    1  6.83096E+13 0.00022 
   61   61    1    1    1    1    1    1    1    1  5.22472E+13 0.00020 
   62   62    1    1    1    1    1    1    1    1  5.27515E+13 0.00027 
   63   63    1    1    1    1    1    1    1    1  5.48072E+13 0.00034 
   64   64    1    1    1    1    1    1    1    1  4.59178E+13 0.00039 
   65   65    1    1    1    1    1    1    1    1  3.66145E+13 0.00039 
   66   66    1    1    1    1    1    1    1    1  3.63137E+13 0.00032 
   67   67    1    1    1    1    1    1    1    1  2.61142E+13 0.00040 
   68   68    1    1    1    1    1    1    1    1  2.14204E+13 0.00041 
   69   69    1    1    1    1    1    1    1    1  1.92763E+13 0.00046 
   70   70    1    1    1    1    1    1    1    1  2.31447E+13 0.00045 
   71   71    1    1    1    1    1    1    1    1  1.97346E+13 0.00043 
   72   72    1    1    1    1    1    1    1    1  3.64706E+13 0.00034 
   73   73    1    1    1    1    1    1    1    1  2.58880E+13 0.00055 
   74   74    1    1    1    1    1    1    1    1  1.94243E+13 0.00036 
   75   75    1    1    1    1    1    1    1    1  1.53882E+13 0.00052 
   76   76    1    1    1    1    1    1    1    1  1.25864E+13 0.00066 
   77   77    1    1    1    1    1    1    1    1  1.43894E+13 0.00054 
   78   78    1    1    1    1    1    1    1    1  1.12132E+13 0.00050 
   79   79    1    1    1    1    1    1    1    1  8.83114E+12 0.00072 
   80   80    1    1    1    1    1    1    1    1  9.02829E+12 0.00071 
   81   81    1    1    1    1    1    1    1    1  6.66196E+12 0.00092 
   82   82    1    1    1    1    1    1    1    1  5.09887E+12 0.00084 
   83   83    1    1    1    1    1    1    1    1  3.91202E+12 0.00100 
   84   84    1    1    1    1    1    1    1    1  3.65494E+12 0.00136 
   85   85    1    1    1    1    1    1    1    1  2.63177E+12 0.00121 
   86   86    1    1    1    1    1    1    1    1  1.89286E+12 0.00166 
   87   87    1    1    1    1    1    1    1    1  1.76772E+12 0.00145 
   88   88    1    1    1    1    1    1    1    1  1.09442E+12 0.00199 
   89   89    1    1    1    1    1    1    1    1  7.42012E+11 0.00225 
   90   90    1    1    1    1    1    1    1    1  4.26874E+11 0.00353 
   91   91    1    1    1    1    1    1    1    1  5.48577E+11 0.00379 
   92   92    1    1    1    1    1    1    1    1  0.00000E+00 0.00000 
   93   93    1    1    1    1    1    1    1    1  0.00000E+00 0.00000 
   94   94    1    1    1    1    1    1    1    1  0.00000E+00 0.00000 
   95   95    1    1    1    1    1    1    1    1  0.00000E+00 0.00000 
   96   96    1    1    1    1    1    1    1    1  0.00000E+00 0.00000 
   97   97    1    1    1    1    1    1    1    1  0.00000E+00 0.00000 
   98   98    1    1    1    1    1    1    1    1  0.00000E+00 0.00000 
   99   99    1    1    1    1    1    1    1    1  0.00000E+00 0.00000 
  100  100    1    1    1    1    1    1    1    1  0.00000E+00 0.00000 
];


