
DETdpaspec = [
    1    1    1    1    1    1    1    1    1    1  0.00000E+00 0.00000 
    2    2    1    1    1    1    1    1    1    1  0.00000E+00 0.00000 
    3    3    1    1    1    1    1    1    1    1  0.00000E+00 0.00000 
    4    4    1    1    1    1    1    1    1    1  0.00000E+00 0.00000 
    5    5    1    1    1    1    1    1    1    1  0.00000E+00 0.00000 
    6    6    1    1    1    1    1    1    1    1  0.00000E+00 0.00000 
    7    7    1    1    1    1    1    1    1    1  0.00000E+00 0.00000 
    8    8    1    1    1    1    1    1    1    1  0.00000E+00 0.00000 
    9    9    1    1    1    1    1    1    1    1  0.00000E+00 0.00000 
   10   10    1    1    1    1    1    1    1    1  0.00000E+00 0.00000 
   11   11    1    1    1    1    1    1    1    1  0.00000E+00 0.00000 
   12   12    1    1    1    1    1    1    1    1  0.00000E+00 0.00000 
   13   13    1    1    1    1    1    1    1    1  0.00000E+00 0.00000 
   14   14    1    1    1    1    1    1    1    1  0.00000E+00 0.00000 
   15   15    1    1    1    1    1    1    1    1  0.00000E+00 0.00000 
   16   16    1    1    1    1    1    1    1    1  0.00000E+00 0.00000 
   17   17    1    1    1    1    1    1    1    1  0.00000E+00 0.00000 
   18   18    1    1    1    1    1    1    1    1  0.00000E+00 0.00000 
   19   19    1    1    1    1    1    1    1    1  2.59272E+09 0.06083 
   20   20    1    1    1    1    1    1    1    1  4.26201E+08 0.07047 
   21   21    1    1    1    1    1    1    1    1  1.18224E+09 0.06031 
   22   22    1    1    1    1    1    1    1    1  1.03171E+09 0.04338 
   23   23    1    1    1    1    1    1    1    1  2.37327E+09 0.02884 
   24   24    1    1    1    1    1    1    1    1  4.99142E+09 0.01907 
   25   25    1    1    1    1    1    1    1    1  1.22153E+10 0.01215 
   26   26    1    1    1    1    1    1    1    1  2.17066E+10 0.00896 
   27   27    1    1    1    1    1    1    1    1  4.78330E+10 0.00660 
   28   28    1    1    1    1    1    1    1    1  1.02646E+11 0.00526 
   29   29    1    1    1    1    1    1    1    1  2.42859E+11 0.00267 
   30   30    1    1    1    1    1    1    1    1  3.74661E+11 0.00218 
   31   31    1    1    1    1    1    1    1    1  8.08858E+11 0.00196 
   32   32    1    1    1    1    1    1    1    1  1.87096E+12 0.00142 
   33   33    1    1    1    1    1    1    1    1  2.73363E+12 0.00097 
   34   34    1    1    1    1    1    1    1    1  5.32851E+12 0.00097 
   35   35    1    1    1    1    1    1    1    1  6.42217E+12 0.00075 
   36   36    1    1    1    1    1    1    1    1  8.19337E+12 0.00069 
   37   37    1    1    1    1    1    1    1    1  6.18208E+12 0.00047 
   38   38    1    1    1    1    1    1    1    1  1.88342E+12 0.00058 
   39   39    1    1    1    1    1    1    1    1  9.39988E+12 0.00051 
   40   40    1    1    1    1    1    1    1    1  1.15649E+13 0.00044 
   41   41    1    1    1    1    1    1    1    1  1.94787E+13 0.00045 
   42   42    1    1    1    1    1    1    1    1  1.82832E+13 0.00034 
   43   43    1    1    1    1    1    1    1    1  3.38577E+13 0.00031 
   44   44    1    1    1    1    1    1    1    1  3.71633E+13 0.00032 
   45   45    1    1    1    1    1    1    1    1  4.83345E+13 0.00022 
   46   46    1    1    1    1    1    1    1    1  8.68497E+13 0.00021 
   47   47    1    1    1    1    1    1    1    1  4.51944E+13 0.00021 
   48   48    1    1    1    1    1    1    1    1  6.46945E+13 0.00020 
   49   49    1    1    1    1    1    1    1    1  9.02125E+13 0.00020 
   50   50    1    1    1    1    1    1    1    1  8.12416E+13 0.00017 
   51   51    1    1    1    1    1    1    1    1  1.26259E+14 0.00014 
   52   52    1    1    1    1    1    1    1    1  9.80298E+13 0.00019 
   53   53    1    1    1    1    1    1    1    1  1.12623E+14 0.00016 
   54   54    1    1    1    1    1    1    1    1  7.98281E+13 0.00017 
   55   55    1    1    1    1    1    1    1    1  9.79312E+13 0.00021 
   56   56    1    1    1    1    1    1    1    1  6.91428E+13 0.00020 
   57   57    1    1    1    1    1    1    1    1  9.49191E+12 0.00036 
   58   58    1    1    1    1    1    1    1    1  1.33957E+14 0.00017 
   59   59    1    1    1    1    1    1    1    1  5.96510E+13 0.00020 
   60   60    1    1    1    1    1    1    1    1  6.42926E+13 0.00021 
   61   61    1    1    1    1    1    1    1    1  5.14108E+13 0.00020 
   62   62    1    1    1    1    1    1    1    1  5.12847E+13 0.00023 
   63   63    1    1    1    1    1    1    1    1  5.16818E+13 0.00022 
   64   64    1    1    1    1    1    1    1    1  4.32356E+13 0.00030 
   65   65    1    1    1    1    1    1    1    1  3.40008E+13 0.00028 
   66   66    1    1    1    1    1    1    1    1  3.32473E+13 0.00027 
   67   67    1    1    1    1    1    1    1    1  2.63495E+13 0.00033 
   68   68    1    1    1    1    1    1    1    1  2.15582E+13 0.00032 
   69   69    1    1    1    1    1    1    1    1  1.90299E+13 0.00042 
   70   70    1    1    1    1    1    1    1    1  2.31314E+13 0.00044 
   71   71    1    1    1    1    1    1    1    1  1.97879E+13 0.00038 
   72   72    1    1    1    1    1    1    1    1  3.64427E+13 0.00038 
   73   73    1    1    1    1    1    1    1    1  2.63259E+13 0.00038 
   74   74    1    1    1    1    1    1    1    1  2.02740E+13 0.00035 
   75   75    1    1    1    1    1    1    1    1  1.65012E+13 0.00038 
   76   76    1    1    1    1    1    1    1    1  1.36601E+13 0.00050 
   77   77    1    1    1    1    1    1    1    1  1.57517E+13 0.00046 
   78   78    1    1    1    1    1    1    1    1  1.24034E+13 0.00060 
   79   79    1    1    1    1    1    1    1    1  9.67174E+12 0.00059 
   80   80    1    1    1    1    1    1    1    1  1.00371E+13 0.00051 
   81   81    1    1    1    1    1    1    1    1  7.51743E+12 0.00060 
   82   82    1    1    1    1    1    1    1    1  5.81655E+12 0.00084 
   83   83    1    1    1    1    1    1    1    1  4.48624E+12 0.00085 
   84   84    1    1    1    1    1    1    1    1  4.19745E+12 0.00090 
   85   85    1    1    1    1    1    1    1    1  3.02545E+12 0.00106 
   86   86    1    1    1    1    1    1    1    1  2.18302E+12 0.00100 
   87   87    1    1    1    1    1    1    1    1  2.03908E+12 0.00145 
   88   88    1    1    1    1    1    1    1    1  1.25907E+12 0.00131 
   89   89    1    1    1    1    1    1    1    1  8.49511E+11 0.00174 
   90   90    1    1    1    1    1    1    1    1  4.93591E+11 0.00311 
   91   91    1    1    1    1    1    1    1    1  6.26809E+11 0.00291 
   92   92    1    1    1    1    1    1    1    1  0.00000E+00 0.00000 
   93   93    1    1    1    1    1    1    1    1  0.00000E+00 0.00000 
   94   94    1    1    1    1    1    1    1    1  0.00000E+00 0.00000 
   95   95    1    1    1    1    1    1    1    1  0.00000E+00 0.00000 
   96   96    1    1    1    1    1    1    1    1  0.00000E+00 0.00000 
   97   97    1    1    1    1    1    1    1    1  0.00000E+00 0.00000 
   98   98    1    1    1    1    1    1    1    1  0.00000E+00 0.00000 
   99   99    1    1    1    1    1    1    1    1  0.00000E+00 0.00000 
  100  100    1    1    1    1    1    1    1    1  0.00000E+00 0.00000 
];


