
DETdpaspec = [
    1    1    1    1    1    1    1    1    1    1  0.00000E+00 0.00000 
    2    2    1    1    1    1    1    1    1    1  0.00000E+00 0.00000 
    3    3    1    1    1    1    1    1    1    1  0.00000E+00 0.00000 
    4    4    1    1    1    1    1    1    1    1  0.00000E+00 0.00000 
    5    5    1    1    1    1    1    1    1    1  0.00000E+00 0.00000 
    6    6    1    1    1    1    1    1    1    1  0.00000E+00 0.00000 
    7    7    1    1    1    1    1    1    1    1  0.00000E+00 0.00000 
    8    8    1    1    1    1    1    1    1    1  0.00000E+00 0.00000 
    9    9    1    1    1    1    1    1    1    1  0.00000E+00 0.00000 
   10   10    1    1    1    1    1    1    1    1  0.00000E+00 0.00000 
   11   11    1    1    1    1    1    1    1    1  0.00000E+00 0.00000 
   12   12    1    1    1    1    1    1    1    1  0.00000E+00 0.00000 
   13   13    1    1    1    1    1    1    1    1  0.00000E+00 0.00000 
   14   14    1    1    1    1    1    1    1    1  0.00000E+00 0.00000 
   15   15    1    1    1    1    1    1    1    1  0.00000E+00 0.00000 
   16   16    1    1    1    1    1    1    1    1  0.00000E+00 0.00000 
   17   17    1    1    1    1    1    1    1    1  0.00000E+00 0.00000 
   18   18    1    1    1    1    1    1    1    1  0.00000E+00 0.00000 
   19   19    1    1    1    1    1    1    1    1  3.67473E+09 0.03033 
   20   20    1    1    1    1    1    1    1    1  7.03224E+08 0.04409 
   21   21    1    1    1    1    1    1    1    1  2.06411E+09 0.03503 
   22   22    1    1    1    1    1    1    1    1  1.67491E+09 0.02874 
   23   23    1    1    1    1    1    1    1    1  4.47766E+09 0.02251 
   24   24    1    1    1    1    1    1    1    1  6.99898E+09 0.01576 
   25   25    1    1    1    1    1    1    1    1  1.19412E+10 0.01774 
   26   26    1    1    1    1    1    1    1    1  1.84482E+10 0.01070 
   27   27    1    1    1    1    1    1    1    1  3.77250E+10 0.00689 
   28   28    1    1    1    1    1    1    1    1  7.86452E+10 0.00580 
   29   29    1    1    1    1    1    1    1    1  1.78051E+11 0.00295 
   30   30    1    1    1    1    1    1    1    1  2.57128E+11 0.00285 
   31   31    1    1    1    1    1    1    1    1  6.48552E+11 0.00238 
   32   32    1    1    1    1    1    1    1    1  1.57438E+12 0.00149 
   33   33    1    1    1    1    1    1    1    1  2.37746E+12 0.00130 
   34   34    1    1    1    1    1    1    1    1  4.73463E+12 0.00098 
   35   35    1    1    1    1    1    1    1    1  5.56219E+12 0.00070 
   36   36    1    1    1    1    1    1    1    1  7.76342E+12 0.00063 
   37   37    1    1    1    1    1    1    1    1  6.05673E+12 0.00054 
   38   38    1    1    1    1    1    1    1    1  1.89616E+12 0.00054 
   39   39    1    1    1    1    1    1    1    1  9.25490E+12 0.00062 
   40   40    1    1    1    1    1    1    1    1  1.14189E+13 0.00052 
   41   41    1    1    1    1    1    1    1    1  1.89955E+13 0.00041 
   42   42    1    1    1    1    1    1    1    1  1.83193E+13 0.00040 
   43   43    1    1    1    1    1    1    1    1  3.34489E+13 0.00038 
   44   44    1    1    1    1    1    1    1    1  3.67663E+13 0.00032 
   45   45    1    1    1    1    1    1    1    1  4.78610E+13 0.00030 
   46   46    1    1    1    1    1    1    1    1  8.56418E+13 0.00019 
   47   47    1    1    1    1    1    1    1    1  4.48406E+13 0.00019 
   48   48    1    1    1    1    1    1    1    1  6.48944E+13 0.00018 
   49   49    1    1    1    1    1    1    1    1  9.04601E+13 0.00015 
   50   50    1    1    1    1    1    1    1    1  8.24372E+13 0.00017 
   51   51    1    1    1    1    1    1    1    1  1.26682E+14 0.00018 
   52   52    1    1    1    1    1    1    1    1  9.98992E+13 0.00013 
   53   53    1    1    1    1    1    1    1    1  1.13435E+14 0.00014 
   54   54    1    1    1    1    1    1    1    1  8.09505E+13 0.00018 
   55   55    1    1    1    1    1    1    1    1  9.80720E+13 0.00014 
   56   56    1    1    1    1    1    1    1    1  6.95865E+13 0.00022 
   57   57    1    1    1    1    1    1    1    1  9.60612E+12 0.00044 
   58   58    1    1    1    1    1    1    1    1  1.35244E+14 0.00016 
   59   59    1    1    1    1    1    1    1    1  5.91721E+13 0.00021 
   60   60    1    1    1    1    1    1    1    1  6.44354E+13 0.00021 
   61   61    1    1    1    1    1    1    1    1  5.08830E+13 0.00016 
   62   62    1    1    1    1    1    1    1    1  5.09462E+13 0.00030 
   63   63    1    1    1    1    1    1    1    1  5.12596E+13 0.00027 
   64   64    1    1    1    1    1    1    1    1  4.27826E+13 0.00024 
   65   65    1    1    1    1    1    1    1    1  3.37131E+13 0.00035 
   66   66    1    1    1    1    1    1    1    1  3.30831E+13 0.00028 
   67   67    1    1    1    1    1    1    1    1  2.62076E+13 0.00032 
   68   68    1    1    1    1    1    1    1    1  2.15940E+13 0.00030 
   69   69    1    1    1    1    1    1    1    1  1.91065E+13 0.00039 
   70   70    1    1    1    1    1    1    1    1  2.32327E+13 0.00032 
   71   71    1    1    1    1    1    1    1    1  1.99658E+13 0.00049 
   72   72    1    1    1    1    1    1    1    1  3.73908E+13 0.00032 
   73   73    1    1    1    1    1    1    1    1  2.72183E+13 0.00038 
   74   74    1    1    1    1    1    1    1    1  2.09653E+13 0.00041 
   75   75    1    1    1    1    1    1    1    1  1.68800E+13 0.00043 
   76   76    1    1    1    1    1    1    1    1  1.37935E+13 0.00055 
   77   77    1    1    1    1    1    1    1    1  1.57278E+13 0.00048 
   78   78    1    1    1    1    1    1    1    1  1.22423E+13 0.00058 
   79   79    1    1    1    1    1    1    1    1  9.45170E+12 0.00059 
   80   80    1    1    1    1    1    1    1    1  9.72506E+12 0.00057 
   81   81    1    1    1    1    1    1    1    1  7.24620E+12 0.00058 
   82   82    1    1    1    1    1    1    1    1  5.58136E+12 0.00071 
   83   83    1    1    1    1    1    1    1    1  4.30510E+12 0.00088 
   84   84    1    1    1    1    1    1    1    1  4.02004E+12 0.00085 
   85   85    1    1    1    1    1    1    1    1  2.89625E+12 0.00114 
   86   86    1    1    1    1    1    1    1    1  2.08811E+12 0.00133 
   87   87    1    1    1    1    1    1    1    1  1.95045E+12 0.00122 
   88   88    1    1    1    1    1    1    1    1  1.20606E+12 0.00154 
   89   89    1    1    1    1    1    1    1    1  8.19398E+11 0.00173 
   90   90    1    1    1    1    1    1    1    1  4.74140E+11 0.00262 
   91   91    1    1    1    1    1    1    1    1  6.06584E+11 0.00223 
   92   92    1    1    1    1    1    1    1    1  0.00000E+00 0.00000 
   93   93    1    1    1    1    1    1    1    1  0.00000E+00 0.00000 
   94   94    1    1    1    1    1    1    1    1  0.00000E+00 0.00000 
   95   95    1    1    1    1    1    1    1    1  0.00000E+00 0.00000 
   96   96    1    1    1    1    1    1    1    1  0.00000E+00 0.00000 
   97   97    1    1    1    1    1    1    1    1  0.00000E+00 0.00000 
   98   98    1    1    1    1    1    1    1    1  0.00000E+00 0.00000 
   99   99    1    1    1    1    1    1    1    1  0.00000E+00 0.00000 
  100  100    1    1    1    1    1    1    1    1  0.00000E+00 0.00000 
];


