
DETdpaspec = [
    1    1    1    1    1    1    1    1    1    1  0.00000E+00 0.00000 
    2    2    1    1    1    1    1    1    1    1  0.00000E+00 0.00000 
    3    3    1    1    1    1    1    1    1    1  0.00000E+00 0.00000 
    4    4    1    1    1    1    1    1    1    1  0.00000E+00 0.00000 
    5    5    1    1    1    1    1    1    1    1  0.00000E+00 0.00000 
    6    6    1    1    1    1    1    1    1    1  0.00000E+00 0.00000 
    7    7    1    1    1    1    1    1    1    1  0.00000E+00 0.00000 
    8    8    1    1    1    1    1    1    1    1  0.00000E+00 0.00000 
    9    9    1    1    1    1    1    1    1    1  0.00000E+00 0.00000 
   10   10    1    1    1    1    1    1    1    1  0.00000E+00 0.00000 
   11   11    1    1    1    1    1    1    1    1  0.00000E+00 0.00000 
   12   12    1    1    1    1    1    1    1    1  0.00000E+00 0.00000 
   13   13    1    1    1    1    1    1    1    1  0.00000E+00 0.00000 
   14   14    1    1    1    1    1    1    1    1  0.00000E+00 0.00000 
   15   15    1    1    1    1    1    1    1    1  0.00000E+00 0.00000 
   16   16    1    1    1    1    1    1    1    1  0.00000E+00 0.00000 
   17   17    1    1    1    1    1    1    1    1  0.00000E+00 0.00000 
   18   18    1    1    1    1    1    1    1    1  0.00000E+00 0.00000 
   19   19    1    1    1    1    1    1    1    1  3.57969E+09 0.03579 
   20   20    1    1    1    1    1    1    1    1  6.72904E+08 0.05401 
   21   21    1    1    1    1    1    1    1    1  1.96787E+09 0.03303 
   22   22    1    1    1    1    1    1    1    1  1.66506E+09 0.02787 
   23   23    1    1    1    1    1    1    1    1  4.30049E+09 0.02213 
   24   24    1    1    1    1    1    1    1    1  6.70619E+09 0.02008 
   25   25    1    1    1    1    1    1    1    1  1.20757E+10 0.01292 
   26   26    1    1    1    1    1    1    1    1  1.84675E+10 0.01271 
   27   27    1    1    1    1    1    1    1    1  3.77696E+10 0.00820 
   28   28    1    1    1    1    1    1    1    1  7.86282E+10 0.00448 
   29   29    1    1    1    1    1    1    1    1  1.77635E+11 0.00375 
   30   30    1    1    1    1    1    1    1    1  2.57446E+11 0.00254 
   31   31    1    1    1    1    1    1    1    1  6.46680E+11 0.00190 
   32   32    1    1    1    1    1    1    1    1  1.56562E+12 0.00149 
   33   33    1    1    1    1    1    1    1    1  2.36843E+12 0.00120 
   34   34    1    1    1    1    1    1    1    1  4.72361E+12 0.00090 
   35   35    1    1    1    1    1    1    1    1  5.55660E+12 0.00083 
   36   36    1    1    1    1    1    1    1    1  7.73252E+12 0.00063 
   37   37    1    1    1    1    1    1    1    1  6.03273E+12 0.00062 
   38   38    1    1    1    1    1    1    1    1  1.88593E+12 0.00064 
   39   39    1    1    1    1    1    1    1    1  9.22182E+12 0.00044 
   40   40    1    1    1    1    1    1    1    1  1.13759E+13 0.00046 
   41   41    1    1    1    1    1    1    1    1  1.89576E+13 0.00040 
   42   42    1    1    1    1    1    1    1    1  1.82644E+13 0.00035 
   43   43    1    1    1    1    1    1    1    1  3.34002E+13 0.00033 
   44   44    1    1    1    1    1    1    1    1  3.67110E+13 0.00033 
   45   45    1    1    1    1    1    1    1    1  4.78179E+13 0.00027 
   46   46    1    1    1    1    1    1    1    1  8.56237E+13 0.00019 
   47   47    1    1    1    1    1    1    1    1  4.48170E+13 0.00018 
   48   48    1    1    1    1    1    1    1    1  6.48285E+13 0.00021 
   49   49    1    1    1    1    1    1    1    1  9.03846E+13 0.00015 
   50   50    1    1    1    1    1    1    1    1  8.23214E+13 0.00018 
   51   51    1    1    1    1    1    1    1    1  1.26659E+14 0.00011 
   52   52    1    1    1    1    1    1    1    1  9.98476E+13 0.00019 
   53   53    1    1    1    1    1    1    1    1  1.13452E+14 0.00015 
   54   54    1    1    1    1    1    1    1    1  8.09423E+13 0.00017 
   55   55    1    1    1    1    1    1    1    1  9.80892E+13 0.00020 
   56   56    1    1    1    1    1    1    1    1  6.95827E+13 0.00020 
   57   57    1    1    1    1    1    1    1    1  9.59929E+12 0.00034 
   58   58    1    1    1    1    1    1    1    1  1.35221E+14 0.00014 
   59   59    1    1    1    1    1    1    1    1  5.92342E+13 0.00019 
   60   60    1    1    1    1    1    1    1    1  6.44620E+13 0.00022 
   61   61    1    1    1    1    1    1    1    1  5.09370E+13 0.00021 
   62   62    1    1    1    1    1    1    1    1  5.10068E+13 0.00022 
   63   63    1    1    1    1    1    1    1    1  5.13148E+13 0.00021 
   64   64    1    1    1    1    1    1    1    1  4.28240E+13 0.00021 
   65   65    1    1    1    1    1    1    1    1  3.37472E+13 0.00026 
   66   66    1    1    1    1    1    1    1    1  3.31321E+13 0.00032 
   67   67    1    1    1    1    1    1    1    1  2.62565E+13 0.00030 
   68   68    1    1    1    1    1    1    1    1  2.16192E+13 0.00029 
   69   69    1    1    1    1    1    1    1    1  1.91180E+13 0.00042 
   70   70    1    1    1    1    1    1    1    1  2.32566E+13 0.00035 
   71   71    1    1    1    1    1    1    1    1  1.99791E+13 0.00038 
   72   72    1    1    1    1    1    1    1    1  3.74030E+13 0.00035 
   73   73    1    1    1    1    1    1    1    1  2.72307E+13 0.00042 
   74   74    1    1    1    1    1    1    1    1  2.09630E+13 0.00045 
   75   75    1    1    1    1    1    1    1    1  1.68884E+13 0.00039 
   76   76    1    1    1    1    1    1    1    1  1.38053E+13 0.00040 
   77   77    1    1    1    1    1    1    1    1  1.57716E+13 0.00036 
   78   78    1    1    1    1    1    1    1    1  1.22743E+13 0.00054 
   79   79    1    1    1    1    1    1    1    1  9.47698E+12 0.00061 
   80   80    1    1    1    1    1    1    1    1  9.77468E+12 0.00059 
   81   81    1    1    1    1    1    1    1    1  7.27344E+12 0.00061 
   82   82    1    1    1    1    1    1    1    1  5.60027E+12 0.00085 
   83   83    1    1    1    1    1    1    1    1  4.31691E+12 0.00084 
   84   84    1    1    1    1    1    1    1    1  4.03311E+12 0.00073 
   85   85    1    1    1    1    1    1    1    1  2.90111E+12 0.00118 
   86   86    1    1    1    1    1    1    1    1  2.09083E+12 0.00113 
   87   87    1    1    1    1    1    1    1    1  1.95897E+12 0.00113 
   88   88    1    1    1    1    1    1    1    1  1.20949E+12 0.00147 
   89   89    1    1    1    1    1    1    1    1  8.22687E+11 0.00243 
   90   90    1    1    1    1    1    1    1    1  4.77587E+11 0.00268 
   91   91    1    1    1    1    1    1    1    1  6.09687E+11 0.00237 
   92   92    1    1    1    1    1    1    1    1  0.00000E+00 0.00000 
   93   93    1    1    1    1    1    1    1    1  0.00000E+00 0.00000 
   94   94    1    1    1    1    1    1    1    1  0.00000E+00 0.00000 
   95   95    1    1    1    1    1    1    1    1  0.00000E+00 0.00000 
   96   96    1    1    1    1    1    1    1    1  0.00000E+00 0.00000 
   97   97    1    1    1    1    1    1    1    1  0.00000E+00 0.00000 
   98   98    1    1    1    1    1    1    1    1  0.00000E+00 0.00000 
   99   99    1    1    1    1    1    1    1    1  0.00000E+00 0.00000 
  100  100    1    1    1    1    1    1    1    1  0.00000E+00 0.00000 
];


