
DETdpaspec = [
    1    1    1    1    1    1    1    1    1    1  0.00000E+00 0.00000 
    2    2    1    1    1    1    1    1    1    1  0.00000E+00 0.00000 
    3    3    1    1    1    1    1    1    1    1  0.00000E+00 0.00000 
    4    4    1    1    1    1    1    1    1    1  0.00000E+00 0.00000 
    5    5    1    1    1    1    1    1    1    1  0.00000E+00 0.00000 
    6    6    1    1    1    1    1    1    1    1  0.00000E+00 0.00000 
    7    7    1    1    1    1    1    1    1    1  0.00000E+00 0.00000 
    8    8    1    1    1    1    1    1    1    1  0.00000E+00 0.00000 
    9    9    1    1    1    1    1    1    1    1  0.00000E+00 0.00000 
   10   10    1    1    1    1    1    1    1    1  0.00000E+00 0.00000 
   11   11    1    1    1    1    1    1    1    1  0.00000E+00 0.00000 
   12   12    1    1    1    1    1    1    1    1  0.00000E+00 0.00000 
   13   13    1    1    1    1    1    1    1    1  0.00000E+00 0.00000 
   14   14    1    1    1    1    1    1    1    1  0.00000E+00 0.00000 
   15   15    1    1    1    1    1    1    1    1  0.00000E+00 0.00000 
   16   16    1    1    1    1    1    1    1    1  0.00000E+00 0.00000 
   17   17    1    1    1    1    1    1    1    1  0.00000E+00 0.00000 
   18   18    1    1    1    1    1    1    1    1  0.00000E+00 0.00000 
   19   19    1    1    1    1    1    1    1    1  2.91064E+09 0.04730 
   20   20    1    1    1    1    1    1    1    1  4.91941E+08 0.06289 
   21   21    1    1    1    1    1    1    1    1  1.48232E+09 0.04117 
   22   22    1    1    1    1    1    1    1    1  1.23515E+09 0.03555 
   23   23    1    1    1    1    1    1    1    1  3.11286E+09 0.02788 
   24   24    1    1    1    1    1    1    1    1  5.45596E+09 0.01788 
   25   25    1    1    1    1    1    1    1    1  1.08824E+10 0.01489 
   26   26    1    1    1    1    1    1    1    1  1.71379E+10 0.01215 
   27   27    1    1    1    1    1    1    1    1  3.75050E+10 0.00886 
   28   28    1    1    1    1    1    1    1    1  8.00739E+10 0.00533 
   29   29    1    1    1    1    1    1    1    1  1.86802E+11 0.00324 
   30   30    1    1    1    1    1    1    1    1  2.82279E+11 0.00238 
   31   31    1    1    1    1    1    1    1    1  6.71438E+11 0.00256 
   32   32    1    1    1    1    1    1    1    1  1.61025E+12 0.00167 
   33   33    1    1    1    1    1    1    1    1  2.41140E+12 0.00124 
   34   34    1    1    1    1    1    1    1    1  4.80533E+12 0.00090 
   35   35    1    1    1    1    1    1    1    1  5.74623E+12 0.00087 
   36   36    1    1    1    1    1    1    1    1  7.72543E+12 0.00066 
   37   37    1    1    1    1    1    1    1    1  5.95920E+12 0.00058 
   38   38    1    1    1    1    1    1    1    1  1.84312E+12 0.00051 
   39   39    1    1    1    1    1    1    1    1  9.11122E+12 0.00051 
   40   40    1    1    1    1    1    1    1    1  1.12392E+13 0.00042 
   41   41    1    1    1    1    1    1    1    1  1.88760E+13 0.00034 
   42   42    1    1    1    1    1    1    1    1  1.79951E+13 0.00034 
   43   43    1    1    1    1    1    1    1    1  3.31609E+13 0.00038 
   44   44    1    1    1    1    1    1    1    1  3.64871E+13 0.00035 
   45   45    1    1    1    1    1    1    1    1  4.76095E+13 0.00031 
   46   46    1    1    1    1    1    1    1    1  8.55725E+13 0.00022 
   47   47    1    1    1    1    1    1    1    1  4.47459E+13 0.00017 
   48   48    1    1    1    1    1    1    1    1  6.44649E+13 0.00018 
   49   49    1    1    1    1    1    1    1    1  9.00421E+13 0.00015 
   50   50    1    1    1    1    1    1    1    1  8.16340E+13 0.00017 
   51   51    1    1    1    1    1    1    1    1  1.26349E+14 0.00015 
   52   52    1    1    1    1    1    1    1    1  9.89414E+13 0.00018 
   53   53    1    1    1    1    1    1    1    1  1.13160E+14 0.00016 
   54   54    1    1    1    1    1    1    1    1  8.05443E+13 0.00018 
   55   55    1    1    1    1    1    1    1    1  9.82217E+13 0.00016 
   56   56    1    1    1    1    1    1    1    1  6.95286E+13 0.00015 
   57   57    1    1    1    1    1    1    1    1  9.57244E+12 0.00038 
   58   58    1    1    1    1    1    1    1    1  1.34977E+14 0.00015 
   59   59    1    1    1    1    1    1    1    1  5.96253E+13 0.00019 
   60   60    1    1    1    1    1    1    1    1  6.46145E+13 0.00025 
   61   61    1    1    1    1    1    1    1    1  5.13679E+13 0.00023 
   62   62    1    1    1    1    1    1    1    1  5.13874E+13 0.00024 
   63   63    1    1    1    1    1    1    1    1  5.17513E+13 0.00025 
   64   64    1    1    1    1    1    1    1    1  4.32667E+13 0.00022 
   65   65    1    1    1    1    1    1    1    1  3.40813E+13 0.00031 
   66   66    1    1    1    1    1    1    1    1  3.33895E+13 0.00030 
   67   67    1    1    1    1    1    1    1    1  2.64667E+13 0.00034 
   68   68    1    1    1    1    1    1    1    1  2.17538E+13 0.00031 
   69   69    1    1    1    1    1    1    1    1  1.92176E+13 0.00042 
   70   70    1    1    1    1    1    1    1    1  2.33725E+13 0.00038 
   71   71    1    1    1    1    1    1    1    1  2.00313E+13 0.00046 
   72   72    1    1    1    1    1    1    1    1  3.72390E+13 0.00033 
   73   73    1    1    1    1    1    1    1    1  2.70159E+13 0.00033 
   74   74    1    1    1    1    1    1    1    1  2.08174E+13 0.00045 
   75   75    1    1    1    1    1    1    1    1  1.68567E+13 0.00054 
   76   76    1    1    1    1    1    1    1    1  1.38652E+13 0.00047 
   77   77    1    1    1    1    1    1    1    1  1.59035E+13 0.00043 
   78   78    1    1    1    1    1    1    1    1  1.24636E+13 0.00041 
   79   79    1    1    1    1    1    1    1    1  9.66236E+12 0.00053 
   80   80    1    1    1    1    1    1    1    1  9.99336E+12 0.00053 
   81   81    1    1    1    1    1    1    1    1  7.46281E+12 0.00066 
   82   82    1    1    1    1    1    1    1    1  5.76610E+12 0.00074 
   83   83    1    1    1    1    1    1    1    1  4.44549E+12 0.00088 
   84   84    1    1    1    1    1    1    1    1  4.16408E+12 0.00072 
   85   85    1    1    1    1    1    1    1    1  2.99627E+12 0.00109 
   86   86    1    1    1    1    1    1    1    1  2.16167E+12 0.00155 
   87   87    1    1    1    1    1    1    1    1  2.02291E+12 0.00127 
   88   88    1    1    1    1    1    1    1    1  1.24899E+12 0.00230 
   89   89    1    1    1    1    1    1    1    1  8.40709E+11 0.00218 
   90   90    1    1    1    1    1    1    1    1  4.89759E+11 0.00296 
   91   91    1    1    1    1    1    1    1    1  6.23723E+11 0.00239 
   92   92    1    1    1    1    1    1    1    1  0.00000E+00 0.00000 
   93   93    1    1    1    1    1    1    1    1  0.00000E+00 0.00000 
   94   94    1    1    1    1    1    1    1    1  0.00000E+00 0.00000 
   95   95    1    1    1    1    1    1    1    1  0.00000E+00 0.00000 
   96   96    1    1    1    1    1    1    1    1  0.00000E+00 0.00000 
   97   97    1    1    1    1    1    1    1    1  0.00000E+00 0.00000 
   98   98    1    1    1    1    1    1    1    1  0.00000E+00 0.00000 
   99   99    1    1    1    1    1    1    1    1  0.00000E+00 0.00000 
  100  100    1    1    1    1    1    1    1    1  0.00000E+00 0.00000 
];


