
DETdpaspec = [
    1    1    1    1    1    1    1    1    1    1  0.00000E+00 0.00000 
    2    2    1    1    1    1    1    1    1    1  0.00000E+00 0.00000 
    3    3    1    1    1    1    1    1    1    1  0.00000E+00 0.00000 
    4    4    1    1    1    1    1    1    1    1  0.00000E+00 0.00000 
    5    5    1    1    1    1    1    1    1    1  0.00000E+00 0.00000 
    6    6    1    1    1    1    1    1    1    1  0.00000E+00 0.00000 
    7    7    1    1    1    1    1    1    1    1  0.00000E+00 0.00000 
    8    8    1    1    1    1    1    1    1    1  0.00000E+00 0.00000 
    9    9    1    1    1    1    1    1    1    1  0.00000E+00 0.00000 
   10   10    1    1    1    1    1    1    1    1  0.00000E+00 0.00000 
   11   11    1    1    1    1    1    1    1    1  0.00000E+00 0.00000 
   12   12    1    1    1    1    1    1    1    1  0.00000E+00 0.00000 
   13   13    1    1    1    1    1    1    1    1  0.00000E+00 0.00000 
   14   14    1    1    1    1    1    1    1    1  0.00000E+00 0.00000 
   15   15    1    1    1    1    1    1    1    1  0.00000E+00 0.00000 
   16   16    1    1    1    1    1    1    1    1  0.00000E+00 0.00000 
   17   17    1    1    1    1    1    1    1    1  0.00000E+00 0.00000 
   18   18    1    1    1    1    1    1    1    1  0.00000E+00 0.00000 
   19   19    1    1    1    1    1    1    1    1  3.08798E+09 0.04196 
   20   20    1    1    1    1    1    1    1    1  5.91956E+08 0.04282 
   21   21    1    1    1    1    1    1    1    1  1.84322E+09 0.03750 
   22   22    1    1    1    1    1    1    1    1  1.44162E+09 0.02801 
   23   23    1    1    1    1    1    1    1    1  3.62163E+09 0.02482 
   24   24    1    1    1    1    1    1    1    1  5.75541E+09 0.01807 
   25   25    1    1    1    1    1    1    1    1  1.12605E+10 0.01708 
   26   26    1    1    1    1    1    1    1    1  1.71392E+10 0.01317 
   27   27    1    1    1    1    1    1    1    1  3.57677E+10 0.00712 
   28   28    1    1    1    1    1    1    1    1  7.67701E+10 0.00537 
   29   29    1    1    1    1    1    1    1    1  1.79701E+11 0.00407 
   30   30    1    1    1    1    1    1    1    1  2.67086E+11 0.00312 
   31   31    1    1    1    1    1    1    1    1  6.52207E+11 0.00197 
   32   32    1    1    1    1    1    1    1    1  1.57476E+12 0.00159 
   33   33    1    1    1    1    1    1    1    1  2.36890E+12 0.00152 
   34   34    1    1    1    1    1    1    1    1  4.72832E+12 0.00089 
   35   35    1    1    1    1    1    1    1    1  5.62183E+12 0.00070 
   36   36    1    1    1    1    1    1    1    1  7.68873E+12 0.00058 
   37   37    1    1    1    1    1    1    1    1  5.97287E+12 0.00051 
   38   38    1    1    1    1    1    1    1    1  1.85727E+12 0.00045 
   39   39    1    1    1    1    1    1    1    1  9.13845E+12 0.00047 
   40   40    1    1    1    1    1    1    1    1  1.12741E+13 0.00049 
   41   41    1    1    1    1    1    1    1    1  1.88635E+13 0.00041 
   42   42    1    1    1    1    1    1    1    1  1.80727E+13 0.00034 
   43   43    1    1    1    1    1    1    1    1  3.31964E+13 0.00032 
   44   44    1    1    1    1    1    1    1    1  3.65188E+13 0.00033 
   45   45    1    1    1    1    1    1    1    1  4.76216E+13 0.00028 
   46   46    1    1    1    1    1    1    1    1  8.54909E+13 0.00023 
   47   47    1    1    1    1    1    1    1    1  4.47469E+13 0.00021 
   48   48    1    1    1    1    1    1    1    1  6.46035E+13 0.00021 
   49   49    1    1    1    1    1    1    1    1  9.01750E+13 0.00018 
   50   50    1    1    1    1    1    1    1    1  8.19505E+13 0.00022 
   51   51    1    1    1    1    1    1    1    1  1.26497E+14 0.00016 
   52   52    1    1    1    1    1    1    1    1  9.94032E+13 0.00017 
   53   53    1    1    1    1    1    1    1    1  1.13331E+14 0.00017 
   54   54    1    1    1    1    1    1    1    1  8.07583E+13 0.00018 
   55   55    1    1    1    1    1    1    1    1  9.81999E+13 0.00016 
   56   56    1    1    1    1    1    1    1    1  6.95771E+13 0.00016 
   57   57    1    1    1    1    1    1    1    1  9.59314E+12 0.00031 
   58   58    1    1    1    1    1    1    1    1  1.35126E+14 0.00016 
   59   59    1    1    1    1    1    1    1    1  5.94728E+13 0.00020 
   60   60    1    1    1    1    1    1    1    1  6.45781E+13 0.00024 
   61   61    1    1    1    1    1    1    1    1  5.11791E+13 0.00026 
   62   62    1    1    1    1    1    1    1    1  5.12124E+13 0.00024 
   63   63    1    1    1    1    1    1    1    1  5.15694E+13 0.00024 
   64   64    1    1    1    1    1    1    1    1  4.30857E+13 0.00028 
   65   65    1    1    1    1    1    1    1    1  3.39632E+13 0.00034 
   66   66    1    1    1    1    1    1    1    1  3.33039E+13 0.00036 
   67   67    1    1    1    1    1    1    1    1  2.63972E+13 0.00035 
   68   68    1    1    1    1    1    1    1    1  2.17106E+13 0.00035 
   69   69    1    1    1    1    1    1    1    1  1.91941E+13 0.00038 
   70   70    1    1    1    1    1    1    1    1  2.33346E+13 0.00040 
   71   71    1    1    1    1    1    1    1    1  2.00346E+13 0.00039 
   72   72    1    1    1    1    1    1    1    1  3.73772E+13 0.00033 
   73   73    1    1    1    1    1    1    1    1  2.71707E+13 0.00039 
   74   74    1    1    1    1    1    1    1    1  2.09146E+13 0.00045 
   75   75    1    1    1    1    1    1    1    1  1.68969E+13 0.00047 
   76   76    1    1    1    1    1    1    1    1  1.38466E+13 0.00046 
   77   77    1    1    1    1    1    1    1    1  1.58618E+13 0.00051 
   78   78    1    1    1    1    1    1    1    1  1.23927E+13 0.00053 
   79   79    1    1    1    1    1    1    1    1  9.58780E+12 0.00067 
   80   80    1    1    1    1    1    1    1    1  9.89485E+12 0.00066 
   81   81    1    1    1    1    1    1    1    1  7.38199E+12 0.00063 
   82   82    1    1    1    1    1    1    1    1  5.69304E+12 0.00074 
   83   83    1    1    1    1    1    1    1    1  4.38914E+12 0.00093 
   84   84    1    1    1    1    1    1    1    1  4.10237E+12 0.00095 
   85   85    1    1    1    1    1    1    1    1  2.95276E+12 0.00101 
   86   86    1    1    1    1    1    1    1    1  2.13235E+12 0.00121 
   87   87    1    1    1    1    1    1    1    1  1.99353E+12 0.00157 
   88   88    1    1    1    1    1    1    1    1  1.23299E+12 0.00167 
   89   89    1    1    1    1    1    1    1    1  8.35062E+11 0.00176 
   90   90    1    1    1    1    1    1    1    1  4.82186E+11 0.00276 
   91   91    1    1    1    1    1    1    1    1  6.19643E+11 0.00234 
   92   92    1    1    1    1    1    1    1    1  0.00000E+00 0.00000 
   93   93    1    1    1    1    1    1    1    1  0.00000E+00 0.00000 
   94   94    1    1    1    1    1    1    1    1  0.00000E+00 0.00000 
   95   95    1    1    1    1    1    1    1    1  0.00000E+00 0.00000 
   96   96    1    1    1    1    1    1    1    1  0.00000E+00 0.00000 
   97   97    1    1    1    1    1    1    1    1  0.00000E+00 0.00000 
   98   98    1    1    1    1    1    1    1    1  0.00000E+00 0.00000 
   99   99    1    1    1    1    1    1    1    1  0.00000E+00 0.00000 
  100  100    1    1    1    1    1    1    1    1  0.00000E+00 0.00000 
];


