
DETdpaspec = [
    1    1    1    1    1    1    1    1    1    1  0.00000E+00 0.00000 
    2    2    1    1    1    1    1    1    1    1  0.00000E+00 0.00000 
    3    3    1    1    1    1    1    1    1    1  0.00000E+00 0.00000 
    4    4    1    1    1    1    1    1    1    1  0.00000E+00 0.00000 
    5    5    1    1    1    1    1    1    1    1  0.00000E+00 0.00000 
    6    6    1    1    1    1    1    1    1    1  0.00000E+00 0.00000 
    7    7    1    1    1    1    1    1    1    1  0.00000E+00 0.00000 
    8    8    1    1    1    1    1    1    1    1  0.00000E+00 0.00000 
    9    9    1    1    1    1    1    1    1    1  0.00000E+00 0.00000 
   10   10    1    1    1    1    1    1    1    1  0.00000E+00 0.00000 
   11   11    1    1    1    1    1    1    1    1  0.00000E+00 0.00000 
   12   12    1    1    1    1    1    1    1    1  0.00000E+00 0.00000 
   13   13    1    1    1    1    1    1    1    1  0.00000E+00 0.00000 
   14   14    1    1    1    1    1    1    1    1  0.00000E+00 0.00000 
   15   15    1    1    1    1    1    1    1    1  0.00000E+00 0.00000 
   16   16    1    1    1    1    1    1    1    1  0.00000E+00 0.00000 
   17   17    1    1    1    1    1    1    1    1  0.00000E+00 0.00000 
   18   18    1    1    1    1    1    1    1    1  0.00000E+00 0.00000 
   19   19    1    1    1    1    1    1    1    1  2.65218E+09 0.04469 
   20   20    1    1    1    1    1    1    1    1  3.85156E+08 0.07996 
   21   21    1    1    1    1    1    1    1    1  1.22132E+09 0.04365 
   22   22    1    1    1    1    1    1    1    1  1.11504E+09 0.03663 
   23   23    1    1    1    1    1    1    1    1  2.68460E+09 0.03156 
   24   24    1    1    1    1    1    1    1    1  5.21916E+09 0.01904 
   25   25    1    1    1    1    1    1    1    1  1.12284E+10 0.01197 
   26   26    1    1    1    1    1    1    1    1  1.90294E+10 0.01304 
   27   27    1    1    1    1    1    1    1    1  4.17552E+10 0.00984 
   28   28    1    1    1    1    1    1    1    1  8.99982E+10 0.00641 
   29   29    1    1    1    1    1    1    1    1  2.13727E+11 0.00436 
   30   30    1    1    1    1    1    1    1    1  3.26831E+11 0.00282 
   31   31    1    1    1    1    1    1    1    1  7.34856E+11 0.00215 
   32   32    1    1    1    1    1    1    1    1  1.73576E+12 0.00139 
   33   33    1    1    1    1    1    1    1    1  2.56001E+12 0.00124 
   34   34    1    1    1    1    1    1    1    1  5.05181E+12 0.00094 
   35   35    1    1    1    1    1    1    1    1  6.07768E+12 0.00072 
   36   36    1    1    1    1    1    1    1    1  7.93386E+12 0.00059 
   37   37    1    1    1    1    1    1    1    1  6.04621E+12 0.00043 
   38   38    1    1    1    1    1    1    1    1  1.85322E+12 0.00054 
   39   39    1    1    1    1    1    1    1    1  9.22255E+12 0.00047 
   40   40    1    1    1    1    1    1    1    1  1.13526E+13 0.00044 
   41   41    1    1    1    1    1    1    1    1  1.91277E+13 0.00032 
   42   42    1    1    1    1    1    1    1    1  1.80769E+13 0.00038 
   43   43    1    1    1    1    1    1    1    1  3.34356E+13 0.00026 
   44   44    1    1    1    1    1    1    1    1  3.67575E+13 0.00030 
   45   45    1    1    1    1    1    1    1    1  4.78827E+13 0.00024 
   46   46    1    1    1    1    1    1    1    1  8.60885E+13 0.00024 
   47   47    1    1    1    1    1    1    1    1  4.49213E+13 0.00022 
   48   48    1    1    1    1    1    1    1    1  6.44680E+13 0.00021 
   49   49    1    1    1    1    1    1    1    1  9.00258E+13 0.00018 
   50   50    1    1    1    1    1    1    1    1  8.12983E+13 0.00021 
   51   51    1    1    1    1    1    1    1    1  1.26213E+14 0.00017 
   52   52    1    1    1    1    1    1    1    1  9.83632E+13 0.00015 
   53   53    1    1    1    1    1    1    1    1  1.12853E+14 0.00016 
   54   54    1    1    1    1    1    1    1    1  8.01306E+13 0.00019 
   55   55    1    1    1    1    1    1    1    1  9.80982E+13 0.00017 
   56   56    1    1    1    1    1    1    1    1  6.93340E+13 0.00017 
   57   57    1    1    1    1    1    1    1    1  9.52564E+12 0.00034 
   58   58    1    1    1    1    1    1    1    1  1.34513E+14 0.00015 
   59   59    1    1    1    1    1    1    1    1  5.97213E+13 0.00022 
   60   60    1    1    1    1    1    1    1    1  6.45188E+13 0.00021 
   61   61    1    1    1    1    1    1    1    1  5.14705E+13 0.00022 
   62   62    1    1    1    1    1    1    1    1  5.14107E+13 0.00021 
   63   63    1    1    1    1    1    1    1    1  5.18030E+13 0.00027 
   64   64    1    1    1    1    1    1    1    1  4.33317E+13 0.00027 
   65   65    1    1    1    1    1    1    1    1  3.41211E+13 0.00030 
   66   66    1    1    1    1    1    1    1    1  3.33962E+13 0.00031 
   67   67    1    1    1    1    1    1    1    1  2.64729E+13 0.00038 
   68   68    1    1    1    1    1    1    1    1  2.17115E+13 0.00031 
   69   69    1    1    1    1    1    1    1    1  1.91590E+13 0.00043 
   70   70    1    1    1    1    1    1    1    1  2.32835E+13 0.00033 
   71   71    1    1    1    1    1    1    1    1  1.99450E+13 0.00048 
   72   72    1    1    1    1    1    1    1    1  3.68852E+13 0.00038 
   73   73    1    1    1    1    1    1    1    1  2.66747E+13 0.00044 
   74   74    1    1    1    1    1    1    1    1  2.05543E+13 0.00044 
   75   75    1    1    1    1    1    1    1    1  1.67146E+13 0.00043 
   76   76    1    1    1    1    1    1    1    1  1.37883E+13 0.00062 
   77   77    1    1    1    1    1    1    1    1  1.58691E+13 0.00043 
   78   78    1    1    1    1    1    1    1    1  1.24821E+13 0.00059 
   79   79    1    1    1    1    1    1    1    1  9.71610E+12 0.00070 
   80   80    1    1    1    1    1    1    1    1  1.00617E+13 0.00060 
   81   81    1    1    1    1    1    1    1    1  7.52048E+12 0.00056 
   82   82    1    1    1    1    1    1    1    1  5.81572E+12 0.00071 
   83   83    1    1    1    1    1    1    1    1  4.48594E+12 0.00091 
   84   84    1    1    1    1    1    1    1    1  4.20417E+12 0.00079 
   85   85    1    1    1    1    1    1    1    1  3.01965E+12 0.00096 
   86   86    1    1    1    1    1    1    1    1  2.19010E+12 0.00123 
   87   87    1    1    1    1    1    1    1    1  2.04305E+12 0.00160 
   88   88    1    1    1    1    1    1    1    1  1.26118E+12 0.00157 
   89   89    1    1    1    1    1    1    1    1  8.54321E+11 0.00203 
   90   90    1    1    1    1    1    1    1    1  4.92546E+11 0.00247 
   91   91    1    1    1    1    1    1    1    1  6.24057E+11 0.00225 
   92   92    1    1    1    1    1    1    1    1  0.00000E+00 0.00000 
   93   93    1    1    1    1    1    1    1    1  0.00000E+00 0.00000 
   94   94    1    1    1    1    1    1    1    1  0.00000E+00 0.00000 
   95   95    1    1    1    1    1    1    1    1  0.00000E+00 0.00000 
   96   96    1    1    1    1    1    1    1    1  0.00000E+00 0.00000 
   97   97    1    1    1    1    1    1    1    1  0.00000E+00 0.00000 
   98   98    1    1    1    1    1    1    1    1  0.00000E+00 0.00000 
   99   99    1    1    1    1    1    1    1    1  0.00000E+00 0.00000 
  100  100    1    1    1    1    1    1    1    1  0.00000E+00 0.00000 
];


