
DETdpaspec = [
    1    1    1    1    1    1    1    1    1    1  0.00000E+00 0.00000 
    2    2    1    1    1    1    1    1    1    1  0.00000E+00 0.00000 
    3    3    1    1    1    1    1    1    1    1  0.00000E+00 0.00000 
    4    4    1    1    1    1    1    1    1    1  0.00000E+00 0.00000 
    5    5    1    1    1    1    1    1    1    1  0.00000E+00 0.00000 
    6    6    1    1    1    1    1    1    1    1  0.00000E+00 0.00000 
    7    7    1    1    1    1    1    1    1    1  0.00000E+00 0.00000 
    8    8    1    1    1    1    1    1    1    1  0.00000E+00 0.00000 
    9    9    1    1    1    1    1    1    1    1  0.00000E+00 0.00000 
   10   10    1    1    1    1    1    1    1    1  0.00000E+00 0.00000 
   11   11    1    1    1    1    1    1    1    1  0.00000E+00 0.00000 
   12   12    1    1    1    1    1    1    1    1  0.00000E+00 0.00000 
   13   13    1    1    1    1    1    1    1    1  0.00000E+00 0.00000 
   14   14    1    1    1    1    1    1    1    1  0.00000E+00 0.00000 
   15   15    1    1    1    1    1    1    1    1  0.00000E+00 0.00000 
   16   16    1    1    1    1    1    1    1    1  0.00000E+00 0.00000 
   17   17    1    1    1    1    1    1    1    1  0.00000E+00 0.00000 
   18   18    1    1    1    1    1    1    1    1  0.00000E+00 0.00000 
   19   19    1    1    1    1    1    1    1    1  2.04793E+09 0.09286 
   20   20    1    1    1    1    1    1    1    1  3.30188E+08 0.09327 
   21   21    1    1    1    1    1    1    1    1  9.20615E+08 0.06634 
   22   22    1    1    1    1    1    1    1    1  1.07310E+09 0.05166 
   23   23    1    1    1    1    1    1    1    1  3.95358E+09 0.02842 
   24   24    1    1    1    1    1    1    1    1  1.41774E+10 0.01256 
   25   25    1    1    1    1    1    1    1    1  3.99619E+10 0.00849 
   26   26    1    1    1    1    1    1    1    1  6.91033E+10 0.00689 
   27   27    1    1    1    1    1    1    1    1  1.42223E+11 0.00341 
   28   28    1    1    1    1    1    1    1    1  2.72795E+11 0.00285 
   29   29    1    1    1    1    1    1    1    1  5.60994E+11 0.00248 
   30   30    1    1    1    1    1    1    1    1  8.28506E+11 0.00198 
   31   31    1    1    1    1    1    1    1    1  1.51599E+12 0.00133 
   32   32    1    1    1    1    1    1    1    1  3.08005E+12 0.00124 
   33   33    1    1    1    1    1    1    1    1  4.13982E+12 0.00091 
   34   34    1    1    1    1    1    1    1    1  7.50778E+12 0.00057 
   35   35    1    1    1    1    1    1    1    1  8.82615E+12 0.00057 
   36   36    1    1    1    1    1    1    1    1  1.02319E+13 0.00042 
   37   37    1    1    1    1    1    1    1    1  7.34349E+12 0.00046 
   38   38    1    1    1    1    1    1    1    1  2.17992E+12 0.00048 
   39   39    1    1    1    1    1    1    1    1  1.09453E+13 0.00047 
   40   40    1    1    1    1    1    1    1    1  1.32776E+13 0.00044 
   41   41    1    1    1    1    1    1    1    1  2.22122E+13 0.00036 
   42   42    1    1    1    1    1    1    1    1  2.02673E+13 0.00031 
   43   43    1    1    1    1    1    1    1    1  3.74092E+13 0.00030 
   44   44    1    1    1    1    1    1    1    1  4.05473E+13 0.00025 
   45   45    1    1    1    1    1    1    1    1  5.21034E+13 0.00025 
   46   46    1    1    1    1    1    1    1    1  9.23977E+13 0.00019 
   47   47    1    1    1    1    1    1    1    1  4.72732E+13 0.00016 
   48   48    1    1    1    1    1    1    1    1  6.68411E+13 0.00022 
   49   49    1    1    1    1    1    1    1    1  9.23898E+13 0.00018 
   50   50    1    1    1    1    1    1    1    1  8.20222E+13 0.00016 
   51   51    1    1    1    1    1    1    1    1  1.27195E+14 0.00018 
   52   52    1    1    1    1    1    1    1    1  9.70684E+13 0.00020 
   53   53    1    1    1    1    1    1    1    1  1.11579E+14 0.00014 
   54   54    1    1    1    1    1    1    1    1  7.83263E+13 0.00016 
   55   55    1    1    1    1    1    1    1    1  9.62772E+13 0.00018 
   56   56    1    1    1    1    1    1    1    1  6.75169E+13 0.00017 
   57   57    1    1    1    1    1    1    1    1  9.22798E+12 0.00039 
   58   58    1    1    1    1    1    1    1    1  1.29991E+14 0.00016 
   59   59    1    1    1    1    1    1    1    1  5.82001E+13 0.00020 
   60   60    1    1    1    1    1    1    1    1  6.21814E+13 0.00023 
   61   61    1    1    1    1    1    1    1    1  4.98822E+13 0.00021 
   62   62    1    1    1    1    1    1    1    1  4.95766E+13 0.00021 
   63   63    1    1    1    1    1    1    1    1  4.98824E+13 0.00022 
   64   64    1    1    1    1    1    1    1    1  4.16248E+13 0.00025 
   65   65    1    1    1    1    1    1    1    1  3.26033E+13 0.00031 
   66   66    1    1    1    1    1    1    1    1  3.17159E+13 0.00029 
   67   67    1    1    1    1    1    1    1    1  2.50622E+13 0.00029 
   68   68    1    1    1    1    1    1    1    1  2.04137E+13 0.00037 
   69   69    1    1    1    1    1    1    1    1  1.79577E+13 0.00037 
   70   70    1    1    1    1    1    1    1    1  2.17630E+13 0.00033 
   71   71    1    1    1    1    1    1    1    1  1.85412E+13 0.00044 
   72   72    1    1    1    1    1    1    1    1  3.36326E+13 0.00040 
   73   73    1    1    1    1    1    1    1    1  2.40933E+13 0.00045 
   74   74    1    1    1    1    1    1    1    1  1.85048E+13 0.00036 
   75   75    1    1    1    1    1    1    1    1  1.51232E+13 0.00053 
   76   76    1    1    1    1    1    1    1    1  1.25570E+13 0.00053 
   77   77    1    1    1    1    1    1    1    1  1.45614E+13 0.00055 
   78   78    1    1    1    1    1    1    1    1  1.15549E+13 0.00051 
   79   79    1    1    1    1    1    1    1    1  9.03363E+12 0.00052 
   80   80    1    1    1    1    1    1    1    1  9.41004E+12 0.00064 
   81   81    1    1    1    1    1    1    1    1  7.04072E+12 0.00064 
   82   82    1    1    1    1    1    1    1    1  5.46718E+12 0.00078 
   83   83    1    1    1    1    1    1    1    1  4.22258E+12 0.00070 
   84   84    1    1    1    1    1    1    1    1  3.94582E+12 0.00081 
   85   85    1    1    1    1    1    1    1    1  2.84315E+12 0.00118 
   86   86    1    1    1    1    1    1    1    1  2.05114E+12 0.00124 
   87   87    1    1    1    1    1    1    1    1  1.92130E+12 0.00151 
   88   88    1    1    1    1    1    1    1    1  1.17983E+12 0.00183 
   89   89    1    1    1    1    1    1    1    1  7.94771E+11 0.00171 
   90   90    1    1    1    1    1    1    1    1  4.56100E+11 0.00285 
   91   91    1    1    1    1    1    1    1    1  5.72516E+11 0.00227 
   92   92    1    1    1    1    1    1    1    1  0.00000E+00 0.00000 
   93   93    1    1    1    1    1    1    1    1  0.00000E+00 0.00000 
   94   94    1    1    1    1    1    1    1    1  0.00000E+00 0.00000 
   95   95    1    1    1    1    1    1    1    1  0.00000E+00 0.00000 
   96   96    1    1    1    1    1    1    1    1  0.00000E+00 0.00000 
   97   97    1    1    1    1    1    1    1    1  0.00000E+00 0.00000 
   98   98    1    1    1    1    1    1    1    1  0.00000E+00 0.00000 
   99   99    1    1    1    1    1    1    1    1  0.00000E+00 0.00000 
  100  100    1    1    1    1    1    1    1    1  0.00000E+00 0.00000 
];


