
DETdpaspec = [
    1    1    1    1    1    1    1    1    1    1  0.00000E+00 0.00000 
    2    2    1    1    1    1    1    1    1    1  0.00000E+00 0.00000 
    3    3    1    1    1    1    1    1    1    1  0.00000E+00 0.00000 
    4    4    1    1    1    1    1    1    1    1  0.00000E+00 0.00000 
    5    5    1    1    1    1    1    1    1    1  0.00000E+00 0.00000 
    6    6    1    1    1    1    1    1    1    1  0.00000E+00 0.00000 
    7    7    1    1    1    1    1    1    1    1  0.00000E+00 0.00000 
    8    8    1    1    1    1    1    1    1    1  0.00000E+00 0.00000 
    9    9    1    1    1    1    1    1    1    1  0.00000E+00 0.00000 
   10   10    1    1    1    1    1    1    1    1  0.00000E+00 0.00000 
   11   11    1    1    1    1    1    1    1    1  0.00000E+00 0.00000 
   12   12    1    1    1    1    1    1    1    1  0.00000E+00 0.00000 
   13   13    1    1    1    1    1    1    1    1  0.00000E+00 0.00000 
   14   14    1    1    1    1    1    1    1    1  0.00000E+00 0.00000 
   15   15    1    1    1    1    1    1    1    1  0.00000E+00 0.00000 
   16   16    1    1    1    1    1    1    1    1  0.00000E+00 0.00000 
   17   17    1    1    1    1    1    1    1    1  0.00000E+00 0.00000 
   18   18    1    1    1    1    1    1    1    1  0.00000E+00 0.00000 
   19   19    1    1    1    1    1    1    1    1  1.97581E+09 0.08338 
   20   20    1    1    1    1    1    1    1    1  2.74968E+08 0.09460 
   21   21    1    1    1    1    1    1    1    1  1.06581E+09 0.05074 
   22   22    1    1    1    1    1    1    1    1  1.55779E+09 0.04471 
   23   23    1    1    1    1    1    1    1    1  6.78345E+09 0.02299 
   24   24    1    1    1    1    1    1    1    1  2.69579E+10 0.01036 
   25   25    1    1    1    1    1    1    1    1  7.48699E+10 0.00486 
   26   26    1    1    1    1    1    1    1    1  1.20101E+11 0.00536 
   27   27    1    1    1    1    1    1    1    1  2.33251E+11 0.00331 
   28   28    1    1    1    1    1    1    1    1  4.21354E+11 0.00309 
   29   29    1    1    1    1    1    1    1    1  8.09448E+11 0.00192 
   30   30    1    1    1    1    1    1    1    1  1.14931E+12 0.00140 
   31   31    1    1    1    1    1    1    1    1  2.00227E+12 0.00122 
   32   32    1    1    1    1    1    1    1    1  3.81418E+12 0.00103 
   33   33    1    1    1    1    1    1    1    1  4.97042E+12 0.00104 
   34   34    1    1    1    1    1    1    1    1  8.71826E+12 0.00076 
   35   35    1    1    1    1    1    1    1    1  1.00601E+13 0.00067 
   36   36    1    1    1    1    1    1    1    1  1.13016E+13 0.00066 
   37   37    1    1    1    1    1    1    1    1  7.96036E+12 0.00051 
   38   38    1    1    1    1    1    1    1    1  2.34393E+12 0.00046 
   39   39    1    1    1    1    1    1    1    1  1.17682E+13 0.00043 
   40   40    1    1    1    1    1    1    1    1  1.41859E+13 0.00044 
   41   41    1    1    1    1    1    1    1    1  2.35933E+13 0.00039 
   42   42    1    1    1    1    1    1    1    1  2.13310E+13 0.00029 
   43   43    1    1    1    1    1    1    1    1  3.92284E+13 0.00028 
   44   44    1    1    1    1    1    1    1    1  4.22554E+13 0.00025 
   45   45    1    1    1    1    1    1    1    1  5.39903E+13 0.00021 
   46   46    1    1    1    1    1    1    1    1  9.50541E+13 0.00018 
   47   47    1    1    1    1    1    1    1    1  4.82444E+13 0.00021 
   48   48    1    1    1    1    1    1    1    1  6.79578E+13 0.00021 
   49   49    1    1    1    1    1    1    1    1  9.34477E+13 0.00016 
   50   50    1    1    1    1    1    1    1    1  8.25669E+13 0.00017 
   51   51    1    1    1    1    1    1    1    1  1.27596E+14 0.00016 
   52   52    1    1    1    1    1    1    1    1  9.67965E+13 0.00017 
   53   53    1    1    1    1    1    1    1    1  1.11065E+14 0.00017 
   54   54    1    1    1    1    1    1    1    1  7.76612E+13 0.00018 
   55   55    1    1    1    1    1    1    1    1  9.53820E+13 0.00017 
   56   56    1    1    1    1    1    1    1    1  6.66792E+13 0.00021 
   57   57    1    1    1    1    1    1    1    1  9.10219E+12 0.00037 
   58   58    1    1    1    1    1    1    1    1  1.27990E+14 0.00016 
   59   59    1    1    1    1    1    1    1    1  5.72844E+13 0.00023 
   60   60    1    1    1    1    1    1    1    1  6.10190E+13 0.00019 
   61   61    1    1    1    1    1    1    1    1  4.89490E+13 0.00019 
   62   62    1    1    1    1    1    1    1    1  4.85713E+13 0.00023 
   63   63    1    1    1    1    1    1    1    1  4.88102E+13 0.00029 
   64   64    1    1    1    1    1    1    1    1  4.06391E+13 0.00030 
   65   65    1    1    1    1    1    1    1    1  3.17901E+13 0.00028 
   66   66    1    1    1    1    1    1    1    1  3.08674E+13 0.00030 
   67   67    1    1    1    1    1    1    1    1  2.43599E+13 0.00036 
   68   68    1    1    1    1    1    1    1    1  1.98094E+13 0.00035 
   69   69    1    1    1    1    1    1    1    1  1.73876E+13 0.00046 
   70   70    1    1    1    1    1    1    1    1  2.10468E+13 0.00042 
   71   71    1    1    1    1    1    1    1    1  1.78925E+13 0.00055 
   72   72    1    1    1    1    1    1    1    1  3.23175E+13 0.00037 
   73   73    1    1    1    1    1    1    1    1  2.31006E+13 0.00044 
   74   74    1    1    1    1    1    1    1    1  1.77099E+13 0.00053 
   75   75    1    1    1    1    1    1    1    1  1.44693E+13 0.00043 
   76   76    1    1    1    1    1    1    1    1  1.20520E+13 0.00039 
   77   77    1    1    1    1    1    1    1    1  1.39689E+13 0.00049 
   78   78    1    1    1    1    1    1    1    1  1.10803E+13 0.00039 
   79   79    1    1    1    1    1    1    1    1  8.66481E+12 0.00047 
   80   80    1    1    1    1    1    1    1    1  9.03458E+12 0.00049 
   81   81    1    1    1    1    1    1    1    1  6.76480E+12 0.00071 
   82   82    1    1    1    1    1    1    1    1  5.25121E+12 0.00071 
   83   83    1    1    1    1    1    1    1    1  4.05349E+12 0.00082 
   84   84    1    1    1    1    1    1    1    1  3.78514E+12 0.00091 
   85   85    1    1    1    1    1    1    1    1  2.72504E+12 0.00106 
   86   86    1    1    1    1    1    1    1    1  1.96705E+12 0.00140 
   87   87    1    1    1    1    1    1    1    1  1.84130E+12 0.00132 
   88   88    1    1    1    1    1    1    1    1  1.13013E+12 0.00201 
   89   89    1    1    1    1    1    1    1    1  7.60000E+11 0.00225 
   90   90    1    1    1    1    1    1    1    1  4.34968E+11 0.00315 
   91   91    1    1    1    1    1    1    1    1  5.49194E+11 0.00268 
   92   92    1    1    1    1    1    1    1    1  0.00000E+00 0.00000 
   93   93    1    1    1    1    1    1    1    1  0.00000E+00 0.00000 
   94   94    1    1    1    1    1    1    1    1  0.00000E+00 0.00000 
   95   95    1    1    1    1    1    1    1    1  0.00000E+00 0.00000 
   96   96    1    1    1    1    1    1    1    1  0.00000E+00 0.00000 
   97   97    1    1    1    1    1    1    1    1  0.00000E+00 0.00000 
   98   98    1    1    1    1    1    1    1    1  0.00000E+00 0.00000 
   99   99    1    1    1    1    1    1    1    1  0.00000E+00 0.00000 
  100  100    1    1    1    1    1    1    1    1  0.00000E+00 0.00000 
];


