
DETdpaspec = [
    1    1    1    1    1    1    1    1    1    1  0.00000E+00 0.00000 
    2    2    1    1    1    1    1    1    1    1  0.00000E+00 0.00000 
    3    3    1    1    1    1    1    1    1    1  0.00000E+00 0.00000 
    4    4    1    1    1    1    1    1    1    1  0.00000E+00 0.00000 
    5    5    1    1    1    1    1    1    1    1  0.00000E+00 0.00000 
    6    6    1    1    1    1    1    1    1    1  0.00000E+00 0.00000 
    7    7    1    1    1    1    1    1    1    1  0.00000E+00 0.00000 
    8    8    1    1    1    1    1    1    1    1  0.00000E+00 0.00000 
    9    9    1    1    1    1    1    1    1    1  0.00000E+00 0.00000 
   10   10    1    1    1    1    1    1    1    1  0.00000E+00 0.00000 
   11   11    1    1    1    1    1    1    1    1  0.00000E+00 0.00000 
   12   12    1    1    1    1    1    1    1    1  0.00000E+00 0.00000 
   13   13    1    1    1    1    1    1    1    1  0.00000E+00 0.00000 
   14   14    1    1    1    1    1    1    1    1  0.00000E+00 0.00000 
   15   15    1    1    1    1    1    1    1    1  0.00000E+00 0.00000 
   16   16    1    1    1    1    1    1    1    1  0.00000E+00 0.00000 
   17   17    1    1    1    1    1    1    1    1  0.00000E+00 0.00000 
   18   18    1    1    1    1    1    1    1    1  0.00000E+00 0.00000 
   19   19    1    1    1    1    1    1    1    1  3.47568E+09 0.03580 
   20   20    1    1    1    1    1    1    1    1  5.99561E+08 0.05096 
   21   21    1    1    1    1    1    1    1    1  1.86235E+09 0.03572 
   22   22    1    1    1    1    1    1    1    1  1.46813E+09 0.03489 
   23   23    1    1    1    1    1    1    1    1  4.01959E+09 0.02354 
   24   24    1    1    1    1    1    1    1    1  6.42031E+09 0.01806 
   25   25    1    1    1    1    1    1    1    1  1.14701E+10 0.01240 
   26   26    1    1    1    1    1    1    1    1  1.76633E+10 0.01029 
   27   27    1    1    1    1    1    1    1    1  3.63759E+10 0.00853 
   28   28    1    1    1    1    1    1    1    1  7.73987E+10 0.00758 
   29   29    1    1    1    1    1    1    1    1  1.77074E+11 0.00378 
   30   30    1    1    1    1    1    1    1    1  2.61046E+11 0.00288 
   31   31    1    1    1    1    1    1    1    1  6.44992E+11 0.00239 
   32   32    1    1    1    1    1    1    1    1  1.56108E+12 0.00173 
   33   33    1    1    1    1    1    1    1    1  2.36168E+12 0.00124 
   34   34    1    1    1    1    1    1    1    1  4.71104E+12 0.00103 
   35   35    1    1    1    1    1    1    1    1  5.56734E+12 0.00083 
   36   36    1    1    1    1    1    1    1    1  7.70025E+12 0.00066 
   37   37    1    1    1    1    1    1    1    1  5.99601E+12 0.00054 
   38   38    1    1    1    1    1    1    1    1  1.87053E+12 0.00058 
   39   39    1    1    1    1    1    1    1    1  9.17339E+12 0.00054 
   40   40    1    1    1    1    1    1    1    1  1.13185E+13 0.00044 
   41   41    1    1    1    1    1    1    1    1  1.89006E+13 0.00037 
   42   42    1    1    1    1    1    1    1    1  1.81738E+13 0.00030 
   43   43    1    1    1    1    1    1    1    1  3.33015E+13 0.00037 
   44   44    1    1    1    1    1    1    1    1  3.66024E+13 0.00034 
   45   45    1    1    1    1    1    1    1    1  4.77163E+13 0.00028 
   46   46    1    1    1    1    1    1    1    1  8.55456E+13 0.00016 
   47   47    1    1    1    1    1    1    1    1  4.47942E+13 0.00020 
   48   48    1    1    1    1    1    1    1    1  6.47358E+13 0.00019 
   49   49    1    1    1    1    1    1    1    1  9.03214E+13 0.00019 
   50   50    1    1    1    1    1    1    1    1  8.21652E+13 0.00019 
   51   51    1    1    1    1    1    1    1    1  1.26612E+14 0.00015 
   52   52    1    1    1    1    1    1    1    1  9.96152E+13 0.00020 
   53   53    1    1    1    1    1    1    1    1  1.13368E+14 0.00016 
   54   54    1    1    1    1    1    1    1    1  8.08341E+13 0.00015 
   55   55    1    1    1    1    1    1    1    1  9.81672E+13 0.00016 
   56   56    1    1    1    1    1    1    1    1  6.96074E+13 0.00019 
   57   57    1    1    1    1    1    1    1    1  9.60357E+12 0.00032 
   58   58    1    1    1    1    1    1    1    1  1.35195E+14 0.00016 
   59   59    1    1    1    1    1    1    1    1  5.93646E+13 0.00020 
   60   60    1    1    1    1    1    1    1    1  6.45210E+13 0.00021 
   61   61    1    1    1    1    1    1    1    1  5.10663E+13 0.00021 
   62   62    1    1    1    1    1    1    1    1  5.10881E+13 0.00022 
   63   63    1    1    1    1    1    1    1    1  5.14182E+13 0.00024 
   64   64    1    1    1    1    1    1    1    1  4.29491E+13 0.00027 
   65   65    1    1    1    1    1    1    1    1  3.38497E+13 0.00031 
   66   66    1    1    1    1    1    1    1    1  3.32111E+13 0.00035 
   67   67    1    1    1    1    1    1    1    1  2.63139E+13 0.00028 
   68   68    1    1    1    1    1    1    1    1  2.16563E+13 0.00020 
   69   69    1    1    1    1    1    1    1    1  1.91601E+13 0.00036 
   70   70    1    1    1    1    1    1    1    1  2.33081E+13 0.00037 
   71   71    1    1    1    1    1    1    1    1  1.99960E+13 0.00048 
   72   72    1    1    1    1    1    1    1    1  3.74093E+13 0.00036 
   73   73    1    1    1    1    1    1    1    1  2.72042E+13 0.00044 
   74   74    1    1    1    1    1    1    1    1  2.09617E+13 0.00039 
   75   75    1    1    1    1    1    1    1    1  1.69063E+13 0.00045 
   76   76    1    1    1    1    1    1    1    1  1.38372E+13 0.00046 
   77   77    1    1    1    1    1    1    1    1  1.58152E+13 0.00041 
   78   78    1    1    1    1    1    1    1    1  1.23227E+13 0.00047 
   79   79    1    1    1    1    1    1    1    1  9.52465E+12 0.00061 
   80   80    1    1    1    1    1    1    1    1  9.83578E+12 0.00051 
   81   81    1    1    1    1    1    1    1    1  7.31774E+12 0.00064 
   82   82    1    1    1    1    1    1    1    1  5.64428E+12 0.00072 
   83   83    1    1    1    1    1    1    1    1  4.34893E+12 0.00090 
   84   84    1    1    1    1    1    1    1    1  4.06805E+12 0.00069 
   85   85    1    1    1    1    1    1    1    1  2.92496E+12 0.00099 
   86   86    1    1    1    1    1    1    1    1  2.10175E+12 0.00147 
   87   87    1    1    1    1    1    1    1    1  1.97193E+12 0.00132 
   88   88    1    1    1    1    1    1    1    1  1.22178E+12 0.00166 
   89   89    1    1    1    1    1    1    1    1  8.25531E+11 0.00217 
   90   90    1    1    1    1    1    1    1    1  4.80241E+11 0.00298 
   91   91    1    1    1    1    1    1    1    1  6.12429E+11 0.00230 
   92   92    1    1    1    1    1    1    1    1  0.00000E+00 0.00000 
   93   93    1    1    1    1    1    1    1    1  0.00000E+00 0.00000 
   94   94    1    1    1    1    1    1    1    1  0.00000E+00 0.00000 
   95   95    1    1    1    1    1    1    1    1  0.00000E+00 0.00000 
   96   96    1    1    1    1    1    1    1    1  0.00000E+00 0.00000 
   97   97    1    1    1    1    1    1    1    1  0.00000E+00 0.00000 
   98   98    1    1    1    1    1    1    1    1  0.00000E+00 0.00000 
   99   99    1    1    1    1    1    1    1    1  0.00000E+00 0.00000 
  100  100    1    1    1    1    1    1    1    1  0.00000E+00 0.00000 
];


