
DETdpaspec = [
    1    1    1    1    1    1    1    1    1    1  0.00000E+00 0.00000 
    2    2    1    1    1    1    1    1    1    1  0.00000E+00 0.00000 
    3    3    1    1    1    1    1    1    1    1  0.00000E+00 0.00000 
    4    4    1    1    1    1    1    1    1    1  0.00000E+00 0.00000 
    5    5    1    1    1    1    1    1    1    1  0.00000E+00 0.00000 
    6    6    1    1    1    1    1    1    1    1  0.00000E+00 0.00000 
    7    7    1    1    1    1    1    1    1    1  0.00000E+00 0.00000 
    8    8    1    1    1    1    1    1    1    1  0.00000E+00 0.00000 
    9    9    1    1    1    1    1    1    1    1  0.00000E+00 0.00000 
   10   10    1    1    1    1    1    1    1    1  0.00000E+00 0.00000 
   11   11    1    1    1    1    1    1    1    1  0.00000E+00 0.00000 
   12   12    1    1    1    1    1    1    1    1  0.00000E+00 0.00000 
   13   13    1    1    1    1    1    1    1    1  0.00000E+00 0.00000 
   14   14    1    1    1    1    1    1    1    1  0.00000E+00 0.00000 
   15   15    1    1    1    1    1    1    1    1  0.00000E+00 0.00000 
   16   16    1    1    1    1    1    1    1    1  0.00000E+00 0.00000 
   17   17    1    1    1    1    1    1    1    1  0.00000E+00 0.00000 
   18   18    1    1    1    1    1    1    1    1  0.00000E+00 0.00000 
   19   19    1    1    1    1    1    1    1    1  2.04197E+09 0.07711 
   20   20    1    1    1    1    1    1    1    1  3.16040E+08 0.07400 
   21   21    1    1    1    1    1    1    1    1  1.04196E+09 0.06848 
   22   22    1    1    1    1    1    1    1    1  9.43417E+08 0.05157 
   23   23    1    1    1    1    1    1    1    1  2.43168E+09 0.03835 
   24   24    1    1    1    1    1    1    1    1  6.90045E+09 0.01917 
   25   25    1    1    1    1    1    1    1    1  1.91029E+10 0.01330 
   26   26    1    1    1    1    1    1    1    1  3.45627E+10 0.00972 
   27   27    1    1    1    1    1    1    1    1  7.46703E+10 0.00588 
   28   28    1    1    1    1    1    1    1    1  1.53964E+11 0.00472 
   29   29    1    1    1    1    1    1    1    1  3.46762E+11 0.00316 
   30   30    1    1    1    1    1    1    1    1  5.30001E+11 0.00215 
   31   31    1    1    1    1    1    1    1    1  1.05667E+12 0.00146 
   32   32    1    1    1    1    1    1    1    1  2.31743E+12 0.00123 
   33   33    1    1    1    1    1    1    1    1  3.25533E+12 0.00116 
   34   34    1    1    1    1    1    1    1    1  6.16574E+12 0.00088 
   35   35    1    1    1    1    1    1    1    1  7.37804E+12 0.00068 
   36   36    1    1    1    1    1    1    1    1  8.98859E+12 0.00060 
   37   37    1    1    1    1    1    1    1    1  6.62952E+12 0.00051 
   38   38    1    1    1    1    1    1    1    1  1.99228E+12 0.00050 
   39   39    1    1    1    1    1    1    1    1  9.99794E+12 0.00045 
   40   40    1    1    1    1    1    1    1    1  1.22197E+13 0.00044 
   41   41    1    1    1    1    1    1    1    1  2.05477E+13 0.00043 
   42   42    1    1    1    1    1    1    1    1  1.90381E+13 0.00038 
   43   43    1    1    1    1    1    1    1    1  3.52428E+13 0.00029 
   44   44    1    1    1    1    1    1    1    1  3.84715E+13 0.00028 
   45   45    1    1    1    1    1    1    1    1  4.98025E+13 0.00029 
   46   46    1    1    1    1    1    1    1    1  8.90417E+13 0.00029 
   47   47    1    1    1    1    1    1    1    1  4.60135E+13 0.00022 
   48   48    1    1    1    1    1    1    1    1  6.54528E+13 0.00023 
   49   49    1    1    1    1    1    1    1    1  9.10310E+13 0.00019 
   50   50    1    1    1    1    1    1    1    1  8.14395E+13 0.00020 
   51   51    1    1    1    1    1    1    1    1  1.26635E+14 0.00014 
   52   52    1    1    1    1    1    1    1    1  9.74863E+13 0.00017 
   53   53    1    1    1    1    1    1    1    1  1.12166E+14 0.00014 
   54   54    1    1    1    1    1    1    1    1  7.91819E+13 0.00019 
   55   55    1    1    1    1    1    1    1    1  9.73421E+13 0.00015 
   56   56    1    1    1    1    1    1    1    1  6.85088E+13 0.00016 
   57   57    1    1    1    1    1    1    1    1  9.39156E+12 0.00034 
   58   58    1    1    1    1    1    1    1    1  1.32386E+14 0.00012 
   59   59    1    1    1    1    1    1    1    1  5.91677E+13 0.00021 
   60   60    1    1    1    1    1    1    1    1  6.35154E+13 0.00022 
   61   61    1    1    1    1    1    1    1    1  5.08959E+13 0.00024 
   62   62    1    1    1    1    1    1    1    1  5.07020E+13 0.00024 
   63   63    1    1    1    1    1    1    1    1  5.10924E+13 0.00023 
   64   64    1    1    1    1    1    1    1    1  4.26765E+13 0.00032 
   65   65    1    1    1    1    1    1    1    1  3.35064E+13 0.00030 
   66   66    1    1    1    1    1    1    1    1  3.27085E+13 0.00034 
   67   67    1    1    1    1    1    1    1    1  2.58890E+13 0.00033 
   68   68    1    1    1    1    1    1    1    1  2.11412E+13 0.00032 
   69   69    1    1    1    1    1    1    1    1  1.86159E+13 0.00045 
   70   70    1    1    1    1    1    1    1    1  2.26039E+13 0.00046 
   71   71    1    1    1    1    1    1    1    1  1.92945E+13 0.00047 
   72   72    1    1    1    1    1    1    1    1  3.52678E+13 0.00037 
   73   73    1    1    1    1    1    1    1    1  2.53540E+13 0.00041 
   74   74    1    1    1    1    1    1    1    1  1.95368E+13 0.00042 
   75   75    1    1    1    1    1    1    1    1  1.59264E+13 0.00045 
   76   76    1    1    1    1    1    1    1    1  1.32141E+13 0.00048 
   77   77    1    1    1    1    1    1    1    1  1.52888E+13 0.00042 
   78   78    1    1    1    1    1    1    1    1  1.21030E+13 0.00056 
   79   79    1    1    1    1    1    1    1    1  9.45157E+12 0.00059 
   80   80    1    1    1    1    1    1    1    1  9.83473E+12 0.00055 
   81   81    1    1    1    1    1    1    1    1  7.36495E+12 0.00068 
   82   82    1    1    1    1    1    1    1    1  5.69802E+12 0.00071 
   83   83    1    1    1    1    1    1    1    1  4.39895E+12 0.00089 
   84   84    1    1    1    1    1    1    1    1  4.11819E+12 0.00087 
   85   85    1    1    1    1    1    1    1    1  2.97045E+12 0.00099 
   86   86    1    1    1    1    1    1    1    1  2.14632E+12 0.00142 
   87   87    1    1    1    1    1    1    1    1  2.00522E+12 0.00112 
   88   88    1    1    1    1    1    1    1    1  1.23878E+12 0.00182 
   89   89    1    1    1    1    1    1    1    1  8.33492E+11 0.00259 
   90   90    1    1    1    1    1    1    1    1  4.79082E+11 0.00340 
   91   91    1    1    1    1    1    1    1    1  6.06755E+11 0.00228 
   92   92    1    1    1    1    1    1    1    1  0.00000E+00 0.00000 
   93   93    1    1    1    1    1    1    1    1  0.00000E+00 0.00000 
   94   94    1    1    1    1    1    1    1    1  0.00000E+00 0.00000 
   95   95    1    1    1    1    1    1    1    1  0.00000E+00 0.00000 
   96   96    1    1    1    1    1    1    1    1  0.00000E+00 0.00000 
   97   97    1    1    1    1    1    1    1    1  0.00000E+00 0.00000 
   98   98    1    1    1    1    1    1    1    1  0.00000E+00 0.00000 
   99   99    1    1    1    1    1    1    1    1  0.00000E+00 0.00000 
  100  100    1    1    1    1    1    1    1    1  0.00000E+00 0.00000 
];


