
DETdpaspec = [
    1    1    1    1    1    1    1    1    1    1  0.00000E+00 0.00000 
    2    2    1    1    1    1    1    1    1    1  0.00000E+00 0.00000 
    3    3    1    1    1    1    1    1    1    1  0.00000E+00 0.00000 
    4    4    1    1    1    1    1    1    1    1  0.00000E+00 0.00000 
    5    5    1    1    1    1    1    1    1    1  0.00000E+00 0.00000 
    6    6    1    1    1    1    1    1    1    1  0.00000E+00 0.00000 
    7    7    1    1    1    1    1    1    1    1  0.00000E+00 0.00000 
    8    8    1    1    1    1    1    1    1    1  0.00000E+00 0.00000 
    9    9    1    1    1    1    1    1    1    1  0.00000E+00 0.00000 
   10   10    1    1    1    1    1    1    1    1  0.00000E+00 0.00000 
   11   11    1    1    1    1    1    1    1    1  0.00000E+00 0.00000 
   12   12    1    1    1    1    1    1    1    1  0.00000E+00 0.00000 
   13   13    1    1    1    1    1    1    1    1  0.00000E+00 0.00000 
   14   14    1    1    1    1    1    1    1    1  0.00000E+00 0.00000 
   15   15    1    1    1    1    1    1    1    1  0.00000E+00 0.00000 
   16   16    1    1    1    1    1    1    1    1  0.00000E+00 0.00000 
   17   17    1    1    1    1    1    1    1    1  0.00000E+00 0.00000 
   18   18    1    1    1    1    1    1    1    1  0.00000E+00 0.00000 
   19   19    1    1    1    1    1    1    1    1  2.32953E+09 0.06164 
   20   20    1    1    1    1    1    1    1    1  3.94654E+08 0.07522 
   21   21    1    1    1    1    1    1    1    1  1.24625E+09 0.05777 
   22   22    1    1    1    1    1    1    1    1  1.07799E+09 0.04398 
   23   23    1    1    1    1    1    1    1    1  2.50040E+09 0.03004 
   24   24    1    1    1    1    1    1    1    1  5.14391E+09 0.02398 
   25   25    1    1    1    1    1    1    1    1  1.11848E+10 0.01809 
   26   26    1    1    1    1    1    1    1    1  1.95250E+10 0.01157 
   27   27    1    1    1    1    1    1    1    1  4.37600E+10 0.00682 
   28   28    1    1    1    1    1    1    1    1  9.47261E+10 0.00487 
   29   29    1    1    1    1    1    1    1    1  2.23142E+11 0.00400 
   30   30    1    1    1    1    1    1    1    1  3.43241E+11 0.00342 
   31   31    1    1    1    1    1    1    1    1  7.62857E+11 0.00208 
   32   32    1    1    1    1    1    1    1    1  1.78867E+12 0.00150 
   33   33    1    1    1    1    1    1    1    1  2.62774E+12 0.00124 
   34   34    1    1    1    1    1    1    1    1  5.16060E+12 0.00078 
   35   35    1    1    1    1    1    1    1    1  6.21399E+12 0.00069 
   36   36    1    1    1    1    1    1    1    1  8.03089E+12 0.00052 
   37   37    1    1    1    1    1    1    1    1  6.09726E+12 0.00053 
   38   38    1    1    1    1    1    1    1    1  1.86445E+12 0.00039 
   39   39    1    1    1    1    1    1    1    1  9.28913E+12 0.00054 
   40   40    1    1    1    1    1    1    1    1  1.14271E+13 0.00045 
   41   41    1    1    1    1    1    1    1    1  1.92559E+13 0.00036 
   42   42    1    1    1    1    1    1    1    1  1.81477E+13 0.00037 
   43   43    1    1    1    1    1    1    1    1  3.35971E+13 0.00034 
   44   44    1    1    1    1    1    1    1    1  3.68925E+13 0.00027 
   45   45    1    1    1    1    1    1    1    1  4.80530E+13 0.00024 
   46   46    1    1    1    1    1    1    1    1  8.63774E+13 0.00020 
   47   47    1    1    1    1    1    1    1    1  4.50274E+13 0.00021 
   48   48    1    1    1    1    1    1    1    1  6.45513E+13 0.00019 
   49   49    1    1    1    1    1    1    1    1  9.00930E+13 0.00018 
   50   50    1    1    1    1    1    1    1    1  8.12554E+13 0.00017 
   51   51    1    1    1    1    1    1    1    1  1.26255E+14 0.00019 
   52   52    1    1    1    1    1    1    1    1  9.82115E+13 0.00016 
   53   53    1    1    1    1    1    1    1    1  1.12762E+14 0.00017 
   54   54    1    1    1    1    1    1    1    1  7.99999E+13 0.00019 
   55   55    1    1    1    1    1    1    1    1  9.80513E+13 0.00018 
   56   56    1    1    1    1    1    1    1    1  6.92728E+13 0.00015 
   57   57    1    1    1    1    1    1    1    1  9.51379E+12 0.00033 
   58   58    1    1    1    1    1    1    1    1  1.34295E+14 0.00013 
   59   59    1    1    1    1    1    1    1    1  5.97117E+13 0.00020 
   60   60    1    1    1    1    1    1    1    1  6.44438E+13 0.00018 
   61   61    1    1    1    1    1    1    1    1  5.14724E+13 0.00018 
   62   62    1    1    1    1    1    1    1    1  5.13803E+13 0.00021 
   63   63    1    1    1    1    1    1    1    1  5.17987E+13 0.00024 
   64   64    1    1    1    1    1    1    1    1  4.32999E+13 0.00029 
   65   65    1    1    1    1    1    1    1    1  3.40758E+13 0.00027 
   66   66    1    1    1    1    1    1    1    1  3.33284E+13 0.00028 
   67   67    1    1    1    1    1    1    1    1  2.64188E+13 0.00030 
   68   68    1    1    1    1    1    1    1    1  2.16578E+13 0.00033 
   69   69    1    1    1    1    1    1    1    1  1.91028E+13 0.00038 
   70   70    1    1    1    1    1    1    1    1  2.32245E+13 0.00034 
   71   71    1    1    1    1    1    1    1    1  1.98691E+13 0.00040 
   72   72    1    1    1    1    1    1    1    1  3.66780E+13 0.00033 
   73   73    1    1    1    1    1    1    1    1  2.65667E+13 0.00043 
   74   74    1    1    1    1    1    1    1    1  2.04455E+13 0.00041 
   75   75    1    1    1    1    1    1    1    1  1.66237E+13 0.00053 
   76   76    1    1    1    1    1    1    1    1  1.37292E+13 0.00057 
   77   77    1    1    1    1    1    1    1    1  1.58118E+13 0.00047 
   78   78    1    1    1    1    1    1    1    1  1.24521E+13 0.00046 
   79   79    1    1    1    1    1    1    1    1  9.68927E+12 0.00063 
   80   80    1    1    1    1    1    1    1    1  1.00666E+13 0.00058 
   81   81    1    1    1    1    1    1    1    1  7.52860E+12 0.00059 
   82   82    1    1    1    1    1    1    1    1  5.82610E+12 0.00083 
   83   83    1    1    1    1    1    1    1    1  4.49255E+12 0.00079 
   84   84    1    1    1    1    1    1    1    1  4.20430E+12 0.00065 
   85   85    1    1    1    1    1    1    1    1  3.01859E+12 0.00112 
   86   86    1    1    1    1    1    1    1    1  2.18530E+12 0.00107 
   87   87    1    1    1    1    1    1    1    1  2.04256E+12 0.00111 
   88   88    1    1    1    1    1    1    1    1  1.26376E+12 0.00170 
   89   89    1    1    1    1    1    1    1    1  8.52980E+11 0.00210 
   90   90    1    1    1    1    1    1    1    1  4.91832E+11 0.00239 
   91   91    1    1    1    1    1    1    1    1  6.24041E+11 0.00228 
   92   92    1    1    1    1    1    1    1    1  0.00000E+00 0.00000 
   93   93    1    1    1    1    1    1    1    1  0.00000E+00 0.00000 
   94   94    1    1    1    1    1    1    1    1  0.00000E+00 0.00000 
   95   95    1    1    1    1    1    1    1    1  0.00000E+00 0.00000 
   96   96    1    1    1    1    1    1    1    1  0.00000E+00 0.00000 
   97   97    1    1    1    1    1    1    1    1  0.00000E+00 0.00000 
   98   98    1    1    1    1    1    1    1    1  0.00000E+00 0.00000 
   99   99    1    1    1    1    1    1    1    1  0.00000E+00 0.00000 
  100  100    1    1    1    1    1    1    1    1  0.00000E+00 0.00000 
];


