
DETdpaspec = [
    1    1    1    1    1    1    1    1    1    1  0.00000E+00 0.00000 
    2    2    1    1    1    1    1    1    1    1  0.00000E+00 0.00000 
    3    3    1    1    1    1    1    1    1    1  0.00000E+00 0.00000 
    4    4    1    1    1    1    1    1    1    1  0.00000E+00 0.00000 
    5    5    1    1    1    1    1    1    1    1  0.00000E+00 0.00000 
    6    6    1    1    1    1    1    1    1    1  0.00000E+00 0.00000 
    7    7    1    1    1    1    1    1    1    1  0.00000E+00 0.00000 
    8    8    1    1    1    1    1    1    1    1  0.00000E+00 0.00000 
    9    9    1    1    1    1    1    1    1    1  0.00000E+00 0.00000 
   10   10    1    1    1    1    1    1    1    1  0.00000E+00 0.00000 
   11   11    1    1    1    1    1    1    1    1  0.00000E+00 0.00000 
   12   12    1    1    1    1    1    1    1    1  0.00000E+00 0.00000 
   13   13    1    1    1    1    1    1    1    1  0.00000E+00 0.00000 
   14   14    1    1    1    1    1    1    1    1  0.00000E+00 0.00000 
   15   15    1    1    1    1    1    1    1    1  0.00000E+00 0.00000 
   16   16    1    1    1    1    1    1    1    1  0.00000E+00 0.00000 
   17   17    1    1    1    1    1    1    1    1  0.00000E+00 0.00000 
   18   18    1    1    1    1    1    1    1    1  0.00000E+00 0.00000 
   19   19    1    1    1    1    1    1    1    1  1.90741E+09 0.08882 
   20   20    1    1    1    1    1    1    1    1  2.68006E+08 0.08730 
   21   21    1    1    1    1    1    1    1    1  9.02670E+08 0.06452 
   22   22    1    1    1    1    1    1    1    1  9.52194E+08 0.04269 
   23   23    1    1    1    1    1    1    1    1  3.08517E+09 0.03675 
   24   24    1    1    1    1    1    1    1    1  9.63392E+09 0.01756 
   25   25    1    1    1    1    1    1    1    1  2.73414E+10 0.00909 
   26   26    1    1    1    1    1    1    1    1  4.83771E+10 0.00763 
   27   27    1    1    1    1    1    1    1    1  1.02276E+11 0.00567 
   28   28    1    1    1    1    1    1    1    1  2.03024E+11 0.00312 
   29   29    1    1    1    1    1    1    1    1  4.38530E+11 0.00225 
   30   30    1    1    1    1    1    1    1    1  6.62504E+11 0.00206 
   31   31    1    1    1    1    1    1    1    1  1.26323E+12 0.00160 
   32   32    1    1    1    1    1    1    1    1  2.67176E+12 0.00133 
   33   33    1    1    1    1    1    1    1    1  3.66333E+12 0.00099 
   34   34    1    1    1    1    1    1    1    1  6.79394E+12 0.00084 
   35   35    1    1    1    1    1    1    1    1  8.06631E+12 0.00069 
   36   36    1    1    1    1    1    1    1    1  9.57731E+12 0.00058 
   37   37    1    1    1    1    1    1    1    1  6.96472E+12 0.00052 
   38   38    1    1    1    1    1    1    1    1  2.08022E+12 0.00050 
   39   39    1    1    1    1    1    1    1    1  1.04423E+13 0.00050 
   40   40    1    1    1    1    1    1    1    1  1.27219E+13 0.00046 
   41   41    1    1    1    1    1    1    1    1  2.13316E+13 0.00035 
   42   42    1    1    1    1    1    1    1    1  1.96120E+13 0.00035 
   43   43    1    1    1    1    1    1    1    1  3.62682E+13 0.00031 
   44   44    1    1    1    1    1    1    1    1  3.94553E+13 0.00033 
   45   45    1    1    1    1    1    1    1    1  5.08975E+13 0.00027 
   46   46    1    1    1    1    1    1    1    1  9.06319E+13 0.00018 
   47   47    1    1    1    1    1    1    1    1  4.66003E+13 0.00016 
   48   48    1    1    1    1    1    1    1    1  6.61067E+13 0.00019 
   49   49    1    1    1    1    1    1    1    1  9.16583E+13 0.00018 
   50   50    1    1    1    1    1    1    1    1  8.16880E+13 0.00015 
   51   51    1    1    1    1    1    1    1    1  1.26859E+14 0.00018 
   52   52    1    1    1    1    1    1    1    1  9.72477E+13 0.00017 
   53   53    1    1    1    1    1    1    1    1  1.11865E+14 0.00021 
   54   54    1    1    1    1    1    1    1    1  7.87589E+13 0.00020 
   55   55    1    1    1    1    1    1    1    1  9.68535E+13 0.00017 
   56   56    1    1    1    1    1    1    1    1  6.80631E+13 0.00019 
   57   57    1    1    1    1    1    1    1    1  9.31356E+12 0.00033 
   58   58    1    1    1    1    1    1    1    1  1.31249E+14 0.00013 
   59   59    1    1    1    1    1    1    1    1  5.87390E+13 0.00022 
   60   60    1    1    1    1    1    1    1    1  6.29040E+13 0.00025 
   61   61    1    1    1    1    1    1    1    1  5.04530E+13 0.00023 
   62   62    1    1    1    1    1    1    1    1  5.02100E+13 0.00024 
   63   63    1    1    1    1    1    1    1    1  5.05447E+13 0.00020 
   64   64    1    1    1    1    1    1    1    1  4.21942E+13 0.00023 
   65   65    1    1    1    1    1    1    1    1  3.31053E+13 0.00029 
   66   66    1    1    1    1    1    1    1    1  3.22516E+13 0.00028 
   67   67    1    1    1    1    1    1    1    1  2.55182E+13 0.00039 
   68   68    1    1    1    1    1    1    1    1  2.08205E+13 0.00039 
   69   69    1    1    1    1    1    1    1    1  1.83049E+13 0.00033 
   70   70    1    1    1    1    1    1    1    1  2.22065E+13 0.00029 
   71   71    1    1    1    1    1    1    1    1  1.89277E+13 0.00037 
   72   72    1    1    1    1    1    1    1    1  3.44863E+13 0.00028 
   73   73    1    1    1    1    1    1    1    1  2.47461E+13 0.00028 
   74   74    1    1    1    1    1    1    1    1  1.90215E+13 0.00044 
   75   75    1    1    1    1    1    1    1    1  1.55409E+13 0.00053 
   76   76    1    1    1    1    1    1    1    1  1.29136E+13 0.00042 
   77   77    1    1    1    1    1    1    1    1  1.49406E+13 0.00040 
   78   78    1    1    1    1    1    1    1    1  1.18354E+13 0.00055 
   79   79    1    1    1    1    1    1    1    1  9.25186E+12 0.00050 
   80   80    1    1    1    1    1    1    1    1  9.63885E+12 0.00047 
   81   81    1    1    1    1    1    1    1    1  7.22214E+12 0.00064 
   82   82    1    1    1    1    1    1    1    1  5.59389E+12 0.00078 
   83   83    1    1    1    1    1    1    1    1  4.31718E+12 0.00105 
   84   84    1    1    1    1    1    1    1    1  4.03315E+12 0.00089 
   85   85    1    1    1    1    1    1    1    1  2.90952E+12 0.00099 
   86   86    1    1    1    1    1    1    1    1  2.10565E+12 0.00151 
   87   87    1    1    1    1    1    1    1    1  1.97139E+12 0.00142 
   88   88    1    1    1    1    1    1    1    1  1.20780E+12 0.00193 
   89   89    1    1    1    1    1    1    1    1  8.15785E+11 0.00251 
   90   90    1    1    1    1    1    1    1    1  4.70547E+11 0.00277 
   91   91    1    1    1    1    1    1    1    1  5.94400E+11 0.00307 
   92   92    1    1    1    1    1    1    1    1  0.00000E+00 0.00000 
   93   93    1    1    1    1    1    1    1    1  0.00000E+00 0.00000 
   94   94    1    1    1    1    1    1    1    1  0.00000E+00 0.00000 
   95   95    1    1    1    1    1    1    1    1  0.00000E+00 0.00000 
   96   96    1    1    1    1    1    1    1    1  0.00000E+00 0.00000 
   97   97    1    1    1    1    1    1    1    1  0.00000E+00 0.00000 
   98   98    1    1    1    1    1    1    1    1  0.00000E+00 0.00000 
   99   99    1    1    1    1    1    1    1    1  0.00000E+00 0.00000 
  100  100    1    1    1    1    1    1    1    1  0.00000E+00 0.00000 
];


