
DETdpaspec = [
    1    1    1    1    1    1    1    1    1    1  0.00000E+00 0.00000 
    2    2    1    1    1    1    1    1    1    1  0.00000E+00 0.00000 
    3    3    1    1    1    1    1    1    1    1  0.00000E+00 0.00000 
    4    4    1    1    1    1    1    1    1    1  0.00000E+00 0.00000 
    5    5    1    1    1    1    1    1    1    1  0.00000E+00 0.00000 
    6    6    1    1    1    1    1    1    1    1  0.00000E+00 0.00000 
    7    7    1    1    1    1    1    1    1    1  0.00000E+00 0.00000 
    8    8    1    1    1    1    1    1    1    1  0.00000E+00 0.00000 
    9    9    1    1    1    1    1    1    1    1  0.00000E+00 0.00000 
   10   10    1    1    1    1    1    1    1    1  0.00000E+00 0.00000 
   11   11    1    1    1    1    1    1    1    1  0.00000E+00 0.00000 
   12   12    1    1    1    1    1    1    1    1  0.00000E+00 0.00000 
   13   13    1    1    1    1    1    1    1    1  0.00000E+00 0.00000 
   14   14    1    1    1    1    1    1    1    1  0.00000E+00 0.00000 
   15   15    1    1    1    1    1    1    1    1  0.00000E+00 0.00000 
   16   16    1    1    1    1    1    1    1    1  0.00000E+00 0.00000 
   17   17    1    1    1    1    1    1    1    1  0.00000E+00 0.00000 
   18   18    1    1    1    1    1    1    1    1  0.00000E+00 0.00000 
   19   19    1    1    1    1    1    1    1    1  2.23291E+09 0.06139 
   20   20    1    1    1    1    1    1    1    1  2.91126E+08 0.08414 
   21   21    1    1    1    1    1    1    1    1  1.00567E+09 0.05182 
   22   22    1    1    1    1    1    1    1    1  9.31352E+08 0.04507 
   23   23    1    1    1    1    1    1    1    1  2.49130E+09 0.02972 
   24   24    1    1    1    1    1    1    1    1  7.31742E+09 0.01547 
   25   25    1    1    1    1    1    1    1    1  2.09086E+10 0.01142 
   26   26    1    1    1    1    1    1    1    1  3.74920E+10 0.00690 
   27   27    1    1    1    1    1    1    1    1  8.24906E+10 0.00625 
   28   28    1    1    1    1    1    1    1    1  1.68215E+11 0.00357 
   29   29    1    1    1    1    1    1    1    1  3.70894E+11 0.00299 
   30   30    1    1    1    1    1    1    1    1  5.66143E+11 0.00220 
   31   31    1    1    1    1    1    1    1    1  1.11439E+12 0.00175 
   32   32    1    1    1    1    1    1    1    1  2.41887E+12 0.00107 
   33   33    1    1    1    1    1    1    1    1  3.36879E+12 0.00094 
   34   34    1    1    1    1    1    1    1    1  6.33739E+12 0.00061 
   35   35    1    1    1    1    1    1    1    1  7.57843E+12 0.00055 
   36   36    1    1    1    1    1    1    1    1  9.16050E+12 0.00064 
   37   37    1    1    1    1    1    1    1    1  6.72401E+12 0.00045 
   38   38    1    1    1    1    1    1    1    1  2.01766E+12 0.00044 
   39   39    1    1    1    1    1    1    1    1  1.01244E+13 0.00041 
   40   40    1    1    1    1    1    1    1    1  1.23613E+13 0.00038 
   41   41    1    1    1    1    1    1    1    1  2.07856E+13 0.00033 
   42   42    1    1    1    1    1    1    1    1  1.91956E+13 0.00032 
   43   43    1    1    1    1    1    1    1    1  3.55229E+13 0.00030 
   44   44    1    1    1    1    1    1    1    1  3.87423E+13 0.00029 
   45   45    1    1    1    1    1    1    1    1  5.00965E+13 0.00023 
   46   46    1    1    1    1    1    1    1    1  8.95131E+13 0.00017 
   47   47    1    1    1    1    1    1    1    1  4.61712E+13 0.00017 
   48   48    1    1    1    1    1    1    1    1  6.56584E+13 0.00018 
   49   49    1    1    1    1    1    1    1    1  9.12037E+13 0.00019 
   50   50    1    1    1    1    1    1    1    1  8.14928E+13 0.00018 
   51   51    1    1    1    1    1    1    1    1  1.26674E+14 0.00015 
   52   52    1    1    1    1    1    1    1    1  9.74090E+13 0.00015 
   53   53    1    1    1    1    1    1    1    1  1.12088E+14 0.00015 
   54   54    1    1    1    1    1    1    1    1  7.90282E+13 0.00014 
   55   55    1    1    1    1    1    1    1    1  9.71815E+13 0.00018 
   56   56    1    1    1    1    1    1    1    1  6.83684E+13 0.00015 
   57   57    1    1    1    1    1    1    1    1  9.36190E+12 0.00036 
   58   58    1    1    1    1    1    1    1    1  1.32069E+14 0.00014 
   59   59    1    1    1    1    1    1    1    1  5.90747E+13 0.00018 
   60   60    1    1    1    1    1    1    1    1  6.33356E+13 0.00021 
   61   61    1    1    1    1    1    1    1    1  5.07904E+13 0.00023 
   62   62    1    1    1    1    1    1    1    1  5.05687E+13 0.00026 
   63   63    1    1    1    1    1    1    1    1  5.09580E+13 0.00021 
   64   64    1    1    1    1    1    1    1    1  4.25429E+13 0.00033 
   65   65    1    1    1    1    1    1    1    1  3.34060E+13 0.00028 
   66   66    1    1    1    1    1    1    1    1  3.25763E+13 0.00031 
   67   67    1    1    1    1    1    1    1    1  2.57845E+13 0.00032 
   68   68    1    1    1    1    1    1    1    1  2.10467E+13 0.00033 
   69   69    1    1    1    1    1    1    1    1  1.85262E+13 0.00038 
   70   70    1    1    1    1    1    1    1    1  2.25078E+13 0.00038 
   71   71    1    1    1    1    1    1    1    1  1.92061E+13 0.00049 
   72   72    1    1    1    1    1    1    1    1  3.50405E+13 0.00038 
   73   73    1    1    1    1    1    1    1    1  2.51780E+13 0.00043 
   74   74    1    1    1    1    1    1    1    1  1.93720E+13 0.00043 
   75   75    1    1    1    1    1    1    1    1  1.58245E+13 0.00041 
   76   76    1    1    1    1    1    1    1    1  1.31355E+13 0.00044 
   77   77    1    1    1    1    1    1    1    1  1.51950E+13 0.00052 
   78   78    1    1    1    1    1    1    1    1  1.20269E+13 0.00045 
   79   79    1    1    1    1    1    1    1    1  9.40283E+12 0.00054 
   80   80    1    1    1    1    1    1    1    1  9.77832E+12 0.00067 
   81   81    1    1    1    1    1    1    1    1  7.31267E+12 0.00073 
   82   82    1    1    1    1    1    1    1    1  5.67462E+12 0.00082 
   83   83    1    1    1    1    1    1    1    1  4.39028E+12 0.00079 
   84   84    1    1    1    1    1    1    1    1  4.09243E+12 0.00101 
   85   85    1    1    1    1    1    1    1    1  2.95510E+12 0.00130 
   86   86    1    1    1    1    1    1    1    1  2.13560E+12 0.00119 
   87   87    1    1    1    1    1    1    1    1  1.99635E+12 0.00128 
   88   88    1    1    1    1    1    1    1    1  1.22691E+12 0.00141 
   89   89    1    1    1    1    1    1    1    1  8.28573E+11 0.00168 
   90   90    1    1    1    1    1    1    1    1  4.76933E+11 0.00258 
   91   91    1    1    1    1    1    1    1    1  6.04353E+11 0.00242 
   92   92    1    1    1    1    1    1    1    1  0.00000E+00 0.00000 
   93   93    1    1    1    1    1    1    1    1  0.00000E+00 0.00000 
   94   94    1    1    1    1    1    1    1    1  0.00000E+00 0.00000 
   95   95    1    1    1    1    1    1    1    1  0.00000E+00 0.00000 
   96   96    1    1    1    1    1    1    1    1  0.00000E+00 0.00000 
   97   97    1    1    1    1    1    1    1    1  0.00000E+00 0.00000 
   98   98    1    1    1    1    1    1    1    1  0.00000E+00 0.00000 
   99   99    1    1    1    1    1    1    1    1  0.00000E+00 0.00000 
  100  100    1    1    1    1    1    1    1    1  0.00000E+00 0.00000 
];


