
DETdpaspec = [
    1    1    1    1    1    1    1    1    1    1  0.00000E+00 0.00000 
    2    2    1    1    1    1    1    1    1    1  0.00000E+00 0.00000 
    3    3    1    1    1    1    1    1    1    1  0.00000E+00 0.00000 
    4    4    1    1    1    1    1    1    1    1  0.00000E+00 0.00000 
    5    5    1    1    1    1    1    1    1    1  0.00000E+00 0.00000 
    6    6    1    1    1    1    1    1    1    1  0.00000E+00 0.00000 
    7    7    1    1    1    1    1    1    1    1  0.00000E+00 0.00000 
    8    8    1    1    1    1    1    1    1    1  0.00000E+00 0.00000 
    9    9    1    1    1    1    1    1    1    1  0.00000E+00 0.00000 
   10   10    1    1    1    1    1    1    1    1  0.00000E+00 0.00000 
   11   11    1    1    1    1    1    1    1    1  0.00000E+00 0.00000 
   12   12    1    1    1    1    1    1    1    1  0.00000E+00 0.00000 
   13   13    1    1    1    1    1    1    1    1  0.00000E+00 0.00000 
   14   14    1    1    1    1    1    1    1    1  0.00000E+00 0.00000 
   15   15    1    1    1    1    1    1    1    1  0.00000E+00 0.00000 
   16   16    1    1    1    1    1    1    1    1  0.00000E+00 0.00000 
   17   17    1    1    1    1    1    1    1    1  0.00000E+00 0.00000 
   18   18    1    1    1    1    1    1    1    1  0.00000E+00 0.00000 
   19   19    1    1    1    1    1    1    1    1  2.50446E+09 0.06108 
   20   20    1    1    1    1    1    1    1    1  3.42985E+08 0.06854 
   21   21    1    1    1    1    1    1    1    1  1.15637E+09 0.04944 
   22   22    1    1    1    1    1    1    1    1  1.01481E+09 0.04484 
   23   23    1    1    1    1    1    1    1    1  2.50580E+09 0.02951 
   24   24    1    1    1    1    1    1    1    1  4.85486E+09 0.01912 
   25   25    1    1    1    1    1    1    1    1  1.13966E+10 0.01521 
   26   26    1    1    1    1    1    1    1    1  1.93958E+10 0.01204 
   27   27    1    1    1    1    1    1    1    1  4.30185E+10 0.00898 
   28   28    1    1    1    1    1    1    1    1  9.18143E+10 0.00538 
   29   29    1    1    1    1    1    1    1    1  2.18398E+11 0.00315 
   30   30    1    1    1    1    1    1    1    1  3.36076E+11 0.00279 
   31   31    1    1    1    1    1    1    1    1  7.50010E+11 0.00219 
   32   32    1    1    1    1    1    1    1    1  1.76859E+12 0.00161 
   33   33    1    1    1    1    1    1    1    1  2.60062E+12 0.00096 
   34   34    1    1    1    1    1    1    1    1  5.11964E+12 0.00100 
   35   35    1    1    1    1    1    1    1    1  6.16974E+12 0.00066 
   36   36    1    1    1    1    1    1    1    1  7.99818E+12 0.00065 
   37   37    1    1    1    1    1    1    1    1  6.08314E+12 0.00055 
   38   38    1    1    1    1    1    1    1    1  1.86057E+12 0.00056 
   39   39    1    1    1    1    1    1    1    1  9.26932E+12 0.00045 
   40   40    1    1    1    1    1    1    1    1  1.14146E+13 0.00044 
   41   41    1    1    1    1    1    1    1    1  1.92187E+13 0.00033 
   42   42    1    1    1    1    1    1    1    1  1.81147E+13 0.00037 
   43   43    1    1    1    1    1    1    1    1  3.35356E+13 0.00034 
   44   44    1    1    1    1    1    1    1    1  3.68382E+13 0.00029 
   45   45    1    1    1    1    1    1    1    1  4.79905E+13 0.00030 
   46   46    1    1    1    1    1    1    1    1  8.63001E+13 0.00020 
   47   47    1    1    1    1    1    1    1    1  4.49853E+13 0.00018 
   48   48    1    1    1    1    1    1    1    1  6.45203E+13 0.00017 
   49   49    1    1    1    1    1    1    1    1  9.00931E+13 0.00019 
   50   50    1    1    1    1    1    1    1    1  8.12704E+13 0.00017 
   51   51    1    1    1    1    1    1    1    1  1.26223E+14 0.00013 
   52   52    1    1    1    1    1    1    1    1  9.82678E+13 0.00016 
   53   53    1    1    1    1    1    1    1    1  1.12753E+14 0.00015 
   54   54    1    1    1    1    1    1    1    1  8.00437E+13 0.00018 
   55   55    1    1    1    1    1    1    1    1  9.80756E+13 0.00015 
   56   56    1    1    1    1    1    1    1    1  6.92853E+13 0.00019 
   57   57    1    1    1    1    1    1    1    1  9.51784E+12 0.00029 
   58   58    1    1    1    1    1    1    1    1  1.34330E+14 0.00013 
   59   59    1    1    1    1    1    1    1    1  5.97446E+13 0.00019 
   60   60    1    1    1    1    1    1    1    1  6.44608E+13 0.00020 
   61   61    1    1    1    1    1    1    1    1  5.14786E+13 0.00022 
   62   62    1    1    1    1    1    1    1    1  5.13935E+13 0.00024 
   63   63    1    1    1    1    1    1    1    1  5.18025E+13 0.00020 
   64   64    1    1    1    1    1    1    1    1  4.33282E+13 0.00021 
   65   65    1    1    1    1    1    1    1    1  3.40870E+13 0.00029 
   66   66    1    1    1    1    1    1    1    1  3.33562E+13 0.00026 
   67   67    1    1    1    1    1    1    1    1  2.64388E+13 0.00034 
   68   68    1    1    1    1    1    1    1    1  2.16763E+13 0.00036 
   69   69    1    1    1    1    1    1    1    1  1.91181E+13 0.00042 
   70   70    1    1    1    1    1    1    1    1  2.32576E+13 0.00042 
   71   71    1    1    1    1    1    1    1    1  1.99193E+13 0.00049 
   72   72    1    1    1    1    1    1    1    1  3.67601E+13 0.00036 
   73   73    1    1    1    1    1    1    1    1  2.65860E+13 0.00034 
   74   74    1    1    1    1    1    1    1    1  2.04848E+13 0.00042 
   75   75    1    1    1    1    1    1    1    1  1.66436E+13 0.00056 
   76   76    1    1    1    1    1    1    1    1  1.37501E+13 0.00056 
   77   77    1    1    1    1    1    1    1    1  1.58467E+13 0.00061 
   78   78    1    1    1    1    1    1    1    1  1.24725E+13 0.00059 
   79   79    1    1    1    1    1    1    1    1  9.69786E+12 0.00064 
   80   80    1    1    1    1    1    1    1    1  1.00477E+13 0.00047 
   81   81    1    1    1    1    1    1    1    1  7.53215E+12 0.00073 
   82   82    1    1    1    1    1    1    1    1  5.81105E+12 0.00068 
   83   83    1    1    1    1    1    1    1    1  4.49114E+12 0.00073 
   84   84    1    1    1    1    1    1    1    1  4.19381E+12 0.00077 
   85   85    1    1    1    1    1    1    1    1  3.02851E+12 0.00126 
   86   86    1    1    1    1    1    1    1    1  2.18160E+12 0.00119 
   87   87    1    1    1    1    1    1    1    1  2.04801E+12 0.00118 
   88   88    1    1    1    1    1    1    1    1  1.26155E+12 0.00162 
   89   89    1    1    1    1    1    1    1    1  8.50763E+11 0.00213 
   90   90    1    1    1    1    1    1    1    1  4.94927E+11 0.00294 
   91   91    1    1    1    1    1    1    1    1  6.26043E+11 0.00260 
   92   92    1    1    1    1    1    1    1    1  0.00000E+00 0.00000 
   93   93    1    1    1    1    1    1    1    1  0.00000E+00 0.00000 
   94   94    1    1    1    1    1    1    1    1  0.00000E+00 0.00000 
   95   95    1    1    1    1    1    1    1    1  0.00000E+00 0.00000 
   96   96    1    1    1    1    1    1    1    1  0.00000E+00 0.00000 
   97   97    1    1    1    1    1    1    1    1  0.00000E+00 0.00000 
   98   98    1    1    1    1    1    1    1    1  0.00000E+00 0.00000 
   99   99    1    1    1    1    1    1    1    1  0.00000E+00 0.00000 
  100  100    1    1    1    1    1    1    1    1  0.00000E+00 0.00000 
];


