
DETdpaspec = [
    1    1    1    1    1    1    1    1    1    1  0.00000E+00 0.00000 
    2    2    1    1    1    1    1    1    1    1  0.00000E+00 0.00000 
    3    3    1    1    1    1    1    1    1    1  0.00000E+00 0.00000 
    4    4    1    1    1    1    1    1    1    1  0.00000E+00 0.00000 
    5    5    1    1    1    1    1    1    1    1  0.00000E+00 0.00000 
    6    6    1    1    1    1    1    1    1    1  0.00000E+00 0.00000 
    7    7    1    1    1    1    1    1    1    1  0.00000E+00 0.00000 
    8    8    1    1    1    1    1    1    1    1  0.00000E+00 0.00000 
    9    9    1    1    1    1    1    1    1    1  0.00000E+00 0.00000 
   10   10    1    1    1    1    1    1    1    1  0.00000E+00 0.00000 
   11   11    1    1    1    1    1    1    1    1  0.00000E+00 0.00000 
   12   12    1    1    1    1    1    1    1    1  0.00000E+00 0.00000 
   13   13    1    1    1    1    1    1    1    1  0.00000E+00 0.00000 
   14   14    1    1    1    1    1    1    1    1  0.00000E+00 0.00000 
   15   15    1    1    1    1    1    1    1    1  0.00000E+00 0.00000 
   16   16    1    1    1    1    1    1    1    1  0.00000E+00 0.00000 
   17   17    1    1    1    1    1    1    1    1  0.00000E+00 0.00000 
   18   18    1    1    1    1    1    1    1    1  0.00000E+00 0.00000 
   19   19    1    1    1    1    1    1    1    1  2.47505E+09 0.04727 
   20   20    1    1    1    1    1    1    1    1  4.23428E+08 0.07656 
   21   21    1    1    1    1    1    1    1    1  1.39704E+09 0.05350 
   22   22    1    1    1    1    1    1    1    1  1.13819E+09 0.03275 
   23   23    1    1    1    1    1    1    1    1  2.48543E+09 0.03018 
   24   24    1    1    1    1    1    1    1    1  4.80218E+09 0.02375 
   25   25    1    1    1    1    1    1    1    1  1.06339E+10 0.01363 
   26   26    1    1    1    1    1    1    1    1  1.82196E+10 0.01407 
   27   27    1    1    1    1    1    1    1    1  4.10753E+10 0.00756 
   28   28    1    1    1    1    1    1    1    1  8.86355E+10 0.00512 
   29   29    1    1    1    1    1    1    1    1  2.10924E+11 0.00343 
   30   30    1    1    1    1    1    1    1    1  3.21581E+11 0.00303 
   31   31    1    1    1    1    1    1    1    1  7.26944E+11 0.00194 
   32   32    1    1    1    1    1    1    1    1  1.71942E+12 0.00139 
   33   33    1    1    1    1    1    1    1    1  2.53932E+12 0.00088 
   34   34    1    1    1    1    1    1    1    1  5.01832E+12 0.00082 
   35   35    1    1    1    1    1    1    1    1  6.03050E+12 0.00067 
   36   36    1    1    1    1    1    1    1    1  7.90111E+12 0.00055 
   37   37    1    1    1    1    1    1    1    1  6.03063E+12 0.00048 
   38   38    1    1    1    1    1    1    1    1  1.85073E+12 0.00041 
   39   39    1    1    1    1    1    1    1    1  9.20083E+12 0.00045 
   40   40    1    1    1    1    1    1    1    1  1.13452E+13 0.00045 
   41   41    1    1    1    1    1    1    1    1  1.90854E+13 0.00038 
   42   42    1    1    1    1    1    1    1    1  1.80533E+13 0.00038 
   43   43    1    1    1    1    1    1    1    1  3.33952E+13 0.00028 
   44   44    1    1    1    1    1    1    1    1  3.67162E+13 0.00030 
   45   45    1    1    1    1    1    1    1    1  4.78344E+13 0.00027 
   46   46    1    1    1    1    1    1    1    1  8.60133E+13 0.00020 
   47   47    1    1    1    1    1    1    1    1  4.49028E+13 0.00019 
   48   48    1    1    1    1    1    1    1    1  6.44638E+13 0.00016 
   49   49    1    1    1    1    1    1    1    1  9.00156E+13 0.00014 
   50   50    1    1    1    1    1    1    1    1  8.13461E+13 0.00020 
   51   51    1    1    1    1    1    1    1    1  1.26215E+14 0.00014 
   52   52    1    1    1    1    1    1    1    1  9.84320E+13 0.00017 
   53   53    1    1    1    1    1    1    1    1  1.12862E+14 0.00015 
   54   54    1    1    1    1    1    1    1    1  8.02065E+13 0.00018 
   55   55    1    1    1    1    1    1    1    1  9.81208E+13 0.00016 
   56   56    1    1    1    1    1    1    1    1  6.93594E+13 0.00018 
   57   57    1    1    1    1    1    1    1    1  9.53650E+12 0.00035 
   58   58    1    1    1    1    1    1    1    1  1.34560E+14 0.00016 
   59   59    1    1    1    1    1    1    1    1  5.97269E+13 0.00023 
   60   60    1    1    1    1    1    1    1    1  6.45721E+13 0.00017 
   61   61    1    1    1    1    1    1    1    1  5.14917E+13 0.00026 
   62   62    1    1    1    1    1    1    1    1  5.14038E+13 0.00025 
   63   63    1    1    1    1    1    1    1    1  5.18135E+13 0.00023 
   64   64    1    1    1    1    1    1    1    1  4.33395E+13 0.00029 
   65   65    1    1    1    1    1    1    1    1  3.41254E+13 0.00036 
   66   66    1    1    1    1    1    1    1    1  3.33974E+13 0.00027 
   67   67    1    1    1    1    1    1    1    1  2.64747E+13 0.00032 
   68   68    1    1    1    1    1    1    1    1  2.17210E+13 0.00039 
   69   69    1    1    1    1    1    1    1    1  1.91696E+13 0.00037 
   70   70    1    1    1    1    1    1    1    1  2.33129E+13 0.00036 
   71   71    1    1    1    1    1    1    1    1  1.99607E+13 0.00046 
   72   72    1    1    1    1    1    1    1    1  3.68975E+13 0.00045 
   73   73    1    1    1    1    1    1    1    1  2.67189E+13 0.00044 
   74   74    1    1    1    1    1    1    1    1  2.05926E+13 0.00043 
   75   75    1    1    1    1    1    1    1    1  1.67199E+13 0.00043 
   76   76    1    1    1    1    1    1    1    1  1.37915E+13 0.00058 
   77   77    1    1    1    1    1    1    1    1  1.58741E+13 0.00044 
   78   78    1    1    1    1    1    1    1    1  1.24857E+13 0.00060 
   79   79    1    1    1    1    1    1    1    1  9.70651E+12 0.00053 
   80   80    1    1    1    1    1    1    1    1  1.00489E+13 0.00072 
   81   81    1    1    1    1    1    1    1    1  7.50923E+12 0.00069 
   82   82    1    1    1    1    1    1    1    1  5.80894E+12 0.00077 
   83   83    1    1    1    1    1    1    1    1  4.48291E+12 0.00077 
   84   84    1    1    1    1    1    1    1    1  4.19729E+12 0.00096 
   85   85    1    1    1    1    1    1    1    1  3.01596E+12 0.00114 
   86   86    1    1    1    1    1    1    1    1  2.18123E+12 0.00118 
   87   87    1    1    1    1    1    1    1    1  2.04369E+12 0.00136 
   88   88    1    1    1    1    1    1    1    1  1.26181E+12 0.00178 
   89   89    1    1    1    1    1    1    1    1  8.50692E+11 0.00190 
   90   90    1    1    1    1    1    1    1    1  4.92078E+11 0.00326 
   91   91    1    1    1    1    1    1    1    1  6.26123E+11 0.00238 
   92   92    1    1    1    1    1    1    1    1  0.00000E+00 0.00000 
   93   93    1    1    1    1    1    1    1    1  0.00000E+00 0.00000 
   94   94    1    1    1    1    1    1    1    1  0.00000E+00 0.00000 
   95   95    1    1    1    1    1    1    1    1  0.00000E+00 0.00000 
   96   96    1    1    1    1    1    1    1    1  0.00000E+00 0.00000 
   97   97    1    1    1    1    1    1    1    1  0.00000E+00 0.00000 
   98   98    1    1    1    1    1    1    1    1  0.00000E+00 0.00000 
   99   99    1    1    1    1    1    1    1    1  0.00000E+00 0.00000 
  100  100    1    1    1    1    1    1    1    1  0.00000E+00 0.00000 
];


