
DETdpaspec = [
    1    1    1    1    1    1    1    1    1    1  0.00000E+00 0.00000 
    2    2    1    1    1    1    1    1    1    1  0.00000E+00 0.00000 
    3    3    1    1    1    1    1    1    1    1  0.00000E+00 0.00000 
    4    4    1    1    1    1    1    1    1    1  0.00000E+00 0.00000 
    5    5    1    1    1    1    1    1    1    1  0.00000E+00 0.00000 
    6    6    1    1    1    1    1    1    1    1  0.00000E+00 0.00000 
    7    7    1    1    1    1    1    1    1    1  0.00000E+00 0.00000 
    8    8    1    1    1    1    1    1    1    1  0.00000E+00 0.00000 
    9    9    1    1    1    1    1    1    1    1  0.00000E+00 0.00000 
   10   10    1    1    1    1    1    1    1    1  0.00000E+00 0.00000 
   11   11    1    1    1    1    1    1    1    1  0.00000E+00 0.00000 
   12   12    1    1    1    1    1    1    1    1  0.00000E+00 0.00000 
   13   13    1    1    1    1    1    1    1    1  0.00000E+00 0.00000 
   14   14    1    1    1    1    1    1    1    1  0.00000E+00 0.00000 
   15   15    1    1    1    1    1    1    1    1  0.00000E+00 0.00000 
   16   16    1    1    1    1    1    1    1    1  0.00000E+00 0.00000 
   17   17    1    1    1    1    1    1    1    1  0.00000E+00 0.00000 
   18   18    1    1    1    1    1    1    1    1  0.00000E+00 0.00000 
   19   19    1    1    1    1    1    1    1    1  3.36179E+09 0.03757 
   20   20    1    1    1    1    1    1    1    1  6.18686E+08 0.04864 
   21   21    1    1    1    1    1    1    1    1  1.93723E+09 0.04376 
   22   22    1    1    1    1    1    1    1    1  1.57246E+09 0.03423 
   23   23    1    1    1    1    1    1    1    1  3.83294E+09 0.02332 
   24   24    1    1    1    1    1    1    1    1  6.35813E+09 0.01712 
   25   25    1    1    1    1    1    1    1    1  1.14596E+10 0.01574 
   26   26    1    1    1    1    1    1    1    1  1.76281E+10 0.01121 
   27   27    1    1    1    1    1    1    1    1  3.64744E+10 0.00789 
   28   28    1    1    1    1    1    1    1    1  7.75079E+10 0.00598 
   29   29    1    1    1    1    1    1    1    1  1.77524E+11 0.00391 
   30   30    1    1    1    1    1    1    1    1  2.62598E+11 0.00372 
   31   31    1    1    1    1    1    1    1    1  6.47532E+11 0.00238 
   32   32    1    1    1    1    1    1    1    1  1.56742E+12 0.00180 
   33   33    1    1    1    1    1    1    1    1  2.36126E+12 0.00148 
   34   34    1    1    1    1    1    1    1    1  4.71582E+12 0.00096 
   35   35    1    1    1    1    1    1    1    1  5.58476E+12 0.00087 
   36   36    1    1    1    1    1    1    1    1  7.69448E+12 0.00058 
   37   37    1    1    1    1    1    1    1    1  5.98656E+12 0.00042 
   38   38    1    1    1    1    1    1    1    1  1.86759E+12 0.00042 
   39   39    1    1    1    1    1    1    1    1  9.16131E+12 0.00043 
   40   40    1    1    1    1    1    1    1    1  1.12959E+13 0.00042 
   41   41    1    1    1    1    1    1    1    1  1.88890E+13 0.00030 
   42   42    1    1    1    1    1    1    1    1  1.81426E+13 0.00033 
   43   43    1    1    1    1    1    1    1    1  3.32616E+13 0.00032 
   44   44    1    1    1    1    1    1    1    1  3.65785E+13 0.00032 
   45   45    1    1    1    1    1    1    1    1  4.76884E+13 0.00025 
   46   46    1    1    1    1    1    1    1    1  8.54907E+13 0.00020 
   47   47    1    1    1    1    1    1    1    1  4.47751E+13 0.00018 
   48   48    1    1    1    1    1    1    1    1  6.46915E+13 0.00021 
   49   49    1    1    1    1    1    1    1    1  9.02585E+13 0.00016 
   50   50    1    1    1    1    1    1    1    1  8.21035E+13 0.00018 
   51   51    1    1    1    1    1    1    1    1  1.26565E+14 0.00014 
   52   52    1    1    1    1    1    1    1    1  9.95443E+13 0.00016 
   53   53    1    1    1    1    1    1    1    1  1.13363E+14 0.00021 
   54   54    1    1    1    1    1    1    1    1  8.08160E+13 0.00016 
   55   55    1    1    1    1    1    1    1    1  9.81689E+13 0.00016 
   56   56    1    1    1    1    1    1    1    1  6.95782E+13 0.00020 
   57   57    1    1    1    1    1    1    1    1  9.59469E+12 0.00027 
   58   58    1    1    1    1    1    1    1    1  1.35175E+14 0.00015 
   59   59    1    1    1    1    1    1    1    1  5.93928E+13 0.00025 
   60   60    1    1    1    1    1    1    1    1  6.45527E+13 0.00023 
   61   61    1    1    1    1    1    1    1    1  5.10936E+13 0.00019 
   62   62    1    1    1    1    1    1    1    1  5.11363E+13 0.00026 
   63   63    1    1    1    1    1    1    1    1  5.14735E+13 0.00021 
   64   64    1    1    1    1    1    1    1    1  4.29865E+13 0.00021 
   65   65    1    1    1    1    1    1    1    1  3.38911E+13 0.00028 
   66   66    1    1    1    1    1    1    1    1  3.32585E+13 0.00026 
   67   67    1    1    1    1    1    1    1    1  2.63536E+13 0.00034 
   68   68    1    1    1    1    1    1    1    1  2.16851E+13 0.00036 
   69   69    1    1    1    1    1    1    1    1  1.91618E+13 0.00040 
   70   70    1    1    1    1    1    1    1    1  2.32957E+13 0.00034 
   71   71    1    1    1    1    1    1    1    1  2.00235E+13 0.00051 
   72   72    1    1    1    1    1    1    1    1  3.74118E+13 0.00032 
   73   73    1    1    1    1    1    1    1    1  2.71983E+13 0.00038 
   74   74    1    1    1    1    1    1    1    1  2.09457E+13 0.00042 
   75   75    1    1    1    1    1    1    1    1  1.68959E+13 0.00042 
   76   76    1    1    1    1    1    1    1    1  1.38399E+13 0.00049 
   77   77    1    1    1    1    1    1    1    1  1.58426E+13 0.00049 
   78   78    1    1    1    1    1    1    1    1  1.23437E+13 0.00057 
   79   79    1    1    1    1    1    1    1    1  9.54944E+12 0.00050 
   80   80    1    1    1    1    1    1    1    1  9.85707E+12 0.00066 
   81   81    1    1    1    1    1    1    1    1  7.33848E+12 0.00062 
   82   82    1    1    1    1    1    1    1    1  5.66398E+12 0.00087 
   83   83    1    1    1    1    1    1    1    1  4.36378E+12 0.00086 
   84   84    1    1    1    1    1    1    1    1  4.08669E+12 0.00091 
   85   85    1    1    1    1    1    1    1    1  2.93281E+12 0.00111 
   86   86    1    1    1    1    1    1    1    1  2.11867E+12 0.00127 
   87   87    1    1    1    1    1    1    1    1  1.98143E+12 0.00130 
   88   88    1    1    1    1    1    1    1    1  1.22816E+12 0.00170 
   89   89    1    1    1    1    1    1    1    1  8.31283E+11 0.00220 
   90   90    1    1    1    1    1    1    1    1  4.82034E+11 0.00256 
   91   91    1    1    1    1    1    1    1    1  6.15494E+11 0.00238 
   92   92    1    1    1    1    1    1    1    1  0.00000E+00 0.00000 
   93   93    1    1    1    1    1    1    1    1  0.00000E+00 0.00000 
   94   94    1    1    1    1    1    1    1    1  0.00000E+00 0.00000 
   95   95    1    1    1    1    1    1    1    1  0.00000E+00 0.00000 
   96   96    1    1    1    1    1    1    1    1  0.00000E+00 0.00000 
   97   97    1    1    1    1    1    1    1    1  0.00000E+00 0.00000 
   98   98    1    1    1    1    1    1    1    1  0.00000E+00 0.00000 
   99   99    1    1    1    1    1    1    1    1  0.00000E+00 0.00000 
  100  100    1    1    1    1    1    1    1    1  0.00000E+00 0.00000 
];


