
DETdpaspec = [
    1    1    1    1    1    1    1    1    1    1  0.00000E+00 0.00000 
    2    2    1    1    1    1    1    1    1    1  0.00000E+00 0.00000 
    3    3    1    1    1    1    1    1    1    1  0.00000E+00 0.00000 
    4    4    1    1    1    1    1    1    1    1  0.00000E+00 0.00000 
    5    5    1    1    1    1    1    1    1    1  0.00000E+00 0.00000 
    6    6    1    1    1    1    1    1    1    1  0.00000E+00 0.00000 
    7    7    1    1    1    1    1    1    1    1  0.00000E+00 0.00000 
    8    8    1    1    1    1    1    1    1    1  0.00000E+00 0.00000 
    9    9    1    1    1    1    1    1    1    1  0.00000E+00 0.00000 
   10   10    1    1    1    1    1    1    1    1  0.00000E+00 0.00000 
   11   11    1    1    1    1    1    1    1    1  0.00000E+00 0.00000 
   12   12    1    1    1    1    1    1    1    1  0.00000E+00 0.00000 
   13   13    1    1    1    1    1    1    1    1  0.00000E+00 0.00000 
   14   14    1    1    1    1    1    1    1    1  0.00000E+00 0.00000 
   15   15    1    1    1    1    1    1    1    1  0.00000E+00 0.00000 
   16   16    1    1    1    1    1    1    1    1  0.00000E+00 0.00000 
   17   17    1    1    1    1    1    1    1    1  0.00000E+00 0.00000 
   18   18    1    1    1    1    1    1    1    1  0.00000E+00 0.00000 
   19   19    1    1    1    1    1    1    1    1  1.97972E+09 0.10136 
   20   20    1    1    1    1    1    1    1    1  7.09502E+08 0.07283 
   21   21    1    1    1    1    1    1    1    1  4.06542E+09 0.02767 
   22   22    1    1    1    1    1    1    1    1  1.11624E+10 0.01431 
   23   23    1    1    1    1    1    1    1    1  4.73801E+10 0.00981 
   24   24    1    1    1    1    1    1    1    1  1.47591E+11 0.00525 
   25   25    1    1    1    1    1    1    1    1  3.12566E+11 0.00333 
   26   26    1    1    1    1    1    1    1    1  4.24406E+11 0.00260 
   27   27    1    1    1    1    1    1    1    1  7.16533E+11 0.00202 
   28   28    1    1    1    1    1    1    1    1  1.11144E+12 0.00153 
   29   29    1    1    1    1    1    1    1    1  1.78412E+12 0.00128 
   30   30    1    1    1    1    1    1    1    1  2.30025E+12 0.00122 
   31   31    1    1    1    1    1    1    1    1  3.63581E+12 0.00101 
   32   32    1    1    1    1    1    1    1    1  6.03273E+12 0.00092 
   33   33    1    1    1    1    1    1    1    1  7.31744E+12 0.00068 
   34   34    1    1    1    1    1    1    1    1  1.19821E+13 0.00058 
   35   35    1    1    1    1    1    1    1    1  1.31696E+13 0.00046 
   36   36    1    1    1    1    1    1    1    1  1.39337E+13 0.00040 
   37   37    1    1    1    1    1    1    1    1  9.44720E+12 0.00037 
   38   38    1    1    1    1    1    1    1    1  2.74079E+12 0.00038 
   39   39    1    1    1    1    1    1    1    1  1.37220E+13 0.00033 
   40   40    1    1    1    1    1    1    1    1  1.63277E+13 0.00032 
   41   41    1    1    1    1    1    1    1    1  2.68265E+13 0.00026 
   42   42    1    1    1    1    1    1    1    1  2.38024E+13 0.00024 
   43   43    1    1    1    1    1    1    1    1  4.33695E+13 0.00024 
   44   44    1    1    1    1    1    1    1    1  4.60894E+13 0.00023 
   45   45    1    1    1    1    1    1    1    1  5.81308E+13 0.00019 
   46   46    1    1    1    1    1    1    1    1  1.00779E+14 0.00017 
   47   47    1    1    1    1    1    1    1    1  5.03176E+13 0.00015 
   48   48    1    1    1    1    1    1    1    1  7.02946E+13 0.00019 
   49   49    1    1    1    1    1    1    1    1  9.55817E+13 0.00014 
   50   50    1    1    1    1    1    1    1    1  8.35758E+13 0.00016 
   51   51    1    1    1    1    1    1    1    1  1.28068E+14 0.00015 
   52   52    1    1    1    1    1    1    1    1  9.59233E+13 0.00012 
   53   53    1    1    1    1    1    1    1    1  1.09472E+14 0.00018 
   54   54    1    1    1    1    1    1    1    1  7.58515E+13 0.00015 
   55   55    1    1    1    1    1    1    1    1  9.28638E+13 0.00018 
   56   56    1    1    1    1    1    1    1    1  6.45424E+13 0.00016 
   57   57    1    1    1    1    1    1    1    1  8.78580E+12 0.00037 
   58   58    1    1    1    1    1    1    1    1  1.23111E+14 0.00014 
   59   59    1    1    1    1    1    1    1    1  5.49338E+13 0.00023 
   60   60    1    1    1    1    1    1    1    1  5.82048E+13 0.00015 
   61   61    1    1    1    1    1    1    1    1  4.65896E+13 0.00020 
   62   62    1    1    1    1    1    1    1    1  4.61031E+13 0.00019 
   63   63    1    1    1    1    1    1    1    1  4.61629E+13 0.00025 
   64   64    1    1    1    1    1    1    1    1  3.83200E+13 0.00030 
   65   65    1    1    1    1    1    1    1    1  2.98511E+13 0.00026 
   66   66    1    1    1    1    1    1    1    1  2.89000E+13 0.00031 
   67   67    1    1    1    1    1    1    1    1  2.27367E+13 0.00037 
   68   68    1    1    1    1    1    1    1    1  1.84242E+13 0.00034 
   69   69    1    1    1    1    1    1    1    1  1.61390E+13 0.00038 
   70   70    1    1    1    1    1    1    1    1  1.94693E+13 0.00034 
   71   71    1    1    1    1    1    1    1    1  1.64682E+13 0.00039 
   72   72    1    1    1    1    1    1    1    1  2.95339E+13 0.00035 
   73   73    1    1    1    1    1    1    1    1  2.09582E+13 0.00042 
   74   74    1    1    1    1    1    1    1    1  1.60291E+13 0.00049 
   75   75    1    1    1    1    1    1    1    1  1.30816E+13 0.00050 
   76   76    1    1    1    1    1    1    1    1  1.08886E+13 0.00046 
   77   77    1    1    1    1    1    1    1    1  1.26106E+13 0.00050 
   78   78    1    1    1    1    1    1    1    1  1.00017E+13 0.00057 
   79   79    1    1    1    1    1    1    1    1  7.82265E+12 0.00055 
   80   80    1    1    1    1    1    1    1    1  8.13669E+12 0.00054 
   81   81    1    1    1    1    1    1    1    1  6.08318E+12 0.00063 
   82   82    1    1    1    1    1    1    1    1  4.70322E+12 0.00064 
   83   83    1    1    1    1    1    1    1    1  3.62508E+12 0.00091 
   84   84    1    1    1    1    1    1    1    1  3.37264E+12 0.00082 
   85   85    1    1    1    1    1    1    1    1  2.42179E+12 0.00097 
   86   86    1    1    1    1    1    1    1    1  1.74249E+12 0.00128 
   87   87    1    1    1    1    1    1    1    1  1.62808E+12 0.00119 
   88   88    1    1    1    1    1    1    1    1  9.90951E+11 0.00114 
   89   89    1    1    1    1    1    1    1    1  6.63770E+11 0.00219 
   90   90    1    1    1    1    1    1    1    1  3.77628E+11 0.00313 
   91   91    1    1    1    1    1    1    1    1  4.68790E+11 0.00259 
   92   92    1    1    1    1    1    1    1    1  0.00000E+00 0.00000 
   93   93    1    1    1    1    1    1    1    1  0.00000E+00 0.00000 
   94   94    1    1    1    1    1    1    1    1  0.00000E+00 0.00000 
   95   95    1    1    1    1    1    1    1    1  0.00000E+00 0.00000 
   96   96    1    1    1    1    1    1    1    1  0.00000E+00 0.00000 
   97   97    1    1    1    1    1    1    1    1  0.00000E+00 0.00000 
   98   98    1    1    1    1    1    1    1    1  0.00000E+00 0.00000 
   99   99    1    1    1    1    1    1    1    1  0.00000E+00 0.00000 
  100  100    1    1    1    1    1    1    1    1  0.00000E+00 0.00000 
];


