
DETdpaspec = [
    1    1    1    1    1    1    1    1    1    1  0.00000E+00 0.00000 
    2    2    1    1    1    1    1    1    1    1  0.00000E+00 0.00000 
    3    3    1    1    1    1    1    1    1    1  0.00000E+00 0.00000 
    4    4    1    1    1    1    1    1    1    1  0.00000E+00 0.00000 
    5    5    1    1    1    1    1    1    1    1  0.00000E+00 0.00000 
    6    6    1    1    1    1    1    1    1    1  0.00000E+00 0.00000 
    7    7    1    1    1    1    1    1    1    1  0.00000E+00 0.00000 
    8    8    1    1    1    1    1    1    1    1  0.00000E+00 0.00000 
    9    9    1    1    1    1    1    1    1    1  0.00000E+00 0.00000 
   10   10    1    1    1    1    1    1    1    1  0.00000E+00 0.00000 
   11   11    1    1    1    1    1    1    1    1  0.00000E+00 0.00000 
   12   12    1    1    1    1    1    1    1    1  0.00000E+00 0.00000 
   13   13    1    1    1    1    1    1    1    1  0.00000E+00 0.00000 
   14   14    1    1    1    1    1    1    1    1  0.00000E+00 0.00000 
   15   15    1    1    1    1    1    1    1    1  0.00000E+00 0.00000 
   16   16    1    1    1    1    1    1    1    1  0.00000E+00 0.00000 
   17   17    1    1    1    1    1    1    1    1  0.00000E+00 0.00000 
   18   18    1    1    1    1    1    1    1    1  0.00000E+00 0.00000 
   19   19    1    1    1    1    1    1    1    1  2.93424E+09 0.03795 
   20   20    1    1    1    1    1    1    1    1  5.31439E+08 0.05078 
   21   21    1    1    1    1    1    1    1    1  1.79885E+09 0.04425 
   22   22    1    1    1    1    1    1    1    1  1.53058E+09 0.03161 
   23   23    1    1    1    1    1    1    1    1  3.70079E+09 0.02161 
   24   24    1    1    1    1    1    1    1    1  6.04652E+09 0.01653 
   25   25    1    1    1    1    1    1    1    1  1.13640E+10 0.01496 
   26   26    1    1    1    1    1    1    1    1  1.71413E+10 0.01141 
   27   27    1    1    1    1    1    1    1    1  3.61326E+10 0.00878 
   28   28    1    1    1    1    1    1    1    1  7.72158E+10 0.00613 
   29   29    1    1    1    1    1    1    1    1  1.79557E+11 0.00418 
   30   30    1    1    1    1    1    1    1    1  2.65625E+11 0.00272 
   31   31    1    1    1    1    1    1    1    1  6.50503E+11 0.00262 
   32   32    1    1    1    1    1    1    1    1  1.57183E+12 0.00145 
   33   33    1    1    1    1    1    1    1    1  2.37189E+12 0.00137 
   34   34    1    1    1    1    1    1    1    1  4.72400E+12 0.00095 
   35   35    1    1    1    1    1    1    1    1  5.60515E+12 0.00072 
   36   36    1    1    1    1    1    1    1    1  7.68817E+12 0.00064 
   37   37    1    1    1    1    1    1    1    1  5.97443E+12 0.00054 
   38   38    1    1    1    1    1    1    1    1  1.85891E+12 0.00047 
   39   39    1    1    1    1    1    1    1    1  9.13838E+12 0.00052 
   40   40    1    1    1    1    1    1    1    1  1.12789E+13 0.00049 
   41   41    1    1    1    1    1    1    1    1  1.88724E+13 0.00040 
   42   42    1    1    1    1    1    1    1    1  1.80997E+13 0.00036 
   43   43    1    1    1    1    1    1    1    1  3.32252E+13 0.00032 
   44   44    1    1    1    1    1    1    1    1  3.65359E+13 0.00030 
   45   45    1    1    1    1    1    1    1    1  4.76686E+13 0.00029 
   46   46    1    1    1    1    1    1    1    1  8.55206E+13 0.00026 
   47   47    1    1    1    1    1    1    1    1  4.47743E+13 0.00023 
   48   48    1    1    1    1    1    1    1    1  6.46516E+13 0.00025 
   49   49    1    1    1    1    1    1    1    1  9.01945E+13 0.00018 
   50   50    1    1    1    1    1    1    1    1  8.20180E+13 0.00021 
   51   51    1    1    1    1    1    1    1    1  1.26508E+14 0.00016 
   52   52    1    1    1    1    1    1    1    1  9.94624E+13 0.00018 
   53   53    1    1    1    1    1    1    1    1  1.13346E+14 0.00021 
   54   54    1    1    1    1    1    1    1    1  8.07751E+13 0.00020 
   55   55    1    1    1    1    1    1    1    1  9.81852E+13 0.00017 
   56   56    1    1    1    1    1    1    1    1  6.95897E+13 0.00017 
   57   57    1    1    1    1    1    1    1    1  9.59258E+12 0.00028 
   58   58    1    1    1    1    1    1    1    1  1.35120E+14 0.00016 
   59   59    1    1    1    1    1    1    1    1  5.94352E+13 0.00019 
   60   60    1    1    1    1    1    1    1    1  6.45561E+13 0.00018 
   61   61    1    1    1    1    1    1    1    1  5.11548E+13 0.00029 
   62   62    1    1    1    1    1    1    1    1  5.11902E+13 0.00025 
   63   63    1    1    1    1    1    1    1    1  5.15479E+13 0.00024 
   64   64    1    1    1    1    1    1    1    1  4.30520E+13 0.00028 
   65   65    1    1    1    1    1    1    1    1  3.39309E+13 0.00030 
   66   66    1    1    1    1    1    1    1    1  3.32768E+13 0.00026 
   67   67    1    1    1    1    1    1    1    1  2.63763E+13 0.00034 
   68   68    1    1    1    1    1    1    1    1  2.17109E+13 0.00035 
   69   69    1    1    1    1    1    1    1    1  1.91854E+13 0.00043 
   70   70    1    1    1    1    1    1    1    1  2.33414E+13 0.00038 
   71   71    1    1    1    1    1    1    1    1  2.00179E+13 0.00043 
   72   72    1    1    1    1    1    1    1    1  3.73672E+13 0.00035 
   73   73    1    1    1    1    1    1    1    1  2.71668E+13 0.00044 
   74   74    1    1    1    1    1    1    1    1  2.09291E+13 0.00041 
   75   75    1    1    1    1    1    1    1    1  1.68986E+13 0.00040 
   76   76    1    1    1    1    1    1    1    1  1.38551E+13 0.00057 
   77   77    1    1    1    1    1    1    1    1  1.58413E+13 0.00045 
   78   78    1    1    1    1    1    1    1    1  1.23767E+13 0.00056 
   79   79    1    1    1    1    1    1    1    1  9.57534E+12 0.00062 
   80   80    1    1    1    1    1    1    1    1  9.87902E+12 0.00056 
   81   81    1    1    1    1    1    1    1    1  7.36270E+12 0.00063 
   82   82    1    1    1    1    1    1    1    1  5.68342E+12 0.00069 
   83   83    1    1    1    1    1    1    1    1  4.38051E+12 0.00101 
   84   84    1    1    1    1    1    1    1    1  4.09095E+12 0.00081 
   85   85    1    1    1    1    1    1    1    1  2.94022E+12 0.00105 
   86   86    1    1    1    1    1    1    1    1  2.12754E+12 0.00115 
   87   87    1    1    1    1    1    1    1    1  1.99146E+12 0.00144 
   88   88    1    1    1    1    1    1    1    1  1.22600E+12 0.00146 
   89   89    1    1    1    1    1    1    1    1  8.33071E+11 0.00229 
   90   90    1    1    1    1    1    1    1    1  4.80419E+11 0.00270 
   91   91    1    1    1    1    1    1    1    1  6.14139E+11 0.00244 
   92   92    1    1    1    1    1    1    1    1  0.00000E+00 0.00000 
   93   93    1    1    1    1    1    1    1    1  0.00000E+00 0.00000 
   94   94    1    1    1    1    1    1    1    1  0.00000E+00 0.00000 
   95   95    1    1    1    1    1    1    1    1  0.00000E+00 0.00000 
   96   96    1    1    1    1    1    1    1    1  0.00000E+00 0.00000 
   97   97    1    1    1    1    1    1    1    1  0.00000E+00 0.00000 
   98   98    1    1    1    1    1    1    1    1  0.00000E+00 0.00000 
   99   99    1    1    1    1    1    1    1    1  0.00000E+00 0.00000 
  100  100    1    1    1    1    1    1    1    1  0.00000E+00 0.00000 
];


