
DETdpaspec = [
    1    1    1    1    1    1    1    1    1    1  0.00000E+00 0.00000 
    2    2    1    1    1    1    1    1    1    1  0.00000E+00 0.00000 
    3    3    1    1    1    1    1    1    1    1  0.00000E+00 0.00000 
    4    4    1    1    1    1    1    1    1    1  0.00000E+00 0.00000 
    5    5    1    1    1    1    1    1    1    1  0.00000E+00 0.00000 
    6    6    1    1    1    1    1    1    1    1  0.00000E+00 0.00000 
    7    7    1    1    1    1    1    1    1    1  0.00000E+00 0.00000 
    8    8    1    1    1    1    1    1    1    1  0.00000E+00 0.00000 
    9    9    1    1    1    1    1    1    1    1  0.00000E+00 0.00000 
   10   10    1    1    1    1    1    1    1    1  0.00000E+00 0.00000 
   11   11    1    1    1    1    1    1    1    1  0.00000E+00 0.00000 
   12   12    1    1    1    1    1    1    1    1  0.00000E+00 0.00000 
   13   13    1    1    1    1    1    1    1    1  0.00000E+00 0.00000 
   14   14    1    1    1    1    1    1    1    1  0.00000E+00 0.00000 
   15   15    1    1    1    1    1    1    1    1  0.00000E+00 0.00000 
   16   16    1    1    1    1    1    1    1    1  0.00000E+00 0.00000 
   17   17    1    1    1    1    1    1    1    1  0.00000E+00 0.00000 
   18   18    1    1    1    1    1    1    1    1  0.00000E+00 0.00000 
   19   19    1    1    1    1    1    1    1    1  2.03620E+09 0.09584 
   20   20    1    1    1    1    1    1    1    1  4.34064E+08 0.09642 
   21   21    1    1    1    1    1    1    1    1  2.44234E+09 0.03891 
   22   22    1    1    1    1    1    1    1    1  6.42436E+09 0.02129 
   23   23    1    1    1    1    1    1    1    1  2.88337E+10 0.01173 
   24   24    1    1    1    1    1    1    1    1  9.84330E+10 0.00601 
   25   25    1    1    1    1    1    1    1    1  2.24379E+11 0.00460 
   26   26    1    1    1    1    1    1    1    1  3.17224E+11 0.00381 
   27   27    1    1    1    1    1    1    1    1  5.51397E+11 0.00218 
   28   28    1    1    1    1    1    1    1    1  8.88512E+11 0.00200 
   29   29    1    1    1    1    1    1    1    1  1.48693E+12 0.00135 
   30   30    1    1    1    1    1    1    1    1  1.96303E+12 0.00130 
   31   31    1    1    1    1    1    1    1    1  3.16499E+12 0.00104 
   32   32    1    1    1    1    1    1    1    1  5.42764E+12 0.00090 
   33   33    1    1    1    1    1    1    1    1  6.70199E+12 0.00080 
   34   34    1    1    1    1    1    1    1    1  1.11444E+13 0.00062 
   35   35    1    1    1    1    1    1    1    1  1.23987E+13 0.00053 
   36   36    1    1    1    1    1    1    1    1  1.32930E+13 0.00043 
   37   37    1    1    1    1    1    1    1    1  9.08750E+12 0.00034 
   38   38    1    1    1    1    1    1    1    1  2.64373E+12 0.00044 
   39   39    1    1    1    1    1    1    1    1  1.32556E+13 0.00038 
   40   40    1    1    1    1    1    1    1    1  1.58188E+13 0.00034 
   41   41    1    1    1    1    1    1    1    1  2.60562E+13 0.00026 
   42   42    1    1    1    1    1    1    1    1  2.32235E+13 0.00031 
   43   43    1    1    1    1    1    1    1    1  4.23979E+13 0.00028 
   44   44    1    1    1    1    1    1    1    1  4.51890E+13 0.00022 
   45   45    1    1    1    1    1    1    1    1  5.71703E+13 0.00018 
   46   46    1    1    1    1    1    1    1    1  9.95023E+13 0.00023 
   47   47    1    1    1    1    1    1    1    1  4.98613E+13 0.00020 
   48   48    1    1    1    1    1    1    1    1  6.97868E+13 0.00015 
   49   49    1    1    1    1    1    1    1    1  9.51419E+13 0.00015 
   50   50    1    1    1    1    1    1    1    1  8.33985E+13 0.00016 
   51   51    1    1    1    1    1    1    1    1  1.28038E+14 0.00016 
   52   52    1    1    1    1    1    1    1    1  9.61424E+13 0.00014 
   53   53    1    1    1    1    1    1    1    1  1.09901E+14 0.00015 
   54   54    1    1    1    1    1    1    1    1  7.63149E+13 0.00019 
   55   55    1    1    1    1    1    1    1    1  9.34882E+13 0.00014 
   56   56    1    1    1    1    1    1    1    1  6.50859E+13 0.00018 
   57   57    1    1    1    1    1    1    1    1  8.86185E+12 0.00028 
   58   58    1    1    1    1    1    1    1    1  1.24250E+14 0.00015 
   59   59    1    1    1    1    1    1    1    1  5.55131E+13 0.00022 
   60   60    1    1    1    1    1    1    1    1  5.88787E+13 0.00021 
   61   61    1    1    1    1    1    1    1    1  4.71887E+13 0.00019 
   62   62    1    1    1    1    1    1    1    1  4.67054E+13 0.00018 
   63   63    1    1    1    1    1    1    1    1  4.67882E+13 0.00025 
   64   64    1    1    1    1    1    1    1    1  3.88595E+13 0.00024 
   65   65    1    1    1    1    1    1    1    1  3.03148E+13 0.00026 
   66   66    1    1    1    1    1    1    1    1  2.93660E+13 0.00035 
   67   67    1    1    1    1    1    1    1    1  2.31240E+13 0.00034 
   68   68    1    1    1    1    1    1    1    1  1.87531E+13 0.00035 
   69   69    1    1    1    1    1    1    1    1  1.64398E+13 0.00036 
   70   70    1    1    1    1    1    1    1    1  1.98400E+13 0.00038 
   71   71    1    1    1    1    1    1    1    1  1.68114E+13 0.00032 
   72   72    1    1    1    1    1    1    1    1  3.01904E+13 0.00035 
   73   73    1    1    1    1    1    1    1    1  2.14573E+13 0.00040 
   74   74    1    1    1    1    1    1    1    1  1.64082E+13 0.00040 
   75   75    1    1    1    1    1    1    1    1  1.34145E+13 0.00044 
   76   76    1    1    1    1    1    1    1    1  1.11661E+13 0.00059 
   77   77    1    1    1    1    1    1    1    1  1.29293E+13 0.00045 
   78   78    1    1    1    1    1    1    1    1  1.02671E+13 0.00051 
   79   79    1    1    1    1    1    1    1    1  8.03265E+12 0.00052 
   80   80    1    1    1    1    1    1    1    1  8.36486E+12 0.00055 
   81   81    1    1    1    1    1    1    1    1  6.24335E+12 0.00067 
   82   82    1    1    1    1    1    1    1    1  4.83965E+12 0.00087 
   83   83    1    1    1    1    1    1    1    1  3.73109E+12 0.00086 
   84   84    1    1    1    1    1    1    1    1  3.48452E+12 0.00080 
   85   85    1    1    1    1    1    1    1    1  2.49680E+12 0.00106 
   86   86    1    1    1    1    1    1    1    1  1.79904E+12 0.00111 
   87   87    1    1    1    1    1    1    1    1  1.68156E+12 0.00142 
   88   88    1    1    1    1    1    1    1    1  1.02595E+12 0.00160 
   89   89    1    1    1    1    1    1    1    1  6.87017E+11 0.00208 
   90   90    1    1    1    1    1    1    1    1  3.93633E+11 0.00347 
   91   91    1    1    1    1    1    1    1    1  4.88194E+11 0.00231 
   92   92    1    1    1    1    1    1    1    1  0.00000E+00 0.00000 
   93   93    1    1    1    1    1    1    1    1  0.00000E+00 0.00000 
   94   94    1    1    1    1    1    1    1    1  0.00000E+00 0.00000 
   95   95    1    1    1    1    1    1    1    1  0.00000E+00 0.00000 
   96   96    1    1    1    1    1    1    1    1  0.00000E+00 0.00000 
   97   97    1    1    1    1    1    1    1    1  0.00000E+00 0.00000 
   98   98    1    1    1    1    1    1    1    1  0.00000E+00 0.00000 
   99   99    1    1    1    1    1    1    1    1  0.00000E+00 0.00000 
  100  100    1    1    1    1    1    1    1    1  0.00000E+00 0.00000 
];


