
DETdpaspec = [
    1    1    1    1    1    1    1    1    1    1  0.00000E+00 0.00000 
    2    2    1    1    1    1    1    1    1    1  0.00000E+00 0.00000 
    3    3    1    1    1    1    1    1    1    1  0.00000E+00 0.00000 
    4    4    1    1    1    1    1    1    1    1  0.00000E+00 0.00000 
    5    5    1    1    1    1    1    1    1    1  0.00000E+00 0.00000 
    6    6    1    1    1    1    1    1    1    1  0.00000E+00 0.00000 
    7    7    1    1    1    1    1    1    1    1  0.00000E+00 0.00000 
    8    8    1    1    1    1    1    1    1    1  0.00000E+00 0.00000 
    9    9    1    1    1    1    1    1    1    1  0.00000E+00 0.00000 
   10   10    1    1    1    1    1    1    1    1  0.00000E+00 0.00000 
   11   11    1    1    1    1    1    1    1    1  0.00000E+00 0.00000 
   12   12    1    1    1    1    1    1    1    1  0.00000E+00 0.00000 
   13   13    1    1    1    1    1    1    1    1  0.00000E+00 0.00000 
   14   14    1    1    1    1    1    1    1    1  0.00000E+00 0.00000 
   15   15    1    1    1    1    1    1    1    1  0.00000E+00 0.00000 
   16   16    1    1    1    1    1    1    1    1  0.00000E+00 0.00000 
   17   17    1    1    1    1    1    1    1    1  0.00000E+00 0.00000 
   18   18    1    1    1    1    1    1    1    1  0.00000E+00 0.00000 
   19   19    1    1    1    1    1    1    1    1  3.52039E+09 0.03391 
   20   20    1    1    1    1    1    1    1    1  6.68123E+08 0.04638 
   21   21    1    1    1    1    1    1    1    1  2.02994E+09 0.03904 
   22   22    1    1    1    1    1    1    1    1  1.69823E+09 0.02726 
   23   23    1    1    1    1    1    1    1    1  4.31855E+09 0.02172 
   24   24    1    1    1    1    1    1    1    1  6.81440E+09 0.01875 
   25   25    1    1    1    1    1    1    1    1  1.20707E+10 0.01676 
   26   26    1    1    1    1    1    1    1    1  1.82605E+10 0.01087 
   27   27    1    1    1    1    1    1    1    1  3.76032E+10 0.00815 
   28   28    1    1    1    1    1    1    1    1  7.90599E+10 0.00635 
   29   29    1    1    1    1    1    1    1    1  1.76748E+11 0.00369 
   30   30    1    1    1    1    1    1    1    1  2.56753E+11 0.00325 
   31   31    1    1    1    1    1    1    1    1  6.45954E+11 0.00199 
   32   32    1    1    1    1    1    1    1    1  1.56786E+12 0.00154 
   33   33    1    1    1    1    1    1    1    1  2.37004E+12 0.00127 
   34   34    1    1    1    1    1    1    1    1  4.71741E+12 0.00087 
   35   35    1    1    1    1    1    1    1    1  5.55316E+12 0.00084 
   36   36    1    1    1    1    1    1    1    1  7.74101E+12 0.00066 
   37   37    1    1    1    1    1    1    1    1  6.04530E+12 0.00053 
   38   38    1    1    1    1    1    1    1    1  1.89087E+12 0.00052 
   39   39    1    1    1    1    1    1    1    1  9.23417E+12 0.00050 
   40   40    1    1    1    1    1    1    1    1  1.13954E+13 0.00043 
   41   41    1    1    1    1    1    1    1    1  1.89800E+13 0.00034 
   42   42    1    1    1    1    1    1    1    1  1.82892E+13 0.00037 
   43   43    1    1    1    1    1    1    1    1  3.34175E+13 0.00034 
   44   44    1    1    1    1    1    1    1    1  3.67274E+13 0.00031 
   45   45    1    1    1    1    1    1    1    1  4.78408E+13 0.00027 
   46   46    1    1    1    1    1    1    1    1  8.55824E+13 0.00019 
   47   47    1    1    1    1    1    1    1    1  4.48183E+13 0.00020 
   48   48    1    1    1    1    1    1    1    1  6.48525E+13 0.00017 
   49   49    1    1    1    1    1    1    1    1  9.04189E+13 0.00016 
   50   50    1    1    1    1    1    1    1    1  8.24029E+13 0.00019 
   51   51    1    1    1    1    1    1    1    1  1.26710E+14 0.00017 
   52   52    1    1    1    1    1    1    1    1  9.98811E+13 0.00014 
   53   53    1    1    1    1    1    1    1    1  1.13483E+14 0.00018 
   54   54    1    1    1    1    1    1    1    1  8.09546E+13 0.00019 
   55   55    1    1    1    1    1    1    1    1  9.80683E+13 0.00018 
   56   56    1    1    1    1    1    1    1    1  6.95953E+13 0.00020 
   57   57    1    1    1    1    1    1    1    1  9.60409E+12 0.00041 
   58   58    1    1    1    1    1    1    1    1  1.35191E+14 0.00019 
   59   59    1    1    1    1    1    1    1    1  5.92138E+13 0.00026 
   60   60    1    1    1    1    1    1    1    1  6.44758E+13 0.00022 
   61   61    1    1    1    1    1    1    1    1  5.09292E+13 0.00026 
   62   62    1    1    1    1    1    1    1    1  5.09888E+13 0.00024 
   63   63    1    1    1    1    1    1    1    1  5.12771E+13 0.00031 
   64   64    1    1    1    1    1    1    1    1  4.27990E+13 0.00027 
   65   65    1    1    1    1    1    1    1    1  3.37318E+13 0.00028 
   66   66    1    1    1    1    1    1    1    1  3.31208E+13 0.00030 
   67   67    1    1    1    1    1    1    1    1  2.62266E+13 0.00031 
   68   68    1    1    1    1    1    1    1    1  2.16077E+13 0.00030 
   69   69    1    1    1    1    1    1    1    1  1.91235E+13 0.00046 
   70   70    1    1    1    1    1    1    1    1  2.32353E+13 0.00041 
   71   71    1    1    1    1    1    1    1    1  1.99598E+13 0.00038 
   72   72    1    1    1    1    1    1    1    1  3.73989E+13 0.00030 
   73   73    1    1    1    1    1    1    1    1  2.72305E+13 0.00038 
   74   74    1    1    1    1    1    1    1    1  2.09615E+13 0.00042 
   75   75    1    1    1    1    1    1    1    1  1.68758E+13 0.00040 
   76   76    1    1    1    1    1    1    1    1  1.38090E+13 0.00048 
   77   77    1    1    1    1    1    1    1    1  1.57443E+13 0.00043 
   78   78    1    1    1    1    1    1    1    1  1.22639E+13 0.00052 
   79   79    1    1    1    1    1    1    1    1  9.47228E+12 0.00047 
   80   80    1    1    1    1    1    1    1    1  9.73675E+12 0.00057 
   81   81    1    1    1    1    1    1    1    1  7.25688E+12 0.00062 
   82   82    1    1    1    1    1    1    1    1  5.58994E+12 0.00084 
   83   83    1    1    1    1    1    1    1    1  4.31374E+12 0.00102 
   84   84    1    1    1    1    1    1    1    1  4.02860E+12 0.00105 
   85   85    1    1    1    1    1    1    1    1  2.89513E+12 0.00119 
   86   86    1    1    1    1    1    1    1    1  2.09097E+12 0.00129 
   87   87    1    1    1    1    1    1    1    1  1.95365E+12 0.00142 
   88   88    1    1    1    1    1    1    1    1  1.20838E+12 0.00198 
   89   89    1    1    1    1    1    1    1    1  8.19184E+11 0.00225 
   90   90    1    1    1    1    1    1    1    1  4.75651E+11 0.00284 
   91   91    1    1    1    1    1    1    1    1  6.07063E+11 0.00277 
   92   92    1    1    1    1    1    1    1    1  0.00000E+00 0.00000 
   93   93    1    1    1    1    1    1    1    1  0.00000E+00 0.00000 
   94   94    1    1    1    1    1    1    1    1  0.00000E+00 0.00000 
   95   95    1    1    1    1    1    1    1    1  0.00000E+00 0.00000 
   96   96    1    1    1    1    1    1    1    1  0.00000E+00 0.00000 
   97   97    1    1    1    1    1    1    1    1  0.00000E+00 0.00000 
   98   98    1    1    1    1    1    1    1    1  0.00000E+00 0.00000 
   99   99    1    1    1    1    1    1    1    1  0.00000E+00 0.00000 
  100  100    1    1    1    1    1    1    1    1  0.00000E+00 0.00000 
];


