
DETdpaspec = [
    1    1    1    1    1    1    1    1    1    1  0.00000E+00 0.00000 
    2    2    1    1    1    1    1    1    1    1  0.00000E+00 0.00000 
    3    3    1    1    1    1    1    1    1    1  0.00000E+00 0.00000 
    4    4    1    1    1    1    1    1    1    1  0.00000E+00 0.00000 
    5    5    1    1    1    1    1    1    1    1  0.00000E+00 0.00000 
    6    6    1    1    1    1    1    1    1    1  0.00000E+00 0.00000 
    7    7    1    1    1    1    1    1    1    1  0.00000E+00 0.00000 
    8    8    1    1    1    1    1    1    1    1  0.00000E+00 0.00000 
    9    9    1    1    1    1    1    1    1    1  0.00000E+00 0.00000 
   10   10    1    1    1    1    1    1    1    1  0.00000E+00 0.00000 
   11   11    1    1    1    1    1    1    1    1  0.00000E+00 0.00000 
   12   12    1    1    1    1    1    1    1    1  0.00000E+00 0.00000 
   13   13    1    1    1    1    1    1    1    1  0.00000E+00 0.00000 
   14   14    1    1    1    1    1    1    1    1  0.00000E+00 0.00000 
   15   15    1    1    1    1    1    1    1    1  0.00000E+00 0.00000 
   16   16    1    1    1    1    1    1    1    1  0.00000E+00 0.00000 
   17   17    1    1    1    1    1    1    1    1  0.00000E+00 0.00000 
   18   18    1    1    1    1    1    1    1    1  0.00000E+00 0.00000 
   19   19    1    1    1    1    1    1    1    1  2.15816E+09 0.07023 
   20   20    1    1    1    1    1    1    1    1  3.33436E+08 0.06970 
   21   21    1    1    1    1    1    1    1    1  1.09233E+09 0.05519 
   22   22    1    1    1    1    1    1    1    1  9.32852E+08 0.05247 
   23   23    1    1    1    1    1    1    1    1  2.30774E+09 0.02795 
   24   24    1    1    1    1    1    1    1    1  5.49658E+09 0.02207 
   25   25    1    1    1    1    1    1    1    1  1.37467E+10 0.01510 
   26   26    1    1    1    1    1    1    1    1  2.43598E+10 0.01144 
   27   27    1    1    1    1    1    1    1    1  5.43852E+10 0.00565 
   28   28    1    1    1    1    1    1    1    1  1.14278E+11 0.00457 
   29   29    1    1    1    1    1    1    1    1  2.65667E+11 0.00308 
   30   30    1    1    1    1    1    1    1    1  4.09579E+11 0.00254 
   31   31    1    1    1    1    1    1    1    1  8.68129E+11 0.00233 
   32   32    1    1    1    1    1    1    1    1  1.98011E+12 0.00126 
   33   33    1    1    1    1    1    1    1    1  2.85394E+12 0.00130 
   34   34    1    1    1    1    1    1    1    1  5.52616E+12 0.00083 
   35   35    1    1    1    1    1    1    1    1  6.65863E+12 0.00057 
   36   36    1    1    1    1    1    1    1    1  8.38624E+12 0.00052 
   37   37    1    1    1    1    1    1    1    1  6.28704E+12 0.00044 
   38   38    1    1    1    1    1    1    1    1  1.90931E+12 0.00048 
   39   39    1    1    1    1    1    1    1    1  9.54116E+12 0.00038 
   40   40    1    1    1    1    1    1    1    1  1.17172E+13 0.00036 
   41   41    1    1    1    1    1    1    1    1  1.97257E+13 0.00041 
   42   42    1    1    1    1    1    1    1    1  1.84468E+13 0.00043 
   43   43    1    1    1    1    1    1    1    1  3.41685E+13 0.00036 
   44   44    1    1    1    1    1    1    1    1  3.74640E+13 0.00033 
   45   45    1    1    1    1    1    1    1    1  4.86967E+13 0.00031 
   46   46    1    1    1    1    1    1    1    1  8.73557E+13 0.00025 
   47   47    1    1    1    1    1    1    1    1  4.53776E+13 0.00019 
   48   48    1    1    1    1    1    1    1    1  6.48265E+13 0.00020 
   49   49    1    1    1    1    1    1    1    1  9.03873E+13 0.00019 
   50   50    1    1    1    1    1    1    1    1  8.12417E+13 0.00021 
   51   51    1    1    1    1    1    1    1    1  1.26371E+14 0.00011 
   52   52    1    1    1    1    1    1    1    1  9.78525E+13 0.00020 
   53   53    1    1    1    1    1    1    1    1  1.12486E+14 0.00020 
   54   54    1    1    1    1    1    1    1    1  7.96428E+13 0.00014 
   55   55    1    1    1    1    1    1    1    1  9.78288E+13 0.00017 
   56   56    1    1    1    1    1    1    1    1  6.89591E+13 0.00019 
   57   57    1    1    1    1    1    1    1    1  9.46323E+12 0.00032 
   58   58    1    1    1    1    1    1    1    1  1.33554E+14 0.00015 
   59   59    1    1    1    1    1    1    1    1  5.95661E+13 0.00021 
   60   60    1    1    1    1    1    1    1    1  6.41272E+13 0.00022 
   61   61    1    1    1    1    1    1    1    1  5.13091E+13 0.00022 
   62   62    1    1    1    1    1    1    1    1  5.11892E+13 0.00021 
   63   63    1    1    1    1    1    1    1    1  5.15901E+13 0.00024 
   64   64    1    1    1    1    1    1    1    1  4.31193E+13 0.00025 
   65   65    1    1    1    1    1    1    1    1  3.38954E+13 0.00035 
   66   66    1    1    1    1    1    1    1    1  3.31363E+13 0.00027 
   67   67    1    1    1    1    1    1    1    1  2.62555E+13 0.00032 
   68   68    1    1    1    1    1    1    1    1  2.14877E+13 0.00035 
   69   69    1    1    1    1    1    1    1    1  1.89505E+13 0.00044 
   70   70    1    1    1    1    1    1    1    1  2.29971E+13 0.00043 
   71   71    1    1    1    1    1    1    1    1  1.96748E+13 0.00044 
   72   72    1    1    1    1    1    1    1    1  3.61464E+13 0.00034 
   73   73    1    1    1    1    1    1    1    1  2.60821E+13 0.00044 
   74   74    1    1    1    1    1    1    1    1  2.00922E+13 0.00047 
   75   75    1    1    1    1    1    1    1    1  1.63599E+13 0.00036 
   76   76    1    1    1    1    1    1    1    1  1.35516E+13 0.00049 
   77   77    1    1    1    1    1    1    1    1  1.56414E+13 0.00047 
   78   78    1    1    1    1    1    1    1    1  1.23365E+13 0.00047 
   79   79    1    1    1    1    1    1    1    1  9.62782E+12 0.00051 
   80   80    1    1    1    1    1    1    1    1  9.99466E+12 0.00055 
   81   81    1    1    1    1    1    1    1    1  7.48699E+12 0.00069 
   82   82    1    1    1    1    1    1    1    1  5.79730E+12 0.00077 
   83   83    1    1    1    1    1    1    1    1  4.47238E+12 0.00088 
   84   84    1    1    1    1    1    1    1    1  4.18932E+12 0.00086 
   85   85    1    1    1    1    1    1    1    1  3.01697E+12 0.00105 
   86   86    1    1    1    1    1    1    1    1  2.18083E+12 0.00124 
   87   87    1    1    1    1    1    1    1    1  2.03668E+12 0.00136 
   88   88    1    1    1    1    1    1    1    1  1.25804E+12 0.00140 
   89   89    1    1    1    1    1    1    1    1  8.47912E+11 0.00185 
   90   90    1    1    1    1    1    1    1    1  4.90067E+11 0.00314 
   91   91    1    1    1    1    1    1    1    1  6.22544E+11 0.00239 
   92   92    1    1    1    1    1    1    1    1  0.00000E+00 0.00000 
   93   93    1    1    1    1    1    1    1    1  0.00000E+00 0.00000 
   94   94    1    1    1    1    1    1    1    1  0.00000E+00 0.00000 
   95   95    1    1    1    1    1    1    1    1  0.00000E+00 0.00000 
   96   96    1    1    1    1    1    1    1    1  0.00000E+00 0.00000 
   97   97    1    1    1    1    1    1    1    1  0.00000E+00 0.00000 
   98   98    1    1    1    1    1    1    1    1  0.00000E+00 0.00000 
   99   99    1    1    1    1    1    1    1    1  0.00000E+00 0.00000 
  100  100    1    1    1    1    1    1    1    1  0.00000E+00 0.00000 
];


