
DETdpaspec = [
    1    1    1    1    1    1    1    1    1    1  0.00000E+00 0.00000 
    2    2    1    1    1    1    1    1    1    1  0.00000E+00 0.00000 
    3    3    1    1    1    1    1    1    1    1  0.00000E+00 0.00000 
    4    4    1    1    1    1    1    1    1    1  0.00000E+00 0.00000 
    5    5    1    1    1    1    1    1    1    1  0.00000E+00 0.00000 
    6    6    1    1    1    1    1    1    1    1  7.35688E+06 1.00000 
    7    7    1    1    1    1    1    1    1    1  0.00000E+00 0.00000 
    8    8    1    1    1    1    1    1    1    1  1.45290E+07 1.00000 
    9    9    1    1    1    1    1    1    1    1  6.64906E+06 1.00000 
   10   10    1    1    1    1    1    1    1    1  6.07727E+07 1.00000 
   11   11    1    1    1    1    1    1    1    1  1.48411E+08 1.00000 
   12   12    1    1    1    1    1    1    1    1  9.02314E+07 0.53704 
   13   13    1    1    1    1    1    1    1    1  1.22551E+09 0.41278 
   14   14    1    1    1    1    1    1    1    1  3.27897E+09 0.28286 
   15   15    1    1    1    1    1    1    1    1  5.24073E+09 0.34002 
   16   16    1    1    1    1    1    1    1    1  2.42027E+09 0.31158 
   17   17    1    1    1    1    1    1    1    1  3.44899E+09 0.28191 
   18   18    1    1    1    1    1    1    1    1  7.53929E+09 0.25341 
   19   19    1    1    1    1    1    1    1    1  7.47181E+09 0.17026 
   20   20    1    1    1    1    1    1    1    1  2.78042E+10 0.12589 
   21   21    1    1    1    1    1    1    1    1  1.96314E+10 0.10526 
   22   22    1    1    1    1    1    1    1    1  3.57209E+10 0.10062 
   23   23    1    1    1    1    1    1    1    1  6.33972E+10 0.05337 
   24   24    1    1    1    1    1    1    1    1  1.09146E+11 0.04811 
   25   25    1    1    1    1    1    1    1    1  1.34916E+11 0.03699 
   26   26    1    1    1    1    1    1    1    1  2.08506E+11 0.04451 
   27   27    1    1    1    1    1    1    1    1  3.67594E+11 0.03079 
   28   28    1    1    1    1    1    1    1    1  7.45675E+11 0.03127 
   29   29    1    1    1    1    1    1    1    1  1.11962E+12 0.02007 
   30   30    1    1    1    1    1    1    1    1  3.30313E+12 0.01055 
   31   31    1    1    1    1    1    1    1    1  1.00910E+13 0.00899 
   32   32    1    1    1    1    1    1    1    1  1.84585E+13 0.00581 
   33   33    1    1    1    1    1    1    1    1  4.22573E+13 0.00398 
   34   34    1    1    1    1    1    1    1    1  5.71422E+13 0.00352 
   35   35    1    1    1    1    1    1    1    1  7.98072E+13 0.00242 
   36   36    1    1    1    1    1    1    1    1  5.63917E+13 0.00234 
   37   37    1    1    1    1    1    1    1    1  1.76991E+13 0.00291 
   38   38    1    1    1    1    1    1    1    1  9.58713E+13 0.00216 
   39   39    1    1    1    1    1    1    1    1  1.28197E+14 0.00237 
   40   40    1    1    1    1    1    1    1    1  2.17860E+14 0.00199 
   41   41    1    1    1    1    1    1    1    1  2.23373E+14 0.00149 
   42   42    1    1    1    1    1    1    1    1  4.62984E+14 0.00113 
   43   43    1    1    1    1    1    1    1    1  5.54675E+14 0.00097 
   44   44    1    1    1    1    1    1    1    1  7.92523E+14 0.00122 
   45   45    1    1    1    1    1    1    1    1  1.54728E+15 0.00082 
   46   46    1    1    1    1    1    1    1    1  7.38562E+14 0.00088 
   47   47    1    1    1    1    1    1    1    1  1.18381E+15 0.00110 
   48   48    1    1    1    1    1    1    1    1  1.65605E+15 0.00086 
   49   49    1    1    1    1    1    1    1    1  1.63084E+15 0.00061 
   50   50    1    1    1    1    1    1    1    1  2.51638E+15 0.00064 
   51   51    1    1    1    1    1    1    1    1  2.02673E+15 0.00074 
   52   52    1    1    1    1    1    1    1    1  2.36902E+15 0.00068 
   53   53    1    1    1    1    1    1    1    1  1.65722E+15 0.00070 
   54   54    1    1    1    1    1    1    1    1  2.00026E+15 0.00090 
   55   55    1    1    1    1    1    1    1    1  1.38324E+15 0.00094 
   56   56    1    1    1    1    1    1    1    1  1.89625E+14 0.00111 
   57   57    1    1    1    1    1    1    1    1  2.75128E+15 0.00083 
   58   58    1    1    1    1    1    1    1    1  1.20481E+15 0.00105 
   59   59    1    1    1    1    1    1    1    1  1.28979E+15 0.00097 
   60   60    1    1    1    1    1    1    1    1  9.92448E+14 0.00097 
   61   61    1    1    1    1    1    1    1    1  9.96774E+14 0.00100 
   62   62    1    1    1    1    1    1    1    1  1.03188E+15 0.00080 
   63   63    1    1    1    1    1    1    1    1  8.64336E+14 0.00102 
   64   64    1    1    1    1    1    1    1    1  6.87811E+14 0.00099 
   65   65    1    1    1    1    1    1    1    1  6.83426E+14 0.00109 
   66   66    1    1    1    1    1    1    1    1  4.95529E+14 0.00144 
   67   67    1    1    1    1    1    1    1    1  4.05869E+14 0.00137 
   68   68    1    1    1    1    1    1    1    1  3.64484E+14 0.00134 
   69   69    1    1    1    1    1    1    1    1  4.38751E+14 0.00177 
   70   70    1    1    1    1    1    1    1    1  3.74274E+14 0.00130 
   71   71    1    1    1    1    1    1    1    1  6.89990E+14 0.00112 
   72   72    1    1    1    1    1    1    1    1  4.91625E+14 0.00116 
   73   73    1    1    1    1    1    1    1    1  3.69223E+14 0.00126 
   74   74    1    1    1    1    1    1    1    1  2.94131E+14 0.00179 
   75   75    1    1    1    1    1    1    1    1  2.40795E+14 0.00175 
   76   76    1    1    1    1    1    1    1    1  2.77118E+14 0.00197 
   77   77    1    1    1    1    1    1    1    1  2.16012E+14 0.00155 
   78   78    1    1    1    1    1    1    1    1  1.70090E+14 0.00214 
   79   79    1    1    1    1    1    1    1    1  1.74405E+14 0.00194 
   80   80    1    1    1    1    1    1    1    1  1.28898E+14 0.00202 
   81   81    1    1    1    1    1    1    1    1  9.88794E+13 0.00195 
   82   82    1    1    1    1    1    1    1    1  7.60396E+13 0.00327 
   83   83    1    1    1    1    1    1    1    1  7.09699E+13 0.00228 
   84   84    1    1    1    1    1    1    1    1  5.09222E+13 0.00275 
   85   85    1    1    1    1    1    1    1    1  3.69044E+13 0.00458 
   86   86    1    1    1    1    1    1    1    1  3.45900E+13 0.00342 
   87   87    1    1    1    1    1    1    1    1  2.10756E+13 0.00426 
   88   88    1    1    1    1    1    1    1    1  1.44218E+13 0.00753 
   89   89    1    1    1    1    1    1    1    1  8.30849E+12 0.00854 
   90   90    1    1    1    1    1    1    1    1  5.53194E+12 0.01129 
   91   91    1    1    1    1    1    1    1    1  2.80643E+12 0.01351 
   92   92    1    1    1    1    1    1    1    1  1.32957E+12 0.02314 
   93   93    1    1    1    1    1    1    1    1  6.47135E+11 0.02451 
   94   94    1    1    1    1    1    1    1    1  2.99462E+11 0.04110 
   95   95    1    1    1    1    1    1    1    1  1.41939E+11 0.04162 
   96   96    1    1    1    1    1    1    1    1  7.25488E+10 0.08366 
   97   97    1    1    1    1    1    1    1    1  3.48868E+10 0.12295 
   98   98    1    1    1    1    1    1    1    1  1.95253E+10 0.14923 
   99   99    1    1    1    1    1    1    1    1  7.50213E+09 0.26670 
  100  100    1    1    1    1    1    1    1    1  4.18102E+09 0.26592 
];


