
DETdpaspec = [
    1    1    1    1    1    1    1    1    1    1  0.00000E+00 0.00000 
    2    2    1    1    1    1    1    1    1    1  0.00000E+00 0.00000 
    3    3    1    1    1    1    1    1    1    1  0.00000E+00 0.00000 
    4    4    1    1    1    1    1    1    1    1  0.00000E+00 0.00000 
    5    5    1    1    1    1    1    1    1    1  0.00000E+00 0.00000 
    6    6    1    1    1    1    1    1    1    1  8.71661E+06 1.00000 
    7    7    1    1    1    1    1    1    1    1  0.00000E+00 0.00000 
    8    8    1    1    1    1    1    1    1    1  0.00000E+00 0.00000 
    9    9    1    1    1    1    1    1    1    1  6.73344E+06 1.00000 
   10   10    1    1    1    1    1    1    1    1  2.25656E+07 1.00000 
   11   11    1    1    1    1    1    1    1    1  1.02431E+08 1.00000 
   12   12    1    1    1    1    1    1    1    1  4.84192E+07 0.66571 
   13   13    1    1    1    1    1    1    1    1  9.07176E+08 0.55701 
   14   14    1    1    1    1    1    1    1    1  9.22286E+08 0.68900 
   15   15    1    1    1    1    1    1    1    1  3.70930E+09 0.40989 
   16   16    1    1    1    1    1    1    1    1  1.90399E+09 0.34278 
   17   17    1    1    1    1    1    1    1    1  1.93994E+09 0.21929 
   18   18    1    1    1    1    1    1    1    1  4.22138E+09 0.23591 
   19   19    1    1    1    1    1    1    1    1  5.96200E+09 0.18480 
   20   20    1    1    1    1    1    1    1    1  2.28086E+10 0.13777 
   21   21    1    1    1    1    1    1    1    1  1.46539E+10 0.10544 
   22   22    1    1    1    1    1    1    1    1  4.10891E+10 0.08794 
   23   23    1    1    1    1    1    1    1    1  6.32288E+10 0.06560 
   24   24    1    1    1    1    1    1    1    1  8.94224E+10 0.07733 
   25   25    1    1    1    1    1    1    1    1  1.14948E+11 0.04983 
   26   26    1    1    1    1    1    1    1    1  2.26896E+11 0.03990 
   27   27    1    1    1    1    1    1    1    1  3.96824E+11 0.03634 
   28   28    1    1    1    1    1    1    1    1  8.26765E+11 0.02587 
   29   29    1    1    1    1    1    1    1    1  1.29690E+12 0.02103 
   30   30    1    1    1    1    1    1    1    1  3.73432E+12 0.01635 
   31   31    1    1    1    1    1    1    1    1  1.15010E+13 0.00725 
   32   32    1    1    1    1    1    1    1    1  2.10126E+13 0.00581 
   33   33    1    1    1    1    1    1    1    1  4.91916E+13 0.00433 
   34   34    1    1    1    1    1    1    1    1  6.81837E+13 0.00275 
   35   35    1    1    1    1    1    1    1    1  9.12096E+13 0.00243 
   36   36    1    1    1    1    1    1    1    1  6.32058E+13 0.00206 
   37   37    1    1    1    1    1    1    1    1  1.94868E+13 0.00211 
   38   38    1    1    1    1    1    1    1    1  1.07911E+14 0.00158 
   39   39    1    1    1    1    1    1    1    1  1.44668E+14 0.00172 
   40   40    1    1    1    1    1    1    1    1  2.48085E+14 0.00175 
   41   41    1    1    1    1    1    1    1    1  2.51255E+14 0.00173 
   42   42    1    1    1    1    1    1    1    1  5.29229E+14 0.00147 
   43   43    1    1    1    1    1    1    1    1  6.36116E+14 0.00144 
   44   44    1    1    1    1    1    1    1    1  9.13330E+14 0.00131 
   45   45    1    1    1    1    1    1    1    1  1.80871E+15 0.00121 
   46   46    1    1    1    1    1    1    1    1  8.60566E+14 0.00118 
   47   47    1    1    1    1    1    1    1    1  1.37726E+15 0.00103 
   48   48    1    1    1    1    1    1    1    1  1.92746E+15 0.00106 
   49   49    1    1    1    1    1    1    1    1  1.89911E+15 0.00093 
   50   50    1    1    1    1    1    1    1    1  2.96523E+15 0.00088 
   51   51    1    1    1    1    1    1    1    1  2.37296E+15 0.00089 
   52   52    1    1    1    1    1    1    1    1  2.81111E+15 0.00085 
   53   53    1    1    1    1    1    1    1    1  1.96510E+15 0.00083 
   54   54    1    1    1    1    1    1    1    1  2.39963E+15 0.00092 
   55   55    1    1    1    1    1    1    1    1  1.65912E+15 0.00111 
   56   56    1    1    1    1    1    1    1    1  2.26312E+14 0.00103 
   57   57    1    1    1    1    1    1    1    1  3.29901E+15 0.00080 
   58   58    1    1    1    1    1    1    1    1  1.46697E+15 0.00110 
   59   59    1    1    1    1    1    1    1    1  1.56675E+15 0.00093 
   60   60    1    1    1    1    1    1    1    1  1.21836E+15 0.00106 
   61   61    1    1    1    1    1    1    1    1  1.22234E+15 0.00106 
   62   62    1    1    1    1    1    1    1    1  1.26993E+15 0.00119 
   63   63    1    1    1    1    1    1    1    1  1.06764E+15 0.00101 
   64   64    1    1    1    1    1    1    1    1  8.49569E+14 0.00086 
   65   65    1    1    1    1    1    1    1    1  8.43465E+14 0.00105 
   66   66    1    1    1    1    1    1    1    1  6.13575E+14 0.00139 
   67   67    1    1    1    1    1    1    1    1  5.01874E+14 0.00143 
   68   68    1    1    1    1    1    1    1    1  4.50678E+14 0.00150 
   69   69    1    1    1    1    1    1    1    1  5.41060E+14 0.00140 
   70   70    1    1    1    1    1    1    1    1  4.61290E+14 0.00146 
   71   71    1    1    1    1    1    1    1    1  8.46851E+14 0.00121 
   72   72    1    1    1    1    1    1    1    1  6.00696E+14 0.00151 
   73   73    1    1    1    1    1    1    1    1  4.53129E+14 0.00148 
   74   74    1    1    1    1    1    1    1    1  3.63519E+14 0.00141 
   75   75    1    1    1    1    1    1    1    1  3.00649E+14 0.00119 
   76   76    1    1    1    1    1    1    1    1  3.47725E+14 0.00170 
   77   77    1    1    1    1    1    1    1    1  2.73653E+14 0.00165 
   78   78    1    1    1    1    1    1    1    1  2.16902E+14 0.00198 
   79   79    1    1    1    1    1    1    1    1  2.23575E+14 0.00114 
   80   80    1    1    1    1    1    1    1    1  1.65904E+14 0.00178 
   81   81    1    1    1    1    1    1    1    1  1.27552E+14 0.00208 
   82   82    1    1    1    1    1    1    1    1  9.82765E+13 0.00185 
   83   83    1    1    1    1    1    1    1    1  9.13517E+13 0.00283 
   84   84    1    1    1    1    1    1    1    1  6.61064E+13 0.00315 
   85   85    1    1    1    1    1    1    1    1  4.76592E+13 0.00383 
   86   86    1    1    1    1    1    1    1    1  4.42676E+13 0.00260 
   87   87    1    1    1    1    1    1    1    1  2.74231E+13 0.00423 
   88   88    1    1    1    1    1    1    1    1  1.85014E+13 0.00492 
   89   89    1    1    1    1    1    1    1    1  1.05917E+13 0.00523 
   90   90    1    1    1    1    1    1    1    1  7.00967E+12 0.00919 
   91   91    1    1    1    1    1    1    1    1  3.60902E+12 0.01572 
   92   92    1    1    1    1    1    1    1    1  1.77931E+12 0.01386 
   93   93    1    1    1    1    1    1    1    1  8.57933E+11 0.03174 
   94   94    1    1    1    1    1    1    1    1  3.78362E+11 0.03391 
   95   95    1    1    1    1    1    1    1    1  1.85519E+11 0.04366 
   96   96    1    1    1    1    1    1    1    1  8.67432E+10 0.08430 
   97   97    1    1    1    1    1    1    1    1  4.36467E+10 0.07605 
   98   98    1    1    1    1    1    1    1    1  1.88450E+10 0.18359 
   99   99    1    1    1    1    1    1    1    1  8.03977E+09 0.23617 
  100  100    1    1    1    1    1    1    1    1  7.60676E+09 0.25772 
];


