
DETdpaspec = [
    1    1    1    1    1    1    1    1    1    1  0.00000E+00 0.00000 
    2    2    1    1    1    1    1    1    1    1  0.00000E+00 0.00000 
    3    3    1    1    1    1    1    1    1    1  0.00000E+00 0.00000 
    4    4    1    1    1    1    1    1    1    1  0.00000E+00 0.00000 
    5    5    1    1    1    1    1    1    1    1  0.00000E+00 0.00000 
    6    6    1    1    1    1    1    1    1    1  7.20386E+06 1.00000 
    7    7    1    1    1    1    1    1    1    1  1.33613E+07 1.00000 
    8    8    1    1    1    1    1    1    1    1  2.49057E+07 1.00000 
    9    9    1    1    1    1    1    1    1    1  6.89571E+06 1.00000 
   10   10    1    1    1    1    1    1    1    1  4.44086E+07 1.00000 
   11   11    1    1    1    1    1    1    1    1  1.00264E+08 0.68925 
   12   12    1    1    1    1    1    1    1    1  2.34331E+07 0.75740 
   13   13    1    1    1    1    1    1    1    1  8.29079E+08 0.40415 
   14   14    1    1    1    1    1    1    1    1  4.27565E+09 0.31642 
   15   15    1    1    1    1    1    1    1    1  3.13860E+09 0.31608 
   16   16    1    1    1    1    1    1    1    1  2.05225E+09 0.30057 
   17   17    1    1    1    1    1    1    1    1  2.05169E+09 0.27883 
   18   18    1    1    1    1    1    1    1    1  5.34645E+09 0.21360 
   19   19    1    1    1    1    1    1    1    1  9.65178E+09 0.18493 
   20   20    1    1    1    1    1    1    1    1  1.78786E+10 0.19040 
   21   21    1    1    1    1    1    1    1    1  1.79129E+10 0.11650 
   22   22    1    1    1    1    1    1    1    1  4.86587E+10 0.11043 
   23   23    1    1    1    1    1    1    1    1  6.63241E+10 0.05711 
   24   24    1    1    1    1    1    1    1    1  1.03112E+11 0.06148 
   25   25    1    1    1    1    1    1    1    1  1.10613E+11 0.05754 
   26   26    1    1    1    1    1    1    1    1  1.92061E+11 0.03931 
   27   27    1    1    1    1    1    1    1    1  3.50717E+11 0.03345 
   28   28    1    1    1    1    1    1    1    1  7.31412E+11 0.02528 
   29   29    1    1    1    1    1    1    1    1  1.08244E+12 0.01994 
   30   30    1    1    1    1    1    1    1    1  3.28178E+12 0.01416 
   31   31    1    1    1    1    1    1    1    1  1.00645E+13 0.00787 
   32   32    1    1    1    1    1    1    1    1  1.84416E+13 0.00516 
   33   33    1    1    1    1    1    1    1    1  4.15690E+13 0.00434 
   34   34    1    1    1    1    1    1    1    1  5.54232E+13 0.00348 
   35   35    1    1    1    1    1    1    1    1  7.81373E+13 0.00264 
   36   36    1    1    1    1    1    1    1    1  5.49723E+13 0.00261 
   37   37    1    1    1    1    1    1    1    1  1.72619E+13 0.00257 
   38   38    1    1    1    1    1    1    1    1  9.40515E+13 0.00218 
   39   39    1    1    1    1    1    1    1    1  1.25342E+14 0.00189 
   40   40    1    1    1    1    1    1    1    1  2.12162E+14 0.00258 
   41   41    1    1    1    1    1    1    1    1  2.17472E+14 0.00210 
   42   42    1    1    1    1    1    1    1    1  4.49293E+14 0.00223 
   43   43    1    1    1    1    1    1    1    1  5.36621E+14 0.00170 
   44   44    1    1    1    1    1    1    1    1  7.65043E+14 0.00136 
   45   45    1    1    1    1    1    1    1    1  1.48693E+15 0.00121 
   46   46    1    1    1    1    1    1    1    1  7.10252E+14 0.00130 
   47   47    1    1    1    1    1    1    1    1  1.14123E+15 0.00134 
   48   48    1    1    1    1    1    1    1    1  1.59046E+15 0.00113 
   49   49    1    1    1    1    1    1    1    1  1.56751E+15 0.00126 
   50   50    1    1    1    1    1    1    1    1  2.41385E+15 0.00109 
   51   51    1    1    1    1    1    1    1    1  1.94498E+15 0.00134 
   52   52    1    1    1    1    1    1    1    1  2.26546E+15 0.00116 
   53   53    1    1    1    1    1    1    1    1  1.58583E+15 0.00135 
   54   54    1    1    1    1    1    1    1    1  1.90772E+15 0.00110 
   55   55    1    1    1    1    1    1    1    1  1.32155E+15 0.00141 
   56   56    1    1    1    1    1    1    1    1  1.81076E+14 0.00174 
   57   57    1    1    1    1    1    1    1    1  2.62486E+15 0.00118 
   58   58    1    1    1    1    1    1    1    1  1.14443E+15 0.00136 
   59   59    1    1    1    1    1    1    1    1  1.22587E+15 0.00137 
   60   60    1    1    1    1    1    1    1    1  9.41428E+14 0.00146 
   61   61    1    1    1    1    1    1    1    1  9.46612E+14 0.00154 
   62   62    1    1    1    1    1    1    1    1  9.80237E+14 0.00137 
   63   63    1    1    1    1    1    1    1    1  8.20518E+14 0.00157 
   64   64    1    1    1    1    1    1    1    1  6.51906E+14 0.00139 
   65   65    1    1    1    1    1    1    1    1  6.46734E+14 0.00151 
   66   66    1    1    1    1    1    1    1    1  4.69748E+14 0.00180 
   67   67    1    1    1    1    1    1    1    1  3.85531E+14 0.00203 
   68   68    1    1    1    1    1    1    1    1  3.46120E+14 0.00193 
   69   69    1    1    1    1    1    1    1    1  4.15196E+14 0.00204 
   70   70    1    1    1    1    1    1    1    1  3.54968E+14 0.00214 
   71   71    1    1    1    1    1    1    1    1  6.54734E+14 0.00182 
   72   72    1    1    1    1    1    1    1    1  4.65695E+14 0.00180 
   73   73    1    1    1    1    1    1    1    1  3.51602E+14 0.00230 
   74   74    1    1    1    1    1    1    1    1  2.78631E+14 0.00215 
   75   75    1    1    1    1    1    1    1    1  2.27891E+14 0.00248 
   76   76    1    1    1    1    1    1    1    1  2.61499E+14 0.00224 
   77   77    1    1    1    1    1    1    1    1  2.03641E+14 0.00258 
   78   78    1    1    1    1    1    1    1    1  1.60013E+14 0.00251 
   79   79    1    1    1    1    1    1    1    1  1.64051E+14 0.00240 
   80   80    1    1    1    1    1    1    1    1  1.21418E+14 0.00205 
   81   81    1    1    1    1    1    1    1    1  9.29941E+13 0.00319 
   82   82    1    1    1    1    1    1    1    1  7.12747E+13 0.00318 
   83   83    1    1    1    1    1    1    1    1  6.64320E+13 0.00433 
   84   84    1    1    1    1    1    1    1    1  4.77844E+13 0.00330 
   85   85    1    1    1    1    1    1    1    1  3.44417E+13 0.00327 
   86   86    1    1    1    1    1    1    1    1  3.23573E+13 0.00568 
   87   87    1    1    1    1    1    1    1    1  1.99843E+13 0.00563 
   88   88    1    1    1    1    1    1    1    1  1.33986E+13 0.00679 
   89   89    1    1    1    1    1    1    1    1  7.82131E+12 0.00798 
   90   90    1    1    1    1    1    1    1    1  5.25277E+12 0.01220 
   91   91    1    1    1    1    1    1    1    1  2.61124E+12 0.01459 
   92   92    1    1    1    1    1    1    1    1  1.26897E+12 0.01738 
   93   93    1    1    1    1    1    1    1    1  6.09785E+11 0.03843 
   94   94    1    1    1    1    1    1    1    1  3.08579E+11 0.03526 
   95   95    1    1    1    1    1    1    1    1  1.49701E+11 0.04950 
   96   96    1    1    1    1    1    1    1    1  7.03448E+10 0.08017 
   97   97    1    1    1    1    1    1    1    1  2.37138E+10 0.10484 
   98   98    1    1    1    1    1    1    1    1  1.81686E+10 0.14050 
   99   99    1    1    1    1    1    1    1    1  6.45922E+09 0.31482 
  100  100    1    1    1    1    1    1    1    1  8.22493E+09 0.25852 
];


