
DETdpaspec = [
    1    1    1    1    1    1    1    1    1    1  0.00000E+00 0.00000 
    2    2    1    1    1    1    1    1    1    1  0.00000E+00 0.00000 
    3    3    1    1    1    1    1    1    1    1  0.00000E+00 0.00000 
    4    4    1    1    1    1    1    1    1    1  0.00000E+00 0.00000 
    5    5    1    1    1    1    1    1    1    1  0.00000E+00 0.00000 
    6    6    1    1    1    1    1    1    1    1  0.00000E+00 0.00000 
    7    7    1    1    1    1    1    1    1    1  0.00000E+00 0.00000 
    8    8    1    1    1    1    1    1    1    1  0.00000E+00 0.00000 
    9    9    1    1    1    1    1    1    1    1  6.32357E+06 1.00000 
   10   10    1    1    1    1    1    1    1    1  1.10252E+08 0.79345 
   11   11    1    1    1    1    1    1    1    1  2.58169E+08 0.50710 
   12   12    1    1    1    1    1    1    1    1  2.51849E+07 0.94510 
   13   13    1    1    1    1    1    1    1    1  1.83060E+09 0.54141 
   14   14    1    1    1    1    1    1    1    1  9.84880E+08 0.72376 
   15   15    1    1    1    1    1    1    1    1  4.35092E+09 0.40496 
   16   16    1    1    1    1    1    1    1    1  7.50603E+08 0.41001 
   17   17    1    1    1    1    1    1    1    1  2.41391E+09 0.20277 
   18   18    1    1    1    1    1    1    1    1  7.04809E+09 0.26640 
   19   19    1    1    1    1    1    1    1    1  7.67907E+09 0.28151 
   20   20    1    1    1    1    1    1    1    1  2.50144E+10 0.14675 
   21   21    1    1    1    1    1    1    1    1  1.90257E+10 0.14412 
   22   22    1    1    1    1    1    1    1    1  3.74320E+10 0.09105 
   23   23    1    1    1    1    1    1    1    1  6.31603E+10 0.07418 
   24   24    1    1    1    1    1    1    1    1  9.44368E+10 0.06914 
   25   25    1    1    1    1    1    1    1    1  1.10069E+11 0.04729 
   26   26    1    1    1    1    1    1    1    1  2.03343E+11 0.03960 
   27   27    1    1    1    1    1    1    1    1  3.47904E+11 0.04552 
   28   28    1    1    1    1    1    1    1    1  7.66847E+11 0.02318 
   29   29    1    1    1    1    1    1    1    1  1.24948E+12 0.02049 
   30   30    1    1    1    1    1    1    1    1  3.70965E+12 0.01114 
   31   31    1    1    1    1    1    1    1    1  1.11566E+13 0.00930 
   32   32    1    1    1    1    1    1    1    1  2.03685E+13 0.00652 
   33   33    1    1    1    1    1    1    1    1  4.77542E+13 0.00332 
   34   34    1    1    1    1    1    1    1    1  6.56067E+13 0.00309 
   35   35    1    1    1    1    1    1    1    1  8.87822E+13 0.00217 
   36   36    1    1    1    1    1    1    1    1  6.17447E+13 0.00196 
   37   37    1    1    1    1    1    1    1    1  1.91081E+13 0.00253 
   38   38    1    1    1    1    1    1    1    1  1.05111E+14 0.00217 
   39   39    1    1    1    1    1    1    1    1  1.40897E+14 0.00138 
   40   40    1    1    1    1    1    1    1    1  2.41362E+14 0.00125 
   41   41    1    1    1    1    1    1    1    1  2.45073E+14 0.00160 
   42   42    1    1    1    1    1    1    1    1  5.13991E+14 0.00134 
   43   43    1    1    1    1    1    1    1    1  6.17485E+14 0.00114 
   44   44    1    1    1    1    1    1    1    1  8.85381E+14 0.00112 
   45   45    1    1    1    1    1    1    1    1  1.74919E+15 0.00101 
   46   46    1    1    1    1    1    1    1    1  8.32739E+14 0.00089 
   47   47    1    1    1    1    1    1    1    1  1.33412E+15 0.00084 
   48   48    1    1    1    1    1    1    1    1  1.86840E+15 0.00071 
   49   49    1    1    1    1    1    1    1    1  1.83998E+15 0.00085 
   50   50    1    1    1    1    1    1    1    1  2.86670E+15 0.00102 
   51   51    1    1    1    1    1    1    1    1  2.29938E+15 0.00096 
   52   52    1    1    1    1    1    1    1    1  2.71495E+15 0.00092 
   53   53    1    1    1    1    1    1    1    1  1.89865E+15 0.00098 
   54   54    1    1    1    1    1    1    1    1  2.31386E+15 0.00080 
   55   55    1    1    1    1    1    1    1    1  1.60277E+15 0.00092 
   56   56    1    1    1    1    1    1    1    1  2.18529E+14 0.00110 
   57   57    1    1    1    1    1    1    1    1  3.18347E+15 0.00077 
   58   58    1    1    1    1    1    1    1    1  1.40848E+15 0.00083 
   59   59    1    1    1    1    1    1    1    1  1.50583E+15 0.00108 
   60   60    1    1    1    1    1    1    1    1  1.16965E+15 0.00099 
   61   61    1    1    1    1    1    1    1    1  1.17220E+15 0.00090 
   62   62    1    1    1    1    1    1    1    1  1.21853E+15 0.00114 
   63   63    1    1    1    1    1    1    1    1  1.02420E+15 0.00096 
   64   64    1    1    1    1    1    1    1    1  8.14866E+14 0.00079 
   65   65    1    1    1    1    1    1    1    1  8.09840E+14 0.00108 
   66   66    1    1    1    1    1    1    1    1  5.88161E+14 0.00132 
   67   67    1    1    1    1    1    1    1    1  4.81334E+14 0.00120 
   68   68    1    1    1    1    1    1    1    1  4.31942E+14 0.00118 
   69   69    1    1    1    1    1    1    1    1  5.18943E+14 0.00120 
   70   70    1    1    1    1    1    1    1    1  4.43394E+14 0.00095 
   71   71    1    1    1    1    1    1    1    1  8.13372E+14 0.00114 
   72   72    1    1    1    1    1    1    1    1  5.78011E+14 0.00140 
   73   73    1    1    1    1    1    1    1    1  4.35918E+14 0.00160 
   74   74    1    1    1    1    1    1    1    1  3.49142E+14 0.00129 
   75   75    1    1    1    1    1    1    1    1  2.87575E+14 0.00096 
   76   76    1    1    1    1    1    1    1    1  3.32099E+14 0.00141 
   77   77    1    1    1    1    1    1    1    1  2.61104E+14 0.00144 
   78   78    1    1    1    1    1    1    1    1  2.06682E+14 0.00171 
   79   79    1    1    1    1    1    1    1    1  2.12827E+14 0.00170 
   80   80    1    1    1    1    1    1    1    1  1.56788E+14 0.00213 
   81   81    1    1    1    1    1    1    1    1  1.20496E+14 0.00212 
   82   82    1    1    1    1    1    1    1    1  9.30606E+13 0.00208 
   83   83    1    1    1    1    1    1    1    1  8.67680E+13 0.00286 
   84   84    1    1    1    1    1    1    1    1  6.30320E+13 0.00331 
   85   85    1    1    1    1    1    1    1    1  4.48145E+13 0.00457 
   86   86    1    1    1    1    1    1    1    1  4.21963E+13 0.00422 
   87   87    1    1    1    1    1    1    1    1  2.60159E+13 0.00481 
   88   88    1    1    1    1    1    1    1    1  1.76441E+13 0.00530 
   89   89    1    1    1    1    1    1    1    1  1.01935E+13 0.00673 
   90   90    1    1    1    1    1    1    1    1  6.72312E+12 0.00792 
   91   91    1    1    1    1    1    1    1    1  3.46305E+12 0.01275 
   92   92    1    1    1    1    1    1    1    1  1.66438E+12 0.01780 
   93   93    1    1    1    1    1    1    1    1  8.07009E+11 0.02167 
   94   94    1    1    1    1    1    1    1    1  4.18614E+11 0.03688 
   95   95    1    1    1    1    1    1    1    1  1.99848E+11 0.06305 
   96   96    1    1    1    1    1    1    1    1  9.29749E+10 0.07756 
   97   97    1    1    1    1    1    1    1    1  4.09549E+10 0.10980 
   98   98    1    1    1    1    1    1    1    1  1.97946E+10 0.16954 
   99   99    1    1    1    1    1    1    1    1  1.17591E+10 0.20163 
  100  100    1    1    1    1    1    1    1    1  7.06295E+09 0.30121 
];


