
DETdpaspec = [
    1    1    1    1    1    1    1    1    1    1  0.00000E+00 0.00000 
    2    2    1    1    1    1    1    1    1    1  0.00000E+00 0.00000 
    3    3    1    1    1    1    1    1    1    1  0.00000E+00 0.00000 
    4    4    1    1    1    1    1    1    1    1  0.00000E+00 0.00000 
    5    5    1    1    1    1    1    1    1    1  0.00000E+00 0.00000 
    6    6    1    1    1    1    1    1    1    1  0.00000E+00 0.00000 
    7    7    1    1    1    1    1    1    1    1  0.00000E+00 0.00000 
    8    8    1    1    1    1    1    1    1    1  0.00000E+00 0.00000 
    9    9    1    1    1    1    1    1    1    1  6.68517E+06 1.00000 
   10   10    1    1    1    1    1    1    1    1  7.98178E+07 1.00000 
   11   11    1    1    1    1    1    1    1    1  2.81659E+08 1.00000 
   12   12    1    1    1    1    1    1    1    1  4.63528E+06 1.00000 
   13   13    1    1    1    1    1    1    1    1  2.23146E+09 0.44700 
   14   14    1    1    1    1    1    1    1    1  5.17317E+09 0.41016 
   15   15    1    1    1    1    1    1    1    1  5.25924E+09 0.42825 
   16   16    1    1    1    1    1    1    1    1  6.58914E+08 0.50695 
   17   17    1    1    1    1    1    1    1    1  1.89173E+09 0.49505 
   18   18    1    1    1    1    1    1    1    1  4.67608E+09 0.26148 
   19   19    1    1    1    1    1    1    1    1  3.80606E+09 0.26590 
   20   20    1    1    1    1    1    1    1    1  1.95257E+10 0.17992 
   21   21    1    1    1    1    1    1    1    1  1.50475E+10 0.09370 
   22   22    1    1    1    1    1    1    1    1  2.92333E+10 0.09153 
   23   23    1    1    1    1    1    1    1    1  5.23338E+10 0.12691 
   24   24    1    1    1    1    1    1    1    1  1.14639E+11 0.06372 
   25   25    1    1    1    1    1    1    1    1  1.69306E+11 0.05611 
   26   26    1    1    1    1    1    1    1    1  3.45656E+11 0.02992 
   27   27    1    1    1    1    1    1    1    1  7.81343E+11 0.02618 
   28   28    1    1    1    1    1    1    1    1  1.89637E+12 0.02006 
   29   29    1    1    1    1    1    1    1    1  3.37647E+12 0.01680 
   30   30    1    1    1    1    1    1    1    1  8.15299E+12 0.01102 
   31   31    1    1    1    1    1    1    1    1  2.22194E+13 0.00421 
   32   32    1    1    1    1    1    1    1    1  3.76722E+13 0.00514 
   33   33    1    1    1    1    1    1    1    1  8.46104E+13 0.00415 
   34   34    1    1    1    1    1    1    1    1  1.14424E+14 0.00211 
   35   35    1    1    1    1    1    1    1    1  1.34050E+14 0.00244 
   36   36    1    1    1    1    1    1    1    1  8.67971E+13 0.00168 
   37   37    1    1    1    1    1    1    1    1  2.58594E+13 0.00207 
   38   38    1    1    1    1    1    1    1    1  1.46057E+14 0.00179 
   39   39    1    1    1    1    1    1    1    1  1.94771E+14 0.00144 
   40   40    1    1    1    1    1    1    1    1  3.35207E+14 0.00129 
   41   41    1    1    1    1    1    1    1    1  3.27980E+14 0.00130 
   42   42    1    1    1    1    1    1    1    1  6.97959E+14 0.00112 
   43   43    1    1    1    1    1    1    1    1  8.33866E+14 0.00100 
   44   44    1    1    1    1    1    1    1    1  1.18903E+15 0.00094 
   45   45    1    1    1    1    1    1    1    1  2.35277E+15 0.00077 
   46   46    1    1    1    1    1    1    1    1  1.09381E+15 0.00099 
   47   47    1    1    1    1    1    1    1    1  1.72930E+15 0.00088 
   48   48    1    1    1    1    1    1    1    1  2.40697E+15 0.00074 
   49   49    1    1    1    1    1    1    1    1  2.34504E+15 0.00032 
   50   50    1    1    1    1    1    1    1    1  3.68885E+15 0.00055 
   51   51    1    1    1    1    1    1    1    1  2.88815E+15 0.00065 
   52   52    1    1    1    1    1    1    1    1  3.47159E+15 0.00051 
   53   53    1    1    1    1    1    1    1    1  2.40636E+15 0.00056 
   54   54    1    1    1    1    1    1    1    1  2.98196E+15 0.00054 
   55   55    1    1    1    1    1    1    1    1  2.05211E+15 0.00067 
   56   56    1    1    1    1    1    1    1    1  2.78495E+14 0.00086 
   57   57    1    1    1    1    1    1    1    1  4.06344E+15 0.00060 
   58   58    1    1    1    1    1    1    1    1  1.84358E+15 0.00067 
   59   59    1    1    1    1    1    1    1    1  1.95416E+15 0.00075 
   60   60    1    1    1    1    1    1    1    1  1.54363E+15 0.00066 
   61   61    1    1    1    1    1    1    1    1  1.54142E+15 0.00077 
   62   62    1    1    1    1    1    1    1    1  1.60335E+15 0.00079 
   63   63    1    1    1    1    1    1    1    1  1.35037E+15 0.00064 
   64   64    1    1    1    1    1    1    1    1  1.07406E+15 0.00083 
   65   65    1    1    1    1    1    1    1    1  1.06701E+15 0.00081 
   66   66    1    1    1    1    1    1    1    1  7.75620E+14 0.00088 
   67   67    1    1    1    1    1    1    1    1  6.28606E+14 0.00088 
   68   68    1    1    1    1    1    1    1    1  5.62737E+14 0.00128 
   69   69    1    1    1    1    1    1    1    1  6.74807E+14 0.00092 
   70   70    1    1    1    1    1    1    1    1  5.73642E+14 0.00129 
   71   71    1    1    1    1    1    1    1    1  1.03462E+15 0.00087 
   72   72    1    1    1    1    1    1    1    1  7.31303E+14 0.00081 
   73   73    1    1    1    1    1    1    1    1  5.52649E+14 0.00064 
   74   74    1    1    1    1    1    1    1    1  4.47686E+14 0.00099 
   75   75    1    1    1    1    1    1    1    1  3.74284E+14 0.00170 
   76   76    1    1    1    1    1    1    1    1  4.38248E+14 0.00089 
   77   77    1    1    1    1    1    1    1    1  3.49626E+14 0.00134 
   78   78    1    1    1    1    1    1    1    1  2.80548E+14 0.00138 
   79   79    1    1    1    1    1    1    1    1  2.90446E+14 0.00149 
   80   80    1    1    1    1    1    1    1    1  2.16297E+14 0.00147 
   81   81    1    1    1    1    1    1    1    1  1.66987E+14 0.00191 
   82   82    1    1    1    1    1    1    1    1  1.27973E+14 0.00168 
   83   83    1    1    1    1    1    1    1    1  1.20298E+14 0.00243 
   84   84    1    1    1    1    1    1    1    1  8.66824E+13 0.00287 
   85   85    1    1    1    1    1    1    1    1  6.23321E+13 0.00339 
   86   86    1    1    1    1    1    1    1    1  5.82534E+13 0.00200 
   87   87    1    1    1    1    1    1    1    1  3.59905E+13 0.00461 
   88   88    1    1    1    1    1    1    1    1  2.39170E+13 0.00606 
   89   89    1    1    1    1    1    1    1    1  1.37127E+13 0.00619 
   90   90    1    1    1    1    1    1    1    1  9.06562E+12 0.00770 
   91   91    1    1    1    1    1    1    1    1  4.49488E+12 0.00621 
   92   92    1    1    1    1    1    1    1    1  2.18571E+12 0.01709 
   93   93    1    1    1    1    1    1    1    1  1.05457E+12 0.02291 
   94   94    1    1    1    1    1    1    1    1  4.95599E+11 0.03524 
   95   95    1    1    1    1    1    1    1    1  2.35863E+11 0.05669 
   96   96    1    1    1    1    1    1    1    1  1.15948E+11 0.06666 
   97   97    1    1    1    1    1    1    1    1  4.98200E+10 0.11302 
   98   98    1    1    1    1    1    1    1    1  2.33589E+10 0.13205 
   99   99    1    1    1    1    1    1    1    1  1.32001E+10 0.18877 
  100  100    1    1    1    1    1    1    1    1  1.69638E+10 0.18155 
];


