
DETdpaspec = [
    1    1    1    1    1    1    1    1    1    1  0.00000E+00 0.00000 
    2    2    1    1    1    1    1    1    1    1  0.00000E+00 0.00000 
    3    3    1    1    1    1    1    1    1    1  0.00000E+00 0.00000 
    4    4    1    1    1    1    1    1    1    1  0.00000E+00 0.00000 
    5    5    1    1    1    1    1    1    1    1  0.00000E+00 0.00000 
    6    6    1    1    1    1    1    1    1    1  0.00000E+00 0.00000 
    7    7    1    1    1    1    1    1    1    1  0.00000E+00 0.00000 
    8    8    1    1    1    1    1    1    1    1  0.00000E+00 0.00000 
    9    9    1    1    1    1    1    1    1    1  1.56547E+07 0.71627 
   10   10    1    1    1    1    1    1    1    1  1.19160E+08 0.70223 
   11   11    1    1    1    1    1    1    1    1  0.00000E+00 0.00000 
   12   12    1    1    1    1    1    1    1    1  1.18940E+08 0.98143 
   13   13    1    1    1    1    1    1    1    1  9.55271E+07 1.00000 
   14   14    1    1    1    1    1    1    1    1  3.18445E+09 0.39926 
   15   15    1    1    1    1    1    1    1    1  6.97949E+09 0.33196 
   16   16    1    1    1    1    1    1    1    1  3.46065E+08 0.45070 
   17   17    1    1    1    1    1    1    1    1  2.39362E+09 0.30845 
   18   18    1    1    1    1    1    1    1    1  4.90253E+09 0.33491 
   19   19    1    1    1    1    1    1    1    1  4.97632E+09 0.19891 
   20   20    1    1    1    1    1    1    1    1  2.41282E+10 0.13170 
   21   21    1    1    1    1    1    1    1    1  1.36805E+10 0.14835 
   22   22    1    1    1    1    1    1    1    1  3.30627E+10 0.12571 
   23   23    1    1    1    1    1    1    1    1  6.28723E+10 0.10207 
   24   24    1    1    1    1    1    1    1    1  1.02073E+11 0.07700 
   25   25    1    1    1    1    1    1    1    1  1.33612E+11 0.06153 
   26   26    1    1    1    1    1    1    1    1  2.24614E+11 0.03806 
   27   27    1    1    1    1    1    1    1    1  4.80881E+11 0.02600 
   28   28    1    1    1    1    1    1    1    1  1.17807E+12 0.02118 
   29   29    1    1    1    1    1    1    1    1  2.08710E+12 0.01756 
   30   30    1    1    1    1    1    1    1    1  5.38516E+12 0.01044 
   31   31    1    1    1    1    1    1    1    1  1.55534E+13 0.00648 
   32   32    1    1    1    1    1    1    1    1  2.76521E+13 0.00505 
   33   33    1    1    1    1    1    1    1    1  6.42635E+13 0.00357 
   34   34    1    1    1    1    1    1    1    1  8.89775E+13 0.00259 
   35   35    1    1    1    1    1    1    1    1  1.11081E+14 0.00233 
   36   36    1    1    1    1    1    1    1    1  7.44106E+13 0.00203 
   37   37    1    1    1    1    1    1    1    1  2.24920E+13 0.00184 
   38   38    1    1    1    1    1    1    1    1  1.26645E+14 0.00204 
   39   39    1    1    1    1    1    1    1    1  1.69760E+14 0.00136 
   40   40    1    1    1    1    1    1    1    1  2.92549E+14 0.00117 
   41   41    1    1    1    1    1    1    1    1  2.90431E+14 0.00127 
   42   42    1    1    1    1    1    1    1    1  6.17670E+14 0.00092 
   43   43    1    1    1    1    1    1    1    1  7.43502E+14 0.00131 
   44   44    1    1    1    1    1    1    1    1  1.06568E+15 0.00102 
   45   45    1    1    1    1    1    1    1    1  2.12058E+15 0.00080 
   46   46    1    1    1    1    1    1    1    1  9.99096E+14 0.00114 
   47   47    1    1    1    1    1    1    1    1  1.59103E+15 0.00095 
   48   48    1    1    1    1    1    1    1    1  2.22572E+15 0.00073 
   49   49    1    1    1    1    1    1    1    1  2.18199E+15 0.00067 
   50   50    1    1    1    1    1    1    1    1  3.43011E+15 0.00077 
   51   51    1    1    1    1    1    1    1    1  2.71505E+15 0.00073 
   52   52    1    1    1    1    1    1    1    1  3.25212E+15 0.00073 
   53   53    1    1    1    1    1    1    1    1  2.26453E+15 0.00089 
   54   54    1    1    1    1    1    1    1    1  2.79788E+15 0.00061 
   55   55    1    1    1    1    1    1    1    1  1.93086E+15 0.00094 
   56   56    1    1    1    1    1    1    1    1  2.62677E+14 0.00091 
   57   57    1    1    1    1    1    1    1    1  3.83613E+15 0.00081 
   58   58    1    1    1    1    1    1    1    1  1.72839E+15 0.00117 
   59   59    1    1    1    1    1    1    1    1  1.83925E+15 0.00104 
   60   60    1    1    1    1    1    1    1    1  1.44639E+15 0.00103 
   61   61    1    1    1    1    1    1    1    1  1.44851E+15 0.00085 
   62   62    1    1    1    1    1    1    1    1  1.50689E+15 0.00089 
   63   63    1    1    1    1    1    1    1    1  1.27111E+15 0.00089 
   64   64    1    1    1    1    1    1    1    1  1.01131E+15 0.00118 
   65   65    1    1    1    1    1    1    1    1  1.00520E+15 0.00103 
   66   66    1    1    1    1    1    1    1    1  7.31484E+14 0.00096 
   67   67    1    1    1    1    1    1    1    1  5.95733E+14 0.00113 
   68   68    1    1    1    1    1    1    1    1  5.33506E+14 0.00152 
   69   69    1    1    1    1    1    1    1    1  6.39793E+14 0.00100 
   70   70    1    1    1    1    1    1    1    1  5.45109E+14 0.00141 
   71   71    1    1    1    1    1    1    1    1  9.89454E+14 0.00113 
   72   72    1    1    1    1    1    1    1    1  7.00103E+14 0.00166 
   73   73    1    1    1    1    1    1    1    1  5.29383E+14 0.00168 
   74   74    1    1    1    1    1    1    1    1  4.28428E+14 0.00166 
   75   75    1    1    1    1    1    1    1    1  3.57999E+14 0.00144 
   76   76    1    1    1    1    1    1    1    1  4.17134E+14 0.00122 
   77   77    1    1    1    1    1    1    1    1  3.30609E+14 0.00111 
   78   78    1    1    1    1    1    1    1    1  2.64049E+14 0.00147 
   79   79    1    1    1    1    1    1    1    1  2.73098E+14 0.00183 
   80   80    1    1    1    1    1    1    1    1  2.02605E+14 0.00163 
   81   81    1    1    1    1    1    1    1    1  1.56339E+14 0.00146 
   82   82    1    1    1    1    1    1    1    1  1.20491E+14 0.00224 
   83   83    1    1    1    1    1    1    1    1  1.13073E+14 0.00215 
   84   84    1    1    1    1    1    1    1    1  8.08610E+13 0.00251 
   85   85    1    1    1    1    1    1    1    1  5.85901E+13 0.00311 
   86   86    1    1    1    1    1    1    1    1  5.45151E+13 0.00370 
   87   87    1    1    1    1    1    1    1    1  3.37574E+13 0.00289 
   88   88    1    1    1    1    1    1    1    1  2.27292E+13 0.00469 
   89   89    1    1    1    1    1    1    1    1  1.31000E+13 0.00607 
   90   90    1    1    1    1    1    1    1    1  8.56546E+12 0.01087 
   91   91    1    1    1    1    1    1    1    1  4.31582E+12 0.01328 
   92   92    1    1    1    1    1    1    1    1  2.12848E+12 0.01533 
   93   93    1    1    1    1    1    1    1    1  9.54240E+11 0.02827 
   94   94    1    1    1    1    1    1    1    1  4.70218E+11 0.03239 
   95   95    1    1    1    1    1    1    1    1  2.25014E+11 0.05564 
   96   96    1    1    1    1    1    1    1    1  1.18066E+11 0.08112 
   97   97    1    1    1    1    1    1    1    1  4.87857E+10 0.14055 
   98   98    1    1    1    1    1    1    1    1  2.35806E+10 0.12966 
   99   99    1    1    1    1    1    1    1    1  1.15262E+10 0.20177 
  100  100    1    1    1    1    1    1    1    1  7.47642E+09 0.31285 
];


