
DETdpaspec = [
    1    1    1    1    1    1    1    1    1    1  0.00000E+00 0.00000 
    2    2    1    1    1    1    1    1    1    1  0.00000E+00 0.00000 
    3    3    1    1    1    1    1    1    1    1  0.00000E+00 0.00000 
    4    4    1    1    1    1    1    1    1    1  0.00000E+00 0.00000 
    5    5    1    1    1    1    1    1    1    1  0.00000E+00 0.00000 
    6    6    1    1    1    1    1    1    1    1  0.00000E+00 0.00000 
    7    7    1    1    1    1    1    1    1    1  0.00000E+00 0.00000 
    8    8    1    1    1    1    1    1    1    1  0.00000E+00 0.00000 
    9    9    1    1    1    1    1    1    1    1  0.00000E+00 0.00000 
   10   10    1    1    1    1    1    1    1    1  0.00000E+00 0.00000 
   11   11    1    1    1    1    1    1    1    1  0.00000E+00 0.00000 
   12   12    1    1    1    1    1    1    1    1  0.00000E+00 0.00000 
   13   13    1    1    1    1    1    1    1    1  0.00000E+00 0.00000 
   14   14    1    1    1    1    1    1    1    1  0.00000E+00 0.00000 
   15   15    1    1    1    1    1    1    1    1  0.00000E+00 0.00000 
   16   16    1    1    1    1    1    1    1    1  7.36042E+07 1.00000 
   17   17    1    1    1    1    1    1    1    1  5.06936E+08 0.87285 
   18   18    1    1    1    1    1    1    1    1  2.07451E+09 0.38138 
   19   19    1    1    1    1    1    1    1    1  3.35534E+09 0.32918 
   20   20    1    1    1    1    1    1    1    1  9.47238E+09 0.26624 
   21   21    1    1    1    1    1    1    1    1  1.60039E+10 0.13491 
   22   22    1    1    1    1    1    1    1    1  7.83458E+10 0.09739 
   23   23    1    1    1    1    1    1    1    1  3.50393E+11 0.05524 
   24   24    1    1    1    1    1    1    1    1  1.12620E+12 0.02668 
   25   25    1    1    1    1    1    1    1    1  1.71499E+12 0.01941 
   26   26    1    1    1    1    1    1    1    1  3.47851E+12 0.01279 
   27   27    1    1    1    1    1    1    1    1  6.50044E+12 0.00747 
   28   28    1    1    1    1    1    1    1    1  1.21665E+13 0.00581 
   29   29    1    1    1    1    1    1    1    1  1.81290E+13 0.00642 
   30   30    1    1    1    1    1    1    1    1  3.37811E+13 0.00485 
   31   31    1    1    1    1    1    1    1    1  6.55835E+13 0.00358 
   32   32    1    1    1    1    1    1    1    1  9.27917E+13 0.00303 
   33   33    1    1    1    1    1    1    1    1  1.76687E+14 0.00205 
   34   34    1    1    1    1    1    1    1    1  2.12690E+14 0.00172 
   35   35    1    1    1    1    1    1    1    1  2.15222E+14 0.00190 
   36   36    1    1    1    1    1    1    1    1  1.28265E+14 0.00156 
   37   37    1    1    1    1    1    1    1    1  3.72183E+13 0.00163 
   38   38    1    1    1    1    1    1    1    1  2.10281E+14 0.00126 
   39   39    1    1    1    1    1    1    1    1  2.74394E+14 0.00116 
   40   40    1    1    1    1    1    1    1    1  4.60348E+14 0.00127 
   41   41    1    1    1    1    1    1    1    1  4.34874E+14 0.00104 
   42   42    1    1    1    1    1    1    1    1  9.10970E+14 0.00109 
   43   43    1    1    1    1    1    1    1    1  1.06290E+15 0.00087 
   44   44    1    1    1    1    1    1    1    1  1.47327E+15 0.00069 
   45   45    1    1    1    1    1    1    1    1  2.81039E+15 0.00072 
   46   46    1    1    1    1    1    1    1    1  1.25508E+15 0.00077 
   47   47    1    1    1    1    1    1    1    1  1.95172E+15 0.00075 
   48   48    1    1    1    1    1    1    1    1  2.64831E+15 0.00074 
   49   49    1    1    1    1    1    1    1    1  2.52658E+15 0.00079 
   50   50    1    1    1    1    1    1    1    1  3.90330E+15 0.00072 
   51   51    1    1    1    1    1    1    1    1  2.96783E+15 0.00083 
   52   52    1    1    1    1    1    1    1    1  3.53511E+15 0.00080 
   53   53    1    1    1    1    1    1    1    1  2.39874E+15 0.00091 
   54   54    1    1    1    1    1    1    1    1  2.96510E+15 0.00084 
   55   55    1    1    1    1    1    1    1    1  2.01460E+15 0.00081 
   56   56    1    1    1    1    1    1    1    1  2.71271E+14 0.00141 
   57   57    1    1    1    1    1    1    1    1  3.93508E+15 0.00095 
   58   58    1    1    1    1    1    1    1    1  1.78298E+15 0.00104 
   59   59    1    1    1    1    1    1    1    1  1.86636E+15 0.00093 
   60   60    1    1    1    1    1    1    1    1  1.47479E+15 0.00093 
   61   61    1    1    1    1    1    1    1    1  1.46310E+15 0.00097 
   62   62    1    1    1    1    1    1    1    1  1.51121E+15 0.00087 
   63   63    1    1    1    1    1    1    1    1  1.26593E+15 0.00091 
   64   64    1    1    1    1    1    1    1    1  9.98714E+14 0.00108 
   65   65    1    1    1    1    1    1    1    1  9.84893E+14 0.00115 
   66   66    1    1    1    1    1    1    1    1  7.11522E+14 0.00117 
   67   67    1    1    1    1    1    1    1    1  5.74155E+14 0.00130 
   68   68    1    1    1    1    1    1    1    1  5.09745E+14 0.00117 
   69   69    1    1    1    1    1    1    1    1  6.07987E+14 0.00125 
   70   70    1    1    1    1    1    1    1    1  5.13178E+14 0.00118 
   71   71    1    1    1    1    1    1    1    1  9.08050E+14 0.00135 
   72   72    1    1    1    1    1    1    1    1  6.34535E+14 0.00112 
   73   73    1    1    1    1    1    1    1    1  4.77578E+14 0.00145 
   74   74    1    1    1    1    1    1    1    1  3.88260E+14 0.00122 
   75   75    1    1    1    1    1    1    1    1  3.25238E+14 0.00173 
   76   76    1    1    1    1    1    1    1    1  3.80876E+14 0.00146 
   77   77    1    1    1    1    1    1    1    1  3.04081E+14 0.00161 
   78   78    1    1    1    1    1    1    1    1  2.43759E+14 0.00168 
   79   79    1    1    1    1    1    1    1    1  2.52336E+14 0.00151 
   80   80    1    1    1    1    1    1    1    1  1.87148E+14 0.00209 
   81   81    1    1    1    1    1    1    1    1  1.44179E+14 0.00183 
   82   82    1    1    1    1    1    1    1    1  1.09841E+14 0.00206 
   83   83    1    1    1    1    1    1    1    1  1.02436E+14 0.00234 
   84   84    1    1    1    1    1    1    1    1  7.36189E+13 0.00227 
   85   85    1    1    1    1    1    1    1    1  5.32259E+13 0.00297 
   86   86    1    1    1    1    1    1    1    1  4.92709E+13 0.00305 
   87   87    1    1    1    1    1    1    1    1  2.99190E+13 0.00435 
   88   88    1    1    1    1    1    1    1    1  1.98371E+13 0.00458 
   89   89    1    1    1    1    1    1    1    1  1.12435E+13 0.00961 
   90   90    1    1    1    1    1    1    1    1  7.24080E+12 0.00799 
   91   91    1    1    1    1    1    1    1    1  3.61115E+12 0.01040 
   92   92    1    1    1    1    1    1    1    1  1.71792E+12 0.01605 
   93   93    1    1    1    1    1    1    1    1  8.19873E+11 0.02678 
   94   94    1    1    1    1    1    1    1    1  3.79971E+11 0.02165 
   95   95    1    1    1    1    1    1    1    1  1.72355E+11 0.04894 
   96   96    1    1    1    1    1    1    1    1  9.11705E+10 0.08758 
   97   97    1    1    1    1    1    1    1    1  4.17785E+10 0.09909 
   98   98    1    1    1    1    1    1    1    1  2.11012E+10 0.13498 
   99   99    1    1    1    1    1    1    1    1  6.57953E+09 0.25131 
  100  100    1    1    1    1    1    1    1    1  8.19109E+09 0.32060 
];


