
DETdpaspec = [
    1    1    1    1    1    1    1    1    1    1  0.00000E+00 0.00000 
    2    2    1    1    1    1    1    1    1    1  0.00000E+00 0.00000 
    3    3    1    1    1    1    1    1    1    1  0.00000E+00 0.00000 
    4    4    1    1    1    1    1    1    1    1  0.00000E+00 0.00000 
    5    5    1    1    1    1    1    1    1    1  0.00000E+00 0.00000 
    6    6    1    1    1    1    1    1    1    1  0.00000E+00 0.00000 
    7    7    1    1    1    1    1    1    1    1  0.00000E+00 0.00000 
    8    8    1    1    1    1    1    1    1    1  0.00000E+00 0.00000 
    9    9    1    1    1    1    1    1    1    1  0.00000E+00 0.00000 
   10   10    1    1    1    1    1    1    1    1  8.63538E+07 1.00000 
   11   11    1    1    1    1    1    1    1    1  5.78230E+07 1.00000 
   12   12    1    1    1    1    1    1    1    1  6.83898E+07 0.69324 
   13   13    1    1    1    1    1    1    1    1  4.39047E+08 0.70899 
   14   14    1    1    1    1    1    1    1    1  3.09808E+09 0.37472 
   15   15    1    1    1    1    1    1    1    1  2.80023E+09 0.37988 
   16   16    1    1    1    1    1    1    1    1  1.11881E+09 0.25993 
   17   17    1    1    1    1    1    1    1    1  3.41828E+09 0.30833 
   18   18    1    1    1    1    1    1    1    1  5.42332E+09 0.24129 
   19   19    1    1    1    1    1    1    1    1  6.85741E+09 0.28736 
   20   20    1    1    1    1    1    1    1    1  2.06639E+10 0.15728 
   21   21    1    1    1    1    1    1    1    1  1.34392E+10 0.15166 
   22   22    1    1    1    1    1    1    1    1  3.53808E+10 0.10915 
   23   23    1    1    1    1    1    1    1    1  5.02613E+10 0.08986 
   24   24    1    1    1    1    1    1    1    1  9.17904E+10 0.05104 
   25   25    1    1    1    1    1    1    1    1  1.26162E+11 0.05131 
   26   26    1    1    1    1    1    1    1    1  2.07042E+11 0.03680 
   27   27    1    1    1    1    1    1    1    1  3.87978E+11 0.04393 
   28   28    1    1    1    1    1    1    1    1  9.02397E+11 0.03287 
   29   29    1    1    1    1    1    1    1    1  1.55518E+12 0.02370 
   30   30    1    1    1    1    1    1    1    1  4.24449E+12 0.01162 
   31   31    1    1    1    1    1    1    1    1  1.27462E+13 0.00674 
   32   32    1    1    1    1    1    1    1    1  2.29230E+13 0.00533 
   33   33    1    1    1    1    1    1    1    1  5.38713E+13 0.00364 
   34   34    1    1    1    1    1    1    1    1  7.44938E+13 0.00329 
   35   35    1    1    1    1    1    1    1    1  9.78834E+13 0.00299 
   36   36    1    1    1    1    1    1    1    1  6.67743E+13 0.00292 
   37   37    1    1    1    1    1    1    1    1  2.05015E+13 0.00291 
   38   38    1    1    1    1    1    1    1    1  1.13907E+14 0.00305 
   39   39    1    1    1    1    1    1    1    1  1.53123E+14 0.00255 
   40   40    1    1    1    1    1    1    1    1  2.64076E+14 0.00178 
   41   41    1    1    1    1    1    1    1    1  2.65492E+14 0.00148 
   42   42    1    1    1    1    1    1    1    1  5.60952E+14 0.00134 
   43   43    1    1    1    1    1    1    1    1  6.75825E+14 0.00091 
   44   44    1    1    1    1    1    1    1    1  9.70897E+14 0.00096 
   45   45    1    1    1    1    1    1    1    1  1.92790E+15 0.00074 
   46   46    1    1    1    1    1    1    1    1  9.15254E+14 0.00079 
   47   47    1    1    1    1    1    1    1    1  1.46123E+15 0.00071 
   48   48    1    1    1    1    1    1    1    1  2.04790E+15 0.00102 
   49   49    1    1    1    1    1    1    1    1  2.01150E+15 0.00080 
   50   50    1    1    1    1    1    1    1    1  3.15499E+15 0.00076 
   51   51    1    1    1    1    1    1    1    1  2.51570E+15 0.00072 
   52   52    1    1    1    1    1    1    1    1  2.99440E+15 0.00064 
   53   53    1    1    1    1    1    1    1    1  2.09047E+15 0.00057 
   54   54    1    1    1    1    1    1    1    1  2.56838E+15 0.00055 
   55   55    1    1    1    1    1    1    1    1  1.77291E+15 0.00069 
   56   56    1    1    1    1    1    1    1    1  2.41397E+14 0.00110 
   57   57    1    1    1    1    1    1    1    1  3.52443E+15 0.00061 
   58   58    1    1    1    1    1    1    1    1  1.57532E+15 0.00077 
   59   59    1    1    1    1    1    1    1    1  1.68121E+15 0.00076 
   60   60    1    1    1    1    1    1    1    1  1.31358E+15 0.00080 
   61   61    1    1    1    1    1    1    1    1  1.31795E+15 0.00090 
   62   62    1    1    1    1    1    1    1    1  1.37077E+15 0.00099 
   63   63    1    1    1    1    1    1    1    1  1.15409E+15 0.00082 
   64   64    1    1    1    1    1    1    1    1  9.19447E+14 0.00090 
   65   65    1    1    1    1    1    1    1    1  9.13548E+14 0.00115 
   66   66    1    1    1    1    1    1    1    1  6.64840E+14 0.00098 
   67   67    1    1    1    1    1    1    1    1  5.43469E+14 0.00116 
   68   68    1    1    1    1    1    1    1    1  4.86926E+14 0.00095 
   69   69    1    1    1    1    1    1    1    1  5.85173E+14 0.00126 
   70   70    1    1    1    1    1    1    1    1  4.98119E+14 0.00141 
   71   71    1    1    1    1    1    1    1    1  9.09034E+14 0.00107 
   72   72    1    1    1    1    1    1    1    1  6.46220E+14 0.00138 
   73   73    1    1    1    1    1    1    1    1  4.87371E+14 0.00115 
   74   74    1    1    1    1    1    1    1    1  3.92158E+14 0.00168 
   75   75    1    1    1    1    1    1    1    1  3.25404E+14 0.00103 
   76   76    1    1    1    1    1    1    1    1  3.77023E+14 0.00153 
   77   77    1    1    1    1    1    1    1    1  2.97808E+14 0.00189 
   78   78    1    1    1    1    1    1    1    1  2.36960E+14 0.00123 
   79   79    1    1    1    1    1    1    1    1  2.44572E+14 0.00183 
   80   80    1    1    1    1    1    1    1    1  1.81363E+14 0.00192 
   81   81    1    1    1    1    1    1    1    1  1.40485E+14 0.00237 
   82   82    1    1    1    1    1    1    1    1  1.07582E+14 0.00192 
   83   83    1    1    1    1    1    1    1    1  1.00467E+14 0.00279 
   84   84    1    1    1    1    1    1    1    1  7.24378E+13 0.00304 
   85   85    1    1    1    1    1    1    1    1  5.25932E+13 0.00247 
   86   86    1    1    1    1    1    1    1    1  4.88557E+13 0.00414 
   87   87    1    1    1    1    1    1    1    1  3.02438E+13 0.00397 
   88   88    1    1    1    1    1    1    1    1  2.04193E+13 0.00404 
   89   89    1    1    1    1    1    1    1    1  1.15969E+13 0.00784 
   90   90    1    1    1    1    1    1    1    1  7.79147E+12 0.01013 
   91   91    1    1    1    1    1    1    1    1  3.86786E+12 0.01354 
   92   92    1    1    1    1    1    1    1    1  1.87202E+12 0.01627 
   93   93    1    1    1    1    1    1    1    1  9.26947E+11 0.02456 
   94   94    1    1    1    1    1    1    1    1  4.56373E+11 0.03655 
   95   95    1    1    1    1    1    1    1    1  2.20345E+11 0.05366 
   96   96    1    1    1    1    1    1    1    1  1.09657E+11 0.05377 
   97   97    1    1    1    1    1    1    1    1  5.46823E+10 0.10069 
   98   98    1    1    1    1    1    1    1    1  2.37320E+10 0.15514 
   99   99    1    1    1    1    1    1    1    1  6.76554E+09 0.22489 
  100  100    1    1    1    1    1    1    1    1  7.57799E+09 0.29011 
];


