
DETdpaspec = [
    1    1    1    1    1    1    1    1    1    1  0.00000E+00 0.00000 
    2    2    1    1    1    1    1    1    1    1  0.00000E+00 0.00000 
    3    3    1    1    1    1    1    1    1    1  0.00000E+00 0.00000 
    4    4    1    1    1    1    1    1    1    1  0.00000E+00 0.00000 
    5    5    1    1    1    1    1    1    1    1  0.00000E+00 0.00000 
    6    6    1    1    1    1    1    1    1    1  9.50802E+06 1.00000 
    7    7    1    1    1    1    1    1    1    1  0.00000E+00 0.00000 
    8    8    1    1    1    1    1    1    1    1  1.32530E+07 1.00000 
    9    9    1    1    1    1    1    1    1    1  2.25338E+07 0.75230 
   10   10    1    1    1    1    1    1    1    1  4.03450E+07 1.00000 
   11   11    1    1    1    1    1    1    1    1  9.83173E+07 0.68977 
   12   12    1    1    1    1    1    1    1    1  4.57679E+06 1.00000 
   13   13    1    1    1    1    1    1    1    1  8.93446E+08 0.65573 
   14   14    1    1    1    1    1    1    1    1  1.97014E+09 0.56124 
   15   15    1    1    1    1    1    1    1    1  3.31991E+09 0.45075 
   16   16    1    1    1    1    1    1    1    1  2.08452E+09 0.43961 
   17   17    1    1    1    1    1    1    1    1  2.58604E+09 0.25746 
   18   18    1    1    1    1    1    1    1    1  6.40087E+09 0.29587 
   19   19    1    1    1    1    1    1    1    1  7.15586E+09 0.21354 
   20   20    1    1    1    1    1    1    1    1  1.76742E+10 0.15098 
   21   21    1    1    1    1    1    1    1    1  1.58918E+10 0.13845 
   22   22    1    1    1    1    1    1    1    1  4.23653E+10 0.12393 
   23   23    1    1    1    1    1    1    1    1  6.03546E+10 0.09111 
   24   24    1    1    1    1    1    1    1    1  9.51071E+10 0.07297 
   25   25    1    1    1    1    1    1    1    1  1.29765E+11 0.05523 
   26   26    1    1    1    1    1    1    1    1  2.08573E+11 0.04875 
   27   27    1    1    1    1    1    1    1    1  3.78742E+11 0.02662 
   28   28    1    1    1    1    1    1    1    1  7.82522E+11 0.02433 
   29   29    1    1    1    1    1    1    1    1  1.19490E+12 0.01895 
   30   30    1    1    1    1    1    1    1    1  3.55169E+12 0.01165 
   31   31    1    1    1    1    1    1    1    1  1.08027E+13 0.00519 
   32   32    1    1    1    1    1    1    1    1  2.01817E+13 0.00577 
   33   33    1    1    1    1    1    1    1    1  4.67860E+13 0.00412 
   34   34    1    1    1    1    1    1    1    1  6.38249E+13 0.00245 
   35   35    1    1    1    1    1    1    1    1  8.70066E+13 0.00188 
   36   36    1    1    1    1    1    1    1    1  6.07445E+13 0.00204 
   37   37    1    1    1    1    1    1    1    1  1.88365E+13 0.00248 
   38   38    1    1    1    1    1    1    1    1  1.03716E+14 0.00159 
   39   39    1    1    1    1    1    1    1    1  1.38800E+14 0.00228 
   40   40    1    1    1    1    1    1    1    1  2.37818E+14 0.00169 
   41   41    1    1    1    1    1    1    1    1  2.41634E+14 0.00140 
   42   42    1    1    1    1    1    1    1    1  5.06668E+14 0.00100 
   43   43    1    1    1    1    1    1    1    1  6.09519E+14 0.00131 
   44   44    1    1    1    1    1    1    1    1  8.73034E+14 0.00105 
   45   45    1    1    1    1    1    1    1    1  1.71843E+15 0.00104 
   46   46    1    1    1    1    1    1    1    1  8.18424E+14 0.00127 
   47   47    1    1    1    1    1    1    1    1  1.31112E+15 0.00118 
   48   48    1    1    1    1    1    1    1    1  1.83696E+15 0.00098 
   49   49    1    1    1    1    1    1    1    1  1.81176E+15 0.00109 
   50   50    1    1    1    1    1    1    1    1  2.81753E+15 0.00107 
   51   51    1    1    1    1    1    1    1    1  2.26121E+15 0.00117 
   52   52    1    1    1    1    1    1    1    1  2.66427E+15 0.00082 
   53   53    1    1    1    1    1    1    1    1  1.86293E+15 0.00088 
   54   54    1    1    1    1    1    1    1    1  2.26560E+15 0.00067 
   55   55    1    1    1    1    1    1    1    1  1.57085E+15 0.00085 
   56   56    1    1    1    1    1    1    1    1  2.14476E+14 0.00095 
   57   57    1    1    1    1    1    1    1    1  3.12020E+15 0.00094 
   58   58    1    1    1    1    1    1    1    1  1.37838E+15 0.00101 
   59   59    1    1    1    1    1    1    1    1  1.47480E+15 0.00108 
   60   60    1    1    1    1    1    1    1    1  1.14441E+15 0.00131 
   61   61    1    1    1    1    1    1    1    1  1.14838E+15 0.00108 
   62   62    1    1    1    1    1    1    1    1  1.19015E+15 0.00103 
   63   63    1    1    1    1    1    1    1    1  9.99346E+14 0.00098 
   64   64    1    1    1    1    1    1    1    1  7.97634E+14 0.00106 
   65   65    1    1    1    1    1    1    1    1  7.91600E+14 0.00106 
   66   66    1    1    1    1    1    1    1    1  5.75662E+14 0.00122 
   67   67    1    1    1    1    1    1    1    1  4.69543E+14 0.00120 
   68   68    1    1    1    1    1    1    1    1  4.22792E+14 0.00130 
   69   69    1    1    1    1    1    1    1    1  5.08539E+14 0.00179 
   70   70    1    1    1    1    1    1    1    1  4.33531E+14 0.00176 
   71   71    1    1    1    1    1    1    1    1  7.95733E+14 0.00156 
   72   72    1    1    1    1    1    1    1    1  5.65574E+14 0.00159 
   73   73    1    1    1    1    1    1    1    1  4.26329E+14 0.00193 
   74   74    1    1    1    1    1    1    1    1  3.40440E+14 0.00157 
   75   75    1    1    1    1    1    1    1    1  2.80972E+14 0.00195 
   76   76    1    1    1    1    1    1    1    1  3.23693E+14 0.00201 
   77   77    1    1    1    1    1    1    1    1  2.53930E+14 0.00180 
   78   78    1    1    1    1    1    1    1    1  2.01613E+14 0.00193 
   79   79    1    1    1    1    1    1    1    1  2.06926E+14 0.00207 
   80   80    1    1    1    1    1    1    1    1  1.53375E+14 0.00211 
   81   81    1    1    1    1    1    1    1    1  1.17957E+14 0.00218 
   82   82    1    1    1    1    1    1    1    1  9.02730E+13 0.00233 
   83   83    1    1    1    1    1    1    1    1  8.46952E+13 0.00248 
   84   84    1    1    1    1    1    1    1    1  6.09127E+13 0.00284 
   85   85    1    1    1    1    1    1    1    1  4.38513E+13 0.00365 
   86   86    1    1    1    1    1    1    1    1  4.10003E+13 0.00379 
   87   87    1    1    1    1    1    1    1    1  2.53031E+13 0.00498 
   88   88    1    1    1    1    1    1    1    1  1.73034E+13 0.00740 
   89   89    1    1    1    1    1    1    1    1  9.84043E+12 0.00428 
   90   90    1    1    1    1    1    1    1    1  6.48646E+12 0.01149 
   91   91    1    1    1    1    1    1    1    1  3.30319E+12 0.01353 
   92   92    1    1    1    1    1    1    1    1  1.55619E+12 0.02147 
   93   93    1    1    1    1    1    1    1    1  7.77461E+11 0.02295 
   94   94    1    1    1    1    1    1    1    1  3.52153E+11 0.03544 
   95   95    1    1    1    1    1    1    1    1  1.63620E+11 0.06208 
   96   96    1    1    1    1    1    1    1    1  9.01766E+10 0.09427 
   97   97    1    1    1    1    1    1    1    1  4.48900E+10 0.11300 
   98   98    1    1    1    1    1    1    1    1  1.92960E+10 0.12876 
   99   99    1    1    1    1    1    1    1    1  1.54641E+10 0.16394 
  100  100    1    1    1    1    1    1    1    1  8.17824E+09 0.34708 
];


