
DETdpaspec = [
    1    1    1    1    1    1    1    1    1    1  0.00000E+00 0.00000 
    2    2    1    1    1    1    1    1    1    1  0.00000E+00 0.00000 
    3    3    1    1    1    1    1    1    1    1  0.00000E+00 0.00000 
    4    4    1    1    1    1    1    1    1    1  0.00000E+00 0.00000 
    5    5    1    1    1    1    1    1    1    1  0.00000E+00 0.00000 
    6    6    1    1    1    1    1    1    1    1  0.00000E+00 0.00000 
    7    7    1    1    1    1    1    1    1    1  0.00000E+00 0.00000 
    8    8    1    1    1    1    1    1    1    1  0.00000E+00 0.00000 
    9    9    1    1    1    1    1    1    1    1  0.00000E+00 0.00000 
   10   10    1    1    1    1    1    1    1    1  0.00000E+00 0.00000 
   11   11    1    1    1    1    1    1    1    1  0.00000E+00 0.00000 
   12   12    1    1    1    1    1    1    1    1  1.11685E+08 1.00000 
   13   13    1    1    1    1    1    1    1    1  0.00000E+00 0.00000 
   14   14    1    1    1    1    1    1    1    1  0.00000E+00 0.00000 
   15   15    1    1    1    1    1    1    1    1  0.00000E+00 0.00000 
   16   16    1    1    1    1    1    1    1    1  4.12284E+08 1.00000 
   17   17    1    1    1    1    1    1    1    1  8.34343E+07 1.00000 
   18   18    1    1    1    1    1    1    1    1  2.23292E+09 0.45582 
   19   19    1    1    1    1    1    1    1    1  1.52471E+09 0.48052 
   20   20    1    1    1    1    1    1    1    1  1.52545E+10 0.15084 
   21   21    1    1    1    1    1    1    1    1  5.19137E+10 0.08344 
   22   22    1    1    1    1    1    1    1    1  2.15791E+11 0.03480 
   23   23    1    1    1    1    1    1    1    1  7.27339E+11 0.02425 
   24   24    1    1    1    1    1    1    1    1  1.95381E+12 0.01670 
   25   25    1    1    1    1    1    1    1    1  2.83378E+12 0.01469 
   26   26    1    1    1    1    1    1    1    1  5.49699E+12 0.01032 
   27   27    1    1    1    1    1    1    1    1  9.70597E+12 0.00815 
   28   28    1    1    1    1    1    1    1    1  1.62840E+13 0.00650 
   29   29    1    1    1    1    1    1    1    1  2.34329E+13 0.00565 
   30   30    1    1    1    1    1    1    1    1  4.15205E+13 0.00358 
   31   31    1    1    1    1    1    1    1    1  7.62337E+13 0.00277 
   32   32    1    1    1    1    1    1    1    1  1.04466E+14 0.00212 
   33   33    1    1    1    1    1    1    1    1  1.93119E+14 0.00198 
   34   34    1    1    1    1    1    1    1    1  2.26135E+14 0.00200 
   35   35    1    1    1    1    1    1    1    1  2.23979E+14 0.00165 
   36   36    1    1    1    1    1    1    1    1  1.32014E+14 0.00145 
   37   37    1    1    1    1    1    1    1    1  3.80694E+13 0.00178 
   38   38    1    1    1    1    1    1    1    1  2.15444E+14 0.00139 
   39   39    1    1    1    1    1    1    1    1  2.79431E+14 0.00129 
   40   40    1    1    1    1    1    1    1    1  4.66682E+14 0.00155 
   41   41    1    1    1    1    1    1    1    1  4.37012E+14 0.00102 
   42   42    1    1    1    1    1    1    1    1  9.13721E+14 0.00105 
   43   43    1    1    1    1    1    1    1    1  1.05929E+15 0.00101 
   44   44    1    1    1    1    1    1    1    1  1.45932E+15 0.00119 
   45   45    1    1    1    1    1    1    1    1  2.75948E+15 0.00101 
   46   46    1    1    1    1    1    1    1    1  1.22202E+15 0.00115 
   47   47    1    1    1    1    1    1    1    1  1.89319E+15 0.00108 
   48   48    1    1    1    1    1    1    1    1  2.55618E+15 0.00095 
   49   49    1    1    1    1    1    1    1    1  2.42643E+15 0.00108 
   50   50    1    1    1    1    1    1    1    1  3.72659E+15 0.00079 
   51   51    1    1    1    1    1    1    1    1  2.81431E+15 0.00091 
   52   52    1    1    1    1    1    1    1    1  3.34263E+15 0.00086 
   53   53    1    1    1    1    1    1    1    1  2.25729E+15 0.00087 
   54   54    1    1    1    1    1    1    1    1  2.78178E+15 0.00117 
   55   55    1    1    1    1    1    1    1    1  1.88412E+15 0.00113 
   56   56    1    1    1    1    1    1    1    1  2.53767E+14 0.00148 
   57   57    1    1    1    1    1    1    1    1  3.67085E+15 0.00099 
   58   58    1    1    1    1    1    1    1    1  1.65890E+15 0.00100 
   59   59    1    1    1    1    1    1    1    1  1.73101E+15 0.00107 
   60   60    1    1    1    1    1    1    1    1  1.36634E+15 0.00103 
   61   61    1    1    1    1    1    1    1    1  1.35291E+15 0.00111 
   62   62    1    1    1    1    1    1    1    1  1.39571E+15 0.00115 
   63   63    1    1    1    1    1    1    1    1  1.16535E+15 0.00115 
   64   64    1    1    1    1    1    1    1    1  9.17389E+14 0.00115 
   65   65    1    1    1    1    1    1    1    1  9.01446E+14 0.00109 
   66   66    1    1    1    1    1    1    1    1  6.49919E+14 0.00127 
   67   67    1    1    1    1    1    1    1    1  5.22928E+14 0.00134 
   68   68    1    1    1    1    1    1    1    1  4.64149E+14 0.00158 
   69   69    1    1    1    1    1    1    1    1  5.53039E+14 0.00137 
   70   70    1    1    1    1    1    1    1    1  4.66435E+14 0.00148 
   71   71    1    1    1    1    1    1    1    1  8.21681E+14 0.00117 
   72   72    1    1    1    1    1    1    1    1  5.72678E+14 0.00189 
   73   73    1    1    1    1    1    1    1    1  4.29710E+14 0.00159 
   74   74    1    1    1    1    1    1    1    1  3.48119E+14 0.00178 
   75   75    1    1    1    1    1    1    1    1  2.91242E+14 0.00155 
   76   76    1    1    1    1    1    1    1    1  3.41205E+14 0.00152 
   77   77    1    1    1    1    1    1    1    1  2.71834E+14 0.00155 
   78   78    1    1    1    1    1    1    1    1  2.17734E+14 0.00161 
   79   79    1    1    1    1    1    1    1    1  2.24212E+14 0.00230 
   80   80    1    1    1    1    1    1    1    1  1.66055E+14 0.00206 
   81   81    1    1    1    1    1    1    1    1  1.27421E+14 0.00223 
   82   82    1    1    1    1    1    1    1    1  9.74772E+13 0.00339 
   83   83    1    1    1    1    1    1    1    1  9.07659E+13 0.00267 
   84   84    1    1    1    1    1    1    1    1  6.45849E+13 0.00367 
   85   85    1    1    1    1    1    1    1    1  4.63549E+13 0.00215 
   86   86    1    1    1    1    1    1    1    1  4.29376E+13 0.00242 
   87   87    1    1    1    1    1    1    1    1  2.60479E+13 0.00418 
   88   88    1    1    1    1    1    1    1    1  1.71163E+13 0.00510 
   89   89    1    1    1    1    1    1    1    1  9.64000E+12 0.00620 
   90   90    1    1    1    1    1    1    1    1  6.29735E+12 0.01006 
   91   91    1    1    1    1    1    1    1    1  2.99011E+12 0.00959 
   92   92    1    1    1    1    1    1    1    1  1.45661E+12 0.01848 
   93   93    1    1    1    1    1    1    1    1  6.89041E+11 0.02227 
   94   94    1    1    1    1    1    1    1    1  3.07428E+11 0.02098 
   95   95    1    1    1    1    1    1    1    1  1.49028E+11 0.05774 
   96   96    1    1    1    1    1    1    1    1  7.22106E+10 0.06223 
   97   97    1    1    1    1    1    1    1    1  3.19341E+10 0.12330 
   98   98    1    1    1    1    1    1    1    1  1.49180E+10 0.19804 
   99   99    1    1    1    1    1    1    1    1  3.74967E+09 0.28224 
  100  100    1    1    1    1    1    1    1    1  9.45272E+09 0.22883 
];


