
DETdpaspec = [
    1    1    1    1    1    1    1    1    1    1  0.00000E+00 0.00000 
    2    2    1    1    1    1    1    1    1    1  0.00000E+00 0.00000 
    3    3    1    1    1    1    1    1    1    1  0.00000E+00 0.00000 
    4    4    1    1    1    1    1    1    1    1  0.00000E+00 0.00000 
    5    5    1    1    1    1    1    1    1    1  0.00000E+00 0.00000 
    6    6    1    1    1    1    1    1    1    1  0.00000E+00 0.00000 
    7    7    1    1    1    1    1    1    1    1  0.00000E+00 0.00000 
    8    8    1    1    1    1    1    1    1    1  0.00000E+00 0.00000 
    9    9    1    1    1    1    1    1    1    1  0.00000E+00 0.00000 
   10   10    1    1    1    1    1    1    1    1  0.00000E+00 0.00000 
   11   11    1    1    1    1    1    1    1    1  0.00000E+00 0.00000 
   12   12    1    1    1    1    1    1    1    1  0.00000E+00 0.00000 
   13   13    1    1    1    1    1    1    1    1  9.58502E+08 0.64948 
   14   14    1    1    1    1    1    1    1    1  3.04791E+09 0.60613 
   15   15    1    1    1    1    1    1    1    1  2.64732E+09 0.34498 
   16   16    1    1    1    1    1    1    1    1  1.19814E+09 0.56844 
   17   17    1    1    1    1    1    1    1    1  1.36209E+09 0.46849 
   18   18    1    1    1    1    1    1    1    1  2.20792E+09 0.42987 
   19   19    1    1    1    1    1    1    1    1  2.71498E+09 0.27775 
   20   20    1    1    1    1    1    1    1    1  1.47514E+10 0.21002 
   21   21    1    1    1    1    1    1    1    1  1.17947E+10 0.14719 
   22   22    1    1    1    1    1    1    1    1  2.74229E+10 0.11481 
   23   23    1    1    1    1    1    1    1    1  7.87051E+10 0.06224 
   24   24    1    1    1    1    1    1    1    1  2.39621E+11 0.04171 
   25   25    1    1    1    1    1    1    1    1  4.12265E+11 0.03926 
   26   26    1    1    1    1    1    1    1    1  9.31133E+11 0.02062 
   27   27    1    1    1    1    1    1    1    1  2.08927E+12 0.01059 
   28   28    1    1    1    1    1    1    1    1  4.70113E+12 0.00912 
   29   29    1    1    1    1    1    1    1    1  7.95911E+12 0.00885 
   30   30    1    1    1    1    1    1    1    1  1.68213E+13 0.00465 
   31   31    1    1    1    1    1    1    1    1  3.92779E+13 0.00329 
   32   32    1    1    1    1    1    1    1    1  6.05702E+13 0.00335 
   33   33    1    1    1    1    1    1    1    1  1.26036E+14 0.00210 
   34   34    1    1    1    1    1    1    1    1  1.61848E+14 0.00203 
   35   35    1    1    1    1    1    1    1    1  1.74475E+14 0.00170 
   36   36    1    1    1    1    1    1    1    1  1.08242E+14 0.00189 
   37   37    1    1    1    1    1    1    1    1  3.17788E+13 0.00195 
   38   38    1    1    1    1    1    1    1    1  1.80001E+14 0.00132 
   39   39    1    1    1    1    1    1    1    1  2.37346E+14 0.00143 
   40   40    1    1    1    1    1    1    1    1  4.02842E+14 0.00123 
   41   41    1    1    1    1    1    1    1    1  3.86302E+14 0.00116 
   42   42    1    1    1    1    1    1    1    1  8.18762E+14 0.00099 
   43   43    1    1    1    1    1    1    1    1  9.68646E+14 0.00063 
   44   44    1    1    1    1    1    1    1    1  1.36317E+15 0.00084 
   45   45    1    1    1    1    1    1    1    1  2.65419E+15 0.00087 
   46   46    1    1    1    1    1    1    1    1  1.20900E+15 0.00065 
   47   47    1    1    1    1    1    1    1    1  1.89660E+15 0.00055 
   48   48    1    1    1    1    1    1    1    1  2.60639E+15 0.00046 
   49   49    1    1    1    1    1    1    1    1  2.51376E+15 0.00066 
   50   50    1    1    1    1    1    1    1    1  3.92490E+15 0.00070 
   51   51    1    1    1    1    1    1    1    1  3.02826E+15 0.00069 
   52   52    1    1    1    1    1    1    1    1  3.62800E+15 0.00066 
   53   53    1    1    1    1    1    1    1    1  2.49074E+15 0.00079 
   54   54    1    1    1    1    1    1    1    1  3.08872E+15 0.00084 
   55   55    1    1    1    1    1    1    1    1  2.11186E+15 0.00067 
   56   56    1    1    1    1    1    1    1    1  2.85285E+14 0.00100 
   57   57    1    1    1    1    1    1    1    1  4.15370E+15 0.00073 
   58   58    1    1    1    1    1    1    1    1  1.88846E+15 0.00073 
   59   59    1    1    1    1    1    1    1    1  1.98948E+15 0.00071 
   60   60    1    1    1    1    1    1    1    1  1.57319E+15 0.00048 
   61   61    1    1    1    1    1    1    1    1  1.56728E+15 0.00065 
   62   62    1    1    1    1    1    1    1    1  1.62608E+15 0.00072 
   63   63    1    1    1    1    1    1    1    1  1.36735E+15 0.00061 
   64   64    1    1    1    1    1    1    1    1  1.08311E+15 0.00090 
   65   65    1    1    1    1    1    1    1    1  1.07143E+15 0.00081 
   66   66    1    1    1    1    1    1    1    1  7.79507E+14 0.00092 
   67   67    1    1    1    1    1    1    1    1  6.29479E+14 0.00076 
   68   68    1    1    1    1    1    1    1    1  5.60734E+14 0.00090 
   69   69    1    1    1    1    1    1    1    1  6.71570E+14 0.00137 
   70   70    1    1    1    1    1    1    1    1  5.68673E+14 0.00091 
   71   71    1    1    1    1    1    1    1    1  1.01486E+15 0.00079 
   72   72    1    1    1    1    1    1    1    1  7.12676E+14 0.00104 
   73   73    1    1    1    1    1    1    1    1  5.38849E+14 0.00106 
   74   74    1    1    1    1    1    1    1    1  4.37875E+14 0.00114 
   75   75    1    1    1    1    1    1    1    1  3.67478E+14 0.00160 
   76   76    1    1    1    1    1    1    1    1  4.30280E+14 0.00103 
   77   77    1    1    1    1    1    1    1    1  3.43594E+14 0.00162 
   78   78    1    1    1    1    1    1    1    1  2.76176E+14 0.00115 
   79   79    1    1    1    1    1    1    1    1  2.86149E+14 0.00138 
   80   80    1    1    1    1    1    1    1    1  2.13239E+14 0.00176 
   81   81    1    1    1    1    1    1    1    1  1.64501E+14 0.00169 
   82   82    1    1    1    1    1    1    1    1  1.26431E+14 0.00199 
   83   83    1    1    1    1    1    1    1    1  1.18187E+14 0.00213 
   84   84    1    1    1    1    1    1    1    1  8.49670E+13 0.00210 
   85   85    1    1    1    1    1    1    1    1  6.14028E+13 0.00283 
   86   86    1    1    1    1    1    1    1    1  5.71957E+13 0.00258 
   87   87    1    1    1    1    1    1    1    1  3.47981E+13 0.00402 
   88   88    1    1    1    1    1    1    1    1  2.32977E+13 0.00460 
   89   89    1    1    1    1    1    1    1    1  1.32343E+13 0.00665 
   90   90    1    1    1    1    1    1    1    1  8.74216E+12 0.00589 
   91   91    1    1    1    1    1    1    1    1  4.36119E+12 0.01122 
   92   92    1    1    1    1    1    1    1    1  2.07570E+12 0.01077 
   93   93    1    1    1    1    1    1    1    1  1.00187E+12 0.02237 
   94   94    1    1    1    1    1    1    1    1  4.81205E+11 0.02907 
   95   95    1    1    1    1    1    1    1    1  2.34784E+11 0.04152 
   96   96    1    1    1    1    1    1    1    1  9.49711E+10 0.07625 
   97   97    1    1    1    1    1    1    1    1  5.76537E+10 0.11328 
   98   98    1    1    1    1    1    1    1    1  2.40365E+10 0.15878 
   99   99    1    1    1    1    1    1    1    1  9.46464E+09 0.21588 
  100  100    1    1    1    1    1    1    1    1  1.12417E+10 0.21731 
];


