
DETdpaspec = [
    1    1    1    1    1    1    1    1    1    1  0.00000E+00 0.00000 
    2    2    1    1    1    1    1    1    1    1  0.00000E+00 0.00000 
    3    3    1    1    1    1    1    1    1    1  0.00000E+00 0.00000 
    4    4    1    1    1    1    1    1    1    1  6.74828E+06 1.00000 
    5    5    1    1    1    1    1    1    1    1  6.85946E+06 1.00000 
    6    6    1    1    1    1    1    1    1    1  1.38078E+07 0.69033 
    7    7    1    1    1    1    1    1    1    1  0.00000E+00 0.00000 
    8    8    1    1    1    1    1    1    1    1  0.00000E+00 0.00000 
    9    9    1    1    1    1    1    1    1    1  8.92535E+06 1.00000 
   10   10    1    1    1    1    1    1    1    1  4.23281E+07 1.00000 
   11   11    1    1    1    1    1    1    1    1  9.11410E+07 0.68949 
   12   12    1    1    1    1    1    1    1    1  3.88244E+07 1.00000 
   13   13    1    1    1    1    1    1    1    1  9.45142E+08 0.42226 
   14   14    1    1    1    1    1    1    1    1  2.02430E+09 0.35198 
   15   15    1    1    1    1    1    1    1    1  3.38917E+09 0.33369 
   16   16    1    1    1    1    1    1    1    1  1.62139E+09 0.24158 
   17   17    1    1    1    1    1    1    1    1  3.12549E+09 0.24246 
   18   18    1    1    1    1    1    1    1    1  8.99661E+09 0.17045 
   19   19    1    1    1    1    1    1    1    1  5.63382E+09 0.19015 
   20   20    1    1    1    1    1    1    1    1  2.53024E+10 0.13654 
   21   21    1    1    1    1    1    1    1    1  2.42047E+10 0.09041 
   22   22    1    1    1    1    1    1    1    1  5.98494E+10 0.08960 
   23   23    1    1    1    1    1    1    1    1  8.44805E+10 0.04508 
   24   24    1    1    1    1    1    1    1    1  1.29531E+11 0.04441 
   25   25    1    1    1    1    1    1    1    1  1.46871E+11 0.05437 
   26   26    1    1    1    1    1    1    1    1  2.21343E+11 0.04784 
   27   27    1    1    1    1    1    1    1    1  4.45382E+11 0.02515 
   28   28    1    1    1    1    1    1    1    1  7.76918E+11 0.02364 
   29   29    1    1    1    1    1    1    1    1  1.06302E+12 0.02394 
   30   30    1    1    1    1    1    1    1    1  3.36313E+12 0.01472 
   31   31    1    1    1    1    1    1    1    1  9.59096E+12 0.00878 
   32   32    1    1    1    1    1    1    1    1  1.73507E+13 0.00562 
   33   33    1    1    1    1    1    1    1    1  3.68729E+13 0.00429 
   34   34    1    1    1    1    1    1    1    1  4.71579E+13 0.00380 
   35   35    1    1    1    1    1    1    1    1  6.90112E+13 0.00296 
   36   36    1    1    1    1    1    1    1    1  4.90510E+13 0.00240 
   37   37    1    1    1    1    1    1    1    1  1.56918E+13 0.00220 
   38   38    1    1    1    1    1    1    1    1  8.26967E+13 0.00243 
   39   39    1    1    1    1    1    1    1    1  1.09143E+14 0.00203 
   40   40    1    1    1    1    1    1    1    1  1.80223E+14 0.00166 
   41   41    1    1    1    1    1    1    1    1  1.86960E+14 0.00166 
   42   42    1    1    1    1    1    1    1    1  3.73553E+14 0.00131 
   43   43    1    1    1    1    1    1    1    1  4.41092E+14 0.00176 
   44   44    1    1    1    1    1    1    1    1  6.18357E+14 0.00146 
   45   45    1    1    1    1    1    1    1    1  1.16289E+15 0.00102 
   46   46    1    1    1    1    1    1    1    1  5.54841E+14 0.00127 
   47   47    1    1    1    1    1    1    1    1  8.90876E+14 0.00117 
   48   48    1    1    1    1    1    1    1    1  1.22976E+15 0.00107 
   49   49    1    1    1    1    1    1    1    1  1.20807E+15 0.00112 
   50   50    1    1    1    1    1    1    1    1  1.82596E+15 0.00108 
   51   51    1    1    1    1    1    1    1    1  1.48269E+15 0.00110 
   52   52    1    1    1    1    1    1    1    1  1.68862E+15 0.00113 
   53   53    1    1    1    1    1    1    1    1  1.18235E+15 0.00117 
   54   54    1    1    1    1    1    1    1    1  1.39581E+15 0.00114 
   55   55    1    1    1    1    1    1    1    1  9.70491E+14 0.00125 
   56   56    1    1    1    1    1    1    1    1  1.33551E+14 0.00127 
   57   57    1    1    1    1    1    1    1    1  1.92278E+15 0.00105 
   58   58    1    1    1    1    1    1    1    1  8.18577E+14 0.00110 
   59   59    1    1    1    1    1    1    1    1  8.79424E+14 0.00140 
   60   60    1    1    1    1    1    1    1    1  6.63900E+14 0.00133 
   61   61    1    1    1    1    1    1    1    1  6.68746E+14 0.00138 
   62   62    1    1    1    1    1    1    1    1  6.89247E+14 0.00140 
   63   63    1    1    1    1    1    1    1    1  5.73817E+14 0.00167 
   64   64    1    1    1    1    1    1    1    1  4.54497E+14 0.00149 
   65   65    1    1    1    1    1    1    1    1  4.48199E+14 0.00125 
   66   66    1    1    1    1    1    1    1    1  3.25815E+14 0.00118 
   67   67    1    1    1    1    1    1    1    1  2.68253E+14 0.00165 
   68   68    1    1    1    1    1    1    1    1  2.41139E+14 0.00150 
   69   69    1    1    1    1    1    1    1    1  2.90485E+14 0.00143 
   70   70    1    1    1    1    1    1    1    1  2.47491E+14 0.00228 
   71   71    1    1    1    1    1    1    1    1  4.64281E+14 0.00175 
   72   72    1    1    1    1    1    1    1    1  3.29708E+14 0.00200 
   73   73    1    1    1    1    1    1    1    1  2.47657E+14 0.00141 
   74   74    1    1    1    1    1    1    1    1  1.93230E+14 0.00216 
   75   75    1    1    1    1    1    1    1    1  1.56636E+14 0.00195 
   76   76    1    1    1    1    1    1    1    1  1.77029E+14 0.00260 
   77   77    1    1    1    1    1    1    1    1  1.36600E+14 0.00233 
   78   78    1    1    1    1    1    1    1    1  1.06022E+14 0.00232 
   79   79    1    1    1    1    1    1    1    1  1.07666E+14 0.00261 
   80   80    1    1    1    1    1    1    1    1  7.88850E+13 0.00307 
   81   81    1    1    1    1    1    1    1    1  6.06870E+13 0.00242 
   82   82    1    1    1    1    1    1    1    1  4.64597E+13 0.00325 
   83   83    1    1    1    1    1    1    1    1  4.33350E+13 0.00296 
   84   84    1    1    1    1    1    1    1    1  3.12108E+13 0.00443 
   85   85    1    1    1    1    1    1    1    1  2.21348E+13 0.00547 
   86   86    1    1    1    1    1    1    1    1  2.09120E+13 0.00424 
   87   87    1    1    1    1    1    1    1    1  1.30171E+13 0.00608 
   88   88    1    1    1    1    1    1    1    1  8.71291E+12 0.00864 
   89   89    1    1    1    1    1    1    1    1  5.09656E+12 0.01139 
   90   90    1    1    1    1    1    1    1    1  3.37459E+12 0.01182 
   91   91    1    1    1    1    1    1    1    1  1.71371E+12 0.01817 
   92   92    1    1    1    1    1    1    1    1  8.26870E+11 0.02868 
   93   93    1    1    1    1    1    1    1    1  3.74187E+11 0.04132 
   94   94    1    1    1    1    1    1    1    1  1.98061E+11 0.05016 
   95   95    1    1    1    1    1    1    1    1  1.01601E+11 0.05877 
   96   96    1    1    1    1    1    1    1    1  4.13904E+10 0.16685 
   97   97    1    1    1    1    1    1    1    1  2.35282E+10 0.13296 
   98   98    1    1    1    1    1    1    1    1  9.95421E+09 0.24860 
   99   99    1    1    1    1    1    1    1    1  3.10117E+09 0.40633 
  100  100    1    1    1    1    1    1    1    1  2.05697E+09 0.42004 
];


