
DETdpaspec = [
    1    1    1    1    1    1    1    1    1    1  0.00000E+00 0.00000 
    2    2    1    1    1    1    1    1    1    1  0.00000E+00 0.00000 
    3    3    1    1    1    1    1    1    1    1  0.00000E+00 0.00000 
    4    4    1    1    1    1    1    1    1    1  0.00000E+00 0.00000 
    5    5    1    1    1    1    1    1    1    1  0.00000E+00 0.00000 
    6    6    1    1    1    1    1    1    1    1  0.00000E+00 0.00000 
    7    7    1    1    1    1    1    1    1    1  0.00000E+00 0.00000 
    8    8    1    1    1    1    1    1    1    1  4.64281E+07 0.74039 
    9    9    1    1    1    1    1    1    1    1  6.94734E+06 1.00000 
   10   10    1    1    1    1    1    1    1    1  3.89801E+07 1.00000 
   11   11    1    1    1    1    1    1    1    1  7.35172E+07 0.68929 
   12   12    1    1    1    1    1    1    1    1  4.43618E+07 0.81008 
   13   13    1    1    1    1    1    1    1    1  1.29444E+09 0.52842 
   14   14    1    1    1    1    1    1    1    1  1.50791E+09 0.40631 
   15   15    1    1    1    1    1    1    1    1  3.64450E+09 0.38167 
   16   16    1    1    1    1    1    1    1    1  2.20969E+09 0.33382 
   17   17    1    1    1    1    1    1    1    1  1.34242E+09 0.32108 
   18   18    1    1    1    1    1    1    1    1  6.22150E+09 0.20654 
   19   19    1    1    1    1    1    1    1    1  6.83098E+09 0.21894 
   20   20    1    1    1    1    1    1    1    1  2.35115E+10 0.13396 
   21   21    1    1    1    1    1    1    1    1  1.65183E+10 0.13579 
   22   22    1    1    1    1    1    1    1    1  4.95858E+10 0.09787 
   23   23    1    1    1    1    1    1    1    1  7.08672E+10 0.05210 
   24   24    1    1    1    1    1    1    1    1  1.09368E+11 0.06769 
   25   25    1    1    1    1    1    1    1    1  1.35330E+11 0.05039 
   26   26    1    1    1    1    1    1    1    1  2.02391E+11 0.04356 
   27   27    1    1    1    1    1    1    1    1  3.64252E+11 0.03658 
   28   28    1    1    1    1    1    1    1    1  7.68945E+11 0.01697 
   29   29    1    1    1    1    1    1    1    1  1.14576E+12 0.01700 
   30   30    1    1    1    1    1    1    1    1  3.43518E+12 0.01125 
   31   31    1    1    1    1    1    1    1    1  1.02515E+13 0.00745 
   32   32    1    1    1    1    1    1    1    1  1.90677E+13 0.00715 
   33   33    1    1    1    1    1    1    1    1  4.40053E+13 0.00284 
   34   34    1    1    1    1    1    1    1    1  5.95684E+13 0.00238 
   35   35    1    1    1    1    1    1    1    1  8.26331E+13 0.00228 
   36   36    1    1    1    1    1    1    1    1  5.81182E+13 0.00194 
   37   37    1    1    1    1    1    1    1    1  1.80664E+13 0.00184 
   38   38    1    1    1    1    1    1    1    1  9.91149E+13 0.00106 
   39   39    1    1    1    1    1    1    1    1  1.32616E+14 0.00172 
   40   40    1    1    1    1    1    1    1    1  2.25894E+14 0.00177 
   41   41    1    1    1    1    1    1    1    1  2.30531E+14 0.00194 
   42   42    1    1    1    1    1    1    1    1  4.79651E+14 0.00148 
   43   43    1    1    1    1    1    1    1    1  5.74976E+14 0.00121 
   44   44    1    1    1    1    1    1    1    1  8.23564E+14 0.00121 
   45   45    1    1    1    1    1    1    1    1  1.61182E+15 0.00090 
   46   46    1    1    1    1    1    1    1    1  7.68907E+14 0.00115 
   47   47    1    1    1    1    1    1    1    1  1.23389E+15 0.00108 
   48   48    1    1    1    1    1    1    1    1  1.72457E+15 0.00112 
   49   49    1    1    1    1    1    1    1    1  1.69879E+15 0.00088 
   50   50    1    1    1    1    1    1    1    1  2.63300E+15 0.00076 
   51   51    1    1    1    1    1    1    1    1  2.11868E+15 0.00090 
   52   52    1    1    1    1    1    1    1    1  2.48507E+15 0.00079 
   53   53    1    1    1    1    1    1    1    1  1.73798E+15 0.00097 
   54   54    1    1    1    1    1    1    1    1  2.10335E+15 0.00078 
   55   55    1    1    1    1    1    1    1    1  1.45635E+15 0.00103 
   56   56    1    1    1    1    1    1    1    1  1.99247E+14 0.00171 
   57   57    1    1    1    1    1    1    1    1  2.89646E+15 0.00115 
   58   58    1    1    1    1    1    1    1    1  1.27149E+15 0.00124 
   59   59    1    1    1    1    1    1    1    1  1.36107E+15 0.00110 
   60   60    1    1    1    1    1    1    1    1  1.05061E+15 0.00127 
   61   61    1    1    1    1    1    1    1    1  1.05524E+15 0.00141 
   62   62    1    1    1    1    1    1    1    1  1.09459E+15 0.00132 
   63   63    1    1    1    1    1    1    1    1  9.18194E+14 0.00116 
   64   64    1    1    1    1    1    1    1    1  7.30174E+14 0.00150 
   65   65    1    1    1    1    1    1    1    1  7.24169E+14 0.00147 
   66   66    1    1    1    1    1    1    1    1  5.26434E+14 0.00133 
   67   67    1    1    1    1    1    1    1    1  4.31499E+14 0.00152 
   68   68    1    1    1    1    1    1    1    1  3.87890E+14 0.00159 
   69   69    1    1    1    1    1    1    1    1  4.65507E+14 0.00161 
   70   70    1    1    1    1    1    1    1    1  3.97401E+14 0.00158 
   71   71    1    1    1    1    1    1    1    1  7.30344E+14 0.00167 
   72   72    1    1    1    1    1    1    1    1  5.19672E+14 0.00151 
   73   73    1    1    1    1    1    1    1    1  3.91253E+14 0.00151 
   74   74    1    1    1    1    1    1    1    1  3.11992E+14 0.00168 
   75   75    1    1    1    1    1    1    1    1  2.56410E+14 0.00167 
   76   76    1    1    1    1    1    1    1    1  2.95011E+14 0.00175 
   77   77    1    1    1    1    1    1    1    1  2.30707E+14 0.00204 
   78   78    1    1    1    1    1    1    1    1  1.81880E+14 0.00218 
   79   79    1    1    1    1    1    1    1    1  1.87199E+14 0.00228 
   80   80    1    1    1    1    1    1    1    1  1.37953E+14 0.00201 
   81   81    1    1    1    1    1    1    1    1  1.06247E+14 0.00267 
   82   82    1    1    1    1    1    1    1    1  8.13433E+13 0.00229 
   83   83    1    1    1    1    1    1    1    1  7.60584E+13 0.00313 
   84   84    1    1    1    1    1    1    1    1  5.46502E+13 0.00302 
   85   85    1    1    1    1    1    1    1    1  3.93230E+13 0.00355 
   86   86    1    1    1    1    1    1    1    1  3.69693E+13 0.00417 
   87   87    1    1    1    1    1    1    1    1  2.29029E+13 0.00495 
   88   88    1    1    1    1    1    1    1    1  1.56090E+13 0.00626 
   89   89    1    1    1    1    1    1    1    1  8.88944E+12 0.00746 
   90   90    1    1    1    1    1    1    1    1  5.90880E+12 0.00869 
   91   91    1    1    1    1    1    1    1    1  3.01517E+12 0.01033 
   92   92    1    1    1    1    1    1    1    1  1.41355E+12 0.02497 
   93   93    1    1    1    1    1    1    1    1  6.74076E+11 0.03014 
   94   94    1    1    1    1    1    1    1    1  3.65635E+11 0.03575 
   95   95    1    1    1    1    1    1    1    1  1.57519E+11 0.07721 
   96   96    1    1    1    1    1    1    1    1  8.02856E+10 0.09975 
   97   97    1    1    1    1    1    1    1    1  4.45026E+10 0.10589 
   98   98    1    1    1    1    1    1    1    1  2.14848E+10 0.18135 
   99   99    1    1    1    1    1    1    1    1  5.18359E+09 0.37445 
  100  100    1    1    1    1    1    1    1    1  7.39501E+09 0.21644 
];


