
DETdpaspec = [
    1    1    1    1    1    1    1    1    1    1  0.00000E+00 0.00000 
    2    2    1    1    1    1    1    1    1    1  0.00000E+00 0.00000 
    3    3    1    1    1    1    1    1    1    1  0.00000E+00 0.00000 
    4    4    1    1    1    1    1    1    1    1  0.00000E+00 0.00000 
    5    5    1    1    1    1    1    1    1    1  0.00000E+00 0.00000 
    6    6    1    1    1    1    1    1    1    1  0.00000E+00 0.00000 
    7    7    1    1    1    1    1    1    1    1  0.00000E+00 0.00000 
    8    8    1    1    1    1    1    1    1    1  0.00000E+00 0.00000 
    9    9    1    1    1    1    1    1    1    1  0.00000E+00 0.00000 
   10   10    1    1    1    1    1    1    1    1  2.78769E+08 1.00000 
   11   11    1    1    1    1    1    1    1    1  3.11136E+08 1.00000 
   12   12    1    1    1    1    1    1    1    1  1.97010E+08 1.00000 
   13   13    1    1    1    1    1    1    1    1  5.66936E+08 0.72355 
   14   14    1    1    1    1    1    1    1    1  1.93880E+09 0.69400 
   15   15    1    1    1    1    1    1    1    1  1.32524E+09 0.62958 
   16   16    1    1    1    1    1    1    1    1  3.39465E+08 1.00000 
   17   17    1    1    1    1    1    1    1    1  2.80579E+09 0.36672 
   18   18    1    1    1    1    1    1    1    1  6.64250E+09 0.37923 
   19   19    1    1    1    1    1    1    1    1  3.17110E+09 0.42070 
   20   20    1    1    1    1    1    1    1    1  1.04887E+10 0.21855 
   21   21    1    1    1    1    1    1    1    1  1.18934E+10 0.20406 
   22   22    1    1    1    1    1    1    1    1  4.81823E+10 0.11269 
   23   23    1    1    1    1    1    1    1    1  2.08872E+11 0.05276 
   24   24    1    1    1    1    1    1    1    1  7.12792E+11 0.02582 
   25   25    1    1    1    1    1    1    1    1  1.14576E+12 0.02361 
   26   26    1    1    1    1    1    1    1    1  2.45255E+12 0.01475 
   27   27    1    1    1    1    1    1    1    1  4.99299E+12 0.01026 
   28   28    1    1    1    1    1    1    1    1  9.59993E+12 0.00759 
   29   29    1    1    1    1    1    1    1    1  1.51077E+13 0.00648 
   30   30    1    1    1    1    1    1    1    1  2.85291E+13 0.00527 
   31   31    1    1    1    1    1    1    1    1  5.83159E+13 0.00307 
   32   32    1    1    1    1    1    1    1    1  8.42329E+13 0.00239 
   33   33    1    1    1    1    1    1    1    1  1.64108E+14 0.00243 
   34   34    1    1    1    1    1    1    1    1  2.00828E+14 0.00183 
   35   35    1    1    1    1    1    1    1    1  2.05850E+14 0.00175 
   36   36    1    1    1    1    1    1    1    1  1.23984E+14 0.00168 
   37   37    1    1    1    1    1    1    1    1  3.60007E+13 0.00193 
   38   38    1    1    1    1    1    1    1    1  2.04022E+14 0.00121 
   39   39    1    1    1    1    1    1    1    1  2.66434E+14 0.00149 
   40   40    1    1    1    1    1    1    1    1  4.49048E+14 0.00135 
   41   41    1    1    1    1    1    1    1    1  4.25500E+14 0.00125 
   42   42    1    1    1    1    1    1    1    1  8.94491E+14 0.00087 
   43   43    1    1    1    1    1    1    1    1  1.04809E+15 0.00089 
   44   44    1    1    1    1    1    1    1    1  1.45846E+15 0.00080 
   45   45    1    1    1    1    1    1    1    1  2.79433E+15 0.00059 
   46   46    1    1    1    1    1    1    1    1  1.25530E+15 0.00057 
   47   47    1    1    1    1    1    1    1    1  1.95479E+15 0.00067 
   48   48    1    1    1    1    1    1    1    1  2.66154E+15 0.00054 
   49   49    1    1    1    1    1    1    1    1  2.54603E+15 0.00061 
   50   50    1    1    1    1    1    1    1    1  3.94583E+15 0.00067 
   51   51    1    1    1    1    1    1    1    1  3.01134E+15 0.00071 
   52   52    1    1    1    1    1    1    1    1  3.59618E+15 0.00058 
   53   53    1    1    1    1    1    1    1    1  2.44785E+15 0.00082 
   54   54    1    1    1    1    1    1    1    1  3.02772E+15 0.00073 
   55   55    1    1    1    1    1    1    1    1  2.06189E+15 0.00063 
   56   56    1    1    1    1    1    1    1    1  2.77894E+14 0.00092 
   57   57    1    1    1    1    1    1    1    1  4.03143E+15 0.00070 
   58   58    1    1    1    1    1    1    1    1  1.82853E+15 0.00078 
   59   59    1    1    1    1    1    1    1    1  1.91836E+15 0.00064 
   60   60    1    1    1    1    1    1    1    1  1.51762E+15 0.00081 
   61   61    1    1    1    1    1    1    1    1  1.50555E+15 0.00062 
   62   62    1    1    1    1    1    1    1    1  1.55853E+15 0.00082 
   63   63    1    1    1    1    1    1    1    1  1.30899E+15 0.00093 
   64   64    1    1    1    1    1    1    1    1  1.03266E+15 0.00105 
   65   65    1    1    1    1    1    1    1    1  1.01944E+15 0.00100 
   66   66    1    1    1    1    1    1    1    1  7.37261E+14 0.00086 
   67   67    1    1    1    1    1    1    1    1  5.94608E+14 0.00105 
   68   68    1    1    1    1    1    1    1    1  5.28191E+14 0.00119 
   69   69    1    1    1    1    1    1    1    1  6.31519E+14 0.00106 
   70   70    1    1    1    1    1    1    1    1  5.32334E+14 0.00109 
   71   71    1    1    1    1    1    1    1    1  9.44919E+14 0.00067 
   72   72    1    1    1    1    1    1    1    1  6.62490E+14 0.00109 
   73   73    1    1    1    1    1    1    1    1  4.98545E+14 0.00105 
   74   74    1    1    1    1    1    1    1    1  4.04675E+14 0.00124 
   75   75    1    1    1    1    1    1    1    1  3.39525E+14 0.00170 
   76   76    1    1    1    1    1    1    1    1  3.98099E+14 0.00156 
   77   77    1    1    1    1    1    1    1    1  3.18088E+14 0.00142 
   78   78    1    1    1    1    1    1    1    1  2.55078E+14 0.00141 
   79   79    1    1    1    1    1    1    1    1  2.64357E+14 0.00153 
   80   80    1    1    1    1    1    1    1    1  1.96490E+14 0.00173 
   81   81    1    1    1    1    1    1    1    1  1.51360E+14 0.00247 
   82   82    1    1    1    1    1    1    1    1  1.16257E+14 0.00264 
   83   83    1    1    1    1    1    1    1    1  1.08034E+14 0.00266 
   84   84    1    1    1    1    1    1    1    1  7.78750E+13 0.00316 
   85   85    1    1    1    1    1    1    1    1  5.58959E+13 0.00283 
   86   86    1    1    1    1    1    1    1    1  5.20541E+13 0.00375 
   87   87    1    1    1    1    1    1    1    1  3.17176E+13 0.00434 
   88   88    1    1    1    1    1    1    1    1  2.10506E+13 0.00507 
   89   89    1    1    1    1    1    1    1    1  1.20711E+13 0.00487 
   90   90    1    1    1    1    1    1    1    1  7.86148E+12 0.00864 
   91   91    1    1    1    1    1    1    1    1  3.91168E+12 0.00832 
   92   92    1    1    1    1    1    1    1    1  1.79282E+12 0.01669 
   93   93    1    1    1    1    1    1    1    1  8.49497E+11 0.02597 
   94   94    1    1    1    1    1    1    1    1  4.12716E+11 0.04196 
   95   95    1    1    1    1    1    1    1    1  2.04173E+11 0.04594 
   96   96    1    1    1    1    1    1    1    1  9.41206E+10 0.07168 
   97   97    1    1    1    1    1    1    1    1  4.33656E+10 0.15123 
   98   98    1    1    1    1    1    1    1    1  2.31952E+10 0.14591 
   99   99    1    1    1    1    1    1    1    1  8.78842E+09 0.24654 
  100  100    1    1    1    1    1    1    1    1  8.12518E+09 0.20296 
];


