
DETdpaspec = [
    1    1    1    1    1    1    1    1    1    1  0.00000E+00 0.00000 
    2    2    1    1    1    1    1    1    1    1  0.00000E+00 0.00000 
    3    3    1    1    1    1    1    1    1    1  0.00000E+00 0.00000 
    4    4    1    1    1    1    1    1    1    1  1.63970E+07 1.00000 
    5    5    1    1    1    1    1    1    1    1  0.00000E+00 0.00000 
    6    6    1    1    1    1    1    1    1    1  0.00000E+00 0.00000 
    7    7    1    1    1    1    1    1    1    1  0.00000E+00 0.00000 
    8    8    1    1    1    1    1    1    1    1  1.13493E+07 1.00000 
    9    9    1    1    1    1    1    1    1    1  0.00000E+00 0.00000 
   10   10    1    1    1    1    1    1    1    1  9.03397E+07 0.69599 
   11   11    1    1    1    1    1    1    1    1  0.00000E+00 0.00000 
   12   12    1    1    1    1    1    1    1    1  6.52270E+07 0.71595 
   13   13    1    1    1    1    1    1    1    1  1.00044E+09 0.81793 
   14   14    1    1    1    1    1    1    1    1  4.08434E+09 0.39519 
   15   15    1    1    1    1    1    1    1    1  4.13097E+09 0.41530 
   16   16    1    1    1    1    1    1    1    1  4.82656E+08 0.65459 
   17   17    1    1    1    1    1    1    1    1  2.93439E+09 0.29871 
   18   18    1    1    1    1    1    1    1    1  3.18826E+09 0.23868 
   19   19    1    1    1    1    1    1    1    1  8.39684E+09 0.19622 
   20   20    1    1    1    1    1    1    1    1  1.81334E+10 0.20961 
   21   21    1    1    1    1    1    1    1    1  1.47244E+10 0.12031 
   22   22    1    1    1    1    1    1    1    1  3.64652E+10 0.12523 
   23   23    1    1    1    1    1    1    1    1  4.48874E+10 0.09792 
   24   24    1    1    1    1    1    1    1    1  9.80953E+10 0.06021 
   25   25    1    1    1    1    1    1    1    1  1.55255E+11 0.06321 
   26   26    1    1    1    1    1    1    1    1  3.00214E+11 0.03928 
   27   27    1    1    1    1    1    1    1    1  6.80945E+11 0.02473 
   28   28    1    1    1    1    1    1    1    1  1.60697E+12 0.01754 
   29   29    1    1    1    1    1    1    1    1  2.92478E+12 0.01370 
   30   30    1    1    1    1    1    1    1    1  7.33616E+12 0.00756 
   31   31    1    1    1    1    1    1    1    1  2.04992E+13 0.00614 
   32   32    1    1    1    1    1    1    1    1  3.46800E+13 0.00508 
   33   33    1    1    1    1    1    1    1    1  7.86637E+13 0.00322 
   34   34    1    1    1    1    1    1    1    1  1.06932E+14 0.00286 
   35   35    1    1    1    1    1    1    1    1  1.27384E+14 0.00171 
   36   36    1    1    1    1    1    1    1    1  8.33843E+13 0.00183 
   37   37    1    1    1    1    1    1    1    1  2.49901E+13 0.00200 
   38   38    1    1    1    1    1    1    1    1  1.40565E+14 0.00180 
   39   39    1    1    1    1    1    1    1    1  1.87590E+14 0.00173 
   40   40    1    1    1    1    1    1    1    1  3.23287E+14 0.00112 
   41   41    1    1    1    1    1    1    1    1  3.17263E+14 0.00112 
   42   42    1    1    1    1    1    1    1    1  6.75553E+14 0.00099 
   43   43    1    1    1    1    1    1    1    1  8.10131E+14 0.00101 
   44   44    1    1    1    1    1    1    1    1  1.15706E+15 0.00092 
   45   45    1    1    1    1    1    1    1    1  2.29612E+15 0.00083 
   46   46    1    1    1    1    1    1    1    1  1.07073E+15 0.00084 
   47   47    1    1    1    1    1    1    1    1  1.69600E+15 0.00096 
   48   48    1    1    1    1    1    1    1    1  2.36298E+15 0.00077 
   49   49    1    1    1    1    1    1    1    1  2.30674E+15 0.00069 
   50   50    1    1    1    1    1    1    1    1  3.63015E+15 0.00055 
   51   51    1    1    1    1    1    1    1    1  2.85033E+15 0.00062 
   52   52    1    1    1    1    1    1    1    1  3.42482E+15 0.00058 
   53   53    1    1    1    1    1    1    1    1  2.37627E+15 0.00068 
   54   54    1    1    1    1    1    1    1    1  2.94288E+15 0.00073 
   55   55    1    1    1    1    1    1    1    1  2.02785E+15 0.00078 
   56   56    1    1    1    1    1    1    1    1  2.75394E+14 0.00088 
   57   57    1    1    1    1    1    1    1    1  4.01932E+15 0.00074 
   58   58    1    1    1    1    1    1    1    1  1.82038E+15 0.00075 
   59   59    1    1    1    1    1    1    1    1  1.93269E+15 0.00073 
   60   60    1    1    1    1    1    1    1    1  1.52404E+15 0.00097 
   61   61    1    1    1    1    1    1    1    1  1.52495E+15 0.00087 
   62   62    1    1    1    1    1    1    1    1  1.58391E+15 0.00070 
   63   63    1    1    1    1    1    1    1    1  1.33824E+15 0.00064 
   64   64    1    1    1    1    1    1    1    1  1.06346E+15 0.00064 
   65   65    1    1    1    1    1    1    1    1  1.05554E+15 0.00077 
   66   66    1    1    1    1    1    1    1    1  7.68073E+14 0.00080 
   67   67    1    1    1    1    1    1    1    1  6.24773E+14 0.00113 
   68   68    1    1    1    1    1    1    1    1  5.58957E+14 0.00117 
   69   69    1    1    1    1    1    1    1    1  6.70957E+14 0.00111 
   70   70    1    1    1    1    1    1    1    1  5.69643E+14 0.00120 
   71   71    1    1    1    1    1    1    1    1  1.02723E+15 0.00088 
   72   72    1    1    1    1    1    1    1    1  7.27061E+14 0.00115 
   73   73    1    1    1    1    1    1    1    1  5.49032E+14 0.00147 
   74   74    1    1    1    1    1    1    1    1  4.45387E+14 0.00105 
   75   75    1    1    1    1    1    1    1    1  3.73248E+14 0.00105 
   76   76    1    1    1    1    1    1    1    1  4.35304E+14 0.00095 
   77   77    1    1    1    1    1    1    1    1  3.47415E+14 0.00132 
   78   78    1    1    1    1    1    1    1    1  2.77521E+14 0.00140 
   79   79    1    1    1    1    1    1    1    1  2.87866E+14 0.00132 
   80   80    1    1    1    1    1    1    1    1  2.14237E+14 0.00123 
   81   81    1    1    1    1    1    1    1    1  1.64558E+14 0.00153 
   82   82    1    1    1    1    1    1    1    1  1.27108E+14 0.00210 
   83   83    1    1    1    1    1    1    1    1  1.19020E+14 0.00245 
   84   84    1    1    1    1    1    1    1    1  8.58505E+13 0.00284 
   85   85    1    1    1    1    1    1    1    1  6.17624E+13 0.00198 
   86   86    1    1    1    1    1    1    1    1  5.74642E+13 0.00340 
   87   87    1    1    1    1    1    1    1    1  3.55612E+13 0.00349 
   88   88    1    1    1    1    1    1    1    1  2.39255E+13 0.00352 
   89   89    1    1    1    1    1    1    1    1  1.35953E+13 0.00657 
   90   90    1    1    1    1    1    1    1    1  8.97921E+12 0.00844 
   91   91    1    1    1    1    1    1    1    1  4.55882E+12 0.01078 
   92   92    1    1    1    1    1    1    1    1  2.23947E+12 0.01196 
   93   93    1    1    1    1    1    1    1    1  1.08462E+12 0.02752 
   94   94    1    1    1    1    1    1    1    1  4.95855E+11 0.02768 
   95   95    1    1    1    1    1    1    1    1  2.25900E+11 0.04456 
   96   96    1    1    1    1    1    1    1    1  1.18866E+11 0.08641 
   97   97    1    1    1    1    1    1    1    1  5.37527E+10 0.11136 
   98   98    1    1    1    1    1    1    1    1  2.51987E+10 0.12159 
   99   99    1    1    1    1    1    1    1    1  1.07993E+10 0.24088 
  100  100    1    1    1    1    1    1    1    1  1.40148E+10 0.20941 
];


