
DETdpaspec = [
    1    1    1    1    1    1    1    1    1    1  0.00000E+00 0.00000 
    2    2    1    1    1    1    1    1    1    1  0.00000E+00 0.00000 
    3    3    1    1    1    1    1    1    1    1  0.00000E+00 0.00000 
    4    4    1    1    1    1    1    1    1    1  0.00000E+00 0.00000 
    5    5    1    1    1    1    1    1    1    1  0.00000E+00 0.00000 
    6    6    1    1    1    1    1    1    1    1  0.00000E+00 0.00000 
    7    7    1    1    1    1    1    1    1    1  0.00000E+00 0.00000 
    8    8    1    1    1    1    1    1    1    1  0.00000E+00 0.00000 
    9    9    1    1    1    1    1    1    1    1  0.00000E+00 0.00000 
   10   10    1    1    1    1    1    1    1    1  9.07666E+07 0.69090 
   11   11    1    1    1    1    1    1    1    1  6.05507E+08 0.65866 
   12   12    1    1    1    1    1    1    1    1  1.26212E+07 1.00000 
   13   13    1    1    1    1    1    1    1    1  3.46221E+08 0.85056 
   14   14    1    1    1    1    1    1    1    1  3.65894E+09 0.49836 
   15   15    1    1    1    1    1    1    1    1  5.04596E+09 0.57911 
   16   16    1    1    1    1    1    1    1    1  1.10796E+09 0.28095 
   17   17    1    1    1    1    1    1    1    1  9.91043E+08 0.43118 
   18   18    1    1    1    1    1    1    1    1  3.86762E+09 0.23155 
   19   19    1    1    1    1    1    1    1    1  5.33566E+09 0.29562 
   20   20    1    1    1    1    1    1    1    1  1.41308E+10 0.16247 
   21   21    1    1    1    1    1    1    1    1  1.60407E+10 0.14710 
   22   22    1    1    1    1    1    1    1    1  3.82420E+10 0.14875 
   23   23    1    1    1    1    1    1    1    1  6.01764E+10 0.09590 
   24   24    1    1    1    1    1    1    1    1  8.73202E+10 0.05602 
   25   25    1    1    1    1    1    1    1    1  1.43590E+11 0.06481 
   26   26    1    1    1    1    1    1    1    1  2.32042E+11 0.04604 
   27   27    1    1    1    1    1    1    1    1  4.84770E+11 0.02980 
   28   28    1    1    1    1    1    1    1    1  1.11243E+12 0.02615 
   29   29    1    1    1    1    1    1    1    1  2.01790E+12 0.01910 
   30   30    1    1    1    1    1    1    1    1  5.33960E+12 0.01352 
   31   31    1    1    1    1    1    1    1    1  1.55325E+13 0.01046 
   32   32    1    1    1    1    1    1    1    1  2.74787E+13 0.00452 
   33   33    1    1    1    1    1    1    1    1  6.38905E+13 0.00350 
   34   34    1    1    1    1    1    1    1    1  8.83353E+13 0.00293 
   35   35    1    1    1    1    1    1    1    1  1.10217E+14 0.00213 
   36   36    1    1    1    1    1    1    1    1  7.42005E+13 0.00197 
   37   37    1    1    1    1    1    1    1    1  2.24659E+13 0.00267 
   38   38    1    1    1    1    1    1    1    1  1.25741E+14 0.00196 
   39   39    1    1    1    1    1    1    1    1  1.68830E+14 0.00215 
   40   40    1    1    1    1    1    1    1    1  2.90734E+14 0.00164 
   41   41    1    1    1    1    1    1    1    1  2.89350E+14 0.00118 
   42   42    1    1    1    1    1    1    1    1  6.14009E+14 0.00097 
   43   43    1    1    1    1    1    1    1    1  7.39459E+14 0.00129 
   44   44    1    1    1    1    1    1    1    1  1.06155E+15 0.00086 
   45   45    1    1    1    1    1    1    1    1  2.11168E+15 0.00083 
   46   46    1    1    1    1    1    1    1    1  9.94600E+14 0.00109 
   47   47    1    1    1    1    1    1    1    1  1.58388E+15 0.00099 
   48   48    1    1    1    1    1    1    1    1  2.21476E+15 0.00083 
   49   49    1    1    1    1    1    1    1    1  2.17141E+15 0.00075 
   50   50    1    1    1    1    1    1    1    1  3.41949E+15 0.00066 
   51   51    1    1    1    1    1    1    1    1  2.70475E+15 0.00069 
   52   52    1    1    1    1    1    1    1    1  3.23809E+15 0.00090 
   53   53    1    1    1    1    1    1    1    1  2.25540E+15 0.00074 
   54   54    1    1    1    1    1    1    1    1  2.78881E+15 0.00066 
   55   55    1    1    1    1    1    1    1    1  1.92227E+15 0.00081 
   56   56    1    1    1    1    1    1    1    1  2.61532E+14 0.00116 
   57   57    1    1    1    1    1    1    1    1  3.81970E+15 0.00077 
   58   58    1    1    1    1    1    1    1    1  1.72042E+15 0.00076 
   59   59    1    1    1    1    1    1    1    1  1.82981E+15 0.00087 
   60   60    1    1    1    1    1    1    1    1  1.43973E+15 0.00102 
   61   61    1    1    1    1    1    1    1    1  1.44110E+15 0.00080 
   62   62    1    1    1    1    1    1    1    1  1.49982E+15 0.00093 
   63   63    1    1    1    1    1    1    1    1  1.26415E+15 0.00075 
   64   64    1    1    1    1    1    1    1    1  1.00691E+15 0.00088 
   65   65    1    1    1    1    1    1    1    1  9.98995E+14 0.00084 
   66   66    1    1    1    1    1    1    1    1  7.29080E+14 0.00076 
   67   67    1    1    1    1    1    1    1    1  5.92835E+14 0.00069 
   68   68    1    1    1    1    1    1    1    1  5.31194E+14 0.00107 
   69   69    1    1    1    1    1    1    1    1  6.38020E+14 0.00116 
   70   70    1    1    1    1    1    1    1    1  5.42743E+14 0.00150 
   71   71    1    1    1    1    1    1    1    1  9.84029E+14 0.00075 
   72   72    1    1    1    1    1    1    1    1  6.98056E+14 0.00117 
   73   73    1    1    1    1    1    1    1    1  5.27875E+14 0.00131 
   74   74    1    1    1    1    1    1    1    1  4.27245E+14 0.00143 
   75   75    1    1    1    1    1    1    1    1  3.56358E+14 0.00143 
   76   76    1    1    1    1    1    1    1    1  4.14242E+14 0.00141 
   77   77    1    1    1    1    1    1    1    1  3.29094E+14 0.00170 
   78   78    1    1    1    1    1    1    1    1  2.62254E+14 0.00174 
   79   79    1    1    1    1    1    1    1    1  2.71910E+14 0.00152 
   80   80    1    1    1    1    1    1    1    1  2.02149E+14 0.00114 
   81   81    1    1    1    1    1    1    1    1  1.56085E+14 0.00152 
   82   82    1    1    1    1    1    1    1    1  1.19992E+14 0.00268 
   83   83    1    1    1    1    1    1    1    1  1.12139E+14 0.00231 
   84   84    1    1    1    1    1    1    1    1  8.08728E+13 0.00227 
   85   85    1    1    1    1    1    1    1    1  5.81891E+13 0.00282 
   86   86    1    1    1    1    1    1    1    1  5.47229E+13 0.00316 
   87   87    1    1    1    1    1    1    1    1  3.35125E+13 0.00498 
   88   88    1    1    1    1    1    1    1    1  2.26483E+13 0.00475 
   89   89    1    1    1    1    1    1    1    1  1.29872E+13 0.00842 
   90   90    1    1    1    1    1    1    1    1  8.63106E+12 0.00664 
   91   91    1    1    1    1    1    1    1    1  4.28021E+12 0.01228 
   92   92    1    1    1    1    1    1    1    1  2.14390E+12 0.01431 
   93   93    1    1    1    1    1    1    1    1  1.02482E+12 0.02093 
   94   94    1    1    1    1    1    1    1    1  4.72509E+11 0.03043 
   95   95    1    1    1    1    1    1    1    1  2.50145E+11 0.05434 
   96   96    1    1    1    1    1    1    1    1  1.18973E+11 0.05838 
   97   97    1    1    1    1    1    1    1    1  5.05981E+10 0.11589 
   98   98    1    1    1    1    1    1    1    1  2.53799E+10 0.13846 
   99   99    1    1    1    1    1    1    1    1  1.50079E+10 0.17614 
  100  100    1    1    1    1    1    1    1    1  1.44325E+10 0.19847 
];


