
DETdpaspec = [
    1    1    1    1    1    1    1    1    1    1  0.00000E+00 0.00000 
    2    2    1    1    1    1    1    1    1    1  0.00000E+00 0.00000 
    3    3    1    1    1    1    1    1    1    1  0.00000E+00 0.00000 
    4    4    1    1    1    1    1    1    1    1  0.00000E+00 0.00000 
    5    5    1    1    1    1    1    1    1    1  0.00000E+00 0.00000 
    6    6    1    1    1    1    1    1    1    1  7.90326E+06 1.00000 
    7    7    1    1    1    1    1    1    1    1  1.52369E+07 1.00000 
    8    8    1    1    1    1    1    1    1    1  2.48940E+07 1.00000 
    9    9    1    1    1    1    1    1    1    1  0.00000E+00 0.00000 
   10   10    1    1    1    1    1    1    1    1  2.84692E+07 1.00000 
   11   11    1    1    1    1    1    1    1    1  1.84421E+08 0.78805 
   12   12    1    1    1    1    1    1    1    1  4.10146E+07 1.00000 
   13   13    1    1    1    1    1    1    1    1  6.31525E+08 0.56613 
   14   14    1    1    1    1    1    1    1    1  3.86750E+09 0.39843 
   15   15    1    1    1    1    1    1    1    1  4.60098E+09 0.36576 
   16   16    1    1    1    1    1    1    1    1  3.92611E+08 0.41790 
   17   17    1    1    1    1    1    1    1    1  1.58350E+09 0.28760 
   18   18    1    1    1    1    1    1    1    1  5.18005E+09 0.23505 
   19   19    1    1    1    1    1    1    1    1  5.99071E+09 0.14512 
   20   20    1    1    1    1    1    1    1    1  2.71790E+10 0.11964 
   21   21    1    1    1    1    1    1    1    1  1.88587E+10 0.10547 
   22   22    1    1    1    1    1    1    1    1  4.68459E+10 0.12917 
   23   23    1    1    1    1    1    1    1    1  5.74025E+10 0.07619 
   24   24    1    1    1    1    1    1    1    1  1.00111E+11 0.07076 
   25   25    1    1    1    1    1    1    1    1  1.23232E+11 0.05603 
   26   26    1    1    1    1    1    1    1    1  2.02191E+11 0.05010 
   27   27    1    1    1    1    1    1    1    1  3.69714E+11 0.03325 
   28   28    1    1    1    1    1    1    1    1  7.86377E+11 0.02176 
   29   29    1    1    1    1    1    1    1    1  1.18057E+12 0.01364 
   30   30    1    1    1    1    1    1    1    1  3.48562E+12 0.01452 
   31   31    1    1    1    1    1    1    1    1  1.05937E+13 0.00857 
   32   32    1    1    1    1    1    1    1    1  1.96965E+13 0.00503 
   33   33    1    1    1    1    1    1    1    1  4.50464E+13 0.00367 
   34   34    1    1    1    1    1    1    1    1  6.13777E+13 0.00269 
   35   35    1    1    1    1    1    1    1    1  8.44129E+13 0.00164 
   36   36    1    1    1    1    1    1    1    1  5.91274E+13 0.00207 
   37   37    1    1    1    1    1    1    1    1  1.83835E+13 0.00223 
   38   38    1    1    1    1    1    1    1    1  1.00804E+14 0.00208 
   39   39    1    1    1    1    1    1    1    1  1.35228E+14 0.00151 
   40   40    1    1    1    1    1    1    1    1  2.30805E+14 0.00104 
   41   41    1    1    1    1    1    1    1    1  2.35347E+14 0.00129 
   42   42    1    1    1    1    1    1    1    1  4.91101E+14 0.00096 
   43   43    1    1    1    1    1    1    1    1  5.89751E+14 0.00113 
   44   44    1    1    1    1    1    1    1    1  8.44648E+14 0.00094 
   45   45    1    1    1    1    1    1    1    1  1.66104E+15 0.00099 
   46   46    1    1    1    1    1    1    1    1  7.93084E+14 0.00103 
   47   47    1    1    1    1    1    1    1    1  1.27122E+15 0.00107 
   48   48    1    1    1    1    1    1    1    1  1.77747E+15 0.00098 
   49   49    1    1    1    1    1    1    1    1  1.75050E+15 0.00070 
   50   50    1    1    1    1    1    1    1    1  2.71633E+15 0.00083 
   51   51    1    1    1    1    1    1    1    1  2.18483E+15 0.00062 
   52   52    1    1    1    1    1    1    1    1  2.56700E+15 0.00092 
   53   53    1    1    1    1    1    1    1    1  1.79443E+15 0.00105 
   54   54    1    1    1    1    1    1    1    1  2.17749E+15 0.00062 
   55   55    1    1    1    1    1    1    1    1  1.50966E+15 0.00088 
   56   56    1    1    1    1    1    1    1    1  2.06131E+14 0.00139 
   57   57    1    1    1    1    1    1    1    1  2.99760E+15 0.00084 
   58   58    1    1    1    1    1    1    1    1  1.31965E+15 0.00130 
   59   59    1    1    1    1    1    1    1    1  1.41405E+15 0.00088 
   60   60    1    1    1    1    1    1    1    1  1.09332E+15 0.00102 
   61   61    1    1    1    1    1    1    1    1  1.09776E+15 0.00098 
   62   62    1    1    1    1    1    1    1    1  1.14056E+15 0.00111 
   63   63    1    1    1    1    1    1    1    1  9.56913E+14 0.00115 
   64   64    1    1    1    1    1    1    1    1  7.60654E+14 0.00138 
   65   65    1    1    1    1    1    1    1    1  7.55111E+14 0.00134 
   66   66    1    1    1    1    1    1    1    1  5.48719E+14 0.00144 
   67   67    1    1    1    1    1    1    1    1  4.50021E+14 0.00137 
   68   68    1    1    1    1    1    1    1    1  4.03557E+14 0.00118 
   69   69    1    1    1    1    1    1    1    1  4.85440E+14 0.00147 
   70   70    1    1    1    1    1    1    1    1  4.13262E+14 0.00156 
   71   71    1    1    1    1    1    1    1    1  7.59576E+14 0.00135 
   72   72    1    1    1    1    1    1    1    1  5.41048E+14 0.00129 
   73   73    1    1    1    1    1    1    1    1  4.07060E+14 0.00191 
   74   74    1    1    1    1    1    1    1    1  3.25336E+14 0.00155 
   75   75    1    1    1    1    1    1    1    1  2.67687E+14 0.00166 
   76   76    1    1    1    1    1    1    1    1  3.07880E+14 0.00188 
   77   77    1    1    1    1    1    1    1    1  2.41630E+14 0.00171 
   78   78    1    1    1    1    1    1    1    1  1.91239E+14 0.00198 
   79   79    1    1    1    1    1    1    1    1  1.96142E+14 0.00196 
   80   80    1    1    1    1    1    1    1    1  1.45191E+14 0.00193 
   81   81    1    1    1    1    1    1    1    1  1.11416E+14 0.00289 
   82   82    1    1    1    1    1    1    1    1  8.62110E+13 0.00269 
   83   83    1    1    1    1    1    1    1    1  7.98466E+13 0.00225 
   84   84    1    1    1    1    1    1    1    1  5.78130E+13 0.00303 
   85   85    1    1    1    1    1    1    1    1  4.14674E+13 0.00432 
   86   86    1    1    1    1    1    1    1    1  3.85686E+13 0.00379 
   87   87    1    1    1    1    1    1    1    1  2.38934E+13 0.00484 
   88   88    1    1    1    1    1    1    1    1  1.61590E+13 0.00631 
   89   89    1    1    1    1    1    1    1    1  9.47681E+12 0.00738 
   90   90    1    1    1    1    1    1    1    1  6.25497E+12 0.01192 
   91   91    1    1    1    1    1    1    1    1  3.17199E+12 0.00943 
   92   92    1    1    1    1    1    1    1    1  1.46830E+12 0.01723 
   93   93    1    1    1    1    1    1    1    1  7.57302E+11 0.02206 
   94   94    1    1    1    1    1    1    1    1  3.61799E+11 0.04088 
   95   95    1    1    1    1    1    1    1    1  1.78889E+11 0.05081 
   96   96    1    1    1    1    1    1    1    1  9.20941E+10 0.07512 
   97   97    1    1    1    1    1    1    1    1  4.25556E+10 0.10531 
   98   98    1    1    1    1    1    1    1    1  2.53355E+10 0.19133 
   99   99    1    1    1    1    1    1    1    1  9.10661E+09 0.22238 
  100  100    1    1    1    1    1    1    1    1  4.48714E+09 0.30315 
];


