
DETdpaspec = [
    1    1    1    1    1    1    1    1    1    1  0.00000E+00 0.00000 
    2    2    1    1    1    1    1    1    1    1  0.00000E+00 0.00000 
    3    3    1    1    1    1    1    1    1    1  0.00000E+00 0.00000 
    4    4    1    1    1    1    1    1    1    1  0.00000E+00 0.00000 
    5    5    1    1    1    1    1    1    1    1  0.00000E+00 0.00000 
    6    6    1    1    1    1    1    1    1    1  0.00000E+00 0.00000 
    7    7    1    1    1    1    1    1    1    1  0.00000E+00 0.00000 
    8    8    1    1    1    1    1    1    1    1  0.00000E+00 0.00000 
    9    9    1    1    1    1    1    1    1    1  0.00000E+00 0.00000 
   10   10    1    1    1    1    1    1    1    1  7.89816E+07 0.68829 
   11   11    1    1    1    1    1    1    1    1  1.98024E+08 0.76406 
   12   12    1    1    1    1    1    1    1    1  0.00000E+00 0.00000 
   13   13    1    1    1    1    1    1    1    1  1.60007E+09 0.53480 
   14   14    1    1    1    1    1    1    1    1  1.62195E+09 0.61890 
   15   15    1    1    1    1    1    1    1    1  2.91401E+09 0.52873 
   16   16    1    1    1    1    1    1    1    1  4.47181E+08 0.34272 
   17   17    1    1    1    1    1    1    1    1  1.89409E+09 0.35519 
   18   18    1    1    1    1    1    1    1    1  6.40721E+09 0.27847 
   19   19    1    1    1    1    1    1    1    1  3.97610E+09 0.27130 
   20   20    1    1    1    1    1    1    1    1  1.83860E+10 0.18569 
   21   21    1    1    1    1    1    1    1    1  1.43218E+10 0.14368 
   22   22    1    1    1    1    1    1    1    1  2.97269E+10 0.09181 
   23   23    1    1    1    1    1    1    1    1  5.77325E+10 0.07148 
   24   24    1    1    1    1    1    1    1    1  9.23344E+10 0.06129 
   25   25    1    1    1    1    1    1    1    1  1.22432E+11 0.05158 
   26   26    1    1    1    1    1    1    1    1  2.22912E+11 0.04354 
   27   27    1    1    1    1    1    1    1    1  4.15211E+11 0.04599 
   28   28    1    1    1    1    1    1    1    1  9.82534E+11 0.02653 
   29   29    1    1    1    1    1    1    1    1  1.71997E+12 0.02032 
   30   30    1    1    1    1    1    1    1    1  4.66972E+12 0.01369 
   31   31    1    1    1    1    1    1    1    1  1.40165E+13 0.00754 
   32   32    1    1    1    1    1    1    1    1  2.51575E+13 0.00429 
   33   33    1    1    1    1    1    1    1    1  5.91342E+13 0.00368 
   34   34    1    1    1    1    1    1    1    1  8.19215E+13 0.00350 
   35   35    1    1    1    1    1    1    1    1  1.04712E+14 0.00276 
   36   36    1    1    1    1    1    1    1    1  7.10371E+13 0.00243 
   37   37    1    1    1    1    1    1    1    1  2.15542E+13 0.00144 
   38   38    1    1    1    1    1    1    1    1  1.20560E+14 0.00210 
   39   39    1    1    1    1    1    1    1    1  1.61632E+14 0.00153 
   40   40    1    1    1    1    1    1    1    1  2.78397E+14 0.00136 
   41   41    1    1    1    1    1    1    1    1  2.78275E+14 0.00093 
   42   42    1    1    1    1    1    1    1    1  5.90578E+14 0.00115 
   43   43    1    1    1    1    1    1    1    1  7.10472E+14 0.00085 
   44   44    1    1    1    1    1    1    1    1  1.02075E+15 0.00111 
   45   45    1    1    1    1    1    1    1    1  2.03070E+15 0.00074 
   46   46    1    1    1    1    1    1    1    1  9.59308E+14 0.00082 
   47   47    1    1    1    1    1    1    1    1  1.52985E+15 0.00080 
   48   48    1    1    1    1    1    1    1    1  2.14172E+15 0.00065 
   49   49    1    1    1    1    1    1    1    1  2.10525E+15 0.00057 
   50   50    1    1    1    1    1    1    1    1  3.30428E+15 0.00069 
   51   51    1    1    1    1    1    1    1    1  2.62829E+15 0.00072 
   52   52    1    1    1    1    1    1    1    1  3.13664E+15 0.00073 
   53   53    1    1    1    1    1    1    1    1  2.18848E+15 0.00069 
   54   54    1    1    1    1    1    1    1    1  2.69466E+15 0.00079 
   55   55    1    1    1    1    1    1    1    1  1.85941E+15 0.00072 
   56   56    1    1    1    1    1    1    1    1  2.53189E+14 0.00112 
   57   57    1    1    1    1    1    1    1    1  3.69757E+15 0.00074 
   58   58    1    1    1    1    1    1    1    1  1.66060E+15 0.00089 
   59   59    1    1    1    1    1    1    1    1  1.77109E+15 0.00095 
   60   60    1    1    1    1    1    1    1    1  1.38837E+15 0.00098 
   61   61    1    1    1    1    1    1    1    1  1.39053E+15 0.00101 
   62   62    1    1    1    1    1    1    1    1  1.44652E+15 0.00096 
   63   63    1    1    1    1    1    1    1    1  1.21962E+15 0.00086 
   64   64    1    1    1    1    1    1    1    1  9.71509E+14 0.00115 
   65   65    1    1    1    1    1    1    1    1  9.64782E+14 0.00089 
   66   66    1    1    1    1    1    1    1    1  7.03509E+14 0.00072 
   67   67    1    1    1    1    1    1    1    1  5.72700E+14 0.00094 
   68   68    1    1    1    1    1    1    1    1  5.12644E+14 0.00101 
   69   69    1    1    1    1    1    1    1    1  6.16315E+14 0.00091 
   70   70    1    1    1    1    1    1    1    1  5.25241E+14 0.00123 
   71   71    1    1    1    1    1    1    1    1  9.54211E+14 0.00103 
   72   72    1    1    1    1    1    1    1    1  6.78266E+14 0.00099 
   73   73    1    1    1    1    1    1    1    1  5.12339E+14 0.00101 
   74   74    1    1    1    1    1    1    1    1  4.14108E+14 0.00136 
   75   75    1    1    1    1    1    1    1    1  3.43352E+14 0.00130 
   76   76    1    1    1    1    1    1    1    1  3.99799E+14 0.00127 
   77   77    1    1    1    1    1    1    1    1  3.16585E+14 0.00135 
   78   78    1    1    1    1    1    1    1    1  2.52565E+14 0.00169 
   79   79    1    1    1    1    1    1    1    1  2.60955E+14 0.00153 
   80   80    1    1    1    1    1    1    1    1  1.93630E+14 0.00158 
   81   81    1    1    1    1    1    1    1    1  1.49818E+14 0.00198 
   82   82    1    1    1    1    1    1    1    1  1.15192E+14 0.00239 
   83   83    1    1    1    1    1    1    1    1  1.07479E+14 0.00153 
   84   84    1    1    1    1    1    1    1    1  7.74451E+13 0.00240 
   85   85    1    1    1    1    1    1    1    1  5.58288E+13 0.00257 
   86   86    1    1    1    1    1    1    1    1  5.20040E+13 0.00357 
   87   87    1    1    1    1    1    1    1    1  3.21948E+13 0.00411 
   88   88    1    1    1    1    1    1    1    1  2.16298E+13 0.00524 
   89   89    1    1    1    1    1    1    1    1  1.25339E+13 0.00711 
   90   90    1    1    1    1    1    1    1    1  8.21383E+12 0.00711 
   91   91    1    1    1    1    1    1    1    1  4.20163E+12 0.00960 
   92   92    1    1    1    1    1    1    1    1  2.02878E+12 0.01808 
   93   93    1    1    1    1    1    1    1    1  9.69082E+11 0.01967 
   94   94    1    1    1    1    1    1    1    1  4.63725E+11 0.03896 
   95   95    1    1    1    1    1    1    1    1  2.32090E+11 0.06172 
   96   96    1    1    1    1    1    1    1    1  1.12010E+11 0.06180 
   97   97    1    1    1    1    1    1    1    1  5.54410E+10 0.09805 
   98   98    1    1    1    1    1    1    1    1  2.23720E+10 0.12627 
   99   99    1    1    1    1    1    1    1    1  1.58095E+10 0.20288 
  100  100    1    1    1    1    1    1    1    1  1.11093E+10 0.18457 
];


