
DETdpaspec = [
    1    1    1    1    1    1    1    1    1    1  0.00000E+00 0.00000 
    2    2    1    1    1    1    1    1    1    1  0.00000E+00 0.00000 
    3    3    1    1    1    1    1    1    1    1  0.00000E+00 0.00000 
    4    4    1    1    1    1    1    1    1    1  0.00000E+00 0.00000 
    5    5    1    1    1    1    1    1    1    1  0.00000E+00 0.00000 
    6    6    1    1    1    1    1    1    1    1  0.00000E+00 0.00000 
    7    7    1    1    1    1    1    1    1    1  0.00000E+00 0.00000 
    8    8    1    1    1    1    1    1    1    1  0.00000E+00 0.00000 
    9    9    1    1    1    1    1    1    1    1  0.00000E+00 0.00000 
   10   10    1    1    1    1    1    1    1    1  0.00000E+00 0.00000 
   11   11    1    1    1    1    1    1    1    1  7.39472E+07 1.00000 
   12   12    1    1    1    1    1    1    1    1  5.48382E+07 1.00000 
   13   13    1    1    1    1    1    1    1    1  2.67439E+08 0.72962 
   14   14    1    1    1    1    1    1    1    1  1.37831E+09 0.52997 
   15   15    1    1    1    1    1    1    1    1  2.62311E+09 0.58893 
   16   16    1    1    1    1    1    1    1    1  2.44546E+08 0.75606 
   17   17    1    1    1    1    1    1    1    1  1.49704E+09 0.35322 
   18   18    1    1    1    1    1    1    1    1  3.57522E+09 0.29452 
   19   19    1    1    1    1    1    1    1    1  2.83889E+09 0.26464 
   20   20    1    1    1    1    1    1    1    1  1.33419E+10 0.21263 
   21   21    1    1    1    1    1    1    1    1  1.04563E+10 0.17325 
   22   22    1    1    1    1    1    1    1    1  2.55373E+10 0.11657 
   23   23    1    1    1    1    1    1    1    1  6.74883E+10 0.09389 
   24   24    1    1    1    1    1    1    1    1  1.84197E+11 0.04325 
   25   25    1    1    1    1    1    1    1    1  3.14498E+11 0.04545 
   26   26    1    1    1    1    1    1    1    1  7.02109E+11 0.02842 
   27   27    1    1    1    1    1    1    1    1  1.59403E+12 0.01949 
   28   28    1    1    1    1    1    1    1    1  3.71271E+12 0.01036 
   29   29    1    1    1    1    1    1    1    1  6.46687E+12 0.00763 
   30   30    1    1    1    1    1    1    1    1  1.40583E+13 0.00526 
   31   31    1    1    1    1    1    1    1    1  3.39483E+13 0.00479 
   32   32    1    1    1    1    1    1    1    1  5.33861E+13 0.00393 
   33   33    1    1    1    1    1    1    1    1  1.13735E+14 0.00307 
   34   34    1    1    1    1    1    1    1    1  1.48285E+14 0.00242 
   35   35    1    1    1    1    1    1    1    1  1.63221E+14 0.00177 
   36   36    1    1    1    1    1    1    1    1  1.02218E+14 0.00203 
   37   37    1    1    1    1    1    1    1    1  3.01193E+13 0.00210 
   38   38    1    1    1    1    1    1    1    1  1.70577E+14 0.00157 
   39   39    1    1    1    1    1    1    1    1  2.26335E+14 0.00168 
   40   40    1    1    1    1    1    1    1    1  3.86018E+14 0.00149 
   41   41    1    1    1    1    1    1    1    1  3.71932E+14 0.00142 
   42   42    1    1    1    1    1    1    1    1  7.89000E+14 0.00103 
   43   43    1    1    1    1    1    1    1    1  9.35790E+14 0.00076 
   44   44    1    1    1    1    1    1    1    1  1.32074E+15 0.00086 
   45   45    1    1    1    1    1    1    1    1  2.58571E+15 0.00072 
   46   46    1    1    1    1    1    1    1    1  1.18427E+15 0.00061 
   47   47    1    1    1    1    1    1    1    1  1.85941E+15 0.00069 
   48   48    1    1    1    1    1    1    1    1  2.56749E+15 0.00066 
   49   49    1    1    1    1    1    1    1    1  2.48150E+15 0.00039 
   50   50    1    1    1    1    1    1    1    1  3.88303E+15 0.00049 
   51   51    1    1    1    1    1    1    1    1  3.00361E+15 0.00054 
   52   52    1    1    1    1    1    1    1    1  3.60585E+15 0.00058 
   53   53    1    1    1    1    1    1    1    1  2.48044E+15 0.00054 
   54   54    1    1    1    1    1    1    1    1  3.07871E+15 0.00053 
   55   55    1    1    1    1    1    1    1    1  2.11013E+15 0.00052 
   56   56    1    1    1    1    1    1    1    1  2.85732E+14 0.00104 
   57   57    1    1    1    1    1    1    1    1  4.15990E+15 0.00055 
   58   58    1    1    1    1    1    1    1    1  1.89178E+15 0.00080 
   59   59    1    1    1    1    1    1    1    1  1.99584E+15 0.00061 
   60   60    1    1    1    1    1    1    1    1  1.57955E+15 0.00078 
   61   61    1    1    1    1    1    1    1    1  1.57304E+15 0.00081 
   62   62    1    1    1    1    1    1    1    1  1.63466E+15 0.00085 
   63   63    1    1    1    1    1    1    1    1  1.37579E+15 0.00083 
   64   64    1    1    1    1    1    1    1    1  1.09096E+15 0.00094 
   65   65    1    1    1    1    1    1    1    1  1.08018E+15 0.00089 
   66   66    1    1    1    1    1    1    1    1  7.84546E+14 0.00103 
   67   67    1    1    1    1    1    1    1    1  6.35372E+14 0.00107 
   68   68    1    1    1    1    1    1    1    1  5.65863E+14 0.00092 
   69   69    1    1    1    1    1    1    1    1  6.78318E+14 0.00099 
   70   70    1    1    1    1    1    1    1    1  5.74212E+14 0.00113 
   71   71    1    1    1    1    1    1    1    1  1.02761E+15 0.00085 
   72   72    1    1    1    1    1    1    1    1  7.23539E+14 0.00100 
   73   73    1    1    1    1    1    1    1    1  5.46662E+14 0.00101 
   74   74    1    1    1    1    1    1    1    1  4.43846E+14 0.00128 
   75   75    1    1    1    1    1    1    1    1  3.72868E+14 0.00130 
   76   76    1    1    1    1    1    1    1    1  4.37751E+14 0.00120 
   77   77    1    1    1    1    1    1    1    1  3.48473E+14 0.00121 
   78   78    1    1    1    1    1    1    1    1  2.79223E+14 0.00150 
   79   79    1    1    1    1    1    1    1    1  2.90683E+14 0.00119 
   80   80    1    1    1    1    1    1    1    1  2.16245E+14 0.00138 
   81   81    1    1    1    1    1    1    1    1  1.67463E+14 0.00176 
   82   82    1    1    1    1    1    1    1    1  1.28154E+14 0.00228 
   83   83    1    1    1    1    1    1    1    1  1.19960E+14 0.00180 
   84   84    1    1    1    1    1    1    1    1  8.59722E+13 0.00243 
   85   85    1    1    1    1    1    1    1    1  6.22413E+13 0.00355 
   86   86    1    1    1    1    1    1    1    1  5.80788E+13 0.00256 
   87   87    1    1    1    1    1    1    1    1  3.54557E+13 0.00453 
   88   88    1    1    1    1    1    1    1    1  2.39610E+13 0.00367 
   89   89    1    1    1    1    1    1    1    1  1.36531E+13 0.00539 
   90   90    1    1    1    1    1    1    1    1  8.88765E+12 0.00719 
   91   91    1    1    1    1    1    1    1    1  4.51109E+12 0.00851 
   92   92    1    1    1    1    1    1    1    1  2.14002E+12 0.01520 
   93   93    1    1    1    1    1    1    1    1  1.06451E+12 0.02622 
   94   94    1    1    1    1    1    1    1    1  4.90404E+11 0.03093 
   95   95    1    1    1    1    1    1    1    1  2.34797E+11 0.03606 
   96   96    1    1    1    1    1    1    1    1  1.24532E+11 0.07046 
   97   97    1    1    1    1    1    1    1    1  4.75287E+10 0.09421 
   98   98    1    1    1    1    1    1    1    1  2.56082E+10 0.15927 
   99   99    1    1    1    1    1    1    1    1  1.36453E+10 0.20787 
  100  100    1    1    1    1    1    1    1    1  8.86697E+09 0.21193 
];


