
DETdpaspec = [
    1    1    1    1    1    1    1    1    1    1  0.00000E+00 0.00000 
    2    2    1    1    1    1    1    1    1    1  0.00000E+00 0.00000 
    3    3    1    1    1    1    1    1    1    1  0.00000E+00 0.00000 
    4    4    1    1    1    1    1    1    1    1  0.00000E+00 0.00000 
    5    5    1    1    1    1    1    1    1    1  0.00000E+00 0.00000 
    6    6    1    1    1    1    1    1    1    1  0.00000E+00 0.00000 
    7    7    1    1    1    1    1    1    1    1  0.00000E+00 0.00000 
    8    8    1    1    1    1    1    1    1    1  0.00000E+00 0.00000 
    9    9    1    1    1    1    1    1    1    1  7.38167E+06 1.00000 
   10   10    1    1    1    1    1    1    1    1  0.00000E+00 0.00000 
   11   11    1    1    1    1    1    1    1    1  5.96880E+07 1.00000 
   12   12    1    1    1    1    1    1    1    1  0.00000E+00 0.00000 
   13   13    1    1    1    1    1    1    1    1  1.23783E+09 0.60066 
   14   14    1    1    1    1    1    1    1    1  2.15459E+09 0.35812 
   15   15    1    1    1    1    1    1    1    1  2.42132E+09 0.46292 
   16   16    1    1    1    1    1    1    1    1  1.24702E+09 0.62795 
   17   17    1    1    1    1    1    1    1    1  2.88454E+09 0.28273 
   18   18    1    1    1    1    1    1    1    1  4.78504E+09 0.27354 
   19   19    1    1    1    1    1    1    1    1  5.74219E+09 0.20459 
   20   20    1    1    1    1    1    1    1    1  2.11252E+10 0.15917 
   21   21    1    1    1    1    1    1    1    1  1.24404E+10 0.15845 
   22   22    1    1    1    1    1    1    1    1  3.58252E+10 0.11657 
   23   23    1    1    1    1    1    1    1    1  4.99500E+10 0.11086 
   24   24    1    1    1    1    1    1    1    1  9.74211E+10 0.06120 
   25   25    1    1    1    1    1    1    1    1  1.38312E+11 0.06284 
   26   26    1    1    1    1    1    1    1    1  2.58606E+11 0.03505 
   27   27    1    1    1    1    1    1    1    1  5.67333E+11 0.03207 
   28   28    1    1    1    1    1    1    1    1  1.44177E+12 0.01700 
   29   29    1    1    1    1    1    1    1    1  2.55171E+12 0.01432 
   30   30    1    1    1    1    1    1    1    1  6.43091E+12 0.01009 
   31   31    1    1    1    1    1    1    1    1  1.83490E+13 0.00768 
   32   32    1    1    1    1    1    1    1    1  3.15107E+13 0.00452 
   33   33    1    1    1    1    1    1    1    1  7.25492E+13 0.00266 
   34   34    1    1    1    1    1    1    1    1  9.94872E+13 0.00227 
   35   35    1    1    1    1    1    1    1    1  1.20772E+14 0.00203 
   36   36    1    1    1    1    1    1    1    1  7.98285E+13 0.00223 
   37   37    1    1    1    1    1    1    1    1  2.39853E+13 0.00252 
   38   38    1    1    1    1    1    1    1    1  1.35251E+14 0.00156 
   39   39    1    1    1    1    1    1    1    1  1.80840E+14 0.00155 
   40   40    1    1    1    1    1    1    1    1  3.10910E+14 0.00126 
   41   41    1    1    1    1    1    1    1    1  3.06688E+14 0.00158 
   42   42    1    1    1    1    1    1    1    1  6.52333E+14 0.00124 
   43   43    1    1    1    1    1    1    1    1  7.84719E+14 0.00101 
   44   44    1    1    1    1    1    1    1    1  1.12182E+15 0.00098 
   45   45    1    1    1    1    1    1    1    1  2.22838E+15 0.00075 
   46   46    1    1    1    1    1    1    1    1  1.04398E+15 0.00077 
   47   47    1    1    1    1    1    1    1    1  1.65650E+15 0.00077 
   48   48    1    1    1    1    1    1    1    1  2.31390E+15 0.00058 
   49   49    1    1    1    1    1    1    1    1  2.26164E+15 0.00067 
   50   50    1    1    1    1    1    1    1    1  3.56047E+15 0.00063 
   51   51    1    1    1    1    1    1    1    1  2.80650E+15 0.00082 
   52   52    1    1    1    1    1    1    1    1  3.36677E+15 0.00072 
   53   53    1    1    1    1    1    1    1    1  2.33769E+15 0.00079 
   54   54    1    1    1    1    1    1    1    1  2.89614E+15 0.00067 
   55   55    1    1    1    1    1    1    1    1  1.99539E+15 0.00081 
   56   56    1    1    1    1    1    1    1    1  2.70882E+14 0.00138 
   57   57    1    1    1    1    1    1    1    1  3.95736E+15 0.00061 
   58   58    1    1    1    1    1    1    1    1  1.79199E+15 0.00060 
   59   59    1    1    1    1    1    1    1    1  1.90254E+15 0.00089 
   60   60    1    1    1    1    1    1    1    1  1.49910E+15 0.00055 
   61   61    1    1    1    1    1    1    1    1  1.49927E+15 0.00088 
   62   62    1    1    1    1    1    1    1    1  1.56073E+15 0.00100 
   63   63    1    1    1    1    1    1    1    1  1.31849E+15 0.00089 
   64   64    1    1    1    1    1    1    1    1  1.04822E+15 0.00094 
   65   65    1    1    1    1    1    1    1    1  1.04074E+15 0.00095 
   66   66    1    1    1    1    1    1    1    1  7.57811E+14 0.00088 
   67   67    1    1    1    1    1    1    1    1  6.15522E+14 0.00111 
   68   68    1    1    1    1    1    1    1    1  5.50981E+14 0.00086 
   69   69    1    1    1    1    1    1    1    1  6.61984E+14 0.00108 
   70   70    1    1    1    1    1    1    1    1  5.63175E+14 0.00075 
   71   71    1    1    1    1    1    1    1    1  1.01593E+15 0.00097 
   72   72    1    1    1    1    1    1    1    1  7.20449E+14 0.00107 
   73   73    1    1    1    1    1    1    1    1  5.44538E+14 0.00107 
   74   74    1    1    1    1    1    1    1    1  4.41712E+14 0.00087 
   75   75    1    1    1    1    1    1    1    1  3.69025E+14 0.00118 
   76   76    1    1    1    1    1    1    1    1  4.30611E+14 0.00130 
   77   77    1    1    1    1    1    1    1    1  3.43201E+14 0.00146 
   78   78    1    1    1    1    1    1    1    1  2.73420E+14 0.00170 
   79   79    1    1    1    1    1    1    1    1  2.83420E+14 0.00145 
   80   80    1    1    1    1    1    1    1    1  2.10903E+14 0.00189 
   81   81    1    1    1    1    1    1    1    1  1.62601E+14 0.00151 
   82   82    1    1    1    1    1    1    1    1  1.25061E+14 0.00175 
   83   83    1    1    1    1    1    1    1    1  1.17503E+14 0.00264 
   84   84    1    1    1    1    1    1    1    1  8.40843E+13 0.00241 
   85   85    1    1    1    1    1    1    1    1  6.08517E+13 0.00343 
   86   86    1    1    1    1    1    1    1    1  5.69379E+13 0.00297 
   87   87    1    1    1    1    1    1    1    1  3.51405E+13 0.00323 
   88   88    1    1    1    1    1    1    1    1  2.32940E+13 0.00434 
   89   89    1    1    1    1    1    1    1    1  1.34468E+13 0.00608 
   90   90    1    1    1    1    1    1    1    1  8.97954E+12 0.00828 
   91   91    1    1    1    1    1    1    1    1  4.54775E+12 0.01118 
   92   92    1    1    1    1    1    1    1    1  2.11857E+12 0.01273 
   93   93    1    1    1    1    1    1    1    1  1.03809E+12 0.01962 
   94   94    1    1    1    1    1    1    1    1  4.81531E+11 0.02681 
   95   95    1    1    1    1    1    1    1    1  2.59682E+11 0.05133 
   96   96    1    1    1    1    1    1    1    1  1.28742E+11 0.06811 
   97   97    1    1    1    1    1    1    1    1  5.55711E+10 0.09372 
   98   98    1    1    1    1    1    1    1    1  2.02171E+10 0.11967 
   99   99    1    1    1    1    1    1    1    1  1.45199E+10 0.23512 
  100  100    1    1    1    1    1    1    1    1  1.32390E+10 0.22988 
];


