
DETdpaspec = [
    1    1    1    1    1    1    1    1    1    1  0.00000E+00 0.00000 
    2    2    1    1    1    1    1    1    1    1  0.00000E+00 0.00000 
    3    3    1    1    1    1    1    1    1    1  0.00000E+00 0.00000 
    4    4    1    1    1    1    1    1    1    1  7.32892E+06 1.00000 
    5    5    1    1    1    1    1    1    1    1  0.00000E+00 0.00000 
    6    6    1    1    1    1    1    1    1    1  1.42039E+07 0.69003 
    7    7    1    1    1    1    1    1    1    1  0.00000E+00 0.00000 
    8    8    1    1    1    1    1    1    1    1  0.00000E+00 0.00000 
    9    9    1    1    1    1    1    1    1    1  2.92282E+07 0.75967 
   10   10    1    1    1    1    1    1    1    1  1.04286E+08 0.55924 
   11   11    1    1    1    1    1    1    1    1  1.01753E+08 0.68841 
   12   12    1    1    1    1    1    1    1    1  4.33460E+07 0.54222 
   13   13    1    1    1    1    1    1    1    1  6.96973E+08 0.38579 
   14   14    1    1    1    1    1    1    1    1  3.90612E+09 0.33288 
   15   15    1    1    1    1    1    1    1    1  4.52744E+09 0.24377 
   16   16    1    1    1    1    1    1    1    1  2.09953E+09 0.28482 
   17   17    1    1    1    1    1    1    1    1  2.76029E+09 0.24211 
   18   18    1    1    1    1    1    1    1    1  6.73513E+09 0.17264 
   19   19    1    1    1    1    1    1    1    1  5.99967E+09 0.19703 
   20   20    1    1    1    1    1    1    1    1  2.38936E+10 0.15900 
   21   21    1    1    1    1    1    1    1    1  1.82041E+10 0.10954 
   22   22    1    1    1    1    1    1    1    1  5.14206E+10 0.07919 
   23   23    1    1    1    1    1    1    1    1  6.48864E+10 0.07500 
   24   24    1    1    1    1    1    1    1    1  1.09977E+11 0.05001 
   25   25    1    1    1    1    1    1    1    1  1.39244E+11 0.04394 
   26   26    1    1    1    1    1    1    1    1  2.12343E+11 0.05996 
   27   27    1    1    1    1    1    1    1    1  4.34658E+11 0.03935 
   28   28    1    1    1    1    1    1    1    1  7.65754E+11 0.02953 
   29   29    1    1    1    1    1    1    1    1  1.05761E+12 0.02509 
   30   30    1    1    1    1    1    1    1    1  3.23684E+12 0.01402 
   31   31    1    1    1    1    1    1    1    1  9.55164E+12 0.00870 
   32   32    1    1    1    1    1    1    1    1  1.72634E+13 0.00655 
   33   33    1    1    1    1    1    1    1    1  3.73218E+13 0.00500 
   34   34    1    1    1    1    1    1    1    1  4.87604E+13 0.00449 
   35   35    1    1    1    1    1    1    1    1  7.07600E+13 0.00289 
   36   36    1    1    1    1    1    1    1    1  5.01347E+13 0.00241 
   37   37    1    1    1    1    1    1    1    1  1.59160E+13 0.00291 
   38   38    1    1    1    1    1    1    1    1  8.46593E+13 0.00199 
   39   39    1    1    1    1    1    1    1    1  1.12332E+14 0.00213 
   40   40    1    1    1    1    1    1    1    1  1.87091E+14 0.00187 
   41   41    1    1    1    1    1    1    1    1  1.93660E+14 0.00161 
   42   42    1    1    1    1    1    1    1    1  3.90942E+14 0.00198 
   43   43    1    1    1    1    1    1    1    1  4.63328E+14 0.00202 
   44   44    1    1    1    1    1    1    1    1  6.53339E+14 0.00167 
   45   45    1    1    1    1    1    1    1    1  1.24147E+15 0.00138 
   46   46    1    1    1    1    1    1    1    1  5.93252E+14 0.00150 
   47   47    1    1    1    1    1    1    1    1  9.51296E+14 0.00151 
   48   48    1    1    1    1    1    1    1    1  1.31551E+15 0.00147 
   49   49    1    1    1    1    1    1    1    1  1.29527E+15 0.00142 
   50   50    1    1    1    1    1    1    1    1  1.96982E+15 0.00146 
   51   51    1    1    1    1    1    1    1    1  1.59753E+15 0.00135 
   52   52    1    1    1    1    1    1    1    1  1.83012E+15 0.00129 
   53   53    1    1    1    1    1    1    1    1  1.28069E+15 0.00133 
   54   54    1    1    1    1    1    1    1    1  1.52083E+15 0.00120 
   55   55    1    1    1    1    1    1    1    1  1.05658E+15 0.00128 
   56   56    1    1    1    1    1    1    1    1  1.45530E+14 0.00191 
   57   57    1    1    1    1    1    1    1    1  2.09638E+15 0.00117 
   58   58    1    1    1    1    1    1    1    1  8.97419E+14 0.00127 
   59   59    1    1    1    1    1    1    1    1  9.64074E+14 0.00122 
   60   60    1    1    1    1    1    1    1    1  7.30834E+14 0.00137 
   61   61    1    1    1    1    1    1    1    1  7.36376E+14 0.00128 
   62   62    1    1    1    1    1    1    1    1  7.59174E+14 0.00135 
   63   63    1    1    1    1    1    1    1    1  6.32413E+14 0.00146 
   64   64    1    1    1    1    1    1    1    1  5.02029E+14 0.00177 
   65   65    1    1    1    1    1    1    1    1  4.96644E+14 0.00167 
   66   66    1    1    1    1    1    1    1    1  3.60315E+14 0.00143 
   67   67    1    1    1    1    1    1    1    1  2.95887E+14 0.00146 
   68   68    1    1    1    1    1    1    1    1  2.66538E+14 0.00177 
   69   69    1    1    1    1    1    1    1    1  3.19646E+14 0.00166 
   70   70    1    1    1    1    1    1    1    1  2.73209E+14 0.00254 
   71   71    1    1    1    1    1    1    1    1  5.09732E+14 0.00223 
   72   72    1    1    1    1    1    1    1    1  3.62502E+14 0.00256 
   73   73    1    1    1    1    1    1    1    1  2.71686E+14 0.00241 
   74   74    1    1    1    1    1    1    1    1  2.13821E+14 0.00212 
   75   75    1    1    1    1    1    1    1    1  1.73502E+14 0.00179 
   76   76    1    1    1    1    1    1    1    1  1.96690E+14 0.00243 
   77   77    1    1    1    1    1    1    1    1  1.52123E+14 0.00280 
   78   78    1    1    1    1    1    1    1    1  1.19231E+14 0.00246 
   79   79    1    1    1    1    1    1    1    1  1.20752E+14 0.00251 
   80   80    1    1    1    1    1    1    1    1  8.88355E+13 0.00283 
   81   81    1    1    1    1    1    1    1    1  6.80304E+13 0.00344 
   82   82    1    1    1    1    1    1    1    1  5.20970E+13 0.00274 
   83   83    1    1    1    1    1    1    1    1  4.83937E+13 0.00318 
   84   84    1    1    1    1    1    1    1    1  3.49488E+13 0.00477 
   85   85    1    1    1    1    1    1    1    1  2.50269E+13 0.00517 
   86   86    1    1    1    1    1    1    1    1  2.35123E+13 0.00549 
   87   87    1    1    1    1    1    1    1    1  1.45659E+13 0.00830 
   88   88    1    1    1    1    1    1    1    1  9.86572E+12 0.00514 
   89   89    1    1    1    1    1    1    1    1  5.66954E+12 0.00969 
   90   90    1    1    1    1    1    1    1    1  3.74584E+12 0.00977 
   91   91    1    1    1    1    1    1    1    1  1.96203E+12 0.01495 
   92   92    1    1    1    1    1    1    1    1  9.58513E+11 0.02518 
   93   93    1    1    1    1    1    1    1    1  4.70671E+11 0.02542 
   94   94    1    1    1    1    1    1    1    1  2.03872E+11 0.03938 
   95   95    1    1    1    1    1    1    1    1  1.11096E+11 0.08159 
   96   96    1    1    1    1    1    1    1    1  5.57298E+10 0.08534 
   97   97    1    1    1    1    1    1    1    1  2.59095E+10 0.16431 
   98   98    1    1    1    1    1    1    1    1  1.13301E+10 0.20064 
   99   99    1    1    1    1    1    1    1    1  6.73315E+09 0.26598 
  100  100    1    1    1    1    1    1    1    1  6.50319E+09 0.32320 
];


