
DETdpaspec = [
    1    1    1    1    1    1    1    1    1    1  0.00000E+00 0.00000 
    2    2    1    1    1    1    1    1    1    1  0.00000E+00 0.00000 
    3    3    1    1    1    1    1    1    1    1  0.00000E+00 0.00000 
    4    4    1    1    1    1    1    1    1    1  0.00000E+00 0.00000 
    5    5    1    1    1    1    1    1    1    1  0.00000E+00 0.00000 
    6    6    1    1    1    1    1    1    1    1  0.00000E+00 0.00000 
    7    7    1    1    1    1    1    1    1    1  0.00000E+00 0.00000 
    8    8    1    1    1    1    1    1    1    1  1.54569E+07 1.00000 
    9    9    1    1    1    1    1    1    1    1  7.76664E+06 1.00000 
   10   10    1    1    1    1    1    1    1    1  6.69284E+07 1.00000 
   11   11    1    1    1    1    1    1    1    1  7.54356E+08 0.39783 
   12   12    1    1    1    1    1    1    1    1  2.78404E+07 0.89861 
   13   13    1    1    1    1    1    1    1    1  1.30548E+09 0.40481 
   14   14    1    1    1    1    1    1    1    1  2.64238E+09 0.42015 
   15   15    1    1    1    1    1    1    1    1  2.31546E+09 0.40097 
   16   16    1    1    1    1    1    1    1    1  1.11789E+09 0.25022 
   17   17    1    1    1    1    1    1    1    1  2.02807E+09 0.32134 
   18   18    1    1    1    1    1    1    1    1  6.25576E+09 0.23809 
   19   19    1    1    1    1    1    1    1    1  8.67753E+09 0.16711 
   20   20    1    1    1    1    1    1    1    1  2.07589E+10 0.16035 
   21   21    1    1    1    1    1    1    1    1  1.42999E+10 0.10426 
   22   22    1    1    1    1    1    1    1    1  4.59694E+10 0.08666 
   23   23    1    1    1    1    1    1    1    1  6.20113E+10 0.09627 
   24   24    1    1    1    1    1    1    1    1  9.88809E+10 0.06173 
   25   25    1    1    1    1    1    1    1    1  1.38903E+11 0.04274 
   26   26    1    1    1    1    1    1    1    1  2.23893E+11 0.05538 
   27   27    1    1    1    1    1    1    1    1  3.78329E+11 0.04212 
   28   28    1    1    1    1    1    1    1    1  7.25606E+11 0.02752 
   29   29    1    1    1    1    1    1    1    1  1.05761E+12 0.02197 
   30   30    1    1    1    1    1    1    1    1  3.20996E+12 0.01349 
   31   31    1    1    1    1    1    1    1    1  9.83983E+12 0.00800 
   32   32    1    1    1    1    1    1    1    1  1.79168E+13 0.00607 
   33   33    1    1    1    1    1    1    1    1  4.03080E+13 0.00446 
   34   34    1    1    1    1    1    1    1    1  5.35584E+13 0.00445 
   35   35    1    1    1    1    1    1    1    1  7.62586E+13 0.00338 
   36   36    1    1    1    1    1    1    1    1  5.39767E+13 0.00267 
   37   37    1    1    1    1    1    1    1    1  1.69776E+13 0.00305 
   38   38    1    1    1    1    1    1    1    1  9.18424E+13 0.00225 
   39   39    1    1    1    1    1    1    1    1  1.22095E+14 0.00198 
   40   40    1    1    1    1    1    1    1    1  2.06089E+14 0.00205 
   41   41    1    1    1    1    1    1    1    1  2.11800E+14 0.00162 
   42   42    1    1    1    1    1    1    1    1  4.35857E+14 0.00153 
   43   43    1    1    1    1    1    1    1    1  5.20121E+14 0.00153 
   44   44    1    1    1    1    1    1    1    1  7.39668E+14 0.00111 
   45   45    1    1    1    1    1    1    1    1  1.43321E+15 0.00122 
   46   46    1    1    1    1    1    1    1    1  6.84806E+14 0.00113 
   47   47    1    1    1    1    1    1    1    1  1.09895E+15 0.00101 
   48   48    1    1    1    1    1    1    1    1  1.53039E+15 0.00101 
   49   49    1    1    1    1    1    1    1    1  1.50830E+15 0.00098 
   50   50    1    1    1    1    1    1    1    1  2.31696E+15 0.00105 
   51   51    1    1    1    1    1    1    1    1  1.86932E+15 0.00121 
   52   52    1    1    1    1    1    1    1    1  2.17155E+15 0.00099 
   53   53    1    1    1    1    1    1    1    1  1.51764E+15 0.00094 
   54   54    1    1    1    1    1    1    1    1  1.82173E+15 0.00100 
   55   55    1    1    1    1    1    1    1    1  1.26228E+15 0.00085 
   56   56    1    1    1    1    1    1    1    1  1.73157E+14 0.00126 
   57   57    1    1    1    1    1    1    1    1  2.50767E+15 0.00117 
   58   58    1    1    1    1    1    1    1    1  1.08935E+15 0.00099 
   59   59    1    1    1    1    1    1    1    1  1.16843E+15 0.00114 
   60   60    1    1    1    1    1    1    1    1  8.94598E+14 0.00136 
   61   61    1    1    1    1    1    1    1    1  9.00345E+14 0.00100 
   62   62    1    1    1    1    1    1    1    1  9.29873E+14 0.00140 
   63   63    1    1    1    1    1    1    1    1  7.78771E+14 0.00145 
   64   64    1    1    1    1    1    1    1    1  6.18081E+14 0.00149 
   65   65    1    1    1    1    1    1    1    1  6.12208E+14 0.00128 
   66   66    1    1    1    1    1    1    1    1  4.45322E+14 0.00139 
   67   67    1    1    1    1    1    1    1    1  3.65233E+14 0.00134 
   68   68    1    1    1    1    1    1    1    1  3.28570E+14 0.00161 
   69   69    1    1    1    1    1    1    1    1  3.94617E+14 0.00148 
   70   70    1    1    1    1    1    1    1    1  3.36596E+14 0.00159 
   71   71    1    1    1    1    1    1    1    1  6.22841E+14 0.00166 
   72   72    1    1    1    1    1    1    1    1  4.42893E+14 0.00176 
   73   73    1    1    1    1    1    1    1    1  3.32810E+14 0.00127 
   74   74    1    1    1    1    1    1    1    1  2.64097E+14 0.00195 
   75   75    1    1    1    1    1    1    1    1  2.15489E+14 0.00241 
   76   76    1    1    1    1    1    1    1    1  2.46478E+14 0.00163 
   77   77    1    1    1    1    1    1    1    1  1.91551E+14 0.00177 
   78   78    1    1    1    1    1    1    1    1  1.50429E+14 0.00200 
   79   79    1    1    1    1    1    1    1    1  1.53783E+14 0.00250 
   80   80    1    1    1    1    1    1    1    1  1.13164E+14 0.00206 
   81   81    1    1    1    1    1    1    1    1  8.72332E+13 0.00238 
   82   82    1    1    1    1    1    1    1    1  6.69428E+13 0.00352 
   83   83    1    1    1    1    1    1    1    1  6.21212E+13 0.00325 
   84   84    1    1    1    1    1    1    1    1  4.47793E+13 0.00381 
   85   85    1    1    1    1    1    1    1    1  3.25589E+13 0.00433 
   86   86    1    1    1    1    1    1    1    1  3.01171E+13 0.00426 
   87   87    1    1    1    1    1    1    1    1  1.87332E+13 0.00505 
   88   88    1    1    1    1    1    1    1    1  1.26369E+13 0.00585 
   89   89    1    1    1    1    1    1    1    1  7.24848E+12 0.00765 
   90   90    1    1    1    1    1    1    1    1  4.86843E+12 0.00846 
   91   91    1    1    1    1    1    1    1    1  2.45517E+12 0.02313 
   92   92    1    1    1    1    1    1    1    1  1.22433E+12 0.01981 
   93   93    1    1    1    1    1    1    1    1  6.03809E+11 0.02506 
   94   94    1    1    1    1    1    1    1    1  2.85096E+11 0.03533 
   95   95    1    1    1    1    1    1    1    1  1.42208E+11 0.05572 
   96   96    1    1    1    1    1    1    1    1  5.69142E+10 0.09229 
   97   97    1    1    1    1    1    1    1    1  2.61572E+10 0.11936 
   98   98    1    1    1    1    1    1    1    1  1.60331E+10 0.13527 
   99   99    1    1    1    1    1    1    1    1  7.22828E+09 0.40452 
  100  100    1    1    1    1    1    1    1    1  3.15635E+09 0.42697 
];


