
DETdpaspec = [
    1    1    1    1    1    1    1    1    1    1  0.00000E+00 0.00000 
    2    2    1    1    1    1    1    1    1    1  0.00000E+00 0.00000 
    3    3    1    1    1    1    1    1    1    1  0.00000E+00 0.00000 
    4    4    1    1    1    1    1    1    1    1  0.00000E+00 0.00000 
    5    5    1    1    1    1    1    1    1    1  0.00000E+00 0.00000 
    6    6    1    1    1    1    1    1    1    1  0.00000E+00 0.00000 
    7    7    1    1    1    1    1    1    1    1  3.00553E+07 0.68940 
    8    8    1    1    1    1    1    1    1    1  2.99419E+07 0.68965 
    9    9    1    1    1    1    1    1    1    1  1.24151E+07 1.00000 
   10   10    1    1    1    1    1    1    1    1  0.00000E+00 0.00000 
   11   11    1    1    1    1    1    1    1    1  4.05050E+07 1.00000 
   12   12    1    1    1    1    1    1    1    1  3.26713E+06 1.00000 
   13   13    1    1    1    1    1    1    1    1  5.94161E+08 0.75754 
   14   14    1    1    1    1    1    1    1    1  1.83185E+09 0.34833 
   15   15    1    1    1    1    1    1    1    1  2.63191E+09 0.37024 
   16   16    1    1    1    1    1    1    1    1  5.41649E+08 0.40425 
   17   17    1    1    1    1    1    1    1    1  2.46930E+09 0.25849 
   18   18    1    1    1    1    1    1    1    1  5.09744E+09 0.20734 
   19   19    1    1    1    1    1    1    1    1  5.91382E+09 0.13693 
   20   20    1    1    1    1    1    1    1    1  2.36063E+10 0.14722 
   21   21    1    1    1    1    1    1    1    1  1.57728E+10 0.16539 
   22   22    1    1    1    1    1    1    1    1  3.83419E+10 0.09730 
   23   23    1    1    1    1    1    1    1    1  6.38422E+10 0.07887 
   24   24    1    1    1    1    1    1    1    1  1.02727E+11 0.08481 
   25   25    1    1    1    1    1    1    1    1  1.19017E+11 0.07713 
   26   26    1    1    1    1    1    1    1    1  1.95089E+11 0.05524 
   27   27    1    1    1    1    1    1    1    1  3.79546E+11 0.03814 
   28   28    1    1    1    1    1    1    1    1  7.64141E+11 0.02091 
   29   29    1    1    1    1    1    1    1    1  1.19059E+12 0.01797 
   30   30    1    1    1    1    1    1    1    1  3.52304E+12 0.01268 
   31   31    1    1    1    1    1    1    1    1  1.07443E+13 0.00969 
   32   32    1    1    1    1    1    1    1    1  1.98278E+13 0.00573 
   33   33    1    1    1    1    1    1    1    1  4.59152E+13 0.00492 
   34   34    1    1    1    1    1    1    1    1  6.23845E+13 0.00331 
   35   35    1    1    1    1    1    1    1    1  8.58025E+13 0.00253 
   36   36    1    1    1    1    1    1    1    1  5.98592E+13 0.00265 
   37   37    1    1    1    1    1    1    1    1  1.85998E+13 0.00257 
   38   38    1    1    1    1    1    1    1    1  1.01996E+14 0.00221 
   39   39    1    1    1    1    1    1    1    1  1.36496E+14 0.00185 
   40   40    1    1    1    1    1    1    1    1  2.32993E+14 0.00181 
   41   41    1    1    1    1    1    1    1    1  2.37007E+14 0.00124 
   42   42    1    1    1    1    1    1    1    1  4.95686E+14 0.00130 
   43   43    1    1    1    1    1    1    1    1  5.95846E+14 0.00117 
   44   44    1    1    1    1    1    1    1    1  8.54714E+14 0.00100 
   45   45    1    1    1    1    1    1    1    1  1.67997E+15 0.00075 
   46   46    1    1    1    1    1    1    1    1  8.01234E+14 0.00101 
   47   47    1    1    1    1    1    1    1    1  1.28433E+15 0.00115 
   48   48    1    1    1    1    1    1    1    1  1.79728E+15 0.00100 
   49   49    1    1    1    1    1    1    1    1  1.77069E+15 0.00078 
   50   50    1    1    1    1    1    1    1    1  2.74791E+15 0.00096 
   51   51    1    1    1    1    1    1    1    1  2.21019E+15 0.00087 
   52   52    1    1    1    1    1    1    1    1  2.60085E+15 0.00102 
   53   53    1    1    1    1    1    1    1    1  1.81920E+15 0.00114 
   54   54    1    1    1    1    1    1    1    1  2.21098E+15 0.00103 
   55   55    1    1    1    1    1    1    1    1  1.52967E+15 0.00118 
   56   56    1    1    1    1    1    1    1    1  2.08999E+14 0.00131 
   57   57    1    1    1    1    1    1    1    1  3.04227E+15 0.00121 
   58   58    1    1    1    1    1    1    1    1  1.34275E+15 0.00106 
   59   59    1    1    1    1    1    1    1    1  1.43594E+15 0.00092 
   60   60    1    1    1    1    1    1    1    1  1.11155E+15 0.00116 
   61   61    1    1    1    1    1    1    1    1  1.11565E+15 0.00123 
   62   62    1    1    1    1    1    1    1    1  1.15795E+15 0.00112 
   63   63    1    1    1    1    1    1    1    1  9.71730E+14 0.00108 
   64   64    1    1    1    1    1    1    1    1  7.73690E+14 0.00133 
   65   65    1    1    1    1    1    1    1    1  7.67095E+14 0.00121 
   66   66    1    1    1    1    1    1    1    1  5.58395E+14 0.00155 
   67   67    1    1    1    1    1    1    1    1  4.56300E+14 0.00177 
   68   68    1    1    1    1    1    1    1    1  4.10423E+14 0.00151 
   69   69    1    1    1    1    1    1    1    1  4.92944E+14 0.00146 
   70   70    1    1    1    1    1    1    1    1  4.20179E+14 0.00174 
   71   71    1    1    1    1    1    1    1    1  7.72998E+14 0.00119 
   72   72    1    1    1    1    1    1    1    1  5.49329E+14 0.00149 
   73   73    1    1    1    1    1    1    1    1  4.13767E+14 0.00146 
   74   74    1    1    1    1    1    1    1    1  3.30577E+14 0.00143 
   75   75    1    1    1    1    1    1    1    1  2.72498E+14 0.00185 
   76   76    1    1    1    1    1    1    1    1  3.13777E+14 0.00209 
   77   77    1    1    1    1    1    1    1    1  2.46205E+14 0.00169 
   78   78    1    1    1    1    1    1    1    1  1.94822E+14 0.00204 
   79   79    1    1    1    1    1    1    1    1  2.00206E+14 0.00166 
   80   80    1    1    1    1    1    1    1    1  1.47540E+14 0.00265 
   81   81    1    1    1    1    1    1    1    1  1.13809E+14 0.00271 
   82   82    1    1    1    1    1    1    1    1  8.70811E+13 0.00205 
   83   83    1    1    1    1    1    1    1    1  8.16611E+13 0.00298 
   84   84    1    1    1    1    1    1    1    1  5.86941E+13 0.00268 
   85   85    1    1    1    1    1    1    1    1  4.23602E+13 0.00431 
   86   86    1    1    1    1    1    1    1    1  3.98568E+13 0.00405 
   87   87    1    1    1    1    1    1    1    1  2.45441E+13 0.00427 
   88   88    1    1    1    1    1    1    1    1  1.66154E+13 0.00581 
   89   89    1    1    1    1    1    1    1    1  9.31574E+12 0.00907 
   90   90    1    1    1    1    1    1    1    1  6.39949E+12 0.01067 
   91   91    1    1    1    1    1    1    1    1  3.16971E+12 0.01217 
   92   92    1    1    1    1    1    1    1    1  1.50162E+12 0.02030 
   93   93    1    1    1    1    1    1    1    1  7.60966E+11 0.02852 
   94   94    1    1    1    1    1    1    1    1  3.63295E+11 0.04366 
   95   95    1    1    1    1    1    1    1    1  1.69950E+11 0.06710 
   96   96    1    1    1    1    1    1    1    1  8.38269E+10 0.08118 
   97   97    1    1    1    1    1    1    1    1  3.76727E+10 0.10570 
   98   98    1    1    1    1    1    1    1    1  1.98092E+10 0.13226 
   99   99    1    1    1    1    1    1    1    1  7.80815E+09 0.24797 
  100  100    1    1    1    1    1    1    1    1  6.83170E+09 0.17623 
];


