
DETdpaspec = [
    1    1    1    1    1    1    1    1    1    1  0.00000E+00 0.00000 
    2    2    1    1    1    1    1    1    1    1  0.00000E+00 0.00000 
    3    3    1    1    1    1    1    1    1    1  0.00000E+00 0.00000 
    4    4    1    1    1    1    1    1    1    1  7.93016E+06 1.00000 
    5    5    1    1    1    1    1    1    1    1  0.00000E+00 0.00000 
    6    6    1    1    1    1    1    1    1    1  7.36870E+06 1.00000 
    7    7    1    1    1    1    1    1    1    1  0.00000E+00 0.00000 
    8    8    1    1    1    1    1    1    1    1  3.97424E+07 0.55715 
    9    9    1    1    1    1    1    1    1    1  2.36002E+07 0.54880 
   10   10    1    1    1    1    1    1    1    1  1.94851E+08 0.64586 
   11   11    1    1    1    1    1    1    1    1  3.87103E+07 1.00000 
   12   12    1    1    1    1    1    1    1    1  7.86700E+07 0.85002 
   13   13    1    1    1    1    1    1    1    1  2.04550E+09 0.45142 
   14   14    1    1    1    1    1    1    1    1  1.94513E+09 0.46689 
   15   15    1    1    1    1    1    1    1    1  5.62458E+09 0.30213 
   16   16    1    1    1    1    1    1    1    1  1.61806E+09 0.37822 
   17   17    1    1    1    1    1    1    1    1  2.88293E+09 0.23244 
   18   18    1    1    1    1    1    1    1    1  8.17111E+09 0.22237 
   19   19    1    1    1    1    1    1    1    1  9.02300E+09 0.19724 
   20   20    1    1    1    1    1    1    1    1  2.53925E+10 0.13879 
   21   21    1    1    1    1    1    1    1    1  1.36896E+10 0.14419 
   22   22    1    1    1    1    1    1    1    1  4.83664E+10 0.08419 
   23   23    1    1    1    1    1    1    1    1  7.01345E+10 0.05752 
   24   24    1    1    1    1    1    1    1    1  1.05730E+11 0.05219 
   25   25    1    1    1    1    1    1    1    1  1.41732E+11 0.04497 
   26   26    1    1    1    1    1    1    1    1  2.11199E+11 0.04772 
   27   27    1    1    1    1    1    1    1    1  3.89664E+11 0.03761 
   28   28    1    1    1    1    1    1    1    1  6.92158E+11 0.02726 
   29   29    1    1    1    1    1    1    1    1  1.00422E+12 0.02043 
   30   30    1    1    1    1    1    1    1    1  3.05672E+12 0.00796 
   31   31    1    1    1    1    1    1    1    1  9.40598E+12 0.00878 
   32   32    1    1    1    1    1    1    1    1  1.73969E+13 0.00667 
   33   33    1    1    1    1    1    1    1    1  3.86423E+13 0.00384 
   34   34    1    1    1    1    1    1    1    1  5.10278E+13 0.00375 
   35   35    1    1    1    1    1    1    1    1  7.29898E+13 0.00232 
   36   36    1    1    1    1    1    1    1    1  5.17127E+13 0.00179 
   37   37    1    1    1    1    1    1    1    1  1.64088E+13 0.00243 
   38   38    1    1    1    1    1    1    1    1  8.78466E+13 0.00217 
   39   39    1    1    1    1    1    1    1    1  1.17266E+14 0.00173 
   40   40    1    1    1    1    1    1    1    1  1.96384E+14 0.00178 
   41   41    1    1    1    1    1    1    1    1  2.02601E+14 0.00145 
   42   42    1    1    1    1    1    1    1    1  4.13782E+14 0.00172 
   43   43    1    1    1    1    1    1    1    1  4.92299E+14 0.00113 
   44   44    1    1    1    1    1    1    1    1  6.96987E+14 0.00113 
   45   45    1    1    1    1    1    1    1    1  1.33915E+15 0.00109 
   46   46    1    1    1    1    1    1    1    1  6.39772E+14 0.00081 
   47   47    1    1    1    1    1    1    1    1  1.02721E+15 0.00113 
   48   48    1    1    1    1    1    1    1    1  1.42800E+15 0.00103 
   49   49    1    1    1    1    1    1    1    1  1.40517E+15 0.00093 
   50   50    1    1    1    1    1    1    1    1  2.14953E+15 0.00105 
   51   51    1    1    1    1    1    1    1    1  1.73725E+15 0.00120 
   52   52    1    1    1    1    1    1    1    1  2.00838E+15 0.00144 
   53   53    1    1    1    1    1    1    1    1  1.40512E+15 0.00131 
   54   54    1    1    1    1    1    1    1    1  1.67759E+15 0.00134 
   55   55    1    1    1    1    1    1    1    1  1.16438E+15 0.00148 
   56   56    1    1    1    1    1    1    1    1  1.59679E+14 0.00184 
   57   57    1    1    1    1    1    1    1    1  2.31201E+15 0.00143 
   58   58    1    1    1    1    1    1    1    1  9.96077E+14 0.00160 
   59   59    1    1    1    1    1    1    1    1  1.07026E+15 0.00158 
   60   60    1    1    1    1    1    1    1    1  8.16628E+14 0.00142 
   61   61    1    1    1    1    1    1    1    1  8.21991E+14 0.00147 
   62   62    1    1    1    1    1    1    1    1  8.47453E+14 0.00147 
   63   63    1    1    1    1    1    1    1    1  7.06627E+14 0.00172 
   64   64    1    1    1    1    1    1    1    1  5.61130E+14 0.00194 
   65   65    1    1    1    1    1    1    1    1  5.54959E+14 0.00189 
   66   66    1    1    1    1    1    1    1    1  4.02928E+14 0.00161 
   67   67    1    1    1    1    1    1    1    1  3.31525E+14 0.00149 
   68   68    1    1    1    1    1    1    1    1  2.98682E+14 0.00184 
   69   69    1    1    1    1    1    1    1    1  3.58379E+14 0.00201 
   70   70    1    1    1    1    1    1    1    1  3.05409E+14 0.00196 
   71   71    1    1    1    1    1    1    1    1  5.66758E+14 0.00202 
   72   72    1    1    1    1    1    1    1    1  4.04048E+14 0.00242 
   73   73    1    1    1    1    1    1    1    1  3.03135E+14 0.00204 
   74   74    1    1    1    1    1    1    1    1  2.39112E+14 0.00225 
   75   75    1    1    1    1    1    1    1    1  1.95512E+14 0.00250 
   76   76    1    1    1    1    1    1    1    1  2.22545E+14 0.00220 
   77   77    1    1    1    1    1    1    1    1  1.71975E+14 0.00301 
   78   78    1    1    1    1    1    1    1    1  1.35265E+14 0.00221 
   79   79    1    1    1    1    1    1    1    1  1.37390E+14 0.00275 
   80   80    1    1    1    1    1    1    1    1  1.01827E+14 0.00282 
   81   81    1    1    1    1    1    1    1    1  7.79858E+13 0.00264 
   82   82    1    1    1    1    1    1    1    1  5.97858E+13 0.00361 
   83   83    1    1    1    1    1    1    1    1  5.59327E+13 0.00295 
   84   84    1    1    1    1    1    1    1    1  4.01507E+13 0.00401 
   85   85    1    1    1    1    1    1    1    1  2.89793E+13 0.00335 
   86   86    1    1    1    1    1    1    1    1  2.67584E+13 0.00332 
   87   87    1    1    1    1    1    1    1    1  1.67709E+13 0.00510 
   88   88    1    1    1    1    1    1    1    1  1.12937E+13 0.00753 
   89   89    1    1    1    1    1    1    1    1  6.38049E+12 0.00800 
   90   90    1    1    1    1    1    1    1    1  4.31912E+12 0.00967 
   91   91    1    1    1    1    1    1    1    1  2.20720E+12 0.01544 
   92   92    1    1    1    1    1    1    1    1  1.09347E+12 0.02247 
   93   93    1    1    1    1    1    1    1    1  5.50221E+11 0.03546 
   94   94    1    1    1    1    1    1    1    1  2.55457E+11 0.05589 
   95   95    1    1    1    1    1    1    1    1  1.12710E+11 0.07102 
   96   96    1    1    1    1    1    1    1    1  4.92988E+10 0.09309 
   97   97    1    1    1    1    1    1    1    1  2.53182E+10 0.14670 
   98   98    1    1    1    1    1    1    1    1  1.22876E+10 0.18455 
   99   99    1    1    1    1    1    1    1    1  1.01582E+10 0.26871 
  100  100    1    1    1    1    1    1    1    1  4.47665E+09 0.43249 
];


