
DETdpaspec = [
    1    1    1    1    1    1    1    1    1    1  0.00000E+00 0.00000 
    2    2    1    1    1    1    1    1    1    1  0.00000E+00 0.00000 
    3    3    1    1    1    1    1    1    1    1  0.00000E+00 0.00000 
    4    4    1    1    1    1    1    1    1    1  0.00000E+00 0.00000 
    5    5    1    1    1    1    1    1    1    1  0.00000E+00 0.00000 
    6    6    1    1    1    1    1    1    1    1  0.00000E+00 0.00000 
    7    7    1    1    1    1    1    1    1    1  0.00000E+00 0.00000 
    8    8    1    1    1    1    1    1    1    1  0.00000E+00 0.00000 
    9    9    1    1    1    1    1    1    1    1  0.00000E+00 0.00000 
   10   10    1    1    1    1    1    1    1    1  0.00000E+00 0.00000 
   11   11    1    1    1    1    1    1    1    1  0.00000E+00 0.00000 
   12   12    1    1    1    1    1    1    1    1  6.25686E+06 1.00000 
   13   13    1    1    1    1    1    1    1    1  8.17592E+08 1.00000 
   14   14    1    1    1    1    1    1    1    1  3.28277E+09 0.50036 
   15   15    1    1    1    1    1    1    1    1  4.88950E+09 0.33879 
   16   16    1    1    1    1    1    1    1    1  9.71284E+08 0.49792 
   17   17    1    1    1    1    1    1    1    1  1.16945E+09 0.39470 
   18   18    1    1    1    1    1    1    1    1  2.47837E+09 0.26701 
   19   19    1    1    1    1    1    1    1    1  5.62584E+09 0.25594 
   20   20    1    1    1    1    1    1    1    1  2.55599E+10 0.16578 
   21   21    1    1    1    1    1    1    1    1  1.80936E+10 0.12821 
   22   22    1    1    1    1    1    1    1    1  3.83790E+10 0.11606 
   23   23    1    1    1    1    1    1    1    1  5.84610E+10 0.08064 
   24   24    1    1    1    1    1    1    1    1  9.79397E+10 0.06356 
   25   25    1    1    1    1    1    1    1    1  1.46122E+11 0.05439 
   26   26    1    1    1    1    1    1    1    1  2.70430E+11 0.05478 
   27   27    1    1    1    1    1    1    1    1  5.99689E+11 0.02766 
   28   28    1    1    1    1    1    1    1    1  1.50796E+12 0.02011 
   29   29    1    1    1    1    1    1    1    1  2.76421E+12 0.01697 
   30   30    1    1    1    1    1    1    1    1  6.88886E+12 0.00782 
   31   31    1    1    1    1    1    1    1    1  1.92839E+13 0.00595 
   32   32    1    1    1    1    1    1    1    1  3.32333E+13 0.00442 
   33   33    1    1    1    1    1    1    1    1  7.53830E+13 0.00253 
   34   34    1    1    1    1    1    1    1    1  1.03498E+14 0.00181 
   35   35    1    1    1    1    1    1    1    1  1.24154E+14 0.00176 
   36   36    1    1    1    1    1    1    1    1  8.12007E+13 0.00168 
   37   37    1    1    1    1    1    1    1    1  2.43948E+13 0.00199 
   38   38    1    1    1    1    1    1    1    1  1.37258E+14 0.00191 
   39   39    1    1    1    1    1    1    1    1  1.83650E+14 0.00181 
   40   40    1    1    1    1    1    1    1    1  3.16286E+14 0.00159 
   41   41    1    1    1    1    1    1    1    1  3.11631E+14 0.00134 
   42   42    1    1    1    1    1    1    1    1  6.63786E+14 0.00106 
   43   43    1    1    1    1    1    1    1    1  7.96985E+14 0.00116 
   44   44    1    1    1    1    1    1    1    1  1.13685E+15 0.00108 
   45   45    1    1    1    1    1    1    1    1  2.26032E+15 0.00092 
   46   46    1    1    1    1    1    1    1    1  1.05580E+15 0.00087 
   47   47    1    1    1    1    1    1    1    1  1.67541E+15 0.00070 
   48   48    1    1    1    1    1    1    1    1  2.34032E+15 0.00059 
   49   49    1    1    1    1    1    1    1    1  2.28240E+15 0.00063 
   50   50    1    1    1    1    1    1    1    1  3.59448E+15 0.00050 
   51   51    1    1    1    1    1    1    1    1  2.82893E+15 0.00072 
   52   52    1    1    1    1    1    1    1    1  3.39432E+15 0.00060 
   53   53    1    1    1    1    1    1    1    1  2.35430E+15 0.00073 
   54   54    1    1    1    1    1    1    1    1  2.92147E+15 0.00059 
   55   55    1    1    1    1    1    1    1    1  2.01170E+15 0.00039 
   56   56    1    1    1    1    1    1    1    1  2.73026E+14 0.00092 
   57   57    1    1    1    1    1    1    1    1  3.98632E+15 0.00050 
   58   58    1    1    1    1    1    1    1    1  1.80578E+15 0.00079 
   59   59    1    1    1    1    1    1    1    1  1.91714E+15 0.00070 
   60   60    1    1    1    1    1    1    1    1  1.51198E+15 0.00085 
   61   61    1    1    1    1    1    1    1    1  1.51092E+15 0.00074 
   62   62    1    1    1    1    1    1    1    1  1.57261E+15 0.00084 
   63   63    1    1    1    1    1    1    1    1  1.32620E+15 0.00078 
   64   64    1    1    1    1    1    1    1    1  1.05599E+15 0.00070 
   65   65    1    1    1    1    1    1    1    1  1.04875E+15 0.00075 
   66   66    1    1    1    1    1    1    1    1  7.62830E+14 0.00095 
   67   67    1    1    1    1    1    1    1    1  6.19675E+14 0.00116 
   68   68    1    1    1    1    1    1    1    1  5.54183E+14 0.00113 
   69   69    1    1    1    1    1    1    1    1  6.65686E+14 0.00102 
   70   70    1    1    1    1    1    1    1    1  5.66274E+14 0.00098 
   71   71    1    1    1    1    1    1    1    1  1.02262E+15 0.00069 
   72   72    1    1    1    1    1    1    1    1  7.22167E+14 0.00113 
   73   73    1    1    1    1    1    1    1    1  5.46604E+14 0.00080 
   74   74    1    1    1    1    1    1    1    1  4.43449E+14 0.00115 
   75   75    1    1    1    1    1    1    1    1  3.70417E+14 0.00109 
   76   76    1    1    1    1    1    1    1    1  4.32844E+14 0.00144 
   77   77    1    1    1    1    1    1    1    1  3.44146E+14 0.00163 
   78   78    1    1    1    1    1    1    1    1  2.75725E+14 0.00090 
   79   79    1    1    1    1    1    1    1    1  2.85718E+14 0.00126 
   80   80    1    1    1    1    1    1    1    1  2.13028E+14 0.00166 
   81   81    1    1    1    1    1    1    1    1  1.64010E+14 0.00240 
   82   82    1    1    1    1    1    1    1    1  1.26041E+14 0.00179 
   83   83    1    1    1    1    1    1    1    1  1.17974E+14 0.00155 
   84   84    1    1    1    1    1    1    1    1  8.46682E+13 0.00233 
   85   85    1    1    1    1    1    1    1    1  6.12806E+13 0.00317 
   86   86    1    1    1    1    1    1    1    1  5.76920E+13 0.00318 
   87   87    1    1    1    1    1    1    1    1  3.51149E+13 0.00351 
   88   88    1    1    1    1    1    1    1    1  2.37233E+13 0.00409 
   89   89    1    1    1    1    1    1    1    1  1.35513E+13 0.00681 
   90   90    1    1    1    1    1    1    1    1  8.92292E+12 0.00713 
   91   91    1    1    1    1    1    1    1    1  4.50047E+12 0.01072 
   92   92    1    1    1    1    1    1    1    1  2.12838E+12 0.01329 
   93   93    1    1    1    1    1    1    1    1  1.03801E+12 0.02028 
   94   94    1    1    1    1    1    1    1    1  5.03516E+11 0.02982 
   95   95    1    1    1    1    1    1    1    1  2.29513E+11 0.06007 
   96   96    1    1    1    1    1    1    1    1  1.10156E+11 0.06705 
   97   97    1    1    1    1    1    1    1    1  5.27810E+10 0.07408 
   98   98    1    1    1    1    1    1    1    1  2.13934E+10 0.13784 
   99   99    1    1    1    1    1    1    1    1  1.03332E+10 0.19887 
  100  100    1    1    1    1    1    1    1    1  1.09691E+10 0.22385 
];


