
DETdpaspec = [
    1    1    1    1    1    1    1    1    1    1  0.00000E+00 0.00000 
    2    2    1    1    1    1    1    1    1    1  0.00000E+00 0.00000 
    3    3    1    1    1    1    1    1    1    1  0.00000E+00 0.00000 
    4    4    1    1    1    1    1    1    1    1  0.00000E+00 0.00000 
    5    5    1    1    1    1    1    1    1    1  0.00000E+00 0.00000 
    6    6    1    1    1    1    1    1    1    1  0.00000E+00 0.00000 
    7    7    1    1    1    1    1    1    1    1  0.00000E+00 0.00000 
    8    8    1    1    1    1    1    1    1    1  2.74809E+07 0.69111 
    9    9    1    1    1    1    1    1    1    1  0.00000E+00 0.00000 
   10   10    1    1    1    1    1    1    1    1  4.40848E+07 1.00000 
   11   11    1    1    1    1    1    1    1    1  5.52680E+08 0.56261 
   12   12    1    1    1    1    1    1    1    1  5.07684E+07 1.00000 
   13   13    1    1    1    1    1    1    1    1  4.15525E+08 0.75995 
   14   14    1    1    1    1    1    1    1    1  2.42879E+09 0.28130 
   15   15    1    1    1    1    1    1    1    1  2.92350E+09 0.31607 
   16   16    1    1    1    1    1    1    1    1  7.07498E+08 0.39141 
   17   17    1    1    1    1    1    1    1    1  3.23540E+09 0.25225 
   18   18    1    1    1    1    1    1    1    1  1.06245E+10 0.20407 
   19   19    1    1    1    1    1    1    1    1  6.32156E+09 0.21227 
   20   20    1    1    1    1    1    1    1    1  2.53550E+10 0.11281 
   21   21    1    1    1    1    1    1    1    1  1.98691E+10 0.13019 
   22   22    1    1    1    1    1    1    1    1  5.56528E+10 0.06892 
   23   23    1    1    1    1    1    1    1    1  7.26183E+10 0.06516 
   24   24    1    1    1    1    1    1    1    1  1.04392E+11 0.05600 
   25   25    1    1    1    1    1    1    1    1  1.35797E+11 0.05362 
   26   26    1    1    1    1    1    1    1    1  2.03710E+11 0.03948 
   27   27    1    1    1    1    1    1    1    1  4.11680E+11 0.03226 
   28   28    1    1    1    1    1    1    1    1  7.26363E+11 0.02369 
   29   29    1    1    1    1    1    1    1    1  1.01470E+12 0.02168 
   30   30    1    1    1    1    1    1    1    1  3.14379E+12 0.01358 
   31   31    1    1    1    1    1    1    1    1  9.48058E+12 0.00659 
   32   32    1    1    1    1    1    1    1    1  1.73361E+13 0.00571 
   33   33    1    1    1    1    1    1    1    1  3.80702E+13 0.00385 
   34   34    1    1    1    1    1    1    1    1  5.00794E+13 0.00247 
   35   35    1    1    1    1    1    1    1    1  7.23205E+13 0.00211 
   36   36    1    1    1    1    1    1    1    1  5.12760E+13 0.00179 
   37   37    1    1    1    1    1    1    1    1  1.62797E+13 0.00177 
   38   38    1    1    1    1    1    1    1    1  8.71775E+13 0.00126 
   39   39    1    1    1    1    1    1    1    1  1.15387E+14 0.00192 
   40   40    1    1    1    1    1    1    1    1  1.93421E+14 0.00164 
   41   41    1    1    1    1    1    1    1    1  1.99709E+14 0.00143 
   42   42    1    1    1    1    1    1    1    1  4.07170E+14 0.00127 
   43   43    1    1    1    1    1    1    1    1  4.83177E+14 0.00173 
   44   44    1    1    1    1    1    1    1    1  6.82182E+14 0.00154 
   45   45    1    1    1    1    1    1    1    1  1.30955E+15 0.00113 
   46   46    1    1    1    1    1    1    1    1  6.25342E+14 0.00120 
   47   47    1    1    1    1    1    1    1    1  1.00385E+15 0.00096 
   48   48    1    1    1    1    1    1    1    1  1.39394E+15 0.00082 
   49   49    1    1    1    1    1    1    1    1  1.37141E+15 0.00107 
   50   50    1    1    1    1    1    1    1    1  2.09380E+15 0.00112 
   51   51    1    1    1    1    1    1    1    1  1.69295E+15 0.00094 
   52   52    1    1    1    1    1    1    1    1  1.95068E+15 0.00095 
   53   53    1    1    1    1    1    1    1    1  1.36551E+15 0.00102 
   54   54    1    1    1    1    1    1    1    1  1.62790E+15 0.00092 
   55   55    1    1    1    1    1    1    1    1  1.12956E+15 0.00118 
   56   56    1    1    1    1    1    1    1    1  1.55021E+14 0.00178 
   57   57    1    1    1    1    1    1    1    1  2.23997E+15 0.00095 
   58   58    1    1    1    1    1    1    1    1  9.64038E+14 0.00129 
   59   59    1    1    1    1    1    1    1    1  1.03502E+15 0.00132 
   60   60    1    1    1    1    1    1    1    1  7.87539E+14 0.00096 
   61   61    1    1    1    1    1    1    1    1  7.93235E+14 0.00120 
   62   62    1    1    1    1    1    1    1    1  8.18783E+14 0.00138 
   63   63    1    1    1    1    1    1    1    1  6.83312E+14 0.00143 
   64   64    1    1    1    1    1    1    1    1  5.41558E+14 0.00165 
   65   65    1    1    1    1    1    1    1    1  5.37062E+14 0.00146 
   66   66    1    1    1    1    1    1    1    1  3.90138E+14 0.00173 
   67   67    1    1    1    1    1    1    1    1  3.19638E+14 0.00184 
   68   68    1    1    1    1    1    1    1    1  2.87938E+14 0.00158 
   69   69    1    1    1    1    1    1    1    1  3.45905E+14 0.00160 
   70   70    1    1    1    1    1    1    1    1  2.95583E+14 0.00200 
   71   71    1    1    1    1    1    1    1    1  5.48944E+14 0.00133 
   72   72    1    1    1    1    1    1    1    1  3.90940E+14 0.00137 
   73   73    1    1    1    1    1    1    1    1  2.93186E+14 0.00182 
   74   74    1    1    1    1    1    1    1    1  2.31474E+14 0.00204 
   75   75    1    1    1    1    1    1    1    1  1.88242E+14 0.00229 
   76   76    1    1    1    1    1    1    1    1  2.13661E+14 0.00199 
   77   77    1    1    1    1    1    1    1    1  1.65148E+14 0.00226 
   78   78    1    1    1    1    1    1    1    1  1.29633E+14 0.00186 
   79   79    1    1    1    1    1    1    1    1  1.32424E+14 0.00259 
   80   80    1    1    1    1    1    1    1    1  9.74575E+13 0.00311 
   81   81    1    1    1    1    1    1    1    1  7.43620E+13 0.00350 
   82   82    1    1    1    1    1    1    1    1  5.73569E+13 0.00296 
   83   83    1    1    1    1    1    1    1    1  5.32815E+13 0.00315 
   84   84    1    1    1    1    1    1    1    1  3.84169E+13 0.00387 
   85   85    1    1    1    1    1    1    1    1  2.76773E+13 0.00360 
   86   86    1    1    1    1    1    1    1    1  2.58513E+13 0.00393 
   87   87    1    1    1    1    1    1    1    1  1.58416E+13 0.00689 
   88   88    1    1    1    1    1    1    1    1  1.08008E+13 0.00555 
   89   89    1    1    1    1    1    1    1    1  6.18736E+12 0.01059 
   90   90    1    1    1    1    1    1    1    1  4.15230E+12 0.01268 
   91   91    1    1    1    1    1    1    1    1  2.10062E+12 0.01560 
   92   92    1    1    1    1    1    1    1    1  9.98880E+11 0.02458 
   93   93    1    1    1    1    1    1    1    1  4.98030E+11 0.04155 
   94   94    1    1    1    1    1    1    1    1  2.42389E+11 0.04140 
   95   95    1    1    1    1    1    1    1    1  1.08402E+11 0.07514 
   96   96    1    1    1    1    1    1    1    1  5.22773E+10 0.11376 
   97   97    1    1    1    1    1    1    1    1  2.39469E+10 0.19578 
   98   98    1    1    1    1    1    1    1    1  1.13132E+10 0.21716 
   99   99    1    1    1    1    1    1    1    1  5.96925E+09 0.27580 
  100  100    1    1    1    1    1    1    1    1  7.32522E+09 0.23103 
];


