
DETdpaspec = [
    1    1    1    1    1    1    1    1    1    1  0.00000E+00 0.00000 
    2    2    1    1    1    1    1    1    1    1  0.00000E+00 0.00000 
    3    3    1    1    1    1    1    1    1    1  0.00000E+00 0.00000 
    4    4    1    1    1    1    1    1    1    1  0.00000E+00 0.00000 
    5    5    1    1    1    1    1    1    1    1  1.10741E+07 1.00000 
    6    6    1    1    1    1    1    1    1    1  0.00000E+00 0.00000 
    7    7    1    1    1    1    1    1    1    1  0.00000E+00 0.00000 
    8    8    1    1    1    1    1    1    1    1  2.66030E+07 0.69187 
    9    9    1    1    1    1    1    1    1    1  6.03070E+06 1.00000 
   10   10    1    1    1    1    1    1    1    1  3.80864E+07 1.00000 
   11   11    1    1    1    1    1    1    1    1  2.67108E+08 0.69152 
   12   12    1    1    1    1    1    1    1    1  2.23542E+08 0.59761 
   13   13    1    1    1    1    1    1    1    1  8.73781E+08 0.57285 
   14   14    1    1    1    1    1    1    1    1  1.83897E+09 0.39305 
   15   15    1    1    1    1    1    1    1    1  1.45446E+09 0.45072 
   16   16    1    1    1    1    1    1    1    1  2.05232E+09 0.31206 
   17   17    1    1    1    1    1    1    1    1  2.98762E+09 0.29788 
   18   18    1    1    1    1    1    1    1    1  5.99570E+09 0.23853 
   19   19    1    1    1    1    1    1    1    1  8.32471E+09 0.19430 
   20   20    1    1    1    1    1    1    1    1  1.95670E+10 0.16338 
   21   21    1    1    1    1    1    1    1    1  1.46197E+10 0.13701 
   22   22    1    1    1    1    1    1    1    1  4.14389E+10 0.09386 
   23   23    1    1    1    1    1    1    1    1  5.70822E+10 0.06549 
   24   24    1    1    1    1    1    1    1    1  9.94763E+10 0.05341 
   25   25    1    1    1    1    1    1    1    1  1.16838E+11 0.03810 
   26   26    1    1    1    1    1    1    1    1  2.14314E+11 0.04593 
   27   27    1    1    1    1    1    1    1    1  4.22125E+11 0.03250 
   28   28    1    1    1    1    1    1    1    1  9.87303E+11 0.02031 
   29   29    1    1    1    1    1    1    1    1  1.66526E+12 0.01334 
   30   30    1    1    1    1    1    1    1    1  4.55567E+12 0.01481 
   31   31    1    1    1    1    1    1    1    1  1.37759E+13 0.00589 
   32   32    1    1    1    1    1    1    1    1  2.49136E+13 0.00556 
   33   33    1    1    1    1    1    1    1    1  5.77140E+13 0.00410 
   34   34    1    1    1    1    1    1    1    1  7.97617E+13 0.00307 
   35   35    1    1    1    1    1    1    1    1  1.02524E+14 0.00226 
   36   36    1    1    1    1    1    1    1    1  6.93639E+13 0.00261 
   37   37    1    1    1    1    1    1    1    1  2.12362E+13 0.00194 
   38   38    1    1    1    1    1    1    1    1  1.18203E+14 0.00190 
   39   39    1    1    1    1    1    1    1    1  1.58824E+14 0.00198 
   40   40    1    1    1    1    1    1    1    1  2.74156E+14 0.00155 
   41   41    1    1    1    1    1    1    1    1  2.74330E+14 0.00131 
   42   42    1    1    1    1    1    1    1    1  5.82392E+14 0.00110 
   43   43    1    1    1    1    1    1    1    1  7.00440E+14 0.00069 
   44   44    1    1    1    1    1    1    1    1  1.00533E+15 0.00090 
   45   45    1    1    1    1    1    1    1    1  2.00083E+15 0.00079 
   46   46    1    1    1    1    1    1    1    1  9.45643E+14 0.00076 
   47   47    1    1    1    1    1    1    1    1  1.51032E+15 0.00104 
   48   48    1    1    1    1    1    1    1    1  2.11662E+15 0.00077 
   49   49    1    1    1    1    1    1    1    1  2.07840E+15 0.00068 
   50   50    1    1    1    1    1    1    1    1  3.26465E+15 0.00068 
   51   51    1    1    1    1    1    1    1    1  2.59621E+15 0.00065 
   52   52    1    1    1    1    1    1    1    1  3.09915E+15 0.00063 
   53   53    1    1    1    1    1    1    1    1  2.16030E+15 0.00067 
   54   54    1    1    1    1    1    1    1    1  2.66248E+15 0.00067 
   55   55    1    1    1    1    1    1    1    1  1.83818E+15 0.00047 
   56   56    1    1    1    1    1    1    1    1  2.50549E+14 0.00103 
   57   57    1    1    1    1    1    1    1    1  3.65616E+15 0.00058 
   58   58    1    1    1    1    1    1    1    1  1.63980E+15 0.00066 
   59   59    1    1    1    1    1    1    1    1  1.74920E+15 0.00060 
   60   60    1    1    1    1    1    1    1    1  1.36965E+15 0.00083 
   61   61    1    1    1    1    1    1    1    1  1.37153E+15 0.00086 
   62   62    1    1    1    1    1    1    1    1  1.42704E+15 0.00066 
   63   63    1    1    1    1    1    1    1    1  1.20171E+15 0.00099 
   64   64    1    1    1    1    1    1    1    1  9.57257E+14 0.00122 
   65   65    1    1    1    1    1    1    1    1  9.51491E+14 0.00090 
   66   66    1    1    1    1    1    1    1    1  6.92190E+14 0.00093 
   67   67    1    1    1    1    1    1    1    1  5.63599E+14 0.00098 
   68   68    1    1    1    1    1    1    1    1  5.05308E+14 0.00132 
   69   69    1    1    1    1    1    1    1    1  6.08176E+14 0.00113 
   70   70    1    1    1    1    1    1    1    1  5.18291E+14 0.00092 
   71   71    1    1    1    1    1    1    1    1  9.43164E+14 0.00085 
   72   72    1    1    1    1    1    1    1    1  6.68668E+14 0.00116 
   73   73    1    1    1    1    1    1    1    1  5.07098E+14 0.00149 
   74   74    1    1    1    1    1    1    1    1  4.08306E+14 0.00113 
   75   75    1    1    1    1    1    1    1    1  3.39455E+14 0.00153 
   76   76    1    1    1    1    1    1    1    1  3.94348E+14 0.00145 
   77   77    1    1    1    1    1    1    1    1  3.12993E+14 0.00151 
   78   78    1    1    1    1    1    1    1    1  2.48946E+14 0.00183 
   79   79    1    1    1    1    1    1    1    1  2.56980E+14 0.00167 
   80   80    1    1    1    1    1    1    1    1  1.91100E+14 0.00162 
   81   81    1    1    1    1    1    1    1    1  1.47097E+14 0.00219 
   82   82    1    1    1    1    1    1    1    1  1.13083E+14 0.00218 
   83   83    1    1    1    1    1    1    1    1  1.05742E+14 0.00179 
   84   84    1    1    1    1    1    1    1    1  7.58493E+13 0.00212 
   85   85    1    1    1    1    1    1    1    1  5.47868E+13 0.00282 
   86   86    1    1    1    1    1    1    1    1  5.11225E+13 0.00351 
   87   87    1    1    1    1    1    1    1    1  3.16538E+13 0.00406 
   88   88    1    1    1    1    1    1    1    1  2.12725E+13 0.00587 
   89   89    1    1    1    1    1    1    1    1  1.22316E+13 0.00909 
   90   90    1    1    1    1    1    1    1    1  8.11514E+12 0.01021 
   91   91    1    1    1    1    1    1    1    1  4.04554E+12 0.01103 
   92   92    1    1    1    1    1    1    1    1  2.04211E+12 0.01342 
   93   93    1    1    1    1    1    1    1    1  9.34650E+11 0.01956 
   94   94    1    1    1    1    1    1    1    1  4.61958E+11 0.03271 
   95   95    1    1    1    1    1    1    1    1  2.10055E+11 0.04872 
   96   96    1    1    1    1    1    1    1    1  1.12398E+11 0.05392 
   97   97    1    1    1    1    1    1    1    1  4.91568E+10 0.08004 
   98   98    1    1    1    1    1    1    1    1  2.14949E+10 0.15540 
   99   99    1    1    1    1    1    1    1    1  1.43124E+10 0.17059 
  100  100    1    1    1    1    1    1    1    1  1.43173E+10 0.22708 
];


