
DETdpaspec = [
    1    1    1    1    1    1    1    1    1    1  0.00000E+00 0.00000 
    2    2    1    1    1    1    1    1    1    1  0.00000E+00 0.00000 
    3    3    1    1    1    1    1    1    1    1  0.00000E+00 0.00000 
    4    4    1    1    1    1    1    1    1    1  0.00000E+00 0.00000 
    5    5    1    1    1    1    1    1    1    1  0.00000E+00 0.00000 
    6    6    1    1    1    1    1    1    1    1  7.70441E+06 1.00000 
    7    7    1    1    1    1    1    1    1    1  0.00000E+00 0.00000 
    8    8    1    1    1    1    1    1    1    1  0.00000E+00 0.00000 
    9    9    1    1    1    1    1    1    1    1  2.04885E+07 0.68971 
   10   10    1    1    1    1    1    1    1    1  5.11108E+07 1.00000 
   11   11    1    1    1    1    1    1    1    1  1.24281E+08 0.55537 
   12   12    1    1    1    1    1    1    1    1  4.05161E+07 0.68863 
   13   13    1    1    1    1    1    1    1    1  1.11330E+09 0.46274 
   14   14    1    1    1    1    1    1    1    1  2.12509E+09 0.42599 
   15   15    1    1    1    1    1    1    1    1  3.15059E+09 0.27030 
   16   16    1    1    1    1    1    1    1    1  8.77223E+08 0.47847 
   17   17    1    1    1    1    1    1    1    1  1.45365E+09 0.40155 
   18   18    1    1    1    1    1    1    1    1  4.99291E+09 0.30220 
   19   19    1    1    1    1    1    1    1    1  5.48359E+09 0.19044 
   20   20    1    1    1    1    1    1    1    1  2.57318E+10 0.13352 
   21   21    1    1    1    1    1    1    1    1  1.84534E+10 0.12993 
   22   22    1    1    1    1    1    1    1    1  4.81388E+10 0.08157 
   23   23    1    1    1    1    1    1    1    1  6.21178E+10 0.08627 
   24   24    1    1    1    1    1    1    1    1  1.07492E+11 0.08136 
   25   25    1    1    1    1    1    1    1    1  1.19296E+11 0.05926 
   26   26    1    1    1    1    1    1    1    1  2.10310E+11 0.05547 
   27   27    1    1    1    1    1    1    1    1  3.90692E+11 0.03610 
   28   28    1    1    1    1    1    1    1    1  7.57774E+11 0.02293 
   29   29    1    1    1    1    1    1    1    1  1.14986E+12 0.01738 
   30   30    1    1    1    1    1    1    1    1  3.39924E+12 0.01173 
   31   31    1    1    1    1    1    1    1    1  1.03650E+13 0.00797 
   32   32    1    1    1    1    1    1    1    1  1.90905E+13 0.00620 
   33   33    1    1    1    1    1    1    1    1  4.37188E+13 0.00356 
   34   34    1    1    1    1    1    1    1    1  5.91848E+13 0.00325 
   35   35    1    1    1    1    1    1    1    1  8.24367E+13 0.00271 
   36   36    1    1    1    1    1    1    1    1  5.77560E+13 0.00254 
   37   37    1    1    1    1    1    1    1    1  1.80130E+13 0.00234 
   38   38    1    1    1    1    1    1    1    1  9.84466E+13 0.00206 
   39   39    1    1    1    1    1    1    1    1  1.31512E+14 0.00184 
   40   40    1    1    1    1    1    1    1    1  2.24430E+14 0.00196 
   41   41    1    1    1    1    1    1    1    1  2.29197E+14 0.00215 
   42   42    1    1    1    1    1    1    1    1  4.75703E+14 0.00171 
   43   43    1    1    1    1    1    1    1    1  5.70976E+14 0.00151 
   44   44    1    1    1    1    1    1    1    1  8.15501E+14 0.00110 
   45   45    1    1    1    1    1    1    1    1  1.59948E+15 0.00101 
   46   46    1    1    1    1    1    1    1    1  7.61725E+14 0.00131 
   47   47    1    1    1    1    1    1    1    1  1.22253E+15 0.00112 
   48   48    1    1    1    1    1    1    1    1  1.70921E+15 0.00086 
   49   49    1    1    1    1    1    1    1    1  1.68516E+15 0.00078 
   50   50    1    1    1    1    1    1    1    1  2.61186E+15 0.00101 
   51   51    1    1    1    1    1    1    1    1  2.10232E+15 0.00108 
   52   52    1    1    1    1    1    1    1    1  2.46545E+15 0.00098 
   53   53    1    1    1    1    1    1    1    1  1.72523E+15 0.00096 
   54   54    1    1    1    1    1    1    1    1  2.08793E+15 0.00111 
   55   55    1    1    1    1    1    1    1    1  1.44585E+15 0.00090 
   56   56    1    1    1    1    1    1    1    1  1.97871E+14 0.00130 
   57   57    1    1    1    1    1    1    1    1  2.87415E+15 0.00106 
   58   58    1    1    1    1    1    1    1    1  1.25938E+15 0.00108 
   59   59    1    1    1    1    1    1    1    1  1.34899E+15 0.00118 
   60   60    1    1    1    1    1    1    1    1  1.03991E+15 0.00105 
   61   61    1    1    1    1    1    1    1    1  1.04415E+15 0.00117 
   62   62    1    1    1    1    1    1    1    1  1.08274E+15 0.00130 
   63   63    1    1    1    1    1    1    1    1  9.08866E+14 0.00109 
   64   64    1    1    1    1    1    1    1    1  7.24004E+14 0.00135 
   65   65    1    1    1    1    1    1    1    1  7.15729E+14 0.00120 
   66   66    1    1    1    1    1    1    1    1  5.20806E+14 0.00144 
   67   67    1    1    1    1    1    1    1    1  4.26627E+14 0.00125 
   68   68    1    1    1    1    1    1    1    1  3.84004E+14 0.00103 
   69   69    1    1    1    1    1    1    1    1  4.60742E+14 0.00113 
   70   70    1    1    1    1    1    1    1    1  3.93949E+14 0.00154 
   71   71    1    1    1    1    1    1    1    1  7.24315E+14 0.00140 
   72   72    1    1    1    1    1    1    1    1  5.14833E+14 0.00162 
   73   73    1    1    1    1    1    1    1    1  3.87537E+14 0.00127 
   74   74    1    1    1    1    1    1    1    1  3.08995E+14 0.00157 
   75   75    1    1    1    1    1    1    1    1  2.53262E+14 0.00142 
   76   76    1    1    1    1    1    1    1    1  2.90956E+14 0.00162 
   77   77    1    1    1    1    1    1    1    1  2.28143E+14 0.00173 
   78   78    1    1    1    1    1    1    1    1  1.80258E+14 0.00212 
   79   79    1    1    1    1    1    1    1    1  1.85312E+14 0.00177 
   80   80    1    1    1    1    1    1    1    1  1.36225E+14 0.00187 
   81   81    1    1    1    1    1    1    1    1  1.05004E+14 0.00235 
   82   82    1    1    1    1    1    1    1    1  8.04092E+13 0.00261 
   83   83    1    1    1    1    1    1    1    1  7.49528E+13 0.00304 
   84   84    1    1    1    1    1    1    1    1  5.40779E+13 0.00299 
   85   85    1    1    1    1    1    1    1    1  3.89031E+13 0.00334 
   86   86    1    1    1    1    1    1    1    1  3.64749E+13 0.00413 
   87   87    1    1    1    1    1    1    1    1  2.24690E+13 0.00459 
   88   88    1    1    1    1    1    1    1    1  1.52574E+13 0.00535 
   89   89    1    1    1    1    1    1    1    1  8.74064E+12 0.00733 
   90   90    1    1    1    1    1    1    1    1  5.76668E+12 0.00814 
   91   91    1    1    1    1    1    1    1    1  2.98905E+12 0.01140 
   92   92    1    1    1    1    1    1    1    1  1.41195E+12 0.02145 
   93   93    1    1    1    1    1    1    1    1  6.95941E+11 0.03706 
   94   94    1    1    1    1    1    1    1    1  3.42900E+11 0.03814 
   95   95    1    1    1    1    1    1    1    1  1.60458E+11 0.05419 
   96   96    1    1    1    1    1    1    1    1  7.95463E+10 0.07878 
   97   97    1    1    1    1    1    1    1    1  3.30659E+10 0.10310 
   98   98    1    1    1    1    1    1    1    1  2.21119E+10 0.17481 
   99   99    1    1    1    1    1    1    1    1  1.11703E+10 0.21961 
  100  100    1    1    1    1    1    1    1    1  1.12512E+10 0.24686 
];


