
DETdpaspec = [
    1    1    1    1    1    1    1    1    1    1  0.00000E+00 0.00000 
    2    2    1    1    1    1    1    1    1    1  0.00000E+00 0.00000 
    3    3    1    1    1    1    1    1    1    1  0.00000E+00 0.00000 
    4    4    1    1    1    1    1    1    1    1  0.00000E+00 0.00000 
    5    5    1    1    1    1    1    1    1    1  0.00000E+00 0.00000 
    6    6    1    1    1    1    1    1    1    1  0.00000E+00 0.00000 
    7    7    1    1    1    1    1    1    1    1  1.29911E+07 1.00000 
    8    8    1    1    1    1    1    1    1    1  0.00000E+00 0.00000 
    9    9    1    1    1    1    1    1    1    1  0.00000E+00 0.00000 
   10   10    1    1    1    1    1    1    1    1  4.37251E+07 1.00000 
   11   11    1    1    1    1    1    1    1    1  0.00000E+00 0.00000 
   12   12    1    1    1    1    1    1    1    1  6.31717E+07 0.72490 
   13   13    1    1    1    1    1    1    1    1  1.72563E+09 0.37152 
   14   14    1    1    1    1    1    1    1    1  2.24603E+09 0.48876 
   15   15    1    1    1    1    1    1    1    1  1.94923E+09 0.53020 
   16   16    1    1    1    1    1    1    1    1  9.14790E+08 0.32932 
   17   17    1    1    1    1    1    1    1    1  1.76905E+09 0.18957 
   18   18    1    1    1    1    1    1    1    1  6.66474E+09 0.23845 
   19   19    1    1    1    1    1    1    1    1  5.33626E+09 0.14208 
   20   20    1    1    1    1    1    1    1    1  2.42800E+10 0.10382 
   21   21    1    1    1    1    1    1    1    1  1.91048E+10 0.12045 
   22   22    1    1    1    1    1    1    1    1  4.11152E+10 0.09425 
   23   23    1    1    1    1    1    1    1    1  7.26042E+10 0.06104 
   24   24    1    1    1    1    1    1    1    1  9.42394E+10 0.05292 
   25   25    1    1    1    1    1    1    1    1  1.28624E+11 0.04467 
   26   26    1    1    1    1    1    1    1    1  1.97497E+11 0.03518 
   27   27    1    1    1    1    1    1    1    1  3.73441E+11 0.03618 
   28   28    1    1    1    1    1    1    1    1  7.44793E+11 0.02476 
   29   29    1    1    1    1    1    1    1    1  1.08139E+12 0.01964 
   30   30    1    1    1    1    1    1    1    1  3.34099E+12 0.01196 
   31   31    1    1    1    1    1    1    1    1  1.01057E+13 0.00799 
   32   32    1    1    1    1    1    1    1    1  1.87266E+13 0.00398 
   33   33    1    1    1    1    1    1    1    1  4.25742E+13 0.00329 
   34   34    1    1    1    1    1    1    1    1  5.75270E+13 0.00348 
   35   35    1    1    1    1    1    1    1    1  8.03770E+13 0.00221 
   36   36    1    1    1    1    1    1    1    1  5.65566E+13 0.00249 
   37   37    1    1    1    1    1    1    1    1  1.76957E+13 0.00256 
   38   38    1    1    1    1    1    1    1    1  9.66779E+13 0.00155 
   39   39    1    1    1    1    1    1    1    1  1.29572E+14 0.00199 
   40   40    1    1    1    1    1    1    1    1  2.19992E+14 0.00152 
   41   41    1    1    1    1    1    1    1    1  2.25218E+14 0.00142 
   42   42    1    1    1    1    1    1    1    1  4.67694E+14 0.00125 
   43   43    1    1    1    1    1    1    1    1  5.61020E+14 0.00109 
   44   44    1    1    1    1    1    1    1    1  8.00877E+14 0.00090 
   45   45    1    1    1    1    1    1    1    1  1.56536E+15 0.00079 
   46   46    1    1    1    1    1    1    1    1  7.47866E+14 0.00097 
   47   47    1    1    1    1    1    1    1    1  1.20010E+15 0.00104 
   48   48    1    1    1    1    1    1    1    1  1.67514E+15 0.00102 
   49   49    1    1    1    1    1    1    1    1  1.65000E+15 0.00087 
   50   50    1    1    1    1    1    1    1    1  2.54829E+15 0.00070 
   51   51    1    1    1    1    1    1    1    1  2.05219E+15 0.00074 
   52   52    1    1    1    1    1    1    1    1  2.39915E+15 0.00087 
   53   53    1    1    1    1    1    1    1    1  1.68056E+15 0.00104 
   54   54    1    1    1    1    1    1    1    1  2.02827E+15 0.00090 
   55   55    1    1    1    1    1    1    1    1  1.40612E+15 0.00089 
   56   56    1    1    1    1    1    1    1    1  1.92197E+14 0.00170 
   57   57    1    1    1    1    1    1    1    1  2.79703E+15 0.00118 
   58   58    1    1    1    1    1    1    1    1  1.22426E+15 0.00119 
   59   59    1    1    1    1    1    1    1    1  1.31166E+15 0.00119 
   60   60    1    1    1    1    1    1    1    1  1.00942E+15 0.00104 
   61   61    1    1    1    1    1    1    1    1  1.01531E+15 0.00123 
   62   62    1    1    1    1    1    1    1    1  1.05126E+15 0.00110 
   63   63    1    1    1    1    1    1    1    1  8.80645E+14 0.00142 
   64   64    1    1    1    1    1    1    1    1  7.00027E+14 0.00149 
   65   65    1    1    1    1    1    1    1    1  6.95344E+14 0.00128 
   66   66    1    1    1    1    1    1    1    1  5.05174E+14 0.00166 
   67   67    1    1    1    1    1    1    1    1  4.13192E+14 0.00131 
   68   68    1    1    1    1    1    1    1    1  3.72049E+14 0.00130 
   69   69    1    1    1    1    1    1    1    1  4.46750E+14 0.00156 
   70   70    1    1    1    1    1    1    1    1  3.81627E+14 0.00137 
   71   71    1    1    1    1    1    1    1    1  7.03232E+14 0.00146 
   72   72    1    1    1    1    1    1    1    1  5.00778E+14 0.00123 
   73   73    1    1    1    1    1    1    1    1  3.75595E+14 0.00155 
   74   74    1    1    1    1    1    1    1    1  2.99948E+14 0.00181 
   75   75    1    1    1    1    1    1    1    1  2.46569E+14 0.00264 
   76   76    1    1    1    1    1    1    1    1  2.82060E+14 0.00174 
   77   77    1    1    1    1    1    1    1    1  2.20642E+14 0.00200 
   78   78    1    1    1    1    1    1    1    1  1.72857E+14 0.00254 
   79   79    1    1    1    1    1    1    1    1  1.77726E+14 0.00236 
   80   80    1    1    1    1    1    1    1    1  1.31648E+14 0.00217 
   81   81    1    1    1    1    1    1    1    1  1.00824E+14 0.00236 
   82   82    1    1    1    1    1    1    1    1  7.76451E+13 0.00256 
   83   83    1    1    1    1    1    1    1    1  7.27471E+13 0.00397 
   84   84    1    1    1    1    1    1    1    1  5.23049E+13 0.00395 
   85   85    1    1    1    1    1    1    1    1  3.76587E+13 0.00341 
   86   86    1    1    1    1    1    1    1    1  3.50887E+13 0.00287 
   87   87    1    1    1    1    1    1    1    1  2.16349E+13 0.00585 
   88   88    1    1    1    1    1    1    1    1  1.46049E+13 0.00593 
   89   89    1    1    1    1    1    1    1    1  8.38693E+12 0.00799 
   90   90    1    1    1    1    1    1    1    1  5.61882E+12 0.01274 
   91   91    1    1    1    1    1    1    1    1  2.75679E+12 0.01685 
   92   92    1    1    1    1    1    1    1    1  1.38366E+12 0.01823 
   93   93    1    1    1    1    1    1    1    1  6.53342E+11 0.03771 
   94   94    1    1    1    1    1    1    1    1  3.12198E+11 0.05359 
   95   95    1    1    1    1    1    1    1    1  1.50910E+11 0.06897 
   96   96    1    1    1    1    1    1    1    1  7.77633E+10 0.08771 
   97   97    1    1    1    1    1    1    1    1  3.51959E+10 0.11674 
   98   98    1    1    1    1    1    1    1    1  1.73151E+10 0.21238 
   99   99    1    1    1    1    1    1    1    1  1.33389E+10 0.24117 
  100  100    1    1    1    1    1    1    1    1  6.05036E+09 0.32323 
];


