
DETdpaspec = [
    1    1    1    1    1    1    1    1    1    1  0.00000E+00 0.00000 
    2    2    1    1    1    1    1    1    1    1  0.00000E+00 0.00000 
    3    3    1    1    1    1    1    1    1    1  0.00000E+00 0.00000 
    4    4    1    1    1    1    1    1    1    1  0.00000E+00 0.00000 
    5    5    1    1    1    1    1    1    1    1  0.00000E+00 0.00000 
    6    6    1    1    1    1    1    1    1    1  8.45559E+06 1.00000 
    7    7    1    1    1    1    1    1    1    1  0.00000E+00 0.00000 
    8    8    1    1    1    1    1    1    1    1  1.62966E+07 1.00000 
    9    9    1    1    1    1    1    1    1    1  0.00000E+00 0.00000 
   10   10    1    1    1    1    1    1    1    1  0.00000E+00 0.00000 
   11   11    1    1    1    1    1    1    1    1  1.07828E+08 1.00000 
   12   12    1    1    1    1    1    1    1    1  3.24840E+07 0.78672 
   13   13    1    1    1    1    1    1    1    1  2.18315E+09 0.32227 
   14   14    1    1    1    1    1    1    1    1  5.54648E+09 0.37504 
   15   15    1    1    1    1    1    1    1    1  5.86297E+09 0.27348 
   16   16    1    1    1    1    1    1    1    1  7.28683E+08 0.45302 
   17   17    1    1    1    1    1    1    1    1  2.15483E+09 0.21654 
   18   18    1    1    1    1    1    1    1    1  4.27307E+09 0.23734 
   19   19    1    1    1    1    1    1    1    1  6.63057E+09 0.16652 
   20   20    1    1    1    1    1    1    1    1  2.07393E+10 0.18525 
   21   21    1    1    1    1    1    1    1    1  1.67078E+10 0.10262 
   22   22    1    1    1    1    1    1    1    1  3.99560E+10 0.09210 
   23   23    1    1    1    1    1    1    1    1  5.92258E+10 0.08487 
   24   24    1    1    1    1    1    1    1    1  9.83728E+10 0.07337 
   25   25    1    1    1    1    1    1    1    1  1.41176E+11 0.05534 
   26   26    1    1    1    1    1    1    1    1  2.21670E+11 0.04286 
   27   27    1    1    1    1    1    1    1    1  3.97977E+11 0.02852 
   28   28    1    1    1    1    1    1    1    1  8.12730E+11 0.02395 
   29   29    1    1    1    1    1    1    1    1  1.28525E+12 0.01953 
   30   30    1    1    1    1    1    1    1    1  3.74864E+12 0.01239 
   31   31    1    1    1    1    1    1    1    1  1.13060E+13 0.00803 
   32   32    1    1    1    1    1    1    1    1  2.06517E+13 0.00411 
   33   33    1    1    1    1    1    1    1    1  4.80806E+13 0.00358 
   34   34    1    1    1    1    1    1    1    1  6.59795E+13 0.00296 
   35   35    1    1    1    1    1    1    1    1  8.92383E+13 0.00263 
   36   36    1    1    1    1    1    1    1    1  6.20954E+13 0.00268 
   37   37    1    1    1    1    1    1    1    1  1.91286E+13 0.00204 
   38   38    1    1    1    1    1    1    1    1  1.05699E+14 0.00167 
   39   39    1    1    1    1    1    1    1    1  1.41783E+14 0.00208 
   40   40    1    1    1    1    1    1    1    1  2.43399E+14 0.00215 
   41   41    1    1    1    1    1    1    1    1  2.46291E+14 0.00164 
   42   42    1    1    1    1    1    1    1    1  5.17164E+14 0.00119 
   43   43    1    1    1    1    1    1    1    1  6.23308E+14 0.00128 
   44   44    1    1    1    1    1    1    1    1  8.93979E+14 0.00092 
   45   45    1    1    1    1    1    1    1    1  1.76467E+15 0.00097 
   46   46    1    1    1    1    1    1    1    1  8.39920E+14 0.00103 
   47   47    1    1    1    1    1    1    1    1  1.34632E+15 0.00105 
   48   48    1    1    1    1    1    1    1    1  1.88599E+15 0.00084 
   49   49    1    1    1    1    1    1    1    1  1.85751E+15 0.00093 
   50   50    1    1    1    1    1    1    1    1  2.89395E+15 0.00080 
   51   51    1    1    1    1    1    1    1    1  2.31812E+15 0.00079 
   52   52    1    1    1    1    1    1    1    1  2.74219E+15 0.00092 
   53   53    1    1    1    1    1    1    1    1  1.91682E+15 0.00086 
   54   54    1    1    1    1    1    1    1    1  2.33985E+15 0.00094 
   55   55    1    1    1    1    1    1    1    1  1.61692E+15 0.00098 
   56   56    1    1    1    1    1    1    1    1  2.20475E+14 0.00131 
   57   57    1    1    1    1    1    1    1    1  3.21461E+15 0.00077 
   58   58    1    1    1    1    1    1    1    1  1.42511E+15 0.00063 
   59   59    1    1    1    1    1    1    1    1  1.52374E+15 0.00079 
   60   60    1    1    1    1    1    1    1    1  1.18280E+15 0.00091 
   61   61    1    1    1    1    1    1    1    1  1.18829E+15 0.00080 
   62   62    1    1    1    1    1    1    1    1  1.23451E+15 0.00088 
   63   63    1    1    1    1    1    1    1    1  1.03651E+15 0.00093 
   64   64    1    1    1    1    1    1    1    1  8.26166E+14 0.00140 
   65   65    1    1    1    1    1    1    1    1  8.19393E+14 0.00134 
   66   66    1    1    1    1    1    1    1    1  5.96523E+14 0.00137 
   67   67    1    1    1    1    1    1    1    1  4.87166E+14 0.00131 
   68   68    1    1    1    1    1    1    1    1  4.36980E+14 0.00120 
   69   69    1    1    1    1    1    1    1    1  5.25075E+14 0.00133 
   70   70    1    1    1    1    1    1    1    1  4.48262E+14 0.00129 
   71   71    1    1    1    1    1    1    1    1  8.21688E+14 0.00110 
   72   72    1    1    1    1    1    1    1    1  5.84405E+14 0.00122 
   73   73    1    1    1    1    1    1    1    1  4.40512E+14 0.00126 
   74   74    1    1    1    1    1    1    1    1  3.52810E+14 0.00178 
   75   75    1    1    1    1    1    1    1    1  2.91778E+14 0.00204 
   76   76    1    1    1    1    1    1    1    1  3.36250E+14 0.00173 
   77   77    1    1    1    1    1    1    1    1  2.64345E+14 0.00193 
   78   78    1    1    1    1    1    1    1    1  2.09247E+14 0.00164 
   79   79    1    1    1    1    1    1    1    1  2.15968E+14 0.00203 
   80   80    1    1    1    1    1    1    1    1  1.59641E+14 0.00202 
   81   81    1    1    1    1    1    1    1    1  1.23119E+14 0.00184 
   82   82    1    1    1    1    1    1    1    1  9.45061E+13 0.00263 
   83   83    1    1    1    1    1    1    1    1  8.84203E+13 0.00224 
   84   84    1    1    1    1    1    1    1    1  6.35369E+13 0.00240 
   85   85    1    1    1    1    1    1    1    1  4.56466E+13 0.00382 
   86   86    1    1    1    1    1    1    1    1  4.27488E+13 0.00314 
   87   87    1    1    1    1    1    1    1    1  2.65865E+13 0.00512 
   88   88    1    1    1    1    1    1    1    1  1.78075E+13 0.00538 
   89   89    1    1    1    1    1    1    1    1  1.03474E+13 0.00817 
   90   90    1    1    1    1    1    1    1    1  6.75314E+12 0.00779 
   91   91    1    1    1    1    1    1    1    1  3.46881E+12 0.01230 
   92   92    1    1    1    1    1    1    1    1  1.63891E+12 0.02194 
   93   93    1    1    1    1    1    1    1    1  7.94049E+11 0.02657 
   94   94    1    1    1    1    1    1    1    1  3.86594E+11 0.04087 
   95   95    1    1    1    1    1    1    1    1  1.85844E+11 0.04186 
   96   96    1    1    1    1    1    1    1    1  9.05429E+10 0.08876 
   97   97    1    1    1    1    1    1    1    1  4.17636E+10 0.12154 
   98   98    1    1    1    1    1    1    1    1  2.44691E+10 0.17374 
   99   99    1    1    1    1    1    1    1    1  1.05349E+10 0.22753 
  100  100    1    1    1    1    1    1    1    1  7.41442E+09 0.26195 
];


