
DETdpaspec = [
    1    1    1    1    1    1    1    1    1    1  0.00000E+00 0.00000 
    2    2    1    1    1    1    1    1    1    1  0.00000E+00 0.00000 
    3    3    1    1    1    1    1    1    1    1  0.00000E+00 0.00000 
    4    4    1    1    1    1    1    1    1    1  0.00000E+00 0.00000 
    5    5    1    1    1    1    1    1    1    1  0.00000E+00 0.00000 
    6    6    1    1    1    1    1    1    1    1  7.85084E+06 1.00000 
    7    7    1    1    1    1    1    1    1    1  0.00000E+00 0.00000 
    8    8    1    1    1    1    1    1    1    1  1.18244E+07 1.00000 
    9    9    1    1    1    1    1    1    1    1  0.00000E+00 0.00000 
   10   10    1    1    1    1    1    1    1    1  0.00000E+00 0.00000 
   11   11    1    1    1    1    1    1    1    1  3.92900E+08 0.56255 
   12   12    1    1    1    1    1    1    1    1  7.08493E+07 0.62041 
   13   13    1    1    1    1    1    1    1    1  1.15293E+09 0.46177 
   14   14    1    1    1    1    1    1    1    1  1.91992E+09 0.43164 
   15   15    1    1    1    1    1    1    1    1  2.56480E+09 0.42110 
   16   16    1    1    1    1    1    1    1    1  1.52797E+09 0.35427 
   17   17    1    1    1    1    1    1    1    1  2.82929E+09 0.31440 
   18   18    1    1    1    1    1    1    1    1  4.88334E+09 0.15034 
   19   19    1    1    1    1    1    1    1    1  7.10363E+09 0.20707 
   20   20    1    1    1    1    1    1    1    1  2.25928E+10 0.14823 
   21   21    1    1    1    1    1    1    1    1  1.81168E+10 0.12614 
   22   22    1    1    1    1    1    1    1    1  4.12834E+10 0.10558 
   23   23    1    1    1    1    1    1    1    1  6.68799E+10 0.05509 
   24   24    1    1    1    1    1    1    1    1  9.75011E+10 0.06298 
   25   25    1    1    1    1    1    1    1    1  1.16166E+11 0.06036 
   26   26    1    1    1    1    1    1    1    1  2.04009E+11 0.04337 
   27   27    1    1    1    1    1    1    1    1  3.78795E+11 0.02966 
   28   28    1    1    1    1    1    1    1    1  7.79528E+11 0.02898 
   29   29    1    1    1    1    1    1    1    1  1.19561E+12 0.01669 
   30   30    1    1    1    1    1    1    1    1  3.49744E+12 0.01047 
   31   31    1    1    1    1    1    1    1    1  1.08505E+13 0.00747 
   32   32    1    1    1    1    1    1    1    1  2.01376E+13 0.00585 
   33   33    1    1    1    1    1    1    1    1  4.65185E+13 0.00288 
   34   34    1    1    1    1    1    1    1    1  6.36937E+13 0.00294 
   35   35    1    1    1    1    1    1    1    1  8.69459E+13 0.00237 
   36   36    1    1    1    1    1    1    1    1  6.07176E+13 0.00232 
   37   37    1    1    1    1    1    1    1    1  1.87980E+13 0.00218 
   38   38    1    1    1    1    1    1    1    1  1.03636E+14 0.00196 
   39   39    1    1    1    1    1    1    1    1  1.38518E+14 0.00181 
   40   40    1    1    1    1    1    1    1    1  2.37123E+14 0.00151 
   41   41    1    1    1    1    1    1    1    1  2.40735E+14 0.00169 
   42   42    1    1    1    1    1    1    1    1  5.03524E+14 0.00145 
   43   43    1    1    1    1    1    1    1    1  6.05640E+14 0.00128 
   44   44    1    1    1    1    1    1    1    1  8.68107E+14 0.00125 
   45   45    1    1    1    1    1    1    1    1  1.70888E+15 0.00103 
   46   46    1    1    1    1    1    1    1    1  8.12994E+14 0.00102 
   47   47    1    1    1    1    1    1    1    1  1.30480E+15 0.00090 
   48   48    1    1    1    1    1    1    1    1  1.82643E+15 0.00095 
   49   49    1    1    1    1    1    1    1    1  1.79941E+15 0.00095 
   50   50    1    1    1    1    1    1    1    1  2.79751E+15 0.00110 
   51   51    1    1    1    1    1    1    1    1  2.24538E+15 0.00087 
   52   52    1    1    1    1    1    1    1    1  2.64781E+15 0.00094 
   53   53    1    1    1    1    1    1    1    1  1.85366E+15 0.00094 
   54   54    1    1    1    1    1    1    1    1  2.25273E+15 0.00095 
   55   55    1    1    1    1    1    1    1    1  1.55849E+15 0.00088 
   56   56    1    1    1    1    1    1    1    1  2.12763E+14 0.00156 
   57   57    1    1    1    1    1    1    1    1  3.10014E+15 0.00069 
   58   58    1    1    1    1    1    1    1    1  1.36919E+15 0.00098 
   59   59    1    1    1    1    1    1    1    1  1.46376E+15 0.00097 
   60   60    1    1    1    1    1    1    1    1  1.13420E+15 0.00097 
   61   61    1    1    1    1    1    1    1    1  1.13886E+15 0.00090 
   62   62    1    1    1    1    1    1    1    1  1.18222E+15 0.00088 
   63   63    1    1    1    1    1    1    1    1  9.91674E+14 0.00125 
   64   64    1    1    1    1    1    1    1    1  7.90366E+14 0.00129 
   65   65    1    1    1    1    1    1    1    1  7.84889E+14 0.00146 
   66   66    1    1    1    1    1    1    1    1  5.71967E+14 0.00174 
   67   67    1    1    1    1    1    1    1    1  4.67627E+14 0.00146 
   68   68    1    1    1    1    1    1    1    1  4.19441E+14 0.00138 
   69   69    1    1    1    1    1    1    1    1  5.03947E+14 0.00113 
   70   70    1    1    1    1    1    1    1    1  4.29341E+14 0.00192 
   71   71    1    1    1    1    1    1    1    1  7.88977E+14 0.00132 
   72   72    1    1    1    1    1    1    1    1  5.61393E+14 0.00134 
   73   73    1    1    1    1    1    1    1    1  4.23018E+14 0.00171 
   74   74    1    1    1    1    1    1    1    1  3.37764E+14 0.00169 
   75   75    1    1    1    1    1    1    1    1  2.78727E+14 0.00198 
   76   76    1    1    1    1    1    1    1    1  3.20777E+14 0.00193 
   77   77    1    1    1    1    1    1    1    1  2.52267E+14 0.00162 
   78   78    1    1    1    1    1    1    1    1  1.99323E+14 0.00156 
   79   79    1    1    1    1    1    1    1    1  2.04898E+14 0.00156 
   80   80    1    1    1    1    1    1    1    1  1.51436E+14 0.00196 
   81   81    1    1    1    1    1    1    1    1  1.16475E+14 0.00230 
   82   82    1    1    1    1    1    1    1    1  8.93500E+13 0.00231 
   83   83    1    1    1    1    1    1    1    1  8.37861E+13 0.00297 
   84   84    1    1    1    1    1    1    1    1  6.05445E+13 0.00276 
   85   85    1    1    1    1    1    1    1    1  4.35422E+13 0.00321 
   86   86    1    1    1    1    1    1    1    1  4.07863E+13 0.00348 
   87   87    1    1    1    1    1    1    1    1  2.49911E+13 0.00501 
   88   88    1    1    1    1    1    1    1    1  1.68473E+13 0.00511 
   89   89    1    1    1    1    1    1    1    1  9.74579E+12 0.00623 
   90   90    1    1    1    1    1    1    1    1  6.44612E+12 0.00894 
   91   91    1    1    1    1    1    1    1    1  3.26772E+12 0.01222 
   92   92    1    1    1    1    1    1    1    1  1.58363E+12 0.02282 
   93   93    1    1    1    1    1    1    1    1  7.65391E+11 0.02828 
   94   94    1    1    1    1    1    1    1    1  3.57688E+11 0.04725 
   95   95    1    1    1    1    1    1    1    1  1.69308E+11 0.07030 
   96   96    1    1    1    1    1    1    1    1  8.00554E+10 0.08102 
   97   97    1    1    1    1    1    1    1    1  3.39753E+10 0.11427 
   98   98    1    1    1    1    1    1    1    1  2.74214E+10 0.20186 
   99   99    1    1    1    1    1    1    1    1  7.90898E+09 0.25236 
  100  100    1    1    1    1    1    1    1    1  1.07867E+10 0.21432 
];


