
DETdpaspec = [
    1    1    1    1    1    1    1    1    1    1  0.00000E+00 0.00000 
    2    2    1    1    1    1    1    1    1    1  0.00000E+00 0.00000 
    3    3    1    1    1    1    1    1    1    1  0.00000E+00 0.00000 
    4    4    1    1    1    1    1    1    1    1  0.00000E+00 0.00000 
    5    5    1    1    1    1    1    1    1    1  0.00000E+00 0.00000 
    6    6    1    1    1    1    1    1    1    1  1.57780E+07 0.68829 
    7    7    1    1    1    1    1    1    1    1  0.00000E+00 0.00000 
    8    8    1    1    1    1    1    1    1    1  0.00000E+00 0.00000 
    9    9    1    1    1    1    1    1    1    1  0.00000E+00 0.00000 
   10   10    1    1    1    1    1    1    1    1  3.93528E+07 1.00000 
   11   11    1    1    1    1    1    1    1    1  1.05287E+08 1.00000 
   12   12    1    1    1    1    1    1    1    1  6.71345E+07 0.51394 
   13   13    1    1    1    1    1    1    1    1  2.86277E+09 0.29194 
   14   14    1    1    1    1    1    1    1    1  3.59476E+09 0.43169 
   15   15    1    1    1    1    1    1    1    1  2.31565E+09 0.51064 
   16   16    1    1    1    1    1    1    1    1  9.96367E+08 0.53917 
   17   17    1    1    1    1    1    1    1    1  1.73355E+09 0.29690 
   18   18    1    1    1    1    1    1    1    1  7.75118E+09 0.16955 
   19   19    1    1    1    1    1    1    1    1  6.85461E+09 0.24324 
   20   20    1    1    1    1    1    1    1    1  2.01685E+10 0.15261 
   21   21    1    1    1    1    1    1    1    1  1.88862E+10 0.10979 
   22   22    1    1    1    1    1    1    1    1  4.38587E+10 0.08397 
   23   23    1    1    1    1    1    1    1    1  5.92105E+10 0.06506 
   24   24    1    1    1    1    1    1    1    1  9.90003E+10 0.07557 
   25   25    1    1    1    1    1    1    1    1  1.36234E+11 0.05265 
   26   26    1    1    1    1    1    1    1    1  2.01725E+11 0.03416 
   27   27    1    1    1    1    1    1    1    1  3.90464E+11 0.03806 
   28   28    1    1    1    1    1    1    1    1  7.76026E+11 0.02363 
   29   29    1    1    1    1    1    1    1    1  1.17511E+12 0.01565 
   30   30    1    1    1    1    1    1    1    1  3.42635E+12 0.00948 
   31   31    1    1    1    1    1    1    1    1  1.05185E+13 0.00948 
   32   32    1    1    1    1    1    1    1    1  1.95375E+13 0.00497 
   33   33    1    1    1    1    1    1    1    1  4.48391E+13 0.00345 
   34   34    1    1    1    1    1    1    1    1  6.09092E+13 0.00317 
   35   35    1    1    1    1    1    1    1    1  8.39879E+13 0.00219 
   36   36    1    1    1    1    1    1    1    1  5.88529E+13 0.00230 
   37   37    1    1    1    1    1    1    1    1  1.82902E+13 0.00217 
   38   38    1    1    1    1    1    1    1    1  1.00403E+14 0.00252 
   39   39    1    1    1    1    1    1    1    1  1.34662E+14 0.00194 
   40   40    1    1    1    1    1    1    1    1  2.29629E+14 0.00210 
   41   41    1    1    1    1    1    1    1    1  2.34079E+14 0.00210 
   42   42    1    1    1    1    1    1    1    1  4.87917E+14 0.00160 
   43   43    1    1    1    1    1    1    1    1  5.84719E+14 0.00125 
   44   44    1    1    1    1    1    1    1    1  8.36893E+14 0.00097 
   45   45    1    1    1    1    1    1    1    1  1.64481E+15 0.00101 
   46   46    1    1    1    1    1    1    1    1  7.85423E+14 0.00104 
   47   47    1    1    1    1    1    1    1    1  1.25984E+15 0.00128 
   48   48    1    1    1    1    1    1    1    1  1.75976E+15 0.00119 
   49   49    1    1    1    1    1    1    1    1  1.73360E+15 0.00096 
   50   50    1    1    1    1    1    1    1    1  2.69130E+15 0.00093 
   51   51    1    1    1    1    1    1    1    1  2.16262E+15 0.00097 
   52   52    1    1    1    1    1    1    1    1  2.54108E+15 0.00100 
   53   53    1    1    1    1    1    1    1    1  1.77700E+15 0.00106 
   54   54    1    1    1    1    1    1    1    1  2.15539E+15 0.00094 
   55   55    1    1    1    1    1    1    1    1  1.49038E+15 0.00081 
   56   56    1    1    1    1    1    1    1    1  2.03987E+14 0.00128 
   57   57    1    1    1    1    1    1    1    1  2.96740E+15 0.00106 
   58   58    1    1    1    1    1    1    1    1  1.30485E+15 0.00123 
   59   59    1    1    1    1    1    1    1    1  1.39722E+15 0.00119 
   60   60    1    1    1    1    1    1    1    1  1.07963E+15 0.00143 
   61   61    1    1    1    1    1    1    1    1  1.08484E+15 0.00118 
   62   62    1    1    1    1    1    1    1    1  1.12415E+15 0.00100 
   63   63    1    1    1    1    1    1    1    1  9.44524E+14 0.00123 
   64   64    1    1    1    1    1    1    1    1  7.50635E+14 0.00099 
   65   65    1    1    1    1    1    1    1    1  7.45777E+14 0.00145 
   66   66    1    1    1    1    1    1    1    1  5.42486E+14 0.00155 
   67   67    1    1    1    1    1    1    1    1  4.43255E+14 0.00132 
   68   68    1    1    1    1    1    1    1    1  3.98324E+14 0.00158 
   69   69    1    1    1    1    1    1    1    1  4.79028E+14 0.00130 
   70   70    1    1    1    1    1    1    1    1  4.08522E+14 0.00163 
   71   71    1    1    1    1    1    1    1    1  7.50834E+14 0.00130 
   72   72    1    1    1    1    1    1    1    1  5.33838E+14 0.00163 
   73   73    1    1    1    1    1    1    1    1  4.02398E+14 0.00154 
   74   74    1    1    1    1    1    1    1    1  3.20994E+14 0.00169 
   75   75    1    1    1    1    1    1    1    1  2.64782E+14 0.00212 
   76   76    1    1    1    1    1    1    1    1  3.04338E+14 0.00215 
   77   77    1    1    1    1    1    1    1    1  2.37654E+14 0.00146 
   78   78    1    1    1    1    1    1    1    1  1.87432E+14 0.00185 
   79   79    1    1    1    1    1    1    1    1  1.92987E+14 0.00185 
   80   80    1    1    1    1    1    1    1    1  1.42626E+14 0.00180 
   81   81    1    1    1    1    1    1    1    1  1.09809E+14 0.00260 
   82   82    1    1    1    1    1    1    1    1  8.45289E+13 0.00243 
   83   83    1    1    1    1    1    1    1    1  7.91538E+13 0.00169 
   84   84    1    1    1    1    1    1    1    1  5.66914E+13 0.00357 
   85   85    1    1    1    1    1    1    1    1  4.09989E+13 0.00250 
   86   86    1    1    1    1    1    1    1    1  3.82496E+13 0.00357 
   87   87    1    1    1    1    1    1    1    1  2.37929E+13 0.00498 
   88   88    1    1    1    1    1    1    1    1  1.58593E+13 0.00583 
   89   89    1    1    1    1    1    1    1    1  9.25369E+12 0.00748 
   90   90    1    1    1    1    1    1    1    1  6.14126E+12 0.00648 
   91   91    1    1    1    1    1    1    1    1  3.11481E+12 0.00922 
   92   92    1    1    1    1    1    1    1    1  1.48121E+12 0.02096 
   93   93    1    1    1    1    1    1    1    1  7.58600E+11 0.02161 
   94   94    1    1    1    1    1    1    1    1  3.41503E+11 0.03030 
   95   95    1    1    1    1    1    1    1    1  1.71960E+11 0.07196 
   96   96    1    1    1    1    1    1    1    1  8.22224E+10 0.07801 
   97   97    1    1    1    1    1    1    1    1  4.33762E+10 0.12615 
   98   98    1    1    1    1    1    1    1    1  2.05123E+10 0.20290 
   99   99    1    1    1    1    1    1    1    1  5.75046E+09 0.21771 
  100  100    1    1    1    1    1    1    1    1  9.04401E+09 0.27510 
];


