
DETdpaspec = [
    1    1    1    1    1    1    1    1    1    1  0.00000E+00 0.00000 
    2    2    1    1    1    1    1    1    1    1  0.00000E+00 0.00000 
    3    3    1    1    1    1    1    1    1    1  0.00000E+00 0.00000 
    4    4    1    1    1    1    1    1    1    1  0.00000E+00 0.00000 
    5    5    1    1    1    1    1    1    1    1  0.00000E+00 0.00000 
    6    6    1    1    1    1    1    1    1    1  0.00000E+00 0.00000 
    7    7    1    1    1    1    1    1    1    1  1.38922E+07 1.00000 
    8    8    1    1    1    1    1    1    1    1  1.56690E+07 1.00000 
    9    9    1    1    1    1    1    1    1    1  4.74816E+07 0.82415 
   10   10    1    1    1    1    1    1    1    1  7.66382E+07 1.00000 
   11   11    1    1    1    1    1    1    1    1  3.24524E+08 0.50936 
   12   12    1    1    1    1    1    1    1    1  2.54188E+07 0.95228 
   13   13    1    1    1    1    1    1    1    1  2.16604E+09 0.42453 
   14   14    1    1    1    1    1    1    1    1  2.98808E+09 0.34578 
   15   15    1    1    1    1    1    1    1    1  5.09587E+09 0.23939 
   16   16    1    1    1    1    1    1    1    1  8.21321E+08 0.25508 
   17   17    1    1    1    1    1    1    1    1  2.59710E+09 0.20788 
   18   18    1    1    1    1    1    1    1    1  5.60716E+09 0.17930 
   19   19    1    1    1    1    1    1    1    1  6.82929E+09 0.16543 
   20   20    1    1    1    1    1    1    1    1  3.14887E+10 0.15819 
   21   21    1    1    1    1    1    1    1    1  2.32704E+10 0.10739 
   22   22    1    1    1    1    1    1    1    1  5.72446E+10 0.06726 
   23   23    1    1    1    1    1    1    1    1  6.38387E+10 0.08722 
   24   24    1    1    1    1    1    1    1    1  1.11323E+11 0.05444 
   25   25    1    1    1    1    1    1    1    1  1.32014E+11 0.06795 
   26   26    1    1    1    1    1    1    1    1  2.13683E+11 0.04077 
   27   27    1    1    1    1    1    1    1    1  4.04604E+11 0.02684 
   28   28    1    1    1    1    1    1    1    1  7.34885E+11 0.03357 
   29   29    1    1    1    1    1    1    1    1  1.02786E+12 0.02265 
   30   30    1    1    1    1    1    1    1    1  3.27443E+12 0.01619 
   31   31    1    1    1    1    1    1    1    1  9.53398E+12 0.01019 
   32   32    1    1    1    1    1    1    1    1  1.73624E+13 0.00589 
   33   33    1    1    1    1    1    1    1    1  3.78861E+13 0.00366 
   34   34    1    1    1    1    1    1    1    1  4.92081E+13 0.00356 
   35   35    1    1    1    1    1    1    1    1  7.13684E+13 0.00251 
   36   36    1    1    1    1    1    1    1    1  5.08062E+13 0.00259 
   37   37    1    1    1    1    1    1    1    1  1.60525E+13 0.00305 
   38   38    1    1    1    1    1    1    1    1  8.56233E+13 0.00243 
   39   39    1    1    1    1    1    1    1    1  1.13559E+14 0.00238 
   40   40    1    1    1    1    1    1    1    1  1.89560E+14 0.00180 
   41   41    1    1    1    1    1    1    1    1  1.95937E+14 0.00150 
   42   42    1    1    1    1    1    1    1    1  3.96960E+14 0.00134 
   43   43    1    1    1    1    1    1    1    1  4.71307E+14 0.00149 
   44   44    1    1    1    1    1    1    1    1  6.63836E+14 0.00154 
   45   45    1    1    1    1    1    1    1    1  1.26833E+15 0.00136 
   46   46    1    1    1    1    1    1    1    1  6.05605E+14 0.00119 
   47   47    1    1    1    1    1    1    1    1  9.73509E+14 0.00121 
   48   48    1    1    1    1    1    1    1    1  1.34878E+15 0.00119 
   49   49    1    1    1    1    1    1    1    1  1.32668E+15 0.00094 
   50   50    1    1    1    1    1    1    1    1  2.02113E+15 0.00105 
   51   51    1    1    1    1    1    1    1    1  1.63528E+15 0.00124 
   52   52    1    1    1    1    1    1    1    1  1.87887E+15 0.00088 
   53   53    1    1    1    1    1    1    1    1  1.31438E+15 0.00089 
   54   54    1    1    1    1    1    1    1    1  1.56316E+15 0.00106 
   55   55    1    1    1    1    1    1    1    1  1.08579E+15 0.00116 
   56   56    1    1    1    1    1    1    1    1  1.48858E+14 0.00122 
   57   57    1    1    1    1    1    1    1    1  2.15483E+15 0.00117 
   58   58    1    1    1    1    1    1    1    1  9.24413E+14 0.00123 
   59   59    1    1    1    1    1    1    1    1  9.93524E+14 0.00140 
   60   60    1    1    1    1    1    1    1    1  7.54622E+14 0.00137 
   61   61    1    1    1    1    1    1    1    1  7.59207E+14 0.00146 
   62   62    1    1    1    1    1    1    1    1  7.83590E+14 0.00145 
   63   63    1    1    1    1    1    1    1    1  6.53067E+14 0.00133 
   64   64    1    1    1    1    1    1    1    1  5.17591E+14 0.00133 
   65   65    1    1    1    1    1    1    1    1  5.12098E+14 0.00149 
   66   66    1    1    1    1    1    1    1    1  3.71589E+14 0.00157 
   67   67    1    1    1    1    1    1    1    1  3.05844E+14 0.00202 
   68   68    1    1    1    1    1    1    1    1  2.74881E+14 0.00185 
   69   69    1    1    1    1    1    1    1    1  3.30131E+14 0.00169 
   70   70    1    1    1    1    1    1    1    1  2.81781E+14 0.00121 
   71   71    1    1    1    1    1    1    1    1  5.25148E+14 0.00137 
   72   72    1    1    1    1    1    1    1    1  3.73316E+14 0.00202 
   73   73    1    1    1    1    1    1    1    1  2.80800E+14 0.00199 
   74   74    1    1    1    1    1    1    1    1  2.20909E+14 0.00224 
   75   75    1    1    1    1    1    1    1    1  1.79359E+14 0.00225 
   76   76    1    1    1    1    1    1    1    1  2.02798E+14 0.00255 
   77   77    1    1    1    1    1    1    1    1  1.57193E+14 0.00279 
   78   78    1    1    1    1    1    1    1    1  1.22474E+14 0.00288 
   79   79    1    1    1    1    1    1    1    1  1.25585E+14 0.00241 
   80   80    1    1    1    1    1    1    1    1  9.21827E+13 0.00224 
   81   81    1    1    1    1    1    1    1    1  7.03143E+13 0.00357 
   82   82    1    1    1    1    1    1    1    1  5.40413E+13 0.00350 
   83   83    1    1    1    1    1    1    1    1  5.05007E+13 0.00341 
   84   84    1    1    1    1    1    1    1    1  3.63427E+13 0.00328 
   85   85    1    1    1    1    1    1    1    1  2.60738E+13 0.00569 
   86   86    1    1    1    1    1    1    1    1  2.43657E+13 0.00418 
   87   87    1    1    1    1    1    1    1    1  1.51281E+13 0.00593 
   88   88    1    1    1    1    1    1    1    1  1.02581E+13 0.00649 
   89   89    1    1    1    1    1    1    1    1  6.03295E+12 0.01026 
   90   90    1    1    1    1    1    1    1    1  3.90255E+12 0.01414 
   91   91    1    1    1    1    1    1    1    1  1.97928E+12 0.01432 
   92   92    1    1    1    1    1    1    1    1  9.47301E+11 0.02119 
   93   93    1    1    1    1    1    1    1    1  4.58841E+11 0.03617 
   94   94    1    1    1    1    1    1    1    1  2.21801E+11 0.03397 
   95   95    1    1    1    1    1    1    1    1  1.17589E+11 0.05341 
   96   96    1    1    1    1    1    1    1    1  4.96370E+10 0.13345 
   97   97    1    1    1    1    1    1    1    1  3.20107E+10 0.14046 
   98   98    1    1    1    1    1    1    1    1  1.25541E+10 0.22777 
   99   99    1    1    1    1    1    1    1    1  4.40617E+09 0.49407 
  100  100    1    1    1    1    1    1    1    1  4.95659E+09 0.36892 
];


