
DETdpaspec = [
    1    1    1    1    1    1    1    1    1    1  0.00000E+00 0.00000 
    2    2    1    1    1    1    1    1    1    1  0.00000E+00 0.00000 
    3    3    1    1    1    1    1    1    1    1  0.00000E+00 0.00000 
    4    4    1    1    1    1    1    1    1    1  0.00000E+00 0.00000 
    5    5    1    1    1    1    1    1    1    1  0.00000E+00 0.00000 
    6    6    1    1    1    1    1    1    1    1  0.00000E+00 0.00000 
    7    7    1    1    1    1    1    1    1    1  0.00000E+00 0.00000 
    8    8    1    1    1    1    1    1    1    1  0.00000E+00 0.00000 
    9    9    1    1    1    1    1    1    1    1  0.00000E+00 0.00000 
   10   10    1    1    1    1    1    1    1    1  0.00000E+00 0.00000 
   11   11    1    1    1    1    1    1    1    1  0.00000E+00 0.00000 
   12   12    1    1    1    1    1    1    1    1  2.65845E+08 1.00000 
   13   13    1    1    1    1    1    1    1    1  6.56787E+08 1.00000 
   14   14    1    1    1    1    1    1    1    1  4.83437E+08 0.81667 
   15   15    1    1    1    1    1    1    1    1  7.49565E+08 0.87395 
   16   16    1    1    1    1    1    1    1    1  0.00000E+00 0.00000 
   17   17    1    1    1    1    1    1    1    1  6.02697E+08 0.57271 
   18   18    1    1    1    1    1    1    1    1  1.23377E+09 0.68836 
   19   19    1    1    1    1    1    1    1    1  1.70797E+09 0.42491 
   20   20    1    1    1    1    1    1    1    1  1.26155E+10 0.23470 
   21   21    1    1    1    1    1    1    1    1  3.50892E+10 0.12106 
   22   22    1    1    1    1    1    1    1    1  1.59332E+11 0.07968 
   23   23    1    1    1    1    1    1    1    1  6.05014E+11 0.02895 
   24   24    1    1    1    1    1    1    1    1  1.70983E+12 0.01607 
   25   25    1    1    1    1    1    1    1    1  2.53830E+12 0.01551 
   26   26    1    1    1    1    1    1    1    1  4.90620E+12 0.01423 
   27   27    1    1    1    1    1    1    1    1  8.78470E+12 0.00997 
   28   28    1    1    1    1    1    1    1    1  1.52224E+13 0.00659 
   29   29    1    1    1    1    1    1    1    1  2.21541E+13 0.00460 
   30   30    1    1    1    1    1    1    1    1  3.97021E+13 0.00379 
   31   31    1    1    1    1    1    1    1    1  7.38248E+13 0.00289 
   32   32    1    1    1    1    1    1    1    1  1.01664E+14 0.00269 
   33   33    1    1    1    1    1    1    1    1  1.89580E+14 0.00191 
   34   34    1    1    1    1    1    1    1    1  2.23343E+14 0.00222 
   35   35    1    1    1    1    1    1    1    1  2.22180E+14 0.00174 
   36   36    1    1    1    1    1    1    1    1  1.31275E+14 0.00165 
   37   37    1    1    1    1    1    1    1    1  3.79763E+13 0.00181 
   38   38    1    1    1    1    1    1    1    1  2.14800E+14 0.00159 
   39   39    1    1    1    1    1    1    1    1  2.78668E+14 0.00137 
   40   40    1    1    1    1    1    1    1    1  4.66615E+14 0.00132 
   41   41    1    1    1    1    1    1    1    1  4.38021E+14 0.00139 
   42   42    1    1    1    1    1    1    1    1  9.16716E+14 0.00120 
   43   43    1    1    1    1    1    1    1    1  1.06460E+15 0.00103 
   44   44    1    1    1    1    1    1    1    1  1.46763E+15 0.00111 
   45   45    1    1    1    1    1    1    1    1  2.78223E+15 0.00098 
   46   46    1    1    1    1    1    1    1    1  1.23541E+15 0.00099 
   47   47    1    1    1    1    1    1    1    1  1.91538E+15 0.00078 
   48   48    1    1    1    1    1    1    1    1  2.58947E+15 0.00091 
   49   49    1    1    1    1    1    1    1    1  2.46193E+15 0.00094 
   50   50    1    1    1    1    1    1    1    1  3.78704E+15 0.00073 
   51   51    1    1    1    1    1    1    1    1  2.86583E+15 0.00095 
   52   52    1    1    1    1    1    1    1    1  3.40588E+15 0.00087 
   53   53    1    1    1    1    1    1    1    1  2.30505E+15 0.00096 
   54   54    1    1    1    1    1    1    1    1  2.84145E+15 0.00085 
   55   55    1    1    1    1    1    1    1    1  1.92686E+15 0.00104 
   56   56    1    1    1    1    1    1    1    1  2.58787E+14 0.00106 
   57   57    1    1    1    1    1    1    1    1  3.75379E+15 0.00088 
   58   58    1    1    1    1    1    1    1    1  1.69836E+15 0.00113 
   59   59    1    1    1    1    1    1    1    1  1.77622E+15 0.00117 
   60   60    1    1    1    1    1    1    1    1  1.39856E+15 0.00117 
   61   61    1    1    1    1    1    1    1    1  1.38628E+15 0.00109 
   62   62    1    1    1    1    1    1    1    1  1.43145E+15 0.00117 
   63   63    1    1    1    1    1    1    1    1  1.19841E+15 0.00131 
   64   64    1    1    1    1    1    1    1    1  9.43343E+14 0.00115 
   65   65    1    1    1    1    1    1    1    1  9.28298E+14 0.00100 
   66   66    1    1    1    1    1    1    1    1  6.70357E+14 0.00121 
   67   67    1    1    1    1    1    1    1    1  5.38965E+14 0.00147 
   68   68    1    1    1    1    1    1    1    1  4.78359E+14 0.00097 
   69   69    1    1    1    1    1    1    1    1  5.70713E+14 0.00127 
   70   70    1    1    1    1    1    1    1    1  4.79886E+14 0.00117 
   71   71    1    1    1    1    1    1    1    1  8.48210E+14 0.00164 
   72   72    1    1    1    1    1    1    1    1  5.90265E+14 0.00153 
   73   73    1    1    1    1    1    1    1    1  4.43306E+14 0.00160 
   74   74    1    1    1    1    1    1    1    1  3.59625E+14 0.00165 
   75   75    1    1    1    1    1    1    1    1  3.01819E+14 0.00191 
   76   76    1    1    1    1    1    1    1    1  3.52678E+14 0.00147 
   77   77    1    1    1    1    1    1    1    1  2.81196E+14 0.00151 
   78   78    1    1    1    1    1    1    1    1  2.24954E+14 0.00156 
   79   79    1    1    1    1    1    1    1    1  2.33456E+14 0.00177 
   80   80    1    1    1    1    1    1    1    1  1.72449E+14 0.00229 
   81   81    1    1    1    1    1    1    1    1  1.32352E+14 0.00231 
   82   82    1    1    1    1    1    1    1    1  1.01019E+14 0.00299 
   83   83    1    1    1    1    1    1    1    1  9.44073E+13 0.00302 
   84   84    1    1    1    1    1    1    1    1  6.71243E+13 0.00275 
   85   85    1    1    1    1    1    1    1    1  4.83790E+13 0.00361 
   86   86    1    1    1    1    1    1    1    1  4.49059E+13 0.00440 
   87   87    1    1    1    1    1    1    1    1  2.72335E+13 0.00459 
   88   88    1    1    1    1    1    1    1    1  1.79415E+13 0.00403 
   89   89    1    1    1    1    1    1    1    1  1.02000E+13 0.00526 
   90   90    1    1    1    1    1    1    1    1  6.59508E+12 0.00789 
   91   91    1    1    1    1    1    1    1    1  3.22800E+12 0.01158 
   92   92    1    1    1    1    1    1    1    1  1.51313E+12 0.01641 
   93   93    1    1    1    1    1    1    1    1  6.84119E+11 0.02498 
   94   94    1    1    1    1    1    1    1    1  3.48231E+11 0.03613 
   95   95    1    1    1    1    1    1    1    1  1.52876E+11 0.05373 
   96   96    1    1    1    1    1    1    1    1  7.02133E+10 0.07442 
   97   97    1    1    1    1    1    1    1    1  3.29965E+10 0.13637 
   98   98    1    1    1    1    1    1    1    1  1.90431E+10 0.15073 
   99   99    1    1    1    1    1    1    1    1  8.00644E+09 0.22232 
  100  100    1    1    1    1    1    1    1    1  7.53772E+09 0.36014 
];


