
DETdpaspec = [
    1    1    1    1    1    1    1    1    1    1  0.00000E+00 0.00000 
    2    2    1    1    1    1    1    1    1    1  4.87380E+06 1.00000 
    3    3    1    1    1    1    1    1    1    1  0.00000E+00 0.00000 
    4    4    1    1    1    1    1    1    1    1  0.00000E+00 0.00000 
    5    5    1    1    1    1    1    1    1    1  0.00000E+00 0.00000 
    6    6    1    1    1    1    1    1    1    1  7.26707E+06 1.00000 
    7    7    1    1    1    1    1    1    1    1  0.00000E+00 0.00000 
    8    8    1    1    1    1    1    1    1    1  0.00000E+00 0.00000 
    9    9    1    1    1    1    1    1    1    1  7.41094E+06 1.00000 
   10   10    1    1    1    1    1    1    1    1  0.00000E+00 0.00000 
   11   11    1    1    1    1    1    1    1    1  2.19005E+08 0.49337 
   12   12    1    1    1    1    1    1    1    1  1.36100E+08 0.71433 
   13   13    1    1    1    1    1    1    1    1  1.50196E+08 0.81934 
   14   14    1    1    1    1    1    1    1    1  2.03224E+09 0.40352 
   15   15    1    1    1    1    1    1    1    1  4.93723E+09 0.28296 
   16   16    1    1    1    1    1    1    1    1  9.46901E+08 0.49162 
   17   17    1    1    1    1    1    1    1    1  1.90653E+09 0.19360 
   18   18    1    1    1    1    1    1    1    1  6.28965E+09 0.15912 
   19   19    1    1    1    1    1    1    1    1  7.03420E+09 0.19264 
   20   20    1    1    1    1    1    1    1    1  2.49571E+10 0.10497 
   21   21    1    1    1    1    1    1    1    1  1.33196E+10 0.12721 
   22   22    1    1    1    1    1    1    1    1  4.39519E+10 0.13185 
   23   23    1    1    1    1    1    1    1    1  6.13928E+10 0.08872 
   24   24    1    1    1    1    1    1    1    1  1.11230E+11 0.04587 
   25   25    1    1    1    1    1    1    1    1  1.27100E+11 0.05112 
   26   26    1    1    1    1    1    1    1    1  2.18107E+11 0.04156 
   27   27    1    1    1    1    1    1    1    1  3.77671E+11 0.02579 
   28   28    1    1    1    1    1    1    1    1  7.36450E+11 0.02445 
   29   29    1    1    1    1    1    1    1    1  1.05033E+12 0.02488 
   30   30    1    1    1    1    1    1    1    1  3.20458E+12 0.01479 
   31   31    1    1    1    1    1    1    1    1  9.76488E+12 0.00849 
   32   32    1    1    1    1    1    1    1    1  1.79449E+13 0.00556 
   33   33    1    1    1    1    1    1    1    1  4.06900E+13 0.00360 
   34   34    1    1    1    1    1    1    1    1  5.47773E+13 0.00304 
   35   35    1    1    1    1    1    1    1    1  7.74061E+13 0.00237 
   36   36    1    1    1    1    1    1    1    1  5.47402E+13 0.00209 
   37   37    1    1    1    1    1    1    1    1  1.71933E+13 0.00265 
   38   38    1    1    1    1    1    1    1    1  9.30268E+13 0.00149 
   39   39    1    1    1    1    1    1    1    1  1.24094E+14 0.00145 
   40   40    1    1    1    1    1    1    1    1  2.10557E+14 0.00119 
   41   41    1    1    1    1    1    1    1    1  2.15939E+14 0.00116 
   42   42    1    1    1    1    1    1    1    1  4.45863E+14 0.00110 
   43   43    1    1    1    1    1    1    1    1  5.32741E+14 0.00104 
   44   44    1    1    1    1    1    1    1    1  7.59609E+14 0.00127 
   45   45    1    1    1    1    1    1    1    1  1.47270E+15 0.00123 
   46   46    1    1    1    1    1    1    1    1  7.03495E+14 0.00111 
   47   47    1    1    1    1    1    1    1    1  1.13039E+15 0.00097 
   48   48    1    1    1    1    1    1    1    1  1.57518E+15 0.00124 
   49   49    1    1    1    1    1    1    1    1  1.55327E+15 0.00125 
   50   50    1    1    1    1    1    1    1    1  2.38839E+15 0.00103 
   51   51    1    1    1    1    1    1    1    1  1.92534E+15 0.00102 
   52   52    1    1    1    1    1    1    1    1  2.24283E+15 0.00121 
   53   53    1    1    1    1    1    1    1    1  1.56995E+15 0.00126 
   54   54    1    1    1    1    1    1    1    1  1.88735E+15 0.00088 
   55   55    1    1    1    1    1    1    1    1  1.30701E+15 0.00095 
   56   56    1    1    1    1    1    1    1    1  1.78708E+14 0.00138 
   57   57    1    1    1    1    1    1    1    1  2.59719E+15 0.00093 
   58   58    1    1    1    1    1    1    1    1  1.12990E+15 0.00133 
   59   59    1    1    1    1    1    1    1    1  1.21155E+15 0.00115 
   60   60    1    1    1    1    1    1    1    1  9.29559E+14 0.00097 
   61   61    1    1    1    1    1    1    1    1  9.34733E+14 0.00127 
   62   62    1    1    1    1    1    1    1    1  9.67393E+14 0.00131 
   63   63    1    1    1    1    1    1    1    1  8.10419E+14 0.00129 
   64   64    1    1    1    1    1    1    1    1  6.43749E+14 0.00133 
   65   65    1    1    1    1    1    1    1    1  6.37186E+14 0.00117 
   66   66    1    1    1    1    1    1    1    1  4.63272E+14 0.00106 
   67   67    1    1    1    1    1    1    1    1  3.80103E+14 0.00129 
   68   68    1    1    1    1    1    1    1    1  3.41726E+14 0.00136 
   69   69    1    1    1    1    1    1    1    1  4.09520E+14 0.00164 
   70   70    1    1    1    1    1    1    1    1  3.48970E+14 0.00150 
   71   71    1    1    1    1    1    1    1    1  6.46920E+14 0.00132 
   72   72    1    1    1    1    1    1    1    1  4.59839E+14 0.00169 
   73   73    1    1    1    1    1    1    1    1  3.46329E+14 0.00173 
   74   74    1    1    1    1    1    1    1    1  2.74969E+14 0.00196 
   75   75    1    1    1    1    1    1    1    1  2.24795E+14 0.00176 
   76   76    1    1    1    1    1    1    1    1  2.57606E+14 0.00235 
   77   77    1    1    1    1    1    1    1    1  2.00680E+14 0.00162 
   78   78    1    1    1    1    1    1    1    1  1.57931E+14 0.00200 
   79   79    1    1    1    1    1    1    1    1  1.61508E+14 0.00227 
   80   80    1    1    1    1    1    1    1    1  1.19141E+14 0.00295 
   81   81    1    1    1    1    1    1    1    1  9.14897E+13 0.00273 
   82   82    1    1    1    1    1    1    1    1  7.04354E+13 0.00228 
   83   83    1    1    1    1    1    1    1    1  6.55912E+13 0.00220 
   84   84    1    1    1    1    1    1    1    1  4.71201E+13 0.00344 
   85   85    1    1    1    1    1    1    1    1  3.39059E+13 0.00439 
   86   86    1    1    1    1    1    1    1    1  3.15006E+13 0.00421 
   87   87    1    1    1    1    1    1    1    1  1.96508E+13 0.00610 
   88   88    1    1    1    1    1    1    1    1  1.33984E+13 0.00790 
   89   89    1    1    1    1    1    1    1    1  7.59563E+12 0.00735 
   90   90    1    1    1    1    1    1    1    1  5.08162E+12 0.00935 
   91   91    1    1    1    1    1    1    1    1  2.51959E+12 0.01192 
   92   92    1    1    1    1    1    1    1    1  1.25171E+12 0.01671 
   93   93    1    1    1    1    1    1    1    1  5.99471E+11 0.03036 
   94   94    1    1    1    1    1    1    1    1  2.72925E+11 0.03612 
   95   95    1    1    1    1    1    1    1    1  1.35150E+11 0.04259 
   96   96    1    1    1    1    1    1    1    1  6.90351E+10 0.10396 
   97   97    1    1    1    1    1    1    1    1  3.51106E+10 0.08735 
   98   98    1    1    1    1    1    1    1    1  1.44962E+10 0.22027 
   99   99    1    1    1    1    1    1    1    1  9.39756E+09 0.30828 
  100  100    1    1    1    1    1    1    1    1  7.96676E+09 0.28159 
];


