
DETdpaspec = [
    1    1    1    1    1    1    1    1    1    1  0.00000E+00 0.00000 
    2    2    1    1    1    1    1    1    1    1  0.00000E+00 0.00000 
    3    3    1    1    1    1    1    1    1    1  0.00000E+00 0.00000 
    4    4    1    1    1    1    1    1    1    1  0.00000E+00 0.00000 
    5    5    1    1    1    1    1    1    1    1  0.00000E+00 0.00000 
    6    6    1    1    1    1    1    1    1    1  0.00000E+00 0.00000 
    7    7    1    1    1    1    1    1    1    1  0.00000E+00 0.00000 
    8    8    1    1    1    1    1    1    1    1  0.00000E+00 0.00000 
    9    9    1    1    1    1    1    1    1    1  0.00000E+00 0.00000 
   10   10    1    1    1    1    1    1    1    1  0.00000E+00 0.00000 
   11   11    1    1    1    1    1    1    1    1  5.09575E+07 1.00000 
   12   12    1    1    1    1    1    1    1    1  4.06977E+07 0.70485 
   13   13    1    1    1    1    1    1    1    1  2.63346E+09 0.36406 
   14   14    1    1    1    1    1    1    1    1  3.40102E+09 0.26316 
   15   15    1    1    1    1    1    1    1    1  4.47795E+09 0.26013 
   16   16    1    1    1    1    1    1    1    1  1.79368E+09 0.23467 
   17   17    1    1    1    1    1    1    1    1  3.27490E+09 0.15709 
   18   18    1    1    1    1    1    1    1    1  8.96429E+09 0.15298 
   19   19    1    1    1    1    1    1    1    1  8.53056E+09 0.17134 
   20   20    1    1    1    1    1    1    1    1  2.98075E+10 0.12781 
   21   21    1    1    1    1    1    1    1    1  2.33369E+10 0.08956 
   22   22    1    1    1    1    1    1    1    1  5.38161E+10 0.06904 
   23   23    1    1    1    1    1    1    1    1  7.19951E+10 0.06504 
   24   24    1    1    1    1    1    1    1    1  1.08920E+11 0.06325 
   25   25    1    1    1    1    1    1    1    1  1.49587E+11 0.04614 
   26   26    1    1    1    1    1    1    1    1  2.45783E+11 0.04463 
   27   27    1    1    1    1    1    1    1    1  4.44210E+11 0.03292 
   28   28    1    1    1    1    1    1    1    1  7.67814E+11 0.02656 
   29   29    1    1    1    1    1    1    1    1  9.92739E+11 0.01501 
   30   30    1    1    1    1    1    1    1    1  3.19309E+12 0.01176 
   31   31    1    1    1    1    1    1    1    1  9.54457E+12 0.00809 
   32   32    1    1    1    1    1    1    1    1  1.73277E+13 0.00723 
   33   33    1    1    1    1    1    1    1    1  3.71165E+13 0.00467 
   34   34    1    1    1    1    1    1    1    1  4.78411E+13 0.00408 
   35   35    1    1    1    1    1    1    1    1  6.95018E+13 0.00286 
   36   36    1    1    1    1    1    1    1    1  4.94966E+13 0.00195 
   37   37    1    1    1    1    1    1    1    1  1.57020E+13 0.00245 
   38   38    1    1    1    1    1    1    1    1  8.28996E+13 0.00204 
   39   39    1    1    1    1    1    1    1    1  1.10154E+14 0.00142 
   40   40    1    1    1    1    1    1    1    1  1.81901E+14 0.00137 
   41   41    1    1    1    1    1    1    1    1  1.88753E+14 0.00170 
   42   42    1    1    1    1    1    1    1    1  3.79291E+14 0.00156 
   43   43    1    1    1    1    1    1    1    1  4.47557E+14 0.00131 
   44   44    1    1    1    1    1    1    1    1  6.29823E+14 0.00132 
   45   45    1    1    1    1    1    1    1    1  1.19061E+15 0.00138 
   46   46    1    1    1    1    1    1    1    1  5.67732E+14 0.00125 
   47   47    1    1    1    1    1    1    1    1  9.11906E+14 0.00134 
   48   48    1    1    1    1    1    1    1    1  1.26082E+15 0.00129 
   49   49    1    1    1    1    1    1    1    1  1.24042E+15 0.00119 
   50   50    1    1    1    1    1    1    1    1  1.87958E+15 0.00135 
   51   51    1    1    1    1    1    1    1    1  1.52526E+15 0.00121 
   52   52    1    1    1    1    1    1    1    1  1.74166E+15 0.00112 
   53   53    1    1    1    1    1    1    1    1  1.21992E+15 0.00121 
   54   54    1    1    1    1    1    1    1    1  1.44391E+15 0.00120 
   55   55    1    1    1    1    1    1    1    1  1.00182E+15 0.00118 
   56   56    1    1    1    1    1    1    1    1  1.38036E+14 0.00183 
   57   57    1    1    1    1    1    1    1    1  1.98797E+15 0.00114 
   58   58    1    1    1    1    1    1    1    1  8.48217E+14 0.00137 
   59   59    1    1    1    1    1    1    1    1  9.10900E+14 0.00155 
   60   60    1    1    1    1    1    1    1    1  6.89473E+14 0.00184 
   61   61    1    1    1    1    1    1    1    1  6.94053E+14 0.00149 
   62   62    1    1    1    1    1    1    1    1  7.15600E+14 0.00147 
   63   63    1    1    1    1    1    1    1    1  5.95506E+14 0.00134 
   64   64    1    1    1    1    1    1    1    1  4.72724E+14 0.00115 
   65   65    1    1    1    1    1    1    1    1  4.67303E+14 0.00176 
   66   66    1    1    1    1    1    1    1    1  3.39053E+14 0.00163 
   67   67    1    1    1    1    1    1    1    1  2.78668E+14 0.00208 
   68   68    1    1    1    1    1    1    1    1  2.51338E+14 0.00181 
   69   69    1    1    1    1    1    1    1    1  3.00967E+14 0.00120 
   70   70    1    1    1    1    1    1    1    1  2.57529E+14 0.00195 
   71   71    1    1    1    1    1    1    1    1  4.80779E+14 0.00209 
   72   72    1    1    1    1    1    1    1    1  3.42916E+14 0.00166 
   73   73    1    1    1    1    1    1    1    1  2.56526E+14 0.00213 
   74   74    1    1    1    1    1    1    1    1  2.01672E+14 0.00225 
   75   75    1    1    1    1    1    1    1    1  1.63343E+14 0.00206 
   76   76    1    1    1    1    1    1    1    1  1.84623E+14 0.00246 
   77   77    1    1    1    1    1    1    1    1  1.42811E+14 0.00190 
   78   78    1    1    1    1    1    1    1    1  1.11009E+14 0.00253 
   79   79    1    1    1    1    1    1    1    1  1.12649E+14 0.00255 
   80   80    1    1    1    1    1    1    1    1  8.30517E+13 0.00241 
   81   81    1    1    1    1    1    1    1    1  6.32113E+13 0.00223 
   82   82    1    1    1    1    1    1    1    1  4.84623E+13 0.00341 
   83   83    1    1    1    1    1    1    1    1  4.51246E+13 0.00416 
   84   84    1    1    1    1    1    1    1    1  3.24946E+13 0.00482 
   85   85    1    1    1    1    1    1    1    1  2.33411E+13 0.00419 
   86   86    1    1    1    1    1    1    1    1  2.17088E+13 0.00481 
   87   87    1    1    1    1    1    1    1    1  1.35318E+13 0.00763 
   88   88    1    1    1    1    1    1    1    1  9.25771E+12 0.00795 
   89   89    1    1    1    1    1    1    1    1  5.27684E+12 0.01098 
   90   90    1    1    1    1    1    1    1    1  3.48991E+12 0.01472 
   91   91    1    1    1    1    1    1    1    1  1.77782E+12 0.01829 
   92   92    1    1    1    1    1    1    1    1  8.46410E+11 0.02206 
   93   93    1    1    1    1    1    1    1    1  4.27467E+11 0.03983 
   94   94    1    1    1    1    1    1    1    1  2.09979E+11 0.05219 
   95   95    1    1    1    1    1    1    1    1  9.13532E+10 0.09203 
   96   96    1    1    1    1    1    1    1    1  5.35231E+10 0.08589 
   97   97    1    1    1    1    1    1    1    1  2.04491E+10 0.16880 
   98   98    1    1    1    1    1    1    1    1  9.12421E+09 0.25872 
   99   99    1    1    1    1    1    1    1    1  4.94278E+09 0.33064 
  100  100    1    1    1    1    1    1    1    1  7.57295E+08 0.72649 
];


