
DETdpaspec = [
    1    1    1    1    1    1    1    1    1    1  0.00000E+00 0.00000 
    2    2    1    1    1    1    1    1    1    1  0.00000E+00 0.00000 
    3    3    1    1    1    1    1    1    1    1  0.00000E+00 0.00000 
    4    4    1    1    1    1    1    1    1    1  0.00000E+00 0.00000 
    5    5    1    1    1    1    1    1    1    1  0.00000E+00 0.00000 
    6    6    1    1    1    1    1    1    1    1  2.14159E+07 1.00000 
    7    7    1    1    1    1    1    1    1    1  0.00000E+00 0.00000 
    8    8    1    1    1    1    1    1    1    1  0.00000E+00 0.00000 
    9    9    1    1    1    1    1    1    1    1  0.00000E+00 0.00000 
   10   10    1    1    1    1    1    1    1    1  0.00000E+00 0.00000 
   11   11    1    1    1    1    1    1    1    1  6.70033E+07 1.00000 
   12   12    1    1    1    1    1    1    1    1  1.27100E+08 1.00000 
   13   13    1    1    1    1    1    1    1    1  0.00000E+00 0.00000 
   14   14    1    1    1    1    1    1    1    1  1.34870E+09 0.59873 
   15   15    1    1    1    1    1    1    1    1  5.23162E+09 0.45305 
   16   16    1    1    1    1    1    1    1    1  1.36980E+09 0.62223 
   17   17    1    1    1    1    1    1    1    1  2.15746E+09 0.34016 
   18   18    1    1    1    1    1    1    1    1  4.32005E+09 0.43711 
   19   19    1    1    1    1    1    1    1    1  7.34200E+09 0.32571 
   20   20    1    1    1    1    1    1    1    1  1.26449E+10 0.22269 
   21   21    1    1    1    1    1    1    1    1  1.12383E+10 0.14484 
   22   22    1    1    1    1    1    1    1    1  2.91884E+10 0.10765 
   23   23    1    1    1    1    1    1    1    1  6.55579E+10 0.08801 
   24   24    1    1    1    1    1    1    1    1  1.82445E+11 0.05482 
   25   25    1    1    1    1    1    1    1    1  3.04309E+11 0.05136 
   26   26    1    1    1    1    1    1    1    1  6.54120E+11 0.03798 
   27   27    1    1    1    1    1    1    1    1  1.47677E+12 0.02706 
   28   28    1    1    1    1    1    1    1    1  3.51760E+12 0.01529 
   29   29    1    1    1    1    1    1    1    1  6.15624E+12 0.01074 
   30   30    1    1    1    1    1    1    1    1  1.33032E+13 0.00775 
   31   31    1    1    1    1    1    1    1    1  3.29937E+13 0.00506 
   32   32    1    1    1    1    1    1    1    1  5.27604E+13 0.00300 
   33   33    1    1    1    1    1    1    1    1  1.12235E+14 0.00234 
   34   34    1    1    1    1    1    1    1    1  1.46488E+14 0.00187 
   35   35    1    1    1    1    1    1    1    1  1.61759E+14 0.00204 
   36   36    1    1    1    1    1    1    1    1  1.01733E+14 0.00179 
   37   37    1    1    1    1    1    1    1    1  2.99785E+13 0.00153 
   38   38    1    1    1    1    1    1    1    1  1.69786E+14 0.00130 
   39   39    1    1    1    1    1    1    1    1  2.24717E+14 0.00142 
   40   40    1    1    1    1    1    1    1    1  3.84054E+14 0.00110 
   41   41    1    1    1    1    1    1    1    1  3.69814E+14 0.00126 
   42   42    1    1    1    1    1    1    1    1  7.83278E+14 0.00114 
   43   43    1    1    1    1    1    1    1    1  9.30362E+14 0.00111 
   44   44    1    1    1    1    1    1    1    1  1.31435E+15 0.00094 
   45   45    1    1    1    1    1    1    1    1  2.57389E+15 0.00084 
   46   46    1    1    1    1    1    1    1    1  1.17951E+15 0.00062 
   47   47    1    1    1    1    1    1    1    1  1.85282E+15 0.00069 
   48   48    1    1    1    1    1    1    1    1  2.55997E+15 0.00063 
   49   49    1    1    1    1    1    1    1    1  2.47541E+15 0.00054 
   50   50    1    1    1    1    1    1    1    1  3.87510E+15 0.00038 
   51   51    1    1    1    1    1    1    1    1  3.00248E+15 0.00052 
   52   52    1    1    1    1    1    1    1    1  3.60135E+15 0.00040 
   53   53    1    1    1    1    1    1    1    1  2.48016E+15 0.00054 
   54   54    1    1    1    1    1    1    1    1  3.07886E+15 0.00050 
   55   55    1    1    1    1    1    1    1    1  2.10958E+15 0.00059 
   56   56    1    1    1    1    1    1    1    1  2.85066E+14 0.00083 
   57   57    1    1    1    1    1    1    1    1  4.15891E+15 0.00064 
   58   58    1    1    1    1    1    1    1    1  1.89054E+15 0.00071 
   59   59    1    1    1    1    1    1    1    1  1.99389E+15 0.00060 
   60   60    1    1    1    1    1    1    1    1  1.57747E+15 0.00074 
   61   61    1    1    1    1    1    1    1    1  1.57293E+15 0.00090 
   62   62    1    1    1    1    1    1    1    1  1.63237E+15 0.00074 
   63   63    1    1    1    1    1    1    1    1  1.37493E+15 0.00069 
   64   64    1    1    1    1    1    1    1    1  1.09086E+15 0.00054 
   65   65    1    1    1    1    1    1    1    1  1.08137E+15 0.00071 
   66   66    1    1    1    1    1    1    1    1  7.85608E+14 0.00061 
   67   67    1    1    1    1    1    1    1    1  6.35022E+14 0.00087 
   68   68    1    1    1    1    1    1    1    1  5.66063E+14 0.00096 
   69   69    1    1    1    1    1    1    1    1  6.78331E+14 0.00090 
   70   70    1    1    1    1    1    1    1    1  5.75344E+14 0.00103 
   71   71    1    1    1    1    1    1    1    1  1.03038E+15 0.00065 
   72   72    1    1    1    1    1    1    1    1  7.25265E+14 0.00102 
   73   73    1    1    1    1    1    1    1    1  5.47243E+14 0.00078 
   74   74    1    1    1    1    1    1    1    1  4.45330E+14 0.00102 
   75   75    1    1    1    1    1    1    1    1  3.73165E+14 0.00128 
   76   76    1    1    1    1    1    1    1    1  4.38022E+14 0.00125 
   77   77    1    1    1    1    1    1    1    1  3.50608E+14 0.00102 
   78   78    1    1    1    1    1    1    1    1  2.79902E+14 0.00140 
   79   79    1    1    1    1    1    1    1    1  2.91260E+14 0.00112 
   80   80    1    1    1    1    1    1    1    1  2.16813E+14 0.00192 
   81   81    1    1    1    1    1    1    1    1  1.66734E+14 0.00217 
   82   82    1    1    1    1    1    1    1    1  1.28220E+14 0.00169 
   83   83    1    1    1    1    1    1    1    1  1.20290E+14 0.00197 
   84   84    1    1    1    1    1    1    1    1  8.62559E+13 0.00232 
   85   85    1    1    1    1    1    1    1    1  6.25376E+13 0.00343 
   86   86    1    1    1    1    1    1    1    1  5.84045E+13 0.00417 
   87   87    1    1    1    1    1    1    1    1  3.57354E+13 0.00409 
   88   88    1    1    1    1    1    1    1    1  2.39107E+13 0.00490 
   89   89    1    1    1    1    1    1    1    1  1.36260E+13 0.00434 
   90   90    1    1    1    1    1    1    1    1  9.02467E+12 0.00662 
   91   91    1    1    1    1    1    1    1    1  4.48204E+12 0.00850 
   92   92    1    1    1    1    1    1    1    1  2.18301E+12 0.01711 
   93   93    1    1    1    1    1    1    1    1  1.02100E+12 0.02155 
   94   94    1    1    1    1    1    1    1    1  5.14468E+11 0.02249 
   95   95    1    1    1    1    1    1    1    1  2.46080E+11 0.04888 
   96   96    1    1    1    1    1    1    1    1  1.03361E+11 0.07291 
   97   97    1    1    1    1    1    1    1    1  4.81319E+10 0.10223 
   98   98    1    1    1    1    1    1    1    1  2.20896E+10 0.11554 
   99   99    1    1    1    1    1    1    1    1  1.57503E+10 0.27311 
  100  100    1    1    1    1    1    1    1    1  1.28180E+10 0.17473 
];


