
DETdpaspec = [
    1    1    1    1    1    1    1    1    1    1  0.00000E+00 0.00000 
    2    2    1    1    1    1    1    1    1    1  0.00000E+00 0.00000 
    3    3    1    1    1    1    1    1    1    1  0.00000E+00 0.00000 
    4    4    1    1    1    1    1    1    1    1  0.00000E+00 0.00000 
    5    5    1    1    1    1    1    1    1    1  0.00000E+00 0.00000 
    6    6    1    1    1    1    1    1    1    1  0.00000E+00 0.00000 
    7    7    1    1    1    1    1    1    1    1  0.00000E+00 0.00000 
    8    8    1    1    1    1    1    1    1    1  1.25121E+07 1.00000 
    9    9    1    1    1    1    1    1    1    1  0.00000E+00 0.00000 
   10   10    1    1    1    1    1    1    1    1  2.49633E+07 1.00000 
   11   11    1    1    1    1    1    1    1    1  1.95626E+08 0.76342 
   12   12    1    1    1    1    1    1    1    1  1.53723E+08 0.61442 
   13   13    1    1    1    1    1    1    1    1  9.25811E+08 0.73036 
   14   14    1    1    1    1    1    1    1    1  2.56879E+09 0.46928 
   15   15    1    1    1    1    1    1    1    1  1.75354E+09 0.52944 
   16   16    1    1    1    1    1    1    1    1  8.73303E+08 0.31257 
   17   17    1    1    1    1    1    1    1    1  1.92062E+09 0.26953 
   18   18    1    1    1    1    1    1    1    1  4.22305E+09 0.25776 
   19   19    1    1    1    1    1    1    1    1  7.70052E+09 0.22132 
   20   20    1    1    1    1    1    1    1    1  1.84584E+10 0.15977 
   21   21    1    1    1    1    1    1    1    1  1.40995E+10 0.16710 
   22   22    1    1    1    1    1    1    1    1  4.13530E+10 0.09134 
   23   23    1    1    1    1    1    1    1    1  6.26540E+10 0.08757 
   24   24    1    1    1    1    1    1    1    1  9.96417E+10 0.07027 
   25   25    1    1    1    1    1    1    1    1  1.29532E+11 0.04318 
   26   26    1    1    1    1    1    1    1    1  2.21704E+11 0.05198 
   27   27    1    1    1    1    1    1    1    1  3.86680E+11 0.04396 
   28   28    1    1    1    1    1    1    1    1  8.89797E+11 0.02347 
   29   29    1    1    1    1    1    1    1    1  1.47660E+12 0.01864 
   30   30    1    1    1    1    1    1    1    1  4.12794E+12 0.01140 
   31   31    1    1    1    1    1    1    1    1  1.25780E+13 0.00898 
   32   32    1    1    1    1    1    1    1    1  2.29473E+13 0.00749 
   33   33    1    1    1    1    1    1    1    1  5.29045E+13 0.00510 
   34   34    1    1    1    1    1    1    1    1  7.33990E+13 0.00325 
   35   35    1    1    1    1    1    1    1    1  9.68712E+13 0.00265 
   36   36    1    1    1    1    1    1    1    1  6.62975E+13 0.00184 
   37   37    1    1    1    1    1    1    1    1  2.03229E+13 0.00239 
   38   38    1    1    1    1    1    1    1    1  1.13185E+14 0.00223 
   39   39    1    1    1    1    1    1    1    1  1.51860E+14 0.00231 
   40   40    1    1    1    1    1    1    1    1  2.61076E+14 0.00141 
   41   41    1    1    1    1    1    1    1    1  2.62821E+14 0.00163 
   42   42    1    1    1    1    1    1    1    1  5.55670E+14 0.00161 
   43   43    1    1    1    1    1    1    1    1  6.69293E+14 0.00120 
   44   44    1    1    1    1    1    1    1    1  9.61659E+14 0.00120 
   45   45    1    1    1    1    1    1    1    1  1.90684E+15 0.00129 
   46   46    1    1    1    1    1    1    1    1  9.04563E+14 0.00085 
   47   47    1    1    1    1    1    1    1    1  1.44686E+15 0.00103 
   48   48    1    1    1    1    1    1    1    1  2.02868E+15 0.00090 
   49   49    1    1    1    1    1    1    1    1  1.99690E+15 0.00075 
   50   50    1    1    1    1    1    1    1    1  3.12691E+15 0.00080 
   51   51    1    1    1    1    1    1    1    1  2.49133E+15 0.00068 
   52   52    1    1    1    1    1    1    1    1  2.96218E+15 0.00079 
   53   53    1    1    1    1    1    1    1    1  2.06785E+15 0.00085 
   54   54    1    1    1    1    1    1    1    1  2.53807E+15 0.00072 
   55   55    1    1    1    1    1    1    1    1  1.75536E+15 0.00079 
   56   56    1    1    1    1    1    1    1    1  2.38994E+14 0.00123 
   57   57    1    1    1    1    1    1    1    1  3.48765E+15 0.00088 
   58   58    1    1    1    1    1    1    1    1  1.55813E+15 0.00093 
   59   59    1    1    1    1    1    1    1    1  1.66252E+15 0.00097 
   60   60    1    1    1    1    1    1    1    1  1.29983E+15 0.00121 
   61   61    1    1    1    1    1    1    1    1  1.30225E+15 0.00112 
   62   62    1    1    1    1    1    1    1    1  1.35570E+15 0.00099 
   63   63    1    1    1    1    1    1    1    1  1.14184E+15 0.00132 
   64   64    1    1    1    1    1    1    1    1  9.07858E+14 0.00081 
   65   65    1    1    1    1    1    1    1    1  9.02701E+14 0.00129 
   66   66    1    1    1    1    1    1    1    1  6.57795E+14 0.00104 
   67   67    1    1    1    1    1    1    1    1  5.36278E+14 0.00133 
   68   68    1    1    1    1    1    1    1    1  4.79673E+14 0.00128 
   69   69    1    1    1    1    1    1    1    1  5.78314E+14 0.00071 
   70   70    1    1    1    1    1    1    1    1  4.92388E+14 0.00117 
   71   71    1    1    1    1    1    1    1    1  8.97723E+14 0.00116 
   72   72    1    1    1    1    1    1    1    1  6.38223E+14 0.00126 
   73   73    1    1    1    1    1    1    1    1  4.82494E+14 0.00168 
   74   74    1    1    1    1    1    1    1    1  3.87907E+14 0.00122 
   75   75    1    1    1    1    1    1    1    1  3.21566E+14 0.00172 
   76   76    1    1    1    1    1    1    1    1  3.72336E+14 0.00169 
   77   77    1    1    1    1    1    1    1    1  2.94576E+14 0.00188 
   78   78    1    1    1    1    1    1    1    1  2.33860E+14 0.00171 
   79   79    1    1    1    1    1    1    1    1  2.41065E+14 0.00188 
   80   80    1    1    1    1    1    1    1    1  1.79103E+14 0.00143 
   81   81    1    1    1    1    1    1    1    1  1.38542E+14 0.00235 
   82   82    1    1    1    1    1    1    1    1  1.05952E+14 0.00190 
   83   83    1    1    1    1    1    1    1    1  9.94042E+13 0.00233 
   84   84    1    1    1    1    1    1    1    1  7.13530E+13 0.00291 
   85   85    1    1    1    1    1    1    1    1  5.13523E+13 0.00296 
   86   86    1    1    1    1    1    1    1    1  4.80518E+13 0.00329 
   87   87    1    1    1    1    1    1    1    1  2.98086E+13 0.00424 
   88   88    1    1    1    1    1    1    1    1  2.00677E+13 0.00596 
   89   89    1    1    1    1    1    1    1    1  1.14012E+13 0.00497 
   90   90    1    1    1    1    1    1    1    1  7.61046E+12 0.01093 
   91   91    1    1    1    1    1    1    1    1  3.83623E+12 0.01211 
   92   92    1    1    1    1    1    1    1    1  1.84795E+12 0.02099 
   93   93    1    1    1    1    1    1    1    1  8.91456E+11 0.01804 
   94   94    1    1    1    1    1    1    1    1  4.47330E+11 0.02419 
   95   95    1    1    1    1    1    1    1    1  2.01902E+11 0.04406 
   96   96    1    1    1    1    1    1    1    1  9.48428E+10 0.09089 
   97   97    1    1    1    1    1    1    1    1  5.22610E+10 0.09302 
   98   98    1    1    1    1    1    1    1    1  2.65123E+10 0.18142 
   99   99    1    1    1    1    1    1    1    1  9.66774E+09 0.21556 
  100  100    1    1    1    1    1    1    1    1  1.41166E+10 0.21381 
];


