
DETdpaspec = [
    1    1    1    1    1    1    1    1    1    1  0.00000E+00 0.00000 
    2    2    1    1    1    1    1    1    1    1  0.00000E+00 0.00000 
    3    3    1    1    1    1    1    1    1    1  0.00000E+00 0.00000 
    4    4    1    1    1    1    1    1    1    1  8.59602E+06 1.00000 
    5    5    1    1    1    1    1    1    1    1  0.00000E+00 0.00000 
    6    6    1    1    1    1    1    1    1    1  0.00000E+00 0.00000 
    7    7    1    1    1    1    1    1    1    1  1.31462E+07 1.00000 
    8    8    1    1    1    1    1    1    1    1  0.00000E+00 0.00000 
    9    9    1    1    1    1    1    1    1    1  1.66313E+07 0.69443 
   10   10    1    1    1    1    1    1    1    1  0.00000E+00 0.00000 
   11   11    1    1    1    1    1    1    1    1  4.49581E+08 0.47893 
   12   12    1    1    1    1    1    1    1    1  8.61519E+07 0.70497 
   13   13    1    1    1    1    1    1    1    1  1.08698E+09 0.45668 
   14   14    1    1    1    1    1    1    1    1  2.29187E+09 0.43685 
   15   15    1    1    1    1    1    1    1    1  2.78555E+09 0.41495 
   16   16    1    1    1    1    1    1    1    1  5.73901E+08 0.40390 
   17   17    1    1    1    1    1    1    1    1  2.89101E+09 0.26385 
   18   18    1    1    1    1    1    1    1    1  7.57388E+09 0.21926 
   19   19    1    1    1    1    1    1    1    1  6.14518E+09 0.21120 
   20   20    1    1    1    1    1    1    1    1  2.14956E+10 0.14981 
   21   21    1    1    1    1    1    1    1    1  1.93916E+10 0.12201 
   22   22    1    1    1    1    1    1    1    1  4.87351E+10 0.09341 
   23   23    1    1    1    1    1    1    1    1  6.27717E+10 0.07433 
   24   24    1    1    1    1    1    1    1    1  1.00708E+11 0.06314 
   25   25    1    1    1    1    1    1    1    1  1.25210E+11 0.05650 
   26   26    1    1    1    1    1    1    1    1  2.11257E+11 0.05074 
   27   27    1    1    1    1    1    1    1    1  3.66295E+11 0.03895 
   28   28    1    1    1    1    1    1    1    1  7.28199E+11 0.02575 
   29   29    1    1    1    1    1    1    1    1  1.08170E+12 0.01971 
   30   30    1    1    1    1    1    1    1    1  3.29378E+12 0.01084 
   31   31    1    1    1    1    1    1    1    1  9.73870E+12 0.00878 
   32   32    1    1    1    1    1    1    1    1  1.79661E+13 0.00639 
   33   33    1    1    1    1    1    1    1    1  4.02917E+13 0.00470 
   34   34    1    1    1    1    1    1    1    1  5.41013E+13 0.00438 
   35   35    1    1    1    1    1    1    1    1  7.63720E+13 0.00315 
   36   36    1    1    1    1    1    1    1    1  5.42363E+13 0.00293 
   37   37    1    1    1    1    1    1    1    1  1.70432E+13 0.00262 
   38   38    1    1    1    1    1    1    1    1  9.22902E+13 0.00188 
   39   39    1    1    1    1    1    1    1    1  1.23087E+14 0.00244 
   40   40    1    1    1    1    1    1    1    1  2.07984E+14 0.00166 
   41   41    1    1    1    1    1    1    1    1  2.13842E+14 0.00210 
   42   42    1    1    1    1    1    1    1    1  4.40437E+14 0.00146 
   43   43    1    1    1    1    1    1    1    1  5.25976E+14 0.00097 
   44   44    1    1    1    1    1    1    1    1  7.49874E+14 0.00081 
   45   45    1    1    1    1    1    1    1    1  1.45535E+15 0.00133 
   46   46    1    1    1    1    1    1    1    1  6.94794E+14 0.00109 
   47   47    1    1    1    1    1    1    1    1  1.11681E+15 0.00119 
   48   48    1    1    1    1    1    1    1    1  1.55403E+15 0.00094 
   49   49    1    1    1    1    1    1    1    1  1.53083E+15 0.00099 
   50   50    1    1    1    1    1    1    1    1  2.35117E+15 0.00102 
   51   51    1    1    1    1    1    1    1    1  1.89750E+15 0.00142 
   52   52    1    1    1    1    1    1    1    1  2.20786E+15 0.00114 
   53   53    1    1    1    1    1    1    1    1  1.54496E+15 0.00131 
   54   54    1    1    1    1    1    1    1    1  1.85770E+15 0.00126 
   55   55    1    1    1    1    1    1    1    1  1.28584E+15 0.00106 
   56   56    1    1    1    1    1    1    1    1  1.75891E+14 0.00134 
   57   57    1    1    1    1    1    1    1    1  2.55086E+15 0.00118 
   58   58    1    1    1    1    1    1    1    1  1.11042E+15 0.00119 
   59   59    1    1    1    1    1    1    1    1  1.19118E+15 0.00118 
   60   60    1    1    1    1    1    1    1    1  9.12668E+14 0.00111 
   61   61    1    1    1    1    1    1    1    1  9.17343E+14 0.00131 
   62   62    1    1    1    1    1    1    1    1  9.48902E+14 0.00149 
   63   63    1    1    1    1    1    1    1    1  7.94629E+14 0.00158 
   64   64    1    1    1    1    1    1    1    1  6.31360E+14 0.00144 
   65   65    1    1    1    1    1    1    1    1  6.24816E+14 0.00119 
   66   66    1    1    1    1    1    1    1    1  4.55186E+14 0.00143 
   67   67    1    1    1    1    1    1    1    1  3.72491E+14 0.00162 
   68   68    1    1    1    1    1    1    1    1  3.34752E+14 0.00152 
   69   69    1    1    1    1    1    1    1    1  4.01111E+14 0.00128 
   70   70    1    1    1    1    1    1    1    1  3.42302E+14 0.00200 
   71   71    1    1    1    1    1    1    1    1  6.33925E+14 0.00158 
   72   72    1    1    1    1    1    1    1    1  4.51404E+14 0.00168 
   73   73    1    1    1    1    1    1    1    1  3.39004E+14 0.00177 
   74   74    1    1    1    1    1    1    1    1  2.69094E+14 0.00188 
   75   75    1    1    1    1    1    1    1    1  2.20319E+14 0.00192 
   76   76    1    1    1    1    1    1    1    1  2.52042E+14 0.00174 
   77   77    1    1    1    1    1    1    1    1  1.95935E+14 0.00221 
   78   78    1    1    1    1    1    1    1    1  1.53830E+14 0.00140 
   79   79    1    1    1    1    1    1    1    1  1.58141E+14 0.00210 
   80   80    1    1    1    1    1    1    1    1  1.16463E+14 0.00240 
   81   81    1    1    1    1    1    1    1    1  8.91382E+13 0.00263 
   82   82    1    1    1    1    1    1    1    1  6.85033E+13 0.00337 
   83   83    1    1    1    1    1    1    1    1  6.36636E+13 0.00264 
   84   84    1    1    1    1    1    1    1    1  4.60527E+13 0.00404 
   85   85    1    1    1    1    1    1    1    1  3.31011E+13 0.00406 
   86   86    1    1    1    1    1    1    1    1  3.10909E+13 0.00534 
   87   87    1    1    1    1    1    1    1    1  1.91705E+13 0.00656 
   88   88    1    1    1    1    1    1    1    1  1.29340E+13 0.00622 
   89   89    1    1    1    1    1    1    1    1  7.44960E+12 0.01079 
   90   90    1    1    1    1    1    1    1    1  4.98087E+12 0.01072 
   91   91    1    1    1    1    1    1    1    1  2.49904E+12 0.01109 
   92   92    1    1    1    1    1    1    1    1  1.23993E+12 0.02390 
   93   93    1    1    1    1    1    1    1    1  5.75781E+11 0.02407 
   94   94    1    1    1    1    1    1    1    1  2.79144E+11 0.03051 
   95   95    1    1    1    1    1    1    1    1  1.40900E+11 0.06387 
   96   96    1    1    1    1    1    1    1    1  6.54574E+10 0.08943 
   97   97    1    1    1    1    1    1    1    1  3.42347E+10 0.10822 
   98   98    1    1    1    1    1    1    1    1  2.19933E+10 0.14299 
   99   99    1    1    1    1    1    1    1    1  5.41925E+09 0.23479 
  100  100    1    1    1    1    1    1    1    1  6.07318E+09 0.27653 
];


