
DETdpaspec = [
    1    1    1    1    1    1    1    1    1    1  0.00000E+00 0.00000 
    2    2    1    1    1    1    1    1    1    1  0.00000E+00 0.00000 
    3    3    1    1    1    1    1    1    1    1  0.00000E+00 0.00000 
    4    4    1    1    1    1    1    1    1    1  0.00000E+00 0.00000 
    5    5    1    1    1    1    1    1    1    1  0.00000E+00 0.00000 
    6    6    1    1    1    1    1    1    1    1  7.38075E+06 1.00000 
    7    7    1    1    1    1    1    1    1    1  3.81860E+07 0.78357 
    8    8    1    1    1    1    1    1    1    1  5.62928E+07 0.58631 
    9    9    1    1    1    1    1    1    1    1  0.00000E+00 0.00000 
   10   10    1    1    1    1    1    1    1    1  1.50710E+08 0.79793 
   11   11    1    1    1    1    1    1    1    1  1.89805E+08 0.58425 
   12   12    1    1    1    1    1    1    1    1  8.25535E+07 0.57789 
   13   13    1    1    1    1    1    1    1    1  1.85985E+09 0.38228 
   14   14    1    1    1    1    1    1    1    1  3.56946E+09 0.31827 
   15   15    1    1    1    1    1    1    1    1  4.54371E+09 0.39722 
   16   16    1    1    1    1    1    1    1    1  1.69890E+09 0.36918 
   17   17    1    1    1    1    1    1    1    1  9.93760E+08 0.25812 
   18   18    1    1    1    1    1    1    1    1  6.47357E+09 0.21094 
   19   19    1    1    1    1    1    1    1    1  6.73682E+09 0.22185 
   20   20    1    1    1    1    1    1    1    1  2.97188E+10 0.13045 
   21   21    1    1    1    1    1    1    1    1  1.79038E+10 0.12400 
   22   22    1    1    1    1    1    1    1    1  5.49476E+10 0.08294 
   23   23    1    1    1    1    1    1    1    1  6.66614E+10 0.07103 
   24   24    1    1    1    1    1    1    1    1  1.13241E+11 0.05925 
   25   25    1    1    1    1    1    1    1    1  1.37563E+11 0.06466 
   26   26    1    1    1    1    1    1    1    1  2.12566E+11 0.04570 
   27   27    1    1    1    1    1    1    1    1  3.56473E+11 0.04198 
   28   28    1    1    1    1    1    1    1    1  7.40337E+11 0.01993 
   29   29    1    1    1    1    1    1    1    1  1.07265E+12 0.02083 
   30   30    1    1    1    1    1    1    1    1  3.25903E+12 0.01721 
   31   31    1    1    1    1    1    1    1    1  9.87567E+12 0.00676 
   32   32    1    1    1    1    1    1    1    1  1.80830E+13 0.00521 
   33   33    1    1    1    1    1    1    1    1  4.09626E+13 0.00360 
   34   34    1    1    1    1    1    1    1    1  5.49281E+13 0.00324 
   35   35    1    1    1    1    1    1    1    1  7.76731E+13 0.00261 
   36   36    1    1    1    1    1    1    1    1  5.48202E+13 0.00235 
   37   37    1    1    1    1    1    1    1    1  1.71894E+13 0.00235 
   38   38    1    1    1    1    1    1    1    1  9.34812E+13 0.00200 
   39   39    1    1    1    1    1    1    1    1  1.24224E+14 0.00195 
   40   40    1    1    1    1    1    1    1    1  2.10767E+14 0.00187 
   41   41    1    1    1    1    1    1    1    1  2.15957E+14 0.00182 
   42   42    1    1    1    1    1    1    1    1  4.45448E+14 0.00118 
   43   43    1    1    1    1    1    1    1    1  5.34226E+14 0.00112 
   44   44    1    1    1    1    1    1    1    1  7.61468E+14 0.00103 
   45   45    1    1    1    1    1    1    1    1  1.47783E+15 0.00104 
   46   46    1    1    1    1    1    1    1    1  7.04232E+14 0.00114 
   47   47    1    1    1    1    1    1    1    1  1.13047E+15 0.00096 
   48   48    1    1    1    1    1    1    1    1  1.57764E+15 0.00086 
   49   49    1    1    1    1    1    1    1    1  1.55415E+15 0.00093 
   50   50    1    1    1    1    1    1    1    1  2.39460E+15 0.00084 
   51   51    1    1    1    1    1    1    1    1  1.93442E+15 0.00090 
   52   52    1    1    1    1    1    1    1    1  2.25100E+15 0.00093 
   53   53    1    1    1    1    1    1    1    1  1.57363E+15 0.00103 
   54   54    1    1    1    1    1    1    1    1  1.89270E+15 0.00092 
   55   55    1    1    1    1    1    1    1    1  1.31020E+15 0.00108 
   56   56    1    1    1    1    1    1    1    1  1.79616E+14 0.00148 
   57   57    1    1    1    1    1    1    1    1  2.60673E+15 0.00113 
   58   58    1    1    1    1    1    1    1    1  1.13312E+15 0.00122 
   59   59    1    1    1    1    1    1    1    1  1.21582E+15 0.00119 
   60   60    1    1    1    1    1    1    1    1  9.32584E+14 0.00114 
   61   61    1    1    1    1    1    1    1    1  9.38003E+14 0.00077 
   62   62    1    1    1    1    1    1    1    1  9.71478E+14 0.00120 
   63   63    1    1    1    1    1    1    1    1  8.11948E+14 0.00130 
   64   64    1    1    1    1    1    1    1    1  6.46399E+14 0.00126 
   65   65    1    1    1    1    1    1    1    1  6.40785E+14 0.00128 
   66   66    1    1    1    1    1    1    1    1  4.65207E+14 0.00113 
   67   67    1    1    1    1    1    1    1    1  3.80987E+14 0.00123 
   68   68    1    1    1    1    1    1    1    1  3.42504E+14 0.00138 
   69   69    1    1    1    1    1    1    1    1  4.11836E+14 0.00147 
   70   70    1    1    1    1    1    1    1    1  3.52361E+14 0.00210 
   71   71    1    1    1    1    1    1    1    1  6.50807E+14 0.00132 
   72   72    1    1    1    1    1    1    1    1  4.63202E+14 0.00135 
   73   73    1    1    1    1    1    1    1    1  3.47111E+14 0.00155 
   74   74    1    1    1    1    1    1    1    1  2.75913E+14 0.00154 
   75   75    1    1    1    1    1    1    1    1  2.26134E+14 0.00175 
   76   76    1    1    1    1    1    1    1    1  2.58155E+14 0.00122 
   77   77    1    1    1    1    1    1    1    1  2.01210E+14 0.00150 
   78   78    1    1    1    1    1    1    1    1  1.57901E+14 0.00178 
   79   79    1    1    1    1    1    1    1    1  1.61908E+14 0.00271 
   80   80    1    1    1    1    1    1    1    1  1.20031E+14 0.00269 
   81   81    1    1    1    1    1    1    1    1  9.17890E+13 0.00323 
   82   82    1    1    1    1    1    1    1    1  7.03386E+13 0.00332 
   83   83    1    1    1    1    1    1    1    1  6.59622E+13 0.00276 
   84   84    1    1    1    1    1    1    1    1  4.71230E+13 0.00324 
   85   85    1    1    1    1    1    1    1    1  3.39497E+13 0.00376 
   86   86    1    1    1    1    1    1    1    1  3.19751E+13 0.00405 
   87   87    1    1    1    1    1    1    1    1  1.96754E+13 0.00676 
   88   88    1    1    1    1    1    1    1    1  1.33853E+13 0.00792 
   89   89    1    1    1    1    1    1    1    1  7.83074E+12 0.00982 
   90   90    1    1    1    1    1    1    1    1  5.06063E+12 0.01061 
   91   91    1    1    1    1    1    1    1    1  2.54111E+12 0.01468 
   92   92    1    1    1    1    1    1    1    1  1.26361E+12 0.02141 
   93   93    1    1    1    1    1    1    1    1  6.42925E+11 0.03035 
   94   94    1    1    1    1    1    1    1    1  2.97036E+11 0.03854 
   95   95    1    1    1    1    1    1    1    1  1.38297E+11 0.05246 
   96   96    1    1    1    1    1    1    1    1  5.90859E+10 0.09864 
   97   97    1    1    1    1    1    1    1    1  2.86647E+10 0.14035 
   98   98    1    1    1    1    1    1    1    1  1.39941E+10 0.12355 
   99   99    1    1    1    1    1    1    1    1  4.43965E+09 0.34594 
  100  100    1    1    1    1    1    1    1    1  4.17870E+09 0.33434 
];


