
DETdpaspec = [
    1    1    1    1    1    1    1    1    1    1  0.00000E+00 0.00000 
    2    2    1    1    1    1    1    1    1    1  0.00000E+00 0.00000 
    3    3    1    1    1    1    1    1    1    1  0.00000E+00 0.00000 
    4    4    1    1    1    1    1    1    1    1  0.00000E+00 0.00000 
    5    5    1    1    1    1    1    1    1    1  0.00000E+00 0.00000 
    6    6    1    1    1    1    1    1    1    1  0.00000E+00 0.00000 
    7    7    1    1    1    1    1    1    1    1  0.00000E+00 0.00000 
    8    8    1    1    1    1    1    1    1    1  0.00000E+00 0.00000 
    9    9    1    1    1    1    1    1    1    1  1.03278E+07 1.00000 
   10   10    1    1    1    1    1    1    1    1  1.07984E+08 0.79069 
   11   11    1    1    1    1    1    1    1    1  8.49494E+07 0.69001 
   12   12    1    1    1    1    1    1    1    1  1.52883E+07 1.00000 
   13   13    1    1    1    1    1    1    1    1  1.17531E+09 0.56226 
   14   14    1    1    1    1    1    1    1    1  1.82576E+09 0.46666 
   15   15    1    1    1    1    1    1    1    1  1.85741E+09 0.34999 
   16   16    1    1    1    1    1    1    1    1  8.76457E+08 0.31492 
   17   17    1    1    1    1    1    1    1    1  3.98429E+09 0.27714 
   18   18    1    1    1    1    1    1    1    1  6.67917E+09 0.24254 
   19   19    1    1    1    1    1    1    1    1  7.75736E+09 0.17248 
   20   20    1    1    1    1    1    1    1    1  2.40721E+10 0.14309 
   21   21    1    1    1    1    1    1    1    1  1.88067E+10 0.14491 
   22   22    1    1    1    1    1    1    1    1  4.11011E+10 0.08637 
   23   23    1    1    1    1    1    1    1    1  7.45922E+10 0.04313 
   24   24    1    1    1    1    1    1    1    1  1.05509E+11 0.06619 
   25   25    1    1    1    1    1    1    1    1  1.40383E+11 0.05756 
   26   26    1    1    1    1    1    1    1    1  2.16472E+11 0.05152 
   27   27    1    1    1    1    1    1    1    1  4.04335E+11 0.02387 
   28   28    1    1    1    1    1    1    1    1  7.58714E+11 0.02428 
   29   29    1    1    1    1    1    1    1    1  1.07166E+12 0.02198 
   30   30    1    1    1    1    1    1    1    1  3.30522E+12 0.01250 
   31   31    1    1    1    1    1    1    1    1  9.61531E+12 0.00769 
   32   32    1    1    1    1    1    1    1    1  1.74155E+13 0.00769 
   33   33    1    1    1    1    1    1    1    1  3.89674E+13 0.00507 
   34   34    1    1    1    1    1    1    1    1  5.14221E+13 0.00383 
   35   35    1    1    1    1    1    1    1    1  7.37378E+13 0.00327 
   36   36    1    1    1    1    1    1    1    1  5.24743E+13 0.00310 
   37   37    1    1    1    1    1    1    1    1  1.65195E+13 0.00289 
   38   38    1    1    1    1    1    1    1    1  8.87924E+13 0.00285 
   39   39    1    1    1    1    1    1    1    1  1.17972E+14 0.00206 
   40   40    1    1    1    1    1    1    1    1  1.98428E+14 0.00192 
   41   41    1    1    1    1    1    1    1    1  2.04283E+14 0.00181 
   42   42    1    1    1    1    1    1    1    1  4.18094E+14 0.00162 
   43   43    1    1    1    1    1    1    1    1  4.97337E+14 0.00152 
   44   44    1    1    1    1    1    1    1    1  7.05612E+14 0.00168 
   45   45    1    1    1    1    1    1    1    1  1.35559E+15 0.00137 
   46   46    1    1    1    1    1    1    1    1  6.47047E+14 0.00123 
   47   47    1    1    1    1    1    1    1    1  1.03911E+15 0.00100 
   48   48    1    1    1    1    1    1    1    1  1.44346E+15 0.00126 
   49   49    1    1    1    1    1    1    1    1  1.42424E+15 0.00115 
   50   50    1    1    1    1    1    1    1    1  2.17647E+15 0.00123 
   51   51    1    1    1    1    1    1    1    1  1.75981E+15 0.00116 
   52   52    1    1    1    1    1    1    1    1  2.03394E+15 0.00110 
   53   53    1    1    1    1    1    1    1    1  1.42354E+15 0.00143 
   54   54    1    1    1    1    1    1    1    1  1.70269E+15 0.00132 
   55   55    1    1    1    1    1    1    1    1  1.17924E+15 0.00141 
   56   56    1    1    1    1    1    1    1    1  1.61483E+14 0.00175 
   57   57    1    1    1    1    1    1    1    1  2.34154E+15 0.00123 
   58   58    1    1    1    1    1    1    1    1  1.01068E+15 0.00150 
   59   59    1    1    1    1    1    1    1    1  1.08599E+15 0.00134 
   60   60    1    1    1    1    1    1    1    1  8.27537E+14 0.00135 
   61   61    1    1    1    1    1    1    1    1  8.33567E+14 0.00146 
   62   62    1    1    1    1    1    1    1    1  8.59435E+14 0.00151 
   63   63    1    1    1    1    1    1    1    1  7.18316E+14 0.00139 
   64   64    1    1    1    1    1    1    1    1  5.69992E+14 0.00198 
   65   65    1    1    1    1    1    1    1    1  5.65097E+14 0.00166 
   66   66    1    1    1    1    1    1    1    1  4.10264E+14 0.00170 
   67   67    1    1    1    1    1    1    1    1  3.36387E+14 0.00187 
   68   68    1    1    1    1    1    1    1    1  3.03058E+14 0.00175 
   69   69    1    1    1    1    1    1    1    1  3.64268E+14 0.00197 
   70   70    1    1    1    1    1    1    1    1  3.10603E+14 0.00174 
   71   71    1    1    1    1    1    1    1    1  5.76694E+14 0.00168 
   72   72    1    1    1    1    1    1    1    1  4.09704E+14 0.00156 
   73   73    1    1    1    1    1    1    1    1  3.08315E+14 0.00180 
   74   74    1    1    1    1    1    1    1    1  2.43325E+14 0.00216 
   75   75    1    1    1    1    1    1    1    1  1.98223E+14 0.00242 
   76   76    1    1    1    1    1    1    1    1  2.25682E+14 0.00202 
   77   77    1    1    1    1    1    1    1    1  1.75630E+14 0.00216 
   78   78    1    1    1    1    1    1    1    1  1.37528E+14 0.00222 
   79   79    1    1    1    1    1    1    1    1  1.40156E+14 0.00307 
   80   80    1    1    1    1    1    1    1    1  1.03604E+14 0.00300 
   81   81    1    1    1    1    1    1    1    1  7.94549E+13 0.00231 
   82   82    1    1    1    1    1    1    1    1  6.04621E+13 0.00432 
   83   83    1    1    1    1    1    1    1    1  5.68708E+13 0.00369 
   84   84    1    1    1    1    1    1    1    1  4.05924E+13 0.00374 
   85   85    1    1    1    1    1    1    1    1  2.91774E+13 0.00439 
   86   86    1    1    1    1    1    1    1    1  2.74456E+13 0.00575 
   87   87    1    1    1    1    1    1    1    1  1.69643E+13 0.00530 
   88   88    1    1    1    1    1    1    1    1  1.14222E+13 0.00772 
   89   89    1    1    1    1    1    1    1    1  6.67056E+12 0.00817 
   90   90    1    1    1    1    1    1    1    1  4.38875E+12 0.01345 
   91   91    1    1    1    1    1    1    1    1  2.25676E+12 0.01519 
   92   92    1    1    1    1    1    1    1    1  1.10720E+12 0.02263 
   93   93    1    1    1    1    1    1    1    1  5.23162E+11 0.03321 
   94   94    1    1    1    1    1    1    1    1  2.42444E+11 0.04905 
   95   95    1    1    1    1    1    1    1    1  1.18342E+11 0.06594 
   96   96    1    1    1    1    1    1    1    1  6.69314E+10 0.06687 
   97   97    1    1    1    1    1    1    1    1  3.25954E+10 0.14978 
   98   98    1    1    1    1    1    1    1    1  1.90267E+10 0.19759 
   99   99    1    1    1    1    1    1    1    1  6.98172E+09 0.30242 
  100  100    1    1    1    1    1    1    1    1  6.29461E+09 0.28251 
];


