
DETdpaspec = [
    1    1    1    1    1    1    1    1    1    1  0.00000E+00 0.00000 
    2    2    1    1    1    1    1    1    1    1  0.00000E+00 0.00000 
    3    3    1    1    1    1    1    1    1    1  0.00000E+00 0.00000 
    4    4    1    1    1    1    1    1    1    1  0.00000E+00 0.00000 
    5    5    1    1    1    1    1    1    1    1  0.00000E+00 0.00000 
    6    6    1    1    1    1    1    1    1    1  0.00000E+00 0.00000 
    7    7    1    1    1    1    1    1    1    1  0.00000E+00 0.00000 
    8    8    1    1    1    1    1    1    1    1  0.00000E+00 0.00000 
    9    9    1    1    1    1    1    1    1    1  2.04962E+07 1.00000 
   10   10    1    1    1    1    1    1    1    1  0.00000E+00 0.00000 
   11   11    1    1    1    1    1    1    1    1  6.60093E+07 1.00000 
   12   12    1    1    1    1    1    1    1    1  1.02976E+08 0.68868 
   13   13    1    1    1    1    1    1    1    1  1.87338E+09 0.35709 
   14   14    1    1    1    1    1    1    1    1  7.85359E+09 0.36624 
   15   15    1    1    1    1    1    1    1    1  5.16498E+09 0.31944 
   16   16    1    1    1    1    1    1    1    1  3.90012E+09 0.32689 
   17   17    1    1    1    1    1    1    1    1  2.23365E+09 0.34152 
   18   18    1    1    1    1    1    1    1    1  4.82143E+09 0.24054 
   19   19    1    1    1    1    1    1    1    1  5.87828E+09 0.20895 
   20   20    1    1    1    1    1    1    1    1  1.53463E+10 0.19595 
   21   21    1    1    1    1    1    1    1    1  1.48287E+10 0.12997 
   22   22    1    1    1    1    1    1    1    1  3.46998E+10 0.09874 
   23   23    1    1    1    1    1    1    1    1  6.39957E+10 0.10090 
   24   24    1    1    1    1    1    1    1    1  1.47886E+11 0.06039 
   25   25    1    1    1    1    1    1    1    1  2.18282E+11 0.04879 
   26   26    1    1    1    1    1    1    1    1  4.40563E+11 0.03486 
   27   27    1    1    1    1    1    1    1    1  1.03009E+12 0.02594 
   28   28    1    1    1    1    1    1    1    1  2.55646E+12 0.01498 
   29   29    1    1    1    1    1    1    1    1  4.56276E+12 0.01144 
   30   30    1    1    1    1    1    1    1    1  1.06428E+13 0.00725 
   31   31    1    1    1    1    1    1    1    1  2.73714E+13 0.00471 
   32   32    1    1    1    1    1    1    1    1  4.46583E+13 0.00399 
   33   33    1    1    1    1    1    1    1    1  9.81268E+13 0.00250 
   34   34    1    1    1    1    1    1    1    1  1.30072E+14 0.00214 
   35   35    1    1    1    1    1    1    1    1  1.47958E+14 0.00189 
   36   36    1    1    1    1    1    1    1    1  9.41153E+13 0.00114 
   37   37    1    1    1    1    1    1    1    1  2.78989E+13 0.00147 
   38   38    1    1    1    1    1    1    1    1  1.58075E+14 0.00117 
   39   39    1    1    1    1    1    1    1    1  2.09844E+14 0.00136 
   40   40    1    1    1    1    1    1    1    1  3.59382E+14 0.00119 
   41   41    1    1    1    1    1    1    1    1  3.49464E+14 0.00113 
   42   42    1    1    1    1    1    1    1    1  7.41006E+14 0.00093 
   43   43    1    1    1    1    1    1    1    1  8.83547E+14 0.00114 
   44   44    1    1    1    1    1    1    1    1  1.25373E+15 0.00076 
   45   45    1    1    1    1    1    1    1    1  2.47241E+15 0.00076 
   46   46    1    1    1    1    1    1    1    1  1.14092E+15 0.00069 
   47   47    1    1    1    1    1    1    1    1  1.79955E+15 0.00090 
   48   48    1    1    1    1    1    1    1    1  2.49441E+15 0.00083 
   49   49    1    1    1    1    1    1    1    1  2.42050E+15 0.00078 
   50   50    1    1    1    1    1    1    1    1  3.79997E+15 0.00057 
   51   51    1    1    1    1    1    1    1    1  2.95961E+15 0.00055 
   52   52    1    1    1    1    1    1    1    1  3.55264E+15 0.00059 
   53   53    1    1    1    1    1    1    1    1  2.45213E+15 0.00075 
   54   54    1    1    1    1    1    1    1    1  3.04788E+15 0.00087 
   55   55    1    1    1    1    1    1    1    1  2.09243E+15 0.00061 
   56   56    1    1    1    1    1    1    1    1  2.82824E+14 0.00085 
   57   57    1    1    1    1    1    1    1    1  4.13219E+15 0.00069 
   58   58    1    1    1    1    1    1    1    1  1.87603E+15 0.00077 
   59   59    1    1    1    1    1    1    1    1  1.98402E+15 0.00070 
   60   60    1    1    1    1    1    1    1    1  1.56913E+15 0.00069 
   61   61    1    1    1    1    1    1    1    1  1.56455E+15 0.00061 
   62   62    1    1    1    1    1    1    1    1  1.62673E+15 0.00068 
   63   63    1    1    1    1    1    1    1    1  1.37288E+15 0.00059 
   64   64    1    1    1    1    1    1    1    1  1.08982E+15 0.00097 
   65   65    1    1    1    1    1    1    1    1  1.08201E+15 0.00080 
   66   66    1    1    1    1    1    1    1    1  7.87042E+14 0.00089 
   67   67    1    1    1    1    1    1    1    1  6.36995E+14 0.00081 
   68   68    1    1    1    1    1    1    1    1  5.68647E+14 0.00094 
   69   69    1    1    1    1    1    1    1    1  6.81363E+14 0.00105 
   70   70    1    1    1    1    1    1    1    1  5.77783E+14 0.00121 
   71   71    1    1    1    1    1    1    1    1  1.03866E+15 0.00092 
   72   72    1    1    1    1    1    1    1    1  7.32625E+14 0.00089 
   73   73    1    1    1    1    1    1    1    1  5.54423E+14 0.00119 
   74   74    1    1    1    1    1    1    1    1  4.50200E+14 0.00111 
   75   75    1    1    1    1    1    1    1    1  3.76758E+14 0.00124 
   76   76    1    1    1    1    1    1    1    1  4.41487E+14 0.00119 
   77   77    1    1    1    1    1    1    1    1  3.52090E+14 0.00142 
   78   78    1    1    1    1    1    1    1    1  2.81763E+14 0.00146 
   79   79    1    1    1    1    1    1    1    1  2.93242E+14 0.00132 
   80   80    1    1    1    1    1    1    1    1  2.17776E+14 0.00159 
   81   81    1    1    1    1    1    1    1    1  1.68185E+14 0.00140 
   82   82    1    1    1    1    1    1    1    1  1.29484E+14 0.00201 
   83   83    1    1    1    1    1    1    1    1  1.20868E+14 0.00205 
   84   84    1    1    1    1    1    1    1    1  8.70800E+13 0.00352 
   85   85    1    1    1    1    1    1    1    1  6.27051E+13 0.00238 
   86   86    1    1    1    1    1    1    1    1  5.86307E+13 0.00317 
   87   87    1    1    1    1    1    1    1    1  3.61412E+13 0.00349 
   88   88    1    1    1    1    1    1    1    1  2.40925E+13 0.00504 
   89   89    1    1    1    1    1    1    1    1  1.38808E+13 0.00576 
   90   90    1    1    1    1    1    1    1    1  9.28521E+12 0.00669 
   91   91    1    1    1    1    1    1    1    1  4.57457E+12 0.01013 
   92   92    1    1    1    1    1    1    1    1  2.21253E+12 0.01594 
   93   93    1    1    1    1    1    1    1    1  1.00299E+12 0.02575 
   94   94    1    1    1    1    1    1    1    1  5.29186E+11 0.03858 
   95   95    1    1    1    1    1    1    1    1  2.40953E+11 0.05670 
   96   96    1    1    1    1    1    1    1    1  1.07815E+11 0.06494 
   97   97    1    1    1    1    1    1    1    1  5.14153E+10 0.09302 
   98   98    1    1    1    1    1    1    1    1  2.63934E+10 0.13388 
   99   99    1    1    1    1    1    1    1    1  1.72982E+10 0.15920 
  100  100    1    1    1    1    1    1    1    1  1.11034E+10 0.15677 
];


