
DETdpaspec = [
    1    1    1    1    1    1    1    1    1    1  0.00000E+00 0.00000 
    2    2    1    1    1    1    1    1    1    1  0.00000E+00 0.00000 
    3    3    1    1    1    1    1    1    1    1  0.00000E+00 0.00000 
    4    4    1    1    1    1    1    1    1    1  0.00000E+00 0.00000 
    5    5    1    1    1    1    1    1    1    1  0.00000E+00 0.00000 
    6    6    1    1    1    1    1    1    1    1  0.00000E+00 0.00000 
    7    7    1    1    1    1    1    1    1    1  0.00000E+00 0.00000 
    8    8    1    1    1    1    1    1    1    1  0.00000E+00 0.00000 
    9    9    1    1    1    1    1    1    1    1  0.00000E+00 0.00000 
   10   10    1    1    1    1    1    1    1    1  0.00000E+00 0.00000 
   11   11    1    1    1    1    1    1    1    1  0.00000E+00 0.00000 
   12   12    1    1    1    1    1    1    1    1  5.09483E+07 1.00000 
   13   13    1    1    1    1    1    1    1    1  5.36270E+08 0.61793 
   14   14    1    1    1    1    1    1    1    1  2.09734E+09 0.50236 
   15   15    1    1    1    1    1    1    1    1  4.11298E+09 0.37760 
   16   16    1    1    1    1    1    1    1    1  3.96383E+08 0.55050 
   17   17    1    1    1    1    1    1    1    1  1.59787E+09 0.50913 
   18   18    1    1    1    1    1    1    1    1  4.51861E+09 0.43941 
   19   19    1    1    1    1    1    1    1    1  5.08593E+09 0.27743 
   20   20    1    1    1    1    1    1    1    1  1.89518E+10 0.17279 
   21   21    1    1    1    1    1    1    1    1  1.44274E+10 0.13364 
   22   22    1    1    1    1    1    1    1    1  2.76462E+10 0.11085 
   23   23    1    1    1    1    1    1    1    1  6.39835E+10 0.09498 
   24   24    1    1    1    1    1    1    1    1  1.21471E+11 0.07540 
   25   25    1    1    1    1    1    1    1    1  2.09043E+11 0.06132 
   26   26    1    1    1    1    1    1    1    1  4.14650E+11 0.03782 
   27   27    1    1    1    1    1    1    1    1  9.41916E+11 0.02571 
   28   28    1    1    1    1    1    1    1    1  2.29863E+12 0.01678 
   29   29    1    1    1    1    1    1    1    1  4.23255E+12 0.01017 
   30   30    1    1    1    1    1    1    1    1  9.73243E+12 0.00933 
   31   31    1    1    1    1    1    1    1    1  2.57455E+13 0.00641 
   32   32    1    1    1    1    1    1    1    1  4.22388E+13 0.00450 
   33   33    1    1    1    1    1    1    1    1  9.34296E+13 0.00220 
   34   34    1    1    1    1    1    1    1    1  1.24607E+14 0.00162 
   35   35    1    1    1    1    1    1    1    1  1.43361E+14 0.00214 
   36   36    1    1    1    1    1    1    1    1  9.18779E+13 0.00171 
   37   37    1    1    1    1    1    1    1    1  2.72030E+13 0.00169 
   38   38    1    1    1    1    1    1    1    1  1.54060E+14 0.00156 
   39   39    1    1    1    1    1    1    1    1  2.05306E+14 0.00110 
   40   40    1    1    1    1    1    1    1    1  3.52048E+14 0.00143 
   41   41    1    1    1    1    1    1    1    1  3.42124E+14 0.00123 
   42   42    1    1    1    1    1    1    1    1  7.28385E+14 0.00096 
   43   43    1    1    1    1    1    1    1    1  8.68822E+14 0.00070 
   44   44    1    1    1    1    1    1    1    1  1.23534E+15 0.00081 
   45   45    1    1    1    1    1    1    1    1  2.43790E+15 0.00081 
   46   46    1    1    1    1    1    1    1    1  1.12806E+15 0.00080 
   47   47    1    1    1    1    1    1    1    1  1.77906E+15 0.00085 
   48   48    1    1    1    1    1    1    1    1  2.46938E+15 0.00073 
   49   49    1    1    1    1    1    1    1    1  2.39688E+15 0.00078 
   50   50    1    1    1    1    1    1    1    1  3.77096E+15 0.00075 
   51   51    1    1    1    1    1    1    1    1  2.94209E+15 0.00073 
   52   52    1    1    1    1    1    1    1    1  3.53372E+15 0.00060 
   53   53    1    1    1    1    1    1    1    1  2.44072E+15 0.00073 
   54   54    1    1    1    1    1    1    1    1  3.03304E+15 0.00077 
   55   55    1    1    1    1    1    1    1    1  2.08382E+15 0.00086 
   56   56    1    1    1    1    1    1    1    1  2.81438E+14 0.00112 
   57   57    1    1    1    1    1    1    1    1  4.11510E+15 0.00072 
   58   58    1    1    1    1    1    1    1    1  1.86836E+15 0.00083 
   59   59    1    1    1    1    1    1    1    1  1.97843E+15 0.00062 
   60   60    1    1    1    1    1    1    1    1  1.56391E+15 0.00081 
   61   61    1    1    1    1    1    1    1    1  1.56231E+15 0.00077 
   62   62    1    1    1    1    1    1    1    1  1.62345E+15 0.00075 
   63   63    1    1    1    1    1    1    1    1  1.36857E+15 0.00099 
   64   64    1    1    1    1    1    1    1    1  1.08735E+15 0.00085 
   65   65    1    1    1    1    1    1    1    1  1.07984E+15 0.00094 
   66   66    1    1    1    1    1    1    1    1  7.84470E+14 0.00114 
   67   67    1    1    1    1    1    1    1    1  6.36483E+14 0.00067 
   68   68    1    1    1    1    1    1    1    1  5.67689E+14 0.00093 
   69   69    1    1    1    1    1    1    1    1  6.81509E+14 0.00104 
   70   70    1    1    1    1    1    1    1    1  5.77837E+14 0.00138 
   71   71    1    1    1    1    1    1    1    1  1.03930E+15 0.00107 
   72   72    1    1    1    1    1    1    1    1  7.34069E+14 0.00123 
   73   73    1    1    1    1    1    1    1    1  5.54477E+14 0.00134 
   74   74    1    1    1    1    1    1    1    1  4.50288E+14 0.00124 
   75   75    1    1    1    1    1    1    1    1  3.77014E+14 0.00120 
   76   76    1    1    1    1    1    1    1    1  4.42045E+14 0.00091 
   77   77    1    1    1    1    1    1    1    1  3.52926E+14 0.00146 
   78   78    1    1    1    1    1    1    1    1  2.82582E+14 0.00175 
   79   79    1    1    1    1    1    1    1    1  2.92668E+14 0.00140 
   80   80    1    1    1    1    1    1    1    1  2.18499E+14 0.00191 
   81   81    1    1    1    1    1    1    1    1  1.68121E+14 0.00149 
   82   82    1    1    1    1    1    1    1    1  1.29404E+14 0.00167 
   83   83    1    1    1    1    1    1    1    1  1.21087E+14 0.00247 
   84   84    1    1    1    1    1    1    1    1  8.71980E+13 0.00310 
   85   85    1    1    1    1    1    1    1    1  6.28127E+13 0.00237 
   86   86    1    1    1    1    1    1    1    1  5.87051E+13 0.00289 
   87   87    1    1    1    1    1    1    1    1  3.60281E+13 0.00372 
   88   88    1    1    1    1    1    1    1    1  2.41924E+13 0.00595 
   89   89    1    1    1    1    1    1    1    1  1.38452E+13 0.00770 
   90   90    1    1    1    1    1    1    1    1  9.10157E+12 0.00565 
   91   91    1    1    1    1    1    1    1    1  4.57917E+12 0.00944 
   92   92    1    1    1    1    1    1    1    1  2.19002E+12 0.01167 
   93   93    1    1    1    1    1    1    1    1  9.94499E+11 0.01794 
   94   94    1    1    1    1    1    1    1    1  5.29119E+11 0.03651 
   95   95    1    1    1    1    1    1    1    1  2.43776E+11 0.04383 
   96   96    1    1    1    1    1    1    1    1  1.13789E+11 0.06617 
   97   97    1    1    1    1    1    1    1    1  5.50671E+10 0.10159 
   98   98    1    1    1    1    1    1    1    1  2.70786E+10 0.17760 
   99   99    1    1    1    1    1    1    1    1  1.40651E+10 0.32157 
  100  100    1    1    1    1    1    1    1    1  1.59979E+10 0.17335 
];


