
DETdpaspec = [
    1    1    1    1    1    1    1    1    1    1  0.00000E+00 0.00000 
    2    2    1    1    1    1    1    1    1    1  0.00000E+00 0.00000 
    3    3    1    1    1    1    1    1    1    1  0.00000E+00 0.00000 
    4    4    1    1    1    1    1    1    1    1  0.00000E+00 0.00000 
    5    5    1    1    1    1    1    1    1    1  0.00000E+00 0.00000 
    6    6    1    1    1    1    1    1    1    1  0.00000E+00 0.00000 
    7    7    1    1    1    1    1    1    1    1  0.00000E+00 0.00000 
    8    8    1    1    1    1    1    1    1    1  0.00000E+00 0.00000 
    9    9    1    1    1    1    1    1    1    1  0.00000E+00 0.00000 
   10   10    1    1    1    1    1    1    1    1  5.98480E+07 0.70165 
   11   11    1    1    1    1    1    1    1    1  1.36415E+08 0.54985 
   12   12    1    1    1    1    1    1    1    1  0.00000E+00 0.00000 
   13   13    1    1    1    1    1    1    1    1  1.09726E+09 0.49583 
   14   14    1    1    1    1    1    1    1    1  3.21616E+09 0.40458 
   15   15    1    1    1    1    1    1    1    1  4.74075E+09 0.27896 
   16   16    1    1    1    1    1    1    1    1  1.83008E+09 0.37500 
   17   17    1    1    1    1    1    1    1    1  2.74227E+09 0.29109 
   18   18    1    1    1    1    1    1    1    1  4.66656E+09 0.26974 
   19   19    1    1    1    1    1    1    1    1  6.99872E+09 0.21547 
   20   20    1    1    1    1    1    1    1    1  2.49264E+10 0.10571 
   21   21    1    1    1    1    1    1    1    1  1.97354E+10 0.12946 
   22   22    1    1    1    1    1    1    1    1  4.31909E+10 0.06584 
   23   23    1    1    1    1    1    1    1    1  7.10676E+10 0.07191 
   24   24    1    1    1    1    1    1    1    1  1.11180E+11 0.04856 
   25   25    1    1    1    1    1    1    1    1  1.25140E+11 0.06436 
   26   26    1    1    1    1    1    1    1    1  1.99756E+11 0.05557 
   27   27    1    1    1    1    1    1    1    1  3.52938E+11 0.03303 
   28   28    1    1    1    1    1    1    1    1  7.48106E+11 0.02727 
   29   29    1    1    1    1    1    1    1    1  1.13094E+12 0.01613 
   30   30    1    1    1    1    1    1    1    1  3.41838E+12 0.01167 
   31   31    1    1    1    1    1    1    1    1  1.03005E+13 0.00871 
   32   32    1    1    1    1    1    1    1    1  1.89887E+13 0.00501 
   33   33    1    1    1    1    1    1    1    1  4.40179E+13 0.00355 
   34   34    1    1    1    1    1    1    1    1  5.99166E+13 0.00283 
   35   35    1    1    1    1    1    1    1    1  8.29938E+13 0.00239 
   36   36    1    1    1    1    1    1    1    1  5.83272E+13 0.00329 
   37   37    1    1    1    1    1    1    1    1  1.81698E+13 0.00288 
   38   38    1    1    1    1    1    1    1    1  9.91102E+13 0.00229 
   39   39    1    1    1    1    1    1    1    1  1.32766E+14 0.00243 
   40   40    1    1    1    1    1    1    1    1  2.26035E+14 0.00170 
   41   41    1    1    1    1    1    1    1    1  2.30771E+14 0.00138 
   42   42    1    1    1    1    1    1    1    1  4.80984E+14 0.00198 
   43   43    1    1    1    1    1    1    1    1  5.77726E+14 0.00133 
   44   44    1    1    1    1    1    1    1    1  8.25229E+14 0.00127 
   45   45    1    1    1    1    1    1    1    1  1.61934E+15 0.00091 
   46   46    1    1    1    1    1    1    1    1  7.71853E+14 0.00111 
   47   47    1    1    1    1    1    1    1    1  1.23890E+15 0.00093 
   48   48    1    1    1    1    1    1    1    1  1.73163E+15 0.00098 
   49   49    1    1    1    1    1    1    1    1  1.70532E+15 0.00099 
   50   50    1    1    1    1    1    1    1    1  2.64138E+15 0.00094 
   51   51    1    1    1    1    1    1    1    1  2.12581E+15 0.00076 
   52   52    1    1    1    1    1    1    1    1  2.49273E+15 0.00067 
   53   53    1    1    1    1    1    1    1    1  1.74274E+15 0.00107 
   54   54    1    1    1    1    1    1    1    1  2.11005E+15 0.00097 
   55   55    1    1    1    1    1    1    1    1  1.46249E+15 0.00083 
   56   56    1    1    1    1    1    1    1    1  1.99917E+14 0.00128 
   57   57    1    1    1    1    1    1    1    1  2.90642E+15 0.00081 
   58   58    1    1    1    1    1    1    1    1  1.27628E+15 0.00109 
   59   59    1    1    1    1    1    1    1    1  1.36663E+15 0.00080 
   60   60    1    1    1    1    1    1    1    1  1.05564E+15 0.00108 
   61   61    1    1    1    1    1    1    1    1  1.06152E+15 0.00097 
   62   62    1    1    1    1    1    1    1    1  1.10064E+15 0.00119 
   63   63    1    1    1    1    1    1    1    1  9.23325E+14 0.00114 
   64   64    1    1    1    1    1    1    1    1  7.33752E+14 0.00122 
   65   65    1    1    1    1    1    1    1    1  7.27790E+14 0.00126 
   66   66    1    1    1    1    1    1    1    1  5.29401E+14 0.00110 
   67   67    1    1    1    1    1    1    1    1  4.33220E+14 0.00144 
   68   68    1    1    1    1    1    1    1    1  3.89187E+14 0.00158 
   69   69    1    1    1    1    1    1    1    1  4.67908E+14 0.00198 
   70   70    1    1    1    1    1    1    1    1  3.99050E+14 0.00173 
   71   71    1    1    1    1    1    1    1    1  7.34256E+14 0.00093 
   72   72    1    1    1    1    1    1    1    1  5.21714E+14 0.00168 
   73   73    1    1    1    1    1    1    1    1  3.93464E+14 0.00154 
   74   74    1    1    1    1    1    1    1    1  3.13522E+14 0.00122 
   75   75    1    1    1    1    1    1    1    1  2.58277E+14 0.00229 
   76   76    1    1    1    1    1    1    1    1  2.96254E+14 0.00196 
   77   77    1    1    1    1    1    1    1    1  2.31027E+14 0.00187 
   78   78    1    1    1    1    1    1    1    1  1.83327E+14 0.00249 
   79   79    1    1    1    1    1    1    1    1  1.87752E+14 0.00245 
   80   80    1    1    1    1    1    1    1    1  1.38829E+14 0.00233 
   81   81    1    1    1    1    1    1    1    1  1.06994E+14 0.00260 
   82   82    1    1    1    1    1    1    1    1  8.20417E+13 0.00315 
   83   83    1    1    1    1    1    1    1    1  7.68851E+13 0.00276 
   84   84    1    1    1    1    1    1    1    1  5.47813E+13 0.00302 
   85   85    1    1    1    1    1    1    1    1  3.98604E+13 0.00429 
   86   86    1    1    1    1    1    1    1    1  3.70626E+13 0.00365 
   87   87    1    1    1    1    1    1    1    1  2.28423E+13 0.00550 
   88   88    1    1    1    1    1    1    1    1  1.56873E+13 0.00663 
   89   89    1    1    1    1    1    1    1    1  8.77737E+12 0.00821 
   90   90    1    1    1    1    1    1    1    1  5.88675E+12 0.00675 
   91   91    1    1    1    1    1    1    1    1  2.93935E+12 0.01339 
   92   92    1    1    1    1    1    1    1    1  1.44615E+12 0.01778 
   93   93    1    1    1    1    1    1    1    1  6.71348E+11 0.03769 
   94   94    1    1    1    1    1    1    1    1  3.28125E+11 0.02933 
   95   95    1    1    1    1    1    1    1    1  1.59411E+11 0.06059 
   96   96    1    1    1    1    1    1    1    1  7.15318E+10 0.07907 
   97   97    1    1    1    1    1    1    1    1  4.60457E+10 0.12541 
   98   98    1    1    1    1    1    1    1    1  1.66823E+10 0.22327 
   99   99    1    1    1    1    1    1    1    1  8.55172E+09 0.27095 
  100  100    1    1    1    1    1    1    1    1  8.98524E+09 0.22107 
];


