
DETdpaspec = [
    1    1    1    1    1    1    1    1    1    1  0.00000E+00 0.00000 
    2    2    1    1    1    1    1    1    1    1  0.00000E+00 0.00000 
    3    3    1    1    1    1    1    1    1    1  0.00000E+00 0.00000 
    4    4    1    1    1    1    1    1    1    1  0.00000E+00 0.00000 
    5    5    1    1    1    1    1    1    1    1  0.00000E+00 0.00000 
    6    6    1    1    1    1    1    1    1    1  0.00000E+00 0.00000 
    7    7    1    1    1    1    1    1    1    1  0.00000E+00 0.00000 
    8    8    1    1    1    1    1    1    1    1  2.90087E+07 0.69836 
    9    9    1    1    1    1    1    1    1    1  0.00000E+00 0.00000 
   10   10    1    1    1    1    1    1    1    1  1.44415E+08 0.73378 
   11   11    1    1    1    1    1    1    1    1  1.42557E+08 1.00000 
   12   12    1    1    1    1    1    1    1    1  7.73356E+06 1.00000 
   13   13    1    1    1    1    1    1    1    1  4.82157E+08 0.51910 
   14   14    1    1    1    1    1    1    1    1  3.84933E+09 0.27754 
   15   15    1    1    1    1    1    1    1    1  5.23000E+09 0.30823 
   16   16    1    1    1    1    1    1    1    1  9.01807E+08 0.40774 
   17   17    1    1    1    1    1    1    1    1  2.23437E+09 0.33374 
   18   18    1    1    1    1    1    1    1    1  3.63758E+09 0.25653 
   19   19    1    1    1    1    1    1    1    1  6.79094E+09 0.21928 
   20   20    1    1    1    1    1    1    1    1  2.52695E+10 0.15070 
   21   21    1    1    1    1    1    1    1    1  1.82851E+10 0.14834 
   22   22    1    1    1    1    1    1    1    1  4.73070E+10 0.11113 
   23   23    1    1    1    1    1    1    1    1  6.01664E+10 0.06963 
   24   24    1    1    1    1    1    1    1    1  9.42236E+10 0.07400 
   25   25    1    1    1    1    1    1    1    1  1.24370E+11 0.07158 
   26   26    1    1    1    1    1    1    1    1  2.21614E+11 0.03806 
   27   27    1    1    1    1    1    1    1    1  3.99807E+11 0.04175 
   28   28    1    1    1    1    1    1    1    1  9.01886E+11 0.02376 
   29   29    1    1    1    1    1    1    1    1  1.51600E+12 0.01854 
   30   30    1    1    1    1    1    1    1    1  4.19218E+12 0.01011 
   31   31    1    1    1    1    1    1    1    1  1.27339E+13 0.00516 
   32   32    1    1    1    1    1    1    1    1  2.31040E+13 0.00497 
   33   33    1    1    1    1    1    1    1    1  5.38472E+13 0.00449 
   34   34    1    1    1    1    1    1    1    1  7.45527E+13 0.00391 
   35   35    1    1    1    1    1    1    1    1  9.81741E+13 0.00286 
   36   36    1    1    1    1    1    1    1    1  6.70765E+13 0.00208 
   37   37    1    1    1    1    1    1    1    1  2.05514E+13 0.00318 
   38   38    1    1    1    1    1    1    1    1  1.14264E+14 0.00217 
   39   39    1    1    1    1    1    1    1    1  1.52939E+14 0.00177 
   40   40    1    1    1    1    1    1    1    1  2.63050E+14 0.00198 
   41   41    1    1    1    1    1    1    1    1  2.64509E+14 0.00180 
   42   42    1    1    1    1    1    1    1    1  5.58884E+14 0.00172 
   43   43    1    1    1    1    1    1    1    1  6.73812E+14 0.00116 
   44   44    1    1    1    1    1    1    1    1  9.65922E+14 0.00102 
   45   45    1    1    1    1    1    1    1    1  1.92092E+15 0.00072 
   46   46    1    1    1    1    1    1    1    1  9.10756E+14 0.00087 
   47   47    1    1    1    1    1    1    1    1  1.45532E+15 0.00081 
   48   48    1    1    1    1    1    1    1    1  2.04255E+15 0.00078 
   49   49    1    1    1    1    1    1    1    1  2.00835E+15 0.00060 
   50   50    1    1    1    1    1    1    1    1  3.14518E+15 0.00070 
   51   51    1    1    1    1    1    1    1    1  2.50707E+15 0.00080 
   52   52    1    1    1    1    1    1    1    1  2.98331E+15 0.00067 
   53   53    1    1    1    1    1    1    1    1  2.08493E+15 0.00081 
   54   54    1    1    1    1    1    1    1    1  2.56027E+15 0.00061 
   55   55    1    1    1    1    1    1    1    1  1.76747E+15 0.00076 
   56   56    1    1    1    1    1    1    1    1  2.40806E+14 0.00121 
   57   57    1    1    1    1    1    1    1    1  3.51638E+15 0.00075 
   58   58    1    1    1    1    1    1    1    1  1.57214E+15 0.00076 
   59   59    1    1    1    1    1    1    1    1  1.67733E+15 0.00090 
   60   60    1    1    1    1    1    1    1    1  1.31086E+15 0.00105 
   61   61    1    1    1    1    1    1    1    1  1.31559E+15 0.00105 
   62   62    1    1    1    1    1    1    1    1  1.36843E+15 0.00113 
   63   63    1    1    1    1    1    1    1    1  1.15138E+15 0.00088 
   64   64    1    1    1    1    1    1    1    1  9.17718E+14 0.00118 
   65   65    1    1    1    1    1    1    1    1  9.11140E+14 0.00099 
   66   66    1    1    1    1    1    1    1    1  6.63684E+14 0.00123 
   67   67    1    1    1    1    1    1    1    1  5.40936E+14 0.00117 
   68   68    1    1    1    1    1    1    1    1  4.84993E+14 0.00157 
   69   69    1    1    1    1    1    1    1    1  5.82276E+14 0.00153 
   70   70    1    1    1    1    1    1    1    1  4.96547E+14 0.00146 
   71   71    1    1    1    1    1    1    1    1  9.05489E+14 0.00116 
   72   72    1    1    1    1    1    1    1    1  6.43420E+14 0.00112 
   73   73    1    1    1    1    1    1    1    1  4.85462E+14 0.00135 
   74   74    1    1    1    1    1    1    1    1  3.90649E+14 0.00124 
   75   75    1    1    1    1    1    1    1    1  3.24552E+14 0.00125 
   76   76    1    1    1    1    1    1    1    1  3.76029E+14 0.00131 
   77   77    1    1    1    1    1    1    1    1  2.96396E+14 0.00136 
   78   78    1    1    1    1    1    1    1    1  2.36489E+14 0.00191 
   79   79    1    1    1    1    1    1    1    1  2.43734E+14 0.00159 
   80   80    1    1    1    1    1    1    1    1  1.81352E+14 0.00128 
   81   81    1    1    1    1    1    1    1    1  1.39509E+14 0.00195 
   82   82    1    1    1    1    1    1    1    1  1.07072E+14 0.00219 
   83   83    1    1    1    1    1    1    1    1  9.98796E+13 0.00301 
   84   84    1    1    1    1    1    1    1    1  7.19081E+13 0.00198 
   85   85    1    1    1    1    1    1    1    1  5.21748E+13 0.00335 
   86   86    1    1    1    1    1    1    1    1  4.87932E+13 0.00266 
   87   87    1    1    1    1    1    1    1    1  3.00634E+13 0.00506 
   88   88    1    1    1    1    1    1    1    1  2.03112E+13 0.00607 
   89   89    1    1    1    1    1    1    1    1  1.16794E+13 0.00776 
   90   90    1    1    1    1    1    1    1    1  7.61766E+12 0.00970 
   91   91    1    1    1    1    1    1    1    1  3.77960E+12 0.00941 
   92   92    1    1    1    1    1    1    1    1  1.79541E+12 0.01592 
   93   93    1    1    1    1    1    1    1    1  8.90676E+11 0.02131 
   94   94    1    1    1    1    1    1    1    1  4.31942E+11 0.05201 
   95   95    1    1    1    1    1    1    1    1  1.85820E+11 0.05317 
   96   96    1    1    1    1    1    1    1    1  9.88648E+10 0.07294 
   97   97    1    1    1    1    1    1    1    1  4.42945E+10 0.11693 
   98   98    1    1    1    1    1    1    1    1  2.03254E+10 0.15105 
   99   99    1    1    1    1    1    1    1    1  1.22732E+10 0.20145 
  100  100    1    1    1    1    1    1    1    1  1.29127E+10 0.18258 
];


