
DETdpaspec = [
    1    1    1    1    1    1    1    1    1    1  0.00000E+00 0.00000 
    2    2    1    1    1    1    1    1    1    1  0.00000E+00 0.00000 
    3    3    1    1    1    1    1    1    1    1  0.00000E+00 0.00000 
    4    4    1    1    1    1    1    1    1    1  0.00000E+00 0.00000 
    5    5    1    1    1    1    1    1    1    1  9.67401E+06 1.00000 
    6    6    1    1    1    1    1    1    1    1  0.00000E+00 0.00000 
    7    7    1    1    1    1    1    1    1    1  1.50437E+07 1.00000 
    8    8    1    1    1    1    1    1    1    1  3.14740E+07 0.68866 
    9    9    1    1    1    1    1    1    1    1  2.59688E+07 0.74127 
   10   10    1    1    1    1    1    1    1    1  2.47674E+08 0.54777 
   11   11    1    1    1    1    1    1    1    1  4.90529E+08 0.48567 
   12   12    1    1    1    1    1    1    1    1  1.44086E+07 0.91009 
   13   13    1    1    1    1    1    1    1    1  4.64713E+08 0.43827 
   14   14    1    1    1    1    1    1    1    1  3.44689E+08 0.82439 
   15   15    1    1    1    1    1    1    1    1  2.43219E+09 0.33150 
   16   16    1    1    1    1    1    1    1    1  6.03214E+08 0.29348 
   17   17    1    1    1    1    1    1    1    1  2.04282E+09 0.22732 
   18   18    1    1    1    1    1    1    1    1  5.01545E+09 0.23365 
   19   19    1    1    1    1    1    1    1    1  4.40731E+09 0.15305 
   20   20    1    1    1    1    1    1    1    1  2.37191E+10 0.11967 
   21   21    1    1    1    1    1    1    1    1  2.16688E+10 0.10066 
   22   22    1    1    1    1    1    1    1    1  4.55085E+10 0.08464 
   23   23    1    1    1    1    1    1    1    1  6.64230E+10 0.06438 
   24   24    1    1    1    1    1    1    1    1  9.65123E+10 0.07045 
   25   25    1    1    1    1    1    1    1    1  1.33573E+11 0.06325 
   26   26    1    1    1    1    1    1    1    1  2.15121E+11 0.03541 
   27   27    1    1    1    1    1    1    1    1  3.98652E+11 0.03659 
   28   28    1    1    1    1    1    1    1    1  7.60231E+11 0.02437 
   29   29    1    1    1    1    1    1    1    1  1.18856E+12 0.02136 
   30   30    1    1    1    1    1    1    1    1  3.46805E+12 0.01389 
   31   31    1    1    1    1    1    1    1    1  1.06924E+13 0.00589 
   32   32    1    1    1    1    1    1    1    1  1.97161E+13 0.00482 
   33   33    1    1    1    1    1    1    1    1  4.53195E+13 0.00332 
   34   34    1    1    1    1    1    1    1    1  6.16568E+13 0.00318 
   35   35    1    1    1    1    1    1    1    1  8.50278E+13 0.00281 
   36   36    1    1    1    1    1    1    1    1  5.93279E+13 0.00244 
   37   37    1    1    1    1    1    1    1    1  1.84454E+13 0.00200 
   38   38    1    1    1    1    1    1    1    1  1.01083E+14 0.00204 
   39   39    1    1    1    1    1    1    1    1  1.35440E+14 0.00211 
   40   40    1    1    1    1    1    1    1    1  2.31021E+14 0.00169 
   41   41    1    1    1    1    1    1    1    1  2.35433E+14 0.00170 
   42   42    1    1    1    1    1    1    1    1  4.92211E+14 0.00121 
   43   43    1    1    1    1    1    1    1    1  5.92021E+14 0.00134 
   44   44    1    1    1    1    1    1    1    1  8.46131E+14 0.00108 
   45   45    1    1    1    1    1    1    1    1  1.66213E+15 0.00117 
   46   46    1    1    1    1    1    1    1    1  7.93020E+14 0.00139 
   47   47    1    1    1    1    1    1    1    1  1.27363E+15 0.00118 
   48   48    1    1    1    1    1    1    1    1  1.78006E+15 0.00095 
   49   49    1    1    1    1    1    1    1    1  1.75278E+15 0.00097 
   50   50    1    1    1    1    1    1    1    1  2.72072E+15 0.00098 
   51   51    1    1    1    1    1    1    1    1  2.18840E+15 0.00111 
   52   52    1    1    1    1    1    1    1    1  2.57415E+15 0.00090 
   53   53    1    1    1    1    1    1    1    1  1.80089E+15 0.00104 
   54   54    1    1    1    1    1    1    1    1  2.18380E+15 0.00104 
   55   55    1    1    1    1    1    1    1    1  1.51231E+15 0.00103 
   56   56    1    1    1    1    1    1    1    1  2.06579E+14 0.00157 
   57   57    1    1    1    1    1    1    1    1  3.00624E+15 0.00107 
   58   58    1    1    1    1    1    1    1    1  1.32395E+15 0.00097 
   59   59    1    1    1    1    1    1    1    1  1.41805E+15 0.00109 
   60   60    1    1    1    1    1    1    1    1  1.09719E+15 0.00111 
   61   61    1    1    1    1    1    1    1    1  1.10262E+15 0.00112 
   62   62    1    1    1    1    1    1    1    1  1.14271E+15 0.00107 
   63   63    1    1    1    1    1    1    1    1  9.58914E+14 0.00120 
   64   64    1    1    1    1    1    1    1    1  7.62677E+14 0.00108 
   65   65    1    1    1    1    1    1    1    1  7.57182E+14 0.00119 
   66   66    1    1    1    1    1    1    1    1  5.50390E+14 0.00132 
   67   67    1    1    1    1    1    1    1    1  4.50669E+14 0.00157 
   68   68    1    1    1    1    1    1    1    1  4.04436E+14 0.00181 
   69   69    1    1    1    1    1    1    1    1  4.85732E+14 0.00137 
   70   70    1    1    1    1    1    1    1    1  4.14073E+14 0.00159 
   71   71    1    1    1    1    1    1    1    1  7.63899E+14 0.00129 
   72   72    1    1    1    1    1    1    1    1  5.41979E+14 0.00152 
   73   73    1    1    1    1    1    1    1    1  4.08787E+14 0.00174 
   74   74    1    1    1    1    1    1    1    1  3.27241E+14 0.00120 
   75   75    1    1    1    1    1    1    1    1  2.68771E+14 0.00200 
   76   76    1    1    1    1    1    1    1    1  3.09115E+14 0.00147 
   77   77    1    1    1    1    1    1    1    1  2.42489E+14 0.00162 
   78   78    1    1    1    1    1    1    1    1  1.91775E+14 0.00230 
   79   79    1    1    1    1    1    1    1    1  1.97139E+14 0.00190 
   80   80    1    1    1    1    1    1    1    1  1.45457E+14 0.00219 
   81   81    1    1    1    1    1    1    1    1  1.12432E+14 0.00208 
   82   82    1    1    1    1    1    1    1    1  8.57754E+13 0.00199 
   83   83    1    1    1    1    1    1    1    1  8.02846E+13 0.00323 
   84   84    1    1    1    1    1    1    1    1  5.75594E+13 0.00300 
   85   85    1    1    1    1    1    1    1    1  4.15655E+13 0.00223 
   86   86    1    1    1    1    1    1    1    1  3.91944E+13 0.00437 
   87   87    1    1    1    1    1    1    1    1  2.41057E+13 0.00508 
   88   88    1    1    1    1    1    1    1    1  1.60417E+13 0.00434 
   89   89    1    1    1    1    1    1    1    1  9.33707E+12 0.00821 
   90   90    1    1    1    1    1    1    1    1  6.27354E+12 0.00868 
   91   91    1    1    1    1    1    1    1    1  3.16084E+12 0.01146 
   92   92    1    1    1    1    1    1    1    1  1.52980E+12 0.02121 
   93   93    1    1    1    1    1    1    1    1  7.20401E+11 0.02897 
   94   94    1    1    1    1    1    1    1    1  3.43322E+11 0.03297 
   95   95    1    1    1    1    1    1    1    1  1.77614E+11 0.04214 
   96   96    1    1    1    1    1    1    1    1  8.53758E+10 0.08383 
   97   97    1    1    1    1    1    1    1    1  3.78582E+10 0.09178 
   98   98    1    1    1    1    1    1    1    1  2.57039E+10 0.13949 
   99   99    1    1    1    1    1    1    1    1  8.94031E+09 0.33435 
  100  100    1    1    1    1    1    1    1    1  7.16720E+09 0.34102 
];


