
DETdpaspec = [
    1    1    1    1    1    1    1    1    1    1  0.00000E+00 0.00000 
    2    2    1    1    1    1    1    1    1    1  0.00000E+00 0.00000 
    3    3    1    1    1    1    1    1    1    1  0.00000E+00 0.00000 
    4    4    1    1    1    1    1    1    1    1  0.00000E+00 0.00000 
    5    5    1    1    1    1    1    1    1    1  0.00000E+00 0.00000 
    6    6    1    1    1    1    1    1    1    1  9.01308E+06 1.00000 
    7    7    1    1    1    1    1    1    1    1  0.00000E+00 0.00000 
    8    8    1    1    1    1    1    1    1    1  0.00000E+00 0.00000 
    9    9    1    1    1    1    1    1    1    1  1.50885E+07 1.00000 
   10   10    1    1    1    1    1    1    1    1  1.23998E+08 0.72406 
   11   11    1    1    1    1    1    1    1    1  0.00000E+00 0.00000 
   12   12    1    1    1    1    1    1    1    1  7.30762E+07 0.69658 
   13   13    1    1    1    1    1    1    1    1  3.99427E+08 0.57920 
   14   14    1    1    1    1    1    1    1    1  3.52837E+09 0.31146 
   15   15    1    1    1    1    1    1    1    1  5.86368E+09 0.30723 
   16   16    1    1    1    1    1    1    1    1  1.37739E+09 0.31220 
   17   17    1    1    1    1    1    1    1    1  2.46894E+09 0.23777 
   18   18    1    1    1    1    1    1    1    1  5.60414E+09 0.21561 
   19   19    1    1    1    1    1    1    1    1  5.91810E+09 0.16385 
   20   20    1    1    1    1    1    1    1    1  1.89601E+10 0.12374 
   21   21    1    1    1    1    1    1    1    1  1.66237E+10 0.12160 
   22   22    1    1    1    1    1    1    1    1  3.66081E+10 0.09825 
   23   23    1    1    1    1    1    1    1    1  6.55080E+10 0.07394 
   24   24    1    1    1    1    1    1    1    1  1.00207E+11 0.04662 
   25   25    1    1    1    1    1    1    1    1  1.14284E+11 0.05639 
   26   26    1    1    1    1    1    1    1    1  1.99877E+11 0.05384 
   27   27    1    1    1    1    1    1    1    1  3.63714E+11 0.03374 
   28   28    1    1    1    1    1    1    1    1  7.61092E+11 0.02590 
   29   29    1    1    1    1    1    1    1    1  1.18065E+12 0.01802 
   30   30    1    1    1    1    1    1    1    1  3.44767E+12 0.01307 
   31   31    1    1    1    1    1    1    1    1  1.06704E+13 0.00723 
   32   32    1    1    1    1    1    1    1    1  1.98492E+13 0.00395 
   33   33    1    1    1    1    1    1    1    1  4.64025E+13 0.00345 
   34   34    1    1    1    1    1    1    1    1  6.35870E+13 0.00381 
   35   35    1    1    1    1    1    1    1    1  8.68489E+13 0.00242 
   36   36    1    1    1    1    1    1    1    1  6.05528E+13 0.00247 
   37   37    1    1    1    1    1    1    1    1  1.87747E+13 0.00255 
   38   38    1    1    1    1    1    1    1    1  1.03326E+14 0.00222 
   39   39    1    1    1    1    1    1    1    1  1.38487E+14 0.00229 
   40   40    1    1    1    1    1    1    1    1  2.36494E+14 0.00192 
   41   41    1    1    1    1    1    1    1    1  2.40575E+14 0.00205 
   42   42    1    1    1    1    1    1    1    1  5.03082E+14 0.00152 
   43   43    1    1    1    1    1    1    1    1  6.04777E+14 0.00112 
   44   44    1    1    1    1    1    1    1    1  8.66686E+14 0.00095 
   45   45    1    1    1    1    1    1    1    1  1.70568E+15 0.00058 
   46   46    1    1    1    1    1    1    1    1  8.12950E+14 0.00074 
   47   47    1    1    1    1    1    1    1    1  1.30330E+15 0.00087 
   48   48    1    1    1    1    1    1    1    1  1.82235E+15 0.00098 
   49   49    1    1    1    1    1    1    1    1  1.79377E+15 0.00101 
   50   50    1    1    1    1    1    1    1    1  2.79193E+15 0.00101 
   51   51    1    1    1    1    1    1    1    1  2.24046E+15 0.00109 
   52   52    1    1    1    1    1    1    1    1  2.64050E+15 0.00115 
   53   53    1    1    1    1    1    1    1    1  1.84755E+15 0.00109 
   54   54    1    1    1    1    1    1    1    1  2.24599E+15 0.00087 
   55   55    1    1    1    1    1    1    1    1  1.55395E+15 0.00078 
   56   56    1    1    1    1    1    1    1    1  2.11901E+14 0.00111 
   57   57    1    1    1    1    1    1    1    1  3.09088E+15 0.00074 
   58   58    1    1    1    1    1    1    1    1  1.36560E+15 0.00100 
   59   59    1    1    1    1    1    1    1    1  1.46037E+15 0.00066 
   60   60    1    1    1    1    1    1    1    1  1.13284E+15 0.00086 
   61   61    1    1    1    1    1    1    1    1  1.13723E+15 0.00104 
   62   62    1    1    1    1    1    1    1    1  1.17906E+15 0.00114 
   63   63    1    1    1    1    1    1    1    1  9.90707E+14 0.00105 
   64   64    1    1    1    1    1    1    1    1  7.86469E+14 0.00100 
   65   65    1    1    1    1    1    1    1    1  7.81749E+14 0.00121 
   66   66    1    1    1    1    1    1    1    1  5.69536E+14 0.00098 
   67   67    1    1    1    1    1    1    1    1  4.65768E+14 0.00126 
   68   68    1    1    1    1    1    1    1    1  4.17693E+14 0.00115 
   69   69    1    1    1    1    1    1    1    1  5.03574E+14 0.00101 
   70   70    1    1    1    1    1    1    1    1  4.29037E+14 0.00150 
   71   71    1    1    1    1    1    1    1    1  7.87368E+14 0.00119 
   72   72    1    1    1    1    1    1    1    1  5.58767E+14 0.00128 
   73   73    1    1    1    1    1    1    1    1  4.20907E+14 0.00159 
   74   74    1    1    1    1    1    1    1    1  3.36382E+14 0.00157 
   75   75    1    1    1    1    1    1    1    1  2.77015E+14 0.00137 
   76   76    1    1    1    1    1    1    1    1  3.19921E+14 0.00118 
   77   77    1    1    1    1    1    1    1    1  2.51180E+14 0.00178 
   78   78    1    1    1    1    1    1    1    1  1.98772E+14 0.00195 
   79   79    1    1    1    1    1    1    1    1  2.04633E+14 0.00158 
   80   80    1    1    1    1    1    1    1    1  1.51058E+14 0.00223 
   81   81    1    1    1    1    1    1    1    1  1.16592E+14 0.00214 
   82   82    1    1    1    1    1    1    1    1  8.93240E+13 0.00298 
   83   83    1    1    1    1    1    1    1    1  8.33621E+13 0.00300 
   84   84    1    1    1    1    1    1    1    1  6.04026E+13 0.00278 
   85   85    1    1    1    1    1    1    1    1  4.30364E+13 0.00378 
   86   86    1    1    1    1    1    1    1    1  4.06653E+13 0.00335 
   87   87    1    1    1    1    1    1    1    1  2.49217E+13 0.00430 
   88   88    1    1    1    1    1    1    1    1  1.69828E+13 0.00445 
   89   89    1    1    1    1    1    1    1    1  9.60658E+12 0.00822 
   90   90    1    1    1    1    1    1    1    1  6.40557E+12 0.01084 
   91   91    1    1    1    1    1    1    1    1  3.27640E+12 0.01754 
   92   92    1    1    1    1    1    1    1    1  1.52614E+12 0.01761 
   93   93    1    1    1    1    1    1    1    1  7.79363E+11 0.04073 
   94   94    1    1    1    1    1    1    1    1  3.89358E+11 0.03706 
   95   95    1    1    1    1    1    1    1    1  1.78826E+11 0.05649 
   96   96    1    1    1    1    1    1    1    1  8.53620E+10 0.06453 
   97   97    1    1    1    1    1    1    1    1  4.07191E+10 0.09070 
   98   98    1    1    1    1    1    1    1    1  2.13300E+10 0.14976 
   99   99    1    1    1    1    1    1    1    1  1.06792E+10 0.27492 
  100  100    1    1    1    1    1    1    1    1  7.64141E+09 0.26215 
];


