
DETdpaspec = [
    1    1    1    1    1    1    1    1    1    1  0.00000E+00 0.00000 
    2    2    1    1    1    1    1    1    1    1  0.00000E+00 0.00000 
    3    3    1    1    1    1    1    1    1    1  0.00000E+00 0.00000 
    4    4    1    1    1    1    1    1    1    1  0.00000E+00 0.00000 
    5    5    1    1    1    1    1    1    1    1  0.00000E+00 0.00000 
    6    6    1    1    1    1    1    1    1    1  0.00000E+00 0.00000 
    7    7    1    1    1    1    1    1    1    1  0.00000E+00 0.00000 
    8    8    1    1    1    1    1    1    1    1  0.00000E+00 0.00000 
    9    9    1    1    1    1    1    1    1    1  0.00000E+00 0.00000 
   10   10    1    1    1    1    1    1    1    1  0.00000E+00 0.00000 
   11   11    1    1    1    1    1    1    1    1  9.68767E+07 1.00000 
   12   12    1    1    1    1    1    1    1    1  3.10995E+08 0.37263 
   13   13    1    1    1    1    1    1    1    1  8.55265E+08 0.39587 
   14   14    1    1    1    1    1    1    1    1  3.86112E+09 0.38144 
   15   15    1    1    1    1    1    1    1    1  3.18781E+09 0.42442 
   16   16    1    1    1    1    1    1    1    1  8.66269E+08 0.42286 
   17   17    1    1    1    1    1    1    1    1  1.95158E+09 0.34018 
   18   18    1    1    1    1    1    1    1    1  3.78998E+09 0.30027 
   19   19    1    1    1    1    1    1    1    1  5.74575E+09 0.21123 
   20   20    1    1    1    1    1    1    1    1  1.52837E+10 0.22595 
   21   21    1    1    1    1    1    1    1    1  1.76435E+10 0.12105 
   22   22    1    1    1    1    1    1    1    1  3.13488E+10 0.10289 
   23   23    1    1    1    1    1    1    1    1  5.81149E+10 0.05835 
   24   24    1    1    1    1    1    1    1    1  9.96224E+10 0.05697 
   25   25    1    1    1    1    1    1    1    1  1.10067E+11 0.07150 
   26   26    1    1    1    1    1    1    1    1  2.48449E+11 0.02832 
   27   27    1    1    1    1    1    1    1    1  5.04765E+11 0.04172 
   28   28    1    1    1    1    1    1    1    1  1.20906E+12 0.02401 
   29   29    1    1    1    1    1    1    1    1  2.13173E+12 0.02224 
   30   30    1    1    1    1    1    1    1    1  5.58946E+12 0.01584 
   31   31    1    1    1    1    1    1    1    1  1.64601E+13 0.00700 
   32   32    1    1    1    1    1    1    1    1  2.91181E+13 0.00546 
   33   33    1    1    1    1    1    1    1    1  6.71935E+13 0.00345 
   34   34    1    1    1    1    1    1    1    1  9.26284E+13 0.00234 
   35   35    1    1    1    1    1    1    1    1  1.14515E+14 0.00188 
   36   36    1    1    1    1    1    1    1    1  7.63613E+13 0.00162 
   37   37    1    1    1    1    1    1    1    1  2.30240E+13 0.00183 
   38   38    1    1    1    1    1    1    1    1  1.29227E+14 0.00194 
   39   39    1    1    1    1    1    1    1    1  1.73435E+14 0.00146 
   40   40    1    1    1    1    1    1    1    1  2.98771E+14 0.00122 
   41   41    1    1    1    1    1    1    1    1  2.95625E+14 0.00124 
   42   42    1    1    1    1    1    1    1    1  6.28635E+14 0.00088 
   43   43    1    1    1    1    1    1    1    1  7.57060E+14 0.00068 
   44   44    1    1    1    1    1    1    1    1  1.08439E+15 0.00061 
   45   45    1    1    1    1    1    1    1    1  2.15982E+15 0.00066 
   46   46    1    1    1    1    1    1    1    1  1.01460E+15 0.00063 
   47   47    1    1    1    1    1    1    1    1  1.61313E+15 0.00066 
   48   48    1    1    1    1    1    1    1    1  2.25605E+15 0.00058 
   49   49    1    1    1    1    1    1    1    1  2.20925E+15 0.00042 
   50   50    1    1    1    1    1    1    1    1  3.47449E+15 0.00056 
   51   51    1    1    1    1    1    1    1    1  2.74734E+15 0.00055 
   52   52    1    1    1    1    1    1    1    1  3.29122E+15 0.00046 
   53   53    1    1    1    1    1    1    1    1  2.29214E+15 0.00052 
   54   54    1    1    1    1    1    1    1    1  2.83358E+15 0.00052 
   55   55    1    1    1    1    1    1    1    1  1.95506E+15 0.00065 
   56   56    1    1    1    1    1    1    1    1  2.65651E+14 0.00086 
   57   57    1    1    1    1    1    1    1    1  3.87955E+15 0.00040 
   58   58    1    1    1    1    1    1    1    1  1.75085E+15 0.00058 
   59   59    1    1    1    1    1    1    1    1  1.86067E+15 0.00049 
   60   60    1    1    1    1    1    1    1    1  1.46434E+15 0.00068 
   61   61    1    1    1    1    1    1    1    1  1.46360E+15 0.00065 
   62   62    1    1    1    1    1    1    1    1  1.52531E+15 0.00085 
   63   63    1    1    1    1    1    1    1    1  1.28716E+15 0.00075 
   64   64    1    1    1    1    1    1    1    1  1.02458E+15 0.00073 
   65   65    1    1    1    1    1    1    1    1  1.01753E+15 0.00095 
   66   66    1    1    1    1    1    1    1    1  7.41324E+14 0.00099 
   67   67    1    1    1    1    1    1    1    1  6.03759E+14 0.00129 
   68   68    1    1    1    1    1    1    1    1  5.39118E+14 0.00115 
   69   69    1    1    1    1    1    1    1    1  6.48831E+14 0.00127 
   70   70    1    1    1    1    1    1    1    1  5.52455E+14 0.00126 
   71   71    1    1    1    1    1    1    1    1  9.99406E+14 0.00120 
   72   72    1    1    1    1    1    1    1    1  7.07765E+14 0.00094 
   73   73    1    1    1    1    1    1    1    1  5.34994E+14 0.00127 
   74   74    1    1    1    1    1    1    1    1  4.33210E+14 0.00124 
   75   75    1    1    1    1    1    1    1    1  3.61439E+14 0.00147 
   76   76    1    1    1    1    1    1    1    1  4.21071E+14 0.00129 
   77   77    1    1    1    1    1    1    1    1  3.34525E+14 0.00153 
   78   78    1    1    1    1    1    1    1    1  2.67153E+14 0.00142 
   79   79    1    1    1    1    1    1    1    1  2.76459E+14 0.00146 
   80   80    1    1    1    1    1    1    1    1  2.05816E+14 0.00185 
   81   81    1    1    1    1    1    1    1    1  1.58807E+14 0.00193 
   82   82    1    1    1    1    1    1    1    1  1.21640E+14 0.00224 
   83   83    1    1    1    1    1    1    1    1  1.14206E+14 0.00143 
   84   84    1    1    1    1    1    1    1    1  8.22160E+13 0.00245 
   85   85    1    1    1    1    1    1    1    1  5.93985E+13 0.00342 
   86   86    1    1    1    1    1    1    1    1  5.53561E+13 0.00282 
   87   87    1    1    1    1    1    1    1    1  3.41474E+13 0.00476 
   88   88    1    1    1    1    1    1    1    1  2.30447E+13 0.00403 
   89   89    1    1    1    1    1    1    1    1  1.31585E+13 0.00660 
   90   90    1    1    1    1    1    1    1    1  8.74681E+12 0.00915 
   91   91    1    1    1    1    1    1    1    1  4.32723E+12 0.01219 
   92   92    1    1    1    1    1    1    1    1  2.13130E+12 0.01499 
   93   93    1    1    1    1    1    1    1    1  1.02369E+12 0.01890 
   94   94    1    1    1    1    1    1    1    1  4.96362E+11 0.02917 
   95   95    1    1    1    1    1    1    1    1  2.33642E+11 0.03688 
   96   96    1    1    1    1    1    1    1    1  9.60103E+10 0.06785 
   97   97    1    1    1    1    1    1    1    1  4.74251E+10 0.09376 
   98   98    1    1    1    1    1    1    1    1  2.54405E+10 0.18717 
   99   99    1    1    1    1    1    1    1    1  1.46810E+10 0.26034 
  100  100    1    1    1    1    1    1    1    1  1.29631E+10 0.17412 
];


