
DETdpaspec = [
    1    1    1    1    1    1    1    1    1    1  0.00000E+00 0.00000 
    2    2    1    1    1    1    1    1    1    1  0.00000E+00 0.00000 
    3    3    1    1    1    1    1    1    1    1  0.00000E+00 0.00000 
    4    4    1    1    1    1    1    1    1    1  0.00000E+00 0.00000 
    5    5    1    1    1    1    1    1    1    1  0.00000E+00 0.00000 
    6    6    1    1    1    1    1    1    1    1  1.46283E+07 1.00000 
    7    7    1    1    1    1    1    1    1    1  1.16140E+07 1.00000 
    8    8    1    1    1    1    1    1    1    1  0.00000E+00 0.00000 
    9    9    1    1    1    1    1    1    1    1  1.31515E+07 1.00000 
   10   10    1    1    1    1    1    1    1    1  1.22383E+08 0.66975 
   11   11    1    1    1    1    1    1    1    1  8.90357E+07 0.69157 
   12   12    1    1    1    1    1    1    1    1  1.23243E+06 1.00000 
   13   13    1    1    1    1    1    1    1    1  1.83126E+09 0.43121 
   14   14    1    1    1    1    1    1    1    1  1.67296E+09 0.40218 
   15   15    1    1    1    1    1    1    1    1  5.38731E+09 0.33431 
   16   16    1    1    1    1    1    1    1    1  1.17909E+09 0.34244 
   17   17    1    1    1    1    1    1    1    1  2.30944E+09 0.27765 
   18   18    1    1    1    1    1    1    1    1  5.68181E+09 0.22064 
   19   19    1    1    1    1    1    1    1    1  9.48042E+09 0.22398 
   20   20    1    1    1    1    1    1    1    1  2.67156E+10 0.16887 
   21   21    1    1    1    1    1    1    1    1  2.12106E+10 0.07476 
   22   22    1    1    1    1    1    1    1    1  3.94346E+10 0.08522 
   23   23    1    1    1    1    1    1    1    1  6.77557E+10 0.08300 
   24   24    1    1    1    1    1    1    1    1  1.08656E+11 0.07931 
   25   25    1    1    1    1    1    1    1    1  1.37571E+11 0.05259 
   26   26    1    1    1    1    1    1    1    1  2.05861E+11 0.05100 
   27   27    1    1    1    1    1    1    1    1  3.82344E+11 0.03940 
   28   28    1    1    1    1    1    1    1    1  7.94152E+11 0.02645 
   29   29    1    1    1    1    1    1    1    1  1.22184E+12 0.02197 
   30   30    1    1    1    1    1    1    1    1  3.54433E+12 0.01584 
   31   31    1    1    1    1    1    1    1    1  1.06471E+13 0.00777 
   32   32    1    1    1    1    1    1    1    1  1.95871E+13 0.00524 
   33   33    1    1    1    1    1    1    1    1  4.49301E+13 0.00322 
   34   34    1    1    1    1    1    1    1    1  6.10563E+13 0.00241 
   35   35    1    1    1    1    1    1    1    1  8.39502E+13 0.00214 
   36   36    1    1    1    1    1    1    1    1  5.88420E+13 0.00189 
   37   37    1    1    1    1    1    1    1    1  1.83115E+13 0.00291 
   38   38    1    1    1    1    1    1    1    1  1.00094E+14 0.00157 
   39   39    1    1    1    1    1    1    1    1  1.34115E+14 0.00165 
   40   40    1    1    1    1    1    1    1    1  2.29156E+14 0.00153 
   41   41    1    1    1    1    1    1    1    1  2.33889E+14 0.00151 
   42   42    1    1    1    1    1    1    1    1  4.87162E+14 0.00155 
   43   43    1    1    1    1    1    1    1    1  5.84474E+14 0.00140 
   44   44    1    1    1    1    1    1    1    1  8.37859E+14 0.00123 
   45   45    1    1    1    1    1    1    1    1  1.64564E+15 0.00104 
   46   46    1    1    1    1    1    1    1    1  7.84343E+14 0.00109 
   47   47    1    1    1    1    1    1    1    1  1.25895E+15 0.00099 
   48   48    1    1    1    1    1    1    1    1  1.75832E+15 0.00104 
   49   49    1    1    1    1    1    1    1    1  1.73253E+15 0.00087 
   50   50    1    1    1    1    1    1    1    1  2.68307E+15 0.00075 
   51   51    1    1    1    1    1    1    1    1  2.15826E+15 0.00086 
   52   52    1    1    1    1    1    1    1    1  2.53636E+15 0.00078 
   53   53    1    1    1    1    1    1    1    1  1.77314E+15 0.00064 
   54   54    1    1    1    1    1    1    1    1  2.14814E+15 0.00080 
   55   55    1    1    1    1    1    1    1    1  1.48665E+15 0.00072 
   56   56    1    1    1    1    1    1    1    1  2.03341E+14 0.00107 
   57   57    1    1    1    1    1    1    1    1  2.95803E+15 0.00089 
   58   58    1    1    1    1    1    1    1    1  1.30222E+15 0.00113 
   59   59    1    1    1    1    1    1    1    1  1.39277E+15 0.00074 
   60   60    1    1    1    1    1    1    1    1  1.07669E+15 0.00095 
   61   61    1    1    1    1    1    1    1    1  1.08129E+15 0.00079 
   62   62    1    1    1    1    1    1    1    1  1.12253E+15 0.00103 
   63   63    1    1    1    1    1    1    1    1  9.41700E+14 0.00112 
   64   64    1    1    1    1    1    1    1    1  7.49413E+14 0.00121 
   65   65    1    1    1    1    1    1    1    1  7.44328E+14 0.00127 
   66   66    1    1    1    1    1    1    1    1  5.41526E+14 0.00130 
   67   67    1    1    1    1    1    1    1    1  4.42654E+14 0.00143 
   68   68    1    1    1    1    1    1    1    1  3.97552E+14 0.00116 
   69   69    1    1    1    1    1    1    1    1  4.76923E+14 0.00132 
   70   70    1    1    1    1    1    1    1    1  4.07564E+14 0.00129 
   71   71    1    1    1    1    1    1    1    1  7.50599E+14 0.00086 
   72   72    1    1    1    1    1    1    1    1  5.32716E+14 0.00110 
   73   73    1    1    1    1    1    1    1    1  4.01570E+14 0.00160 
   74   74    1    1    1    1    1    1    1    1  3.20037E+14 0.00203 
   75   75    1    1    1    1    1    1    1    1  2.64028E+14 0.00187 
   76   76    1    1    1    1    1    1    1    1  3.03137E+14 0.00113 
   77   77    1    1    1    1    1    1    1    1  2.37570E+14 0.00169 
   78   78    1    1    1    1    1    1    1    1  1.87407E+14 0.00200 
   79   79    1    1    1    1    1    1    1    1  1.93135E+14 0.00213 
   80   80    1    1    1    1    1    1    1    1  1.42866E+14 0.00239 
   81   81    1    1    1    1    1    1    1    1  1.09439E+14 0.00219 
   82   82    1    1    1    1    1    1    1    1  8.41053E+13 0.00337 
   83   83    1    1    1    1    1    1    1    1  7.84623E+13 0.00236 
   84   84    1    1    1    1    1    1    1    1  5.64660E+13 0.00343 
   85   85    1    1    1    1    1    1    1    1  4.09204E+13 0.00352 
   86   86    1    1    1    1    1    1    1    1  3.82432E+13 0.00405 
   87   87    1    1    1    1    1    1    1    1  2.36154E+13 0.00580 
   88   88    1    1    1    1    1    1    1    1  1.59399E+13 0.00500 
   89   89    1    1    1    1    1    1    1    1  9.12103E+12 0.00595 
   90   90    1    1    1    1    1    1    1    1  6.05773E+12 0.00837 
   91   91    1    1    1    1    1    1    1    1  2.97943E+12 0.01251 
   92   92    1    1    1    1    1    1    1    1  1.53400E+12 0.02186 
   93   93    1    1    1    1    1    1    1    1  7.30153E+11 0.02683 
   94   94    1    1    1    1    1    1    1    1  3.69592E+11 0.03564 
   95   95    1    1    1    1    1    1    1    1  1.77236E+11 0.05465 
   96   96    1    1    1    1    1    1    1    1  8.59875E+10 0.07800 
   97   97    1    1    1    1    1    1    1    1  5.34723E+10 0.14858 
   98   98    1    1    1    1    1    1    1    1  1.88245E+10 0.15953 
   99   99    1    1    1    1    1    1    1    1  1.25375E+10 0.26093 
  100  100    1    1    1    1    1    1    1    1  4.75268E+09 0.31180 
];


