
DETdpaspec = [
    1    1    1    1    1    1    1    1    1    1  0.00000E+00 0.00000 
    2    2    1    1    1    1    1    1    1    1  0.00000E+00 0.00000 
    3    3    1    1    1    1    1    1    1    1  0.00000E+00 0.00000 
    4    4    1    1    1    1    1    1    1    1  7.26079E+06 1.00000 
    5    5    1    1    1    1    1    1    1    1  0.00000E+00 0.00000 
    6    6    1    1    1    1    1    1    1    1  7.13295E+06 1.00000 
    7    7    1    1    1    1    1    1    1    1  2.99213E+07 0.68961 
    8    8    1    1    1    1    1    1    1    1  2.73501E+07 0.68959 
    9    9    1    1    1    1    1    1    1    1  0.00000E+00 0.00000 
   10   10    1    1    1    1    1    1    1    1  8.37599E+07 1.00000 
   11   11    1    1    1    1    1    1    1    1  2.18101E+08 0.57768 
   12   12    1    1    1    1    1    1    1    1  1.91690E+08 0.46373 
   13   13    1    1    1    1    1    1    1    1  2.86507E+08 0.48227 
   14   14    1    1    1    1    1    1    1    1  3.16032E+09 0.48111 
   15   15    1    1    1    1    1    1    1    1  4.07334E+09 0.34651 
   16   16    1    1    1    1    1    1    1    1  1.21366E+09 0.36405 
   17   17    1    1    1    1    1    1    1    1  3.10146E+09 0.33963 
   18   18    1    1    1    1    1    1    1    1  7.09452E+09 0.22413 
   19   19    1    1    1    1    1    1    1    1  6.57466E+09 0.22061 
   20   20    1    1    1    1    1    1    1    1  2.12971E+10 0.18302 
   21   21    1    1    1    1    1    1    1    1  2.11035E+10 0.10679 
   22   22    1    1    1    1    1    1    1    1  4.70614E+10 0.07267 
   23   23    1    1    1    1    1    1    1    1  6.54844E+10 0.09996 
   24   24    1    1    1    1    1    1    1    1  1.06051E+11 0.05616 
   25   25    1    1    1    1    1    1    1    1  1.28847E+11 0.05175 
   26   26    1    1    1    1    1    1    1    1  2.03771E+11 0.04495 
   27   27    1    1    1    1    1    1    1    1  3.77302E+11 0.02935 
   28   28    1    1    1    1    1    1    1    1  7.22019E+11 0.01519 
   29   29    1    1    1    1    1    1    1    1  1.05638E+12 0.02089 
   30   30    1    1    1    1    1    1    1    1  3.17581E+12 0.01228 
   31   31    1    1    1    1    1    1    1    1  9.71221E+12 0.01009 
   32   32    1    1    1    1    1    1    1    1  1.76632E+13 0.00674 
   33   33    1    1    1    1    1    1    1    1  3.95953E+13 0.00438 
   34   34    1    1    1    1    1    1    1    1  5.27876E+13 0.00272 
   35   35    1    1    1    1    1    1    1    1  7.52621E+13 0.00229 
   36   36    1    1    1    1    1    1    1    1  5.32774E+13 0.00252 
   37   37    1    1    1    1    1    1    1    1  1.67632E+13 0.00208 
   38   38    1    1    1    1    1    1    1    1  9.02967E+13 0.00176 
   39   39    1    1    1    1    1    1    1    1  1.20349E+14 0.00244 
   40   40    1    1    1    1    1    1    1    1  2.03121E+14 0.00230 
   41   41    1    1    1    1    1    1    1    1  2.08818E+14 0.00203 
   42   42    1    1    1    1    1    1    1    1  4.29584E+14 0.00165 
   43   43    1    1    1    1    1    1    1    1  5.12250E+14 0.00166 
   44   44    1    1    1    1    1    1    1    1  7.27806E+14 0.00155 
   45   45    1    1    1    1    1    1    1    1  1.40917E+15 0.00124 
   46   46    1    1    1    1    1    1    1    1  6.72519E+14 0.00116 
   47   47    1    1    1    1    1    1    1    1  1.08057E+15 0.00113 
   48   48    1    1    1    1    1    1    1    1  1.50397E+15 0.00124 
   49   49    1    1    1    1    1    1    1    1  1.48380E+15 0.00131 
   50   50    1    1    1    1    1    1    1    1  2.27307E+15 0.00091 
   51   51    1    1    1    1    1    1    1    1  1.83466E+15 0.00105 
   52   52    1    1    1    1    1    1    1    1  2.12644E+15 0.00109 
   53   53    1    1    1    1    1    1    1    1  1.48939E+15 0.00120 
   54   54    1    1    1    1    1    1    1    1  1.78390E+15 0.00109 
   55   55    1    1    1    1    1    1    1    1  1.23621E+15 0.00122 
   56   56    1    1    1    1    1    1    1    1  1.69471E+14 0.00170 
   57   57    1    1    1    1    1    1    1    1  2.45603E+15 0.00104 
   58   58    1    1    1    1    1    1    1    1  1.06547E+15 0.00126 
   59   59    1    1    1    1    1    1    1    1  1.14291E+15 0.00126 
   60   60    1    1    1    1    1    1    1    1  8.72533E+14 0.00114 
   61   61    1    1    1    1    1    1    1    1  8.78664E+14 0.00113 
   62   62    1    1    1    1    1    1    1    1  9.09340E+14 0.00140 
   63   63    1    1    1    1    1    1    1    1  7.60142E+14 0.00075 
   64   64    1    1    1    1    1    1    1    1  6.04011E+14 0.00108 
   65   65    1    1    1    1    1    1    1    1  5.98771E+14 0.00103 
   66   66    1    1    1    1    1    1    1    1  4.34465E+14 0.00138 
   67   67    1    1    1    1    1    1    1    1  3.55908E+14 0.00159 
   68   68    1    1    1    1    1    1    1    1  3.19752E+14 0.00153 
   69   69    1    1    1    1    1    1    1    1  3.84460E+14 0.00145 
   70   70    1    1    1    1    1    1    1    1  3.28061E+14 0.00137 
   71   71    1    1    1    1    1    1    1    1  6.07346E+14 0.00158 
   72   72    1    1    1    1    1    1    1    1  4.31742E+14 0.00146 
   73   73    1    1    1    1    1    1    1    1  3.25256E+14 0.00145 
   74   74    1    1    1    1    1    1    1    1  2.56959E+14 0.00172 
   75   75    1    1    1    1    1    1    1    1  2.09849E+14 0.00191 
   76   76    1    1    1    1    1    1    1    1  2.39609E+14 0.00143 
   77   77    1    1    1    1    1    1    1    1  1.86436E+14 0.00215 
   78   78    1    1    1    1    1    1    1    1  1.45721E+14 0.00218 
   79   79    1    1    1    1    1    1    1    1  1.49414E+14 0.00256 
   80   80    1    1    1    1    1    1    1    1  1.10572E+14 0.00302 
   81   81    1    1    1    1    1    1    1    1  8.45944E+13 0.00263 
   82   82    1    1    1    1    1    1    1    1  6.50709E+13 0.00251 
   83   83    1    1    1    1    1    1    1    1  6.05563E+13 0.00324 
   84   84    1    1    1    1    1    1    1    1  4.35712E+13 0.00439 
   85   85    1    1    1    1    1    1    1    1  3.12285E+13 0.00432 
   86   86    1    1    1    1    1    1    1    1  2.93263E+13 0.00446 
   87   87    1    1    1    1    1    1    1    1  1.82188E+13 0.00619 
   88   88    1    1    1    1    1    1    1    1  1.23916E+13 0.00774 
   89   89    1    1    1    1    1    1    1    1  7.05155E+12 0.00770 
   90   90    1    1    1    1    1    1    1    1  4.74553E+12 0.01086 
   91   91    1    1    1    1    1    1    1    1  2.39999E+12 0.01690 
   92   92    1    1    1    1    1    1    1    1  1.13334E+12 0.02760 
   93   93    1    1    1    1    1    1    1    1  5.34946E+11 0.02304 
   94   94    1    1    1    1    1    1    1    1  2.79581E+11 0.04763 
   95   95    1    1    1    1    1    1    1    1  1.40533E+11 0.08531 
   96   96    1    1    1    1    1    1    1    1  7.04708E+10 0.09911 
   97   97    1    1    1    1    1    1    1    1  3.87250E+10 0.10444 
   98   98    1    1    1    1    1    1    1    1  1.38105E+10 0.14430 
   99   99    1    1    1    1    1    1    1    1  8.03702E+09 0.27585 
  100  100    1    1    1    1    1    1    1    1  6.27869E+09 0.47262 
];


