
DETdpaspec = [
    1    1    1    1    1    1    1    1    1    1  0.00000E+00 0.00000 
    2    2    1    1    1    1    1    1    1    1  0.00000E+00 0.00000 
    3    3    1    1    1    1    1    1    1    1  0.00000E+00 0.00000 
    4    4    1    1    1    1    1    1    1    1  0.00000E+00 0.00000 
    5    5    1    1    1    1    1    1    1    1  0.00000E+00 0.00000 
    6    6    1    1    1    1    1    1    1    1  8.70330E+06 1.00000 
    7    7    1    1    1    1    1    1    1    1  0.00000E+00 0.00000 
    8    8    1    1    1    1    1    1    1    1  1.00281E+07 1.00000 
    9    9    1    1    1    1    1    1    1    1  6.43848E+06 1.00000 
   10   10    1    1    1    1    1    1    1    1  0.00000E+00 0.00000 
   11   11    1    1    1    1    1    1    1    1  1.88357E+08 0.56951 
   12   12    1    1    1    1    1    1    1    1  5.68239E+07 0.66759 
   13   13    1    1    1    1    1    1    1    1  1.23119E+09 0.52364 
   14   14    1    1    1    1    1    1    1    1  4.31039E+09 0.26587 
   15   15    1    1    1    1    1    1    1    1  4.38562E+09 0.29690 
   16   16    1    1    1    1    1    1    1    1  7.17185E+08 0.47722 
   17   17    1    1    1    1    1    1    1    1  1.47950E+09 0.28697 
   18   18    1    1    1    1    1    1    1    1  5.34806E+09 0.25530 
   19   19    1    1    1    1    1    1    1    1  5.28292E+09 0.18089 
   20   20    1    1    1    1    1    1    1    1  2.39820E+10 0.12479 
   21   21    1    1    1    1    1    1    1    1  2.13367E+10 0.14922 
   22   22    1    1    1    1    1    1    1    1  4.79163E+10 0.10137 
   23   23    1    1    1    1    1    1    1    1  6.66986E+10 0.06092 
   24   24    1    1    1    1    1    1    1    1  1.06193E+11 0.07955 
   25   25    1    1    1    1    1    1    1    1  1.24640E+11 0.07906 
   26   26    1    1    1    1    1    1    1    1  1.96174E+11 0.04191 
   27   27    1    1    1    1    1    1    1    1  3.58895E+11 0.03820 
   28   28    1    1    1    1    1    1    1    1  7.77921E+11 0.01611 
   29   29    1    1    1    1    1    1    1    1  1.25404E+12 0.01631 
   30   30    1    1    1    1    1    1    1    1  3.55383E+12 0.01193 
   31   31    1    1    1    1    1    1    1    1  1.08615E+13 0.00741 
   32   32    1    1    1    1    1    1    1    1  2.02517E+13 0.00502 
   33   33    1    1    1    1    1    1    1    1  4.73004E+13 0.00365 
   34   34    1    1    1    1    1    1    1    1  6.48928E+13 0.00293 
   35   35    1    1    1    1    1    1    1    1  8.79401E+13 0.00240 
   36   36    1    1    1    1    1    1    1    1  6.14626E+13 0.00242 
   37   37    1    1    1    1    1    1    1    1  1.90352E+13 0.00163 
   38   38    1    1    1    1    1    1    1    1  1.04991E+14 0.00168 
   39   39    1    1    1    1    1    1    1    1  1.40531E+14 0.00224 
   40   40    1    1    1    1    1    1    1    1  2.40506E+14 0.00206 
   41   41    1    1    1    1    1    1    1    1  2.43897E+14 0.00158 
   42   42    1    1    1    1    1    1    1    1  5.12362E+14 0.00122 
   43   43    1    1    1    1    1    1    1    1  6.16718E+14 0.00132 
   44   44    1    1    1    1    1    1    1    1  8.83681E+14 0.00137 
   45   45    1    1    1    1    1    1    1    1  1.74489E+15 0.00102 
   46   46    1    1    1    1    1    1    1    1  8.30600E+14 0.00109 
   47   47    1    1    1    1    1    1    1    1  1.33212E+15 0.00099 
   48   48    1    1    1    1    1    1    1    1  1.86657E+15 0.00092 
   49   49    1    1    1    1    1    1    1    1  1.83857E+15 0.00057 
   50   50    1    1    1    1    1    1    1    1  2.86399E+15 0.00081 
   51   51    1    1    1    1    1    1    1    1  2.29592E+15 0.00066 
   52   52    1    1    1    1    1    1    1    1  2.70892E+15 0.00080 
   53   53    1    1    1    1    1    1    1    1  1.89342E+15 0.00071 
   54   54    1    1    1    1    1    1    1    1  2.30665E+15 0.00067 
   55   55    1    1    1    1    1    1    1    1  1.59809E+15 0.00080 
   56   56    1    1    1    1    1    1    1    1  2.18256E+14 0.00137 
   57   57    1    1    1    1    1    1    1    1  3.18078E+15 0.00083 
   58   58    1    1    1    1    1    1    1    1  1.40539E+15 0.00089 
   59   59    1    1    1    1    1    1    1    1  1.50181E+15 0.00099 
   60   60    1    1    1    1    1    1    1    1  1.16612E+15 0.00096 
   61   61    1    1    1    1    1    1    1    1  1.17081E+15 0.00098 
   62   62    1    1    1    1    1    1    1    1  1.21635E+15 0.00107 
   63   63    1    1    1    1    1    1    1    1  1.02369E+15 0.00094 
   64   64    1    1    1    1    1    1    1    1  8.12993E+14 0.00120 
   65   65    1    1    1    1    1    1    1    1  8.07260E+14 0.00131 
   66   66    1    1    1    1    1    1    1    1  5.86380E+14 0.00133 
   67   67    1    1    1    1    1    1    1    1  4.79885E+14 0.00101 
   68   68    1    1    1    1    1    1    1    1  4.31115E+14 0.00123 
   69   69    1    1    1    1    1    1    1    1  5.18057E+14 0.00157 
   70   70    1    1    1    1    1    1    1    1  4.42222E+14 0.00148 
   71   71    1    1    1    1    1    1    1    1  8.11052E+14 0.00104 
   72   72    1    1    1    1    1    1    1    1  5.76551E+14 0.00140 
   73   73    1    1    1    1    1    1    1    1  4.34095E+14 0.00116 
   74   74    1    1    1    1    1    1    1    1  3.47549E+14 0.00111 
   75   75    1    1    1    1    1    1    1    1  2.87093E+14 0.00129 
   76   76    1    1    1    1    1    1    1    1  3.31236E+14 0.00163 
   77   77    1    1    1    1    1    1    1    1  2.59641E+14 0.00242 
   78   78    1    1    1    1    1    1    1    1  2.06593E+14 0.00220 
   79   79    1    1    1    1    1    1    1    1  2.12255E+14 0.00149 
   80   80    1    1    1    1    1    1    1    1  1.56517E+14 0.00177 
   81   81    1    1    1    1    1    1    1    1  1.20950E+14 0.00287 
   82   82    1    1    1    1    1    1    1    1  9.28306E+13 0.00374 
   83   83    1    1    1    1    1    1    1    1  8.68647E+13 0.00233 
   84   84    1    1    1    1    1    1    1    1  6.24355E+13 0.00302 
   85   85    1    1    1    1    1    1    1    1  4.49603E+13 0.00360 
   86   86    1    1    1    1    1    1    1    1  4.21145E+13 0.00273 
   87   87    1    1    1    1    1    1    1    1  2.60243E+13 0.00543 
   88   88    1    1    1    1    1    1    1    1  1.76188E+13 0.00516 
   89   89    1    1    1    1    1    1    1    1  1.01620E+13 0.00732 
   90   90    1    1    1    1    1    1    1    1  6.62865E+12 0.00967 
   91   91    1    1    1    1    1    1    1    1  3.32977E+12 0.01042 
   92   92    1    1    1    1    1    1    1    1  1.66665E+12 0.01675 
   93   93    1    1    1    1    1    1    1    1  8.03453E+11 0.02449 
   94   94    1    1    1    1    1    1    1    1  3.88573E+11 0.04576 
   95   95    1    1    1    1    1    1    1    1  1.94175E+11 0.07032 
   96   96    1    1    1    1    1    1    1    1  8.38988E+10 0.04726 
   97   97    1    1    1    1    1    1    1    1  4.11533E+10 0.12733 
   98   98    1    1    1    1    1    1    1    1  1.90870E+10 0.14707 
   99   99    1    1    1    1    1    1    1    1  6.52699E+09 0.33299 
  100  100    1    1    1    1    1    1    1    1  1.39783E+10 0.30546 
];


