
DETdpaspec = [
    1    1    1    1    1    1    1    1    1    1  0.00000E+00 0.00000 
    2    2    1    1    1    1    1    1    1    1  0.00000E+00 0.00000 
    3    3    1    1    1    1    1    1    1    1  0.00000E+00 0.00000 
    4    4    1    1    1    1    1    1    1    1  0.00000E+00 0.00000 
    5    5    1    1    1    1    1    1    1    1  9.37859E+06 1.00000 
    6    6    1    1    1    1    1    1    1    1  0.00000E+00 0.00000 
    7    7    1    1    1    1    1    1    1    1  0.00000E+00 0.00000 
    8    8    1    1    1    1    1    1    1    1  0.00000E+00 0.00000 
    9    9    1    1    1    1    1    1    1    1  0.00000E+00 0.00000 
   10   10    1    1    1    1    1    1    1    1  4.34376E+07 1.00000 
   11   11    1    1    1    1    1    1    1    1  9.31346E+07 0.69911 
   12   12    1    1    1    1    1    1    1    1  9.17580E+07 0.46410 
   13   13    1    1    1    1    1    1    1    1  6.21852E+08 0.47009 
   14   14    1    1    1    1    1    1    1    1  2.17694E+09 0.50456 
   15   15    1    1    1    1    1    1    1    1  2.52336E+09 0.34578 
   16   16    1    1    1    1    1    1    1    1  9.81269E+08 0.31349 
   17   17    1    1    1    1    1    1    1    1  2.09698E+09 0.24827 
   18   18    1    1    1    1    1    1    1    1  4.73554E+09 0.24228 
   19   19    1    1    1    1    1    1    1    1  6.27783E+09 0.21775 
   20   20    1    1    1    1    1    1    1    1  2.51666E+10 0.17219 
   21   21    1    1    1    1    1    1    1    1  1.93092E+10 0.13490 
   22   22    1    1    1    1    1    1    1    1  3.70316E+10 0.11180 
   23   23    1    1    1    1    1    1    1    1  6.15976E+10 0.06869 
   24   24    1    1    1    1    1    1    1    1  1.12215E+11 0.05835 
   25   25    1    1    1    1    1    1    1    1  1.16220E+11 0.07444 
   26   26    1    1    1    1    1    1    1    1  2.06336E+11 0.05261 
   27   27    1    1    1    1    1    1    1    1  3.61053E+11 0.03784 
   28   28    1    1    1    1    1    1    1    1  7.82934E+11 0.03150 
   29   29    1    1    1    1    1    1    1    1  1.21874E+12 0.01411 
   30   30    1    1    1    1    1    1    1    1  3.53263E+12 0.01430 
   31   31    1    1    1    1    1    1    1    1  1.06426E+13 0.00789 
   32   32    1    1    1    1    1    1    1    1  1.96956E+13 0.00544 
   33   33    1    1    1    1    1    1    1    1  4.54405E+13 0.00326 
   34   34    1    1    1    1    1    1    1    1  6.16706E+13 0.00272 
   35   35    1    1    1    1    1    1    1    1  8.50022E+13 0.00264 
   36   36    1    1    1    1    1    1    1    1  5.94586E+13 0.00172 
   37   37    1    1    1    1    1    1    1    1  1.85239E+13 0.00205 
   38   38    1    1    1    1    1    1    1    1  1.01358E+14 0.00130 
   39   39    1    1    1    1    1    1    1    1  1.36095E+14 0.00172 
   40   40    1    1    1    1    1    1    1    1  2.32440E+14 0.00112 
   41   41    1    1    1    1    1    1    1    1  2.37037E+14 0.00137 
   42   42    1    1    1    1    1    1    1    1  4.93538E+14 0.00099 
   43   43    1    1    1    1    1    1    1    1  5.93571E+14 0.00105 
   44   44    1    1    1    1    1    1    1    1  8.50953E+14 0.00106 
   45   45    1    1    1    1    1    1    1    1  1.67134E+15 0.00097 
   46   46    1    1    1    1    1    1    1    1  7.96397E+14 0.00105 
   47   47    1    1    1    1    1    1    1    1  1.27707E+15 0.00111 
   48   48    1    1    1    1    1    1    1    1  1.78776E+15 0.00104 
   49   49    1    1    1    1    1    1    1    1  1.76041E+15 0.00080 
   50   50    1    1    1    1    1    1    1    1  2.73220E+15 0.00068 
   51   51    1    1    1    1    1    1    1    1  2.19538E+15 0.00079 
   52   52    1    1    1    1    1    1    1    1  2.58417E+15 0.00090 
   53   53    1    1    1    1    1    1    1    1  1.80782E+15 0.00068 
   54   54    1    1    1    1    1    1    1    1  2.19628E+15 0.00057 
   55   55    1    1    1    1    1    1    1    1  1.51908E+15 0.00070 
   56   56    1    1    1    1    1    1    1    1  2.08010E+14 0.00098 
   57   57    1    1    1    1    1    1    1    1  3.02505E+15 0.00067 
   58   58    1    1    1    1    1    1    1    1  1.33189E+15 0.00090 
   59   59    1    1    1    1    1    1    1    1  1.42442E+15 0.00081 
   60   60    1    1    1    1    1    1    1    1  1.10147E+15 0.00098 
   61   61    1    1    1    1    1    1    1    1  1.10624E+15 0.00117 
   62   62    1    1    1    1    1    1    1    1  1.14827E+15 0.00095 
   63   63    1    1    1    1    1    1    1    1  9.63739E+14 0.00104 
   64   64    1    1    1    1    1    1    1    1  7.67325E+14 0.00105 
   65   65    1    1    1    1    1    1    1    1  7.61264E+14 0.00095 
   66   66    1    1    1    1    1    1    1    1  5.54803E+14 0.00109 
   67   67    1    1    1    1    1    1    1    1  4.53108E+14 0.00137 
   68   68    1    1    1    1    1    1    1    1  4.06158E+14 0.00137 
   69   69    1    1    1    1    1    1    1    1  4.88704E+14 0.00121 
   70   70    1    1    1    1    1    1    1    1  4.16625E+14 0.00117 
   71   71    1    1    1    1    1    1    1    1  7.66260E+14 0.00133 
   72   72    1    1    1    1    1    1    1    1  5.44211E+14 0.00151 
   73   73    1    1    1    1    1    1    1    1  4.10020E+14 0.00120 
   74   74    1    1    1    1    1    1    1    1  3.28353E+14 0.00201 
   75   75    1    1    1    1    1    1    1    1  2.70785E+14 0.00206 
   76   76    1    1    1    1    1    1    1    1  3.10827E+14 0.00157 
   77   77    1    1    1    1    1    1    1    1  2.43694E+14 0.00179 
   78   78    1    1    1    1    1    1    1    1  1.92587E+14 0.00181 
   79   79    1    1    1    1    1    1    1    1  1.97684E+14 0.00157 
   80   80    1    1    1    1    1    1    1    1  1.46046E+14 0.00188 
   81   81    1    1    1    1    1    1    1    1  1.12588E+14 0.00173 
   82   82    1    1    1    1    1    1    1    1  8.64985E+13 0.00204 
   83   83    1    1    1    1    1    1    1    1  8.09033E+13 0.00382 
   84   84    1    1    1    1    1    1    1    1  5.82066E+13 0.00305 
   85   85    1    1    1    1    1    1    1    1  4.19887E+13 0.00460 
   86   86    1    1    1    1    1    1    1    1  3.91351E+13 0.00430 
   87   87    1    1    1    1    1    1    1    1  2.44792E+13 0.00501 
   88   88    1    1    1    1    1    1    1    1  1.63367E+13 0.00635 
   89   89    1    1    1    1    1    1    1    1  9.47252E+12 0.00695 
   90   90    1    1    1    1    1    1    1    1  6.22839E+12 0.01202 
   91   91    1    1    1    1    1    1    1    1  3.17455E+12 0.00998 
   92   92    1    1    1    1    1    1    1    1  1.56625E+12 0.01735 
   93   93    1    1    1    1    1    1    1    1  7.26770E+11 0.02440 
   94   94    1    1    1    1    1    1    1    1  3.55420E+11 0.05116 
   95   95    1    1    1    1    1    1    1    1  1.68623E+11 0.05266 
   96   96    1    1    1    1    1    1    1    1  8.17403E+10 0.09539 
   97   97    1    1    1    1    1    1    1    1  3.75838E+10 0.11932 
   98   98    1    1    1    1    1    1    1    1  1.61744E+10 0.23078 
   99   99    1    1    1    1    1    1    1    1  9.07426E+09 0.21531 
  100  100    1    1    1    1    1    1    1    1  7.58022E+09 0.25205 
];


