
DETdpaspec = [
    1    1    1    1    1    1    1    1    1    1  0.00000E+00 0.00000 
    2    2    1    1    1    1    1    1    1    1  0.00000E+00 0.00000 
    3    3    1    1    1    1    1    1    1    1  0.00000E+00 0.00000 
    4    4    1    1    1    1    1    1    1    1  0.00000E+00 0.00000 
    5    5    1    1    1    1    1    1    1    1  0.00000E+00 0.00000 
    6    6    1    1    1    1    1    1    1    1  0.00000E+00 0.00000 
    7    7    1    1    1    1    1    1    1    1  0.00000E+00 0.00000 
    8    8    1    1    1    1    1    1    1    1  0.00000E+00 0.00000 
    9    9    1    1    1    1    1    1    1    1  0.00000E+00 0.00000 
   10   10    1    1    1    1    1    1    1    1  1.21729E+08 0.71465 
   11   11    1    1    1    1    1    1    1    1  5.15075E+07 1.00000 
   12   12    1    1    1    1    1    1    1    1  6.33534E+07 0.54801 
   13   13    1    1    1    1    1    1    1    1  4.15136E+08 0.64874 
   14   14    1    1    1    1    1    1    1    1  8.73551E+08 0.51375 
   15   15    1    1    1    1    1    1    1    1  3.63430E+09 0.34206 
   16   16    1    1    1    1    1    1    1    1  1.12053E+09 0.42029 
   17   17    1    1    1    1    1    1    1    1  1.95248E+09 0.26035 
   18   18    1    1    1    1    1    1    1    1  7.17281E+09 0.28655 
   19   19    1    1    1    1    1    1    1    1  7.58700E+09 0.15399 
   20   20    1    1    1    1    1    1    1    1  1.78494E+10 0.12917 
   21   21    1    1    1    1    1    1    1    1  2.39392E+10 0.09498 
   22   22    1    1    1    1    1    1    1    1  5.11000E+10 0.05918 
   23   23    1    1    1    1    1    1    1    1  6.93560E+10 0.04696 
   24   24    1    1    1    1    1    1    1    1  9.80472E+10 0.05830 
   25   25    1    1    1    1    1    1    1    1  1.32092E+11 0.06897 
   26   26    1    1    1    1    1    1    1    1  2.03981E+11 0.04472 
   27   27    1    1    1    1    1    1    1    1  3.78851E+11 0.04164 
   28   28    1    1    1    1    1    1    1    1  7.37318E+11 0.02811 
   29   29    1    1    1    1    1    1    1    1  1.08323E+12 0.02026 
   30   30    1    1    1    1    1    1    1    1  3.17591E+12 0.01177 
   31   31    1    1    1    1    1    1    1    1  9.81078E+12 0.00723 
   32   32    1    1    1    1    1    1    1    1  1.79608E+13 0.00537 
   33   33    1    1    1    1    1    1    1    1  4.06595E+13 0.00432 
   34   34    1    1    1    1    1    1    1    1  5.44388E+13 0.00395 
   35   35    1    1    1    1    1    1    1    1  7.69491E+13 0.00254 
   36   36    1    1    1    1    1    1    1    1  5.43584E+13 0.00183 
   37   37    1    1    1    1    1    1    1    1  1.71037E+13 0.00181 
   38   38    1    1    1    1    1    1    1    1  9.24167E+13 0.00194 
   39   39    1    1    1    1    1    1    1    1  1.23651E+14 0.00141 
   40   40    1    1    1    1    1    1    1    1  2.08990E+14 0.00124 
   41   41    1    1    1    1    1    1    1    1  2.14684E+14 0.00160 
   42   42    1    1    1    1    1    1    1    1  4.42172E+14 0.00153 
   43   43    1    1    1    1    1    1    1    1  5.29299E+14 0.00142 
   44   44    1    1    1    1    1    1    1    1  7.52713E+14 0.00139 
   45   45    1    1    1    1    1    1    1    1  1.45988E+15 0.00103 
   46   46    1    1    1    1    1    1    1    1  6.96329E+14 0.00091 
   47   47    1    1    1    1    1    1    1    1  1.11797E+15 0.00090 
   48   48    1    1    1    1    1    1    1    1  1.55869E+15 0.00097 
   49   49    1    1    1    1    1    1    1    1  1.53585E+15 0.00116 
   50   50    1    1    1    1    1    1    1    1  2.36076E+15 0.00093 
   51   51    1    1    1    1    1    1    1    1  1.90483E+15 0.00099 
   52   52    1    1    1    1    1    1    1    1  2.21493E+15 0.00097 
   53   53    1    1    1    1    1    1    1    1  1.54831E+15 0.00084 
   54   54    1    1    1    1    1    1    1    1  1.86022E+15 0.00098 
   55   55    1    1    1    1    1    1    1    1  1.28942E+15 0.00101 
   56   56    1    1    1    1    1    1    1    1  1.76684E+14 0.00133 
   57   57    1    1    1    1    1    1    1    1  2.56197E+15 0.00079 
   58   58    1    1    1    1    1    1    1    1  1.11285E+15 0.00070 
   59   59    1    1    1    1    1    1    1    1  1.19523E+15 0.00102 
   60   60    1    1    1    1    1    1    1    1  9.15215E+14 0.00098 
   61   61    1    1    1    1    1    1    1    1  9.20482E+14 0.00104 
   62   62    1    1    1    1    1    1    1    1  9.51735E+14 0.00121 
   63   63    1    1    1    1    1    1    1    1  7.97889E+14 0.00111 
   64   64    1    1    1    1    1    1    1    1  6.33310E+14 0.00140 
   65   65    1    1    1    1    1    1    1    1  6.27869E+14 0.00142 
   66   66    1    1    1    1    1    1    1    1  4.55921E+14 0.00134 
   67   67    1    1    1    1    1    1    1    1  3.73810E+14 0.00144 
   68   68    1    1    1    1    1    1    1    1  3.36462E+14 0.00144 
   69   69    1    1    1    1    1    1    1    1  4.03382E+14 0.00173 
   70   70    1    1    1    1    1    1    1    1  3.44644E+14 0.00075 
   71   71    1    1    1    1    1    1    1    1  6.37172E+14 0.00102 
   72   72    1    1    1    1    1    1    1    1  4.53539E+14 0.00130 
   73   73    1    1    1    1    1    1    1    1  3.40747E+14 0.00186 
   74   74    1    1    1    1    1    1    1    1  2.70945E+14 0.00124 
   75   75    1    1    1    1    1    1    1    1  2.21821E+14 0.00184 
   76   76    1    1    1    1    1    1    1    1  2.53542E+14 0.00151 
   77   77    1    1    1    1    1    1    1    1  1.96942E+14 0.00185 
   78   78    1    1    1    1    1    1    1    1  1.54572E+14 0.00174 
   79   79    1    1    1    1    1    1    1    1  1.58675E+14 0.00171 
   80   80    1    1    1    1    1    1    1    1  1.17042E+14 0.00211 
   81   81    1    1    1    1    1    1    1    1  9.00729E+13 0.00237 
   82   82    1    1    1    1    1    1    1    1  6.90354E+13 0.00342 
   83   83    1    1    1    1    1    1    1    1  6.40082E+13 0.00402 
   84   84    1    1    1    1    1    1    1    1  4.63552E+13 0.00177 
   85   85    1    1    1    1    1    1    1    1  3.32338E+13 0.00352 
   86   86    1    1    1    1    1    1    1    1  3.10774E+13 0.00442 
   87   87    1    1    1    1    1    1    1    1  1.91824E+13 0.00546 
   88   88    1    1    1    1    1    1    1    1  1.30952E+13 0.00586 
   89   89    1    1    1    1    1    1    1    1  7.50823E+12 0.00753 
   90   90    1    1    1    1    1    1    1    1  5.02702E+12 0.01008 
   91   91    1    1    1    1    1    1    1    1  2.49216E+12 0.01458 
   92   92    1    1    1    1    1    1    1    1  1.24087E+12 0.02220 
   93   93    1    1    1    1    1    1    1    1  5.95999E+11 0.02802 
   94   94    1    1    1    1    1    1    1    1  2.77937E+11 0.05680 
   95   95    1    1    1    1    1    1    1    1  1.49888E+11 0.06398 
   96   96    1    1    1    1    1    1    1    1  6.32369E+10 0.10381 
   97   97    1    1    1    1    1    1    1    1  2.70525E+10 0.11832 
   98   98    1    1    1    1    1    1    1    1  1.78643E+10 0.19269 
   99   99    1    1    1    1    1    1    1    1  6.53842E+09 0.35279 
  100  100    1    1    1    1    1    1    1    1  3.98635E+09 0.33205 
];


