
DETdpaspec = [
    1    1    1    1    1    1    1    1    1    1  0.00000E+00 0.00000 
    2    2    1    1    1    1    1    1    1    1  0.00000E+00 0.00000 
    3    3    1    1    1    1    1    1    1    1  0.00000E+00 0.00000 
    4    4    1    1    1    1    1    1    1    1  0.00000E+00 0.00000 
    5    5    1    1    1    1    1    1    1    1  0.00000E+00 0.00000 
    6    6    1    1    1    1    1    1    1    1  0.00000E+00 0.00000 
    7    7    1    1    1    1    1    1    1    1  1.51058E+07 1.00000 
    8    8    1    1    1    1    1    1    1    1  8.92771E+06 1.00000 
    9    9    1    1    1    1    1    1    1    1  0.00000E+00 0.00000 
   10   10    1    1    1    1    1    1    1    1  9.10695E+07 1.00000 
   11   11    1    1    1    1    1    1    1    1  0.00000E+00 0.00000 
   12   12    1    1    1    1    1    1    1    1  1.03851E+08 0.56396 
   13   13    1    1    1    1    1    1    1    1  6.40406E+08 0.54121 
   14   14    1    1    1    1    1    1    1    1  3.30666E+09 0.25521 
   15   15    1    1    1    1    1    1    1    1  3.54388E+09 0.36517 
   16   16    1    1    1    1    1    1    1    1  1.57078E+09 0.37789 
   17   17    1    1    1    1    1    1    1    1  1.83204E+09 0.33630 
   18   18    1    1    1    1    1    1    1    1  5.58881E+09 0.20069 
   19   19    1    1    1    1    1    1    1    1  6.34418E+09 0.15013 
   20   20    1    1    1    1    1    1    1    1  2.29433E+10 0.15836 
   21   21    1    1    1    1    1    1    1    1  1.82258E+10 0.14809 
   22   22    1    1    1    1    1    1    1    1  3.93846E+10 0.08350 
   23   23    1    1    1    1    1    1    1    1  5.83499E+10 0.06392 
   24   24    1    1    1    1    1    1    1    1  1.11899E+11 0.04180 
   25   25    1    1    1    1    1    1    1    1  1.31416E+11 0.05538 
   26   26    1    1    1    1    1    1    1    1  1.97660E+11 0.05670 
   27   27    1    1    1    1    1    1    1    1  3.49449E+11 0.04645 
   28   28    1    1    1    1    1    1    1    1  8.09171E+11 0.02373 
   29   29    1    1    1    1    1    1    1    1  1.34012E+12 0.02185 
   30   30    1    1    1    1    1    1    1    1  3.81421E+12 0.01343 
   31   31    1    1    1    1    1    1    1    1  1.16340E+13 0.01010 
   32   32    1    1    1    1    1    1    1    1  2.13693E+13 0.00502 
   33   33    1    1    1    1    1    1    1    1  4.98954E+13 0.00241 
   34   34    1    1    1    1    1    1    1    1  6.82514E+13 0.00184 
   35   35    1    1    1    1    1    1    1    1  9.17212E+13 0.00211 
   36   36    1    1    1    1    1    1    1    1  6.36605E+13 0.00195 
   37   37    1    1    1    1    1    1    1    1  1.95939E+13 0.00165 
   38   38    1    1    1    1    1    1    1    1  1.08169E+14 0.00183 
   39   39    1    1    1    1    1    1    1    1  1.44761E+14 0.00159 
   40   40    1    1    1    1    1    1    1    1  2.48544E+14 0.00147 
   41   41    1    1    1    1    1    1    1    1  2.51516E+14 0.00133 
   42   42    1    1    1    1    1    1    1    1  5.29239E+14 0.00110 
   43   43    1    1    1    1    1    1    1    1  6.36658E+14 0.00127 
   44   44    1    1    1    1    1    1    1    1  9.13416E+14 0.00100 
   45   45    1    1    1    1    1    1    1    1  1.81162E+15 0.00091 
   46   46    1    1    1    1    1    1    1    1  8.61092E+14 0.00131 
   47   47    1    1    1    1    1    1    1    1  1.37953E+15 0.00106 
   48   48    1    1    1    1    1    1    1    1  1.93011E+15 0.00093 
   49   49    1    1    1    1    1    1    1    1  1.89906E+15 0.00092 
   50   50    1    1    1    1    1    1    1    1  2.96724E+15 0.00095 
   51   51    1    1    1    1    1    1    1    1  2.37591E+15 0.00092 
   52   52    1    1    1    1    1    1    1    1  2.81357E+15 0.00074 
   53   53    1    1    1    1    1    1    1    1  1.96645E+15 0.00063 
   54   54    1    1    1    1    1    1    1    1  2.40532E+15 0.00090 
   55   55    1    1    1    1    1    1    1    1  1.66191E+15 0.00074 
   56   56    1    1    1    1    1    1    1    1  2.27166E+14 0.00120 
   57   57    1    1    1    1    1    1    1    1  3.30616E+15 0.00081 
   58   58    1    1    1    1    1    1    1    1  1.46729E+15 0.00080 
   59   59    1    1    1    1    1    1    1    1  1.56834E+15 0.00080 
   60   60    1    1    1    1    1    1    1    1  1.22073E+15 0.00098 
   61   61    1    1    1    1    1    1    1    1  1.22492E+15 0.00088 
   62   62    1    1    1    1    1    1    1    1  1.27271E+15 0.00085 
   63   63    1    1    1    1    1    1    1    1  1.07099E+15 0.00078 
   64   64    1    1    1    1    1    1    1    1  8.52007E+14 0.00096 
   65   65    1    1    1    1    1    1    1    1  8.45195E+14 0.00102 
   66   66    1    1    1    1    1    1    1    1  6.16607E+14 0.00132 
   67   67    1    1    1    1    1    1    1    1  5.02776E+14 0.00124 
   68   68    1    1    1    1    1    1    1    1  4.51238E+14 0.00129 
   69   69    1    1    1    1    1    1    1    1  5.43906E+14 0.00124 
   70   70    1    1    1    1    1    1    1    1  4.63815E+14 0.00126 
   71   71    1    1    1    1    1    1    1    1  8.47429E+14 0.00111 
   72   72    1    1    1    1    1    1    1    1  6.01944E+14 0.00129 
   73   73    1    1    1    1    1    1    1    1  4.53853E+14 0.00130 
   74   74    1    1    1    1    1    1    1    1  3.63176E+14 0.00172 
   75   75    1    1    1    1    1    1    1    1  3.00672E+14 0.00140 
   76   76    1    1    1    1    1    1    1    1  3.47879E+14 0.00108 
   77   77    1    1    1    1    1    1    1    1  2.74352E+14 0.00174 
   78   78    1    1    1    1    1    1    1    1  2.17774E+14 0.00135 
   79   79    1    1    1    1    1    1    1    1  2.24331E+14 0.00183 
   80   80    1    1    1    1    1    1    1    1  1.65818E+14 0.00203 
   81   81    1    1    1    1    1    1    1    1  1.27242E+14 0.00205 
   82   82    1    1    1    1    1    1    1    1  9.84038E+13 0.00295 
   83   83    1    1    1    1    1    1    1    1  9.21487E+13 0.00289 
   84   84    1    1    1    1    1    1    1    1  6.61139E+13 0.00344 
   85   85    1    1    1    1    1    1    1    1  4.79095E+13 0.00403 
   86   86    1    1    1    1    1    1    1    1  4.46413E+13 0.00511 
   87   87    1    1    1    1    1    1    1    1  2.74237E+13 0.00291 
   88   88    1    1    1    1    1    1    1    1  1.84999E+13 0.00572 
   89   89    1    1    1    1    1    1    1    1  1.08024E+13 0.00812 
   90   90    1    1    1    1    1    1    1    1  7.06894E+12 0.00904 
   91   91    1    1    1    1    1    1    1    1  3.58229E+12 0.01222 
   92   92    1    1    1    1    1    1    1    1  1.69711E+12 0.01905 
   93   93    1    1    1    1    1    1    1    1  8.60368E+11 0.02011 
   94   94    1    1    1    1    1    1    1    1  3.95033E+11 0.02763 
   95   95    1    1    1    1    1    1    1    1  1.99022E+11 0.05538 
   96   96    1    1    1    1    1    1    1    1  9.42154E+10 0.07287 
   97   97    1    1    1    1    1    1    1    1  4.33891E+10 0.12438 
   98   98    1    1    1    1    1    1    1    1  2.00168E+10 0.17208 
   99   99    1    1    1    1    1    1    1    1  1.38036E+10 0.25753 
  100  100    1    1    1    1    1    1    1    1  1.08457E+10 0.15211 
];


