
DETdpaspec = [
    1    1    1    1    1    1    1    1    1    1  0.00000E+00 0.00000 
    2    2    1    1    1    1    1    1    1    1  0.00000E+00 0.00000 
    3    3    1    1    1    1    1    1    1    1  0.00000E+00 0.00000 
    4    4    1    1    1    1    1    1    1    1  0.00000E+00 0.00000 
    5    5    1    1    1    1    1    1    1    1  0.00000E+00 0.00000 
    6    6    1    1    1    1    1    1    1    1  0.00000E+00 0.00000 
    7    7    1    1    1    1    1    1    1    1  0.00000E+00 0.00000 
    8    8    1    1    1    1    1    1    1    1  0.00000E+00 0.00000 
    9    9    1    1    1    1    1    1    1    1  0.00000E+00 0.00000 
   10   10    1    1    1    1    1    1    1    1  4.40472E+07 1.00000 
   11   11    1    1    1    1    1    1    1    1  1.80356E+08 0.78348 
   12   12    1    1    1    1    1    1    1    1  1.37243E+07 1.00000 
   13   13    1    1    1    1    1    1    1    1  4.92901E+08 1.00000 
   14   14    1    1    1    1    1    1    1    1  1.24863E+09 0.36398 
   15   15    1    1    1    1    1    1    1    1  1.01502E+09 0.52871 
   16   16    1    1    1    1    1    1    1    1  1.46097E+09 0.27308 
   17   17    1    1    1    1    1    1    1    1  1.55914E+09 0.25876 
   18   18    1    1    1    1    1    1    1    1  5.67759E+09 0.26033 
   19   19    1    1    1    1    1    1    1    1  6.79590E+09 0.18279 
   20   20    1    1    1    1    1    1    1    1  2.02151E+10 0.14442 
   21   21    1    1    1    1    1    1    1    1  2.10918E+10 0.11545 
   22   22    1    1    1    1    1    1    1    1  4.89346E+10 0.08959 
   23   23    1    1    1    1    1    1    1    1  6.94040E+10 0.07938 
   24   24    1    1    1    1    1    1    1    1  1.09858E+11 0.06024 
   25   25    1    1    1    1    1    1    1    1  1.24610E+11 0.04782 
   26   26    1    1    1    1    1    1    1    1  2.01112E+11 0.05110 
   27   27    1    1    1    1    1    1    1    1  3.73914E+11 0.04251 
   28   28    1    1    1    1    1    1    1    1  7.44212E+11 0.02554 
   29   29    1    1    1    1    1    1    1    1  1.08647E+12 0.01875 
   30   30    1    1    1    1    1    1    1    1  3.29708E+12 0.01404 
   31   31    1    1    1    1    1    1    1    1  9.95159E+12 0.00860 
   32   32    1    1    1    1    1    1    1    1  1.83819E+13 0.00571 
   33   33    1    1    1    1    1    1    1    1  4.17157E+13 0.00446 
   34   34    1    1    1    1    1    1    1    1  5.61835E+13 0.00410 
   35   35    1    1    1    1    1    1    1    1  7.90039E+13 0.00269 
   36   36    1    1    1    1    1    1    1    1  5.57436E+13 0.00246 
   37   37    1    1    1    1    1    1    1    1  1.74321E+13 0.00239 
   38   38    1    1    1    1    1    1    1    1  9.47474E+13 0.00159 
   39   39    1    1    1    1    1    1    1    1  1.26770E+14 0.00177 
   40   40    1    1    1    1    1    1    1    1  2.15151E+14 0.00144 
   41   41    1    1    1    1    1    1    1    1  2.20637E+14 0.00123 
   42   42    1    1    1    1    1    1    1    1  4.54903E+14 0.00120 
   43   43    1    1    1    1    1    1    1    1  5.44716E+14 0.00130 
   44   44    1    1    1    1    1    1    1    1  7.77010E+14 0.00102 
   45   45    1    1    1    1    1    1    1    1  1.51056E+15 0.00084 
   46   46    1    1    1    1    1    1    1    1  7.21681E+14 0.00097 
   47   47    1    1    1    1    1    1    1    1  1.15846E+15 0.00095 
   48   48    1    1    1    1    1    1    1    1  1.61775E+15 0.00092 
   49   49    1    1    1    1    1    1    1    1  1.59317E+15 0.00084 
   50   50    1    1    1    1    1    1    1    1  2.45542E+15 0.00077 
   51   51    1    1    1    1    1    1    1    1  1.97762E+15 0.00085 
   52   52    1    1    1    1    1    1    1    1  2.30612E+15 0.00068 
   53   53    1    1    1    1    1    1    1    1  1.61319E+15 0.00070 
   54   54    1    1    1    1    1    1    1    1  1.94240E+15 0.00081 
   55   55    1    1    1    1    1    1    1    1  1.34683E+15 0.00096 
   56   56    1    1    1    1    1    1    1    1  1.84311E+14 0.00135 
   57   57    1    1    1    1    1    1    1    1  2.67406E+15 0.00074 
   58   58    1    1    1    1    1    1    1    1  1.16748E+15 0.00106 
   59   59    1    1    1    1    1    1    1    1  1.25077E+15 0.00099 
   60   60    1    1    1    1    1    1    1    1  9.61256E+14 0.00102 
   61   61    1    1    1    1    1    1    1    1  9.66914E+14 0.00077 
   62   62    1    1    1    1    1    1    1    1  1.00099E+15 0.00116 
   63   63    1    1    1    1    1    1    1    1  8.37061E+14 0.00094 
   64   64    1    1    1    1    1    1    1    1  6.66927E+14 0.00099 
   65   65    1    1    1    1    1    1    1    1  6.62003E+14 0.00096 
   66   66    1    1    1    1    1    1    1    1  4.80504E+14 0.00094 
   67   67    1    1    1    1    1    1    1    1  3.93803E+14 0.00118 
   68   68    1    1    1    1    1    1    1    1  3.54020E+14 0.00103 
   69   69    1    1    1    1    1    1    1    1  4.25685E+14 0.00149 
   70   70    1    1    1    1    1    1    1    1  3.62710E+14 0.00122 
   71   71    1    1    1    1    1    1    1    1  6.69815E+14 0.00122 
   72   72    1    1    1    1    1    1    1    1  4.76050E+14 0.00153 
   73   73    1    1    1    1    1    1    1    1  3.58551E+14 0.00171 
   74   74    1    1    1    1    1    1    1    1  2.84810E+14 0.00146 
   75   75    1    1    1    1    1    1    1    1  2.33564E+14 0.00180 
   76   76    1    1    1    1    1    1    1    1  2.66757E+14 0.00161 
   77   77    1    1    1    1    1    1    1    1  2.07992E+14 0.00231 
   78   78    1    1    1    1    1    1    1    1  1.64322E+14 0.00201 
   79   79    1    1    1    1    1    1    1    1  1.68251E+14 0.00235 
   80   80    1    1    1    1    1    1    1    1  1.24196E+14 0.00216 
   81   81    1    1    1    1    1    1    1    1  9.55396E+13 0.00280 
   82   82    1    1    1    1    1    1    1    1  7.29317E+13 0.00280 
   83   83    1    1    1    1    1    1    1    1  6.81963E+13 0.00302 
   84   84    1    1    1    1    1    1    1    1  4.91434E+13 0.00310 
   85   85    1    1    1    1    1    1    1    1  3.53185E+13 0.00393 
   86   86    1    1    1    1    1    1    1    1  3.28434E+13 0.00268 
   87   87    1    1    1    1    1    1    1    1  2.02725E+13 0.00577 
   88   88    1    1    1    1    1    1    1    1  1.37337E+13 0.00524 
   89   89    1    1    1    1    1    1    1    1  8.01961E+12 0.00702 
   90   90    1    1    1    1    1    1    1    1  5.23510E+12 0.00839 
   91   91    1    1    1    1    1    1    1    1  2.75189E+12 0.01264 
   92   92    1    1    1    1    1    1    1    1  1.32359E+12 0.02361 
   93   93    1    1    1    1    1    1    1    1  6.19881E+11 0.02403 
   94   94    1    1    1    1    1    1    1    1  3.10675E+11 0.04486 
   95   95    1    1    1    1    1    1    1    1  1.43553E+11 0.05641 
   96   96    1    1    1    1    1    1    1    1  6.99355E+10 0.07641 
   97   97    1    1    1    1    1    1    1    1  3.52536E+10 0.13775 
   98   98    1    1    1    1    1    1    1    1  1.70918E+10 0.17286 
   99   99    1    1    1    1    1    1    1    1  1.23482E+10 0.27263 
  100  100    1    1    1    1    1    1    1    1  4.91523E+09 0.35851 
];


