
DETdpaspec = [
    1    1    1    1    1    1    1    1    1    1  0.00000E+00 0.00000 
    2    2    1    1    1    1    1    1    1    1  0.00000E+00 0.00000 
    3    3    1    1    1    1    1    1    1    1  4.24687E+06 1.00000 
    4    4    1    1    1    1    1    1    1    1  0.00000E+00 0.00000 
    5    5    1    1    1    1    1    1    1    1  0.00000E+00 0.00000 
    6    6    1    1    1    1    1    1    1    1  0.00000E+00 0.00000 
    7    7    1    1    1    1    1    1    1    1  1.95636E+07 0.70858 
    8    8    1    1    1    1    1    1    1    1  1.36126E+07 1.00000 
    9    9    1    1    1    1    1    1    1    1  1.10927E+07 1.00000 
   10   10    1    1    1    1    1    1    1    1  1.44325E+08 0.57633 
   11   11    1    1    1    1    1    1    1    1  1.37718E+08 0.71866 
   12   12    1    1    1    1    1    1    1    1  5.40407E+07 0.71048 
   13   13    1    1    1    1    1    1    1    1  1.35159E+09 0.45577 
   14   14    1    1    1    1    1    1    1    1  1.40120E+09 0.26877 
   15   15    1    1    1    1    1    1    1    1  5.68868E+09 0.27552 
   16   16    1    1    1    1    1    1    1    1  1.36281E+09 0.30378 
   17   17    1    1    1    1    1    1    1    1  1.81773E+09 0.26712 
   18   18    1    1    1    1    1    1    1    1  7.33548E+09 0.18584 
   19   19    1    1    1    1    1    1    1    1  9.93495E+09 0.16819 
   20   20    1    1    1    1    1    1    1    1  2.98748E+10 0.11184 
   21   21    1    1    1    1    1    1    1    1  1.93782E+10 0.11254 
   22   22    1    1    1    1    1    1    1    1  6.00782E+10 0.04476 
   23   23    1    1    1    1    1    1    1    1  8.72798E+10 0.03544 
   24   24    1    1    1    1    1    1    1    1  1.26663E+11 0.05327 
   25   25    1    1    1    1    1    1    1    1  1.62538E+11 0.05553 
   26   26    1    1    1    1    1    1    1    1  2.66101E+11 0.03314 
   27   27    1    1    1    1    1    1    1    1  4.46930E+11 0.02793 
   28   28    1    1    1    1    1    1    1    1  7.56772E+11 0.01739 
   29   29    1    1    1    1    1    1    1    1  1.01031E+12 0.01507 
   30   30    1    1    1    1    1    1    1    1  3.29242E+12 0.01150 
   31   31    1    1    1    1    1    1    1    1  9.75351E+12 0.00798 
   32   32    1    1    1    1    1    1    1    1  1.75567E+13 0.00598 
   33   33    1    1    1    1    1    1    1    1  3.70815E+13 0.00497 
   34   34    1    1    1    1    1    1    1    1  4.74374E+13 0.00451 
   35   35    1    1    1    1    1    1    1    1  6.98147E+13 0.00191 
   36   36    1    1    1    1    1    1    1    1  4.95036E+13 0.00224 
   37   37    1    1    1    1    1    1    1    1  1.58051E+13 0.00237 
   38   38    1    1    1    1    1    1    1    1  8.29336E+13 0.00282 
   39   39    1    1    1    1    1    1    1    1  1.09259E+14 0.00274 
   40   40    1    1    1    1    1    1    1    1  1.80582E+14 0.00250 
   41   41    1    1    1    1    1    1    1    1  1.87570E+14 0.00233 
   42   42    1    1    1    1    1    1    1    1  3.74037E+14 0.00192 
   43   43    1    1    1    1    1    1    1    1  4.40283E+14 0.00253 
   44   44    1    1    1    1    1    1    1    1  6.16456E+14 0.00193 
   45   45    1    1    1    1    1    1    1    1  1.15969E+15 0.00141 
   46   46    1    1    1    1    1    1    1    1  5.52738E+14 0.00152 
   47   47    1    1    1    1    1    1    1    1  8.88243E+14 0.00165 
   48   48    1    1    1    1    1    1    1    1  1.22428E+15 0.00154 
   49   49    1    1    1    1    1    1    1    1  1.20370E+15 0.00177 
   50   50    1    1    1    1    1    1    1    1  1.81714E+15 0.00153 
   51   51    1    1    1    1    1    1    1    1  1.47629E+15 0.00127 
   52   52    1    1    1    1    1    1    1    1  1.68356E+15 0.00142 
   53   53    1    1    1    1    1    1    1    1  1.17858E+15 0.00128 
   54   54    1    1    1    1    1    1    1    1  1.39073E+15 0.00165 
   55   55    1    1    1    1    1    1    1    1  9.65940E+14 0.00156 
   56   56    1    1    1    1    1    1    1    1  1.32689E+14 0.00212 
   57   57    1    1    1    1    1    1    1    1  1.91555E+15 0.00157 
   58   58    1    1    1    1    1    1    1    1  8.13703E+14 0.00166 
   59   59    1    1    1    1    1    1    1    1  8.75212E+14 0.00187 
   60   60    1    1    1    1    1    1    1    1  6.60670E+14 0.00163 
   61   61    1    1    1    1    1    1    1    1  6.65870E+14 0.00152 
   62   62    1    1    1    1    1    1    1    1  6.85711E+14 0.00145 
   63   63    1    1    1    1    1    1    1    1  5.69485E+14 0.00193 
   64   64    1    1    1    1    1    1    1    1  4.52018E+14 0.00205 
   65   65    1    1    1    1    1    1    1    1  4.46827E+14 0.00185 
   66   66    1    1    1    1    1    1    1    1  3.24079E+14 0.00205 
   67   67    1    1    1    1    1    1    1    1  2.66224E+14 0.00208 
   68   68    1    1    1    1    1    1    1    1  2.39835E+14 0.00210 
   69   69    1    1    1    1    1    1    1    1  2.87738E+14 0.00207 
   70   70    1    1    1    1    1    1    1    1  2.45567E+14 0.00275 
   71   71    1    1    1    1    1    1    1    1  4.61131E+14 0.00241 
   72   72    1    1    1    1    1    1    1    1  3.28415E+14 0.00227 
   73   73    1    1    1    1    1    1    1    1  2.46074E+14 0.00248 
   74   74    1    1    1    1    1    1    1    1  1.92444E+14 0.00251 
   75   75    1    1    1    1    1    1    1    1  1.55452E+14 0.00208 
   76   76    1    1    1    1    1    1    1    1  1.75481E+14 0.00295 
   77   77    1    1    1    1    1    1    1    1  1.35251E+14 0.00346 
   78   78    1    1    1    1    1    1    1    1  1.05049E+14 0.00308 
   79   79    1    1    1    1    1    1    1    1  1.06270E+14 0.00294 
   80   80    1    1    1    1    1    1    1    1  7.84664E+13 0.00309 
   81   81    1    1    1    1    1    1    1    1  5.98860E+13 0.00239 
   82   82    1    1    1    1    1    1    1    1  4.56506E+13 0.00382 
   83   83    1    1    1    1    1    1    1    1  4.25498E+13 0.00254 
   84   84    1    1    1    1    1    1    1    1  3.05983E+13 0.00461 
   85   85    1    1    1    1    1    1    1    1  2.20702E+13 0.00444 
   86   86    1    1    1    1    1    1    1    1  2.06963E+13 0.00719 
   87   87    1    1    1    1    1    1    1    1  1.26282E+13 0.00652 
   88   88    1    1    1    1    1    1    1    1  8.72972E+12 0.00742 
   89   89    1    1    1    1    1    1    1    1  4.95161E+12 0.01079 
   90   90    1    1    1    1    1    1    1    1  3.33159E+12 0.00974 
   91   91    1    1    1    1    1    1    1    1  1.69656E+12 0.01171 
   92   92    1    1    1    1    1    1    1    1  8.71242E+11 0.02542 
   93   93    1    1    1    1    1    1    1    1  3.91105E+11 0.03731 
   94   94    1    1    1    1    1    1    1    1  1.99518E+11 0.06866 
   95   95    1    1    1    1    1    1    1    1  9.29771E+10 0.06304 
   96   96    1    1    1    1    1    1    1    1  3.80765E+10 0.12998 
   97   97    1    1    1    1    1    1    1    1  2.01223E+10 0.14717 
   98   98    1    1    1    1    1    1    1    1  1.32147E+10 0.21308 
   99   99    1    1    1    1    1    1    1    1  6.44379E+09 0.24560 
  100  100    1    1    1    1    1    1    1    1  4.15966E+09 0.29780 
];


