
DETdpaspec = [
    1    1    1    1    1    1    1    1    1    1  0.00000E+00 0.00000 
    2    2    1    1    1    1    1    1    1    1  0.00000E+00 0.00000 
    3    3    1    1    1    1    1    1    1    1  0.00000E+00 0.00000 
    4    4    1    1    1    1    1    1    1    1  0.00000E+00 0.00000 
    5    5    1    1    1    1    1    1    1    1  0.00000E+00 0.00000 
    6    6    1    1    1    1    1    1    1    1  0.00000E+00 0.00000 
    7    7    1    1    1    1    1    1    1    1  1.46938E+07 1.00000 
    8    8    1    1    1    1    1    1    1    1  9.24597E+06 1.00000 
    9    9    1    1    1    1    1    1    1    1  2.81814E+07 0.74035 
   10   10    1    1    1    1    1    1    1    1  7.81841E+07 0.69299 
   11   11    1    1    1    1    1    1    1    1  2.03965E+08 0.77759 
   12   12    1    1    1    1    1    1    1    1  5.41711E+07 0.51920 
   13   13    1    1    1    1    1    1    1    1  6.72734E+08 0.59447 
   14   14    1    1    1    1    1    1    1    1  4.04316E+09 0.29244 
   15   15    1    1    1    1    1    1    1    1  3.24815E+09 0.28626 
   16   16    1    1    1    1    1    1    1    1  1.16283E+09 0.43315 
   17   17    1    1    1    1    1    1    1    1  1.49451E+09 0.30903 
   18   18    1    1    1    1    1    1    1    1  6.53313E+09 0.21823 
   19   19    1    1    1    1    1    1    1    1  5.51664E+09 0.15013 
   20   20    1    1    1    1    1    1    1    1  2.85118E+10 0.13867 
   21   21    1    1    1    1    1    1    1    1  1.77609E+10 0.09822 
   22   22    1    1    1    1    1    1    1    1  5.31878E+10 0.07855 
   23   23    1    1    1    1    1    1    1    1  6.64178E+10 0.06237 
   24   24    1    1    1    1    1    1    1    1  1.07669E+11 0.08007 
   25   25    1    1    1    1    1    1    1    1  1.36338E+11 0.05626 
   26   26    1    1    1    1    1    1    1    1  2.09673E+11 0.02974 
   27   27    1    1    1    1    1    1    1    1  3.70429E+11 0.03057 
   28   28    1    1    1    1    1    1    1    1  7.80995E+11 0.01793 
   29   29    1    1    1    1    1    1    1    1  1.13825E+12 0.01883 
   30   30    1    1    1    1    1    1    1    1  3.33858E+12 0.01026 
   31   31    1    1    1    1    1    1    1    1  1.01870E+13 0.00918 
   32   32    1    1    1    1    1    1    1    1  1.86668E+13 0.00569 
   33   33    1    1    1    1    1    1    1    1  4.26150E+13 0.00433 
   34   34    1    1    1    1    1    1    1    1  5.73730E+13 0.00399 
   35   35    1    1    1    1    1    1    1    1  8.04350E+13 0.00226 
   36   36    1    1    1    1    1    1    1    1  5.64914E+13 0.00238 
   37   37    1    1    1    1    1    1    1    1  1.77149E+13 0.00259 
   38   38    1    1    1    1    1    1    1    1  9.63478E+13 0.00219 
   39   39    1    1    1    1    1    1    1    1  1.28598E+14 0.00211 
   40   40    1    1    1    1    1    1    1    1  2.18603E+14 0.00196 
   41   41    1    1    1    1    1    1    1    1  2.23594E+14 0.00145 
   42   42    1    1    1    1    1    1    1    1  4.63486E+14 0.00129 
   43   43    1    1    1    1    1    1    1    1  5.56429E+14 0.00128 
   44   44    1    1    1    1    1    1    1    1  7.93654E+14 0.00151 
   45   45    1    1    1    1    1    1    1    1  1.54819E+15 0.00111 
   46   46    1    1    1    1    1    1    1    1  7.39339E+14 0.00112 
   47   47    1    1    1    1    1    1    1    1  1.18873E+15 0.00104 
   48   48    1    1    1    1    1    1    1    1  1.65894E+15 0.00113 
   49   49    1    1    1    1    1    1    1    1  1.63484E+15 0.00069 
   50   50    1    1    1    1    1    1    1    1  2.52577E+15 0.00095 
   51   51    1    1    1    1    1    1    1    1  2.03558E+15 0.00089 
   52   52    1    1    1    1    1    1    1    1  2.37688E+15 0.00097 
   53   53    1    1    1    1    1    1    1    1  1.66111E+15 0.00084 
   54   54    1    1    1    1    1    1    1    1  2.00698E+15 0.00095 
   55   55    1    1    1    1    1    1    1    1  1.38897E+15 0.00086 
   56   56    1    1    1    1    1    1    1    1  1.90411E+14 0.00113 
   57   57    1    1    1    1    1    1    1    1  2.76040E+15 0.00098 
   58   58    1    1    1    1    1    1    1    1  1.20701E+15 0.00103 
   59   59    1    1    1    1    1    1    1    1  1.29479E+15 0.00113 
   60   60    1    1    1    1    1    1    1    1  9.95601E+14 0.00112 
   61   61    1    1    1    1    1    1    1    1  1.00019E+15 0.00128 
   62   62    1    1    1    1    1    1    1    1  1.03681E+15 0.00097 
   63   63    1    1    1    1    1    1    1    1  8.68265E+14 0.00104 
   64   64    1    1    1    1    1    1    1    1  6.91290E+14 0.00134 
   65   65    1    1    1    1    1    1    1    1  6.84291E+14 0.00124 
   66   66    1    1    1    1    1    1    1    1  4.97630E+14 0.00132 
   67   67    1    1    1    1    1    1    1    1  4.07459E+14 0.00150 
   68   68    1    1    1    1    1    1    1    1  3.66373E+14 0.00181 
   69   69    1    1    1    1    1    1    1    1  4.40419E+14 0.00197 
   70   70    1    1    1    1    1    1    1    1  3.76365E+14 0.00157 
   71   71    1    1    1    1    1    1    1    1  6.93752E+14 0.00129 
   72   72    1    1    1    1    1    1    1    1  4.93199E+14 0.00125 
   73   73    1    1    1    1    1    1    1    1  3.71154E+14 0.00133 
   74   74    1    1    1    1    1    1    1    1  2.94970E+14 0.00169 
   75   75    1    1    1    1    1    1    1    1  2.42261E+14 0.00226 
   76   76    1    1    1    1    1    1    1    1  2.77266E+14 0.00165 
   77   77    1    1    1    1    1    1    1    1  2.17148E+14 0.00134 
   78   78    1    1    1    1    1    1    1    1  1.70742E+14 0.00209 
   79   79    1    1    1    1    1    1    1    1  1.75611E+14 0.00142 
   80   80    1    1    1    1    1    1    1    1  1.29797E+14 0.00219 
   81   81    1    1    1    1    1    1    1    1  9.92210E+13 0.00256 
   82   82    1    1    1    1    1    1    1    1  7.63796E+13 0.00253 
   83   83    1    1    1    1    1    1    1    1  7.11075E+13 0.00336 
   84   84    1    1    1    1    1    1    1    1  5.08772E+13 0.00331 
   85   85    1    1    1    1    1    1    1    1  3.69330E+13 0.00535 
   86   86    1    1    1    1    1    1    1    1  3.44746E+13 0.00441 
   87   87    1    1    1    1    1    1    1    1  2.14369E+13 0.00447 
   88   88    1    1    1    1    1    1    1    1  1.44706E+13 0.00630 
   89   89    1    1    1    1    1    1    1    1  8.30386E+12 0.00785 
   90   90    1    1    1    1    1    1    1    1  5.47199E+12 0.01405 
   91   91    1    1    1    1    1    1    1    1  2.80836E+12 0.01872 
   92   92    1    1    1    1    1    1    1    1  1.37196E+12 0.01555 
   93   93    1    1    1    1    1    1    1    1  6.49052E+11 0.02437 
   94   94    1    1    1    1    1    1    1    1  2.99330E+11 0.04125 
   95   95    1    1    1    1    1    1    1    1  1.54694E+11 0.05086 
   96   96    1    1    1    1    1    1    1    1  7.00141E+10 0.10068 
   97   97    1    1    1    1    1    1    1    1  3.24026E+10 0.09489 
   98   98    1    1    1    1    1    1    1    1  1.57397E+10 0.17611 
   99   99    1    1    1    1    1    1    1    1  1.09327E+10 0.18971 
  100  100    1    1    1    1    1    1    1    1  5.75862E+09 0.31645 
];


