
DETdpaspec = [
    1    1    1    1    1    1    1    1    1    1  0.00000E+00 0.00000 
    2    2    1    1    1    1    1    1    1    1  0.00000E+00 0.00000 
    3    3    1    1    1    1    1    1    1    1  0.00000E+00 0.00000 
    4    4    1    1    1    1    1    1    1    1  0.00000E+00 0.00000 
    5    5    1    1    1    1    1    1    1    1  1.53956E+07 1.00000 
    6    6    1    1    1    1    1    1    1    1  0.00000E+00 0.00000 
    7    7    1    1    1    1    1    1    1    1  0.00000E+00 0.00000 
    8    8    1    1    1    1    1    1    1    1  0.00000E+00 0.00000 
    9    9    1    1    1    1    1    1    1    1  0.00000E+00 0.00000 
   10   10    1    1    1    1    1    1    1    1  1.08273E+08 1.00000 
   11   11    1    1    1    1    1    1    1    1  5.55597E+07 1.00000 
   12   12    1    1    1    1    1    1    1    1  4.66082E+07 1.00000 
   13   13    1    1    1    1    1    1    1    1  9.22484E+08 0.57558 
   14   14    1    1    1    1    1    1    1    1  1.80116E+09 0.52157 
   15   15    1    1    1    1    1    1    1    1  4.51071E+09 0.31673 
   16   16    1    1    1    1    1    1    1    1  1.42253E+09 0.44508 
   17   17    1    1    1    1    1    1    1    1  2.28710E+09 0.26941 
   18   18    1    1    1    1    1    1    1    1  5.07068E+09 0.25991 
   19   19    1    1    1    1    1    1    1    1  8.76444E+09 0.21217 
   20   20    1    1    1    1    1    1    1    1  2.26618E+10 0.15946 
   21   21    1    1    1    1    1    1    1    1  1.49675E+10 0.16110 
   22   22    1    1    1    1    1    1    1    1  2.59998E+10 0.11624 
   23   23    1    1    1    1    1    1    1    1  5.36772E+10 0.10131 
   24   24    1    1    1    1    1    1    1    1  9.80009E+10 0.05275 
   25   25    1    1    1    1    1    1    1    1  1.35927E+11 0.06193 
   26   26    1    1    1    1    1    1    1    1  2.95728E+11 0.04663 
   27   27    1    1    1    1    1    1    1    1  5.93637E+11 0.02177 
   28   28    1    1    1    1    1    1    1    1  1.41161E+12 0.02098 
   29   29    1    1    1    1    1    1    1    1  2.52662E+12 0.01790 
   30   30    1    1    1    1    1    1    1    1  6.54490E+12 0.01040 
   31   31    1    1    1    1    1    1    1    1  1.86401E+13 0.00587 
   32   32    1    1    1    1    1    1    1    1  3.23270E+13 0.00451 
   33   33    1    1    1    1    1    1    1    1  7.34197E+13 0.00345 
   34   34    1    1    1    1    1    1    1    1  1.00757E+14 0.00246 
   35   35    1    1    1    1    1    1    1    1  1.21850E+14 0.00187 
   36   36    1    1    1    1    1    1    1    1  8.01849E+13 0.00172 
   37   37    1    1    1    1    1    1    1    1  2.41534E+13 0.00218 
   38   38    1    1    1    1    1    1    1    1  1.35819E+14 0.00175 
   39   39    1    1    1    1    1    1    1    1  1.82002E+14 0.00166 
   40   40    1    1    1    1    1    1    1    1  3.14064E+14 0.00135 
   41   41    1    1    1    1    1    1    1    1  3.08771E+14 0.00091 
   42   42    1    1    1    1    1    1    1    1  6.56706E+14 0.00090 
   43   43    1    1    1    1    1    1    1    1  7.88177E+14 0.00101 
   44   44    1    1    1    1    1    1    1    1  1.12772E+15 0.00098 
   45   45    1    1    1    1    1    1    1    1  2.24369E+15 0.00096 
   46   46    1    1    1    1    1    1    1    1  1.04942E+15 0.00091 
   47   47    1    1    1    1    1    1    1    1  1.66462E+15 0.00086 
   48   48    1    1    1    1    1    1    1    1  2.32492E+15 0.00072 
   49   49    1    1    1    1    1    1    1    1  2.27297E+15 0.00059 
   50   50    1    1    1    1    1    1    1    1  3.57979E+15 0.00057 
   51   51    1    1    1    1    1    1    1    1  2.81783E+15 0.00054 
   52   52    1    1    1    1    1    1    1    1  3.37872E+15 0.00052 
   53   53    1    1    1    1    1    1    1    1  2.34882E+15 0.00064 
   54   54    1    1    1    1    1    1    1    1  2.90996E+15 0.00057 
   55   55    1    1    1    1    1    1    1    1  2.00316E+15 0.00061 
   56   56    1    1    1    1    1    1    1    1  2.71767E+14 0.00089 
   57   57    1    1    1    1    1    1    1    1  3.97211E+15 0.00057 
   58   58    1    1    1    1    1    1    1    1  1.79815E+15 0.00065 
   59   59    1    1    1    1    1    1    1    1  1.91009E+15 0.00058 
   60   60    1    1    1    1    1    1    1    1  1.50679E+15 0.00067 
   61   61    1    1    1    1    1    1    1    1  1.50591E+15 0.00082 
   62   62    1    1    1    1    1    1    1    1  1.56817E+15 0.00069 
   63   63    1    1    1    1    1    1    1    1  1.32049E+15 0.00070 
   64   64    1    1    1    1    1    1    1    1  1.05009E+15 0.00071 
   65   65    1    1    1    1    1    1    1    1  1.04264E+15 0.00089 
   66   66    1    1    1    1    1    1    1    1  7.59164E+14 0.00073 
   67   67    1    1    1    1    1    1    1    1  6.16792E+14 0.00084 
   68   68    1    1    1    1    1    1    1    1  5.51706E+14 0.00114 
   69   69    1    1    1    1    1    1    1    1  6.64122E+14 0.00137 
   70   70    1    1    1    1    1    1    1    1  5.64412E+14 0.00128 
   71   71    1    1    1    1    1    1    1    1  1.02010E+15 0.00093 
   72   72    1    1    1    1    1    1    1    1  7.21577E+14 0.00134 
   73   73    1    1    1    1    1    1    1    1  5.46454E+14 0.00129 
   74   74    1    1    1    1    1    1    1    1  4.42716E+14 0.00141 
   75   75    1    1    1    1    1    1    1    1  3.70462E+14 0.00130 
   76   76    1    1    1    1    1    1    1    1  4.31154E+14 0.00121 
   77   77    1    1    1    1    1    1    1    1  3.43069E+14 0.00129 
   78   78    1    1    1    1    1    1    1    1  2.74637E+14 0.00139 
   79   79    1    1    1    1    1    1    1    1  2.84651E+14 0.00138 
   80   80    1    1    1    1    1    1    1    1  2.11969E+14 0.00141 
   81   81    1    1    1    1    1    1    1    1  1.63388E+14 0.00191 
   82   82    1    1    1    1    1    1    1    1  1.25403E+14 0.00143 
   83   83    1    1    1    1    1    1    1    1  1.17640E+14 0.00283 
   84   84    1    1    1    1    1    1    1    1  8.42485E+13 0.00217 
   85   85    1    1    1    1    1    1    1    1  6.09548E+13 0.00211 
   86   86    1    1    1    1    1    1    1    1  5.71797E+13 0.00290 
   87   87    1    1    1    1    1    1    1    1  3.54648E+13 0.00396 
   88   88    1    1    1    1    1    1    1    1  2.34822E+13 0.00590 
   89   89    1    1    1    1    1    1    1    1  1.34034E+13 0.00684 
   90   90    1    1    1    1    1    1    1    1  9.00322E+12 0.00615 
   91   91    1    1    1    1    1    1    1    1  4.46614E+12 0.00933 
   92   92    1    1    1    1    1    1    1    1  2.16751E+12 0.01369 
   93   93    1    1    1    1    1    1    1    1  1.03983E+12 0.02160 
   94   94    1    1    1    1    1    1    1    1  4.90900E+11 0.04184 
   95   95    1    1    1    1    1    1    1    1  2.45859E+11 0.03889 
   96   96    1    1    1    1    1    1    1    1  1.09426E+11 0.05008 
   97   97    1    1    1    1    1    1    1    1  5.36357E+10 0.08765 
   98   98    1    1    1    1    1    1    1    1  2.84702E+10 0.16836 
   99   99    1    1    1    1    1    1    1    1  1.31465E+10 0.20834 
  100  100    1    1    1    1    1    1    1    1  1.03240E+10 0.19938 
];


