
DETdpaspec = [
    1    1    1    1    1    1    1    1    1    1  0.00000E+00 0.00000 
    2    2    1    1    1    1    1    1    1    1  0.00000E+00 0.00000 
    3    3    1    1    1    1    1    1    1    1  0.00000E+00 0.00000 
    4    4    1    1    1    1    1    1    1    1  0.00000E+00 0.00000 
    5    5    1    1    1    1    1    1    1    1  0.00000E+00 0.00000 
    6    6    1    1    1    1    1    1    1    1  0.00000E+00 0.00000 
    7    7    1    1    1    1    1    1    1    1  0.00000E+00 0.00000 
    8    8    1    1    1    1    1    1    1    1  1.13176E+07 1.00000 
    9    9    1    1    1    1    1    1    1    1  0.00000E+00 0.00000 
   10   10    1    1    1    1    1    1    1    1  0.00000E+00 0.00000 
   11   11    1    1    1    1    1    1    1    1  1.00182E+08 0.68939 
   12   12    1    1    1    1    1    1    1    1  3.76449E+07 0.73151 
   13   13    1    1    1    1    1    1    1    1  1.19413E+09 0.43684 
   14   14    1    1    1    1    1    1    1    1  9.29499E+08 0.34158 
   15   15    1    1    1    1    1    1    1    1  2.44791E+09 0.38840 
   16   16    1    1    1    1    1    1    1    1  1.39726E+09 0.38492 
   17   17    1    1    1    1    1    1    1    1  1.96048E+09 0.33052 
   18   18    1    1    1    1    1    1    1    1  6.60041E+09 0.20750 
   19   19    1    1    1    1    1    1    1    1  6.32278E+09 0.12292 
   20   20    1    1    1    1    1    1    1    1  2.47727E+10 0.14741 
   21   21    1    1    1    1    1    1    1    1  1.66358E+10 0.16826 
   22   22    1    1    1    1    1    1    1    1  4.68541E+10 0.09779 
   23   23    1    1    1    1    1    1    1    1  6.34839E+10 0.07165 
   24   24    1    1    1    1    1    1    1    1  9.28487E+10 0.07236 
   25   25    1    1    1    1    1    1    1    1  1.14481E+11 0.06209 
   26   26    1    1    1    1    1    1    1    1  1.98410E+11 0.04823 
   27   27    1    1    1    1    1    1    1    1  3.79048E+11 0.03007 
   28   28    1    1    1    1    1    1    1    1  7.96749E+11 0.01364 
   29   29    1    1    1    1    1    1    1    1  1.21003E+12 0.01660 
   30   30    1    1    1    1    1    1    1    1  3.53638E+12 0.01312 
   31   31    1    1    1    1    1    1    1    1  1.06231E+13 0.00736 
   32   32    1    1    1    1    1    1    1    1  1.97073E+13 0.00426 
   33   33    1    1    1    1    1    1    1    1  4.55781E+13 0.00337 
   34   34    1    1    1    1    1    1    1    1  6.22967E+13 0.00251 
   35   35    1    1    1    1    1    1    1    1  8.54920E+13 0.00187 
   36   36    1    1    1    1    1    1    1    1  5.95688E+13 0.00203 
   37   37    1    1    1    1    1    1    1    1  1.84883E+13 0.00184 
   38   38    1    1    1    1    1    1    1    1  1.01471E+14 0.00209 
   39   39    1    1    1    1    1    1    1    1  1.36008E+14 0.00165 
   40   40    1    1    1    1    1    1    1    1  2.32720E+14 0.00126 
   41   41    1    1    1    1    1    1    1    1  2.37400E+14 0.00122 
   42   42    1    1    1    1    1    1    1    1  4.96756E+14 0.00135 
   43   43    1    1    1    1    1    1    1    1  5.96073E+14 0.00096 
   44   44    1    1    1    1    1    1    1    1  8.54492E+14 0.00075 
   45   45    1    1    1    1    1    1    1    1  1.67793E+15 0.00073 
   46   46    1    1    1    1    1    1    1    1  8.00381E+14 0.00102 
   47   47    1    1    1    1    1    1    1    1  1.28350E+15 0.00098 
   48   48    1    1    1    1    1    1    1    1  1.79490E+15 0.00086 
   49   49    1    1    1    1    1    1    1    1  1.76908E+15 0.00085 
   50   50    1    1    1    1    1    1    1    1  2.74897E+15 0.00090 
   51   51    1    1    1    1    1    1    1    1  2.20771E+15 0.00074 
   52   52    1    1    1    1    1    1    1    1  2.59716E+15 0.00085 
   53   53    1    1    1    1    1    1    1    1  1.81708E+15 0.00069 
   54   54    1    1    1    1    1    1    1    1  2.20677E+15 0.00077 
   55   55    1    1    1    1    1    1    1    1  1.52820E+15 0.00076 
   56   56    1    1    1    1    1    1    1    1  2.08804E+14 0.00108 
   57   57    1    1    1    1    1    1    1    1  3.03534E+15 0.00059 
   58   58    1    1    1    1    1    1    1    1  1.33935E+15 0.00089 
   59   59    1    1    1    1    1    1    1    1  1.43281E+15 0.00084 
   60   60    1    1    1    1    1    1    1    1  1.10905E+15 0.00088 
   61   61    1    1    1    1    1    1    1    1  1.11494E+15 0.00091 
   62   62    1    1    1    1    1    1    1    1  1.15663E+15 0.00114 
   63   63    1    1    1    1    1    1    1    1  9.69950E+14 0.00087 
   64   64    1    1    1    1    1    1    1    1  7.72172E+14 0.00096 
   65   65    1    1    1    1    1    1    1    1  7.66630E+14 0.00102 
   66   66    1    1    1    1    1    1    1    1  5.56802E+14 0.00121 
   67   67    1    1    1    1    1    1    1    1  4.55685E+14 0.00101 
   68   68    1    1    1    1    1    1    1    1  4.09385E+14 0.00111 
   69   69    1    1    1    1    1    1    1    1  4.92608E+14 0.00106 
   70   70    1    1    1    1    1    1    1    1  4.19273E+14 0.00137 
   71   71    1    1    1    1    1    1    1    1  7.71032E+14 0.00101 
   72   72    1    1    1    1    1    1    1    1  5.47913E+14 0.00108 
   73   73    1    1    1    1    1    1    1    1  4.12346E+14 0.00171 
   74   74    1    1    1    1    1    1    1    1  3.30007E+14 0.00140 
   75   75    1    1    1    1    1    1    1    1  2.71503E+14 0.00160 
   76   76    1    1    1    1    1    1    1    1  3.13151E+14 0.00114 
   77   77    1    1    1    1    1    1    1    1  2.45881E+14 0.00144 
   78   78    1    1    1    1    1    1    1    1  1.94139E+14 0.00175 
   79   79    1    1    1    1    1    1    1    1  1.99553E+14 0.00170 
   80   80    1    1    1    1    1    1    1    1  1.47738E+14 0.00236 
   81   81    1    1    1    1    1    1    1    1  1.13588E+14 0.00215 
   82   82    1    1    1    1    1    1    1    1  8.67690E+13 0.00315 
   83   83    1    1    1    1    1    1    1    1  8.12998E+13 0.00215 
   84   84    1    1    1    1    1    1    1    1  5.85578E+13 0.00345 
   85   85    1    1    1    1    1    1    1    1  4.22013E+13 0.00435 
   86   86    1    1    1    1    1    1    1    1  3.96494E+13 0.00394 
   87   87    1    1    1    1    1    1    1    1  2.45094E+13 0.00569 
   88   88    1    1    1    1    1    1    1    1  1.64824E+13 0.00587 
   89   89    1    1    1    1    1    1    1    1  9.50306E+12 0.00637 
   90   90    1    1    1    1    1    1    1    1  6.44938E+12 0.01082 
   91   91    1    1    1    1    1    1    1    1  3.13148E+12 0.01734 
   92   92    1    1    1    1    1    1    1    1  1.55848E+12 0.01866 
   93   93    1    1    1    1    1    1    1    1  7.73842E+11 0.02885 
   94   94    1    1    1    1    1    1    1    1  3.60251E+11 0.03141 
   95   95    1    1    1    1    1    1    1    1  1.79731E+11 0.06531 
   96   96    1    1    1    1    1    1    1    1  8.09488E+10 0.09095 
   97   97    1    1    1    1    1    1    1    1  4.95199E+10 0.10590 
   98   98    1    1    1    1    1    1    1    1  2.10390E+10 0.15535 
   99   99    1    1    1    1    1    1    1    1  1.06906E+10 0.28264 
  100  100    1    1    1    1    1    1    1    1  1.02649E+10 0.17347 
];


