
DETdpaspec = [
    1    1    1    1    1    1    1    1    1    1  0.00000E+00 0.00000 
    2    2    1    1    1    1    1    1    1    1  0.00000E+00 0.00000 
    3    3    1    1    1    1    1    1    1    1  0.00000E+00 0.00000 
    4    4    1    1    1    1    1    1    1    1  0.00000E+00 0.00000 
    5    5    1    1    1    1    1    1    1    1  0.00000E+00 0.00000 
    6    6    1    1    1    1    1    1    1    1  0.00000E+00 0.00000 
    7    7    1    1    1    1    1    1    1    1  1.36983E+07 1.00000 
    8    8    1    1    1    1    1    1    1    1  9.83592E+06 1.00000 
    9    9    1    1    1    1    1    1    1    1  0.00000E+00 0.00000 
   10   10    1    1    1    1    1    1    1    1  4.36606E+07 1.00000 
   11   11    1    1    1    1    1    1    1    1  4.11817E+08 0.78639 
   12   12    1    1    1    1    1    1    1    1  4.93298E+07 0.50490 
   13   13    1    1    1    1    1    1    1    1  9.61916E+08 0.49395 
   14   14    1    1    1    1    1    1    1    1  1.37644E+09 0.38874 
   15   15    1    1    1    1    1    1    1    1  3.88101E+09 0.28820 
   16   16    1    1    1    1    1    1    1    1  1.42080E+09 0.34357 
   17   17    1    1    1    1    1    1    1    1  1.91734E+09 0.25203 
   18   18    1    1    1    1    1    1    1    1  7.26308E+09 0.20610 
   19   19    1    1    1    1    1    1    1    1  8.37440E+09 0.15111 
   20   20    1    1    1    1    1    1    1    1  2.96481E+10 0.09977 
   21   21    1    1    1    1    1    1    1    1  1.71901E+10 0.13368 
   22   22    1    1    1    1    1    1    1    1  5.57125E+10 0.07817 
   23   23    1    1    1    1    1    1    1    1  7.98237E+10 0.08600 
   24   24    1    1    1    1    1    1    1    1  1.12480E+11 0.06598 
   25   25    1    1    1    1    1    1    1    1  1.12193E+11 0.04877 
   26   26    1    1    1    1    1    1    1    1  2.11694E+11 0.04094 
   27   27    1    1    1    1    1    1    1    1  3.84291E+11 0.04408 
   28   28    1    1    1    1    1    1    1    1  7.32523E+11 0.02823 
   29   29    1    1    1    1    1    1    1    1  1.05635E+12 0.02518 
   30   30    1    1    1    1    1    1    1    1  3.19001E+12 0.01331 
   31   31    1    1    1    1    1    1    1    1  9.55462E+12 0.00781 
   32   32    1    1    1    1    1    1    1    1  1.75768E+13 0.00571 
   33   33    1    1    1    1    1    1    1    1  3.92322E+13 0.00316 
   34   34    1    1    1    1    1    1    1    1  5.20964E+13 0.00334 
   35   35    1    1    1    1    1    1    1    1  7.44508E+13 0.00314 
   36   36    1    1    1    1    1    1    1    1  5.26629E+13 0.00276 
   37   37    1    1    1    1    1    1    1    1  1.66371E+13 0.00292 
   38   38    1    1    1    1    1    1    1    1  8.92414E+13 0.00238 
   39   39    1    1    1    1    1    1    1    1  1.19053E+14 0.00230 
   40   40    1    1    1    1    1    1    1    1  2.00289E+14 0.00183 
   41   41    1    1    1    1    1    1    1    1  2.06227E+14 0.00196 
   42   42    1    1    1    1    1    1    1    1  4.21887E+14 0.00130 
   43   43    1    1    1    1    1    1    1    1  5.04019E+14 0.00144 
   44   44    1    1    1    1    1    1    1    1  7.15764E+14 0.00147 
   45   45    1    1    1    1    1    1    1    1  1.38063E+15 0.00096 
   46   46    1    1    1    1    1    1    1    1  6.60473E+14 0.00094 
   47   47    1    1    1    1    1    1    1    1  1.06008E+15 0.00094 
   48   48    1    1    1    1    1    1    1    1  1.47353E+15 0.00106 
   49   49    1    1    1    1    1    1    1    1  1.45177E+15 0.00095 
   50   50    1    1    1    1    1    1    1    1  2.22184E+15 0.00094 
   51   51    1    1    1    1    1    1    1    1  1.79394E+15 0.00099 
   52   52    1    1    1    1    1    1    1    1  2.07912E+15 0.00110 
   53   53    1    1    1    1    1    1    1    1  1.45401E+15 0.00111 
   54   54    1    1    1    1    1    1    1    1  1.74015E+15 0.00100 
   55   55    1    1    1    1    1    1    1    1  1.20788E+15 0.00122 
   56   56    1    1    1    1    1    1    1    1  1.65614E+14 0.00148 
   57   57    1    1    1    1    1    1    1    1  2.39642E+15 0.00119 
   58   58    1    1    1    1    1    1    1    1  1.03598E+15 0.00117 
   59   59    1    1    1    1    1    1    1    1  1.11222E+15 0.00112 
   60   60    1    1    1    1    1    1    1    1  8.49819E+14 0.00100 
   61   61    1    1    1    1    1    1    1    1  8.55489E+14 0.00165 
   62   62    1    1    1    1    1    1    1    1  8.82159E+14 0.00126 
   63   63    1    1    1    1    1    1    1    1  7.38525E+14 0.00162 
   64   64    1    1    1    1    1    1    1    1  5.86548E+14 0.00157 
   65   65    1    1    1    1    1    1    1    1  5.81198E+14 0.00156 
   66   66    1    1    1    1    1    1    1    1  4.21866E+14 0.00167 
   67   67    1    1    1    1    1    1    1    1  3.45203E+14 0.00146 
   68   68    1    1    1    1    1    1    1    1  3.10756E+14 0.00231 
   69   69    1    1    1    1    1    1    1    1  3.73525E+14 0.00186 
   70   70    1    1    1    1    1    1    1    1  3.18855E+14 0.00192 
   71   71    1    1    1    1    1    1    1    1  5.90568E+14 0.00158 
   72   72    1    1    1    1    1    1    1    1  4.20705E+14 0.00162 
   73   73    1    1    1    1    1    1    1    1  3.15723E+14 0.00195 
   74   74    1    1    1    1    1    1    1    1  2.49202E+14 0.00185 
   75   75    1    1    1    1    1    1    1    1  2.03704E+14 0.00185 
   76   76    1    1    1    1    1    1    1    1  2.32327E+14 0.00197 
   77   77    1    1    1    1    1    1    1    1  1.80687E+14 0.00264 
   78   78    1    1    1    1    1    1    1    1  1.42057E+14 0.00198 
   79   79    1    1    1    1    1    1    1    1  1.44686E+14 0.00165 
   80   80    1    1    1    1    1    1    1    1  1.06891E+14 0.00240 
   81   81    1    1    1    1    1    1    1    1  8.21929E+13 0.00301 
   82   82    1    1    1    1    1    1    1    1  6.26579E+13 0.00213 
   83   83    1    1    1    1    1    1    1    1  5.87363E+13 0.00352 
   84   84    1    1    1    1    1    1    1    1  4.22102E+13 0.00316 
   85   85    1    1    1    1    1    1    1    1  3.04311E+13 0.00254 
   86   86    1    1    1    1    1    1    1    1  2.83087E+13 0.00511 
   87   87    1    1    1    1    1    1    1    1  1.77491E+13 0.00421 
   88   88    1    1    1    1    1    1    1    1  1.18916E+13 0.00578 
   89   89    1    1    1    1    1    1    1    1  6.73178E+12 0.00816 
   90   90    1    1    1    1    1    1    1    1  4.59484E+12 0.01555 
   91   91    1    1    1    1    1    1    1    1  2.25032E+12 0.01811 
   92   92    1    1    1    1    1    1    1    1  1.11772E+12 0.01820 
   93   93    1    1    1    1    1    1    1    1  5.34031E+11 0.02737 
   94   94    1    1    1    1    1    1    1    1  2.57854E+11 0.04458 
   95   95    1    1    1    1    1    1    1    1  1.26623E+11 0.06004 
   96   96    1    1    1    1    1    1    1    1  5.37811E+10 0.12958 
   97   97    1    1    1    1    1    1    1    1  2.99040E+10 0.14029 
   98   98    1    1    1    1    1    1    1    1  1.84261E+10 0.18539 
   99   99    1    1    1    1    1    1    1    1  7.04570E+09 0.25320 
  100  100    1    1    1    1    1    1    1    1  5.91586E+09 0.26295 
];


