
DETdpaspec = [
    1    1    1    1    1    1    1    1    1    1  0.00000E+00 0.00000 
    2    2    1    1    1    1    1    1    1    1  0.00000E+00 0.00000 
    3    3    1    1    1    1    1    1    1    1  0.00000E+00 0.00000 
    4    4    1    1    1    1    1    1    1    1  0.00000E+00 0.00000 
    5    5    1    1    1    1    1    1    1    1  0.00000E+00 0.00000 
    6    6    1    1    1    1    1    1    1    1  0.00000E+00 0.00000 
    7    7    1    1    1    1    1    1    1    1  0.00000E+00 0.00000 
    8    8    1    1    1    1    1    1    1    1  0.00000E+00 0.00000 
    9    9    1    1    1    1    1    1    1    1  5.05348E+07 1.00000 
   10   10    1    1    1    1    1    1    1    1  7.35134E+07 0.71853 
   11   11    1    1    1    1    1    1    1    1  4.85330E+08 0.66215 
   12   12    1    1    1    1    1    1    1    1  0.00000E+00 0.00000 
   13   13    1    1    1    1    1    1    1    1  1.14086E+09 0.66407 
   14   14    1    1    1    1    1    1    1    1  2.24282E+09 0.63144 
   15   15    1    1    1    1    1    1    1    1  3.63214E+09 0.58085 
   16   16    1    1    1    1    1    1    1    1  8.86074E+08 0.50425 
   17   17    1    1    1    1    1    1    1    1  2.13298E+09 0.37512 
   18   18    1    1    1    1    1    1    1    1  4.75209E+09 0.27598 
   19   19    1    1    1    1    1    1    1    1  5.39532E+09 0.15232 
   20   20    1    1    1    1    1    1    1    1  2.31248E+10 0.11507 
   21   21    1    1    1    1    1    1    1    1  1.67550E+10 0.14405 
   22   22    1    1    1    1    1    1    1    1  4.13395E+10 0.06596 
   23   23    1    1    1    1    1    1    1    1  5.65224E+10 0.08630 
   24   24    1    1    1    1    1    1    1    1  9.51832E+10 0.07060 
   25   25    1    1    1    1    1    1    1    1  1.20995E+11 0.04988 
   26   26    1    1    1    1    1    1    1    1  2.29617E+11 0.04275 
   27   27    1    1    1    1    1    1    1    1  4.71096E+11 0.04002 
   28   28    1    1    1    1    1    1    1    1  1.17266E+12 0.02067 
   29   29    1    1    1    1    1    1    1    1  2.05491E+12 0.01073 
   30   30    1    1    1    1    1    1    1    1  5.61268E+12 0.00846 
   31   31    1    1    1    1    1    1    1    1  1.61653E+13 0.00682 
   32   32    1    1    1    1    1    1    1    1  2.83714E+13 0.00418 
   33   33    1    1    1    1    1    1    1    1  6.60424E+13 0.00407 
   34   34    1    1    1    1    1    1    1    1  9.09650E+13 0.00322 
   35   35    1    1    1    1    1    1    1    1  1.13010E+14 0.00252 
   36   36    1    1    1    1    1    1    1    1  7.55625E+13 0.00219 
   37   37    1    1    1    1    1    1    1    1  2.28402E+13 0.00168 
   38   38    1    1    1    1    1    1    1    1  1.28306E+14 0.00148 
   39   39    1    1    1    1    1    1    1    1  1.71858E+14 0.00205 
   40   40    1    1    1    1    1    1    1    1  2.95500E+14 0.00116 
   41   41    1    1    1    1    1    1    1    1  2.93339E+14 0.00145 
   42   42    1    1    1    1    1    1    1    1  6.23022E+14 0.00117 
   43   43    1    1    1    1    1    1    1    1  7.50097E+14 0.00101 
   44   44    1    1    1    1    1    1    1    1  1.07442E+15 0.00112 
   45   45    1    1    1    1    1    1    1    1  2.13855E+15 0.00087 
   46   46    1    1    1    1    1    1    1    1  1.00596E+15 0.00088 
   47   47    1    1    1    1    1    1    1    1  1.60026E+15 0.00072 
   48   48    1    1    1    1    1    1    1    1  2.23834E+15 0.00068 
   49   49    1    1    1    1    1    1    1    1  2.19205E+15 0.00081 
   50   50    1    1    1    1    1    1    1    1  3.44936E+15 0.00059 
   51   51    1    1    1    1    1    1    1    1  2.72913E+15 0.00064 
   52   52    1    1    1    1    1    1    1    1  3.26973E+15 0.00073 
   53   53    1    1    1    1    1    1    1    1  2.27791E+15 0.00082 
   54   54    1    1    1    1    1    1    1    1  2.81427E+15 0.00079 
   55   55    1    1    1    1    1    1    1    1  1.94029E+15 0.00077 
   56   56    1    1    1    1    1    1    1    1  2.63927E+14 0.00126 
   57   57    1    1    1    1    1    1    1    1  3.85421E+15 0.00066 
   58   58    1    1    1    1    1    1    1    1  1.73868E+15 0.00059 
   59   59    1    1    1    1    1    1    1    1  1.85058E+15 0.00070 
   60   60    1    1    1    1    1    1    1    1  1.45633E+15 0.00082 
   61   61    1    1    1    1    1    1    1    1  1.45687E+15 0.00080 
   62   62    1    1    1    1    1    1    1    1  1.51645E+15 0.00095 
   63   63    1    1    1    1    1    1    1    1  1.27904E+15 0.00094 
   64   64    1    1    1    1    1    1    1    1  1.01725E+15 0.00090 
   65   65    1    1    1    1    1    1    1    1  1.01175E+15 0.00133 
   66   66    1    1    1    1    1    1    1    1  7.37056E+14 0.00087 
   67   67    1    1    1    1    1    1    1    1  5.98668E+14 0.00077 
   68   68    1    1    1    1    1    1    1    1  5.36466E+14 0.00098 
   69   69    1    1    1    1    1    1    1    1  6.44435E+14 0.00115 
   70   70    1    1    1    1    1    1    1    1  5.48655E+14 0.00142 
   71   71    1    1    1    1    1    1    1    1  9.94279E+14 0.00130 
   72   72    1    1    1    1    1    1    1    1  7.04337E+14 0.00115 
   73   73    1    1    1    1    1    1    1    1  5.32849E+14 0.00131 
   74   74    1    1    1    1    1    1    1    1  4.30771E+14 0.00146 
   75   75    1    1    1    1    1    1    1    1  3.59767E+14 0.00119 
   76   76    1    1    1    1    1    1    1    1  4.17539E+14 0.00135 
   77   77    1    1    1    1    1    1    1    1  3.33114E+14 0.00154 
   78   78    1    1    1    1    1    1    1    1  2.65034E+14 0.00188 
   79   79    1    1    1    1    1    1    1    1  2.74273E+14 0.00153 
   80   80    1    1    1    1    1    1    1    1  2.04729E+14 0.00182 
   81   81    1    1    1    1    1    1    1    1  1.57635E+14 0.00166 
   82   82    1    1    1    1    1    1    1    1  1.21417E+14 0.00184 
   83   83    1    1    1    1    1    1    1    1  1.13430E+14 0.00200 
   84   84    1    1    1    1    1    1    1    1  8.18593E+13 0.00197 
   85   85    1    1    1    1    1    1    1    1  5.88254E+13 0.00290 
   86   86    1    1    1    1    1    1    1    1  5.53636E+13 0.00380 
   87   87    1    1    1    1    1    1    1    1  3.39166E+13 0.00408 
   88   88    1    1    1    1    1    1    1    1  2.29662E+13 0.00482 
   89   89    1    1    1    1    1    1    1    1  1.30606E+13 0.00717 
   90   90    1    1    1    1    1    1    1    1  8.69092E+12 0.00868 
   91   91    1    1    1    1    1    1    1    1  4.31604E+12 0.01138 
   92   92    1    1    1    1    1    1    1    1  2.11519E+12 0.01631 
   93   93    1    1    1    1    1    1    1    1  9.92812E+11 0.02212 
   94   94    1    1    1    1    1    1    1    1  4.99084E+11 0.02737 
   95   95    1    1    1    1    1    1    1    1  2.43697E+11 0.04548 
   96   96    1    1    1    1    1    1    1    1  1.11641E+11 0.05629 
   97   97    1    1    1    1    1    1    1    1  5.36286E+10 0.12866 
   98   98    1    1    1    1    1    1    1    1  2.35335E+10 0.13639 
   99   99    1    1    1    1    1    1    1    1  1.40235E+10 0.14898 
  100  100    1    1    1    1    1    1    1    1  1.35427E+10 0.19026 
];


