
DETdpaspec = [
    1    1    1    1    1    1    1    1    1    1  0.00000E+00 0.00000 
    2    2    1    1    1    1    1    1    1    1  0.00000E+00 0.00000 
    3    3    1    1    1    1    1    1    1    1  0.00000E+00 0.00000 
    4    4    1    1    1    1    1    1    1    1  0.00000E+00 0.00000 
    5    5    1    1    1    1    1    1    1    1  0.00000E+00 0.00000 
    6    6    1    1    1    1    1    1    1    1  0.00000E+00 0.00000 
    7    7    1    1    1    1    1    1    1    1  0.00000E+00 0.00000 
    8    8    1    1    1    1    1    1    1    1  0.00000E+00 0.00000 
    9    9    1    1    1    1    1    1    1    1  2.46722E+07 1.00000 
   10   10    1    1    1    1    1    1    1    1  1.41014E+08 1.00000 
   11   11    1    1    1    1    1    1    1    1  6.93414E+08 0.57996 
   12   12    1    1    1    1    1    1    1    1  6.00080E+08 0.66711 
   13   13    1    1    1    1    1    1    1    1  1.94347E+09 0.49352 
   14   14    1    1    1    1    1    1    1    1  2.85674E+09 0.56980 
   15   15    1    1    1    1    1    1    1    1  2.08370E+09 0.55957 
   16   16    1    1    1    1    1    1    1    1  4.13551E+08 0.67600 
   17   17    1    1    1    1    1    1    1    1  5.72264E+08 0.52294 
   18   18    1    1    1    1    1    1    1    1  2.33601E+09 0.36184 
   19   19    1    1    1    1    1    1    1    1  3.10861E+09 0.39678 
   20   20    1    1    1    1    1    1    1    1  9.43866E+09 0.22363 
   21   21    1    1    1    1    1    1    1    1  1.82706E+10 0.16767 
   22   22    1    1    1    1    1    1    1    1  5.93959E+10 0.09001 
   23   23    1    1    1    1    1    1    1    1  2.69538E+11 0.04128 
   24   24    1    1    1    1    1    1    1    1  8.46980E+11 0.02634 
   25   25    1    1    1    1    1    1    1    1  1.34924E+12 0.02203 
   26   26    1    1    1    1    1    1    1    1  2.79419E+12 0.01521 
   27   27    1    1    1    1    1    1    1    1  5.44294E+12 0.01094 
   28   28    1    1    1    1    1    1    1    1  1.02381E+13 0.00905 
   29   29    1    1    1    1    1    1    1    1  1.58937E+13 0.00708 
   30   30    1    1    1    1    1    1    1    1  3.00504E+13 0.00403 
   31   31    1    1    1    1    1    1    1    1  6.04210E+13 0.00358 
   32   32    1    1    1    1    1    1    1    1  8.64467E+13 0.00296 
   33   33    1    1    1    1    1    1    1    1  1.68361E+14 0.00221 
   34   34    1    1    1    1    1    1    1    1  2.04153E+14 0.00182 
   35   35    1    1    1    1    1    1    1    1  2.09246E+14 0.00158 
   36   36    1    1    1    1    1    1    1    1  1.25383E+14 0.00114 
   37   37    1    1    1    1    1    1    1    1  3.64499E+13 0.00178 
   38   38    1    1    1    1    1    1    1    1  2.06472E+14 0.00123 
   39   39    1    1    1    1    1    1    1    1  2.69297E+14 0.00119 
   40   40    1    1    1    1    1    1    1    1  4.53590E+14 0.00123 
   41   41    1    1    1    1    1    1    1    1  4.28929E+14 0.00113 
   42   42    1    1    1    1    1    1    1    1  9.01552E+14 0.00084 
   43   43    1    1    1    1    1    1    1    1  1.05328E+15 0.00079 
   44   44    1    1    1    1    1    1    1    1  1.46416E+15 0.00054 
   45   45    1    1    1    1    1    1    1    1  2.80651E+15 0.00056 
   46   46    1    1    1    1    1    1    1    1  1.25821E+15 0.00091 
   47   47    1    1    1    1    1    1    1    1  1.95743E+15 0.00083 
   48   48    1    1    1    1    1    1    1    1  2.66249E+15 0.00059 
   49   49    1    1    1    1    1    1    1    1  2.54438E+15 0.00083 
   50   50    1    1    1    1    1    1    1    1  3.94318E+15 0.00079 
   51   51    1    1    1    1    1    1    1    1  3.00309E+15 0.00089 
   52   52    1    1    1    1    1    1    1    1  3.58230E+15 0.00083 
   53   53    1    1    1    1    1    1    1    1  2.43628E+15 0.00077 
   54   54    1    1    1    1    1    1    1    1  3.01362E+15 0.00071 
   55   55    1    1    1    1    1    1    1    1  2.04797E+15 0.00070 
   56   56    1    1    1    1    1    1    1    1  2.75989E+14 0.00105 
   57   57    1    1    1    1    1    1    1    1  4.00942E+15 0.00061 
   58   58    1    1    1    1    1    1    1    1  1.81753E+15 0.00074 
   59   59    1    1    1    1    1    1    1    1  1.90575E+15 0.00079 
   60   60    1    1    1    1    1    1    1    1  1.50659E+15 0.00088 
   61   61    1    1    1    1    1    1    1    1  1.49536E+15 0.00082 
   62   62    1    1    1    1    1    1    1    1  1.54650E+15 0.00085 
   63   63    1    1    1    1    1    1    1    1  1.29769E+15 0.00089 
   64   64    1    1    1    1    1    1    1    1  1.02508E+15 0.00088 
   65   65    1    1    1    1    1    1    1    1  1.01148E+15 0.00103 
   66   66    1    1    1    1    1    1    1    1  7.31043E+14 0.00097 
   67   67    1    1    1    1    1    1    1    1  5.89653E+14 0.00125 
   68   68    1    1    1    1    1    1    1    1  5.24797E+14 0.00104 
   69   69    1    1    1    1    1    1    1    1  6.25804E+14 0.00129 
   70   70    1    1    1    1    1    1    1    1  5.28437E+14 0.00106 
   71   71    1    1    1    1    1    1    1    1  9.37507E+14 0.00076 
   72   72    1    1    1    1    1    1    1    1  6.54605E+14 0.00099 
   73   73    1    1    1    1    1    1    1    1  4.92880E+14 0.00152 
   74   74    1    1    1    1    1    1    1    1  4.00214E+14 0.00144 
   75   75    1    1    1    1    1    1    1    1  3.36568E+14 0.00148 
   76   76    1    1    1    1    1    1    1    1  3.93766E+14 0.00149 
   77   77    1    1    1    1    1    1    1    1  3.15059E+14 0.00141 
   78   78    1    1    1    1    1    1    1    1  2.52657E+14 0.00153 
   79   79    1    1    1    1    1    1    1    1  2.61524E+14 0.00204 
   80   80    1    1    1    1    1    1    1    1  1.93595E+14 0.00151 
   81   81    1    1    1    1    1    1    1    1  1.49553E+14 0.00212 
   82   82    1    1    1    1    1    1    1    1  1.14812E+14 0.00215 
   83   83    1    1    1    1    1    1    1    1  1.06954E+14 0.00186 
   84   84    1    1    1    1    1    1    1    1  7.67586E+13 0.00244 
   85   85    1    1    1    1    1    1    1    1  5.48662E+13 0.00287 
   86   86    1    1    1    1    1    1    1    1  5.13689E+13 0.00319 
   87   87    1    1    1    1    1    1    1    1  3.12049E+13 0.00488 
   88   88    1    1    1    1    1    1    1    1  2.06946E+13 0.00387 
   89   89    1    1    1    1    1    1    1    1  1.18494E+13 0.00548 
   90   90    1    1    1    1    1    1    1    1  7.76664E+12 0.00790 
   91   91    1    1    1    1    1    1    1    1  3.80830E+12 0.01267 
   92   92    1    1    1    1    1    1    1    1  1.82075E+12 0.01350 
   93   93    1    1    1    1    1    1    1    1  8.37603E+11 0.01879 
   94   94    1    1    1    1    1    1    1    1  3.86259E+11 0.03312 
   95   95    1    1    1    1    1    1    1    1  2.08424E+11 0.04185 
   96   96    1    1    1    1    1    1    1    1  8.45183E+10 0.07573 
   97   97    1    1    1    1    1    1    1    1  4.71962E+10 0.08021 
   98   98    1    1    1    1    1    1    1    1  1.62376E+10 0.16316 
   99   99    1    1    1    1    1    1    1    1  8.01881E+09 0.25947 
  100  100    1    1    1    1    1    1    1    1  1.13651E+10 0.22584 
];


