
DETdpaspec = [
    1    1    1    1    1    1    1    1    1    1  0.00000E+00 0.00000 
    2    2    1    1    1    1    1    1    1    1  0.00000E+00 0.00000 
    3    3    1    1    1    1    1    1    1    1  0.00000E+00 0.00000 
    4    4    1    1    1    1    1    1    1    1  0.00000E+00 0.00000 
    5    5    1    1    1    1    1    1    1    1  0.00000E+00 0.00000 
    6    6    1    1    1    1    1    1    1    1  7.36866E+06 1.00000 
    7    7    1    1    1    1    1    1    1    1  0.00000E+00 0.00000 
    8    8    1    1    1    1    1    1    1    1  0.00000E+00 0.00000 
    9    9    1    1    1    1    1    1    1    1  1.94386E+07 1.00000 
   10   10    1    1    1    1    1    1    1    1  3.30754E+08 0.41806 
   11   11    1    1    1    1    1    1    1    1  2.70904E+08 0.49173 
   12   12    1    1    1    1    1    1    1    1  1.84789E+07 0.93537 
   13   13    1    1    1    1    1    1    1    1  9.77273E+08 0.42056 
   14   14    1    1    1    1    1    1    1    1  2.00290E+09 0.32370 
   15   15    1    1    1    1    1    1    1    1  3.72348E+09 0.38073 
   16   16    1    1    1    1    1    1    1    1  1.13100E+09 0.58081 
   17   17    1    1    1    1    1    1    1    1  2.03900E+09 0.23327 
   18   18    1    1    1    1    1    1    1    1  5.07892E+09 0.19341 
   19   19    1    1    1    1    1    1    1    1  7.49597E+09 0.19892 
   20   20    1    1    1    1    1    1    1    1  2.26988E+10 0.12304 
   21   21    1    1    1    1    1    1    1    1  1.51174E+10 0.10478 
   22   22    1    1    1    1    1    1    1    1  4.75469E+10 0.08775 
   23   23    1    1    1    1    1    1    1    1  7.51458E+10 0.07256 
   24   24    1    1    1    1    1    1    1    1  1.05217E+11 0.04530 
   25   25    1    1    1    1    1    1    1    1  1.24933E+11 0.04107 
   26   26    1    1    1    1    1    1    1    1  2.13699E+11 0.04115 
   27   27    1    1    1    1    1    1    1    1  3.81879E+11 0.03501 
   28   28    1    1    1    1    1    1    1    1  7.41459E+11 0.02266 
   29   29    1    1    1    1    1    1    1    1  1.06113E+12 0.01856 
   30   30    1    1    1    1    1    1    1    1  3.21366E+12 0.01040 
   31   31    1    1    1    1    1    1    1    1  9.87980E+12 0.00712 
   32   32    1    1    1    1    1    1    1    1  1.81437E+13 0.00469 
   33   33    1    1    1    1    1    1    1    1  4.11634E+13 0.00410 
   34   34    1    1    1    1    1    1    1    1  5.54932E+13 0.00350 
   35   35    1    1    1    1    1    1    1    1  7.83322E+13 0.00200 
   36   36    1    1    1    1    1    1    1    1  5.52140E+13 0.00248 
   37   37    1    1    1    1    1    1    1    1  1.73600E+13 0.00253 
   38   38    1    1    1    1    1    1    1    1  9.40506E+13 0.00170 
   39   39    1    1    1    1    1    1    1    1  1.25454E+14 0.00166 
   40   40    1    1    1    1    1    1    1    1  2.13026E+14 0.00136 
   41   41    1    1    1    1    1    1    1    1  2.18233E+14 0.00143 
   42   42    1    1    1    1    1    1    1    1  4.50368E+14 0.00128 
   43   43    1    1    1    1    1    1    1    1  5.39341E+14 0.00150 
   44   44    1    1    1    1    1    1    1    1  7.68984E+14 0.00116 
   45   45    1    1    1    1    1    1    1    1  1.49562E+15 0.00097 
   46   46    1    1    1    1    1    1    1    1  7.14581E+14 0.00089 
   47   47    1    1    1    1    1    1    1    1  1.14774E+15 0.00102 
   48   48    1    1    1    1    1    1    1    1  1.59794E+15 0.00083 
   49   49    1    1    1    1    1    1    1    1  1.57577E+15 0.00089 
   50   50    1    1    1    1    1    1    1    1  2.42865E+15 0.00098 
   51   51    1    1    1    1    1    1    1    1  1.95711E+15 0.00105 
   52   52    1    1    1    1    1    1    1    1  2.28140E+15 0.00088 
   53   53    1    1    1    1    1    1    1    1  1.59574E+15 0.00080 
   54   54    1    1    1    1    1    1    1    1  1.92053E+15 0.00100 
   55   55    1    1    1    1    1    1    1    1  1.33067E+15 0.00110 
   56   56    1    1    1    1    1    1    1    1  1.82171E+14 0.00148 
   57   57    1    1    1    1    1    1    1    1  2.64249E+15 0.00095 
   58   58    1    1    1    1    1    1    1    1  1.15110E+15 0.00108 
   59   59    1    1    1    1    1    1    1    1  1.23425E+15 0.00125 
   60   60    1    1    1    1    1    1    1    1  9.48266E+14 0.00131 
   61   61    1    1    1    1    1    1    1    1  9.53407E+14 0.00138 
   62   62    1    1    1    1    1    1    1    1  9.86699E+14 0.00122 
   63   63    1    1    1    1    1    1    1    1  8.25564E+14 0.00123 
   64   64    1    1    1    1    1    1    1    1  6.56826E+14 0.00137 
   65   65    1    1    1    1    1    1    1    1  6.50067E+14 0.00102 
   66   66    1    1    1    1    1    1    1    1  4.72982E+14 0.00121 
   67   67    1    1    1    1    1    1    1    1  3.87309E+14 0.00107 
   68   68    1    1    1    1    1    1    1    1  3.48159E+14 0.00148 
   69   69    1    1    1    1    1    1    1    1  4.18866E+14 0.00163 
   70   70    1    1    1    1    1    1    1    1  3.57749E+14 0.00207 
   71   71    1    1    1    1    1    1    1    1  6.60280E+14 0.00176 
   72   72    1    1    1    1    1    1    1    1  4.69690E+14 0.00215 
   73   73    1    1    1    1    1    1    1    1  3.52960E+14 0.00174 
   74   74    1    1    1    1    1    1    1    1  2.80641E+14 0.00184 
   75   75    1    1    1    1    1    1    1    1  2.29269E+14 0.00214 
   76   76    1    1    1    1    1    1    1    1  2.62441E+14 0.00248 
   77   77    1    1    1    1    1    1    1    1  2.04630E+14 0.00157 
   78   78    1    1    1    1    1    1    1    1  1.61479E+14 0.00187 
   79   79    1    1    1    1    1    1    1    1  1.65285E+14 0.00279 
   80   80    1    1    1    1    1    1    1    1  1.22218E+14 0.00260 
   81   81    1    1    1    1    1    1    1    1  9.37179E+13 0.00260 
   82   82    1    1    1    1    1    1    1    1  7.18453E+13 0.00325 
   83   83    1    1    1    1    1    1    1    1  6.73508E+13 0.00318 
   84   84    1    1    1    1    1    1    1    1  4.84200E+13 0.00242 
   85   85    1    1    1    1    1    1    1    1  3.48035E+13 0.00320 
   86   86    1    1    1    1    1    1    1    1  3.23857E+13 0.00435 
   87   87    1    1    1    1    1    1    1    1  2.00157E+13 0.00410 
   88   88    1    1    1    1    1    1    1    1  1.35534E+13 0.00719 
   89   89    1    1    1    1    1    1    1    1  7.82231E+12 0.00955 
   90   90    1    1    1    1    1    1    1    1  5.23026E+12 0.00861 
   91   91    1    1    1    1    1    1    1    1  2.67917E+12 0.01420 
   92   92    1    1    1    1    1    1    1    1  1.29196E+12 0.01868 
   93   93    1    1    1    1    1    1    1    1  6.09347E+11 0.02941 
   94   94    1    1    1    1    1    1    1    1  2.57481E+11 0.04791 
   95   95    1    1    1    1    1    1    1    1  1.43162E+11 0.06125 
   96   96    1    1    1    1    1    1    1    1  8.77707E+10 0.10653 
   97   97    1    1    1    1    1    1    1    1  3.45292E+10 0.10289 
   98   98    1    1    1    1    1    1    1    1  1.87174E+10 0.26896 
   99   99    1    1    1    1    1    1    1    1  5.21441E+09 0.29011 
  100  100    1    1    1    1    1    1    1    1  4.45901E+09 0.26053 
];


