
DETdpaspec = [
    1    1    1    1    1    1    1    1    1    1  0.00000E+00 0.00000 
    2    2    1    1    1    1    1    1    1    1  0.00000E+00 0.00000 
    3    3    1    1    1    1    1    1    1    1  0.00000E+00 0.00000 
    4    4    1    1    1    1    1    1    1    1  0.00000E+00 0.00000 
    5    5    1    1    1    1    1    1    1    1  0.00000E+00 0.00000 
    6    6    1    1    1    1    1    1    1    1  0.00000E+00 0.00000 
    7    7    1    1    1    1    1    1    1    1  0.00000E+00 0.00000 
    8    8    1    1    1    1    1    1    1    1  0.00000E+00 0.00000 
    9    9    1    1    1    1    1    1    1    1  0.00000E+00 0.00000 
   10   10    1    1    1    1    1    1    1    1  0.00000E+00 0.00000 
   11   11    1    1    1    1    1    1    1    1  1.54392E+08 1.00000 
   12   12    1    1    1    1    1    1    1    1  5.01693E+08 0.70984 
   13   13    1    1    1    1    1    1    1    1  1.38749E+09 0.56913 
   14   14    1    1    1    1    1    1    1    1  2.90161E+08 0.73616 
   15   15    1    1    1    1    1    1    1    1  2.35556E+09 0.44442 
   16   16    1    1    1    1    1    1    1    1  8.82169E+08 0.57125 
   17   17    1    1    1    1    1    1    1    1  3.36082E+09 0.33393 
   18   18    1    1    1    1    1    1    1    1  6.41357E+09 0.28865 
   19   19    1    1    1    1    1    1    1    1  5.22439E+09 0.25757 
   20   20    1    1    1    1    1    1    1    1  1.46133E+10 0.17458 
   21   21    1    1    1    1    1    1    1    1  1.28586E+10 0.17489 
   22   22    1    1    1    1    1    1    1    1  2.78793E+10 0.14459 
   23   23    1    1    1    1    1    1    1    1  9.00101E+10 0.08635 
   24   24    1    1    1    1    1    1    1    1  3.09223E+11 0.03747 
   25   25    1    1    1    1    1    1    1    1  5.57987E+11 0.03591 
   26   26    1    1    1    1    1    1    1    1  1.16992E+12 0.01573 
   27   27    1    1    1    1    1    1    1    1  2.58508E+12 0.01208 
   28   28    1    1    1    1    1    1    1    1  5.65545E+12 0.00996 
   29   29    1    1    1    1    1    1    1    1  9.42073E+12 0.00814 
   30   30    1    1    1    1    1    1    1    1  1.92419E+13 0.00557 
   31   31    1    1    1    1    1    1    1    1  4.32851E+13 0.00348 
   32   32    1    1    1    1    1    1    1    1  6.59890E+13 0.00241 
   33   33    1    1    1    1    1    1    1    1  1.34586E+14 0.00178 
   34   34    1    1    1    1    1    1    1    1  1.70762E+14 0.00143 
   35   35    1    1    1    1    1    1    1    1  1.82028E+14 0.00160 
   36   36    1    1    1    1    1    1    1    1  1.12085E+14 0.00132 
   37   37    1    1    1    1    1    1    1    1  3.28977E+13 0.00105 
   38   38    1    1    1    1    1    1    1    1  1.86308E+14 0.00126 
   39   39    1    1    1    1    1    1    1    1  2.45234E+14 0.00148 
   40   40    1    1    1    1    1    1    1    1  4.16309E+14 0.00142 
   41   41    1    1    1    1    1    1    1    1  3.97182E+14 0.00105 
   42   42    1    1    1    1    1    1    1    1  8.40329E+14 0.00087 
   43   43    1    1    1    1    1    1    1    1  9.92532E+14 0.00071 
   44   44    1    1    1    1    1    1    1    1  1.39059E+15 0.00070 
   45   45    1    1    1    1    1    1    1    1  2.69971E+15 0.00077 
   46   46    1    1    1    1    1    1    1    1  1.22538E+15 0.00092 
   47   47    1    1    1    1    1    1    1    1  1.91842E+15 0.00102 
   48   48    1    1    1    1    1    1    1    1  2.62915E+15 0.00063 
   49   49    1    1    1    1    1    1    1    1  2.53097E+15 0.00061 
   50   50    1    1    1    1    1    1    1    1  3.94766E+15 0.00052 
   51   51    1    1    1    1    1    1    1    1  3.03624E+15 0.00072 
   52   52    1    1    1    1    1    1    1    1  3.63616E+15 0.00067 
   53   53    1    1    1    1    1    1    1    1  2.49328E+15 0.00060 
   54   54    1    1    1    1    1    1    1    1  3.08793E+15 0.00059 
   55   55    1    1    1    1    1    1    1    1  2.10914E+15 0.00053 
   56   56    1    1    1    1    1    1    1    1  2.84539E+14 0.00103 
   57   57    1    1    1    1    1    1    1    1  4.14757E+15 0.00066 
   58   58    1    1    1    1    1    1    1    1  1.88516E+15 0.00074 
   59   59    1    1    1    1    1    1    1    1  1.98245E+15 0.00090 
   60   60    1    1    1    1    1    1    1    1  1.56786E+15 0.00065 
   61   61    1    1    1    1    1    1    1    1  1.56077E+15 0.00089 
   62   62    1    1    1    1    1    1    1    1  1.61865E+15 0.00050 
   63   63    1    1    1    1    1    1    1    1  1.36073E+15 0.00064 
   64   64    1    1    1    1    1    1    1    1  1.07795E+15 0.00083 
   65   65    1    1    1    1    1    1    1    1  1.06645E+15 0.00067 
   66   66    1    1    1    1    1    1    1    1  7.73765E+14 0.00117 
   67   67    1    1    1    1    1    1    1    1  6.25266E+14 0.00103 
   68   68    1    1    1    1    1    1    1    1  5.55498E+14 0.00087 
   69   69    1    1    1    1    1    1    1    1  6.65615E+14 0.00096 
   70   70    1    1    1    1    1    1    1    1  5.62593E+14 0.00093 
   71   71    1    1    1    1    1    1    1    1  1.00400E+15 0.00113 
   72   72    1    1    1    1    1    1    1    1  7.05761E+14 0.00073 
   73   73    1    1    1    1    1    1    1    1  5.32135E+14 0.00121 
   74   74    1    1    1    1    1    1    1    1  4.32543E+14 0.00155 
   75   75    1    1    1    1    1    1    1    1  3.63306E+14 0.00126 
   76   76    1    1    1    1    1    1    1    1  4.26337E+14 0.00081 
   77   77    1    1    1    1    1    1    1    1  3.41139E+14 0.00119 
   78   78    1    1    1    1    1    1    1    1  2.73361E+14 0.00106 
   79   79    1    1    1    1    1    1    1    1  2.83258E+14 0.00155 
   80   80    1    1    1    1    1    1    1    1  2.10702E+14 0.00188 
   81   81    1    1    1    1    1    1    1    1  1.62753E+14 0.00175 
   82   82    1    1    1    1    1    1    1    1  1.24512E+14 0.00163 
   83   83    1    1    1    1    1    1    1    1  1.16547E+14 0.00238 
   84   84    1    1    1    1    1    1    1    1  8.40110E+13 0.00141 
   85   85    1    1    1    1    1    1    1    1  6.05519E+13 0.00290 
   86   86    1    1    1    1    1    1    1    1  5.63865E+13 0.00188 
   87   87    1    1    1    1    1    1    1    1  3.46980E+13 0.00270 
   88   88    1    1    1    1    1    1    1    1  2.31038E+13 0.00460 
   89   89    1    1    1    1    1    1    1    1  1.31535E+13 0.00699 
   90   90    1    1    1    1    1    1    1    1  8.65131E+12 0.00908 
   91   91    1    1    1    1    1    1    1    1  4.27490E+12 0.01026 
   92   92    1    1    1    1    1    1    1    1  2.08355E+12 0.01121 
   93   93    1    1    1    1    1    1    1    1  9.58468E+11 0.02341 
   94   94    1    1    1    1    1    1    1    1  4.84159E+11 0.03167 
   95   95    1    1    1    1    1    1    1    1  2.16458E+11 0.03879 
   96   96    1    1    1    1    1    1    1    1  1.08546E+11 0.07948 
   97   97    1    1    1    1    1    1    1    1  5.52979E+10 0.12257 
   98   98    1    1    1    1    1    1    1    1  2.56359E+10 0.12468 
   99   99    1    1    1    1    1    1    1    1  1.52047E+10 0.20894 
  100  100    1    1    1    1    1    1    1    1  1.04192E+10 0.16975 
];


