
DETdpaspec = [
    1    1    1    1    1    1    1    1    1    1  0.00000E+00 0.00000 
    2    2    1    1    1    1    1    1    1    1  0.00000E+00 0.00000 
    3    3    1    1    1    1    1    1    1    1  0.00000E+00 0.00000 
    4    4    1    1    1    1    1    1    1    1  0.00000E+00 0.00000 
    5    5    1    1    1    1    1    1    1    1  0.00000E+00 0.00000 
    6    6    1    1    1    1    1    1    1    1  0.00000E+00 0.00000 
    7    7    1    1    1    1    1    1    1    1  0.00000E+00 0.00000 
    8    8    1    1    1    1    1    1    1    1  0.00000E+00 0.00000 
    9    9    1    1    1    1    1    1    1    1  0.00000E+00 0.00000 
   10   10    1    1    1    1    1    1    1    1  0.00000E+00 0.00000 
   11   11    1    1    1    1    1    1    1    1  9.07383E+07 0.69355 
   12   12    1    1    1    1    1    1    1    1  2.72425E+07 0.75254 
   13   13    1    1    1    1    1    1    1    1  1.57732E+09 0.42884 
   14   14    1    1    1    1    1    1    1    1  4.03125E+09 0.31215 
   15   15    1    1    1    1    1    1    1    1  3.66541E+09 0.36450 
   16   16    1    1    1    1    1    1    1    1  1.43484E+09 0.54554 
   17   17    1    1    1    1    1    1    1    1  1.36163E+09 0.27888 
   18   18    1    1    1    1    1    1    1    1  5.50490E+09 0.28189 
   19   19    1    1    1    1    1    1    1    1  6.91119E+09 0.20020 
   20   20    1    1    1    1    1    1    1    1  1.96773E+10 0.14072 
   21   21    1    1    1    1    1    1    1    1  1.61568E+10 0.09354 
   22   22    1    1    1    1    1    1    1    1  4.36307E+10 0.09708 
   23   23    1    1    1    1    1    1    1    1  5.90462E+10 0.05491 
   24   24    1    1    1    1    1    1    1    1  1.14679E+11 0.06515 
   25   25    1    1    1    1    1    1    1    1  1.33543E+11 0.04473 
   26   26    1    1    1    1    1    1    1    1  2.13059E+11 0.03723 
   27   27    1    1    1    1    1    1    1    1  3.71653E+11 0.03096 
   28   28    1    1    1    1    1    1    1    1  7.61917E+11 0.02020 
   29   29    1    1    1    1    1    1    1    1  1.09196E+12 0.02915 
   30   30    1    1    1    1    1    1    1    1  3.26478E+12 0.01267 
   31   31    1    1    1    1    1    1    1    1  1.00841E+13 0.00906 
   32   32    1    1    1    1    1    1    1    1  1.86692E+13 0.00716 
   33   33    1    1    1    1    1    1    1    1  4.24473E+13 0.00584 
   34   34    1    1    1    1    1    1    1    1  5.75306E+13 0.00383 
   35   35    1    1    1    1    1    1    1    1  8.06268E+13 0.00322 
   36   36    1    1    1    1    1    1    1    1  5.67499E+13 0.00264 
   37   37    1    1    1    1    1    1    1    1  1.77661E+13 0.00307 
   38   38    1    1    1    1    1    1    1    1  9.66527E+13 0.00252 
   39   39    1    1    1    1    1    1    1    1  1.29318E+14 0.00176 
   40   40    1    1    1    1    1    1    1    1  2.19493E+14 0.00160 
   41   41    1    1    1    1    1    1    1    1  2.24610E+14 0.00131 
   42   42    1    1    1    1    1    1    1    1  4.64939E+14 0.00167 
   43   43    1    1    1    1    1    1    1    1  5.57234E+14 0.00125 
   44   44    1    1    1    1    1    1    1    1  7.94835E+14 0.00094 
   45   45    1    1    1    1    1    1    1    1  1.55125E+15 0.00087 
   46   46    1    1    1    1    1    1    1    1  7.41667E+14 0.00100 
   47   47    1    1    1    1    1    1    1    1  1.19001E+15 0.00110 
   48   48    1    1    1    1    1    1    1    1  1.66092E+15 0.00104 
   49   49    1    1    1    1    1    1    1    1  1.63683E+15 0.00106 
   50   50    1    1    1    1    1    1    1    1  2.52600E+15 0.00096 
   51   51    1    1    1    1    1    1    1    1  2.03346E+15 0.00093 
   52   52    1    1    1    1    1    1    1    1  2.37803E+15 0.00089 
   53   53    1    1    1    1    1    1    1    1  1.66348E+15 0.00100 
   54   54    1    1    1    1    1    1    1    1  2.00921E+15 0.00094 
   55   55    1    1    1    1    1    1    1    1  1.39166E+15 0.00111 
   56   56    1    1    1    1    1    1    1    1  1.90838E+14 0.00137 
   57   57    1    1    1    1    1    1    1    1  2.76647E+15 0.00077 
   58   58    1    1    1    1    1    1    1    1  1.21150E+15 0.00115 
   59   59    1    1    1    1    1    1    1    1  1.29707E+15 0.00098 
   60   60    1    1    1    1    1    1    1    1  9.97474E+14 0.00116 
   61   61    1    1    1    1    1    1    1    1  1.00278E+15 0.00114 
   62   62    1    1    1    1    1    1    1    1  1.03897E+15 0.00097 
   63   63    1    1    1    1    1    1    1    1  8.69719E+14 0.00115 
   64   64    1    1    1    1    1    1    1    1  6.92085E+14 0.00105 
   65   65    1    1    1    1    1    1    1    1  6.86295E+14 0.00113 
   66   66    1    1    1    1    1    1    1    1  4.99059E+14 0.00093 
   67   67    1    1    1    1    1    1    1    1  4.09289E+14 0.00143 
   68   68    1    1    1    1    1    1    1    1  3.67585E+14 0.00163 
   69   69    1    1    1    1    1    1    1    1  4.41880E+14 0.00117 
   70   70    1    1    1    1    1    1    1    1  3.76354E+14 0.00127 
   71   71    1    1    1    1    1    1    1    1  6.93926E+14 0.00160 
   72   72    1    1    1    1    1    1    1    1  4.94399E+14 0.00154 
   73   73    1    1    1    1    1    1    1    1  3.71330E+14 0.00155 
   74   74    1    1    1    1    1    1    1    1  2.95643E+14 0.00229 
   75   75    1    1    1    1    1    1    1    1  2.42179E+14 0.00131 
   76   76    1    1    1    1    1    1    1    1  2.77733E+14 0.00173 
   77   77    1    1    1    1    1    1    1    1  2.16760E+14 0.00177 
   78   78    1    1    1    1    1    1    1    1  1.71293E+14 0.00218 
   79   79    1    1    1    1    1    1    1    1  1.75155E+14 0.00250 
   80   80    1    1    1    1    1    1    1    1  1.29838E+14 0.00230 
   81   81    1    1    1    1    1    1    1    1  9.94750E+13 0.00273 
   82   82    1    1    1    1    1    1    1    1  7.65516E+13 0.00297 
   83   83    1    1    1    1    1    1    1    1  7.17554E+13 0.00224 
   84   84    1    1    1    1    1    1    1    1  5.12739E+13 0.00387 
   85   85    1    1    1    1    1    1    1    1  3.71666E+13 0.00288 
   86   86    1    1    1    1    1    1    1    1  3.46889E+13 0.00452 
   87   87    1    1    1    1    1    1    1    1  2.12859E+13 0.00595 
   88   88    1    1    1    1    1    1    1    1  1.44986E+13 0.00608 
   89   89    1    1    1    1    1    1    1    1  8.34475E+12 0.00851 
   90   90    1    1    1    1    1    1    1    1  5.58805E+12 0.01148 
   91   91    1    1    1    1    1    1    1    1  2.79246E+12 0.01457 
   92   92    1    1    1    1    1    1    1    1  1.37482E+12 0.01527 
   93   93    1    1    1    1    1    1    1    1  6.59129E+11 0.02958 
   94   94    1    1    1    1    1    1    1    1  3.19225E+11 0.03655 
   95   95    1    1    1    1    1    1    1    1  1.47346E+11 0.05796 
   96   96    1    1    1    1    1    1    1    1  7.33766E+10 0.07619 
   97   97    1    1    1    1    1    1    1    1  3.93032E+10 0.09596 
   98   98    1    1    1    1    1    1    1    1  2.01583E+10 0.20747 
   99   99    1    1    1    1    1    1    1    1  7.89927E+09 0.25023 
  100  100    1    1    1    1    1    1    1    1  7.74044E+09 0.23159 
];


