
DETdpaspec = [
    1    1    1    1    1    1    1    1    1    1  0.00000E+00 0.00000 
    2    2    1    1    1    1    1    1    1    1  0.00000E+00 0.00000 
    3    3    1    1    1    1    1    1    1    1  0.00000E+00 0.00000 
    4    4    1    1    1    1    1    1    1    1  0.00000E+00 0.00000 
    5    5    1    1    1    1    1    1    1    1  0.00000E+00 0.00000 
    6    6    1    1    1    1    1    1    1    1  0.00000E+00 0.00000 
    7    7    1    1    1    1    1    1    1    1  0.00000E+00 0.00000 
    8    8    1    1    1    1    1    1    1    1  0.00000E+00 0.00000 
    9    9    1    1    1    1    1    1    1    1  0.00000E+00 0.00000 
   10   10    1    1    1    1    1    1    1    1  1.45006E+08 0.86425 
   11   11    1    1    1    1    1    1    1    1  2.74453E+08 1.00000 
   12   12    1    1    1    1    1    1    1    1  6.13964E+07 0.55164 
   13   13    1    1    1    1    1    1    1    1  1.19592E+09 0.51970 
   14   14    1    1    1    1    1    1    1    1  1.51532E+09 0.50602 
   15   15    1    1    1    1    1    1    1    1  3.23977E+09 0.29114 
   16   16    1    1    1    1    1    1    1    1  7.42075E+08 0.41739 
   17   17    1    1    1    1    1    1    1    1  3.71724E+09 0.25798 
   18   18    1    1    1    1    1    1    1    1  8.27516E+09 0.17876 
   19   19    1    1    1    1    1    1    1    1  5.81078E+09 0.22760 
   20   20    1    1    1    1    1    1    1    1  2.35860E+10 0.16355 
   21   21    1    1    1    1    1    1    1    1  1.63897E+10 0.10188 
   22   22    1    1    1    1    1    1    1    1  5.28876E+10 0.08494 
   23   23    1    1    1    1    1    1    1    1  6.37178E+10 0.09648 
   24   24    1    1    1    1    1    1    1    1  1.07655E+11 0.05064 
   25   25    1    1    1    1    1    1    1    1  1.28020E+11 0.05184 
   26   26    1    1    1    1    1    1    1    1  2.07997E+11 0.05524 
   27   27    1    1    1    1    1    1    1    1  3.75735E+11 0.03698 
   28   28    1    1    1    1    1    1    1    1  7.83894E+11 0.02249 
   29   29    1    1    1    1    1    1    1    1  1.13939E+12 0.02184 
   30   30    1    1    1    1    1    1    1    1  3.38903E+12 0.01552 
   31   31    1    1    1    1    1    1    1    1  1.02995E+13 0.00724 
   32   32    1    1    1    1    1    1    1    1  1.91787E+13 0.00375 
   33   33    1    1    1    1    1    1    1    1  4.37830E+13 0.00358 
   34   34    1    1    1    1    1    1    1    1  5.92573E+13 0.00408 
   35   35    1    1    1    1    1    1    1    1  8.21842E+13 0.00243 
   36   36    1    1    1    1    1    1    1    1  5.77249E+13 0.00230 
   37   37    1    1    1    1    1    1    1    1  1.80068E+13 0.00262 
   38   38    1    1    1    1    1    1    1    1  9.85761E+13 0.00223 
   39   39    1    1    1    1    1    1    1    1  1.32038E+14 0.00172 
   40   40    1    1    1    1    1    1    1    1  2.24949E+14 0.00184 
   41   41    1    1    1    1    1    1    1    1  2.29734E+14 0.00192 
   42   42    1    1    1    1    1    1    1    1  4.78066E+14 0.00145 
   43   43    1    1    1    1    1    1    1    1  5.73979E+14 0.00125 
   44   44    1    1    1    1    1    1    1    1  8.20921E+14 0.00113 
   45   45    1    1    1    1    1    1    1    1  1.60650E+15 0.00102 
   46   46    1    1    1    1    1    1    1    1  7.66820E+14 0.00100 
   47   47    1    1    1    1    1    1    1    1  1.23131E+15 0.00084 
   48   48    1    1    1    1    1    1    1    1  1.71903E+15 0.00069 
   49   49    1    1    1    1    1    1    1    1  1.69561E+15 0.00080 
   50   50    1    1    1    1    1    1    1    1  2.62476E+15 0.00065 
   51   51    1    1    1    1    1    1    1    1  2.11225E+15 0.00092 
   52   52    1    1    1    1    1    1    1    1  2.47535E+15 0.00094 
   53   53    1    1    1    1    1    1    1    1  1.73083E+15 0.00079 
   54   54    1    1    1    1    1    1    1    1  2.09541E+15 0.00077 
   55   55    1    1    1    1    1    1    1    1  1.45123E+15 0.00055 
   56   56    1    1    1    1    1    1    1    1  1.98516E+14 0.00114 
   57   57    1    1    1    1    1    1    1    1  2.88224E+15 0.00075 
   58   58    1    1    1    1    1    1    1    1  1.26637E+15 0.00081 
   59   59    1    1    1    1    1    1    1    1  1.35420E+15 0.00068 
   60   60    1    1    1    1    1    1    1    1  1.04622E+15 0.00089 
   61   61    1    1    1    1    1    1    1    1  1.05134E+15 0.00081 
   62   62    1    1    1    1    1    1    1    1  1.08934E+15 0.00102 
   63   63    1    1    1    1    1    1    1    1  9.13981E+14 0.00086 
   64   64    1    1    1    1    1    1    1    1  7.26994E+14 0.00107 
   65   65    1    1    1    1    1    1    1    1  7.21205E+14 0.00104 
   66   66    1    1    1    1    1    1    1    1  5.24274E+14 0.00131 
   67   67    1    1    1    1    1    1    1    1  4.29577E+14 0.00144 
   68   68    1    1    1    1    1    1    1    1  3.85425E+14 0.00113 
   69   69    1    1    1    1    1    1    1    1  4.63337E+14 0.00148 
   70   70    1    1    1    1    1    1    1    1  3.94968E+14 0.00113 
   71   71    1    1    1    1    1    1    1    1  7.28615E+14 0.00121 
   72   72    1    1    1    1    1    1    1    1  5.17033E+14 0.00149 
   73   73    1    1    1    1    1    1    1    1  3.89372E+14 0.00148 
   74   74    1    1    1    1    1    1    1    1  3.10457E+14 0.00124 
   75   75    1    1    1    1    1    1    1    1  2.55466E+14 0.00157 
   76   76    1    1    1    1    1    1    1    1  2.93674E+14 0.00163 
   77   77    1    1    1    1    1    1    1    1  2.29219E+14 0.00198 
   78   78    1    1    1    1    1    1    1    1  1.81174E+14 0.00162 
   79   79    1    1    1    1    1    1    1    1  1.85544E+14 0.00169 
   80   80    1    1    1    1    1    1    1    1  1.36776E+14 0.00179 
   81   81    1    1    1    1    1    1    1    1  1.05391E+14 0.00259 
   82   82    1    1    1    1    1    1    1    1  8.09571E+13 0.00208 
   83   83    1    1    1    1    1    1    1    1  7.59268E+13 0.00295 
   84   84    1    1    1    1    1    1    1    1  5.47853E+13 0.00420 
   85   85    1    1    1    1    1    1    1    1  3.93156E+13 0.00452 
   86   86    1    1    1    1    1    1    1    1  3.67828E+13 0.00321 
   87   87    1    1    1    1    1    1    1    1  2.25332E+13 0.00614 
   88   88    1    1    1    1    1    1    1    1  1.55205E+13 0.00656 
   89   89    1    1    1    1    1    1    1    1  8.78595E+12 0.00962 
   90   90    1    1    1    1    1    1    1    1  5.89185E+12 0.01149 
   91   91    1    1    1    1    1    1    1    1  2.97749E+12 0.01330 
   92   92    1    1    1    1    1    1    1    1  1.46504E+12 0.02064 
   93   93    1    1    1    1    1    1    1    1  6.97840E+11 0.02961 
   94   94    1    1    1    1    1    1    1    1  3.12648E+11 0.04809 
   95   95    1    1    1    1    1    1    1    1  1.66256E+11 0.04577 
   96   96    1    1    1    1    1    1    1    1  6.77101E+10 0.11592 
   97   97    1    1    1    1    1    1    1    1  3.99150E+10 0.11255 
   98   98    1    1    1    1    1    1    1    1  1.59132E+10 0.15547 
   99   99    1    1    1    1    1    1    1    1  8.04652E+09 0.34093 
  100  100    1    1    1    1    1    1    1    1  1.20439E+10 0.26467 
];


