
DETdpaspec = [
    1    1    1    1    1    1    1    1    1    1  0.00000E+00 0.00000 
    2    2    1    1    1    1    1    1    1    1  0.00000E+00 0.00000 
    3    3    1    1    1    1    1    1    1    1  0.00000E+00 0.00000 
    4    4    1    1    1    1    1    1    1    1  0.00000E+00 0.00000 
    5    5    1    1    1    1    1    1    1    1  0.00000E+00 0.00000 
    6    6    1    1    1    1    1    1    1    1  0.00000E+00 0.00000 
    7    7    1    1    1    1    1    1    1    1  0.00000E+00 0.00000 
    8    8    1    1    1    1    1    1    1    1  1.55117E+07 1.00000 
    9    9    1    1    1    1    1    1    1    1  1.73739E+07 0.68928 
   10   10    1    1    1    1    1    1    1    1  0.00000E+00 0.00000 
   11   11    1    1    1    1    1    1    1    1  9.81590E+07 0.68826 
   12   12    1    1    1    1    1    1    1    1  2.53062E+07 0.79587 
   13   13    1    1    1    1    1    1    1    1  7.39491E+07 1.00000 
   14   14    1    1    1    1    1    1    1    1  2.58292E+09 0.30221 
   15   15    1    1    1    1    1    1    1    1  4.18877E+09 0.34071 
   16   16    1    1    1    1    1    1    1    1  1.23946E+09 0.36824 
   17   17    1    1    1    1    1    1    1    1  2.81355E+09 0.25683 
   18   18    1    1    1    1    1    1    1    1  5.92835E+09 0.20775 
   19   19    1    1    1    1    1    1    1    1  6.93080E+09 0.15738 
   20   20    1    1    1    1    1    1    1    1  2.23005E+10 0.12720 
   21   21    1    1    1    1    1    1    1    1  1.88068E+10 0.12058 
   22   22    1    1    1    1    1    1    1    1  5.36751E+10 0.10039 
   23   23    1    1    1    1    1    1    1    1  7.77088E+10 0.06311 
   24   24    1    1    1    1    1    1    1    1  1.03974E+11 0.07368 
   25   25    1    1    1    1    1    1    1    1  1.22707E+11 0.08539 
   26   26    1    1    1    1    1    1    1    1  2.15678E+11 0.05262 
   27   27    1    1    1    1    1    1    1    1  3.47286E+11 0.03407 
   28   28    1    1    1    1    1    1    1    1  7.33484E+11 0.02111 
   29   29    1    1    1    1    1    1    1    1  1.08116E+12 0.01715 
   30   30    1    1    1    1    1    1    1    1  3.18913E+12 0.01109 
   31   31    1    1    1    1    1    1    1    1  9.78612E+12 0.00863 
   32   32    1    1    1    1    1    1    1    1  1.79218E+13 0.00677 
   33   33    1    1    1    1    1    1    1    1  4.02434E+13 0.00434 
   34   34    1    1    1    1    1    1    1    1  5.37397E+13 0.00396 
   35   35    1    1    1    1    1    1    1    1  7.62860E+13 0.00247 
   36   36    1    1    1    1    1    1    1    1  5.39224E+13 0.00277 
   37   37    1    1    1    1    1    1    1    1  1.69667E+13 0.00245 
   38   38    1    1    1    1    1    1    1    1  9.18398E+13 0.00252 
   39   39    1    1    1    1    1    1    1    1  1.22530E+14 0.00218 
   40   40    1    1    1    1    1    1    1    1  2.06421E+14 0.00179 
   41   41    1    1    1    1    1    1    1    1  2.12157E+14 0.00178 
   42   42    1    1    1    1    1    1    1    1  4.36781E+14 0.00156 
   43   43    1    1    1    1    1    1    1    1  5.21585E+14 0.00142 
   44   44    1    1    1    1    1    1    1    1  7.42146E+14 0.00104 
   45   45    1    1    1    1    1    1    1    1  1.43843E+15 0.00097 
   46   46    1    1    1    1    1    1    1    1  6.86143E+14 0.00111 
   47   47    1    1    1    1    1    1    1    1  1.10127E+15 0.00107 
   48   48    1    1    1    1    1    1    1    1  1.53541E+15 0.00074 
   49   49    1    1    1    1    1    1    1    1  1.51340E+15 0.00091 
   50   50    1    1    1    1    1    1    1    1  2.32558E+15 0.00094 
   51   51    1    1    1    1    1    1    1    1  1.87565E+15 0.00091 
   52   52    1    1    1    1    1    1    1    1  2.17883E+15 0.00107 
   53   53    1    1    1    1    1    1    1    1  1.52435E+15 0.00074 
   54   54    1    1    1    1    1    1    1    1  1.83043E+15 0.00087 
   55   55    1    1    1    1    1    1    1    1  1.26658E+15 0.00076 
   56   56    1    1    1    1    1    1    1    1  1.73849E+14 0.00133 
   57   57    1    1    1    1    1    1    1    1  2.51889E+15 0.00088 
   58   58    1    1    1    1    1    1    1    1  1.09424E+15 0.00084 
   59   59    1    1    1    1    1    1    1    1  1.17292E+15 0.00105 
   60   60    1    1    1    1    1    1    1    1  8.98482E+14 0.00108 
   61   61    1    1    1    1    1    1    1    1  9.03639E+14 0.00110 
   62   62    1    1    1    1    1    1    1    1  9.35399E+14 0.00128 
   63   63    1    1    1    1    1    1    1    1  7.80870E+14 0.00132 
   64   64    1    1    1    1    1    1    1    1  6.21361E+14 0.00114 
   65   65    1    1    1    1    1    1    1    1  6.16142E+14 0.00134 
   66   66    1    1    1    1    1    1    1    1  4.47731E+14 0.00139 
   67   67    1    1    1    1    1    1    1    1  3.66846E+14 0.00134 
   68   68    1    1    1    1    1    1    1    1  3.29419E+14 0.00120 
   69   69    1    1    1    1    1    1    1    1  3.96384E+14 0.00114 
   70   70    1    1    1    1    1    1    1    1  3.38343E+14 0.00146 
   71   71    1    1    1    1    1    1    1    1  6.26342E+14 0.00120 
   72   72    1    1    1    1    1    1    1    1  4.45054E+14 0.00142 
   73   73    1    1    1    1    1    1    1    1  3.33899E+14 0.00187 
   74   74    1    1    1    1    1    1    1    1  2.65261E+14 0.00188 
   75   75    1    1    1    1    1    1    1    1  2.16202E+14 0.00144 
   76   76    1    1    1    1    1    1    1    1  2.48082E+14 0.00156 
   77   77    1    1    1    1    1    1    1    1  1.92676E+14 0.00200 
   78   78    1    1    1    1    1    1    1    1  1.51325E+14 0.00181 
   79   79    1    1    1    1    1    1    1    1  1.54842E+14 0.00267 
   80   80    1    1    1    1    1    1    1    1  1.13564E+14 0.00267 
   81   81    1    1    1    1    1    1    1    1  8.70631E+13 0.00217 
   82   82    1    1    1    1    1    1    1    1  6.74938E+13 0.00292 
   83   83    1    1    1    1    1    1    1    1  6.26395E+13 0.00359 
   84   84    1    1    1    1    1    1    1    1  4.52001E+13 0.00349 
   85   85    1    1    1    1    1    1    1    1  3.25979E+13 0.00358 
   86   86    1    1    1    1    1    1    1    1  3.03970E+13 0.00432 
   87   87    1    1    1    1    1    1    1    1  1.90270E+13 0.00372 
   88   88    1    1    1    1    1    1    1    1  1.28166E+13 0.00684 
   89   89    1    1    1    1    1    1    1    1  7.45673E+12 0.00906 
   90   90    1    1    1    1    1    1    1    1  4.95536E+12 0.00953 
   91   91    1    1    1    1    1    1    1    1  2.44768E+12 0.01192 
   92   92    1    1    1    1    1    1    1    1  1.20561E+12 0.02150 
   93   93    1    1    1    1    1    1    1    1  5.99886E+11 0.02525 
   94   94    1    1    1    1    1    1    1    1  2.77849E+11 0.03845 
   95   95    1    1    1    1    1    1    1    1  1.29436E+11 0.07505 
   96   96    1    1    1    1    1    1    1    1  7.51217E+10 0.08192 
   97   97    1    1    1    1    1    1    1    1  3.41582E+10 0.14419 
   98   98    1    1    1    1    1    1    1    1  1.36883E+10 0.23911 
   99   99    1    1    1    1    1    1    1    1  6.80402E+09 0.32238 
  100  100    1    1    1    1    1    1    1    1  5.27868E+09 0.28053 
];


