
DETdpaspec = [
    1    1    1    1    1    1    1    1    1    1  0.00000E+00 0.00000 
    2    2    1    1    1    1    1    1    1    1  0.00000E+00 0.00000 
    3    3    1    1    1    1    1    1    1    1  0.00000E+00 0.00000 
    4    4    1    1    1    1    1    1    1    1  0.00000E+00 0.00000 
    5    5    1    1    1    1    1    1    1    1  0.00000E+00 0.00000 
    6    6    1    1    1    1    1    1    1    1  0.00000E+00 0.00000 
    7    7    1    1    1    1    1    1    1    1  0.00000E+00 0.00000 
    8    8    1    1    1    1    1    1    1    1  0.00000E+00 0.00000 
    9    9    1    1    1    1    1    1    1    1  2.98562E+07 0.81218 
   10   10    1    1    1    1    1    1    1    1  0.00000E+00 0.00000 
   11   11    1    1    1    1    1    1    1    1  2.89457E+08 0.83240 
   12   12    1    1    1    1    1    1    1    1  1.43910E+08 1.00000 
   13   13    1    1    1    1    1    1    1    1  9.95514E+08 0.52814 
   14   14    1    1    1    1    1    1    1    1  2.40080E+09 0.63608 
   15   15    1    1    1    1    1    1    1    1  3.94104E+09 0.44556 
   16   16    1    1    1    1    1    1    1    1  2.21693E+09 0.49958 
   17   17    1    1    1    1    1    1    1    1  2.95819E+09 0.30489 
   18   18    1    1    1    1    1    1    1    1  3.88965E+09 0.24093 
   19   19    1    1    1    1    1    1    1    1  7.53091E+09 0.20846 
   20   20    1    1    1    1    1    1    1    1  2.16222E+10 0.13833 
   21   21    1    1    1    1    1    1    1    1  1.71647E+10 0.11762 
   22   22    1    1    1    1    1    1    1    1  3.17040E+10 0.10607 
   23   23    1    1    1    1    1    1    1    1  5.67681E+10 0.08325 
   24   24    1    1    1    1    1    1    1    1  1.05044E+11 0.07088 
   25   25    1    1    1    1    1    1    1    1  1.51274E+11 0.06101 
   26   26    1    1    1    1    1    1    1    1  2.85449E+11 0.04526 
   27   27    1    1    1    1    1    1    1    1  5.99352E+11 0.03945 
   28   28    1    1    1    1    1    1    1    1  1.49440E+12 0.02062 
   29   29    1    1    1    1    1    1    1    1  2.59695E+12 0.01521 
   30   30    1    1    1    1    1    1    1    1  6.76298E+12 0.01034 
   31   31    1    1    1    1    1    1    1    1  1.91016E+13 0.00840 
   32   32    1    1    1    1    1    1    1    1  3.27855E+13 0.00334 
   33   33    1    1    1    1    1    1    1    1  7.47793E+13 0.00265 
   34   34    1    1    1    1    1    1    1    1  1.01828E+14 0.00202 
   35   35    1    1    1    1    1    1    1    1  1.22796E+14 0.00217 
   36   36    1    1    1    1    1    1    1    1  8.06644E+13 0.00193 
   37   37    1    1    1    1    1    1    1    1  2.42716E+13 0.00157 
   38   38    1    1    1    1    1    1    1    1  1.36682E+14 0.00182 
   39   39    1    1    1    1    1    1    1    1  1.82972E+14 0.00170 
   40   40    1    1    1    1    1    1    1    1  3.15153E+14 0.00138 
   41   41    1    1    1    1    1    1    1    1  3.10136E+14 0.00147 
   42   42    1    1    1    1    1    1    1    1  6.60604E+14 0.00111 
   43   43    1    1    1    1    1    1    1    1  7.91619E+14 0.00098 
   44   44    1    1    1    1    1    1    1    1  1.13256E+15 0.00079 
   45   45    1    1    1    1    1    1    1    1  2.25068E+15 0.00069 
   46   46    1    1    1    1    1    1    1    1  1.05279E+15 0.00071 
   47   47    1    1    1    1    1    1    1    1  1.66982E+15 0.00076 
   48   48    1    1    1    1    1    1    1    1  2.33014E+15 0.00091 
   49   49    1    1    1    1    1    1    1    1  2.27831E+15 0.00077 
   50   50    1    1    1    1    1    1    1    1  3.58386E+15 0.00070 
   51   51    1    1    1    1    1    1    1    1  2.81671E+15 0.00070 
   52   52    1    1    1    1    1    1    1    1  3.38147E+15 0.00068 
   53   53    1    1    1    1    1    1    1    1  2.34839E+15 0.00084 
   54   54    1    1    1    1    1    1    1    1  2.91111E+15 0.00071 
   55   55    1    1    1    1    1    1    1    1  2.00461E+15 0.00091 
   56   56    1    1    1    1    1    1    1    1  2.71922E+14 0.00114 
   57   57    1    1    1    1    1    1    1    1  3.97549E+15 0.00087 
   58   58    1    1    1    1    1    1    1    1  1.79825E+15 0.00101 
   59   59    1    1    1    1    1    1    1    1  1.91051E+15 0.00083 
   60   60    1    1    1    1    1    1    1    1  1.50711E+15 0.00065 
   61   61    1    1    1    1    1    1    1    1  1.50664E+15 0.00067 
   62   62    1    1    1    1    1    1    1    1  1.56797E+15 0.00095 
   63   63    1    1    1    1    1    1    1    1  1.32257E+15 0.00090 
   64   64    1    1    1    1    1    1    1    1  1.05267E+15 0.00094 
   65   65    1    1    1    1    1    1    1    1  1.04536E+15 0.00086 
   66   66    1    1    1    1    1    1    1    1  7.61065E+14 0.00101 
   67   67    1    1    1    1    1    1    1    1  6.19476E+14 0.00137 
   68   68    1    1    1    1    1    1    1    1  5.52163E+14 0.00124 
   69   69    1    1    1    1    1    1    1    1  6.63997E+14 0.00102 
   70   70    1    1    1    1    1    1    1    1  5.65378E+14 0.00135 
   71   71    1    1    1    1    1    1    1    1  1.02066E+15 0.00130 
   72   72    1    1    1    1    1    1    1    1  7.22224E+14 0.00125 
   73   73    1    1    1    1    1    1    1    1  5.46776E+14 0.00118 
   74   74    1    1    1    1    1    1    1    1  4.42223E+14 0.00138 
   75   75    1    1    1    1    1    1    1    1  3.69702E+14 0.00148 
   76   76    1    1    1    1    1    1    1    1  4.31698E+14 0.00110 
   77   77    1    1    1    1    1    1    1    1  3.43555E+14 0.00140 
   78   78    1    1    1    1    1    1    1    1  2.75860E+14 0.00188 
   79   79    1    1    1    1    1    1    1    1  2.85541E+14 0.00125 
   80   80    1    1    1    1    1    1    1    1  2.12419E+14 0.00155 
   81   81    1    1    1    1    1    1    1    1  1.63932E+14 0.00176 
   82   82    1    1    1    1    1    1    1    1  1.25830E+14 0.00184 
   83   83    1    1    1    1    1    1    1    1  1.17509E+14 0.00284 
   84   84    1    1    1    1    1    1    1    1  8.50742E+13 0.00258 
   85   85    1    1    1    1    1    1    1    1  6.09695E+13 0.00255 
   86   86    1    1    1    1    1    1    1    1  5.71938E+13 0.00309 
   87   87    1    1    1    1    1    1    1    1  3.49716E+13 0.00480 
   88   88    1    1    1    1    1    1    1    1  2.35926E+13 0.00418 
   89   89    1    1    1    1    1    1    1    1  1.35173E+13 0.00432 
   90   90    1    1    1    1    1    1    1    1  9.00300E+12 0.00675 
   91   91    1    1    1    1    1    1    1    1  4.45218E+12 0.01379 
   92   92    1    1    1    1    1    1    1    1  2.18289E+12 0.01958 
   93   93    1    1    1    1    1    1    1    1  1.03350E+12 0.03051 
   94   94    1    1    1    1    1    1    1    1  5.14027E+11 0.03704 
   95   95    1    1    1    1    1    1    1    1  2.48774E+11 0.03956 
   96   96    1    1    1    1    1    1    1    1  1.28148E+11 0.08465 
   97   97    1    1    1    1    1    1    1    1  5.80668E+10 0.11165 
   98   98    1    1    1    1    1    1    1    1  3.39179E+10 0.09576 
   99   99    1    1    1    1    1    1    1    1  1.43654E+10 0.19965 
  100  100    1    1    1    1    1    1    1    1  1.21163E+10 0.16447 
];


