
DETdpaspec = [
    1    1    1    1    1    1    1    1    1    1  0.00000E+00 0.00000 
    2    2    1    1    1    1    1    1    1    1  0.00000E+00 0.00000 
    3    3    1    1    1    1    1    1    1    1  0.00000E+00 0.00000 
    4    4    1    1    1    1    1    1    1    1  0.00000E+00 0.00000 
    5    5    1    1    1    1    1    1    1    1  1.79533E+07 1.00000 
    6    6    1    1    1    1    1    1    1    1  0.00000E+00 0.00000 
    7    7    1    1    1    1    1    1    1    1  0.00000E+00 0.00000 
    8    8    1    1    1    1    1    1    1    1  0.00000E+00 0.00000 
    9    9    1    1    1    1    1    1    1    1  0.00000E+00 0.00000 
   10   10    1    1    1    1    1    1    1    1  0.00000E+00 0.00000 
   11   11    1    1    1    1    1    1    1    1  0.00000E+00 0.00000 
   12   12    1    1    1    1    1    1    1    1  0.00000E+00 0.00000 
   13   13    1    1    1    1    1    1    1    1  5.68776E+08 0.54453 
   14   14    1    1    1    1    1    1    1    1  2.79479E+09 0.49292 
   15   15    1    1    1    1    1    1    1    1  2.22802E+09 0.35217 
   16   16    1    1    1    1    1    1    1    1  3.02783E+09 0.45524 
   17   17    1    1    1    1    1    1    1    1  2.42104E+09 0.36932 
   18   18    1    1    1    1    1    1    1    1  5.65954E+09 0.37658 
   19   19    1    1    1    1    1    1    1    1  2.59468E+09 0.29281 
   20   20    1    1    1    1    1    1    1    1  1.32188E+10 0.19361 
   21   21    1    1    1    1    1    1    1    1  1.32119E+10 0.17995 
   22   22    1    1    1    1    1    1    1    1  2.95561E+10 0.14605 
   23   23    1    1    1    1    1    1    1    1  6.36822E+10 0.07056 
   24   24    1    1    1    1    1    1    1    1  1.20256E+11 0.05586 
   25   25    1    1    1    1    1    1    1    1  1.84831E+11 0.05392 
   26   26    1    1    1    1    1    1    1    1  3.69237E+11 0.05222 
   27   27    1    1    1    1    1    1    1    1  8.44446E+11 0.02672 
   28   28    1    1    1    1    1    1    1    1  2.12773E+12 0.01355 
   29   29    1    1    1    1    1    1    1    1  3.85651E+12 0.01086 
   30   30    1    1    1    1    1    1    1    1  9.25002E+12 0.00704 
   31   31    1    1    1    1    1    1    1    1  2.46124E+13 0.00612 
   32   32    1    1    1    1    1    1    1    1  4.06017E+13 0.00456 
   33   33    1    1    1    1    1    1    1    1  9.05088E+13 0.00268 
   34   34    1    1    1    1    1    1    1    1  1.21589E+14 0.00211 
   35   35    1    1    1    1    1    1    1    1  1.40400E+14 0.00180 
   36   36    1    1    1    1    1    1    1    1  9.01896E+13 0.00184 
   37   37    1    1    1    1    1    1    1    1  2.68135E+13 0.00226 
   38   38    1    1    1    1    1    1    1    1  1.51542E+14 0.00170 
   39   39    1    1    1    1    1    1    1    1  2.01607E+14 0.00160 
   40   40    1    1    1    1    1    1    1    1  3.46325E+14 0.00136 
   41   41    1    1    1    1    1    1    1    1  3.38067E+14 0.00103 
   42   42    1    1    1    1    1    1    1    1  7.19236E+14 0.00099 
   43   43    1    1    1    1    1    1    1    1  8.60003E+14 0.00085 
   44   44    1    1    1    1    1    1    1    1  1.22184E+15 0.00095 
   45   45    1    1    1    1    1    1    1    1  2.41577E+15 0.00076 
   46   46    1    1    1    1    1    1    1    1  1.11872E+15 0.00086 
   47   47    1    1    1    1    1    1    1    1  1.76576E+15 0.00083 
   48   48    1    1    1    1    1    1    1    1  2.45325E+15 0.00073 
   49   49    1    1    1    1    1    1    1    1  2.38539E+15 0.00063 
   50   50    1    1    1    1    1    1    1    1  3.74916E+15 0.00044 
   51   51    1    1    1    1    1    1    1    1  2.92530E+15 0.00082 
   52   52    1    1    1    1    1    1    1    1  3.51758E+15 0.00069 
   53   53    1    1    1    1    1    1    1    1  2.43306E+15 0.00064 
   54   54    1    1    1    1    1    1    1    1  3.02184E+15 0.00071 
   55   55    1    1    1    1    1    1    1    1  2.07615E+15 0.00074 
   56   56    1    1    1    1    1    1    1    1  2.81220E+14 0.00104 
   57   57    1    1    1    1    1    1    1    1  4.10597E+15 0.00056 
   58   58    1    1    1    1    1    1    1    1  1.86462E+15 0.00089 
   59   59    1    1    1    1    1    1    1    1  1.97323E+15 0.00068 
   60   60    1    1    1    1    1    1    1    1  1.56014E+15 0.00064 
   61   61    1    1    1    1    1    1    1    1  1.55696E+15 0.00082 
   62   62    1    1    1    1    1    1    1    1  1.61961E+15 0.00066 
   63   63    1    1    1    1    1    1    1    1  1.36513E+15 0.00093 
   64   64    1    1    1    1    1    1    1    1  1.08559E+15 0.00083 
   65   65    1    1    1    1    1    1    1    1  1.07588E+15 0.00115 
   66   66    1    1    1    1    1    1    1    1  7.83263E+14 0.00108 
   67   67    1    1    1    1    1    1    1    1  6.35518E+14 0.00081 
   68   68    1    1    1    1    1    1    1    1  5.67794E+14 0.00083 
   69   69    1    1    1    1    1    1    1    1  6.80073E+14 0.00103 
   70   70    1    1    1    1    1    1    1    1  5.78677E+14 0.00141 
   71   71    1    1    1    1    1    1    1    1  1.03983E+15 0.00086 
   72   72    1    1    1    1    1    1    1    1  7.34399E+14 0.00081 
   73   73    1    1    1    1    1    1    1    1  5.53746E+14 0.00123 
   74   74    1    1    1    1    1    1    1    1  4.50157E+14 0.00139 
   75   75    1    1    1    1    1    1    1    1  3.76578E+14 0.00124 
   76   76    1    1    1    1    1    1    1    1  4.41206E+14 0.00128 
   77   77    1    1    1    1    1    1    1    1  3.52635E+14 0.00130 
   78   78    1    1    1    1    1    1    1    1  2.81528E+14 0.00139 
   79   79    1    1    1    1    1    1    1    1  2.93233E+14 0.00144 
   80   80    1    1    1    1    1    1    1    1  2.17481E+14 0.00182 
   81   81    1    1    1    1    1    1    1    1  1.68346E+14 0.00251 
   82   82    1    1    1    1    1    1    1    1  1.29005E+14 0.00209 
   83   83    1    1    1    1    1    1    1    1  1.20526E+14 0.00266 
   84   84    1    1    1    1    1    1    1    1  8.70449E+13 0.00296 
   85   85    1    1    1    1    1    1    1    1  6.27935E+13 0.00257 
   86   86    1    1    1    1    1    1    1    1  5.87786E+13 0.00259 
   87   87    1    1    1    1    1    1    1    1  3.59794E+13 0.00442 
   88   88    1    1    1    1    1    1    1    1  2.41381E+13 0.00464 
   89   89    1    1    1    1    1    1    1    1  1.38363E+13 0.00674 
   90   90    1    1    1    1    1    1    1    1  9.09785E+12 0.00920 
   91   91    1    1    1    1    1    1    1    1  4.59601E+12 0.01161 
   92   92    1    1    1    1    1    1    1    1  2.22397E+12 0.01684 
   93   93    1    1    1    1    1    1    1    1  1.08288E+12 0.02073 
   94   94    1    1    1    1    1    1    1    1  4.93786E+11 0.02887 
   95   95    1    1    1    1    1    1    1    1  2.37546E+11 0.05202 
   96   96    1    1    1    1    1    1    1    1  1.10953E+11 0.07591 
   97   97    1    1    1    1    1    1    1    1  6.00620E+10 0.11485 
   98   98    1    1    1    1    1    1    1    1  3.08930E+10 0.10397 
   99   99    1    1    1    1    1    1    1    1  1.41454E+10 0.16006 
  100  100    1    1    1    1    1    1    1    1  4.68479E+09 0.30926 
];


