
DETdpaspec = [
    1    1    1    1    1    1    1    1    1    1  0.00000E+00 0.00000 
    2    2    1    1    1    1    1    1    1    1  0.00000E+00 0.00000 
    3    3    1    1    1    1    1    1    1    1  0.00000E+00 0.00000 
    4    4    1    1    1    1    1    1    1    1  1.94151E+07 1.00000 
    5    5    1    1    1    1    1    1    1    1  0.00000E+00 0.00000 
    6    6    1    1    1    1    1    1    1    1  0.00000E+00 0.00000 
    7    7    1    1    1    1    1    1    1    1  0.00000E+00 0.00000 
    8    8    1    1    1    1    1    1    1    1  1.54145E+07 1.00000 
    9    9    1    1    1    1    1    1    1    1  1.70437E+07 1.00000 
   10   10    1    1    1    1    1    1    1    1  4.22620E+07 1.00000 
   11   11    1    1    1    1    1    1    1    1  1.40652E+08 0.54759 
   12   12    1    1    1    1    1    1    1    1  1.19599E+08 0.77418 
   13   13    1    1    1    1    1    1    1    1  1.73658E+09 0.59189 
   14   14    1    1    1    1    1    1    1    1  1.52170E+09 0.44825 
   15   15    1    1    1    1    1    1    1    1  1.62210E+09 0.52485 
   16   16    1    1    1    1    1    1    1    1  9.33100E+08 0.45127 
   17   17    1    1    1    1    1    1    1    1  3.57969E+09 0.22767 
   18   18    1    1    1    1    1    1    1    1  5.49457E+09 0.27284 
   19   19    1    1    1    1    1    1    1    1  8.13293E+09 0.14763 
   20   20    1    1    1    1    1    1    1    1  2.79016E+10 0.12101 
   21   21    1    1    1    1    1    1    1    1  1.61740E+10 0.14407 
   22   22    1    1    1    1    1    1    1    1  4.64009E+10 0.09744 
   23   23    1    1    1    1    1    1    1    1  7.64443E+10 0.09035 
   24   24    1    1    1    1    1    1    1    1  9.59503E+10 0.05879 
   25   25    1    1    1    1    1    1    1    1  1.40566E+11 0.06163 
   26   26    1    1    1    1    1    1    1    1  2.04879E+11 0.04257 
   27   27    1    1    1    1    1    1    1    1  3.75826E+11 0.03271 
   28   28    1    1    1    1    1    1    1    1  7.72003E+11 0.02953 
   29   29    1    1    1    1    1    1    1    1  1.20996E+12 0.01885 
   30   30    1    1    1    1    1    1    1    1  3.53718E+12 0.01393 
   31   31    1    1    1    1    1    1    1    1  1.09425E+13 0.00923 
   32   32    1    1    1    1    1    1    1    1  2.02328E+13 0.00652 
   33   33    1    1    1    1    1    1    1    1  4.66283E+13 0.00411 
   34   34    1    1    1    1    1    1    1    1  6.37496E+13 0.00295 
   35   35    1    1    1    1    1    1    1    1  8.70546E+13 0.00281 
   36   36    1    1    1    1    1    1    1    1  6.07064E+13 0.00262 
   37   37    1    1    1    1    1    1    1    1  1.88041E+13 0.00240 
   38   38    1    1    1    1    1    1    1    1  1.03264E+14 0.00252 
   39   39    1    1    1    1    1    1    1    1  1.38751E+14 0.00218 
   40   40    1    1    1    1    1    1    1    1  2.37372E+14 0.00101 
   41   41    1    1    1    1    1    1    1    1  2.41132E+14 0.00130 
   42   42    1    1    1    1    1    1    1    1  5.04631E+14 0.00092 
   43   43    1    1    1    1    1    1    1    1  6.05601E+14 0.00101 
   44   44    1    1    1    1    1    1    1    1  8.67842E+14 0.00115 
   45   45    1    1    1    1    1    1    1    1  1.71135E+15 0.00107 
   46   46    1    1    1    1    1    1    1    1  8.15775E+14 0.00100 
   47   47    1    1    1    1    1    1    1    1  1.30760E+15 0.00091 
   48   48    1    1    1    1    1    1    1    1  1.82997E+15 0.00104 
   49   49    1    1    1    1    1    1    1    1  1.80246E+15 0.00081 
   50   50    1    1    1    1    1    1    1    1  2.80299E+15 0.00090 
   51   51    1    1    1    1    1    1    1    1  2.24988E+15 0.00076 
   52   52    1    1    1    1    1    1    1    1  2.65157E+15 0.00100 
   53   53    1    1    1    1    1    1    1    1  1.85459E+15 0.00092 
   54   54    1    1    1    1    1    1    1    1  2.25851E+15 0.00082 
   55   55    1    1    1    1    1    1    1    1  1.56360E+15 0.00084 
   56   56    1    1    1    1    1    1    1    1  2.13571E+14 0.00119 
   57   57    1    1    1    1    1    1    1    1  3.10590E+15 0.00095 
   58   58    1    1    1    1    1    1    1    1  1.37167E+15 0.00109 
   59   59    1    1    1    1    1    1    1    1  1.46825E+15 0.00112 
   60   60    1    1    1    1    1    1    1    1  1.13747E+15 0.00124 
   61   61    1    1    1    1    1    1    1    1  1.14281E+15 0.00096 
   62   62    1    1    1    1    1    1    1    1  1.18477E+15 0.00126 
   63   63    1    1    1    1    1    1    1    1  9.95845E+14 0.00108 
   64   64    1    1    1    1    1    1    1    1  7.93319E+14 0.00140 
   65   65    1    1    1    1    1    1    1    1  7.88325E+14 0.00110 
   66   66    1    1    1    1    1    1    1    1  5.73030E+14 0.00131 
   67   67    1    1    1    1    1    1    1    1  4.68465E+14 0.00160 
   68   68    1    1    1    1    1    1    1    1  4.20664E+14 0.00153 
   69   69    1    1    1    1    1    1    1    1  5.05355E+14 0.00176 
   70   70    1    1    1    1    1    1    1    1  4.31413E+14 0.00160 
   71   71    1    1    1    1    1    1    1    1  7.91327E+14 0.00129 
   72   72    1    1    1    1    1    1    1    1  5.62727E+14 0.00152 
   73   73    1    1    1    1    1    1    1    1  4.23651E+14 0.00108 
   74   74    1    1    1    1    1    1    1    1  3.38785E+14 0.00114 
   75   75    1    1    1    1    1    1    1    1  2.79388E+14 0.00186 
   76   76    1    1    1    1    1    1    1    1  3.21030E+14 0.00161 
   77   77    1    1    1    1    1    1    1    1  2.52972E+14 0.00189 
   78   78    1    1    1    1    1    1    1    1  2.00522E+14 0.00196 
   79   79    1    1    1    1    1    1    1    1  2.06138E+14 0.00231 
   80   80    1    1    1    1    1    1    1    1  1.52219E+14 0.00267 
   81   81    1    1    1    1    1    1    1    1  1.17095E+14 0.00169 
   82   82    1    1    1    1    1    1    1    1  9.00396E+13 0.00258 
   83   83    1    1    1    1    1    1    1    1  8.40937E+13 0.00301 
   84   84    1    1    1    1    1    1    1    1  6.01809E+13 0.00395 
   85   85    1    1    1    1    1    1    1    1  4.36656E+13 0.00308 
   86   86    1    1    1    1    1    1    1    1  4.04608E+13 0.00367 
   87   87    1    1    1    1    1    1    1    1  2.51256E+13 0.00475 
   88   88    1    1    1    1    1    1    1    1  1.70814E+13 0.00557 
   89   89    1    1    1    1    1    1    1    1  9.62760E+12 0.01013 
   90   90    1    1    1    1    1    1    1    1  6.41626E+12 0.00745 
   91   91    1    1    1    1    1    1    1    1  3.21008E+12 0.01681 
   92   92    1    1    1    1    1    1    1    1  1.58643E+12 0.01878 
   93   93    1    1    1    1    1    1    1    1  7.59910E+11 0.02601 
   94   94    1    1    1    1    1    1    1    1  3.97565E+11 0.03320 
   95   95    1    1    1    1    1    1    1    1  1.69520E+11 0.03459 
   96   96    1    1    1    1    1    1    1    1  8.71873E+10 0.07323 
   97   97    1    1    1    1    1    1    1    1  3.80149E+10 0.11310 
   98   98    1    1    1    1    1    1    1    1  2.66429E+10 0.15522 
   99   99    1    1    1    1    1    1    1    1  8.61853E+09 0.22454 
  100  100    1    1    1    1    1    1    1    1  1.15315E+10 0.25034 
];


