
DETdpaspec = [
    1    1    1    1    1    1    1    1    1    1  0.00000E+00 0.00000 
    2    2    1    1    1    1    1    1    1    1  0.00000E+00 0.00000 
    3    3    1    1    1    1    1    1    1    1  0.00000E+00 0.00000 
    4    4    1    1    1    1    1    1    1    1  0.00000E+00 0.00000 
    5    5    1    1    1    1    1    1    1    1  0.00000E+00 0.00000 
    6    6    1    1    1    1    1    1    1    1  0.00000E+00 0.00000 
    7    7    1    1    1    1    1    1    1    1  0.00000E+00 0.00000 
    8    8    1    1    1    1    1    1    1    1  0.00000E+00 0.00000 
    9    9    1    1    1    1    1    1    1    1  7.19880E+06 1.00000 
   10   10    1    1    1    1    1    1    1    1  2.57579E+07 1.00000 
   11   11    1    1    1    1    1    1    1    1  5.62455E+07 1.00000 
   12   12    1    1    1    1    1    1    1    1  6.88251E+07 0.88424 
   13   13    1    1    1    1    1    1    1    1  2.97286E+08 0.63746 
   14   14    1    1    1    1    1    1    1    1  5.87459E+08 0.68828 
   15   15    1    1    1    1    1    1    1    1  3.96725E+09 0.38550 
   16   16    1    1    1    1    1    1    1    1  1.83277E+09 0.45114 
   17   17    1    1    1    1    1    1    1    1  2.14327E+09 0.27674 
   18   18    1    1    1    1    1    1    1    1  5.16499E+09 0.26051 
   19   19    1    1    1    1    1    1    1    1  5.23362E+09 0.23010 
   20   20    1    1    1    1    1    1    1    1  1.88820E+10 0.16649 
   21   21    1    1    1    1    1    1    1    1  1.75665E+10 0.09653 
   22   22    1    1    1    1    1    1    1    1  4.36445E+10 0.10835 
   23   23    1    1    1    1    1    1    1    1  5.09894E+10 0.09831 
   24   24    1    1    1    1    1    1    1    1  8.06580E+10 0.06530 
   25   25    1    1    1    1    1    1    1    1  1.29197E+11 0.04538 
   26   26    1    1    1    1    1    1    1    1  2.08765E+11 0.05318 
   27   27    1    1    1    1    1    1    1    1  4.33983E+11 0.03707 
   28   28    1    1    1    1    1    1    1    1  1.02445E+12 0.02300 
   29   29    1    1    1    1    1    1    1    1  1.68259E+12 0.01463 
   30   30    1    1    1    1    1    1    1    1  4.68568E+12 0.00983 
   31   31    1    1    1    1    1    1    1    1  1.40788E+13 0.00738 
   32   32    1    1    1    1    1    1    1    1  2.52535E+13 0.00373 
   33   33    1    1    1    1    1    1    1    1  5.94303E+13 0.00335 
   34   34    1    1    1    1    1    1    1    1  8.20461E+13 0.00253 
   35   35    1    1    1    1    1    1    1    1  1.04559E+14 0.00257 
   36   36    1    1    1    1    1    1    1    1  7.09112E+13 0.00178 
   37   37    1    1    1    1    1    1    1    1  2.15348E+13 0.00168 
   38   38    1    1    1    1    1    1    1    1  1.20549E+14 0.00181 
   39   39    1    1    1    1    1    1    1    1  1.61625E+14 0.00164 
   40   40    1    1    1    1    1    1    1    1  2.78284E+14 0.00157 
   41   41    1    1    1    1    1    1    1    1  2.78342E+14 0.00166 
   42   42    1    1    1    1    1    1    1    1  5.90242E+14 0.00167 
   43   43    1    1    1    1    1    1    1    1  7.10840E+14 0.00116 
   44   44    1    1    1    1    1    1    1    1  1.02160E+15 0.00130 
   45   45    1    1    1    1    1    1    1    1  2.03510E+15 0.00090 
   46   46    1    1    1    1    1    1    1    1  9.60781E+14 0.00109 
   47   47    1    1    1    1    1    1    1    1  1.53313E+15 0.00076 
   48   48    1    1    1    1    1    1    1    1  2.14829E+15 0.00078 
   49   49    1    1    1    1    1    1    1    1  2.10922E+15 0.00087 
   50   50    1    1    1    1    1    1    1    1  3.31086E+15 0.00081 
   51   51    1    1    1    1    1    1    1    1  2.63118E+15 0.00078 
   52   52    1    1    1    1    1    1    1    1  3.14029E+15 0.00086 
   53   53    1    1    1    1    1    1    1    1  2.19055E+15 0.00085 
   54   54    1    1    1    1    1    1    1    1  2.70109E+15 0.00087 
   55   55    1    1    1    1    1    1    1    1  1.86468E+15 0.00094 
   56   56    1    1    1    1    1    1    1    1  2.53267E+14 0.00100 
   57   57    1    1    1    1    1    1    1    1  3.70172E+15 0.00070 
   58   58    1    1    1    1    1    1    1    1  1.66412E+15 0.00095 
   59   59    1    1    1    1    1    1    1    1  1.77340E+15 0.00094 
   60   60    1    1    1    1    1    1    1    1  1.39061E+15 0.00073 
   61   61    1    1    1    1    1    1    1    1  1.39323E+15 0.00088 
   62   62    1    1    1    1    1    1    1    1  1.44889E+15 0.00080 
   63   63    1    1    1    1    1    1    1    1  1.22273E+15 0.00082 
   64   64    1    1    1    1    1    1    1    1  9.73334E+14 0.00118 
   65   65    1    1    1    1    1    1    1    1  9.67423E+14 0.00116 
   66   66    1    1    1    1    1    1    1    1  7.03903E+14 0.00125 
   67   67    1    1    1    1    1    1    1    1  5.74487E+14 0.00132 
   68   68    1    1    1    1    1    1    1    1  5.14070E+14 0.00114 
   69   69    1    1    1    1    1    1    1    1  6.17834E+14 0.00122 
   70   70    1    1    1    1    1    1    1    1  5.25347E+14 0.00110 
   71   71    1    1    1    1    1    1    1    1  9.56741E+14 0.00077 
   72   72    1    1    1    1    1    1    1    1  6.78483E+14 0.00130 
   73   73    1    1    1    1    1    1    1    1  5.12169E+14 0.00116 
   74   74    1    1    1    1    1    1    1    1  4.13578E+14 0.00155 
   75   75    1    1    1    1    1    1    1    1  3.44088E+14 0.00150 
   76   76    1    1    1    1    1    1    1    1  4.00457E+14 0.00165 
   77   77    1    1    1    1    1    1    1    1  3.17657E+14 0.00180 
   78   78    1    1    1    1    1    1    1    1  2.52562E+14 0.00155 
   79   79    1    1    1    1    1    1    1    1  2.61659E+14 0.00172 
   80   80    1    1    1    1    1    1    1    1  1.94640E+14 0.00231 
   81   81    1    1    1    1    1    1    1    1  1.49890E+14 0.00176 
   82   82    1    1    1    1    1    1    1    1  1.15090E+14 0.00280 
   83   83    1    1    1    1    1    1    1    1  1.07370E+14 0.00240 
   84   84    1    1    1    1    1    1    1    1  7.78738E+13 0.00236 
   85   85    1    1    1    1    1    1    1    1  5.59963E+13 0.00186 
   86   86    1    1    1    1    1    1    1    1  5.26275E+13 0.00405 
   87   87    1    1    1    1    1    1    1    1  3.23446E+13 0.00437 
   88   88    1    1    1    1    1    1    1    1  2.16148E+13 0.00604 
   89   89    1    1    1    1    1    1    1    1  1.25165E+13 0.00525 
   90   90    1    1    1    1    1    1    1    1  8.14685E+12 0.00882 
   91   91    1    1    1    1    1    1    1    1  4.21743E+12 0.01008 
   92   92    1    1    1    1    1    1    1    1  1.96318E+12 0.01859 
   93   93    1    1    1    1    1    1    1    1  9.43510E+11 0.02207 
   94   94    1    1    1    1    1    1    1    1  4.83641E+11 0.03172 
   95   95    1    1    1    1    1    1    1    1  2.01301E+11 0.04764 
   96   96    1    1    1    1    1    1    1    1  1.06725E+11 0.08962 
   97   97    1    1    1    1    1    1    1    1  5.28196E+10 0.06751 
   98   98    1    1    1    1    1    1    1    1  1.96851E+10 0.16219 
   99   99    1    1    1    1    1    1    1    1  1.31736E+10 0.25287 
  100  100    1    1    1    1    1    1    1    1  1.14229E+10 0.21465 
];


