
DETdpaspec = [
    1    1    1    1    1    1    1    1    1    1  0.00000E+00 0.00000 
    2    2    1    1    1    1    1    1    1    1  0.00000E+00 0.00000 
    3    3    1    1    1    1    1    1    1    1  0.00000E+00 0.00000 
    4    4    1    1    1    1    1    1    1    1  0.00000E+00 0.00000 
    5    5    1    1    1    1    1    1    1    1  0.00000E+00 0.00000 
    6    6    1    1    1    1    1    1    1    1  0.00000E+00 0.00000 
    7    7    1    1    1    1    1    1    1    1  0.00000E+00 0.00000 
    8    8    1    1    1    1    1    1    1    1  0.00000E+00 0.00000 
    9    9    1    1    1    1    1    1    1    1  0.00000E+00 0.00000 
   10   10    1    1    1    1    1    1    1    1  2.45189E+07 1.00000 
   11   11    1    1    1    1    1    1    1    1  0.00000E+00 0.00000 
   12   12    1    1    1    1    1    1    1    1  9.18899E+07 0.47561 
   13   13    1    1    1    1    1    1    1    1  7.99569E+08 0.56641 
   14   14    1    1    1    1    1    1    1    1  8.71908E+08 0.51901 
   15   15    1    1    1    1    1    1    1    1  2.86102E+09 0.46520 
   16   16    1    1    1    1    1    1    1    1  1.96526E+09 0.41387 
   17   17    1    1    1    1    1    1    1    1  2.22782E+09 0.23441 
   18   18    1    1    1    1    1    1    1    1  6.16415E+09 0.20616 
   19   19    1    1    1    1    1    1    1    1  7.70996E+09 0.14006 
   20   20    1    1    1    1    1    1    1    1  1.70970E+10 0.12101 
   21   21    1    1    1    1    1    1    1    1  1.37882E+10 0.11101 
   22   22    1    1    1    1    1    1    1    1  4.16022E+10 0.09803 
   23   23    1    1    1    1    1    1    1    1  5.78914E+10 0.07912 
   24   24    1    1    1    1    1    1    1    1  1.08230E+11 0.05816 
   25   25    1    1    1    1    1    1    1    1  1.38122E+11 0.05694 
   26   26    1    1    1    1    1    1    1    1  2.00529E+11 0.05795 
   27   27    1    1    1    1    1    1    1    1  3.43390E+11 0.04488 
   28   28    1    1    1    1    1    1    1    1  7.31550E+11 0.02589 
   29   29    1    1    1    1    1    1    1    1  1.10145E+12 0.01663 
   30   30    1    1    1    1    1    1    1    1  3.34094E+12 0.01056 
   31   31    1    1    1    1    1    1    1    1  1.02950E+13 0.00602 
   32   32    1    1    1    1    1    1    1    1  1.90098E+13 0.00539 
   33   33    1    1    1    1    1    1    1    1  4.30738E+13 0.00376 
   34   34    1    1    1    1    1    1    1    1  5.85263E+13 0.00274 
   35   35    1    1    1    1    1    1    1    1  8.11579E+13 0.00291 
   36   36    1    1    1    1    1    1    1    1  5.71614E+13 0.00255 
   37   37    1    1    1    1    1    1    1    1  1.78877E+13 0.00170 
   38   38    1    1    1    1    1    1    1    1  9.76914E+13 0.00215 
   39   39    1    1    1    1    1    1    1    1  1.30646E+14 0.00215 
   40   40    1    1    1    1    1    1    1    1  2.22089E+14 0.00198 
   41   41    1    1    1    1    1    1    1    1  2.27372E+14 0.00161 
   42   42    1    1    1    1    1    1    1    1  4.71108E+14 0.00173 
   43   43    1    1    1    1    1    1    1    1  5.64201E+14 0.00110 
   44   44    1    1    1    1    1    1    1    1  8.05451E+14 0.00096 
   45   45    1    1    1    1    1    1    1    1  1.57626E+15 0.00077 
   46   46    1    1    1    1    1    1    1    1  7.52376E+14 0.00084 
   47   47    1    1    1    1    1    1    1    1  1.20791E+15 0.00091 
   48   48    1    1    1    1    1    1    1    1  1.68914E+15 0.00082 
   49   49    1    1    1    1    1    1    1    1  1.66439E+15 0.00078 
   50   50    1    1    1    1    1    1    1    1  2.57211E+15 0.00095 
   51   51    1    1    1    1    1    1    1    1  2.07018E+15 0.00076 
   52   52    1    1    1    1    1    1    1    1  2.42094E+15 0.00087 
   53   53    1    1    1    1    1    1    1    1  1.69429E+15 0.00073 
   54   54    1    1    1    1    1    1    1    1  2.04973E+15 0.00061 
   55   55    1    1    1    1    1    1    1    1  1.41897E+15 0.00085 
   56   56    1    1    1    1    1    1    1    1  1.94269E+14 0.00106 
   57   57    1    1    1    1    1    1    1    1  2.82207E+15 0.00075 
   58   58    1    1    1    1    1    1    1    1  1.23589E+15 0.00097 
   59   59    1    1    1    1    1    1    1    1  1.32555E+15 0.00100 
   60   60    1    1    1    1    1    1    1    1  1.02038E+15 0.00133 
   61   61    1    1    1    1    1    1    1    1  1.02480E+15 0.00129 
   62   62    1    1    1    1    1    1    1    1  1.06277E+15 0.00092 
   63   63    1    1    1    1    1    1    1    1  8.90706E+14 0.00100 
   64   64    1    1    1    1    1    1    1    1  7.08035E+14 0.00108 
   65   65    1    1    1    1    1    1    1    1  7.03745E+14 0.00080 
   66   66    1    1    1    1    1    1    1    1  5.11408E+14 0.00131 
   67   67    1    1    1    1    1    1    1    1  4.18512E+14 0.00120 
   68   68    1    1    1    1    1    1    1    1  3.76042E+14 0.00156 
   69   69    1    1    1    1    1    1    1    1  4.51308E+14 0.00140 
   70   70    1    1    1    1    1    1    1    1  3.85196E+14 0.00187 
   71   71    1    1    1    1    1    1    1    1  7.10093E+14 0.00139 
   72   72    1    1    1    1    1    1    1    1  5.04983E+14 0.00112 
   73   73    1    1    1    1    1    1    1    1  3.80317E+14 0.00162 
   74   74    1    1    1    1    1    1    1    1  3.02867E+14 0.00173 
   75   75    1    1    1    1    1    1    1    1  2.48774E+14 0.00213 
   76   76    1    1    1    1    1    1    1    1  2.85397E+14 0.00163 
   77   77    1    1    1    1    1    1    1    1  2.23222E+14 0.00115 
   78   78    1    1    1    1    1    1    1    1  1.76378E+14 0.00176 
   79   79    1    1    1    1    1    1    1    1  1.80438E+14 0.00169 
   80   80    1    1    1    1    1    1    1    1  1.33212E+14 0.00189 
   81   81    1    1    1    1    1    1    1    1  1.02815E+14 0.00203 
   82   82    1    1    1    1    1    1    1    1  7.85835E+13 0.00343 
   83   83    1    1    1    1    1    1    1    1  7.31701E+13 0.00218 
   84   84    1    1    1    1    1    1    1    1  5.27327E+13 0.00379 
   85   85    1    1    1    1    1    1    1    1  3.78687E+13 0.00403 
   86   86    1    1    1    1    1    1    1    1  3.56449E+13 0.00488 
   87   87    1    1    1    1    1    1    1    1  2.19305E+13 0.00536 
   88   88    1    1    1    1    1    1    1    1  1.49462E+13 0.00626 
   89   89    1    1    1    1    1    1    1    1  8.44206E+12 0.00882 
   90   90    1    1    1    1    1    1    1    1  5.67095E+12 0.00829 
   91   91    1    1    1    1    1    1    1    1  2.90500E+12 0.01292 
   92   92    1    1    1    1    1    1    1    1  1.41365E+12 0.01652 
   93   93    1    1    1    1    1    1    1    1  6.96197E+11 0.02709 
   94   94    1    1    1    1    1    1    1    1  3.12446E+11 0.04442 
   95   95    1    1    1    1    1    1    1    1  1.47802E+11 0.06568 
   96   96    1    1    1    1    1    1    1    1  7.69807E+10 0.07236 
   97   97    1    1    1    1    1    1    1    1  3.43953E+10 0.14535 
   98   98    1    1    1    1    1    1    1    1  2.26523E+10 0.14460 
   99   99    1    1    1    1    1    1    1    1  1.05004E+10 0.27889 
  100  100    1    1    1    1    1    1    1    1  1.26610E+10 0.18336 
];


