
DETdpaspec = [
    1    1    1    1    1    1    1    1    1    1  0.00000E+00 0.00000 
    2    2    1    1    1    1    1    1    1    1  0.00000E+00 0.00000 
    3    3    1    1    1    1    1    1    1    1  8.17635E+06 1.00000 
    4    4    1    1    1    1    1    1    1    1  0.00000E+00 0.00000 
    5    5    1    1    1    1    1    1    1    1  0.00000E+00 0.00000 
    6    6    1    1    1    1    1    1    1    1  8.28414E+06 1.00000 
    7    7    1    1    1    1    1    1    1    1  1.36147E+07 1.00000 
    8    8    1    1    1    1    1    1    1    1  0.00000E+00 0.00000 
    9    9    1    1    1    1    1    1    1    1  2.41404E+07 0.78054 
   10   10    1    1    1    1    1    1    1    1  0.00000E+00 0.00000 
   11   11    1    1    1    1    1    1    1    1  2.50045E+08 0.71425 
   12   12    1    1    1    1    1    1    1    1  4.34122E+07 0.66832 
   13   13    1    1    1    1    1    1    1    1  5.07024E+08 0.71403 
   14   14    1    1    1    1    1    1    1    1  9.20422E+08 0.52309 
   15   15    1    1    1    1    1    1    1    1  2.79426E+09 0.29588 
   16   16    1    1    1    1    1    1    1    1  1.19167E+09 0.45984 
   17   17    1    1    1    1    1    1    1    1  3.25627E+09 0.18092 
   18   18    1    1    1    1    1    1    1    1  6.66866E+09 0.21039 
   19   19    1    1    1    1    1    1    1    1  7.21282E+09 0.17243 
   20   20    1    1    1    1    1    1    1    1  2.65413E+10 0.15621 
   21   21    1    1    1    1    1    1    1    1  1.97367E+10 0.11189 
   22   22    1    1    1    1    1    1    1    1  4.21033E+10 0.06920 
   23   23    1    1    1    1    1    1    1    1  6.51369E+10 0.05870 
   24   24    1    1    1    1    1    1    1    1  8.96211E+10 0.05464 
   25   25    1    1    1    1    1    1    1    1  1.20486E+11 0.05428 
   26   26    1    1    1    1    1    1    1    1  1.92720E+11 0.04147 
   27   27    1    1    1    1    1    1    1    1  3.68301E+11 0.03728 
   28   28    1    1    1    1    1    1    1    1  8.11029E+11 0.02697 
   29   29    1    1    1    1    1    1    1    1  1.22968E+12 0.02194 
   30   30    1    1    1    1    1    1    1    1  3.68911E+12 0.01031 
   31   31    1    1    1    1    1    1    1    1  1.11550E+13 0.00700 
   32   32    1    1    1    1    1    1    1    1  2.04825E+13 0.00605 
   33   33    1    1    1    1    1    1    1    1  4.78628E+13 0.00379 
   34   34    1    1    1    1    1    1    1    1  6.56311E+13 0.00323 
   35   35    1    1    1    1    1    1    1    1  8.86119E+13 0.00204 
   36   36    1    1    1    1    1    1    1    1  6.16785E+13 0.00216 
   37   37    1    1    1    1    1    1    1    1  1.90324E+13 0.00230 
   38   38    1    1    1    1    1    1    1    1  1.05108E+14 0.00136 
   39   39    1    1    1    1    1    1    1    1  1.40893E+14 0.00181 
   40   40    1    1    1    1    1    1    1    1  2.41386E+14 0.00154 
   41   41    1    1    1    1    1    1    1    1  2.45253E+14 0.00141 
   42   42    1    1    1    1    1    1    1    1  5.15035E+14 0.00150 
   43   43    1    1    1    1    1    1    1    1  6.19641E+14 0.00141 
   44   44    1    1    1    1    1    1    1    1  8.88220E+14 0.00123 
   45   45    1    1    1    1    1    1    1    1  1.75140E+15 0.00095 
   46   46    1    1    1    1    1    1    1    1  8.34415E+14 0.00117 
   47   47    1    1    1    1    1    1    1    1  1.33712E+15 0.00100 
   48   48    1    1    1    1    1    1    1    1  1.87306E+15 0.00091 
   49   49    1    1    1    1    1    1    1    1  1.84543E+15 0.00086 
   50   50    1    1    1    1    1    1    1    1  2.87149E+15 0.00081 
   51   51    1    1    1    1    1    1    1    1  2.29951E+15 0.00083 
   52   52    1    1    1    1    1    1    1    1  2.71766E+15 0.00077 
   53   53    1    1    1    1    1    1    1    1  1.90153E+15 0.00078 
   54   54    1    1    1    1    1    1    1    1  2.31624E+15 0.00079 
   55   55    1    1    1    1    1    1    1    1  1.60166E+15 0.00086 
   56   56    1    1    1    1    1    1    1    1  2.18813E+14 0.00111 
   57   57    1    1    1    1    1    1    1    1  3.18525E+15 0.00101 
   58   58    1    1    1    1    1    1    1    1  1.40866E+15 0.00076 
   59   59    1    1    1    1    1    1    1    1  1.50808E+15 0.00095 
   60   60    1    1    1    1    1    1    1    1  1.17054E+15 0.00106 
   61   61    1    1    1    1    1    1    1    1  1.17434E+15 0.00095 
   62   62    1    1    1    1    1    1    1    1  1.22032E+15 0.00090 
   63   63    1    1    1    1    1    1    1    1  1.02525E+15 0.00091 
   64   64    1    1    1    1    1    1    1    1  8.15558E+14 0.00114 
   65   65    1    1    1    1    1    1    1    1  8.10942E+14 0.00123 
   66   66    1    1    1    1    1    1    1    1  5.89512E+14 0.00129 
   67   67    1    1    1    1    1    1    1    1  4.82492E+14 0.00151 
   68   68    1    1    1    1    1    1    1    1  4.33062E+14 0.00121 
   69   69    1    1    1    1    1    1    1    1  5.19988E+14 0.00114 
   70   70    1    1    1    1    1    1    1    1  4.44056E+14 0.00118 
   71   71    1    1    1    1    1    1    1    1  8.12454E+14 0.00104 
   72   72    1    1    1    1    1    1    1    1  5.79449E+14 0.00165 
   73   73    1    1    1    1    1    1    1    1  4.36199E+14 0.00144 
   74   74    1    1    1    1    1    1    1    1  3.49714E+14 0.00217 
   75   75    1    1    1    1    1    1    1    1  2.88943E+14 0.00167 
   76   76    1    1    1    1    1    1    1    1  3.32899E+14 0.00176 
   77   77    1    1    1    1    1    1    1    1  2.61833E+14 0.00182 
   78   78    1    1    1    1    1    1    1    1  2.07735E+14 0.00176 
   79   79    1    1    1    1    1    1    1    1  2.13239E+14 0.00176 
   80   80    1    1    1    1    1    1    1    1  1.57912E+14 0.00185 
   81   81    1    1    1    1    1    1    1    1  1.21266E+14 0.00252 
   82   82    1    1    1    1    1    1    1    1  9.34316E+13 0.00205 
   83   83    1    1    1    1    1    1    1    1  8.71545E+13 0.00216 
   84   84    1    1    1    1    1    1    1    1  6.24724E+13 0.00253 
   85   85    1    1    1    1    1    1    1    1  4.53835E+13 0.00429 
   86   86    1    1    1    1    1    1    1    1  4.22926E+13 0.00327 
   87   87    1    1    1    1    1    1    1    1  2.61091E+13 0.00444 
   88   88    1    1    1    1    1    1    1    1  1.77585E+13 0.00387 
   89   89    1    1    1    1    1    1    1    1  1.01246E+13 0.00791 
   90   90    1    1    1    1    1    1    1    1  6.64179E+12 0.00839 
   91   91    1    1    1    1    1    1    1    1  3.42949E+12 0.00865 
   92   92    1    1    1    1    1    1    1    1  1.67489E+12 0.01648 
   93   93    1    1    1    1    1    1    1    1  7.84106E+11 0.02125 
   94   94    1    1    1    1    1    1    1    1  3.81839E+11 0.03982 
   95   95    1    1    1    1    1    1    1    1  1.94640E+11 0.05116 
   96   96    1    1    1    1    1    1    1    1  9.75552E+10 0.07258 
   97   97    1    1    1    1    1    1    1    1  4.38108E+10 0.10328 
   98   98    1    1    1    1    1    1    1    1  1.98070E+10 0.17753 
   99   99    1    1    1    1    1    1    1    1  1.07661E+10 0.26749 
  100  100    1    1    1    1    1    1    1    1  1.37578E+10 0.24896 
];


