
DETdpaspec = [
    1    1    1    1    1    1    1    1    1    1  0.00000E+00 0.00000 
    2    2    1    1    1    1    1    1    1    1  0.00000E+00 0.00000 
    3    3    1    1    1    1    1    1    1    1  0.00000E+00 0.00000 
    4    4    1    1    1    1    1    1    1    1  0.00000E+00 0.00000 
    5    5    1    1    1    1    1    1    1    1  0.00000E+00 0.00000 
    6    6    1    1    1    1    1    1    1    1  0.00000E+00 0.00000 
    7    7    1    1    1    1    1    1    1    1  1.59264E+07 1.00000 
    8    8    1    1    1    1    1    1    1    1  0.00000E+00 0.00000 
    9    9    1    1    1    1    1    1    1    1  1.62944E+07 1.00000 
   10   10    1    1    1    1    1    1    1    1  9.65980E+07 1.00000 
   11   11    1    1    1    1    1    1    1    1  5.01871E+08 0.62063 
   12   12    1    1    1    1    1    1    1    1  4.65792E+07 1.00000 
   13   13    1    1    1    1    1    1    1    1  1.90653E+09 0.45215 
   14   14    1    1    1    1    1    1    1    1  2.49549E+09 0.37377 
   15   15    1    1    1    1    1    1    1    1  2.78707E+09 0.66717 
   16   16    1    1    1    1    1    1    1    1  4.18606E+08 0.50687 
   17   17    1    1    1    1    1    1    1    1  2.34477E+09 0.33322 
   18   18    1    1    1    1    1    1    1    1  6.17073E+09 0.30390 
   19   19    1    1    1    1    1    1    1    1  4.13677E+09 0.23972 
   20   20    1    1    1    1    1    1    1    1  1.93924E+10 0.22684 
   21   21    1    1    1    1    1    1    1    1  1.14827E+10 0.17279 
   22   22    1    1    1    1    1    1    1    1  2.56253E+10 0.10018 
   23   23    1    1    1    1    1    1    1    1  4.67460E+10 0.10353 
   24   24    1    1    1    1    1    1    1    1  1.06001E+11 0.06518 
   25   25    1    1    1    1    1    1    1    1  1.42002E+11 0.04195 
   26   26    1    1    1    1    1    1    1    1  2.91507E+11 0.04920 
   27   27    1    1    1    1    1    1    1    1  6.31705E+11 0.03517 
   28   28    1    1    1    1    1    1    1    1  1.52603E+12 0.02033 
   29   29    1    1    1    1    1    1    1    1  2.87224E+12 0.01185 
   30   30    1    1    1    1    1    1    1    1  7.04193E+12 0.00966 
   31   31    1    1    1    1    1    1    1    1  1.98458E+13 0.00701 
   32   32    1    1    1    1    1    1    1    1  3.42393E+13 0.00402 
   33   33    1    1    1    1    1    1    1    1  7.79797E+13 0.00270 
   34   34    1    1    1    1    1    1    1    1  1.06206E+14 0.00225 
   35   35    1    1    1    1    1    1    1    1  1.26546E+14 0.00231 
   36   36    1    1    1    1    1    1    1    1  8.28121E+13 0.00198 
   37   37    1    1    1    1    1    1    1    1  2.48042E+13 0.00214 
   38   38    1    1    1    1    1    1    1    1  1.39735E+14 0.00144 
   39   39    1    1    1    1    1    1    1    1  1.86701E+14 0.00121 
   40   40    1    1    1    1    1    1    1    1  3.21317E+14 0.00125 
   41   41    1    1    1    1    1    1    1    1  3.15640E+14 0.00133 
   42   42    1    1    1    1    1    1    1    1  6.71616E+14 0.00136 
   43   43    1    1    1    1    1    1    1    1  8.06246E+14 0.00099 
   44   44    1    1    1    1    1    1    1    1  1.15210E+15 0.00096 
   45   45    1    1    1    1    1    1    1    1  2.28490E+15 0.00053 
   46   46    1    1    1    1    1    1    1    1  1.06851E+15 0.00065 
   47   47    1    1    1    1    1    1    1    1  1.69168E+15 0.00078 
   48   48    1    1    1    1    1    1    1    1  2.35847E+15 0.00055 
   49   49    1    1    1    1    1    1    1    1  2.30053E+15 0.00061 
   50   50    1    1    1    1    1    1    1    1  3.62231E+15 0.00065 
   51   51    1    1    1    1    1    1    1    1  2.84385E+15 0.00073 
   52   52    1    1    1    1    1    1    1    1  3.41343E+15 0.00053 
   53   53    1    1    1    1    1    1    1    1  2.37134E+15 0.00071 
   54   54    1    1    1    1    1    1    1    1  2.93957E+15 0.00056 
   55   55    1    1    1    1    1    1    1    1  2.02391E+15 0.00072 
   56   56    1    1    1    1    1    1    1    1  2.74665E+14 0.00088 
   57   57    1    1    1    1    1    1    1    1  4.01063E+15 0.00050 
   58   58    1    1    1    1    1    1    1    1  1.81682E+15 0.00059 
   59   59    1    1    1    1    1    1    1    1  1.92566E+15 0.00075 
   60   60    1    1    1    1    1    1    1    1  1.52032E+15 0.00070 
   61   61    1    1    1    1    1    1    1    1  1.52073E+15 0.00076 
   62   62    1    1    1    1    1    1    1    1  1.58102E+15 0.00076 
   63   63    1    1    1    1    1    1    1    1  1.33536E+15 0.00087 
   64   64    1    1    1    1    1    1    1    1  1.06096E+15 0.00073 
   65   65    1    1    1    1    1    1    1    1  1.05463E+15 0.00107 
   66   66    1    1    1    1    1    1    1    1  7.68166E+14 0.00093 
   67   67    1    1    1    1    1    1    1    1  6.23465E+14 0.00097 
   68   68    1    1    1    1    1    1    1    1  5.56916E+14 0.00107 
   69   69    1    1    1    1    1    1    1    1  6.68238E+14 0.00086 
   70   70    1    1    1    1    1    1    1    1  5.69152E+14 0.00102 
   71   71    1    1    1    1    1    1    1    1  1.02638E+15 0.00094 
   72   72    1    1    1    1    1    1    1    1  7.24300E+14 0.00094 
   73   73    1    1    1    1    1    1    1    1  5.49029E+14 0.00128 
   74   74    1    1    1    1    1    1    1    1  4.44987E+14 0.00093 
   75   75    1    1    1    1    1    1    1    1  3.72475E+14 0.00106 
   76   76    1    1    1    1    1    1    1    1  4.34644E+14 0.00128 
   77   77    1    1    1    1    1    1    1    1  3.46486E+14 0.00113 
   78   78    1    1    1    1    1    1    1    1  2.77619E+14 0.00233 
   79   79    1    1    1    1    1    1    1    1  2.87412E+14 0.00141 
   80   80    1    1    1    1    1    1    1    1  2.14008E+14 0.00190 
   81   81    1    1    1    1    1    1    1    1  1.64816E+14 0.00197 
   82   82    1    1    1    1    1    1    1    1  1.26876E+14 0.00268 
   83   83    1    1    1    1    1    1    1    1  1.18658E+14 0.00222 
   84   84    1    1    1    1    1    1    1    1  8.55116E+13 0.00253 
   85   85    1    1    1    1    1    1    1    1  6.22187E+13 0.00361 
   86   86    1    1    1    1    1    1    1    1  5.78362E+13 0.00349 
   87   87    1    1    1    1    1    1    1    1  3.55525E+13 0.00482 
   88   88    1    1    1    1    1    1    1    1  2.37714E+13 0.00471 
   89   89    1    1    1    1    1    1    1    1  1.35035E+13 0.00569 
   90   90    1    1    1    1    1    1    1    1  9.01015E+12 0.00789 
   91   91    1    1    1    1    1    1    1    1  4.55969E+12 0.00839 
   92   92    1    1    1    1    1    1    1    1  2.19837E+12 0.01286 
   93   93    1    1    1    1    1    1    1    1  1.04616E+12 0.02373 
   94   94    1    1    1    1    1    1    1    1  5.00132E+11 0.02821 
   95   95    1    1    1    1    1    1    1    1  2.45993E+11 0.04336 
   96   96    1    1    1    1    1    1    1    1  1.22364E+11 0.05604 
   97   97    1    1    1    1    1    1    1    1  5.98127E+10 0.10131 
   98   98    1    1    1    1    1    1    1    1  2.65802E+10 0.11298 
   99   99    1    1    1    1    1    1    1    1  1.22344E+10 0.18250 
  100  100    1    1    1    1    1    1    1    1  1.03123E+10 0.24911 
];


