
DETdpaspec = [
    1    1    1    1    1    1    1    1    1    1  0.00000E+00 0.00000 
    2    2    1    1    1    1    1    1    1    1  0.00000E+00 0.00000 
    3    3    1    1    1    1    1    1    1    1  0.00000E+00 0.00000 
    4    4    1    1    1    1    1    1    1    1  0.00000E+00 0.00000 
    5    5    1    1    1    1    1    1    1    1  0.00000E+00 0.00000 
    6    6    1    1    1    1    1    1    1    1  0.00000E+00 0.00000 
    7    7    1    1    1    1    1    1    1    1  2.98466E+07 0.68857 
    8    8    1    1    1    1    1    1    1    1  0.00000E+00 0.00000 
    9    9    1    1    1    1    1    1    1    1  0.00000E+00 0.00000 
   10   10    1    1    1    1    1    1    1    1  0.00000E+00 0.00000 
   11   11    1    1    1    1    1    1    1    1  5.32582E+07 1.00000 
   12   12    1    1    1    1    1    1    1    1  4.24756E+07 0.64000 
   13   13    1    1    1    1    1    1    1    1  1.78633E+09 0.49702 
   14   14    1    1    1    1    1    1    1    1  2.04049E+09 0.42123 
   15   15    1    1    1    1    1    1    1    1  2.61935E+09 0.33587 
   16   16    1    1    1    1    1    1    1    1  9.53424E+08 0.29863 
   17   17    1    1    1    1    1    1    1    1  1.38161E+09 0.34707 
   18   18    1    1    1    1    1    1    1    1  3.86234E+09 0.24784 
   19   19    1    1    1    1    1    1    1    1  6.39155E+09 0.18752 
   20   20    1    1    1    1    1    1    1    1  2.25107E+10 0.15592 
   21   21    1    1    1    1    1    1    1    1  1.61413E+10 0.14790 
   22   22    1    1    1    1    1    1    1    1  4.03981E+10 0.08575 
   23   23    1    1    1    1    1    1    1    1  5.79916E+10 0.08527 
   24   24    1    1    1    1    1    1    1    1  9.40004E+10 0.09078 
   25   25    1    1    1    1    1    1    1    1  1.12063E+11 0.06706 
   26   26    1    1    1    1    1    1    1    1  2.08688E+11 0.04255 
   27   27    1    1    1    1    1    1    1    1  3.83970E+11 0.04262 
   28   28    1    1    1    1    1    1    1    1  8.66714E+11 0.02974 
   29   29    1    1    1    1    1    1    1    1  1.42453E+12 0.01410 
   30   30    1    1    1    1    1    1    1    1  4.04555E+12 0.01057 
   31   31    1    1    1    1    1    1    1    1  1.21372E+13 0.00644 
   32   32    1    1    1    1    1    1    1    1  2.21825E+13 0.00464 
   33   33    1    1    1    1    1    1    1    1  5.18604E+13 0.00352 
   34   34    1    1    1    1    1    1    1    1  7.17639E+13 0.00246 
   35   35    1    1    1    1    1    1    1    1  9.48544E+13 0.00178 
   36   36    1    1    1    1    1    1    1    1  6.52818E+13 0.00236 
   37   37    1    1    1    1    1    1    1    1  2.00878E+13 0.00218 
   38   38    1    1    1    1    1    1    1    1  1.11307E+14 0.00192 
   39   39    1    1    1    1    1    1    1    1  1.49478E+14 0.00162 
   40   40    1    1    1    1    1    1    1    1  2.57450E+14 0.00158 
   41   41    1    1    1    1    1    1    1    1  2.59612E+14 0.00144 
   42   42    1    1    1    1    1    1    1    1  5.47810E+14 0.00109 
   43   43    1    1    1    1    1    1    1    1  6.58705E+14 0.00137 
   44   44    1    1    1    1    1    1    1    1  9.47076E+14 0.00112 
   45   45    1    1    1    1    1    1    1    1  1.88137E+15 0.00080 
   46   46    1    1    1    1    1    1    1    1  8.93312E+14 0.00095 
   47   47    1    1    1    1    1    1    1    1  1.42890E+15 0.00111 
   48   48    1    1    1    1    1    1    1    1  2.00265E+15 0.00105 
   49   49    1    1    1    1    1    1    1    1  1.97123E+15 0.00098 
   50   50    1    1    1    1    1    1    1    1  3.08532E+15 0.00084 
   51   51    1    1    1    1    1    1    1    1  2.46600E+15 0.00095 
   52   52    1    1    1    1    1    1    1    1  2.92789E+15 0.00077 
   53   53    1    1    1    1    1    1    1    1  2.04510E+15 0.00095 
   54   54    1    1    1    1    1    1    1    1  2.50791E+15 0.00089 
   55   55    1    1    1    1    1    1    1    1  1.73279E+15 0.00096 
   56   56    1    1    1    1    1    1    1    1  2.36399E+14 0.00091 
   57   57    1    1    1    1    1    1    1    1  3.45192E+15 0.00097 
   58   58    1    1    1    1    1    1    1    1  1.53731E+15 0.00115 
   59   59    1    1    1    1    1    1    1    1  1.64237E+15 0.00102 
   60   60    1    1    1    1    1    1    1    1  1.28160E+15 0.00101 
   61   61    1    1    1    1    1    1    1    1  1.28398E+15 0.00116 
   62   62    1    1    1    1    1    1    1    1  1.33556E+15 0.00114 
   63   63    1    1    1    1    1    1    1    1  1.12331E+15 0.00101 
   64   64    1    1    1    1    1    1    1    1  8.94869E+14 0.00105 
   65   65    1    1    1    1    1    1    1    1  8.89140E+14 0.00130 
   66   66    1    1    1    1    1    1    1    1  6.47960E+14 0.00096 
   67   67    1    1    1    1    1    1    1    1  5.28443E+14 0.00092 
   68   68    1    1    1    1    1    1    1    1  4.74342E+14 0.00123 
   69   69    1    1    1    1    1    1    1    1  5.69302E+14 0.00120 
   70   70    1    1    1    1    1    1    1    1  4.85494E+14 0.00136 
   71   71    1    1    1    1    1    1    1    1  8.85851E+14 0.00101 
   72   72    1    1    1    1    1    1    1    1  6.30301E+14 0.00126 
   73   73    1    1    1    1    1    1    1    1  4.75238E+14 0.00191 
   74   74    1    1    1    1    1    1    1    1  3.82322E+14 0.00149 
   75   75    1    1    1    1    1    1    1    1  3.17132E+14 0.00143 
   76   76    1    1    1    1    1    1    1    1  3.67300E+14 0.00149 
   77   77    1    1    1    1    1    1    1    1  2.89609E+14 0.00168 
   78   78    1    1    1    1    1    1    1    1  2.29672E+14 0.00172 
   79   79    1    1    1    1    1    1    1    1  2.37499E+14 0.00222 
   80   80    1    1    1    1    1    1    1    1  1.76405E+14 0.00214 
   81   81    1    1    1    1    1    1    1    1  1.35797E+14 0.00236 
   82   82    1    1    1    1    1    1    1    1  1.04365E+14 0.00203 
   83   83    1    1    1    1    1    1    1    1  9.75159E+13 0.00244 
   84   84    1    1    1    1    1    1    1    1  7.00089E+13 0.00387 
   85   85    1    1    1    1    1    1    1    1  5.10686E+13 0.00385 
   86   86    1    1    1    1    1    1    1    1  4.75583E+13 0.00240 
   87   87    1    1    1    1    1    1    1    1  2.92861E+13 0.00373 
   88   88    1    1    1    1    1    1    1    1  1.96878E+13 0.00648 
   89   89    1    1    1    1    1    1    1    1  1.12011E+13 0.00526 
   90   90    1    1    1    1    1    1    1    1  7.53841E+12 0.01122 
   91   91    1    1    1    1    1    1    1    1  3.70286E+12 0.00939 
   92   92    1    1    1    1    1    1    1    1  1.83882E+12 0.01519 
   93   93    1    1    1    1    1    1    1    1  8.77707E+11 0.01813 
   94   94    1    1    1    1    1    1    1    1  4.29946E+11 0.03249 
   95   95    1    1    1    1    1    1    1    1  2.04660E+11 0.04255 
   96   96    1    1    1    1    1    1    1    1  9.83574E+10 0.06572 
   97   97    1    1    1    1    1    1    1    1  4.21465E+10 0.14114 
   98   98    1    1    1    1    1    1    1    1  1.75473E+10 0.15650 
   99   99    1    1    1    1    1    1    1    1  1.48583E+10 0.17258 
  100  100    1    1    1    1    1    1    1    1  7.80805E+09 0.21204 
];


