
DETdpaspec = [
    1    1    1    1    1    1    1    1    1    1  0.00000E+00 0.00000 
    2    2    1    1    1    1    1    1    1    1  0.00000E+00 0.00000 
    3    3    1    1    1    1    1    1    1    1  0.00000E+00 0.00000 
    4    4    1    1    1    1    1    1    1    1  0.00000E+00 0.00000 
    5    5    1    1    1    1    1    1    1    1  0.00000E+00 0.00000 
    6    6    1    1    1    1    1    1    1    1  0.00000E+00 0.00000 
    7    7    1    1    1    1    1    1    1    1  1.31452E+07 1.00000 
    8    8    1    1    1    1    1    1    1    1  0.00000E+00 0.00000 
    9    9    1    1    1    1    1    1    1    1  1.78474E+07 1.00000 
   10   10    1    1    1    1    1    1    1    1  1.29364E+08 0.72701 
   11   11    1    1    1    1    1    1    1    1  8.44054E+07 0.69012 
   12   12    1    1    1    1    1    1    1    1  1.35296E+06 1.00000 
   13   13    1    1    1    1    1    1    1    1  1.74669E+09 0.36226 
   14   14    1    1    1    1    1    1    1    1  3.09759E+09 0.38573 
   15   15    1    1    1    1    1    1    1    1  1.53589E+09 0.52444 
   16   16    1    1    1    1    1    1    1    1  1.13715E+09 0.55125 
   17   17    1    1    1    1    1    1    1    1  1.74175E+09 0.25361 
   18   18    1    1    1    1    1    1    1    1  4.32231E+09 0.20821 
   19   19    1    1    1    1    1    1    1    1  2.97717E+09 0.18186 
   20   20    1    1    1    1    1    1    1    1  2.58319E+10 0.15099 
   21   21    1    1    1    1    1    1    1    1  1.89711E+10 0.10349 
   22   22    1    1    1    1    1    1    1    1  4.42234E+10 0.08568 
   23   23    1    1    1    1    1    1    1    1  6.51139E+10 0.06905 
   24   24    1    1    1    1    1    1    1    1  1.05355E+11 0.06980 
   25   25    1    1    1    1    1    1    1    1  1.35440E+11 0.04926 
   26   26    1    1    1    1    1    1    1    1  2.06393E+11 0.05465 
   27   27    1    1    1    1    1    1    1    1  3.78980E+11 0.03792 
   28   28    1    1    1    1    1    1    1    1  7.40727E+11 0.03116 
   29   29    1    1    1    1    1    1    1    1  1.14588E+12 0.01835 
   30   30    1    1    1    1    1    1    1    1  3.32163E+12 0.01124 
   31   31    1    1    1    1    1    1    1    1  1.02617E+13 0.00818 
   32   32    1    1    1    1    1    1    1    1  1.89875E+13 0.00556 
   33   33    1    1    1    1    1    1    1    1  4.34839E+13 0.00326 
   34   34    1    1    1    1    1    1    1    1  5.87085E+13 0.00306 
   35   35    1    1    1    1    1    1    1    1  8.16372E+13 0.00280 
   36   36    1    1    1    1    1    1    1    1  5.74190E+13 0.00234 
   37   37    1    1    1    1    1    1    1    1  1.79677E+13 0.00191 
   38   38    1    1    1    1    1    1    1    1  9.78832E+13 0.00159 
   39   39    1    1    1    1    1    1    1    1  1.31031E+14 0.00258 
   40   40    1    1    1    1    1    1    1    1  2.22990E+14 0.00207 
   41   41    1    1    1    1    1    1    1    1  2.27781E+14 0.00125 
   42   42    1    1    1    1    1    1    1    1  4.73685E+14 0.00152 
   43   43    1    1    1    1    1    1    1    1  5.67375E+14 0.00118 
   44   44    1    1    1    1    1    1    1    1  8.11599E+14 0.00105 
   45   45    1    1    1    1    1    1    1    1  1.58635E+15 0.00101 
   46   46    1    1    1    1    1    1    1    1  7.56700E+14 0.00121 
   47   47    1    1    1    1    1    1    1    1  1.21548E+15 0.00091 
   48   48    1    1    1    1    1    1    1    1  1.69729E+15 0.00094 
   49   49    1    1    1    1    1    1    1    1  1.67314E+15 0.00100 
   50   50    1    1    1    1    1    1    1    1  2.58887E+15 0.00120 
   51   51    1    1    1    1    1    1    1    1  2.08330E+15 0.00084 
   52   52    1    1    1    1    1    1    1    1  2.43892E+15 0.00094 
   53   53    1    1    1    1    1    1    1    1  1.70514E+15 0.00123 
   54   54    1    1    1    1    1    1    1    1  2.06343E+15 0.00117 
   55   55    1    1    1    1    1    1    1    1  1.42850E+15 0.00111 
   56   56    1    1    1    1    1    1    1    1  1.95805E+14 0.00116 
   57   57    1    1    1    1    1    1    1    1  2.84016E+15 0.00098 
   58   58    1    1    1    1    1    1    1    1  1.24405E+15 0.00131 
   59   59    1    1    1    1    1    1    1    1  1.33318E+15 0.00137 
   60   60    1    1    1    1    1    1    1    1  1.02711E+15 0.00113 
   61   61    1    1    1    1    1    1    1    1  1.03229E+15 0.00134 
   62   62    1    1    1    1    1    1    1    1  1.06946E+15 0.00120 
   63   63    1    1    1    1    1    1    1    1  8.97413E+14 0.00115 
   64   64    1    1    1    1    1    1    1    1  7.14272E+14 0.00118 
   65   65    1    1    1    1    1    1    1    1  7.08231E+14 0.00109 
   66   66    1    1    1    1    1    1    1    1  5.14914E+14 0.00146 
   67   67    1    1    1    1    1    1    1    1  4.21542E+14 0.00137 
   68   68    1    1    1    1    1    1    1    1  3.78840E+14 0.00162 
   69   69    1    1    1    1    1    1    1    1  4.55069E+14 0.00142 
   70   70    1    1    1    1    1    1    1    1  3.89414E+14 0.00178 
   71   71    1    1    1    1    1    1    1    1  7.15976E+14 0.00178 
   72   72    1    1    1    1    1    1    1    1  5.09042E+14 0.00222 
   73   73    1    1    1    1    1    1    1    1  3.82892E+14 0.00125 
   74   74    1    1    1    1    1    1    1    1  3.05774E+14 0.00163 
   75   75    1    1    1    1    1    1    1    1  2.51182E+14 0.00223 
   76   76    1    1    1    1    1    1    1    1  2.87355E+14 0.00193 
   77   77    1    1    1    1    1    1    1    1  2.25442E+14 0.00178 
   78   78    1    1    1    1    1    1    1    1  1.78268E+14 0.00256 
   79   79    1    1    1    1    1    1    1    1  1.82422E+14 0.00242 
   80   80    1    1    1    1    1    1    1    1  1.34472E+14 0.00251 
   81   81    1    1    1    1    1    1    1    1  1.03260E+14 0.00249 
   82   82    1    1    1    1    1    1    1    1  7.95411E+13 0.00227 
   83   83    1    1    1    1    1    1    1    1  7.43522E+13 0.00227 
   84   84    1    1    1    1    1    1    1    1  5.32684E+13 0.00285 
   85   85    1    1    1    1    1    1    1    1  3.84304E+13 0.00262 
   86   86    1    1    1    1    1    1    1    1  3.60410E+13 0.00471 
   87   87    1    1    1    1    1    1    1    1  2.21361E+13 0.00501 
   88   88    1    1    1    1    1    1    1    1  1.48168E+13 0.00728 
   89   89    1    1    1    1    1    1    1    1  8.52103E+12 0.00812 
   90   90    1    1    1    1    1    1    1    1  5.81180E+12 0.00968 
   91   91    1    1    1    1    1    1    1    1  2.93546E+12 0.01703 
   92   92    1    1    1    1    1    1    1    1  1.39788E+12 0.01810 
   93   93    1    1    1    1    1    1    1    1  6.89280E+11 0.03312 
   94   94    1    1    1    1    1    1    1    1  3.63717E+11 0.03371 
   95   95    1    1    1    1    1    1    1    1  1.44659E+11 0.06865 
   96   96    1    1    1    1    1    1    1    1  7.28101E+10 0.06741 
   97   97    1    1    1    1    1    1    1    1  2.91224E+10 0.11224 
   98   98    1    1    1    1    1    1    1    1  1.14818E+10 0.24682 
   99   99    1    1    1    1    1    1    1    1  9.08701E+09 0.17511 
  100  100    1    1    1    1    1    1    1    1  7.89413E+09 0.24667 
];


