
DETdpaspec = [
    1    1    1    1    1    1    1    1    1    1  0.00000E+00 0.00000 
    2    2    1    1    1    1    1    1    1    1  0.00000E+00 0.00000 
    3    3    1    1    1    1    1    1    1    1  0.00000E+00 0.00000 
    4    4    1    1    1    1    1    1    1    1  2.00597E+07 1.00000 
    5    5    1    1    1    1    1    1    1    1  0.00000E+00 0.00000 
    6    6    1    1    1    1    1    1    1    1  0.00000E+00 0.00000 
    7    7    1    1    1    1    1    1    1    1  0.00000E+00 0.00000 
    8    8    1    1    1    1    1    1    1    1  1.95906E+07 1.00000 
    9    9    1    1    1    1    1    1    1    1  0.00000E+00 0.00000 
   10   10    1    1    1    1    1    1    1    1  0.00000E+00 0.00000 
   11   11    1    1    1    1    1    1    1    1  9.92050E+08 0.55876 
   12   12    1    1    1    1    1    1    1    1  0.00000E+00 0.00000 
   13   13    1    1    1    1    1    1    1    1  6.96459E+07 1.00000 
   14   14    1    1    1    1    1    1    1    1  2.01615E+08 0.68825 
   15   15    1    1    1    1    1    1    1    1  1.82458E+09 0.56676 
   16   16    1    1    1    1    1    1    1    1  1.69115E+08 1.00000 
   17   17    1    1    1    1    1    1    1    1  2.00783E+09 0.36012 
   18   18    1    1    1    1    1    1    1    1  3.69309E+09 0.24939 
   19   19    1    1    1    1    1    1    1    1  6.55491E+09 0.23496 
   20   20    1    1    1    1    1    1    1    1  1.81584E+10 0.18347 
   21   21    1    1    1    1    1    1    1    1  1.07044E+10 0.19627 
   22   22    1    1    1    1    1    1    1    1  2.41864E+10 0.12028 
   23   23    1    1    1    1    1    1    1    1  5.64201E+10 0.07163 
   24   24    1    1    1    1    1    1    1    1  1.24508E+11 0.08231 
   25   25    1    1    1    1    1    1    1    1  2.03132E+11 0.05633 
   26   26    1    1    1    1    1    1    1    1  4.17398E+11 0.03859 
   27   27    1    1    1    1    1    1    1    1  1.00523E+12 0.02910 
   28   28    1    1    1    1    1    1    1    1  2.44984E+12 0.01133 
   29   29    1    1    1    1    1    1    1    1  4.35806E+12 0.00819 
   30   30    1    1    1    1    1    1    1    1  1.00840E+13 0.00801 
   31   31    1    1    1    1    1    1    1    1  2.60394E+13 0.00473 
   32   32    1    1    1    1    1    1    1    1  4.29690E+13 0.00401 
   33   33    1    1    1    1    1    1    1    1  9.44969E+13 0.00309 
   34   34    1    1    1    1    1    1    1    1  1.26191E+14 0.00222 
   35   35    1    1    1    1    1    1    1    1  1.44385E+14 0.00195 
   36   36    1    1    1    1    1    1    1    1  9.22291E+13 0.00185 
   37   37    1    1    1    1    1    1    1    1  2.74061E+13 0.00193 
   38   38    1    1    1    1    1    1    1    1  1.54845E+14 0.00209 
   39   39    1    1    1    1    1    1    1    1  2.06111E+14 0.00180 
   40   40    1    1    1    1    1    1    1    1  3.53221E+14 0.00149 
   41   41    1    1    1    1    1    1    1    1  3.43813E+14 0.00122 
   42   42    1    1    1    1    1    1    1    1  7.31732E+14 0.00092 
   43   43    1    1    1    1    1    1    1    1  8.73862E+14 0.00103 
   44   44    1    1    1    1    1    1    1    1  1.24235E+15 0.00078 
   45   45    1    1    1    1    1    1    1    1  2.45122E+15 0.00076 
   46   46    1    1    1    1    1    1    1    1  1.13198E+15 0.00085 
   47   47    1    1    1    1    1    1    1    1  1.78458E+15 0.00064 
   48   48    1    1    1    1    1    1    1    1  2.47808E+15 0.00075 
   49   49    1    1    1    1    1    1    1    1  2.40704E+15 0.00056 
   50   50    1    1    1    1    1    1    1    1  3.78128E+15 0.00049 
   51   51    1    1    1    1    1    1    1    1  2.94755E+15 0.00050 
   52   52    1    1    1    1    1    1    1    1  3.54103E+15 0.00065 
   53   53    1    1    1    1    1    1    1    1  2.44656E+15 0.00049 
   54   54    1    1    1    1    1    1    1    1  3.03720E+15 0.00073 
   55   55    1    1    1    1    1    1    1    1  2.08549E+15 0.00073 
   56   56    1    1    1    1    1    1    1    1  2.82556E+14 0.00110 
   57   57    1    1    1    1    1    1    1    1  4.12298E+15 0.00056 
   58   58    1    1    1    1    1    1    1    1  1.87251E+15 0.00066 
   59   59    1    1    1    1    1    1    1    1  1.97990E+15 0.00067 
   60   60    1    1    1    1    1    1    1    1  1.56555E+15 0.00059 
   61   61    1    1    1    1    1    1    1    1  1.56251E+15 0.00062 
   62   62    1    1    1    1    1    1    1    1  1.62360E+15 0.00077 
   63   63    1    1    1    1    1    1    1    1  1.37015E+15 0.00057 
   64   64    1    1    1    1    1    1    1    1  1.08786E+15 0.00068 
   65   65    1    1    1    1    1    1    1    1  1.08032E+15 0.00074 
   66   66    1    1    1    1    1    1    1    1  7.84158E+14 0.00082 
   67   67    1    1    1    1    1    1    1    1  6.35875E+14 0.00094 
   68   68    1    1    1    1    1    1    1    1  5.67349E+14 0.00079 
   69   69    1    1    1    1    1    1    1    1  6.80658E+14 0.00102 
   70   70    1    1    1    1    1    1    1    1  5.77951E+14 0.00097 
   71   71    1    1    1    1    1    1    1    1  1.03901E+15 0.00077 
   72   72    1    1    1    1    1    1    1    1  7.34101E+14 0.00122 
   73   73    1    1    1    1    1    1    1    1  5.54941E+14 0.00103 
   74   74    1    1    1    1    1    1    1    1  4.50294E+14 0.00151 
   75   75    1    1    1    1    1    1    1    1  3.76370E+14 0.00126 
   76   76    1    1    1    1    1    1    1    1  4.41929E+14 0.00117 
   77   77    1    1    1    1    1    1    1    1  3.52208E+14 0.00113 
   78   78    1    1    1    1    1    1    1    1  2.82755E+14 0.00144 
   79   79    1    1    1    1    1    1    1    1  2.93025E+14 0.00118 
   80   80    1    1    1    1    1    1    1    1  2.18617E+14 0.00142 
   81   81    1    1    1    1    1    1    1    1  1.68441E+14 0.00174 
   82   82    1    1    1    1    1    1    1    1  1.29600E+14 0.00187 
   83   83    1    1    1    1    1    1    1    1  1.20883E+14 0.00242 
   84   84    1    1    1    1    1    1    1    1  8.72221E+13 0.00270 
   85   85    1    1    1    1    1    1    1    1  6.33255E+13 0.00145 
   86   86    1    1    1    1    1    1    1    1  5.86364E+13 0.00334 
   87   87    1    1    1    1    1    1    1    1  3.59055E+13 0.00387 
   88   88    1    1    1    1    1    1    1    1  2.42912E+13 0.00508 
   89   89    1    1    1    1    1    1    1    1  1.40404E+13 0.00623 
   90   90    1    1    1    1    1    1    1    1  9.12128E+12 0.00667 
   91   91    1    1    1    1    1    1    1    1  4.54461E+12 0.01177 
   92   92    1    1    1    1    1    1    1    1  2.20045E+12 0.01144 
   93   93    1    1    1    1    1    1    1    1  1.05837E+12 0.01697 
   94   94    1    1    1    1    1    1    1    1  5.01734E+11 0.03276 
   95   95    1    1    1    1    1    1    1    1  2.28935E+11 0.03813 
   96   96    1    1    1    1    1    1    1    1  1.14305E+11 0.05410 
   97   97    1    1    1    1    1    1    1    1  5.28744E+10 0.08435 
   98   98    1    1    1    1    1    1    1    1  2.10059E+10 0.14736 
   99   99    1    1    1    1    1    1    1    1  1.13514E+10 0.19603 
  100  100    1    1    1    1    1    1    1    1  1.13868E+10 0.18403 
];


