
DETdpaspec = [
    1    1    1    1    1    1    1    1    1    1  0.00000E+00 0.00000 
    2    2    1    1    1    1    1    1    1    1  0.00000E+00 0.00000 
    3    3    1    1    1    1    1    1    1    1  0.00000E+00 0.00000 
    4    4    1    1    1    1    1    1    1    1  0.00000E+00 0.00000 
    5    5    1    1    1    1    1    1    1    1  0.00000E+00 0.00000 
    6    6    1    1    1    1    1    1    1    1  9.83376E+06 1.00000 
    7    7    1    1    1    1    1    1    1    1  0.00000E+00 0.00000 
    8    8    1    1    1    1    1    1    1    1  1.20324E+07 1.00000 
    9    9    1    1    1    1    1    1    1    1  6.46469E+06 1.00000 
   10   10    1    1    1    1    1    1    1    1  1.94787E+07 1.00000 
   11   11    1    1    1    1    1    1    1    1  1.00872E+08 1.00000 
   12   12    1    1    1    1    1    1    1    1  7.18229E+07 1.00000 
   13   13    1    1    1    1    1    1    1    1  1.15790E+09 0.46692 
   14   14    1    1    1    1    1    1    1    1  2.10270E+09 0.41283 
   15   15    1    1    1    1    1    1    1    1  5.25766E+09 0.25060 
   16   16    1    1    1    1    1    1    1    1  1.59471E+09 0.37583 
   17   17    1    1    1    1    1    1    1    1  1.75192E+09 0.18583 
   18   18    1    1    1    1    1    1    1    1  3.75627E+09 0.23910 
   19   19    1    1    1    1    1    1    1    1  4.75756E+09 0.22340 
   20   20    1    1    1    1    1    1    1    1  2.06542E+10 0.14169 
   21   21    1    1    1    1    1    1    1    1  1.64665E+10 0.11158 
   22   22    1    1    1    1    1    1    1    1  4.15013E+10 0.09380 
   23   23    1    1    1    1    1    1    1    1  6.79815E+10 0.06207 
   24   24    1    1    1    1    1    1    1    1  1.01126E+11 0.05222 
   25   25    1    1    1    1    1    1    1    1  1.25924E+11 0.05384 
   26   26    1    1    1    1    1    1    1    1  1.90105E+11 0.03636 
   27   27    1    1    1    1    1    1    1    1  3.75944E+11 0.02580 
   28   28    1    1    1    1    1    1    1    1  8.03304E+11 0.02374 
   29   29    1    1    1    1    1    1    1    1  1.24964E+12 0.01799 
   30   30    1    1    1    1    1    1    1    1  3.68609E+12 0.01297 
   31   31    1    1    1    1    1    1    1    1  1.10435E+13 0.00730 
   32   32    1    1    1    1    1    1    1    1  2.01936E+13 0.00634 
   33   33    1    1    1    1    1    1    1    1  4.76322E+13 0.00376 
   34   34    1    1    1    1    1    1    1    1  6.49965E+13 0.00305 
   35   35    1    1    1    1    1    1    1    1  8.83930E+13 0.00207 
   36   36    1    1    1    1    1    1    1    1  6.15428E+13 0.00192 
   37   37    1    1    1    1    1    1    1    1  1.89755E+13 0.00260 
   38   38    1    1    1    1    1    1    1    1  1.04922E+14 0.00230 
   39   39    1    1    1    1    1    1    1    1  1.40413E+14 0.00196 
   40   40    1    1    1    1    1    1    1    1  2.41024E+14 0.00137 
   41   41    1    1    1    1    1    1    1    1  2.44479E+14 0.00153 
   42   42    1    1    1    1    1    1    1    1  5.11832E+14 0.00137 
   43   43    1    1    1    1    1    1    1    1  6.15120E+14 0.00102 
   44   44    1    1    1    1    1    1    1    1  8.81228E+14 0.00081 
   45   45    1    1    1    1    1    1    1    1  1.74075E+15 0.00084 
   46   46    1    1    1    1    1    1    1    1  8.29093E+14 0.00129 
   47   47    1    1    1    1    1    1    1    1  1.32848E+15 0.00109 
   48   48    1    1    1    1    1    1    1    1  1.86024E+15 0.00098 
   49   49    1    1    1    1    1    1    1    1  1.83330E+15 0.00100 
   50   50    1    1    1    1    1    1    1    1  2.85447E+15 0.00098 
   51   51    1    1    1    1    1    1    1    1  2.28810E+15 0.00100 
   52   52    1    1    1    1    1    1    1    1  2.69886E+15 0.00111 
   53   53    1    1    1    1    1    1    1    1  1.88770E+15 0.00109 
   54   54    1    1    1    1    1    1    1    1  2.29974E+15 0.00109 
   55   55    1    1    1    1    1    1    1    1  1.59010E+15 0.00090 
   56   56    1    1    1    1    1    1    1    1  2.17403E+14 0.00137 
   57   57    1    1    1    1    1    1    1    1  3.16505E+15 0.00098 
   58   58    1    1    1    1    1    1    1    1  1.39995E+15 0.00111 
   59   59    1    1    1    1    1    1    1    1  1.49699E+15 0.00083 
   60   60    1    1    1    1    1    1    1    1  1.16085E+15 0.00126 
   61   61    1    1    1    1    1    1    1    1  1.16612E+15 0.00111 
   62   62    1    1    1    1    1    1    1    1  1.20995E+15 0.00122 
   63   63    1    1    1    1    1    1    1    1  1.01726E+15 0.00121 
   64   64    1    1    1    1    1    1    1    1  8.08387E+14 0.00120 
   65   65    1    1    1    1    1    1    1    1  8.03112E+14 0.00127 
   66   66    1    1    1    1    1    1    1    1  5.84749E+14 0.00125 
   67   67    1    1    1    1    1    1    1    1  4.78117E+14 0.00137 
   68   68    1    1    1    1    1    1    1    1  4.28438E+14 0.00158 
   69   69    1    1    1    1    1    1    1    1  5.14642E+14 0.00190 
   70   70    1    1    1    1    1    1    1    1  4.39871E+14 0.00173 
   71   71    1    1    1    1    1    1    1    1  8.06518E+14 0.00147 
   72   72    1    1    1    1    1    1    1    1  5.73868E+14 0.00142 
   73   73    1    1    1    1    1    1    1    1  4.32738E+14 0.00153 
   74   74    1    1    1    1    1    1    1    1  3.46447E+14 0.00176 
   75   75    1    1    1    1    1    1    1    1  2.85705E+14 0.00187 
   76   76    1    1    1    1    1    1    1    1  3.29476E+14 0.00190 
   77   77    1    1    1    1    1    1    1    1  2.58552E+14 0.00174 
   78   78    1    1    1    1    1    1    1    1  2.04862E+14 0.00228 
   79   79    1    1    1    1    1    1    1    1  2.10988E+14 0.00172 
   80   80    1    1    1    1    1    1    1    1  1.55915E+14 0.00183 
   81   81    1    1    1    1    1    1    1    1  1.19848E+14 0.00180 
   82   82    1    1    1    1    1    1    1    1  9.24073E+13 0.00285 
   83   83    1    1    1    1    1    1    1    1  8.59244E+13 0.00227 
   84   84    1    1    1    1    1    1    1    1  6.16546E+13 0.00337 
   85   85    1    1    1    1    1    1    1    1  4.46650E+13 0.00441 
   86   86    1    1    1    1    1    1    1    1  4.18180E+13 0.00385 
   87   87    1    1    1    1    1    1    1    1  2.59954E+13 0.00501 
   88   88    1    1    1    1    1    1    1    1  1.74550E+13 0.00720 
   89   89    1    1    1    1    1    1    1    1  1.00821E+13 0.00788 
   90   90    1    1    1    1    1    1    1    1  6.69839E+12 0.01117 
   91   91    1    1    1    1    1    1    1    1  3.38484E+12 0.01328 
   92   92    1    1    1    1    1    1    1    1  1.63197E+12 0.02143 
   93   93    1    1    1    1    1    1    1    1  8.06125E+11 0.03041 
   94   94    1    1    1    1    1    1    1    1  3.73844E+11 0.03164 
   95   95    1    1    1    1    1    1    1    1  1.77879E+11 0.06293 
   96   96    1    1    1    1    1    1    1    1  9.12759E+10 0.07290 
   97   97    1    1    1    1    1    1    1    1  3.90003E+10 0.12025 
   98   98    1    1    1    1    1    1    1    1  1.81407E+10 0.19619 
   99   99    1    1    1    1    1    1    1    1  1.27447E+10 0.18398 
  100  100    1    1    1    1    1    1    1    1  7.87895E+09 0.16478 
];


