
DETdpaspec = [
    1    1    1    1    1    1    1    1    1    1  0.00000E+00 0.00000 
    2    2    1    1    1    1    1    1    1    1  0.00000E+00 0.00000 
    3    3    1    1    1    1    1    1    1    1  0.00000E+00 0.00000 
    4    4    1    1    1    1    1    1    1    1  0.00000E+00 0.00000 
    5    5    1    1    1    1    1    1    1    1  8.92945E+06 1.00000 
    6    6    1    1    1    1    1    1    1    1  7.16777E+06 1.00000 
    7    7    1    1    1    1    1    1    1    1  1.31874E+07 1.00000 
    8    8    1    1    1    1    1    1    1    1  2.27350E+07 0.69747 
    9    9    1    1    1    1    1    1    1    1  0.00000E+00 0.00000 
   10   10    1    1    1    1    1    1    1    1  0.00000E+00 0.00000 
   11   11    1    1    1    1    1    1    1    1  1.34144E+08 1.00000 
   12   12    1    1    1    1    1    1    1    1  1.59614E+06 1.00000 
   13   13    1    1    1    1    1    1    1    1  1.82320E+09 0.49040 
   14   14    1    1    1    1    1    1    1    1  3.71458E+09 0.35034 
   15   15    1    1    1    1    1    1    1    1  5.27463E+09 0.32249 
   16   16    1    1    1    1    1    1    1    1  6.36215E+08 0.50580 
   17   17    1    1    1    1    1    1    1    1  2.75237E+09 0.24487 
   18   18    1    1    1    1    1    1    1    1  8.79092E+09 0.20842 
   19   19    1    1    1    1    1    1    1    1  9.01095E+09 0.13870 
   20   20    1    1    1    1    1    1    1    1  2.87411E+10 0.11957 
   21   21    1    1    1    1    1    1    1    1  1.75587E+10 0.13626 
   22   22    1    1    1    1    1    1    1    1  5.20717E+10 0.09478 
   23   23    1    1    1    1    1    1    1    1  6.69503E+10 0.09184 
   24   24    1    1    1    1    1    1    1    1  1.07347E+11 0.05903 
   25   25    1    1    1    1    1    1    1    1  1.31725E+11 0.06250 
   26   26    1    1    1    1    1    1    1    1  2.14973E+11 0.04932 
   27   27    1    1    1    1    1    1    1    1  3.79141E+11 0.03093 
   28   28    1    1    1    1    1    1    1    1  7.31401E+11 0.02135 
   29   29    1    1    1    1    1    1    1    1  1.04969E+12 0.02005 
   30   30    1    1    1    1    1    1    1    1  3.18904E+12 0.00895 
   31   31    1    1    1    1    1    1    1    1  9.73359E+12 0.00774 
   32   32    1    1    1    1    1    1    1    1  1.80875E+13 0.00666 
   33   33    1    1    1    1    1    1    1    1  4.08255E+13 0.00533 
   34   34    1    1    1    1    1    1    1    1  5.45356E+13 0.00370 
   35   35    1    1    1    1    1    1    1    1  7.69482E+13 0.00237 
   36   36    1    1    1    1    1    1    1    1  5.44857E+13 0.00192 
   37   37    1    1    1    1    1    1    1    1  1.71359E+13 0.00251 
   38   38    1    1    1    1    1    1    1    1  9.27878E+13 0.00218 
   39   39    1    1    1    1    1    1    1    1  1.23689E+14 0.00187 
   40   40    1    1    1    1    1    1    1    1  2.09130E+14 0.00178 
   41   41    1    1    1    1    1    1    1    1  2.14888E+14 0.00129 
   42   42    1    1    1    1    1    1    1    1  4.43576E+14 0.00127 
   43   43    1    1    1    1    1    1    1    1  5.29773E+14 0.00106 
   44   44    1    1    1    1    1    1    1    1  7.53627E+14 0.00096 
   45   45    1    1    1    1    1    1    1    1  1.46347E+15 0.00103 
   46   46    1    1    1    1    1    1    1    1  6.99317E+14 0.00119 
   47   47    1    1    1    1    1    1    1    1  1.12292E+15 0.00092 
   48   48    1    1    1    1    1    1    1    1  1.56231E+15 0.00073 
   49   49    1    1    1    1    1    1    1    1  1.53991E+15 0.00088 
   50   50    1    1    1    1    1    1    1    1  2.36927E+15 0.00077 
   51   51    1    1    1    1    1    1    1    1  1.91102E+15 0.00098 
   52   52    1    1    1    1    1    1    1    1  2.22482E+15 0.00077 
   53   53    1    1    1    1    1    1    1    1  1.55713E+15 0.00103 
   54   54    1    1    1    1    1    1    1    1  1.86947E+15 0.00105 
   55   55    1    1    1    1    1    1    1    1  1.29594E+15 0.00109 
   56   56    1    1    1    1    1    1    1    1  1.77713E+14 0.00133 
   57   57    1    1    1    1    1    1    1    1  2.57482E+15 0.00102 
   58   58    1    1    1    1    1    1    1    1  1.11927E+15 0.00095 
   59   59    1    1    1    1    1    1    1    1  1.20142E+15 0.00086 
   60   60    1    1    1    1    1    1    1    1  9.21470E+14 0.00101 
   61   61    1    1    1    1    1    1    1    1  9.26084E+14 0.00106 
   62   62    1    1    1    1    1    1    1    1  9.56545E+14 0.00100 
   63   63    1    1    1    1    1    1    1    1  8.01384E+14 0.00102 
   64   64    1    1    1    1    1    1    1    1  6.36933E+14 0.00113 
   65   65    1    1    1    1    1    1    1    1  6.31062E+14 0.00116 
   66   66    1    1    1    1    1    1    1    1  4.58835E+14 0.00138 
   67   67    1    1    1    1    1    1    1    1  3.76234E+14 0.00104 
   68   68    1    1    1    1    1    1    1    1  3.38598E+14 0.00169 
   69   69    1    1    1    1    1    1    1    1  4.05987E+14 0.00116 
   70   70    1    1    1    1    1    1    1    1  3.46223E+14 0.00169 
   71   71    1    1    1    1    1    1    1    1  6.40858E+14 0.00133 
   72   72    1    1    1    1    1    1    1    1  4.55543E+14 0.00162 
   73   73    1    1    1    1    1    1    1    1  3.42955E+14 0.00155 
   74   74    1    1    1    1    1    1    1    1  2.72338E+14 0.00166 
   75   75    1    1    1    1    1    1    1    1  2.22627E+14 0.00216 
   76   76    1    1    1    1    1    1    1    1  2.54636E+14 0.00168 
   77   77    1    1    1    1    1    1    1    1  1.98551E+14 0.00196 
   78   78    1    1    1    1    1    1    1    1  1.55816E+14 0.00197 
   79   79    1    1    1    1    1    1    1    1  1.59560E+14 0.00214 
   80   80    1    1    1    1    1    1    1    1  1.17574E+14 0.00256 
   81   81    1    1    1    1    1    1    1    1  9.04282E+13 0.00238 
   82   82    1    1    1    1    1    1    1    1  6.89789E+13 0.00371 
   83   83    1    1    1    1    1    1    1    1  6.47829E+13 0.00289 
   84   84    1    1    1    1    1    1    1    1  4.66835E+13 0.00342 
   85   85    1    1    1    1    1    1    1    1  3.34075E+13 0.00455 
   86   86    1    1    1    1    1    1    1    1  3.13994E+13 0.00387 
   87   87    1    1    1    1    1    1    1    1  1.93758E+13 0.00462 
   88   88    1    1    1    1    1    1    1    1  1.30986E+13 0.00500 
   89   89    1    1    1    1    1    1    1    1  7.55810E+12 0.01063 
   90   90    1    1    1    1    1    1    1    1  4.95748E+12 0.01081 
   91   91    1    1    1    1    1    1    1    1  2.48834E+12 0.01459 
   92   92    1    1    1    1    1    1    1    1  1.26714E+12 0.01663 
   93   93    1    1    1    1    1    1    1    1  6.09540E+11 0.02002 
   94   94    1    1    1    1    1    1    1    1  2.74996E+11 0.04897 
   95   95    1    1    1    1    1    1    1    1  1.43193E+11 0.08253 
   96   96    1    1    1    1    1    1    1    1  8.49259E+10 0.08328 
   97   97    1    1    1    1    1    1    1    1  2.90273E+10 0.16433 
   98   98    1    1    1    1    1    1    1    1  1.68310E+10 0.17468 
   99   99    1    1    1    1    1    1    1    1  1.06971E+10 0.24137 
  100  100    1    1    1    1    1    1    1    1  4.29228E+09 0.36045 
];


