
DETdpaspec = [
    1    1    1    1    1    1    1    1    1    1  0.00000E+00 0.00000 
    2    2    1    1    1    1    1    1    1    1  0.00000E+00 0.00000 
    3    3    1    1    1    1    1    1    1    1  0.00000E+00 0.00000 
    4    4    1    1    1    1    1    1    1    1  0.00000E+00 0.00000 
    5    5    1    1    1    1    1    1    1    1  0.00000E+00 0.00000 
    6    6    1    1    1    1    1    1    1    1  0.00000E+00 0.00000 
    7    7    1    1    1    1    1    1    1    1  2.93461E+07 0.69050 
    8    8    1    1    1    1    1    1    1    1  0.00000E+00 0.00000 
    9    9    1    1    1    1    1    1    1    1  2.99924E+07 0.62771 
   10   10    1    1    1    1    1    1    1    1  0.00000E+00 0.00000 
   11   11    1    1    1    1    1    1    1    1  4.38280E+07 1.00000 
   12   12    1    1    1    1    1    1    1    1  4.93282E+07 0.68909 
   13   13    1    1    1    1    1    1    1    1  5.68811E+08 0.84093 
   14   14    1    1    1    1    1    1    1    1  1.85223E+09 0.41700 
   15   15    1    1    1    1    1    1    1    1  1.45509E+09 0.54759 
   16   16    1    1    1    1    1    1    1    1  1.57301E+09 0.34307 
   17   17    1    1    1    1    1    1    1    1  2.20579E+09 0.28670 
   18   18    1    1    1    1    1    1    1    1  6.58871E+09 0.17967 
   19   19    1    1    1    1    1    1    1    1  9.36606E+09 0.14754 
   20   20    1    1    1    1    1    1    1    1  2.55523E+10 0.16771 
   21   21    1    1    1    1    1    1    1    1  1.91463E+10 0.13533 
   22   22    1    1    1    1    1    1    1    1  3.96865E+10 0.09493 
   23   23    1    1    1    1    1    1    1    1  5.80545E+10 0.07197 
   24   24    1    1    1    1    1    1    1    1  1.05860E+11 0.06857 
   25   25    1    1    1    1    1    1    1    1  1.17693E+11 0.04602 
   26   26    1    1    1    1    1    1    1    1  2.12879E+11 0.04952 
   27   27    1    1    1    1    1    1    1    1  3.79362E+11 0.02947 
   28   28    1    1    1    1    1    1    1    1  8.19567E+11 0.02494 
   29   29    1    1    1    1    1    1    1    1  1.29720E+12 0.01708 
   30   30    1    1    1    1    1    1    1    1  3.77664E+12 0.01285 
   31   31    1    1    1    1    1    1    1    1  1.16423E+13 0.00915 
   32   32    1    1    1    1    1    1    1    1  2.14947E+13 0.00691 
   33   33    1    1    1    1    1    1    1    1  5.04918E+13 0.00464 
   34   34    1    1    1    1    1    1    1    1  6.91928E+13 0.00233 
   35   35    1    1    1    1    1    1    1    1  9.24588E+13 0.00169 
   36   36    1    1    1    1    1    1    1    1  6.37812E+13 0.00240 
   37   37    1    1    1    1    1    1    1    1  1.96255E+13 0.00242 
   38   38    1    1    1    1    1    1    1    1  1.08881E+14 0.00172 
   39   39    1    1    1    1    1    1    1    1  1.45984E+14 0.00204 
   40   40    1    1    1    1    1    1    1    1  2.51351E+14 0.00177 
   41   41    1    1    1    1    1    1    1    1  2.53962E+14 0.00153 
   42   42    1    1    1    1    1    1    1    1  5.33904E+14 0.00099 
   43   43    1    1    1    1    1    1    1    1  6.43140E+14 0.00089 
   44   44    1    1    1    1    1    1    1    1  9.23289E+14 0.00103 
   45   45    1    1    1    1    1    1    1    1  1.82818E+15 0.00065 
   46   46    1    1    1    1    1    1    1    1  8.69329E+14 0.00089 
   47   47    1    1    1    1    1    1    1    1  1.39081E+15 0.00070 
   48   48    1    1    1    1    1    1    1    1  1.94879E+15 0.00059 
   49   49    1    1    1    1    1    1    1    1  1.91657E+15 0.00086 
   50   50    1    1    1    1    1    1    1    1  2.99507E+15 0.00080 
   51   51    1    1    1    1    1    1    1    1  2.39453E+15 0.00080 
   52   52    1    1    1    1    1    1    1    1  2.84013E+15 0.00057 
   53   53    1    1    1    1    1    1    1    1  1.98327E+15 0.00082 
   54   54    1    1    1    1    1    1    1    1  2.42785E+15 0.00072 
   55   55    1    1    1    1    1    1    1    1  1.67946E+15 0.00076 
   56   56    1    1    1    1    1    1    1    1  2.28910E+14 0.00137 
   57   57    1    1    1    1    1    1    1    1  3.33791E+15 0.00080 
   58   58    1    1    1    1    1    1    1    1  1.48444E+15 0.00087 
   59   59    1    1    1    1    1    1    1    1  1.58604E+15 0.00082 
   60   60    1    1    1    1    1    1    1    1  1.23483E+15 0.00094 
   61   61    1    1    1    1    1    1    1    1  1.23792E+15 0.00093 
   62   62    1    1    1    1    1    1    1    1  1.28759E+15 0.00107 
   63   63    1    1    1    1    1    1    1    1  1.08344E+15 0.00106 
   64   64    1    1    1    1    1    1    1    1  8.61447E+14 0.00118 
   65   65    1    1    1    1    1    1    1    1  8.56853E+14 0.00120 
   66   66    1    1    1    1    1    1    1    1  6.23095E+14 0.00138 
   67   67    1    1    1    1    1    1    1    1  5.08843E+14 0.00132 
   68   68    1    1    1    1    1    1    1    1  4.56162E+14 0.00147 
   69   69    1    1    1    1    1    1    1    1  5.48671E+14 0.00102 
   70   70    1    1    1    1    1    1    1    1  4.68300E+14 0.00098 
   71   71    1    1    1    1    1    1    1    1  8.54516E+14 0.00130 
   72   72    1    1    1    1    1    1    1    1  6.07833E+14 0.00150 
   73   73    1    1    1    1    1    1    1    1  4.58941E+14 0.00149 
   74   74    1    1    1    1    1    1    1    1  3.68182E+14 0.00170 
   75   75    1    1    1    1    1    1    1    1  3.04647E+14 0.00152 
   76   76    1    1    1    1    1    1    1    1  3.53092E+14 0.00239 
   77   77    1    1    1    1    1    1    1    1  2.77982E+14 0.00177 
   78   78    1    1    1    1    1    1    1    1  2.20473E+14 0.00160 
   79   79    1    1    1    1    1    1    1    1  2.26992E+14 0.00151 
   80   80    1    1    1    1    1    1    1    1  1.67687E+14 0.00223 
   81   81    1    1    1    1    1    1    1    1  1.30170E+14 0.00212 
   82   82    1    1    1    1    1    1    1    1  9.92045E+13 0.00261 
   83   83    1    1    1    1    1    1    1    1  9.30257E+13 0.00308 
   84   84    1    1    1    1    1    1    1    1  6.72029E+13 0.00271 
   85   85    1    1    1    1    1    1    1    1  4.82245E+13 0.00343 
   86   86    1    1    1    1    1    1    1    1  4.52077E+13 0.00371 
   87   87    1    1    1    1    1    1    1    1  2.76651E+13 0.00626 
   88   88    1    1    1    1    1    1    1    1  1.87793E+13 0.00569 
   89   89    1    1    1    1    1    1    1    1  1.08140E+13 0.00676 
   90   90    1    1    1    1    1    1    1    1  7.15786E+12 0.00806 
   91   91    1    1    1    1    1    1    1    1  3.57583E+12 0.01112 
   92   92    1    1    1    1    1    1    1    1  1.78392E+12 0.01545 
   93   93    1    1    1    1    1    1    1    1  8.08079E+11 0.02613 
   94   94    1    1    1    1    1    1    1    1  4.08317E+11 0.03375 
   95   95    1    1    1    1    1    1    1    1  1.79586E+11 0.06787 
   96   96    1    1    1    1    1    1    1    1  1.02651E+11 0.07736 
   97   97    1    1    1    1    1    1    1    1  3.77094E+10 0.11409 
   98   98    1    1    1    1    1    1    1    1  2.11388E+10 0.21962 
   99   99    1    1    1    1    1    1    1    1  9.40649E+09 0.19061 
  100  100    1    1    1    1    1    1    1    1  1.26192E+10 0.21849 
];


