
DETdpaspec = [
    1    1    1    1    1    1    1    1    1    1  0.00000E+00 0.00000 
    2    2    1    1    1    1    1    1    1    1  0.00000E+00 0.00000 
    3    3    1    1    1    1    1    1    1    1  0.00000E+00 0.00000 
    4    4    1    1    1    1    1    1    1    1  0.00000E+00 0.00000 
    5    5    1    1    1    1    1    1    1    1  0.00000E+00 0.00000 
    6    6    1    1    1    1    1    1    1    1  0.00000E+00 0.00000 
    7    7    1    1    1    1    1    1    1    1  0.00000E+00 0.00000 
    8    8    1    1    1    1    1    1    1    1  0.00000E+00 0.00000 
    9    9    1    1    1    1    1    1    1    1  0.00000E+00 0.00000 
   10   10    1    1    1    1    1    1    1    1  0.00000E+00 0.00000 
   11   11    1    1    1    1    1    1    1    1  0.00000E+00 0.00000 
   12   12    1    1    1    1    1    1    1    1  0.00000E+00 0.00000 
   13   13    1    1    1    1    1    1    1    1  0.00000E+00 0.00000 
   14   14    1    1    1    1    1    1    1    1  0.00000E+00 0.00000 
   15   15    1    1    1    1    1    1    1    1  0.00000E+00 0.00000 
   16   16    1    1    1    1    1    1    1    1  2.81486E+08 1.00000 
   17   17    1    1    1    1    1    1    1    1  1.85187E+09 0.77149 
   18   18    1    1    1    1    1    1    1    1  1.92405E+09 0.57099 
   19   19    1    1    1    1    1    1    1    1  1.83520E+09 0.60655 
   20   20    1    1    1    1    1    1    1    1  3.14975E+10 0.14152 
   21   21    1    1    1    1    1    1    1    1  1.47799E+11 0.05487 
   22   22    1    1    1    1    1    1    1    1  5.44255E+11 0.04174 
   23   23    1    1    1    1    1    1    1    1  1.64040E+12 0.02484 
   24   24    1    1    1    1    1    1    1    1  3.62563E+12 0.01182 
   25   25    1    1    1    1    1    1    1    1  4.76073E+12 0.01189 
   26   26    1    1    1    1    1    1    1    1  8.51437E+12 0.00930 
   27   27    1    1    1    1    1    1    1    1  1.35996E+13 0.00594 
   28   28    1    1    1    1    1    1    1    1  2.08363E+13 0.00511 
   29   29    1    1    1    1    1    1    1    1  2.82596E+13 0.00436 
   30   30    1    1    1    1    1    1    1    1  4.75578E+13 0.00348 
   31   31    1    1    1    1    1    1    1    1  8.12600E+13 0.00221 
   32   32    1    1    1    1    1    1    1    1  1.07216E+14 0.00256 
   33   33    1    1    1    1    1    1    1    1  1.90524E+14 0.00214 
   34   34    1    1    1    1    1    1    1    1  2.17105E+14 0.00183 
   35   35    1    1    1    1    1    1    1    1  2.10012E+14 0.00163 
   36   36    1    1    1    1    1    1    1    1  1.21921E+14 0.00166 
   37   37    1    1    1    1    1    1    1    1  3.51240E+13 0.00179 
   38   38    1    1    1    1    1    1    1    1  1.97943E+14 0.00146 
   39   39    1    1    1    1    1    1    1    1  2.55409E+14 0.00133 
   40   40    1    1    1    1    1    1    1    1  4.23299E+14 0.00146 
   41   41    1    1    1    1    1    1    1    1  3.94308E+14 0.00141 
   42   42    1    1    1    1    1    1    1    1  8.20937E+14 0.00140 
   43   43    1    1    1    1    1    1    1    1  9.44439E+14 0.00147 
   44   44    1    1    1    1    1    1    1    1  1.28773E+15 0.00155 
   45   45    1    1    1    1    1    1    1    1  2.40514E+15 0.00151 
   46   46    1    1    1    1    1    1    1    1  1.05287E+15 0.00145 
   47   47    1    1    1    1    1    1    1    1  1.62385E+15 0.00144 
   48   48    1    1    1    1    1    1    1    1  2.17299E+15 0.00146 
   49   49    1    1    1    1    1    1    1    1  2.04915E+15 0.00142 
   50   50    1    1    1    1    1    1    1    1  3.11844E+15 0.00136 
   51   51    1    1    1    1    1    1    1    1  2.33683E+15 0.00138 
   52   52    1    1    1    1    1    1    1    1  2.75485E+15 0.00152 
   53   53    1    1    1    1    1    1    1    1  1.84632E+15 0.00167 
   54   54    1    1    1    1    1    1    1    1  2.26453E+15 0.00153 
   55   55    1    1    1    1    1    1    1    1  1.52488E+15 0.00153 
   56   56    1    1    1    1    1    1    1    1  2.04624E+14 0.00183 
   57   57    1    1    1    1    1    1    1    1  2.95625E+15 0.00137 
   58   58    1    1    1    1    1    1    1    1  1.32805E+15 0.00170 
   59   59    1    1    1    1    1    1    1    1  1.37982E+15 0.00172 
   60   60    1    1    1    1    1    1    1    1  1.08234E+15 0.00191 
   61   61    1    1    1    1    1    1    1    1  1.06728E+15 0.00208 
   62   62    1    1    1    1    1    1    1    1  1.09941E+15 0.00173 
   63   63    1    1    1    1    1    1    1    1  9.14849E+14 0.00181 
   64   64    1    1    1    1    1    1    1    1  7.16711E+14 0.00201 
   65   65    1    1    1    1    1    1    1    1  7.02137E+14 0.00221 
   66   66    1    1    1    1    1    1    1    1  5.03112E+14 0.00235 
   67   67    1    1    1    1    1    1    1    1  4.04556E+14 0.00258 
   68   68    1    1    1    1    1    1    1    1  3.58286E+14 0.00204 
   69   69    1    1    1    1    1    1    1    1  4.25630E+14 0.00234 
   70   70    1    1    1    1    1    1    1    1  3.56040E+14 0.00243 
   71   71    1    1    1    1    1    1    1    1  6.25106E+14 0.00258 
   72   72    1    1    1    1    1    1    1    1  4.32957E+14 0.00227 
   73   73    1    1    1    1    1    1    1    1  3.23288E+14 0.00226 
   74   74    1    1    1    1    1    1    1    1  2.60856E+14 0.00194 
   75   75    1    1    1    1    1    1    1    1  2.17838E+14 0.00285 
   76   76    1    1    1    1    1    1    1    1  2.53858E+14 0.00243 
   77   77    1    1    1    1    1    1    1    1  2.02135E+14 0.00243 
   78   78    1    1    1    1    1    1    1    1  1.60546E+14 0.00193 
   79   79    1    1    1    1    1    1    1    1  1.65159E+14 0.00295 
   80   80    1    1    1    1    1    1    1    1  1.21616E+14 0.00298 
   81   81    1    1    1    1    1    1    1    1  9.28100E+13 0.00307 
   82   82    1    1    1    1    1    1    1    1  7.03824E+13 0.00335 
   83   83    1    1    1    1    1    1    1    1  6.52445E+13 0.00359 
   84   84    1    1    1    1    1    1    1    1  4.64214E+13 0.00396 
   85   85    1    1    1    1    1    1    1    1  3.30274E+13 0.00381 
   86   86    1    1    1    1    1    1    1    1  3.03833E+13 0.00415 
   87   87    1    1    1    1    1    1    1    1  1.81036E+13 0.00553 
   88   88    1    1    1    1    1    1    1    1  1.18792E+13 0.00812 
   89   89    1    1    1    1    1    1    1    1  6.56469E+12 0.00985 
   90   90    1    1    1    1    1    1    1    1  4.24058E+12 0.01175 
   91   91    1    1    1    1    1    1    1    1  1.98453E+12 0.01600 
   92   92    1    1    1    1    1    1    1    1  9.23899E+11 0.02682 
   93   93    1    1    1    1    1    1    1    1  4.20166E+11 0.02981 
   94   94    1    1    1    1    1    1    1    1  1.91842E+11 0.06607 
   95   95    1    1    1    1    1    1    1    1  9.76057E+10 0.07425 
   96   96    1    1    1    1    1    1    1    1  4.93748E+10 0.12194 
   97   97    1    1    1    1    1    1    1    1  1.79035E+10 0.16381 
   98   98    1    1    1    1    1    1    1    1  9.11050E+09 0.19873 
   99   99    1    1    1    1    1    1    1    1  3.83039E+09 0.33218 
  100  100    1    1    1    1    1    1    1    1  3.00294E+09 0.39041 
];


