
DETdpaspec = [
    1    1    1    1    1    1    1    1    1    1  0.00000E+00 0.00000 
    2    2    1    1    1    1    1    1    1    1  0.00000E+00 0.00000 
    3    3    1    1    1    1    1    1    1    1  0.00000E+00 0.00000 
    4    4    1    1    1    1    1    1    1    1  0.00000E+00 0.00000 
    5    5    1    1    1    1    1    1    1    1  0.00000E+00 0.00000 
    6    6    1    1    1    1    1    1    1    1  0.00000E+00 0.00000 
    7    7    1    1    1    1    1    1    1    1  0.00000E+00 0.00000 
    8    8    1    1    1    1    1    1    1    1  1.41288E+07 1.00000 
    9    9    1    1    1    1    1    1    1    1  2.99397E+07 1.00000 
   10   10    1    1    1    1    1    1    1    1  2.18856E+07 1.00000 
   11   11    1    1    1    1    1    1    1    1  8.94694E+07 0.69454 
   12   12    1    1    1    1    1    1    1    1  0.00000E+00 0.00000 
   13   13    1    1    1    1    1    1    1    1  1.61197E+08 0.68882 
   14   14    1    1    1    1    1    1    1    1  1.50109E+09 0.48094 
   15   15    1    1    1    1    1    1    1    1  3.06219E+09 0.41687 
   16   16    1    1    1    1    1    1    1    1  1.05355E+09 0.35046 
   17   17    1    1    1    1    1    1    1    1  2.33014E+09 0.43712 
   18   18    1    1    1    1    1    1    1    1  5.72585E+09 0.24599 
   19   19    1    1    1    1    1    1    1    1  5.85626E+09 0.20749 
   20   20    1    1    1    1    1    1    1    1  2.41752E+10 0.13956 
   21   21    1    1    1    1    1    1    1    1  1.47184E+10 0.11742 
   22   22    1    1    1    1    1    1    1    1  4.74195E+10 0.11314 
   23   23    1    1    1    1    1    1    1    1  6.33589E+10 0.08656 
   24   24    1    1    1    1    1    1    1    1  1.05613E+11 0.06493 
   25   25    1    1    1    1    1    1    1    1  1.31077E+11 0.07365 
   26   26    1    1    1    1    1    1    1    1  2.23808E+11 0.04677 
   27   27    1    1    1    1    1    1    1    1  3.90726E+11 0.03621 
   28   28    1    1    1    1    1    1    1    1  8.38747E+11 0.02258 
   29   29    1    1    1    1    1    1    1    1  1.30740E+12 0.01954 
   30   30    1    1    1    1    1    1    1    1  3.68907E+12 0.01348 
   31   31    1    1    1    1    1    1    1    1  1.13798E+13 0.00750 
   32   32    1    1    1    1    1    1    1    1  2.08822E+13 0.00512 
   33   33    1    1    1    1    1    1    1    1  4.88615E+13 0.00252 
   34   34    1    1    1    1    1    1    1    1  6.71550E+13 0.00256 
   35   35    1    1    1    1    1    1    1    1  9.06706E+13 0.00203 
   36   36    1    1    1    1    1    1    1    1  6.28562E+13 0.00211 
   37   37    1    1    1    1    1    1    1    1  1.93912E+13 0.00181 
   38   38    1    1    1    1    1    1    1    1  1.07108E+14 0.00179 
   39   39    1    1    1    1    1    1    1    1  1.43557E+14 0.00189 
   40   40    1    1    1    1    1    1    1    1  2.46533E+14 0.00177 
   41   41    1    1    1    1    1    1    1    1  2.49537E+14 0.00150 
   42   42    1    1    1    1    1    1    1    1  5.24821E+14 0.00128 
   43   43    1    1    1    1    1    1    1    1  6.31804E+14 0.00088 
   44   44    1    1    1    1    1    1    1    1  9.05635E+14 0.00082 
   45   45    1    1    1    1    1    1    1    1  1.79109E+15 0.00070 
   46   46    1    1    1    1    1    1    1    1  8.52053E+14 0.00085 
   47   47    1    1    1    1    1    1    1    1  1.36585E+15 0.00076 
   48   48    1    1    1    1    1    1    1    1  1.91310E+15 0.00067 
   49   49    1    1    1    1    1    1    1    1  1.88141E+15 0.00055 
   50   50    1    1    1    1    1    1    1    1  2.93368E+15 0.00061 
   51   51    1    1    1    1    1    1    1    1  2.35155E+15 0.00067 
   52   52    1    1    1    1    1    1    1    1  2.78238E+15 0.00075 
   53   53    1    1    1    1    1    1    1    1  1.94500E+15 0.00073 
   54   54    1    1    1    1    1    1    1    1  2.37376E+15 0.00076 
   55   55    1    1    1    1    1    1    1    1  1.64245E+15 0.00066 
   56   56    1    1    1    1    1    1    1    1  2.24045E+14 0.00089 
   57   57    1    1    1    1    1    1    1    1  3.26562E+15 0.00068 
   58   58    1    1    1    1    1    1    1    1  1.44955E+15 0.00071 
   59   59    1    1    1    1    1    1    1    1  1.54887E+15 0.00093 
   60   60    1    1    1    1    1    1    1    1  1.20469E+15 0.00078 
   61   61    1    1    1    1    1    1    1    1  1.20848E+15 0.00080 
   62   62    1    1    1    1    1    1    1    1  1.25468E+15 0.00091 
   63   63    1    1    1    1    1    1    1    1  1.05626E+15 0.00089 
   64   64    1    1    1    1    1    1    1    1  8.40598E+14 0.00117 
   65   65    1    1    1    1    1    1    1    1  8.34160E+14 0.00122 
   66   66    1    1    1    1    1    1    1    1  6.07904E+14 0.00129 
   67   67    1    1    1    1    1    1    1    1  4.96407E+14 0.00147 
   68   68    1    1    1    1    1    1    1    1  4.44697E+14 0.00142 
   69   69    1    1    1    1    1    1    1    1  5.34572E+14 0.00105 
   70   70    1    1    1    1    1    1    1    1  4.56337E+14 0.00109 
   71   71    1    1    1    1    1    1    1    1  8.35646E+14 0.00087 
   72   72    1    1    1    1    1    1    1    1  5.94898E+14 0.00114 
   73   73    1    1    1    1    1    1    1    1  4.48147E+14 0.00142 
   74   74    1    1    1    1    1    1    1    1  3.59489E+14 0.00163 
   75   75    1    1    1    1    1    1    1    1  2.96777E+14 0.00150 
   76   76    1    1    1    1    1    1    1    1  3.42246E+14 0.00173 
   77   77    1    1    1    1    1    1    1    1  2.69894E+14 0.00142 
   78   78    1    1    1    1    1    1    1    1  2.13208E+14 0.00147 
   79   79    1    1    1    1    1    1    1    1  2.20376E+14 0.00175 
   80   80    1    1    1    1    1    1    1    1  1.63009E+14 0.00148 
   81   81    1    1    1    1    1    1    1    1  1.26003E+14 0.00148 
   82   82    1    1    1    1    1    1    1    1  9.64266E+13 0.00255 
   83   83    1    1    1    1    1    1    1    1  9.00035E+13 0.00168 
   84   84    1    1    1    1    1    1    1    1  6.49978E+13 0.00317 
   85   85    1    1    1    1    1    1    1    1  4.68886E+13 0.00346 
   86   86    1    1    1    1    1    1    1    1  4.36941E+13 0.00311 
   87   87    1    1    1    1    1    1    1    1  2.70079E+13 0.00524 
   88   88    1    1    1    1    1    1    1    1  1.82631E+13 0.00650 
   89   89    1    1    1    1    1    1    1    1  1.03609E+13 0.00410 
   90   90    1    1    1    1    1    1    1    1  6.89143E+12 0.00880 
   91   91    1    1    1    1    1    1    1    1  3.49556E+12 0.01097 
   92   92    1    1    1    1    1    1    1    1  1.68788E+12 0.01189 
   93   93    1    1    1    1    1    1    1    1  8.04787E+11 0.02658 
   94   94    1    1    1    1    1    1    1    1  4.10409E+11 0.04596 
   95   95    1    1    1    1    1    1    1    1  1.94965E+11 0.05467 
   96   96    1    1    1    1    1    1    1    1  8.96006E+10 0.08353 
   97   97    1    1    1    1    1    1    1    1  4.39017E+10 0.08190 
   98   98    1    1    1    1    1    1    1    1  1.62017E+10 0.14555 
   99   99    1    1    1    1    1    1    1    1  6.72438E+09 0.22266 
  100  100    1    1    1    1    1    1    1    1  1.07820E+10 0.18563 
];


