
DETdpaspec = [
    1    1    1    1    1    1    1    1    1    1  0.00000E+00 0.00000 
    2    2    1    1    1    1    1    1    1    1  0.00000E+00 0.00000 
    3    3    1    1    1    1    1    1    1    1  0.00000E+00 0.00000 
    4    4    1    1    1    1    1    1    1    1  0.00000E+00 0.00000 
    5    5    1    1    1    1    1    1    1    1  0.00000E+00 0.00000 
    6    6    1    1    1    1    1    1    1    1  0.00000E+00 0.00000 
    7    7    1    1    1    1    1    1    1    1  0.00000E+00 0.00000 
    8    8    1    1    1    1    1    1    1    1  1.53943E+07 1.00000 
    9    9    1    1    1    1    1    1    1    1  0.00000E+00 0.00000 
   10   10    1    1    1    1    1    1    1    1  0.00000E+00 0.00000 
   11   11    1    1    1    1    1    1    1    1  1.98997E+08 0.68873 
   12   12    1    1    1    1    1    1    1    1  1.03441E+08 0.79722 
   13   13    1    1    1    1    1    1    1    1  3.11797E+08 0.55042 
   14   14    1    1    1    1    1    1    1    1  1.37220E+09 0.66959 
   15   15    1    1    1    1    1    1    1    1  2.56728E+09 0.42066 
   16   16    1    1    1    1    1    1    1    1  1.46309E+09 0.38941 
   17   17    1    1    1    1    1    1    1    1  2.08846E+09 0.19427 
   18   18    1    1    1    1    1    1    1    1  5.66729E+09 0.17125 
   19   19    1    1    1    1    1    1    1    1  1.06186E+10 0.13709 
   20   20    1    1    1    1    1    1    1    1  2.89792E+10 0.13483 
   21   21    1    1    1    1    1    1    1    1  1.80811E+10 0.08659 
   22   22    1    1    1    1    1    1    1    1  6.18490E+10 0.06740 
   23   23    1    1    1    1    1    1    1    1  7.30322E+10 0.06404 
   24   24    1    1    1    1    1    1    1    1  1.04516E+11 0.07099 
   25   25    1    1    1    1    1    1    1    1  1.24327E+11 0.07866 
   26   26    1    1    1    1    1    1    1    1  2.04901E+11 0.03666 
   27   27    1    1    1    1    1    1    1    1  4.04485E+11 0.03028 
   28   28    1    1    1    1    1    1    1    1  7.20582E+11 0.02143 
   29   29    1    1    1    1    1    1    1    1  1.03315E+12 0.01478 
   30   30    1    1    1    1    1    1    1    1  3.19231E+12 0.01258 
   31   31    1    1    1    1    1    1    1    1  9.42452E+12 0.00543 
   32   32    1    1    1    1    1    1    1    1  1.72745E+13 0.00579 
   33   33    1    1    1    1    1    1    1    1  3.77558E+13 0.00368 
   34   34    1    1    1    1    1    1    1    1  4.98496E+13 0.00294 
   35   35    1    1    1    1    1    1    1    1  7.17158E+13 0.00232 
   36   36    1    1    1    1    1    1    1    1  5.08211E+13 0.00245 
   37   37    1    1    1    1    1    1    1    1  1.61652E+13 0.00238 
   38   38    1    1    1    1    1    1    1    1  8.61501E+13 0.00250 
   39   39    1    1    1    1    1    1    1    1  1.14511E+14 0.00232 
   40   40    1    1    1    1    1    1    1    1  1.91580E+14 0.00200 
   41   41    1    1    1    1    1    1    1    1  1.97873E+14 0.00192 
   42   42    1    1    1    1    1    1    1    1  4.01400E+14 0.00151 
   43   43    1    1    1    1    1    1    1    1  4.76689E+14 0.00173 
   44   44    1    1    1    1    1    1    1    1  6.74733E+14 0.00196 
   45   45    1    1    1    1    1    1    1    1  1.28871E+15 0.00148 
   46   46    1    1    1    1    1    1    1    1  6.14296E+14 0.00120 
   47   47    1    1    1    1    1    1    1    1  9.86871E+14 0.00130 
   48   48    1    1    1    1    1    1    1    1  1.36927E+15 0.00124 
   49   49    1    1    1    1    1    1    1    1  1.34713E+15 0.00103 
   50   50    1    1    1    1    1    1    1    1  2.05396E+15 0.00122 
   51   51    1    1    1    1    1    1    1    1  1.66197E+15 0.00119 
   52   52    1    1    1    1    1    1    1    1  1.91143E+15 0.00119 
   53   53    1    1    1    1    1    1    1    1  1.33826E+15 0.00109 
   54   54    1    1    1    1    1    1    1    1  1.59168E+15 0.00105 
   55   55    1    1    1    1    1    1    1    1  1.10450E+15 0.00082 
   56   56    1    1    1    1    1    1    1    1  1.51636E+14 0.00168 
   57   57    1    1    1    1    1    1    1    1  2.19139E+15 0.00085 
   58   58    1    1    1    1    1    1    1    1  9.42404E+14 0.00107 
   59   59    1    1    1    1    1    1    1    1  1.01149E+15 0.00114 
   60   60    1    1    1    1    1    1    1    1  7.69664E+14 0.00121 
   61   61    1    1    1    1    1    1    1    1  7.73801E+14 0.00120 
   62   62    1    1    1    1    1    1    1    1  7.99119E+14 0.00123 
   63   63    1    1    1    1    1    1    1    1  6.64811E+14 0.00166 
   64   64    1    1    1    1    1    1    1    1  5.28658E+14 0.00153 
   65   65    1    1    1    1    1    1    1    1  5.23215E+14 0.00166 
   66   66    1    1    1    1    1    1    1    1  3.79693E+14 0.00184 
   67   67    1    1    1    1    1    1    1    1  3.11707E+14 0.00199 
   68   68    1    1    1    1    1    1    1    1  2.81333E+14 0.00192 
   69   69    1    1    1    1    1    1    1    1  3.37048E+14 0.00184 
   70   70    1    1    1    1    1    1    1    1  2.88611E+14 0.00234 
   71   71    1    1    1    1    1    1    1    1  5.35472E+14 0.00199 
   72   72    1    1    1    1    1    1    1    1  3.81468E+14 0.00264 
   73   73    1    1    1    1    1    1    1    1  2.86717E+14 0.00255 
   74   74    1    1    1    1    1    1    1    1  2.25500E+14 0.00164 
   75   75    1    1    1    1    1    1    1    1  1.83061E+14 0.00257 
   76   76    1    1    1    1    1    1    1    1  2.08177E+14 0.00272 
   77   77    1    1    1    1    1    1    1    1  1.60634E+14 0.00204 
   78   78    1    1    1    1    1    1    1    1  1.25648E+14 0.00165 
   79   79    1    1    1    1    1    1    1    1  1.28257E+14 0.00266 
   80   80    1    1    1    1    1    1    1    1  9.44166E+13 0.00215 
   81   81    1    1    1    1    1    1    1    1  7.23984E+13 0.00242 
   82   82    1    1    1    1    1    1    1    1  5.55528E+13 0.00302 
   83   83    1    1    1    1    1    1    1    1  5.17062E+13 0.00283 
   84   84    1    1    1    1    1    1    1    1  3.71974E+13 0.00502 
   85   85    1    1    1    1    1    1    1    1  2.69921E+13 0.00367 
   86   86    1    1    1    1    1    1    1    1  2.51481E+13 0.00456 
   87   87    1    1    1    1    1    1    1    1  1.54982E+13 0.00554 
   88   88    1    1    1    1    1    1    1    1  1.04359E+13 0.00747 
   89   89    1    1    1    1    1    1    1    1  6.12648E+12 0.01037 
   90   90    1    1    1    1    1    1    1    1  4.03501E+12 0.00967 
   91   91    1    1    1    1    1    1    1    1  2.09727E+12 0.01806 
   92   92    1    1    1    1    1    1    1    1  9.89176E+11 0.02394 
   93   93    1    1    1    1    1    1    1    1  4.92709E+11 0.03740 
   94   94    1    1    1    1    1    1    1    1  2.28622E+11 0.06084 
   95   95    1    1    1    1    1    1    1    1  1.17120E+11 0.07152 
   96   96    1    1    1    1    1    1    1    1  5.31648E+10 0.11225 
   97   97    1    1    1    1    1    1    1    1  2.47118E+10 0.13537 
   98   98    1    1    1    1    1    1    1    1  1.15798E+10 0.19633 
   99   99    1    1    1    1    1    1    1    1  8.29817E+09 0.28057 
  100  100    1    1    1    1    1    1    1    1  5.46767E+09 0.30486 
];


