
DETdpaspec = [
    1    1    1    1    1    1    1    1    1    1  0.00000E+00 0.00000 
    2    2    1    1    1    1    1    1    1    1  0.00000E+00 0.00000 
    3    3    1    1    1    1    1    1    1    1  0.00000E+00 0.00000 
    4    4    1    1    1    1    1    1    1    1  0.00000E+00 0.00000 
    5    5    1    1    1    1    1    1    1    1  0.00000E+00 0.00000 
    6    6    1    1    1    1    1    1    1    1  0.00000E+00 0.00000 
    7    7    1    1    1    1    1    1    1    1  0.00000E+00 0.00000 
    8    8    1    1    1    1    1    1    1    1  2.67961E+07 1.00000 
    9    9    1    1    1    1    1    1    1    1  0.00000E+00 0.00000 
   10   10    1    1    1    1    1    1    1    1  2.76924E+07 1.00000 
   11   11    1    1    1    1    1    1    1    1  4.97243E+07 1.00000 
   12   12    1    1    1    1    1    1    1    1  8.98433E+07 0.55068 
   13   13    1    1    1    1    1    1    1    1  1.66032E+09 0.59726 
   14   14    1    1    1    1    1    1    1    1  3.47292E+09 0.44576 
   15   15    1    1    1    1    1    1    1    1  4.54278E+09 0.32065 
   16   16    1    1    1    1    1    1    1    1  1.58846E+09 0.46049 
   17   17    1    1    1    1    1    1    1    1  1.84938E+09 0.30701 
   18   18    1    1    1    1    1    1    1    1  4.11633E+09 0.25354 
   19   19    1    1    1    1    1    1    1    1  8.01133E+09 0.22662 
   20   20    1    1    1    1    1    1    1    1  1.51904E+10 0.14616 
   21   21    1    1    1    1    1    1    1    1  1.78855E+10 0.13141 
   22   22    1    1    1    1    1    1    1    1  4.33737E+10 0.10569 
   23   23    1    1    1    1    1    1    1    1  5.21498E+10 0.08717 
   24   24    1    1    1    1    1    1    1    1  1.01551E+11 0.07011 
   25   25    1    1    1    1    1    1    1    1  1.29164E+11 0.07226 
   26   26    1    1    1    1    1    1    1    1  2.05704E+11 0.04467 
   27   27    1    1    1    1    1    1    1    1  4.00750E+11 0.03942 
   28   28    1    1    1    1    1    1    1    1  9.39366E+11 0.02333 
   29   29    1    1    1    1    1    1    1    1  1.60721E+12 0.02583 
   30   30    1    1    1    1    1    1    1    1  4.40486E+12 0.00910 
   31   31    1    1    1    1    1    1    1    1  1.31997E+13 0.00680 
   32   32    1    1    1    1    1    1    1    1  2.39615E+13 0.00542 
   33   33    1    1    1    1    1    1    1    1  5.65010E+13 0.00437 
   34   34    1    1    1    1    1    1    1    1  7.81381E+13 0.00278 
   35   35    1    1    1    1    1    1    1    1  1.00917E+14 0.00193 
   36   36    1    1    1    1    1    1    1    1  6.86666E+13 0.00206 
   37   37    1    1    1    1    1    1    1    1  2.09534E+13 0.00212 
   38   38    1    1    1    1    1    1    1    1  1.17289E+14 0.00183 
   39   39    1    1    1    1    1    1    1    1  1.57473E+14 0.00107 
   40   40    1    1    1    1    1    1    1    1  2.71177E+14 0.00134 
   41   41    1    1    1    1    1    1    1    1  2.71635E+14 0.00153 
   42   42    1    1    1    1    1    1    1    1  5.76095E+14 0.00130 
   43   43    1    1    1    1    1    1    1    1  6.92800E+14 0.00122 
   44   44    1    1    1    1    1    1    1    1  9.95867E+14 0.00117 
   45   45    1    1    1    1    1    1    1    1  1.98285E+15 0.00100 
   46   46    1    1    1    1    1    1    1    1  9.38022E+14 0.00094 
   47   47    1    1    1    1    1    1    1    1  1.49671E+15 0.00063 
   48   48    1    1    1    1    1    1    1    1  2.09625E+15 0.00065 
   49   49    1    1    1    1    1    1    1    1  2.05933E+15 0.00080 
   50   50    1    1    1    1    1    1    1    1  3.23266E+15 0.00072 
   51   51    1    1    1    1    1    1    1    1  2.57124E+15 0.00091 
   52   52    1    1    1    1    1    1    1    1  3.06992E+15 0.00068 
   53   53    1    1    1    1    1    1    1    1  2.14205E+15 0.00084 
   54   54    1    1    1    1    1    1    1    1  2.63324E+15 0.00079 
   55   55    1    1    1    1    1    1    1    1  1.81994E+15 0.00087 
   56   56    1    1    1    1    1    1    1    1  2.47703E+14 0.00105 
   57   57    1    1    1    1    1    1    1    1  3.61734E+15 0.00074 
   58   58    1    1    1    1    1    1    1    1  1.62099E+15 0.00092 
   59   59    1    1    1    1    1    1    1    1  1.72843E+15 0.00072 
   60   60    1    1    1    1    1    1    1    1  1.35324E+15 0.00086 
   61   61    1    1    1    1    1    1    1    1  1.35655E+15 0.00084 
   62   62    1    1    1    1    1    1    1    1  1.41036E+15 0.00104 
   63   63    1    1    1    1    1    1    1    1  1.18804E+15 0.00067 
   64   64    1    1    1    1    1    1    1    1  9.46043E+14 0.00105 
   65   65    1    1    1    1    1    1    1    1  9.40903E+14 0.00087 
   66   66    1    1    1    1    1    1    1    1  6.83861E+14 0.00098 
   67   67    1    1    1    1    1    1    1    1  5.58137E+14 0.00112 
   68   68    1    1    1    1    1    1    1    1  4.99674E+14 0.00137 
   69   69    1    1    1    1    1    1    1    1  6.00482E+14 0.00094 
   70   70    1    1    1    1    1    1    1    1  5.12742E+14 0.00138 
   71   71    1    1    1    1    1    1    1    1  9.33421E+14 0.00108 
   72   72    1    1    1    1    1    1    1    1  6.62614E+14 0.00114 
   73   73    1    1    1    1    1    1    1    1  4.99955E+14 0.00155 
   74   74    1    1    1    1    1    1    1    1  4.03403E+14 0.00134 
   75   75    1    1    1    1    1    1    1    1  3.35234E+14 0.00102 
   76   76    1    1    1    1    1    1    1    1  3.89341E+14 0.00138 
   77   77    1    1    1    1    1    1    1    1  3.08000E+14 0.00154 
   78   78    1    1    1    1    1    1    1    1  2.45581E+14 0.00163 
   79   79    1    1    1    1    1    1    1    1  2.53185E+14 0.00129 
   80   80    1    1    1    1    1    1    1    1  1.87747E+14 0.00220 
   81   81    1    1    1    1    1    1    1    1  1.44504E+14 0.00233 
   82   82    1    1    1    1    1    1    1    1  1.11376E+14 0.00218 
   83   83    1    1    1    1    1    1    1    1  1.03889E+14 0.00266 
   84   84    1    1    1    1    1    1    1    1  7.52533E+13 0.00391 
   85   85    1    1    1    1    1    1    1    1  5.38937E+13 0.00443 
   86   86    1    1    1    1    1    1    1    1  5.08462E+13 0.00343 
   87   87    1    1    1    1    1    1    1    1  3.10710E+13 0.00342 
   88   88    1    1    1    1    1    1    1    1  2.12350E+13 0.00490 
   89   89    1    1    1    1    1    1    1    1  1.21215E+13 0.00567 
   90   90    1    1    1    1    1    1    1    1  7.87628E+12 0.00731 
   91   91    1    1    1    1    1    1    1    1  4.00409E+12 0.01227 
   92   92    1    1    1    1    1    1    1    1  1.97060E+12 0.01824 
   93   93    1    1    1    1    1    1    1    1  9.68190E+11 0.02082 
   94   94    1    1    1    1    1    1    1    1  4.26675E+11 0.03843 
   95   95    1    1    1    1    1    1    1    1  2.25684E+11 0.05574 
   96   96    1    1    1    1    1    1    1    1  9.83735E+10 0.06535 
   97   97    1    1    1    1    1    1    1    1  4.50238E+10 0.09158 
   98   98    1    1    1    1    1    1    1    1  2.79530E+10 0.15792 
   99   99    1    1    1    1    1    1    1    1  1.22379E+10 0.13974 
  100  100    1    1    1    1    1    1    1    1  6.23333E+09 0.28792 
];


