
DETdpaspec = [
    1    1    1    1    1    1    1    1    1    1  0.00000E+00 0.00000 
    2    2    1    1    1    1    1    1    1    1  0.00000E+00 0.00000 
    3    3    1    1    1    1    1    1    1    1  0.00000E+00 0.00000 
    4    4    1    1    1    1    1    1    1    1  0.00000E+00 0.00000 
    5    5    1    1    1    1    1    1    1    1  0.00000E+00 0.00000 
    6    6    1    1    1    1    1    1    1    1  0.00000E+00 0.00000 
    7    7    1    1    1    1    1    1    1    1  0.00000E+00 0.00000 
    8    8    1    1    1    1    1    1    1    1  0.00000E+00 0.00000 
    9    9    1    1    1    1    1    1    1    1  0.00000E+00 0.00000 
   10   10    1    1    1    1    1    1    1    1  2.21343E+08 0.60307 
   11   11    1    1    1    1    1    1    1    1  2.99493E+08 0.60701 
   12   12    1    1    1    1    1    1    1    1  0.00000E+00 0.00000 
   13   13    1    1    1    1    1    1    1    1  1.59625E+09 0.37123 
   14   14    1    1    1    1    1    1    1    1  2.14707E+09 0.34170 
   15   15    1    1    1    1    1    1    1    1  5.26171E+09 0.36898 
   16   16    1    1    1    1    1    1    1    1  1.02437E+09 0.43484 
   17   17    1    1    1    1    1    1    1    1  2.42922E+09 0.23956 
   18   18    1    1    1    1    1    1    1    1  6.04390E+09 0.29916 
   19   19    1    1    1    1    1    1    1    1  6.26068E+09 0.21716 
   20   20    1    1    1    1    1    1    1    1  2.17615E+10 0.13024 
   21   21    1    1    1    1    1    1    1    1  1.49881E+10 0.10368 
   22   22    1    1    1    1    1    1    1    1  4.70701E+10 0.10161 
   23   23    1    1    1    1    1    1    1    1  7.02453E+10 0.07100 
   24   24    1    1    1    1    1    1    1    1  9.84802E+10 0.05710 
   25   25    1    1    1    1    1    1    1    1  1.23612E+11 0.03936 
   26   26    1    1    1    1    1    1    1    1  1.96756E+11 0.04337 
   27   27    1    1    1    1    1    1    1    1  3.88385E+11 0.02879 
   28   28    1    1    1    1    1    1    1    1  7.42132E+11 0.01588 
   29   29    1    1    1    1    1    1    1    1  1.11587E+12 0.02529 
   30   30    1    1    1    1    1    1    1    1  3.33026E+12 0.01517 
   31   31    1    1    1    1    1    1    1    1  1.00960E+13 0.00835 
   32   32    1    1    1    1    1    1    1    1  1.85603E+13 0.00502 
   33   33    1    1    1    1    1    1    1    1  4.18227E+13 0.00458 
   34   34    1    1    1    1    1    1    1    1  5.63805E+13 0.00396 
   35   35    1    1    1    1    1    1    1    1  7.96124E+13 0.00230 
   36   36    1    1    1    1    1    1    1    1  5.60379E+13 0.00227 
   37   37    1    1    1    1    1    1    1    1  1.75336E+13 0.00242 
   38   38    1    1    1    1    1    1    1    1  9.55098E+13 0.00181 
   39   39    1    1    1    1    1    1    1    1  1.27558E+14 0.00249 
   40   40    1    1    1    1    1    1    1    1  2.16098E+14 0.00163 
   41   41    1    1    1    1    1    1    1    1  2.21210E+14 0.00173 
   42   42    1    1    1    1    1    1    1    1  4.57835E+14 0.00167 
   43   43    1    1    1    1    1    1    1    1  5.47606E+14 0.00124 
   44   44    1    1    1    1    1    1    1    1  7.80673E+14 0.00096 
   45   45    1    1    1    1    1    1    1    1  1.52128E+15 0.00104 
   46   46    1    1    1    1    1    1    1    1  7.27197E+14 0.00112 
   47   47    1    1    1    1    1    1    1    1  1.16804E+15 0.00123 
   48   48    1    1    1    1    1    1    1    1  1.62711E+15 0.00098 
   49   49    1    1    1    1    1    1    1    1  1.60308E+15 0.00138 
   50   50    1    1    1    1    1    1    1    1  2.47425E+15 0.00111 
   51   51    1    1    1    1    1    1    1    1  1.99553E+15 0.00107 
   52   52    1    1    1    1    1    1    1    1  2.32944E+15 0.00099 
   53   53    1    1    1    1    1    1    1    1  1.62906E+15 0.00116 
   54   54    1    1    1    1    1    1    1    1  1.96509E+15 0.00113 
   55   55    1    1    1    1    1    1    1    1  1.36117E+15 0.00137 
   56   56    1    1    1    1    1    1    1    1  1.86554E+14 0.00135 
   57   57    1    1    1    1    1    1    1    1  2.70443E+15 0.00106 
   58   58    1    1    1    1    1    1    1    1  1.18044E+15 0.00121 
   59   59    1    1    1    1    1    1    1    1  1.26415E+15 0.00101 
   60   60    1    1    1    1    1    1    1    1  9.73017E+14 0.00096 
   61   61    1    1    1    1    1    1    1    1  9.77938E+14 0.00111 
   62   62    1    1    1    1    1    1    1    1  1.01229E+15 0.00112 
   63   63    1    1    1    1    1    1    1    1  8.48688E+14 0.00143 
   64   64    1    1    1    1    1    1    1    1  6.74099E+14 0.00137 
   65   65    1    1    1    1    1    1    1    1  6.68856E+14 0.00114 
   66   66    1    1    1    1    1    1    1    1  4.85755E+14 0.00124 
   67   67    1    1    1    1    1    1    1    1  3.97237E+14 0.00119 
   68   68    1    1    1    1    1    1    1    1  3.57660E+14 0.00138 
   69   69    1    1    1    1    1    1    1    1  4.29792E+14 0.00154 
   70   70    1    1    1    1    1    1    1    1  3.66361E+14 0.00126 
   71   71    1    1    1    1    1    1    1    1  6.77220E+14 0.00142 
   72   72    1    1    1    1    1    1    1    1  4.81451E+14 0.00147 
   73   73    1    1    1    1    1    1    1    1  3.61731E+14 0.00160 
   74   74    1    1    1    1    1    1    1    1  2.88157E+14 0.00178 
   75   75    1    1    1    1    1    1    1    1  2.36481E+14 0.00111 
   76   76    1    1    1    1    1    1    1    1  2.70559E+14 0.00197 
   77   77    1    1    1    1    1    1    1    1  2.11001E+14 0.00152 
   78   78    1    1    1    1    1    1    1    1  1.66519E+14 0.00217 
   79   79    1    1    1    1    1    1    1    1  1.70557E+14 0.00216 
   80   80    1    1    1    1    1    1    1    1  1.25898E+14 0.00236 
   81   81    1    1    1    1    1    1    1    1  9.64332E+13 0.00208 
   82   82    1    1    1    1    1    1    1    1  7.41683E+13 0.00222 
   83   83    1    1    1    1    1    1    1    1  6.90108E+13 0.00352 
   84   84    1    1    1    1    1    1    1    1  4.98341E+13 0.00374 
   85   85    1    1    1    1    1    1    1    1  3.57947E+13 0.00424 
   86   86    1    1    1    1    1    1    1    1  3.37527E+13 0.00328 
   87   87    1    1    1    1    1    1    1    1  2.05858E+13 0.00440 
   88   88    1    1    1    1    1    1    1    1  1.39686E+13 0.00742 
   89   89    1    1    1    1    1    1    1    1  8.08128E+12 0.00754 
   90   90    1    1    1    1    1    1    1    1  5.32548E+12 0.00986 
   91   91    1    1    1    1    1    1    1    1  2.71150E+12 0.01508 
   92   92    1    1    1    1    1    1    1    1  1.29123E+12 0.01742 
   93   93    1    1    1    1    1    1    1    1  6.22958E+11 0.02213 
   94   94    1    1    1    1    1    1    1    1  3.03877E+11 0.03579 
   95   95    1    1    1    1    1    1    1    1  1.67663E+11 0.04163 
   96   96    1    1    1    1    1    1    1    1  6.58154E+10 0.09297 
   97   97    1    1    1    1    1    1    1    1  3.07998E+10 0.11404 
   98   98    1    1    1    1    1    1    1    1  1.64734E+10 0.17868 
   99   99    1    1    1    1    1    1    1    1  5.79183E+09 0.33735 
  100  100    1    1    1    1    1    1    1    1  6.59536E+09 0.35495 
];


