
DETdpaspec = [
    1    1    1    1    1    1    1    1    1    1  0.00000E+00 0.00000 
    2    2    1    1    1    1    1    1    1    1  0.00000E+00 0.00000 
    3    3    1    1    1    1    1    1    1    1  0.00000E+00 0.00000 
    4    4    1    1    1    1    1    1    1    1  0.00000E+00 0.00000 
    5    5    1    1    1    1    1    1    1    1  0.00000E+00 0.00000 
    6    6    1    1    1    1    1    1    1    1  9.50284E+06 1.00000 
    7    7    1    1    1    1    1    1    1    1  0.00000E+00 0.00000 
    8    8    1    1    1    1    1    1    1    1  0.00000E+00 0.00000 
    9    9    1    1    1    1    1    1    1    1  0.00000E+00 0.00000 
   10   10    1    1    1    1    1    1    1    1  4.35378E+07 1.00000 
   11   11    1    1    1    1    1    1    1    1  1.03283E+08 0.69408 
   12   12    1    1    1    1    1    1    1    1  1.52291E+08 0.55299 
   13   13    1    1    1    1    1    1    1    1  9.19796E+08 0.49270 
   14   14    1    1    1    1    1    1    1    1  5.17267E+09 0.29217 
   15   15    1    1    1    1    1    1    1    1  6.02227E+09 0.21993 
   16   16    1    1    1    1    1    1    1    1  1.98715E+09 0.36815 
   17   17    1    1    1    1    1    1    1    1  2.16001E+09 0.38355 
   18   18    1    1    1    1    1    1    1    1  5.91774E+09 0.24365 
   19   19    1    1    1    1    1    1    1    1  4.49778E+09 0.26549 
   20   20    1    1    1    1    1    1    1    1  2.38226E+10 0.11652 
   21   21    1    1    1    1    1    1    1    1  1.62130E+10 0.12438 
   22   22    1    1    1    1    1    1    1    1  3.49154E+10 0.10895 
   23   23    1    1    1    1    1    1    1    1  5.47074E+10 0.06548 
   24   24    1    1    1    1    1    1    1    1  1.06813E+11 0.07539 
   25   25    1    1    1    1    1    1    1    1  1.22329E+11 0.07967 
   26   26    1    1    1    1    1    1    1    1  2.09276E+11 0.05423 
   27   27    1    1    1    1    1    1    1    1  4.07373E+11 0.02879 
   28   28    1    1    1    1    1    1    1    1  9.14503E+11 0.02571 
   29   29    1    1    1    1    1    1    1    1  1.49809E+12 0.01608 
   30   30    1    1    1    1    1    1    1    1  4.17504E+12 0.01160 
   31   31    1    1    1    1    1    1    1    1  1.26743E+13 0.00514 
   32   32    1    1    1    1    1    1    1    1  2.32948E+13 0.00506 
   33   33    1    1    1    1    1    1    1    1  5.46490E+13 0.00351 
   34   34    1    1    1    1    1    1    1    1  7.57255E+13 0.00263 
   35   35    1    1    1    1    1    1    1    1  9.86628E+13 0.00259 
   36   36    1    1    1    1    1    1    1    1  6.76226E+13 0.00237 
   37   37    1    1    1    1    1    1    1    1  2.06023E+13 0.00251 
   38   38    1    1    1    1    1    1    1    1  1.15144E+14 0.00187 
   39   39    1    1    1    1    1    1    1    1  1.54638E+14 0.00112 
   40   40    1    1    1    1    1    1    1    1  2.65787E+14 0.00163 
   41   41    1    1    1    1    1    1    1    1  2.66890E+14 0.00175 
   42   42    1    1    1    1    1    1    1    1  5.63764E+14 0.00141 
   43   43    1    1    1    1    1    1    1    1  6.79312E+14 0.00120 
   44   44    1    1    1    1    1    1    1    1  9.75428E+14 0.00118 
   45   45    1    1    1    1    1    1    1    1  1.94080E+15 0.00097 
   46   46    1    1    1    1    1    1    1    1  9.20393E+14 0.00103 
   47   47    1    1    1    1    1    1    1    1  1.46880E+15 0.00088 
   48   48    1    1    1    1    1    1    1    1  2.06002E+15 0.00089 
   49   49    1    1    1    1    1    1    1    1  2.02727E+15 0.00097 
   50   50    1    1    1    1    1    1    1    1  3.17610E+15 0.00084 
   51   51    1    1    1    1    1    1    1    1  2.53216E+15 0.00068 
   52   52    1    1    1    1    1    1    1    1  3.01431E+15 0.00072 
   53   53    1    1    1    1    1    1    1    1  2.10398E+15 0.00083 
   54   54    1    1    1    1    1    1    1    1  2.58436E+15 0.00077 
   55   55    1    1    1    1    1    1    1    1  1.78714E+15 0.00083 
   56   56    1    1    1    1    1    1    1    1  2.43688E+14 0.00120 
   57   57    1    1    1    1    1    1    1    1  3.55402E+15 0.00066 
   58   58    1    1    1    1    1    1    1    1  1.58937E+15 0.00093 
   59   59    1    1    1    1    1    1    1    1  1.69551E+15 0.00093 
   60   60    1    1    1    1    1    1    1    1  1.32336E+15 0.00089 
   61   61    1    1    1    1    1    1    1    1  1.32859E+15 0.00092 
   62   62    1    1    1    1    1    1    1    1  1.38124E+15 0.00098 
   63   63    1    1    1    1    1    1    1    1  1.16382E+15 0.00102 
   64   64    1    1    1    1    1    1    1    1  9.27682E+14 0.00113 
   65   65    1    1    1    1    1    1    1    1  9.20713E+14 0.00116 
   66   66    1    1    1    1    1    1    1    1  6.70665E+14 0.00114 
   67   67    1    1    1    1    1    1    1    1  5.47978E+14 0.00113 
   68   68    1    1    1    1    1    1    1    1  4.90409E+14 0.00119 
   69   69    1    1    1    1    1    1    1    1  5.89258E+14 0.00127 
   70   70    1    1    1    1    1    1    1    1  5.01372E+14 0.00121 
   71   71    1    1    1    1    1    1    1    1  9.12363E+14 0.00084 
   72   72    1    1    1    1    1    1    1    1  6.48935E+14 0.00110 
   73   73    1    1    1    1    1    1    1    1  4.91085E+14 0.00130 
   74   74    1    1    1    1    1    1    1    1  3.95038E+14 0.00154 
   75   75    1    1    1    1    1    1    1    1  3.27865E+14 0.00146 
   76   76    1    1    1    1    1    1    1    1  3.80702E+14 0.00134 
   77   77    1    1    1    1    1    1    1    1  3.00336E+14 0.00151 
   78   78    1    1    1    1    1    1    1    1  2.39304E+14 0.00132 
   79   79    1    1    1    1    1    1    1    1  2.47105E+14 0.00194 
   80   80    1    1    1    1    1    1    1    1  1.83191E+14 0.00130 
   81   81    1    1    1    1    1    1    1    1  1.41678E+14 0.00215 
   82   82    1    1    1    1    1    1    1    1  1.08272E+14 0.00259 
   83   83    1    1    1    1    1    1    1    1  1.01966E+14 0.00261 
   84   84    1    1    1    1    1    1    1    1  7.27840E+13 0.00286 
   85   85    1    1    1    1    1    1    1    1  5.30478E+13 0.00322 
   86   86    1    1    1    1    1    1    1    1  4.93324E+13 0.00315 
   87   87    1    1    1    1    1    1    1    1  3.02346E+13 0.00367 
   88   88    1    1    1    1    1    1    1    1  2.05966E+13 0.00612 
   89   89    1    1    1    1    1    1    1    1  1.18209E+13 0.00644 
   90   90    1    1    1    1    1    1    1    1  7.88785E+12 0.00871 
   91   91    1    1    1    1    1    1    1    1  3.91447E+12 0.01046 
   92   92    1    1    1    1    1    1    1    1  1.90888E+12 0.01537 
   93   93    1    1    1    1    1    1    1    1  9.27729E+11 0.02149 
   94   94    1    1    1    1    1    1    1    1  4.39963E+11 0.03783 
   95   95    1    1    1    1    1    1    1    1  2.15046E+11 0.05157 
   96   96    1    1    1    1    1    1    1    1  9.98426E+10 0.06473 
   97   97    1    1    1    1    1    1    1    1  4.67506E+10 0.12742 
   98   98    1    1    1    1    1    1    1    1  2.18430E+10 0.13461 
   99   99    1    1    1    1    1    1    1    1  6.98630E+09 0.29775 
  100  100    1    1    1    1    1    1    1    1  1.18688E+10 0.22330 
];


