
DETdpaspec = [
    1    1    1    1    1    1    1    1    1    1  0.00000E+00 0.00000 
    2    2    1    1    1    1    1    1    1    1  0.00000E+00 0.00000 
    3    3    1    1    1    1    1    1    1    1  0.00000E+00 0.00000 
    4    4    1    1    1    1    1    1    1    1  0.00000E+00 0.00000 
    5    5    1    1    1    1    1    1    1    1  0.00000E+00 0.00000 
    6    6    1    1    1    1    1    1    1    1  0.00000E+00 0.00000 
    7    7    1    1    1    1    1    1    1    1  0.00000E+00 0.00000 
    8    8    1    1    1    1    1    1    1    1  4.44149E+07 0.74885 
    9    9    1    1    1    1    1    1    1    1  2.01227E+07 0.73764 
   10   10    1    1    1    1    1    1    1    1  2.81679E+07 1.00000 
   11   11    1    1    1    1    1    1    1    1  1.39000E+08 0.55049 
   12   12    1    1    1    1    1    1    1    1  2.94061E+07 0.65522 
   13   13    1    1    1    1    1    1    1    1  4.65364E+08 0.60254 
   14   14    1    1    1    1    1    1    1    1  3.12297E+09 0.37069 
   15   15    1    1    1    1    1    1    1    1  5.33384E+09 0.31531 
   16   16    1    1    1    1    1    1    1    1  1.49851E+09 0.32560 
   17   17    1    1    1    1    1    1    1    1  2.42686E+09 0.35613 
   18   18    1    1    1    1    1    1    1    1  4.08241E+09 0.23249 
   19   19    1    1    1    1    1    1    1    1  5.69478E+09 0.14792 
   20   20    1    1    1    1    1    1    1    1  2.84768E+10 0.14954 
   21   21    1    1    1    1    1    1    1    1  1.78766E+10 0.13024 
   22   22    1    1    1    1    1    1    1    1  4.16427E+10 0.08132 
   23   23    1    1    1    1    1    1    1    1  4.78045E+10 0.07195 
   24   24    1    1    1    1    1    1    1    1  9.83588E+10 0.05535 
   25   25    1    1    1    1    1    1    1    1  1.24101E+11 0.04021 
   26   26    1    1    1    1    1    1    1    1  2.05919E+11 0.05131 
   27   27    1    1    1    1    1    1    1    1  3.83957E+11 0.04782 
   28   28    1    1    1    1    1    1    1    1  8.43027E+11 0.02402 
   29   29    1    1    1    1    1    1    1    1  1.40280E+12 0.01809 
   30   30    1    1    1    1    1    1    1    1  3.96297E+12 0.01332 
   31   31    1    1    1    1    1    1    1    1  1.19404E+13 0.00685 
   32   32    1    1    1    1    1    1    1    1  2.16204E+13 0.00649 
   33   33    1    1    1    1    1    1    1    1  5.09863E+13 0.00423 
   34   34    1    1    1    1    1    1    1    1  7.01871E+13 0.00312 
   35   35    1    1    1    1    1    1    1    1  9.31553E+13 0.00282 
   36   36    1    1    1    1    1    1    1    1  6.43637E+13 0.00286 
   37   37    1    1    1    1    1    1    1    1  1.97790E+13 0.00263 
   38   38    1    1    1    1    1    1    1    1  1.09889E+14 0.00249 
   39   39    1    1    1    1    1    1    1    1  1.47260E+14 0.00196 
   40   40    1    1    1    1    1    1    1    1  2.53501E+14 0.00121 
   41   41    1    1    1    1    1    1    1    1  2.55045E+14 0.00132 
   42   42    1    1    1    1    1    1    1    1  5.38494E+14 0.00117 
   43   43    1    1    1    1    1    1    1    1  6.48451E+14 0.00138 
   44   44    1    1    1    1    1    1    1    1  9.30701E+14 0.00118 
   45   45    1    1    1    1    1    1    1    1  1.84480E+15 0.00098 
   46   46    1    1    1    1    1    1    1    1  8.76156E+14 0.00099 
   47   47    1    1    1    1    1    1    1    1  1.40272E+15 0.00125 
   48   48    1    1    1    1    1    1    1    1  1.96532E+15 0.00096 
   49   49    1    1    1    1    1    1    1    1  1.93450E+15 0.00078 
   50   50    1    1    1    1    1    1    1    1  3.02122E+15 0.00081 
   51   51    1    1    1    1    1    1    1    1  2.41767E+15 0.00085 
   52   52    1    1    1    1    1    1    1    1  2.86725E+15 0.00078 
   53   53    1    1    1    1    1    1    1    1  2.00218E+15 0.00073 
   54   54    1    1    1    1    1    1    1    1  2.45172E+15 0.00072 
   55   55    1    1    1    1    1    1    1    1  1.69581E+15 0.00091 
   56   56    1    1    1    1    1    1    1    1  2.31193E+14 0.00122 
   57   57    1    1    1    1    1    1    1    1  3.36940E+15 0.00077 
   58   58    1    1    1    1    1    1    1    1  1.50028E+15 0.00091 
   59   59    1    1    1    1    1    1    1    1  1.60368E+15 0.00061 
   60   60    1    1    1    1    1    1    1    1  1.24832E+15 0.00084 
   61   61    1    1    1    1    1    1    1    1  1.25131E+15 0.00098 
   62   62    1    1    1    1    1    1    1    1  1.30166E+15 0.00102 
   63   63    1    1    1    1    1    1    1    1  1.09648E+15 0.00096 
   64   64    1    1    1    1    1    1    1    1  8.72296E+14 0.00098 
   65   65    1    1    1    1    1    1    1    1  8.65775E+14 0.00097 
   66   66    1    1    1    1    1    1    1    1  6.30547E+14 0.00112 
   67   67    1    1    1    1    1    1    1    1  5.15382E+14 0.00091 
   68   68    1    1    1    1    1    1    1    1  4.62090E+14 0.00120 
   69   69    1    1    1    1    1    1    1    1  5.56334E+14 0.00110 
   70   70    1    1    1    1    1    1    1    1  4.72915E+14 0.00103 
   71   71    1    1    1    1    1    1    1    1  8.66435E+14 0.00118 
   72   72    1    1    1    1    1    1    1    1  6.14571E+14 0.00150 
   73   73    1    1    1    1    1    1    1    1  4.64423E+14 0.00145 
   74   74    1    1    1    1    1    1    1    1  3.72955E+14 0.00128 
   75   75    1    1    1    1    1    1    1    1  3.08921E+14 0.00200 
   76   76    1    1    1    1    1    1    1    1  3.57403E+14 0.00134 
   77   77    1    1    1    1    1    1    1    1  2.81139E+14 0.00196 
   78   78    1    1    1    1    1    1    1    1  2.23132E+14 0.00153 
   79   79    1    1    1    1    1    1    1    1  2.30313E+14 0.00129 
   80   80    1    1    1    1    1    1    1    1  1.70751E+14 0.00194 
   81   81    1    1    1    1    1    1    1    1  1.31115E+14 0.00211 
   82   82    1    1    1    1    1    1    1    1  1.00958E+14 0.00226 
   83   83    1    1    1    1    1    1    1    1  9.44539E+13 0.00203 
   84   84    1    1    1    1    1    1    1    1  6.78220E+13 0.00336 
   85   85    1    1    1    1    1    1    1    1  4.91732E+13 0.00393 
   86   86    1    1    1    1    1    1    1    1  4.57275E+13 0.00359 
   87   87    1    1    1    1    1    1    1    1  2.79464E+13 0.00310 
   88   88    1    1    1    1    1    1    1    1  1.89837E+13 0.00476 
   89   89    1    1    1    1    1    1    1    1  1.08449E+13 0.00900 
   90   90    1    1    1    1    1    1    1    1  7.27589E+12 0.00877 
   91   91    1    1    1    1    1    1    1    1  3.65324E+12 0.01162 
   92   92    1    1    1    1    1    1    1    1  1.75678E+12 0.01585 
   93   93    1    1    1    1    1    1    1    1  8.76277E+11 0.02322 
   94   94    1    1    1    1    1    1    1    1  4.29847E+11 0.03650 
   95   95    1    1    1    1    1    1    1    1  2.00307E+11 0.03690 
   96   96    1    1    1    1    1    1    1    1  9.67295E+10 0.06492 
   97   97    1    1    1    1    1    1    1    1  4.35281E+10 0.11103 
   98   98    1    1    1    1    1    1    1    1  2.32101E+10 0.10675 
   99   99    1    1    1    1    1    1    1    1  1.70024E+10 0.14229 
  100  100    1    1    1    1    1    1    1    1  7.82912E+09 0.26360 
];


