
DETdpaspec = [
    1    1    1    1    1    1    1    1    1    1  0.00000E+00 0.00000 
    2    2    1    1    1    1    1    1    1    1  0.00000E+00 0.00000 
    3    3    1    1    1    1    1    1    1    1  0.00000E+00 0.00000 
    4    4    1    1    1    1    1    1    1    1  0.00000E+00 0.00000 
    5    5    1    1    1    1    1    1    1    1  1.06769E+07 1.00000 
    6    6    1    1    1    1    1    1    1    1  0.00000E+00 0.00000 
    7    7    1    1    1    1    1    1    1    1  0.00000E+00 0.00000 
    8    8    1    1    1    1    1    1    1    1  0.00000E+00 0.00000 
    9    9    1    1    1    1    1    1    1    1  7.59132E+06 1.00000 
   10   10    1    1    1    1    1    1    1    1  4.44778E+07 1.00000 
   11   11    1    1    1    1    1    1    1    1  5.07923E+07 1.00000 
   12   12    1    1    1    1    1    1    1    1  8.15639E+07 0.47174 
   13   13    1    1    1    1    1    1    1    1  8.73922E+08 0.42830 
   14   14    1    1    1    1    1    1    1    1  2.96711E+09 0.31993 
   15   15    1    1    1    1    1    1    1    1  3.11514E+09 0.41567 
   16   16    1    1    1    1    1    1    1    1  6.22537E+08 0.46152 
   17   17    1    1    1    1    1    1    1    1  1.80828E+09 0.33230 
   18   18    1    1    1    1    1    1    1    1  4.42437E+09 0.26103 
   19   19    1    1    1    1    1    1    1    1  7.39144E+09 0.10563 
   20   20    1    1    1    1    1    1    1    1  2.72193E+10 0.12330 
   21   21    1    1    1    1    1    1    1    1  1.76063E+10 0.13066 
   22   22    1    1    1    1    1    1    1    1  3.86542E+10 0.11041 
   23   23    1    1    1    1    1    1    1    1  6.55497E+10 0.07171 
   24   24    1    1    1    1    1    1    1    1  9.53194E+10 0.07448 
   25   25    1    1    1    1    1    1    1    1  1.26870E+11 0.07151 
   26   26    1    1    1    1    1    1    1    1  2.07305E+11 0.04635 
   27   27    1    1    1    1    1    1    1    1  3.53213E+11 0.03094 
   28   28    1    1    1    1    1    1    1    1  8.07123E+11 0.02096 
   29   29    1    1    1    1    1    1    1    1  1.29763E+12 0.01702 
   30   30    1    1    1    1    1    1    1    1  3.69120E+12 0.01807 
   31   31    1    1    1    1    1    1    1    1  1.14298E+13 0.00598 
   32   32    1    1    1    1    1    1    1    1  2.10933E+13 0.00633 
   33   33    1    1    1    1    1    1    1    1  4.95617E+13 0.00428 
   34   34    1    1    1    1    1    1    1    1  6.79857E+13 0.00185 
   35   35    1    1    1    1    1    1    1    1  9.15026E+13 0.00247 
   36   36    1    1    1    1    1    1    1    1  6.33235E+13 0.00231 
   37   37    1    1    1    1    1    1    1    1  1.95719E+13 0.00232 
   38   38    1    1    1    1    1    1    1    1  1.08064E+14 0.00196 
   39   39    1    1    1    1    1    1    1    1  1.45068E+14 0.00168 
   40   40    1    1    1    1    1    1    1    1  2.49264E+14 0.00163 
   41   41    1    1    1    1    1    1    1    1  2.52506E+14 0.00157 
   42   42    1    1    1    1    1    1    1    1  5.30619E+14 0.00114 
   43   43    1    1    1    1    1    1    1    1  6.39406E+14 0.00113 
   44   44    1    1    1    1    1    1    1    1  9.17081E+14 0.00079 
   45   45    1    1    1    1    1    1    1    1  1.81517E+15 0.00092 
   46   46    1    1    1    1    1    1    1    1  8.63310E+14 0.00083 
   47   47    1    1    1    1    1    1    1    1  1.38260E+15 0.00086 
   48   48    1    1    1    1    1    1    1    1  1.93625E+15 0.00088 
   49   49    1    1    1    1    1    1    1    1  1.90697E+15 0.00066 
   50   50    1    1    1    1    1    1    1    1  2.97635E+15 0.00059 
   51   51    1    1    1    1    1    1    1    1  2.38136E+15 0.00074 
   52   52    1    1    1    1    1    1    1    1  2.82088E+15 0.00067 
   53   53    1    1    1    1    1    1    1    1  1.97163E+15 0.00072 
   54   54    1    1    1    1    1    1    1    1  2.40850E+15 0.00066 
   55   55    1    1    1    1    1    1    1    1  1.66613E+15 0.00081 
   56   56    1    1    1    1    1    1    1    1  2.27347E+14 0.00088 
   57   57    1    1    1    1    1    1    1    1  3.31783E+15 0.00064 
   58   58    1    1    1    1    1    1    1    1  1.47272E+15 0.00077 
   59   59    1    1    1    1    1    1    1    1  1.57523E+15 0.00081 
   60   60    1    1    1    1    1    1    1    1  1.22713E+15 0.00104 
   61   61    1    1    1    1    1    1    1    1  1.22835E+15 0.00105 
   62   62    1    1    1    1    1    1    1    1  1.27787E+15 0.00089 
   63   63    1    1    1    1    1    1    1    1  1.07480E+15 0.00099 
   64   64    1    1    1    1    1    1    1    1  8.55579E+14 0.00106 
   65   65    1    1    1    1    1    1    1    1  8.49125E+14 0.00094 
   66   66    1    1    1    1    1    1    1    1  6.17522E+14 0.00123 
   67   67    1    1    1    1    1    1    1    1  5.04472E+14 0.00123 
   68   68    1    1    1    1    1    1    1    1  4.52729E+14 0.00119 
   69   69    1    1    1    1    1    1    1    1  5.44239E+14 0.00108 
   70   70    1    1    1    1    1    1    1    1  4.64198E+14 0.00081 
   71   71    1    1    1    1    1    1    1    1  8.49865E+14 0.00078 
   72   72    1    1    1    1    1    1    1    1  6.04000E+14 0.00089 
   73   73    1    1    1    1    1    1    1    1  4.54818E+14 0.00168 
   74   74    1    1    1    1    1    1    1    1  3.66137E+14 0.00109 
   75   75    1    1    1    1    1    1    1    1  3.02881E+14 0.00133 
   76   76    1    1    1    1    1    1    1    1  3.49915E+14 0.00127 
   77   77    1    1    1    1    1    1    1    1  2.75475E+14 0.00178 
   78   78    1    1    1    1    1    1    1    1  2.19129E+14 0.00129 
   79   79    1    1    1    1    1    1    1    1  2.25145E+14 0.00163 
   80   80    1    1    1    1    1    1    1    1  1.66664E+14 0.00191 
   81   81    1    1    1    1    1    1    1    1  1.28397E+14 0.00172 
   82   82    1    1    1    1    1    1    1    1  9.87669E+13 0.00256 
   83   83    1    1    1    1    1    1    1    1  9.21764E+13 0.00207 
   84   84    1    1    1    1    1    1    1    1  6.63281E+13 0.00295 
   85   85    1    1    1    1    1    1    1    1  4.76200E+13 0.00387 
   86   86    1    1    1    1    1    1    1    1  4.48500E+13 0.00347 
   87   87    1    1    1    1    1    1    1    1  2.75337E+13 0.00357 
   88   88    1    1    1    1    1    1    1    1  1.87472E+13 0.00434 
   89   89    1    1    1    1    1    1    1    1  1.06544E+13 0.00811 
   90   90    1    1    1    1    1    1    1    1  7.05230E+12 0.00906 
   91   91    1    1    1    1    1    1    1    1  3.66181E+12 0.01131 
   92   92    1    1    1    1    1    1    1    1  1.78092E+12 0.01805 
   93   93    1    1    1    1    1    1    1    1  8.46831E+11 0.02335 
   94   94    1    1    1    1    1    1    1    1  3.79722E+11 0.04595 
   95   95    1    1    1    1    1    1    1    1  1.75016E+11 0.05662 
   96   96    1    1    1    1    1    1    1    1  8.94617E+10 0.09681 
   97   97    1    1    1    1    1    1    1    1  4.56144E+10 0.10928 
   98   98    1    1    1    1    1    1    1    1  2.62587E+10 0.15640 
   99   99    1    1    1    1    1    1    1    1  1.06958E+10 0.19055 
  100  100    1    1    1    1    1    1    1    1  5.69758E+09 0.33455 
];


