
DETdpaspec = [
    1    1    1    1    1    1    1    1    1    1  0.00000E+00 0.00000 
    2    2    1    1    1    1    1    1    1    1  0.00000E+00 0.00000 
    3    3    1    1    1    1    1    1    1    1  0.00000E+00 0.00000 
    4    4    1    1    1    1    1    1    1    1  7.75657E+06 1.00000 
    5    5    1    1    1    1    1    1    1    1  7.58021E+06 1.00000 
    6    6    1    1    1    1    1    1    1    1  0.00000E+00 0.00000 
    7    7    1    1    1    1    1    1    1    1  0.00000E+00 0.00000 
    8    8    1    1    1    1    1    1    1    1  0.00000E+00 0.00000 
    9    9    1    1    1    1    1    1    1    1  0.00000E+00 0.00000 
   10   10    1    1    1    1    1    1    1    1  0.00000E+00 0.00000 
   11   11    1    1    1    1    1    1    1    1  4.49800E+07 1.00000 
   12   12    1    1    1    1    1    1    1    1  9.31416E+07 0.44072 
   13   13    1    1    1    1    1    1    1    1  4.10993E+08 0.62174 
   14   14    1    1    1    1    1    1    1    1  7.52557E+08 0.33754 
   15   15    1    1    1    1    1    1    1    1  3.12653E+09 0.30596 
   16   16    1    1    1    1    1    1    1    1  1.12940E+09 0.33502 
   17   17    1    1    1    1    1    1    1    1  4.48252E+09 0.20150 
   18   18    1    1    1    1    1    1    1    1  8.73888E+09 0.16493 
   19   19    1    1    1    1    1    1    1    1  5.90916E+09 0.15808 
   20   20    1    1    1    1    1    1    1    1  2.67135E+10 0.12741 
   21   21    1    1    1    1    1    1    1    1  1.93085E+10 0.10768 
   22   22    1    1    1    1    1    1    1    1  4.61403E+10 0.08459 
   23   23    1    1    1    1    1    1    1    1  6.62890E+10 0.06932 
   24   24    1    1    1    1    1    1    1    1  1.13708E+11 0.05905 
   25   25    1    1    1    1    1    1    1    1  1.39749E+11 0.06106 
   26   26    1    1    1    1    1    1    1    1  2.12900E+11 0.05254 
   27   27    1    1    1    1    1    1    1    1  3.82415E+11 0.03725 
   28   28    1    1    1    1    1    1    1    1  7.30082E+11 0.02931 
   29   29    1    1    1    1    1    1    1    1  1.07275E+12 0.01234 
   30   30    1    1    1    1    1    1    1    1  3.20244E+12 0.01023 
   31   31    1    1    1    1    1    1    1    1  9.77504E+12 0.00725 
   32   32    1    1    1    1    1    1    1    1  1.79698E+13 0.00582 
   33   33    1    1    1    1    1    1    1    1  4.05200E+13 0.00355 
   34   34    1    1    1    1    1    1    1    1  5.41929E+13 0.00393 
   35   35    1    1    1    1    1    1    1    1  7.67972E+13 0.00312 
   36   36    1    1    1    1    1    1    1    1  5.40810E+13 0.00266 
   37   37    1    1    1    1    1    1    1    1  1.70984E+13 0.00252 
   38   38    1    1    1    1    1    1    1    1  9.23505E+13 0.00271 
   39   39    1    1    1    1    1    1    1    1  1.23350E+14 0.00184 
   40   40    1    1    1    1    1    1    1    1  2.07578E+14 0.00123 
   41   41    1    1    1    1    1    1    1    1  2.13275E+14 0.00148 
   42   42    1    1    1    1    1    1    1    1  4.38407E+14 0.00143 
   43   43    1    1    1    1    1    1    1    1  5.23771E+14 0.00119 
   44   44    1    1    1    1    1    1    1    1  7.45990E+14 0.00140 
   45   45    1    1    1    1    1    1    1    1  1.44404E+15 0.00172 
   46   46    1    1    1    1    1    1    1    1  6.90535E+14 0.00130 
   47   47    1    1    1    1    1    1    1    1  1.10882E+15 0.00108 
   48   48    1    1    1    1    1    1    1    1  1.54392E+15 0.00112 
   49   49    1    1    1    1    1    1    1    1  1.52074E+15 0.00117 
   50   50    1    1    1    1    1    1    1    1  2.33865E+15 0.00118 
   51   51    1    1    1    1    1    1    1    1  1.88973E+15 0.00082 
   52   52    1    1    1    1    1    1    1    1  2.19353E+15 0.00073 
   53   53    1    1    1    1    1    1    1    1  1.53389E+15 0.00078 
   54   54    1    1    1    1    1    1    1    1  1.84056E+15 0.00074 
   55   55    1    1    1    1    1    1    1    1  1.27660E+15 0.00099 
   56   56    1    1    1    1    1    1    1    1  1.75249E+14 0.00163 
   57   57    1    1    1    1    1    1    1    1  2.53493E+15 0.00128 
   58   58    1    1    1    1    1    1    1    1  1.10171E+15 0.00133 
   59   59    1    1    1    1    1    1    1    1  1.18050E+15 0.00128 
   60   60    1    1    1    1    1    1    1    1  9.05726E+14 0.00117 
   61   61    1    1    1    1    1    1    1    1  9.09794E+14 0.00150 
   62   62    1    1    1    1    1    1    1    1  9.41689E+14 0.00158 
   63   63    1    1    1    1    1    1    1    1  7.88301E+14 0.00171 
   64   64    1    1    1    1    1    1    1    1  6.25895E+14 0.00142 
   65   65    1    1    1    1    1    1    1    1  6.19811E+14 0.00179 
   66   66    1    1    1    1    1    1    1    1  4.51196E+14 0.00141 
   67   67    1    1    1    1    1    1    1    1  3.69624E+14 0.00136 
   68   68    1    1    1    1    1    1    1    1  3.32217E+14 0.00162 
   69   69    1    1    1    1    1    1    1    1  4.00011E+14 0.00191 
   70   70    1    1    1    1    1    1    1    1  3.40802E+14 0.00155 
   71   71    1    1    1    1    1    1    1    1  6.31049E+14 0.00145 
   72   72    1    1    1    1    1    1    1    1  4.47549E+14 0.00149 
   73   73    1    1    1    1    1    1    1    1  3.37417E+14 0.00136 
   74   74    1    1    1    1    1    1    1    1  2.67822E+14 0.00192 
   75   75    1    1    1    1    1    1    1    1  2.18684E+14 0.00230 
   76   76    1    1    1    1    1    1    1    1  2.49902E+14 0.00167 
   77   77    1    1    1    1    1    1    1    1  1.94876E+14 0.00168 
   78   78    1    1    1    1    1    1    1    1  1.52912E+14 0.00229 
   79   79    1    1    1    1    1    1    1    1  1.56220E+14 0.00296 
   80   80    1    1    1    1    1    1    1    1  1.15201E+14 0.00227 
   81   81    1    1    1    1    1    1    1    1  8.87815E+13 0.00298 
   82   82    1    1    1    1    1    1    1    1  6.80537E+13 0.00279 
   83   83    1    1    1    1    1    1    1    1  6.33116E+13 0.00287 
   84   84    1    1    1    1    1    1    1    1  4.57161E+13 0.00419 
   85   85    1    1    1    1    1    1    1    1  3.28819E+13 0.00440 
   86   86    1    1    1    1    1    1    1    1  3.06083E+13 0.00537 
   87   87    1    1    1    1    1    1    1    1  1.90796E+13 0.00446 
   88   88    1    1    1    1    1    1    1    1  1.28942E+13 0.00619 
   89   89    1    1    1    1    1    1    1    1  7.32927E+12 0.00721 
   90   90    1    1    1    1    1    1    1    1  4.94682E+12 0.01156 
   91   91    1    1    1    1    1    1    1    1  2.55528E+12 0.01383 
   92   92    1    1    1    1    1    1    1    1  1.23048E+12 0.01865 
   93   93    1    1    1    1    1    1    1    1  5.67232E+11 0.02537 
   94   94    1    1    1    1    1    1    1    1  2.70768E+11 0.04099 
   95   95    1    1    1    1    1    1    1    1  1.36444E+11 0.08999 
   96   96    1    1    1    1    1    1    1    1  7.95283E+10 0.06905 
   97   97    1    1    1    1    1    1    1    1  3.33058E+10 0.13734 
   98   98    1    1    1    1    1    1    1    1  1.50547E+10 0.19987 
   99   99    1    1    1    1    1    1    1    1  5.97261E+09 0.21254 
  100  100    1    1    1    1    1    1    1    1  5.80827E+09 0.37836 
];


