
DETdpaspec = [
    1    1    1    1    1    1    1    1    1    1  0.00000E+00 0.00000 
    2    2    1    1    1    1    1    1    1    1  0.00000E+00 0.00000 
    3    3    1    1    1    1    1    1    1    1  0.00000E+00 0.00000 
    4    4    1    1    1    1    1    1    1    1  0.00000E+00 0.00000 
    5    5    1    1    1    1    1    1    1    1  0.00000E+00 0.00000 
    6    6    1    1    1    1    1    1    1    1  0.00000E+00 0.00000 
    7    7    1    1    1    1    1    1    1    1  1.58291E+07 1.00000 
    8    8    1    1    1    1    1    1    1    1  0.00000E+00 0.00000 
    9    9    1    1    1    1    1    1    1    1  0.00000E+00 0.00000 
   10   10    1    1    1    1    1    1    1    1  0.00000E+00 0.00000 
   11   11    1    1    1    1    1    1    1    1  0.00000E+00 0.00000 
   12   12    1    1    1    1    1    1    1    1  9.25528E+07 0.53695 
   13   13    1    1    1    1    1    1    1    1  8.33620E+08 0.45030 
   14   14    1    1    1    1    1    1    1    1  2.03683E+09 0.63278 
   15   15    1    1    1    1    1    1    1    1  1.15499E+09 0.52096 
   16   16    1    1    1    1    1    1    1    1  5.31427E+08 0.71841 
   17   17    1    1    1    1    1    1    1    1  2.06268E+09 0.33032 
   18   18    1    1    1    1    1    1    1    1  4.58446E+09 0.36733 
   19   19    1    1    1    1    1    1    1    1  4.98095E+09 0.20806 
   20   20    1    1    1    1    1    1    1    1  2.42655E+10 0.16284 
   21   21    1    1    1    1    1    1    1    1  1.48009E+10 0.14828 
   22   22    1    1    1    1    1    1    1    1  3.29144E+10 0.12632 
   23   23    1    1    1    1    1    1    1    1  5.36845E+10 0.09094 
   24   24    1    1    1    1    1    1    1    1  9.78491E+10 0.09077 
   25   25    1    1    1    1    1    1    1    1  1.36269E+11 0.06971 
   26   26    1    1    1    1    1    1    1    1  2.40391E+11 0.03821 
   27   27    1    1    1    1    1    1    1    1  5.22862E+11 0.03295 
   28   28    1    1    1    1    1    1    1    1  1.28689E+12 0.01663 
   29   29    1    1    1    1    1    1    1    1  2.23176E+12 0.01272 
   30   30    1    1    1    1    1    1    1    1  5.72627E+12 0.00826 
   31   31    1    1    1    1    1    1    1    1  1.68394E+13 0.00639 
   32   32    1    1    1    1    1    1    1    1  2.93774E+13 0.00448 
   33   33    1    1    1    1    1    1    1    1  6.80738E+13 0.00315 
   34   34    1    1    1    1    1    1    1    1  9.33317E+13 0.00265 
   35   35    1    1    1    1    1    1    1    1  1.15179E+14 0.00205 
   36   36    1    1    1    1    1    1    1    1  7.64396E+13 0.00215 
   37   37    1    1    1    1    1    1    1    1  2.30870E+13 0.00194 
   38   38    1    1    1    1    1    1    1    1  1.29751E+14 0.00145 
   39   39    1    1    1    1    1    1    1    1  1.73545E+14 0.00107 
   40   40    1    1    1    1    1    1    1    1  2.99438E+14 0.00149 
   41   41    1    1    1    1    1    1    1    1  2.96774E+14 0.00138 
   42   42    1    1    1    1    1    1    1    1  6.31395E+14 0.00102 
   43   43    1    1    1    1    1    1    1    1  7.58788E+14 0.00068 
   44   44    1    1    1    1    1    1    1    1  1.08725E+15 0.00062 
   45   45    1    1    1    1    1    1    1    1  2.16471E+15 0.00049 
   46   46    1    1    1    1    1    1    1    1  1.01752E+15 0.00066 
   47   47    1    1    1    1    1    1    1    1  1.61757E+15 0.00068 
   48   48    1    1    1    1    1    1    1    1  2.26277E+15 0.00065 
   49   49    1    1    1    1    1    1    1    1  2.21390E+15 0.00072 
   50   50    1    1    1    1    1    1    1    1  3.48630E+15 0.00068 
   51   51    1    1    1    1    1    1    1    1  2.75045E+15 0.00078 
   52   52    1    1    1    1    1    1    1    1  3.29953E+15 0.00061 
   53   53    1    1    1    1    1    1    1    1  2.29666E+15 0.00049 
   54   54    1    1    1    1    1    1    1    1  2.83943E+15 0.00071 
   55   55    1    1    1    1    1    1    1    1  1.96007E+15 0.00073 
   56   56    1    1    1    1    1    1    1    1  2.66242E+14 0.00089 
   57   57    1    1    1    1    1    1    1    1  3.88985E+15 0.00066 
   58   58    1    1    1    1    1    1    1    1  1.75669E+15 0.00069 
   59   59    1    1    1    1    1    1    1    1  1.86695E+15 0.00087 
   60   60    1    1    1    1    1    1    1    1  1.47129E+15 0.00082 
   61   61    1    1    1    1    1    1    1    1  1.47047E+15 0.00077 
   62   62    1    1    1    1    1    1    1    1  1.53273E+15 0.00079 
   63   63    1    1    1    1    1    1    1    1  1.29191E+15 0.00080 
   64   64    1    1    1    1    1    1    1    1  1.02730E+15 0.00073 
   65   65    1    1    1    1    1    1    1    1  1.02096E+15 0.00073 
   66   66    1    1    1    1    1    1    1    1  7.42841E+14 0.00103 
   67   67    1    1    1    1    1    1    1    1  6.04056E+14 0.00095 
   68   68    1    1    1    1    1    1    1    1  5.41383E+14 0.00092 
   69   69    1    1    1    1    1    1    1    1  6.49541E+14 0.00091 
   70   70    1    1    1    1    1    1    1    1  5.53186E+14 0.00148 
   71   71    1    1    1    1    1    1    1    1  1.00038E+15 0.00102 
   72   72    1    1    1    1    1    1    1    1  7.09705E+14 0.00118 
   73   73    1    1    1    1    1    1    1    1  5.36798E+14 0.00151 
   74   74    1    1    1    1    1    1    1    1  4.34640E+14 0.00136 
   75   75    1    1    1    1    1    1    1    1  3.63064E+14 0.00159 
   76   76    1    1    1    1    1    1    1    1  4.22860E+14 0.00104 
   77   77    1    1    1    1    1    1    1    1  3.36295E+14 0.00122 
   78   78    1    1    1    1    1    1    1    1  2.67464E+14 0.00152 
   79   79    1    1    1    1    1    1    1    1  2.77566E+14 0.00162 
   80   80    1    1    1    1    1    1    1    1  2.06379E+14 0.00148 
   81   81    1    1    1    1    1    1    1    1  1.59490E+14 0.00179 
   82   82    1    1    1    1    1    1    1    1  1.22173E+14 0.00263 
   83   83    1    1    1    1    1    1    1    1  1.14666E+14 0.00253 
   84   84    1    1    1    1    1    1    1    1  8.23394E+13 0.00209 
   85   85    1    1    1    1    1    1    1    1  5.95592E+13 0.00279 
   86   86    1    1    1    1    1    1    1    1  5.55524E+13 0.00293 
   87   87    1    1    1    1    1    1    1    1  3.40628E+13 0.00372 
   88   88    1    1    1    1    1    1    1    1  2.33069E+13 0.00551 
   89   89    1    1    1    1    1    1    1    1  1.32323E+13 0.00569 
   90   90    1    1    1    1    1    1    1    1  8.64319E+12 0.00571 
   91   91    1    1    1    1    1    1    1    1  4.38577E+12 0.01033 
   92   92    1    1    1    1    1    1    1    1  2.14827E+12 0.01829 
   93   93    1    1    1    1    1    1    1    1  1.02300E+12 0.01690 
   94   94    1    1    1    1    1    1    1    1  4.87890E+11 0.03186 
   95   95    1    1    1    1    1    1    1    1  2.40908E+11 0.05616 
   96   96    1    1    1    1    1    1    1    1  1.04720E+11 0.06384 
   97   97    1    1    1    1    1    1    1    1  5.58301E+10 0.08249 
   98   98    1    1    1    1    1    1    1    1  2.96604E+10 0.10253 
   99   99    1    1    1    1    1    1    1    1  9.13414E+09 0.22523 
  100  100    1    1    1    1    1    1    1    1  7.93785E+09 0.21814 
];


