
DETdpaspec = [
    1    1    1    1    1    1    1    1    1    1  0.00000E+00 0.00000 
    2    2    1    1    1    1    1    1    1    1  0.00000E+00 0.00000 
    3    3    1    1    1    1    1    1    1    1  0.00000E+00 0.00000 
    4    4    1    1    1    1    1    1    1    1  0.00000E+00 0.00000 
    5    5    1    1    1    1    1    1    1    1  0.00000E+00 0.00000 
    6    6    1    1    1    1    1    1    1    1  9.09698E+06 1.00000 
    7    7    1    1    1    1    1    1    1    1  0.00000E+00 0.00000 
    8    8    1    1    1    1    1    1    1    1  0.00000E+00 0.00000 
    9    9    1    1    1    1    1    1    1    1  1.53545E+07 1.00000 
   10   10    1    1    1    1    1    1    1    1  0.00000E+00 0.00000 
   11   11    1    1    1    1    1    1    1    1  5.37231E+07 1.00000 
   12   12    1    1    1    1    1    1    1    1  9.99002E+06 1.00000 
   13   13    1    1    1    1    1    1    1    1  1.71862E+09 0.51281 
   14   14    1    1    1    1    1    1    1    1  2.51035E+09 0.39569 
   15   15    1    1    1    1    1    1    1    1  1.97456E+09 0.72052 
   16   16    1    1    1    1    1    1    1    1  1.11919E+09 0.30137 
   17   17    1    1    1    1    1    1    1    1  2.14341E+09 0.34376 
   18   18    1    1    1    1    1    1    1    1  6.05949E+09 0.17096 
   19   19    1    1    1    1    1    1    1    1  6.75605E+09 0.24950 
   20   20    1    1    1    1    1    1    1    1  2.74455E+10 0.10706 
   21   21    1    1    1    1    1    1    1    1  1.74065E+10 0.17221 
   22   22    1    1    1    1    1    1    1    1  3.57027E+10 0.09809 
   23   23    1    1    1    1    1    1    1    1  6.22661E+10 0.07347 
   24   24    1    1    1    1    1    1    1    1  1.12913E+11 0.06314 
   25   25    1    1    1    1    1    1    1    1  1.44610E+11 0.06455 
   26   26    1    1    1    1    1    1    1    1  2.19431E+11 0.04973 
   27   27    1    1    1    1    1    1    1    1  4.05391E+11 0.02983 
   28   28    1    1    1    1    1    1    1    1  8.58843E+11 0.01990 
   29   29    1    1    1    1    1    1    1    1  1.36762E+12 0.01772 
   30   30    1    1    1    1    1    1    1    1  3.89641E+12 0.01231 
   31   31    1    1    1    1    1    1    1    1  1.18238E+13 0.00911 
   32   32    1    1    1    1    1    1    1    1  2.16535E+13 0.00628 
   33   33    1    1    1    1    1    1    1    1  5.10371E+13 0.00466 
   34   34    1    1    1    1    1    1    1    1  7.06516E+13 0.00323 
   35   35    1    1    1    1    1    1    1    1  9.38654E+13 0.00239 
   36   36    1    1    1    1    1    1    1    1  6.46744E+13 0.00248 
   37   37    1    1    1    1    1    1    1    1  1.98800E+13 0.00264 
   38   38    1    1    1    1    1    1    1    1  1.10383E+14 0.00176 
   39   39    1    1    1    1    1    1    1    1  1.48078E+14 0.00173 
   40   40    1    1    1    1    1    1    1    1  2.54572E+14 0.00114 
   41   41    1    1    1    1    1    1    1    1  2.56703E+14 0.00123 
   42   42    1    1    1    1    1    1    1    1  5.41131E+14 0.00118 
   43   43    1    1    1    1    1    1    1    1  6.52363E+14 0.00093 
   44   44    1    1    1    1    1    1    1    1  9.37882E+14 0.00103 
   45   45    1    1    1    1    1    1    1    1  1.85942E+15 0.00069 
   46   46    1    1    1    1    1    1    1    1  8.83001E+14 0.00082 
   47   47    1    1    1    1    1    1    1    1  1.41376E+15 0.00080 
   48   48    1    1    1    1    1    1    1    1  1.98034E+15 0.00068 
   49   49    1    1    1    1    1    1    1    1  1.94945E+15 0.00083 
   50   50    1    1    1    1    1    1    1    1  3.04812E+15 0.00082 
   51   51    1    1    1    1    1    1    1    1  2.43711E+15 0.00078 
   52   52    1    1    1    1    1    1    1    1  2.89112E+15 0.00069 
   53   53    1    1    1    1    1    1    1    1  2.01893E+15 0.00071 
   54   54    1    1    1    1    1    1    1    1  2.47489E+15 0.00091 
   55   55    1    1    1    1    1    1    1    1  1.71005E+15 0.00082 
   56   56    1    1    1    1    1    1    1    1  2.33584E+14 0.00163 
   57   57    1    1    1    1    1    1    1    1  3.40062E+15 0.00087 
   58   58    1    1    1    1    1    1    1    1  1.51483E+15 0.00095 
   59   59    1    1    1    1    1    1    1    1  1.61716E+15 0.00084 
   60   60    1    1    1    1    1    1    1    1  1.26095E+15 0.00074 
   61   61    1    1    1    1    1    1    1    1  1.26454E+15 0.00090 
   62   62    1    1    1    1    1    1    1    1  1.31671E+15 0.00082 
   63   63    1    1    1    1    1    1    1    1  1.10731E+15 0.00106 
   64   64    1    1    1    1    1    1    1    1  8.81062E+14 0.00119 
   65   65    1    1    1    1    1    1    1    1  8.76280E+14 0.00100 
   66   66    1    1    1    1    1    1    1    1  6.38043E+14 0.00149 
   67   67    1    1    1    1    1    1    1    1  5.21630E+14 0.00129 
   68   68    1    1    1    1    1    1    1    1  4.66953E+14 0.00099 
   69   69    1    1    1    1    1    1    1    1  5.61544E+14 0.00080 
   70   70    1    1    1    1    1    1    1    1  4.78470E+14 0.00141 
   71   71    1    1    1    1    1    1    1    1  8.73633E+14 0.00110 
   72   72    1    1    1    1    1    1    1    1  6.19873E+14 0.00111 
   73   73    1    1    1    1    1    1    1    1  4.68489E+14 0.00151 
   74   74    1    1    1    1    1    1    1    1  3.77074E+14 0.00161 
   75   75    1    1    1    1    1    1    1    1  3.12122E+14 0.00152 
   76   76    1    1    1    1    1    1    1    1  3.60810E+14 0.00130 
   77   77    1    1    1    1    1    1    1    1  2.84935E+14 0.00152 
   78   78    1    1    1    1    1    1    1    1  2.25735E+14 0.00243 
   79   79    1    1    1    1    1    1    1    1  2.32491E+14 0.00131 
   80   80    1    1    1    1    1    1    1    1  1.72361E+14 0.00176 
   81   81    1    1    1    1    1    1    1    1  1.33053E+14 0.00272 
   82   82    1    1    1    1    1    1    1    1  1.02313E+14 0.00305 
   83   83    1    1    1    1    1    1    1    1  9.55857E+13 0.00235 
   84   84    1    1    1    1    1    1    1    1  6.88858E+13 0.00274 
   85   85    1    1    1    1    1    1    1    1  4.94362E+13 0.00356 
   86   86    1    1    1    1    1    1    1    1  4.60842E+13 0.00433 
   87   87    1    1    1    1    1    1    1    1  2.87415E+13 0.00496 
   88   88    1    1    1    1    1    1    1    1  1.93225E+13 0.00508 
   89   89    1    1    1    1    1    1    1    1  1.10218E+13 0.00802 
   90   90    1    1    1    1    1    1    1    1  7.31403E+12 0.00894 
   91   91    1    1    1    1    1    1    1    1  3.67244E+12 0.01428 
   92   92    1    1    1    1    1    1    1    1  1.79472E+12 0.01558 
   93   93    1    1    1    1    1    1    1    1  8.82557E+11 0.01908 
   94   94    1    1    1    1    1    1    1    1  4.08166E+11 0.04237 
   95   95    1    1    1    1    1    1    1    1  2.00839E+11 0.04878 
   96   96    1    1    1    1    1    1    1    1  1.03964E+11 0.07142 
   97   97    1    1    1    1    1    1    1    1  5.08340E+10 0.09625 
   98   98    1    1    1    1    1    1    1    1  2.40122E+10 0.13575 
   99   99    1    1    1    1    1    1    1    1  1.72692E+10 0.18165 
  100  100    1    1    1    1    1    1    1    1  1.10321E+10 0.21218 
];


