
DETdpaspec = [
    1    1    1    1    1    1    1    1    1    1  0.00000E+00 0.00000 
    2    2    1    1    1    1    1    1    1    1  0.00000E+00 0.00000 
    3    3    1    1    1    1    1    1    1    1  0.00000E+00 0.00000 
    4    4    1    1    1    1    1    1    1    1  0.00000E+00 0.00000 
    5    5    1    1    1    1    1    1    1    1  0.00000E+00 0.00000 
    6    6    1    1    1    1    1    1    1    1  0.00000E+00 0.00000 
    7    7    1    1    1    1    1    1    1    1  0.00000E+00 0.00000 
    8    8    1    1    1    1    1    1    1    1  1.54685E+07 1.00000 
    9    9    1    1    1    1    1    1    1    1  5.95835E+06 1.00000 
   10   10    1    1    1    1    1    1    1    1  9.27366E+07 1.00000 
   11   11    1    1    1    1    1    1    1    1  5.81507E+07 1.00000 
   12   12    1    1    1    1    1    1    1    1  8.42892E+06 0.82237 
   13   13    1    1    1    1    1    1    1    1  9.17886E+08 0.55102 
   14   14    1    1    1    1    1    1    1    1  2.72395E+09 0.37771 
   15   15    1    1    1    1    1    1    1    1  2.19000E+09 0.36059 
   16   16    1    1    1    1    1    1    1    1  9.84272E+08 0.35127 
   17   17    1    1    1    1    1    1    1    1  5.11898E+09 0.25570 
   18   18    1    1    1    1    1    1    1    1  7.62491E+09 0.22482 
   19   19    1    1    1    1    1    1    1    1  6.85485E+09 0.20667 
   20   20    1    1    1    1    1    1    1    1  2.46835E+10 0.18433 
   21   21    1    1    1    1    1    1    1    1  1.67799E+10 0.11121 
   22   22    1    1    1    1    1    1    1    1  4.09515E+10 0.12569 
   23   23    1    1    1    1    1    1    1    1  5.65959E+10 0.06108 
   24   24    1    1    1    1    1    1    1    1  1.10899E+11 0.04403 
   25   25    1    1    1    1    1    1    1    1  1.23133E+11 0.06191 
   26   26    1    1    1    1    1    1    1    1  2.04324E+11 0.03950 
   27   27    1    1    1    1    1    1    1    1  3.94372E+11 0.02901 
   28   28    1    1    1    1    1    1    1    1  9.15653E+11 0.02989 
   29   29    1    1    1    1    1    1    1    1  1.51133E+12 0.02110 
   30   30    1    1    1    1    1    1    1    1  4.25458E+12 0.01474 
   31   31    1    1    1    1    1    1    1    1  1.28591E+13 0.00571 
   32   32    1    1    1    1    1    1    1    1  2.34089E+13 0.00567 
   33   33    1    1    1    1    1    1    1    1  5.50171E+13 0.00386 
   34   34    1    1    1    1    1    1    1    1  7.63662E+13 0.00276 
   35   35    1    1    1    1    1    1    1    1  9.92761E+13 0.00301 
   36   36    1    1    1    1    1    1    1    1  6.77920E+13 0.00216 
   37   37    1    1    1    1    1    1    1    1  2.07849E+13 0.00260 
   38   38    1    1    1    1    1    1    1    1  1.15886E+14 0.00245 
   39   39    1    1    1    1    1    1    1    1  1.55259E+14 0.00253 
   40   40    1    1    1    1    1    1    1    1  2.67721E+14 0.00183 
   41   41    1    1    1    1    1    1    1    1  2.68431E+14 0.00189 
   42   42    1    1    1    1    1    1    1    1  5.68463E+14 0.00151 
   43   43    1    1    1    1    1    1    1    1  6.84268E+14 0.00136 
   44   44    1    1    1    1    1    1    1    1  9.83283E+14 0.00123 
   45   45    1    1    1    1    1    1    1    1  1.95344E+15 0.00126 
   46   46    1    1    1    1    1    1    1    1  9.26466E+14 0.00114 
   47   47    1    1    1    1    1    1    1    1  1.47933E+15 0.00095 
   48   48    1    1    1    1    1    1    1    1  2.07423E+15 0.00091 
   49   49    1    1    1    1    1    1    1    1  2.03912E+15 0.00074 
   50   50    1    1    1    1    1    1    1    1  3.19748E+15 0.00066 
   51   51    1    1    1    1    1    1    1    1  2.54598E+15 0.00078 
   52   52    1    1    1    1    1    1    1    1  3.03122E+15 0.00073 
   53   53    1    1    1    1    1    1    1    1  2.11762E+15 0.00085 
   54   54    1    1    1    1    1    1    1    1  2.60072E+15 0.00093 
   55   55    1    1    1    1    1    1    1    1  1.79756E+15 0.00082 
   56   56    1    1    1    1    1    1    1    1  2.44852E+14 0.00138 
   57   57    1    1    1    1    1    1    1    1  3.57874E+15 0.00084 
   58   58    1    1    1    1    1    1    1    1  1.59899E+15 0.00069 
   59   59    1    1    1    1    1    1    1    1  1.70766E+15 0.00106 
   60   60    1    1    1    1    1    1    1    1  1.33529E+15 0.00103 
   61   61    1    1    1    1    1    1    1    1  1.33679E+15 0.00102 
   62   62    1    1    1    1    1    1    1    1  1.39337E+15 0.00100 
   63   63    1    1    1    1    1    1    1    1  1.17313E+15 0.00088 
   64   64    1    1    1    1    1    1    1    1  9.33664E+14 0.00093 
   65   65    1    1    1    1    1    1    1    1  9.27773E+14 0.00102 
   66   66    1    1    1    1    1    1    1    1  6.75983E+14 0.00108 
   67   67    1    1    1    1    1    1    1    1  5.50290E+14 0.00084 
   68   68    1    1    1    1    1    1    1    1  4.93953E+14 0.00135 
   69   69    1    1    1    1    1    1    1    1  5.93523E+14 0.00152 
   70   70    1    1    1    1    1    1    1    1  5.05637E+14 0.00129 
   71   71    1    1    1    1    1    1    1    1  9.20985E+14 0.00105 
   72   72    1    1    1    1    1    1    1    1  6.55114E+14 0.00159 
   73   73    1    1    1    1    1    1    1    1  4.95133E+14 0.00130 
   74   74    1    1    1    1    1    1    1    1  3.98743E+14 0.00134 
   75   75    1    1    1    1    1    1    1    1  3.30111E+14 0.00123 
   76   76    1    1    1    1    1    1    1    1  3.83557E+14 0.00141 
   77   77    1    1    1    1    1    1    1    1  3.03395E+14 0.00205 
   78   78    1    1    1    1    1    1    1    1  2.41794E+14 0.00179 
   79   79    1    1    1    1    1    1    1    1  2.49456E+14 0.00154 
   80   80    1    1    1    1    1    1    1    1  1.84957E+14 0.00185 
   81   81    1    1    1    1    1    1    1    1  1.42811E+14 0.00241 
   82   82    1    1    1    1    1    1    1    1  1.09731E+14 0.00251 
   83   83    1    1    1    1    1    1    1    1  1.02280E+14 0.00294 
   84   84    1    1    1    1    1    1    1    1  7.39164E+13 0.00300 
   85   85    1    1    1    1    1    1    1    1  5.31188E+13 0.00278 
   86   86    1    1    1    1    1    1    1    1  4.94176E+13 0.00275 
   87   87    1    1    1    1    1    1    1    1  3.07099E+13 0.00467 
   88   88    1    1    1    1    1    1    1    1  2.07257E+13 0.00457 
   89   89    1    1    1    1    1    1    1    1  1.17950E+13 0.00698 
   90   90    1    1    1    1    1    1    1    1  7.84250E+12 0.00848 
   91   91    1    1    1    1    1    1    1    1  3.97428E+12 0.00885 
   92   92    1    1    1    1    1    1    1    1  1.92110E+12 0.01376 
   93   93    1    1    1    1    1    1    1    1  9.30520E+11 0.02098 
   94   94    1    1    1    1    1    1    1    1  4.38170E+11 0.03420 
   95   95    1    1    1    1    1    1    1    1  2.16929E+11 0.04725 
   96   96    1    1    1    1    1    1    1    1  9.40565E+10 0.09526 
   97   97    1    1    1    1    1    1    1    1  5.40002E+10 0.08190 
   98   98    1    1    1    1    1    1    1    1  2.84501E+10 0.11020 
   99   99    1    1    1    1    1    1    1    1  9.27800E+09 0.33503 
  100  100    1    1    1    1    1    1    1    1  8.58838E+09 0.20759 
];


