
DETdpaspec = [
    1    1    1    1    1    1    1    1    1    1  0.00000E+00 0.00000 
    2    2    1    1    1    1    1    1    1    1  0.00000E+00 0.00000 
    3    3    1    1    1    1    1    1    1    1  0.00000E+00 0.00000 
    4    4    1    1    1    1    1    1    1    1  0.00000E+00 0.00000 
    5    5    1    1    1    1    1    1    1    1  0.00000E+00 0.00000 
    6    6    1    1    1    1    1    1    1    1  0.00000E+00 0.00000 
    7    7    1    1    1    1    1    1    1    1  0.00000E+00 0.00000 
    8    8    1    1    1    1    1    1    1    1  0.00000E+00 0.00000 
    9    9    1    1    1    1    1    1    1    1  0.00000E+00 0.00000 
   10   10    1    1    1    1    1    1    1    1  9.93080E+07 1.00000 
   11   11    1    1    1    1    1    1    1    1  0.00000E+00 0.00000 
   12   12    1    1    1    1    1    1    1    1  3.87698E+07 1.00000 
   13   13    1    1    1    1    1    1    1    1  5.51193E+08 0.53382 
   14   14    1    1    1    1    1    1    1    1  2.22181E+09 0.52877 
   15   15    1    1    1    1    1    1    1    1  4.20451E+09 0.49123 
   16   16    1    1    1    1    1    1    1    1  1.72192E+09 0.30315 
   17   17    1    1    1    1    1    1    1    1  2.22208E+09 0.33420 
   18   18    1    1    1    1    1    1    1    1  5.89410E+09 0.19207 
   19   19    1    1    1    1    1    1    1    1  6.67434E+09 0.25243 
   20   20    1    1    1    1    1    1    1    1  1.68686E+10 0.18291 
   21   21    1    1    1    1    1    1    1    1  1.16938E+10 0.21137 
   22   22    1    1    1    1    1    1    1    1  3.76653E+10 0.11397 
   23   23    1    1    1    1    1    1    1    1  5.33476E+10 0.10226 
   24   24    1    1    1    1    1    1    1    1  1.03125E+11 0.07941 
   25   25    1    1    1    1    1    1    1    1  1.31915E+11 0.08397 
   26   26    1    1    1    1    1    1    1    1  2.57959E+11 0.05387 
   27   27    1    1    1    1    1    1    1    1  5.21432E+11 0.02912 
   28   28    1    1    1    1    1    1    1    1  1.31641E+12 0.02036 
   29   29    1    1    1    1    1    1    1    1  2.34803E+12 0.01742 
   30   30    1    1    1    1    1    1    1    1  6.10207E+12 0.00852 
   31   31    1    1    1    1    1    1    1    1  1.72513E+13 0.00768 
   32   32    1    1    1    1    1    1    1    1  3.02561E+13 0.00467 
   33   33    1    1    1    1    1    1    1    1  7.02566E+13 0.00361 
   34   34    1    1    1    1    1    1    1    1  9.64542E+13 0.00318 
   35   35    1    1    1    1    1    1    1    1  1.17676E+14 0.00237 
   36   36    1    1    1    1    1    1    1    1  7.80902E+13 0.00143 
   37   37    1    1    1    1    1    1    1    1  2.34657E+13 0.00142 
   38   38    1    1    1    1    1    1    1    1  1.32247E+14 0.00191 
   39   39    1    1    1    1    1    1    1    1  1.77352E+14 0.00141 
   40   40    1    1    1    1    1    1    1    1  3.05546E+14 0.00142 
   41   41    1    1    1    1    1    1    1    1  3.02275E+14 0.00173 
   42   42    1    1    1    1    1    1    1    1  6.43975E+14 0.00144 
   43   43    1    1    1    1    1    1    1    1  7.71955E+14 0.00090 
   44   44    1    1    1    1    1    1    1    1  1.10421E+15 0.00104 
   45   45    1    1    1    1    1    1    1    1  2.19607E+15 0.00076 
   46   46    1    1    1    1    1    1    1    1  1.02985E+15 0.00063 
   47   47    1    1    1    1    1    1    1    1  1.63578E+15 0.00074 
   48   48    1    1    1    1    1    1    1    1  2.28554E+15 0.00065 
   49   49    1    1    1    1    1    1    1    1  2.23514E+15 0.00059 
   50   50    1    1    1    1    1    1    1    1  3.52041E+15 0.00066 
   51   51    1    1    1    1    1    1    1    1  2.77885E+15 0.00061 
   52   52    1    1    1    1    1    1    1    1  3.32974E+15 0.00055 
   53   53    1    1    1    1    1    1    1    1  2.31537E+15 0.00052 
   54   54    1    1    1    1    1    1    1    1  2.86576E+15 0.00076 
   55   55    1    1    1    1    1    1    1    1  1.97559E+15 0.00069 
   56   56    1    1    1    1    1    1    1    1  2.68264E+14 0.00083 
   57   57    1    1    1    1    1    1    1    1  3.92243E+15 0.00074 
   58   58    1    1    1    1    1    1    1    1  1.77279E+15 0.00065 
   59   59    1    1    1    1    1    1    1    1  1.88490E+15 0.00064 
   60   60    1    1    1    1    1    1    1    1  1.48418E+15 0.00070 
   61   61    1    1    1    1    1    1    1    1  1.48350E+15 0.00083 
   62   62    1    1    1    1    1    1    1    1  1.54173E+15 0.00082 
   63   63    1    1    1    1    1    1    1    1  1.30186E+15 0.00073 
   64   64    1    1    1    1    1    1    1    1  1.03582E+15 0.00081 
   65   65    1    1    1    1    1    1    1    1  1.02982E+15 0.00087 
   66   66    1    1    1    1    1    1    1    1  7.49245E+14 0.00082 
   67   67    1    1    1    1    1    1    1    1  6.09680E+14 0.00090 
   68   68    1    1    1    1    1    1    1    1  5.45546E+14 0.00091 
   69   69    1    1    1    1    1    1    1    1  6.54479E+14 0.00103 
   70   70    1    1    1    1    1    1    1    1  5.57302E+14 0.00084 
   71   71    1    1    1    1    1    1    1    1  1.00941E+15 0.00101 
   72   72    1    1    1    1    1    1    1    1  7.15512E+14 0.00100 
   73   73    1    1    1    1    1    1    1    1  5.39480E+14 0.00141 
   74   74    1    1    1    1    1    1    1    1  4.37127E+14 0.00122 
   75   75    1    1    1    1    1    1    1    1  3.64918E+14 0.00115 
   76   76    1    1    1    1    1    1    1    1  4.26792E+14 0.00111 
   77   77    1    1    1    1    1    1    1    1  3.39086E+14 0.00119 
   78   78    1    1    1    1    1    1    1    1  2.71111E+14 0.00122 
   79   79    1    1    1    1    1    1    1    1  2.80945E+14 0.00157 
   80   80    1    1    1    1    1    1    1    1  2.08468E+14 0.00185 
   81   81    1    1    1    1    1    1    1    1  1.60324E+14 0.00193 
   82   82    1    1    1    1    1    1    1    1  1.24093E+14 0.00185 
   83   83    1    1    1    1    1    1    1    1  1.15791E+14 0.00234 
   84   84    1    1    1    1    1    1    1    1  8.30527E+13 0.00259 
   85   85    1    1    1    1    1    1    1    1  6.02238E+13 0.00352 
   86   86    1    1    1    1    1    1    1    1  5.62699E+13 0.00300 
   87   87    1    1    1    1    1    1    1    1  3.46553E+13 0.00428 
   88   88    1    1    1    1    1    1    1    1  2.32544E+13 0.00457 
   89   89    1    1    1    1    1    1    1    1  1.33776E+13 0.00769 
   90   90    1    1    1    1    1    1    1    1  8.95434E+12 0.00689 
   91   91    1    1    1    1    1    1    1    1  4.40770E+12 0.01066 
   92   92    1    1    1    1    1    1    1    1  2.10649E+12 0.01235 
   93   93    1    1    1    1    1    1    1    1  1.04962E+12 0.02406 
   94   94    1    1    1    1    1    1    1    1  4.91790E+11 0.02999 
   95   95    1    1    1    1    1    1    1    1  2.17610E+11 0.05210 
   96   96    1    1    1    1    1    1    1    1  1.20445E+11 0.06850 
   97   97    1    1    1    1    1    1    1    1  5.61000E+10 0.08014 
   98   98    1    1    1    1    1    1    1    1  2.33048E+10 0.15858 
   99   99    1    1    1    1    1    1    1    1  9.41355E+09 0.24638 
  100  100    1    1    1    1    1    1    1    1  1.45181E+10 0.19938 
];


