
DETdpaspec = [
    1    1    1    1    1    1    1    1    1    1  0.00000E+00 0.00000 
    2    2    1    1    1    1    1    1    1    1  0.00000E+00 0.00000 
    3    3    1    1    1    1    1    1    1    1  0.00000E+00 0.00000 
    4    4    1    1    1    1    1    1    1    1  0.00000E+00 0.00000 
    5    5    1    1    1    1    1    1    1    1  0.00000E+00 0.00000 
    6    6    1    1    1    1    1    1    1    1  0.00000E+00 0.00000 
    7    7    1    1    1    1    1    1    1    1  0.00000E+00 0.00000 
    8    8    1    1    1    1    1    1    1    1  0.00000E+00 0.00000 
    9    9    1    1    1    1    1    1    1    1  0.00000E+00 0.00000 
   10   10    1    1    1    1    1    1    1    1  6.88918E+07 1.00000 
   11   11    1    1    1    1    1    1    1    1  0.00000E+00 0.00000 
   12   12    1    1    1    1    1    1    1    1  2.25478E+07 0.83243 
   13   13    1    1    1    1    1    1    1    1  3.50842E+09 0.58669 
   14   14    1    1    1    1    1    1    1    1  3.14479E+09 0.44375 
   15   15    1    1    1    1    1    1    1    1  5.66051E+09 0.42174 
   16   16    1    1    1    1    1    1    1    1  9.47217E+08 0.49641 
   17   17    1    1    1    1    1    1    1    1  2.45333E+09 0.31564 
   18   18    1    1    1    1    1    1    1    1  3.32754E+09 0.27592 
   19   19    1    1    1    1    1    1    1    1  4.40876E+09 0.36099 
   20   20    1    1    1    1    1    1    1    1  1.56330E+10 0.22132 
   21   21    1    1    1    1    1    1    1    1  1.37943E+10 0.14323 
   22   22    1    1    1    1    1    1    1    1  3.20132E+10 0.07602 
   23   23    1    1    1    1    1    1    1    1  5.35763E+10 0.09677 
   24   24    1    1    1    1    1    1    1    1  1.21950E+11 0.03831 
   25   25    1    1    1    1    1    1    1    1  1.94287E+11 0.04575 
   26   26    1    1    1    1    1    1    1    1  4.27519E+11 0.03601 
   27   27    1    1    1    1    1    1    1    1  1.05656E+12 0.03129 
   28   28    1    1    1    1    1    1    1    1  2.49508E+12 0.01616 
   29   29    1    1    1    1    1    1    1    1  4.50128E+12 0.00924 
   30   30    1    1    1    1    1    1    1    1  1.03523E+13 0.00815 
   31   31    1    1    1    1    1    1    1    1  2.68018E+13 0.00518 
   32   32    1    1    1    1    1    1    1    1  4.38203E+13 0.00287 
   33   33    1    1    1    1    1    1    1    1  9.64128E+13 0.00384 
   34   34    1    1    1    1    1    1    1    1  1.28373E+14 0.00224 
   35   35    1    1    1    1    1    1    1    1  1.46325E+14 0.00175 
   36   36    1    1    1    1    1    1    1    1  9.30282E+13 0.00196 
   37   37    1    1    1    1    1    1    1    1  2.76027E+13 0.00204 
   38   38    1    1    1    1    1    1    1    1  1.56479E+14 0.00197 
   39   39    1    1    1    1    1    1    1    1  2.07998E+14 0.00169 
   40   40    1    1    1    1    1    1    1    1  3.56609E+14 0.00136 
   41   41    1    1    1    1    1    1    1    1  3.45927E+14 0.00138 
   42   42    1    1    1    1    1    1    1    1  7.36950E+14 0.00112 
   43   43    1    1    1    1    1    1    1    1  8.78738E+14 0.00121 
   44   44    1    1    1    1    1    1    1    1  1.24757E+15 0.00099 
   45   45    1    1    1    1    1    1    1    1  2.46149E+15 0.00092 
   46   46    1    1    1    1    1    1    1    1  1.13726E+15 0.00093 
   47   47    1    1    1    1    1    1    1    1  1.79289E+15 0.00085 
   48   48    1    1    1    1    1    1    1    1  2.48564E+15 0.00047 
   49   49    1    1    1    1    1    1    1    1  2.41374E+15 0.00060 
   50   50    1    1    1    1    1    1    1    1  3.78952E+15 0.00062 
   51   51    1    1    1    1    1    1    1    1  2.95191E+15 0.00058 
   52   52    1    1    1    1    1    1    1    1  3.54746E+15 0.00071 
   53   53    1    1    1    1    1    1    1    1  2.45117E+15 0.00064 
   54   54    1    1    1    1    1    1    1    1  3.04301E+15 0.00052 
   55   55    1    1    1    1    1    1    1    1  2.08905E+15 0.00066 
   56   56    1    1    1    1    1    1    1    1  2.82842E+14 0.00089 
   57   57    1    1    1    1    1    1    1    1  4.12875E+15 0.00052 
   58   58    1    1    1    1    1    1    1    1  1.87530E+15 0.00066 
   59   59    1    1    1    1    1    1    1    1  1.98338E+15 0.00061 
   60   60    1    1    1    1    1    1    1    1  1.56642E+15 0.00079 
   61   61    1    1    1    1    1    1    1    1  1.56401E+15 0.00075 
   62   62    1    1    1    1    1    1    1    1  1.62567E+15 0.00086 
   63   63    1    1    1    1    1    1    1    1  1.37229E+15 0.00105 
   64   64    1    1    1    1    1    1    1    1  1.08949E+15 0.00089 
   65   65    1    1    1    1    1    1    1    1  1.08117E+15 0.00096 
   66   66    1    1    1    1    1    1    1    1  7.86103E+14 0.00099 
   67   67    1    1    1    1    1    1    1    1  6.35875E+14 0.00099 
   68   68    1    1    1    1    1    1    1    1  5.67440E+14 0.00113 
   69   69    1    1    1    1    1    1    1    1  6.81048E+14 0.00127 
   70   70    1    1    1    1    1    1    1    1  5.78719E+14 0.00103 
   71   71    1    1    1    1    1    1    1    1  1.03883E+15 0.00102 
   72   72    1    1    1    1    1    1    1    1  7.32505E+14 0.00125 
   73   73    1    1    1    1    1    1    1    1  5.52499E+14 0.00124 
   74   74    1    1    1    1    1    1    1    1  4.49954E+14 0.00128 
   75   75    1    1    1    1    1    1    1    1  3.77292E+14 0.00154 
   76   76    1    1    1    1    1    1    1    1  4.41757E+14 0.00127 
   77   77    1    1    1    1    1    1    1    1  3.52673E+14 0.00133 
   78   78    1    1    1    1    1    1    1    1  2.82504E+14 0.00130 
   79   79    1    1    1    1    1    1    1    1  2.93915E+14 0.00126 
   80   80    1    1    1    1    1    1    1    1  2.18962E+14 0.00106 
   81   81    1    1    1    1    1    1    1    1  1.68484E+14 0.00180 
   82   82    1    1    1    1    1    1    1    1  1.28972E+14 0.00173 
   83   83    1    1    1    1    1    1    1    1  1.21062E+14 0.00202 
   84   84    1    1    1    1    1    1    1    1  8.71044E+13 0.00284 
   85   85    1    1    1    1    1    1    1    1  6.30141E+13 0.00272 
   86   86    1    1    1    1    1    1    1    1  5.88149E+13 0.00261 
   87   87    1    1    1    1    1    1    1    1  3.60553E+13 0.00430 
   88   88    1    1    1    1    1    1    1    1  2.44041E+13 0.00544 
   89   89    1    1    1    1    1    1    1    1  1.37924E+13 0.00571 
   90   90    1    1    1    1    1    1    1    1  9.19972E+12 0.00790 
   91   91    1    1    1    1    1    1    1    1  4.54015E+12 0.01154 
   92   92    1    1    1    1    1    1    1    1  2.15212E+12 0.01540 
   93   93    1    1    1    1    1    1    1    1  1.05531E+12 0.01855 
   94   94    1    1    1    1    1    1    1    1  4.91307E+11 0.03081 
   95   95    1    1    1    1    1    1    1    1  2.21303E+11 0.03781 
   96   96    1    1    1    1    1    1    1    1  1.19458E+11 0.07822 
   97   97    1    1    1    1    1    1    1    1  5.22379E+10 0.10200 
   98   98    1    1    1    1    1    1    1    1  3.00187E+10 0.13378 
   99   99    1    1    1    1    1    1    1    1  9.16655E+09 0.20629 
  100  100    1    1    1    1    1    1    1    1  1.22819E+10 0.31186 
];


