
DETdpaspec = [
    1    1    1    1    1    1    1    1    1    1  0.00000E+00 0.00000 
    2    2    1    1    1    1    1    1    1    1  0.00000E+00 0.00000 
    3    3    1    1    1    1    1    1    1    1  0.00000E+00 0.00000 
    4    4    1    1    1    1    1    1    1    1  0.00000E+00 0.00000 
    5    5    1    1    1    1    1    1    1    1  0.00000E+00 0.00000 
    6    6    1    1    1    1    1    1    1    1  0.00000E+00 0.00000 
    7    7    1    1    1    1    1    1    1    1  0.00000E+00 0.00000 
    8    8    1    1    1    1    1    1    1    1  1.51969E+07 1.00000 
    9    9    1    1    1    1    1    1    1    1  6.91898E+06 1.00000 
   10   10    1    1    1    1    1    1    1    1  0.00000E+00 0.00000 
   11   11    1    1    1    1    1    1    1    1  6.78000E+07 1.00000 
   12   12    1    1    1    1    1    1    1    1  2.96093E+07 1.00000 
   13   13    1    1    1    1    1    1    1    1  6.73584E+08 0.56133 
   14   14    1    1    1    1    1    1    1    1  3.61414E+08 0.45909 
   15   15    1    1    1    1    1    1    1    1  3.38471E+09 0.30584 
   16   16    1    1    1    1    1    1    1    1  1.90953E+09 0.30503 
   17   17    1    1    1    1    1    1    1    1  2.44982E+09 0.22507 
   18   18    1    1    1    1    1    1    1    1  7.51763E+09 0.17371 
   19   19    1    1    1    1    1    1    1    1  8.41394E+09 0.17721 
   20   20    1    1    1    1    1    1    1    1  2.86631E+10 0.12521 
   21   21    1    1    1    1    1    1    1    1  2.27521E+10 0.10433 
   22   22    1    1    1    1    1    1    1    1  5.01723E+10 0.08279 
   23   23    1    1    1    1    1    1    1    1  6.46008E+10 0.07746 
   24   24    1    1    1    1    1    1    1    1  1.04442E+11 0.05217 
   25   25    1    1    1    1    1    1    1    1  1.36579E+11 0.05915 
   26   26    1    1    1    1    1    1    1    1  2.23099E+11 0.03550 
   27   27    1    1    1    1    1    1    1    1  3.65955E+11 0.03386 
   28   28    1    1    1    1    1    1    1    1  7.57672E+11 0.02724 
   29   29    1    1    1    1    1    1    1    1  1.10825E+12 0.02488 
   30   30    1    1    1    1    1    1    1    1  3.22528E+12 0.01689 
   31   31    1    1    1    1    1    1    1    1  9.89275E+12 0.00878 
   32   32    1    1    1    1    1    1    1    1  1.82950E+13 0.00636 
   33   33    1    1    1    1    1    1    1    1  4.13468E+13 0.00377 
   34   34    1    1    1    1    1    1    1    1  5.55515E+13 0.00327 
   35   35    1    1    1    1    1    1    1    1  7.84182E+13 0.00195 
   36   36    1    1    1    1    1    1    1    1  5.52882E+13 0.00187 
   37   37    1    1    1    1    1    1    1    1  1.73108E+13 0.00230 
   38   38    1    1    1    1    1    1    1    1  9.38100E+13 0.00205 
   39   39    1    1    1    1    1    1    1    1  1.25375E+14 0.00191 
   40   40    1    1    1    1    1    1    1    1  2.12728E+14 0.00176 
   41   41    1    1    1    1    1    1    1    1  2.18504E+14 0.00163 
   42   42    1    1    1    1    1    1    1    1  4.50839E+14 0.00129 
   43   43    1    1    1    1    1    1    1    1  5.38790E+14 0.00136 
   44   44    1    1    1    1    1    1    1    1  7.68550E+14 0.00077 
   45   45    1    1    1    1    1    1    1    1  1.49557E+15 0.00082 
   46   46    1    1    1    1    1    1    1    1  7.14096E+14 0.00078 
   47   47    1    1    1    1    1    1    1    1  1.14698E+15 0.00065 
   48   48    1    1    1    1    1    1    1    1  1.60012E+15 0.00079 
   49   49    1    1    1    1    1    1    1    1  1.57566E+15 0.00080 
   50   50    1    1    1    1    1    1    1    1  2.42890E+15 0.00069 
   51   51    1    1    1    1    1    1    1    1  1.95552E+15 0.00077 
   52   52    1    1    1    1    1    1    1    1  2.28005E+15 0.00073 
   53   53    1    1    1    1    1    1    1    1  1.59596E+15 0.00081 
   54   54    1    1    1    1    1    1    1    1  1.92104E+15 0.00070 
   55   55    1    1    1    1    1    1    1    1  1.33003E+15 0.00079 
   56   56    1    1    1    1    1    1    1    1  1.82025E+14 0.00134 
   57   57    1    1    1    1    1    1    1    1  2.64170E+15 0.00092 
   58   58    1    1    1    1    1    1    1    1  1.15199E+15 0.00096 
   59   59    1    1    1    1    1    1    1    1  1.23461E+15 0.00096 
   60   60    1    1    1    1    1    1    1    1  9.48475E+14 0.00091 
   61   61    1    1    1    1    1    1    1    1  9.54189E+14 0.00086 
   62   62    1    1    1    1    1    1    1    1  9.88294E+14 0.00089 
   63   63    1    1    1    1    1    1    1    1  8.27224E+14 0.00086 
   64   64    1    1    1    1    1    1    1    1  6.57213E+14 0.00106 
   65   65    1    1    1    1    1    1    1    1  6.52445E+14 0.00137 
   66   66    1    1    1    1    1    1    1    1  4.73593E+14 0.00120 
   67   67    1    1    1    1    1    1    1    1  3.88098E+14 0.00133 
   68   68    1    1    1    1    1    1    1    1  3.48606E+14 0.00156 
   69   69    1    1    1    1    1    1    1    1  4.18627E+14 0.00145 
   70   70    1    1    1    1    1    1    1    1  3.57180E+14 0.00103 
   71   71    1    1    1    1    1    1    1    1  6.61042E+14 0.00123 
   72   72    1    1    1    1    1    1    1    1  4.70511E+14 0.00141 
   73   73    1    1    1    1    1    1    1    1  3.54090E+14 0.00159 
   74   74    1    1    1    1    1    1    1    1  2.81204E+14 0.00160 
   75   75    1    1    1    1    1    1    1    1  2.31222E+14 0.00128 
   76   76    1    1    1    1    1    1    1    1  2.63124E+14 0.00124 
   77   77    1    1    1    1    1    1    1    1  2.04848E+14 0.00149 
   78   78    1    1    1    1    1    1    1    1  1.61368E+14 0.00134 
   79   79    1    1    1    1    1    1    1    1  1.65227E+14 0.00155 
   80   80    1    1    1    1    1    1    1    1  1.22308E+14 0.00212 
   81   81    1    1    1    1    1    1    1    1  9.39862E+13 0.00267 
   82   82    1    1    1    1    1    1    1    1  7.17244E+13 0.00311 
   83   83    1    1    1    1    1    1    1    1  6.73711E+13 0.00281 
   84   84    1    1    1    1    1    1    1    1  4.81695E+13 0.00389 
   85   85    1    1    1    1    1    1    1    1  3.47547E+13 0.00289 
   86   86    1    1    1    1    1    1    1    1  3.25063E+13 0.00376 
   87   87    1    1    1    1    1    1    1    1  2.01232E+13 0.00495 
   88   88    1    1    1    1    1    1    1    1  1.35375E+13 0.00496 
   89   89    1    1    1    1    1    1    1    1  7.73089E+12 0.00724 
   90   90    1    1    1    1    1    1    1    1  5.28114E+12 0.01074 
   91   91    1    1    1    1    1    1    1    1  2.65564E+12 0.01329 
   92   92    1    1    1    1    1    1    1    1  1.28763E+12 0.01440 
   93   93    1    1    1    1    1    1    1    1  6.20446E+11 0.02331 
   94   94    1    1    1    1    1    1    1    1  2.97889E+11 0.05370 
   95   95    1    1    1    1    1    1    1    1  1.33330E+11 0.05598 
   96   96    1    1    1    1    1    1    1    1  7.93021E+10 0.07972 
   97   97    1    1    1    1    1    1    1    1  2.94878E+10 0.14341 
   98   98    1    1    1    1    1    1    1    1  1.39235E+10 0.21698 
   99   99    1    1    1    1    1    1    1    1  7.28567E+09 0.26609 
  100  100    1    1    1    1    1    1    1    1  7.59176E+09 0.28971 
];


