
DETdpaspec = [
    1    1    1    1    1    1    1    1    1    1  0.00000E+00 0.00000 
    2    2    1    1    1    1    1    1    1    1  0.00000E+00 0.00000 
    3    3    1    1    1    1    1    1    1    1  0.00000E+00 0.00000 
    4    4    1    1    1    1    1    1    1    1  0.00000E+00 0.00000 
    5    5    1    1    1    1    1    1    1    1  0.00000E+00 0.00000 
    6    6    1    1    1    1    1    1    1    1  8.94587E+06 1.00000 
    7    7    1    1    1    1    1    1    1    1  0.00000E+00 0.00000 
    8    8    1    1    1    1    1    1    1    1  1.58440E+07 1.00000 
    9    9    1    1    1    1    1    1    1    1  0.00000E+00 0.00000 
   10   10    1    1    1    1    1    1    1    1  7.71724E+07 1.00000 
   11   11    1    1    1    1    1    1    1    1  1.89984E+08 0.59861 
   12   12    1    1    1    1    1    1    1    1  3.27536E+07 0.71416 
   13   13    1    1    1    1    1    1    1    1  1.13162E+09 0.53862 
   14   14    1    1    1    1    1    1    1    1  3.11076E+09 0.28259 
   15   15    1    1    1    1    1    1    1    1  5.12169E+09 0.24065 
   16   16    1    1    1    1    1    1    1    1  1.31857E+09 0.29017 
   17   17    1    1    1    1    1    1    1    1  1.79470E+09 0.29769 
   18   18    1    1    1    1    1    1    1    1  6.15022E+09 0.20217 
   19   19    1    1    1    1    1    1    1    1  4.68703E+09 0.25892 
   20   20    1    1    1    1    1    1    1    1  2.47931E+10 0.14517 
   21   21    1    1    1    1    1    1    1    1  1.84852E+10 0.09420 
   22   22    1    1    1    1    1    1    1    1  4.29969E+10 0.07313 
   23   23    1    1    1    1    1    1    1    1  6.70730E+10 0.06405 
   24   24    1    1    1    1    1    1    1    1  9.22585E+10 0.06555 
   25   25    1    1    1    1    1    1    1    1  1.33541E+11 0.05818 
   26   26    1    1    1    1    1    1    1    1  2.11694E+11 0.04887 
   27   27    1    1    1    1    1    1    1    1  3.86959E+11 0.03588 
   28   28    1    1    1    1    1    1    1    1  7.58669E+11 0.02203 
   29   29    1    1    1    1    1    1    1    1  1.17236E+12 0.01774 
   30   30    1    1    1    1    1    1    1    1  3.44929E+12 0.01265 
   31   31    1    1    1    1    1    1    1    1  1.04497E+13 0.00837 
   32   32    1    1    1    1    1    1    1    1  1.93574E+13 0.00489 
   33   33    1    1    1    1    1    1    1    1  4.47291E+13 0.00336 
   34   34    1    1    1    1    1    1    1    1  6.05874E+13 0.00225 
   35   35    1    1    1    1    1    1    1    1  8.37401E+13 0.00198 
   36   36    1    1    1    1    1    1    1    1  5.87087E+13 0.00295 
   37   37    1    1    1    1    1    1    1    1  1.82608E+13 0.00286 
   38   38    1    1    1    1    1    1    1    1  1.00065E+14 0.00198 
   39   39    1    1    1    1    1    1    1    1  1.33775E+14 0.00166 
   40   40    1    1    1    1    1    1    1    1  2.28175E+14 0.00157 
   41   41    1    1    1    1    1    1    1    1  2.32769E+14 0.00126 
   42   42    1    1    1    1    1    1    1    1  4.85480E+14 0.00132 
   43   43    1    1    1    1    1    1    1    1  5.81872E+14 0.00122 
   44   44    1    1    1    1    1    1    1    1  8.33326E+14 0.00126 
   45   45    1    1    1    1    1    1    1    1  1.63463E+15 0.00104 
   46   46    1    1    1    1    1    1    1    1  7.80034E+14 0.00106 
   47   47    1    1    1    1    1    1    1    1  1.25187E+15 0.00111 
   48   48    1    1    1    1    1    1    1    1  1.75026E+15 0.00116 
   49   49    1    1    1    1    1    1    1    1  1.72502E+15 0.00065 
   50   50    1    1    1    1    1    1    1    1  2.67186E+15 0.00077 
   51   51    1    1    1    1    1    1    1    1  2.15021E+15 0.00081 
   52   52    1    1    1    1    1    1    1    1  2.52154E+15 0.00092 
   53   53    1    1    1    1    1    1    1    1  1.76468E+15 0.00073 
   54   54    1    1    1    1    1    1    1    1  2.14067E+15 0.00078 
   55   55    1    1    1    1    1    1    1    1  1.48151E+15 0.00080 
   56   56    1    1    1    1    1    1    1    1  2.02541E+14 0.00091 
   57   57    1    1    1    1    1    1    1    1  2.94539E+15 0.00068 
   58   58    1    1    1    1    1    1    1    1  1.29455E+15 0.00073 
   59   59    1    1    1    1    1    1    1    1  1.38618E+15 0.00067 
   60   60    1    1    1    1    1    1    1    1  1.07115E+15 0.00109 
   61   61    1    1    1    1    1    1    1    1  1.07590E+15 0.00080 
   62   62    1    1    1    1    1    1    1    1  1.11594E+15 0.00095 
   63   63    1    1    1    1    1    1    1    1  9.35744E+14 0.00104 
   64   64    1    1    1    1    1    1    1    1  7.44161E+14 0.00126 
   65   65    1    1    1    1    1    1    1    1  7.38431E+14 0.00102 
   66   66    1    1    1    1    1    1    1    1  5.36940E+14 0.00105 
   67   67    1    1    1    1    1    1    1    1  4.40185E+14 0.00122 
   68   68    1    1    1    1    1    1    1    1  3.94851E+14 0.00122 
   69   69    1    1    1    1    1    1    1    1  4.74279E+14 0.00140 
   70   70    1    1    1    1    1    1    1    1  4.04041E+14 0.00166 
   71   71    1    1    1    1    1    1    1    1  7.43873E+14 0.00120 
   72   72    1    1    1    1    1    1    1    1  5.29152E+14 0.00132 
   73   73    1    1    1    1    1    1    1    1  3.98824E+14 0.00135 
   74   74    1    1    1    1    1    1    1    1  3.18453E+14 0.00146 
   75   75    1    1    1    1    1    1    1    1  2.61567E+14 0.00173 
   76   76    1    1    1    1    1    1    1    1  3.00981E+14 0.00194 
   77   77    1    1    1    1    1    1    1    1  2.35410E+14 0.00192 
   78   78    1    1    1    1    1    1    1    1  1.86523E+14 0.00219 
   79   79    1    1    1    1    1    1    1    1  1.91386E+14 0.00181 
   80   80    1    1    1    1    1    1    1    1  1.40990E+14 0.00206 
   81   81    1    1    1    1    1    1    1    1  1.08506E+14 0.00239 
   82   82    1    1    1    1    1    1    1    1  8.35461E+13 0.00288 
   83   83    1    1    1    1    1    1    1    1  7.79388E+13 0.00319 
   84   84    1    1    1    1    1    1    1    1  5.59802E+13 0.00271 
   85   85    1    1    1    1    1    1    1    1  4.03183E+13 0.00298 
   86   86    1    1    1    1    1    1    1    1  3.78374E+13 0.00357 
   87   87    1    1    1    1    1    1    1    1  2.33681E+13 0.00440 
   88   88    1    1    1    1    1    1    1    1  1.55911E+13 0.00465 
   89   89    1    1    1    1    1    1    1    1  8.98847E+12 0.00919 
   90   90    1    1    1    1    1    1    1    1  6.03096E+12 0.00973 
   91   91    1    1    1    1    1    1    1    1  3.07524E+12 0.01442 
   92   92    1    1    1    1    1    1    1    1  1.48941E+12 0.02337 
   93   93    1    1    1    1    1    1    1    1  7.40453E+11 0.02378 
   94   94    1    1    1    1    1    1    1    1  3.48175E+11 0.03474 
   95   95    1    1    1    1    1    1    1    1  1.68780E+11 0.05324 
   96   96    1    1    1    1    1    1    1    1  1.01073E+11 0.08181 
   97   97    1    1    1    1    1    1    1    1  4.79301E+10 0.08360 
   98   98    1    1    1    1    1    1    1    1  1.82034E+10 0.23670 
   99   99    1    1    1    1    1    1    1    1  7.88472E+09 0.23441 
  100  100    1    1    1    1    1    1    1    1  4.48396E+09 0.31102 
];


