
DETdpaspec = [
    1    1    1    1    1    1    1    1    1    1  0.00000E+00 0.00000 
    2    2    1    1    1    1    1    1    1    1  0.00000E+00 0.00000 
    3    3    1    1    1    1    1    1    1    1  0.00000E+00 0.00000 
    4    4    1    1    1    1    1    1    1    1  0.00000E+00 0.00000 
    5    5    1    1    1    1    1    1    1    1  0.00000E+00 0.00000 
    6    6    1    1    1    1    1    1    1    1  0.00000E+00 0.00000 
    7    7    1    1    1    1    1    1    1    1  0.00000E+00 0.00000 
    8    8    1    1    1    1    1    1    1    1  1.39725E+07 1.00000 
    9    9    1    1    1    1    1    1    1    1  0.00000E+00 0.00000 
   10   10    1    1    1    1    1    1    1    1  4.33382E+07 1.00000 
   11   11    1    1    1    1    1    1    1    1  9.68950E+07 1.00000 
   12   12    1    1    1    1    1    1    1    1  1.79383E+06 1.00000 
   13   13    1    1    1    1    1    1    1    1  7.09895E+08 0.56153 
   14   14    1    1    1    1    1    1    1    1  1.53455E+09 0.46019 
   15   15    1    1    1    1    1    1    1    1  2.00196E+09 0.35144 
   16   16    1    1    1    1    1    1    1    1  2.13504E+09 0.32847 
   17   17    1    1    1    1    1    1    1    1  2.99485E+09 0.26777 
   18   18    1    1    1    1    1    1    1    1  7.95193E+09 0.21696 
   19   19    1    1    1    1    1    1    1    1  7.24227E+09 0.20690 
   20   20    1    1    1    1    1    1    1    1  2.14161E+10 0.13542 
   21   21    1    1    1    1    1    1    1    1  1.55192E+10 0.13974 
   22   22    1    1    1    1    1    1    1    1  3.88812E+10 0.09685 
   23   23    1    1    1    1    1    1    1    1  6.11490E+10 0.07272 
   24   24    1    1    1    1    1    1    1    1  1.02753E+11 0.06883 
   25   25    1    1    1    1    1    1    1    1  1.28005E+11 0.04943 
   26   26    1    1    1    1    1    1    1    1  2.01297E+11 0.05507 
   27   27    1    1    1    1    1    1    1    1  3.66361E+11 0.03690 
   28   28    1    1    1    1    1    1    1    1  7.73537E+11 0.03179 
   29   29    1    1    1    1    1    1    1    1  1.22122E+12 0.01892 
   30   30    1    1    1    1    1    1    1    1  3.51141E+12 0.01283 
   31   31    1    1    1    1    1    1    1    1  1.09498E+13 0.00737 
   32   32    1    1    1    1    1    1    1    1  2.02426E+13 0.00596 
   33   33    1    1    1    1    1    1    1    1  4.69579E+13 0.00311 
   34   34    1    1    1    1    1    1    1    1  6.42529E+13 0.00174 
   35   35    1    1    1    1    1    1    1    1  8.75051E+13 0.00214 
   36   36    1    1    1    1    1    1    1    1  6.11758E+13 0.00288 
   37   37    1    1    1    1    1    1    1    1  1.89143E+13 0.00277 
   38   38    1    1    1    1    1    1    1    1  1.04244E+14 0.00245 
   39   39    1    1    1    1    1    1    1    1  1.39505E+14 0.00193 
   40   40    1    1    1    1    1    1    1    1  2.38495E+14 0.00121 
   41   41    1    1    1    1    1    1    1    1  2.41718E+14 0.00160 
   42   42    1    1    1    1    1    1    1    1  5.07225E+14 0.00160 
   43   43    1    1    1    1    1    1    1    1  6.09607E+14 0.00127 
   44   44    1    1    1    1    1    1    1    1  8.74996E+14 0.00090 
   45   45    1    1    1    1    1    1    1    1  1.72667E+15 0.00091 
   46   46    1    1    1    1    1    1    1    1  8.21969E+14 0.00101 
   47   47    1    1    1    1    1    1    1    1  1.31765E+15 0.00114 
   48   48    1    1    1    1    1    1    1    1  1.84364E+15 0.00082 
   49   49    1    1    1    1    1    1    1    1  1.81351E+15 0.00095 
   50   50    1    1    1    1    1    1    1    1  2.82137E+15 0.00085 
   51   51    1    1    1    1    1    1    1    1  2.26384E+15 0.00081 
   52   52    1    1    1    1    1    1    1    1  2.66783E+15 0.00070 
   53   53    1    1    1    1    1    1    1    1  1.86494E+15 0.00067 
   54   54    1    1    1    1    1    1    1    1  2.27314E+15 0.00060 
   55   55    1    1    1    1    1    1    1    1  1.57327E+15 0.00077 
   56   56    1    1    1    1    1    1    1    1  2.14904E+14 0.00130 
   57   57    1    1    1    1    1    1    1    1  3.12818E+15 0.00069 
   58   58    1    1    1    1    1    1    1    1  1.38209E+15 0.00070 
   59   59    1    1    1    1    1    1    1    1  1.47953E+15 0.00093 
   60   60    1    1    1    1    1    1    1    1  1.14732E+15 0.00080 
   61   61    1    1    1    1    1    1    1    1  1.15066E+15 0.00120 
   62   62    1    1    1    1    1    1    1    1  1.19381E+15 0.00102 
   63   63    1    1    1    1    1    1    1    1  1.00343E+15 0.00116 
   64   64    1    1    1    1    1    1    1    1  7.98332E+14 0.00094 
   65   65    1    1    1    1    1    1    1    1  7.93687E+14 0.00120 
   66   66    1    1    1    1    1    1    1    1  5.77604E+14 0.00100 
   67   67    1    1    1    1    1    1    1    1  4.71729E+14 0.00153 
   68   68    1    1    1    1    1    1    1    1  4.23211E+14 0.00136 
   69   69    1    1    1    1    1    1    1    1  5.08742E+14 0.00154 
   70   70    1    1    1    1    1    1    1    1  4.34570E+14 0.00156 
   71   71    1    1    1    1    1    1    1    1  7.96395E+14 0.00116 
   72   72    1    1    1    1    1    1    1    1  5.66365E+14 0.00121 
   73   73    1    1    1    1    1    1    1    1  4.27763E+14 0.00150 
   74   74    1    1    1    1    1    1    1    1  3.42332E+14 0.00136 
   75   75    1    1    1    1    1    1    1    1  2.81749E+14 0.00148 
   76   76    1    1    1    1    1    1    1    1  3.24234E+14 0.00182 
   77   77    1    1    1    1    1    1    1    1  2.55075E+14 0.00120 
   78   78    1    1    1    1    1    1    1    1  2.01535E+14 0.00198 
   79   79    1    1    1    1    1    1    1    1  2.07381E+14 0.00232 
   80   80    1    1    1    1    1    1    1    1  1.53383E+14 0.00198 
   81   81    1    1    1    1    1    1    1    1  1.18029E+14 0.00219 
   82   82    1    1    1    1    1    1    1    1  9.04479E+13 0.00218 
   83   83    1    1    1    1    1    1    1    1  8.49282E+13 0.00280 
   84   84    1    1    1    1    1    1    1    1  6.11925E+13 0.00324 
   85   85    1    1    1    1    1    1    1    1  4.40942E+13 0.00332 
   86   86    1    1    1    1    1    1    1    1  4.14036E+13 0.00479 
   87   87    1    1    1    1    1    1    1    1  2.57702E+13 0.00442 
   88   88    1    1    1    1    1    1    1    1  1.71948E+13 0.00472 
   89   89    1    1    1    1    1    1    1    1  9.89999E+12 0.00736 
   90   90    1    1    1    1    1    1    1    1  6.62002E+12 0.00543 
   91   91    1    1    1    1    1    1    1    1  3.32606E+12 0.01508 
   92   92    1    1    1    1    1    1    1    1  1.55438E+12 0.01811 
   93   93    1    1    1    1    1    1    1    1  7.59945E+11 0.02503 
   94   94    1    1    1    1    1    1    1    1  3.81285E+11 0.03121 
   95   95    1    1    1    1    1    1    1    1  1.82538E+11 0.04918 
   96   96    1    1    1    1    1    1    1    1  9.14536E+10 0.08173 
   97   97    1    1    1    1    1    1    1    1  4.18414E+10 0.10079 
   98   98    1    1    1    1    1    1    1    1  2.35458E+10 0.18031 
   99   99    1    1    1    1    1    1    1    1  1.10361E+10 0.21535 
  100  100    1    1    1    1    1    1    1    1  7.67611E+09 0.32061 
];


