
DETdpaspec = [
    1    1    1    1    1    1    1    1    1    1  0.00000E+00 0.00000 
    2    2    1    1    1    1    1    1    1    1  0.00000E+00 0.00000 
    3    3    1    1    1    1    1    1    1    1  0.00000E+00 0.00000 
    4    4    1    1    1    1    1    1    1    1  0.00000E+00 0.00000 
    5    5    1    1    1    1    1    1    1    1  8.37644E+06 1.00000 
    6    6    1    1    1    1    1    1    1    1  0.00000E+00 0.00000 
    7    7    1    1    1    1    1    1    1    1  0.00000E+00 0.00000 
    8    8    1    1    1    1    1    1    1    1  0.00000E+00 0.00000 
    9    9    1    1    1    1    1    1    1    1  8.01405E+06 1.00000 
   10   10    1    1    1    1    1    1    1    1  1.27633E+08 1.00000 
   11   11    1    1    1    1    1    1    1    1  1.52922E+08 0.54612 
   12   12    1    1    1    1    1    1    1    1  0.00000E+00 0.00000 
   13   13    1    1    1    1    1    1    1    1  1.00063E+09 0.50945 
   14   14    1    1    1    1    1    1    1    1  3.24521E+09 0.44182 
   15   15    1    1    1    1    1    1    1    1  3.40904E+09 0.35216 
   16   16    1    1    1    1    1    1    1    1  9.75469E+08 0.25506 
   17   17    1    1    1    1    1    1    1    1  2.11038E+09 0.25020 
   18   18    1    1    1    1    1    1    1    1  7.51836E+09 0.27327 
   19   19    1    1    1    1    1    1    1    1  6.56758E+09 0.14000 
   20   20    1    1    1    1    1    1    1    1  2.06016E+10 0.12712 
   21   21    1    1    1    1    1    1    1    1  1.79323E+10 0.09610 
   22   22    1    1    1    1    1    1    1    1  5.03620E+10 0.07885 
   23   23    1    1    1    1    1    1    1    1  6.70291E+10 0.06803 
   24   24    1    1    1    1    1    1    1    1  1.03018E+11 0.06143 
   25   25    1    1    1    1    1    1    1    1  1.25279E+11 0.06041 
   26   26    1    1    1    1    1    1    1    1  2.00005E+11 0.04338 
   27   27    1    1    1    1    1    1    1    1  3.68619E+11 0.03127 
   28   28    1    1    1    1    1    1    1    1  7.14827E+11 0.01693 
   29   29    1    1    1    1    1    1    1    1  1.09473E+12 0.02007 
   30   30    1    1    1    1    1    1    1    1  3.23262E+12 0.01510 
   31   31    1    1    1    1    1    1    1    1  9.74629E+12 0.00767 
   32   32    1    1    1    1    1    1    1    1  1.80469E+13 0.00477 
   33   33    1    1    1    1    1    1    1    1  4.11057E+13 0.00486 
   34   34    1    1    1    1    1    1    1    1  5.49964E+13 0.00354 
   35   35    1    1    1    1    1    1    1    1  7.77302E+13 0.00267 
   36   36    1    1    1    1    1    1    1    1  5.49408E+13 0.00227 
   37   37    1    1    1    1    1    1    1    1  1.72652E+13 0.00246 
   38   38    1    1    1    1    1    1    1    1  9.32188E+13 0.00228 
   39   39    1    1    1    1    1    1    1    1  1.24522E+14 0.00227 
   40   40    1    1    1    1    1    1    1    1  2.11064E+14 0.00170 
   41   41    1    1    1    1    1    1    1    1  2.16640E+14 0.00143 
   42   42    1    1    1    1    1    1    1    1  4.47390E+14 0.00133 
   43   43    1    1    1    1    1    1    1    1  5.34987E+14 0.00101 
   44   44    1    1    1    1    1    1    1    1  7.61084E+14 0.00141 
   45   45    1    1    1    1    1    1    1    1  1.47990E+15 0.00123 
   46   46    1    1    1    1    1    1    1    1  7.06523E+14 0.00117 
   47   47    1    1    1    1    1    1    1    1  1.13437E+15 0.00080 
   48   48    1    1    1    1    1    1    1    1  1.58102E+15 0.00116 
   49   49    1    1    1    1    1    1    1    1  1.55783E+15 0.00117 
   50   50    1    1    1    1    1    1    1    1  2.39878E+15 0.00086 
   51   51    1    1    1    1    1    1    1    1  1.93615E+15 0.00116 
   52   52    1    1    1    1    1    1    1    1  2.25126E+15 0.00096 
   53   53    1    1    1    1    1    1    1    1  1.57464E+15 0.00124 
   54   54    1    1    1    1    1    1    1    1  1.89531E+15 0.00123 
   55   55    1    1    1    1    1    1    1    1  1.31213E+15 0.00110 
   56   56    1    1    1    1    1    1    1    1  1.79860E+14 0.00142 
   57   57    1    1    1    1    1    1    1    1  2.60984E+15 0.00122 
   58   58    1    1    1    1    1    1    1    1  1.13407E+15 0.00141 
   59   59    1    1    1    1    1    1    1    1  1.21758E+15 0.00112 
   60   60    1    1    1    1    1    1    1    1  9.33115E+14 0.00091 
   61   61    1    1    1    1    1    1    1    1  9.39155E+14 0.00094 
   62   62    1    1    1    1    1    1    1    1  9.71991E+14 0.00104 
   63   63    1    1    1    1    1    1    1    1  8.13334E+14 0.00129 
   64   64    1    1    1    1    1    1    1    1  6.46907E+14 0.00127 
   65   65    1    1    1    1    1    1    1    1  6.41690E+14 0.00121 
   66   66    1    1    1    1    1    1    1    1  4.65481E+14 0.00109 
   67   67    1    1    1    1    1    1    1    1  3.81130E+14 0.00107 
   68   68    1    1    1    1    1    1    1    1  3.43081E+14 0.00176 
   69   69    1    1    1    1    1    1    1    1  4.11344E+14 0.00178 
   70   70    1    1    1    1    1    1    1    1  3.50800E+14 0.00132 
   71   71    1    1    1    1    1    1    1    1  6.48818E+14 0.00123 
   72   72    1    1    1    1    1    1    1    1  4.63073E+14 0.00139 
   73   73    1    1    1    1    1    1    1    1  3.47747E+14 0.00166 
   74   74    1    1    1    1    1    1    1    1  2.75934E+14 0.00193 
   75   75    1    1    1    1    1    1    1    1  2.26537E+14 0.00221 
   76   76    1    1    1    1    1    1    1    1  2.58715E+14 0.00185 
   77   77    1    1    1    1    1    1    1    1  2.01416E+14 0.00241 
   78   78    1    1    1    1    1    1    1    1  1.58099E+14 0.00233 
   79   79    1    1    1    1    1    1    1    1  1.62439E+14 0.00190 
   80   80    1    1    1    1    1    1    1    1  1.19554E+14 0.00257 
   81   81    1    1    1    1    1    1    1    1  9.18559E+13 0.00259 
   82   82    1    1    1    1    1    1    1    1  7.04665E+13 0.00320 
   83   83    1    1    1    1    1    1    1    1  6.59637E+13 0.00298 
   84   84    1    1    1    1    1    1    1    1  4.73594E+13 0.00361 
   85   85    1    1    1    1    1    1    1    1  3.41317E+13 0.00409 
   86   86    1    1    1    1    1    1    1    1  3.19766E+13 0.00509 
   87   87    1    1    1    1    1    1    1    1  1.97188E+13 0.00501 
   88   88    1    1    1    1    1    1    1    1  1.33036E+13 0.00591 
   89   89    1    1    1    1    1    1    1    1  7.57811E+12 0.01034 
   90   90    1    1    1    1    1    1    1    1  5.11102E+12 0.01242 
   91   91    1    1    1    1    1    1    1    1  2.63959E+12 0.01493 
   92   92    1    1    1    1    1    1    1    1  1.24930E+12 0.01696 
   93   93    1    1    1    1    1    1    1    1  6.30242E+11 0.02593 
   94   94    1    1    1    1    1    1    1    1  2.96298E+11 0.05252 
   95   95    1    1    1    1    1    1    1    1  1.40008E+11 0.06924 
   96   96    1    1    1    1    1    1    1    1  7.02585E+10 0.08944 
   97   97    1    1    1    1    1    1    1    1  3.72774E+10 0.11447 
   98   98    1    1    1    1    1    1    1    1  1.35384E+10 0.17496 
   99   99    1    1    1    1    1    1    1    1  1.26137E+10 0.27695 
  100  100    1    1    1    1    1    1    1    1  6.87415E+09 0.19367 
];


