
DETdpaspec = [
    1    1    1    1    1    1    1    1    1    1  0.00000E+00 0.00000 
    2    2    1    1    1    1    1    1    1    1  0.00000E+00 0.00000 
    3    3    1    1    1    1    1    1    1    1  0.00000E+00 0.00000 
    4    4    1    1    1    1    1    1    1    1  0.00000E+00 0.00000 
    5    5    1    1    1    1    1    1    1    1  0.00000E+00 0.00000 
    6    6    1    1    1    1    1    1    1    1  0.00000E+00 0.00000 
    7    7    1    1    1    1    1    1    1    1  0.00000E+00 0.00000 
    8    8    1    1    1    1    1    1    1    1  4.20102E+07 0.54660 
    9    9    1    1    1    1    1    1    1    1  1.80571E+07 0.70788 
   10   10    1    1    1    1    1    1    1    1  0.00000E+00 0.00000 
   11   11    1    1    1    1    1    1    1    1  2.20039E+08 0.56714 
   12   12    1    1    1    1    1    1    1    1  2.83062E+07 0.83718 
   13   13    1    1    1    1    1    1    1    1  3.03265E+09 0.36788 
   14   14    1    1    1    1    1    1    1    1  3.21387E+09 0.30024 
   15   15    1    1    1    1    1    1    1    1  5.16678E+09 0.32951 
   16   16    1    1    1    1    1    1    1    1  1.86617E+09 0.33135 
   17   17    1    1    1    1    1    1    1    1  2.33588E+09 0.26931 
   18   18    1    1    1    1    1    1    1    1  6.96174E+09 0.21338 
   19   19    1    1    1    1    1    1    1    1  9.95661E+09 0.16199 
   20   20    1    1    1    1    1    1    1    1  2.22497E+10 0.20137 
   21   21    1    1    1    1    1    1    1    1  2.01912E+10 0.13702 
   22   22    1    1    1    1    1    1    1    1  5.16340E+10 0.08690 
   23   23    1    1    1    1    1    1    1    1  6.10696E+10 0.08286 
   24   24    1    1    1    1    1    1    1    1  1.10756E+11 0.04768 
   25   25    1    1    1    1    1    1    1    1  1.30844E+11 0.04627 
   26   26    1    1    1    1    1    1    1    1  1.93239E+11 0.04394 
   27   27    1    1    1    1    1    1    1    1  3.88620E+11 0.03019 
   28   28    1    1    1    1    1    1    1    1  7.54012E+11 0.02419 
   29   29    1    1    1    1    1    1    1    1  1.07344E+12 0.01922 
   30   30    1    1    1    1    1    1    1    1  3.21007E+12 0.01727 
   31   31    1    1    1    1    1    1    1    1  9.73630E+12 0.00917 
   32   32    1    1    1    1    1    1    1    1  1.80139E+13 0.00580 
   33   33    1    1    1    1    1    1    1    1  4.06007E+13 0.00348 
   34   34    1    1    1    1    1    1    1    1  5.43702E+13 0.00179 
   35   35    1    1    1    1    1    1    1    1  7.68678E+13 0.00250 
   36   36    1    1    1    1    1    1    1    1  5.44333E+13 0.00169 
   37   37    1    1    1    1    1    1    1    1  1.71271E+13 0.00229 
   38   38    1    1    1    1    1    1    1    1  9.27231E+13 0.00177 
   39   39    1    1    1    1    1    1    1    1  1.23684E+14 0.00240 
   40   40    1    1    1    1    1    1    1    1  2.09416E+14 0.00210 
   41   41    1    1    1    1    1    1    1    1  2.14663E+14 0.00201 
   42   42    1    1    1    1    1    1    1    1  4.41578E+14 0.00168 
   43   43    1    1    1    1    1    1    1    1  5.28450E+14 0.00153 
   44   44    1    1    1    1    1    1    1    1  7.52235E+14 0.00124 
   45   45    1    1    1    1    1    1    1    1  1.45753E+15 0.00123 
   46   46    1    1    1    1    1    1    1    1  6.97065E+14 0.00125 
   47   47    1    1    1    1    1    1    1    1  1.11965E+15 0.00126 
   48   48    1    1    1    1    1    1    1    1  1.56105E+15 0.00106 
   49   49    1    1    1    1    1    1    1    1  1.53787E+15 0.00110 
   50   50    1    1    1    1    1    1    1    1  2.36478E+15 0.00102 
   51   51    1    1    1    1    1    1    1    1  1.90783E+15 0.00105 
   52   52    1    1    1    1    1    1    1    1  2.21928E+15 0.00115 
   53   53    1    1    1    1    1    1    1    1  1.55279E+15 0.00118 
   54   54    1    1    1    1    1    1    1    1  1.86657E+15 0.00122 
   55   55    1    1    1    1    1    1    1    1  1.29345E+15 0.00109 
   56   56    1    1    1    1    1    1    1    1  1.77268E+14 0.00183 
   57   57    1    1    1    1    1    1    1    1  2.56721E+15 0.00114 
   58   58    1    1    1    1    1    1    1    1  1.11645E+15 0.00105 
   59   59    1    1    1    1    1    1    1    1  1.19683E+15 0.00106 
   60   60    1    1    1    1    1    1    1    1  9.17470E+14 0.00130 
   61   61    1    1    1    1    1    1    1    1  9.22276E+14 0.00108 
   62   62    1    1    1    1    1    1    1    1  9.54725E+14 0.00123 
   63   63    1    1    1    1    1    1    1    1  7.99628E+14 0.00124 
   64   64    1    1    1    1    1    1    1    1  6.35584E+14 0.00153 
   65   65    1    1    1    1    1    1    1    1  6.28995E+14 0.00103 
   66   66    1    1    1    1    1    1    1    1  4.56585E+14 0.00114 
   67   67    1    1    1    1    1    1    1    1  3.75006E+14 0.00155 
   68   68    1    1    1    1    1    1    1    1  3.37428E+14 0.00160 
   69   69    1    1    1    1    1    1    1    1  4.05183E+14 0.00137 
   70   70    1    1    1    1    1    1    1    1  3.45605E+14 0.00152 
   71   71    1    1    1    1    1    1    1    1  6.38255E+14 0.00167 
   72   72    1    1    1    1    1    1    1    1  4.55276E+14 0.00186 
   73   73    1    1    1    1    1    1    1    1  3.41260E+14 0.00149 
   74   74    1    1    1    1    1    1    1    1  2.71147E+14 0.00178 
   75   75    1    1    1    1    1    1    1    1  2.21849E+14 0.00245 
   76   76    1    1    1    1    1    1    1    1  2.53725E+14 0.00193 
   77   77    1    1    1    1    1    1    1    1  1.97949E+14 0.00196 
   78   78    1    1    1    1    1    1    1    1  1.55502E+14 0.00196 
   79   79    1    1    1    1    1    1    1    1  1.58585E+14 0.00241 
   80   80    1    1    1    1    1    1    1    1  1.17514E+14 0.00264 
   81   81    1    1    1    1    1    1    1    1  8.94564E+13 0.00223 
   82   82    1    1    1    1    1    1    1    1  6.89658E+13 0.00231 
   83   83    1    1    1    1    1    1    1    1  6.45218E+13 0.00367 
   84   84    1    1    1    1    1    1    1    1  4.66220E+13 0.00333 
   85   85    1    1    1    1    1    1    1    1  3.34185E+13 0.00434 
   86   86    1    1    1    1    1    1    1    1  3.11368E+13 0.00362 
   87   87    1    1    1    1    1    1    1    1  1.93586E+13 0.00442 
   88   88    1    1    1    1    1    1    1    1  1.32481E+13 0.00881 
   89   89    1    1    1    1    1    1    1    1  7.52932E+12 0.00987 
   90   90    1    1    1    1    1    1    1    1  5.06744E+12 0.01356 
   91   91    1    1    1    1    1    1    1    1  2.53576E+12 0.01386 
   92   92    1    1    1    1    1    1    1    1  1.27928E+12 0.01736 
   93   93    1    1    1    1    1    1    1    1  6.08033E+11 0.02660 
   94   94    1    1    1    1    1    1    1    1  2.77709E+11 0.03687 
   95   95    1    1    1    1    1    1    1    1  1.34664E+11 0.05599 
   96   96    1    1    1    1    1    1    1    1  7.47576E+10 0.10567 
   97   97    1    1    1    1    1    1    1    1  3.32181E+10 0.11128 
   98   98    1    1    1    1    1    1    1    1  1.55268E+10 0.20099 
   99   99    1    1    1    1    1    1    1    1  4.90576E+09 0.40642 
  100  100    1    1    1    1    1    1    1    1  6.28108E+09 0.25498 
];


