
DETdpaspec = [
    1    1    1    1    1    1    1    1    1    1  0.00000E+00 0.00000 
    2    2    1    1    1    1    1    1    1    1  0.00000E+00 0.00000 
    3    3    1    1    1    1    1    1    1    1  0.00000E+00 0.00000 
    4    4    1    1    1    1    1    1    1    1  0.00000E+00 0.00000 
    5    5    1    1    1    1    1    1    1    1  6.14311E+06 1.00000 
    6    6    1    1    1    1    1    1    1    1  0.00000E+00 0.00000 
    7    7    1    1    1    1    1    1    1    1  0.00000E+00 0.00000 
    8    8    1    1    1    1    1    1    1    1  1.56546E+07 1.00000 
    9    9    1    1    1    1    1    1    1    1  1.43455E+07 1.00000 
   10   10    1    1    1    1    1    1    1    1  2.06217E+08 0.68023 
   11   11    1    1    1    1    1    1    1    1  1.23253E+08 1.00000 
   12   12    1    1    1    1    1    1    1    1  1.23578E+07 1.00000 
   13   13    1    1    1    1    1    1    1    1  1.30489E+08 0.69393 
   14   14    1    1    1    1    1    1    1    1  2.69019E+09 0.56519 
   15   15    1    1    1    1    1    1    1    1  4.73491E+09 0.28931 
   16   16    1    1    1    1    1    1    1    1  1.62641E+09 0.37169 
   17   17    1    1    1    1    1    1    1    1  1.85492E+09 0.24621 
   18   18    1    1    1    1    1    1    1    1  8.04272E+09 0.17733 
   19   19    1    1    1    1    1    1    1    1  8.74812E+09 0.16261 
   20   20    1    1    1    1    1    1    1    1  3.18914E+10 0.10030 
   21   21    1    1    1    1    1    1    1    1  2.10857E+10 0.09211 
   22   22    1    1    1    1    1    1    1    1  6.69972E+10 0.10137 
   23   23    1    1    1    1    1    1    1    1  8.41400E+10 0.05909 
   24   24    1    1    1    1    1    1    1    1  1.25699E+11 0.05626 
   25   25    1    1    1    1    1    1    1    1  1.50267E+11 0.04091 
   26   26    1    1    1    1    1    1    1    1  2.57874E+11 0.03320 
   27   27    1    1    1    1    1    1    1    1  4.87480E+11 0.03419 
   28   28    1    1    1    1    1    1    1    1  8.17373E+11 0.01638 
   29   29    1    1    1    1    1    1    1    1  1.11992E+12 0.01307 
   30   30    1    1    1    1    1    1    1    1  3.46526E+12 0.01140 
   31   31    1    1    1    1    1    1    1    1  9.99158E+12 0.00455 
   32   32    1    1    1    1    1    1    1    1  1.76277E+13 0.00497 
   33   33    1    1    1    1    1    1    1    1  3.69497E+13 0.00433 
   34   34    1    1    1    1    1    1    1    1  4.71094E+13 0.00351 
   35   35    1    1    1    1    1    1    1    1  6.93995E+13 0.00267 
   36   36    1    1    1    1    1    1    1    1  4.92679E+13 0.00302 
   37   37    1    1    1    1    1    1    1    1  1.57516E+13 0.00319 
   38   38    1    1    1    1    1    1    1    1  8.26170E+13 0.00311 
   39   39    1    1    1    1    1    1    1    1  1.08721E+14 0.00249 
   40   40    1    1    1    1    1    1    1    1  1.78827E+14 0.00190 
   41   41    1    1    1    1    1    1    1    1  1.85401E+14 0.00207 
   42   42    1    1    1    1    1    1    1    1  3.68453E+14 0.00152 
   43   43    1    1    1    1    1    1    1    1  4.33866E+14 0.00149 
   44   44    1    1    1    1    1    1    1    1  6.06085E+14 0.00136 
   45   45    1    1    1    1    1    1    1    1  1.13335E+15 0.00123 
   46   46    1    1    1    1    1    1    1    1  5.41135E+14 0.00128 
   47   47    1    1    1    1    1    1    1    1  8.68399E+14 0.00133 
   48   48    1    1    1    1    1    1    1    1  1.19665E+15 0.00109 
   49   49    1    1    1    1    1    1    1    1  1.17574E+15 0.00150 
   50   50    1    1    1    1    1    1    1    1  1.77232E+15 0.00128 
   51   51    1    1    1    1    1    1    1    1  1.44072E+15 0.00144 
   52   52    1    1    1    1    1    1    1    1  1.63709E+15 0.00142 
   53   53    1    1    1    1    1    1    1    1  1.14823E+15 0.00149 
   54   54    1    1    1    1    1    1    1    1  1.35082E+15 0.00151 
   55   55    1    1    1    1    1    1    1    1  9.38577E+14 0.00164 
   56   56    1    1    1    1    1    1    1    1  1.29499E+14 0.00183 
   57   57    1    1    1    1    1    1    1    1  1.86178E+15 0.00120 
   58   58    1    1    1    1    1    1    1    1  7.89851E+14 0.00137 
   59   59    1    1    1    1    1    1    1    1  8.48571E+14 0.00161 
   60   60    1    1    1    1    1    1    1    1  6.39885E+14 0.00173 
   61   61    1    1    1    1    1    1    1    1  6.45807E+14 0.00166 
   62   62    1    1    1    1    1    1    1    1  6.64285E+14 0.00156 
   63   63    1    1    1    1    1    1    1    1  5.51007E+14 0.00179 
   64   64    1    1    1    1    1    1    1    1  4.37832E+14 0.00199 
   65   65    1    1    1    1    1    1    1    1  4.32246E+14 0.00201 
   66   66    1    1    1    1    1    1    1    1  3.13227E+14 0.00178 
   67   67    1    1    1    1    1    1    1    1  2.57683E+14 0.00155 
   68   68    1    1    1    1    1    1    1    1  2.32078E+14 0.00186 
   69   69    1    1    1    1    1    1    1    1  2.78171E+14 0.00183 
   70   70    1    1    1    1    1    1    1    1  2.38030E+14 0.00208 
   71   71    1    1    1    1    1    1    1    1  4.47034E+14 0.00180 
   72   72    1    1    1    1    1    1    1    1  3.18453E+14 0.00204 
   73   73    1    1    1    1    1    1    1    1  2.38905E+14 0.00181 
   74   74    1    1    1    1    1    1    1    1  1.85413E+14 0.00239 
   75   75    1    1    1    1    1    1    1    1  1.50015E+14 0.00203 
   76   76    1    1    1    1    1    1    1    1  1.69592E+14 0.00267 
   77   77    1    1    1    1    1    1    1    1  1.30054E+14 0.00253 
   78   78    1    1    1    1    1    1    1    1  1.01171E+14 0.00331 
   79   79    1    1    1    1    1    1    1    1  1.02221E+14 0.00312 
   80   80    1    1    1    1    1    1    1    1  7.52837E+13 0.00315 
   81   81    1    1    1    1    1    1    1    1  5.77534E+13 0.00328 
   82   82    1    1    1    1    1    1    1    1  4.38634E+13 0.00327 
   83   83    1    1    1    1    1    1    1    1  4.12169E+13 0.00454 
   84   84    1    1    1    1    1    1    1    1  2.94756E+13 0.00344 
   85   85    1    1    1    1    1    1    1    1  2.11398E+13 0.00397 
   86   86    1    1    1    1    1    1    1    1  1.97488E+13 0.00558 
   87   87    1    1    1    1    1    1    1    1  1.23278E+13 0.00548 
   88   88    1    1    1    1    1    1    1    1  8.29911E+12 0.00814 
   89   89    1    1    1    1    1    1    1    1  4.76287E+12 0.01239 
   90   90    1    1    1    1    1    1    1    1  3.23570E+12 0.01561 
   91   91    1    1    1    1    1    1    1    1  1.58706E+12 0.01508 
   92   92    1    1    1    1    1    1    1    1  8.00665E+11 0.02673 
   93   93    1    1    1    1    1    1    1    1  3.98967E+11 0.03947 
   94   94    1    1    1    1    1    1    1    1  1.86800E+11 0.04417 
   95   95    1    1    1    1    1    1    1    1  9.81886E+10 0.08609 
   96   96    1    1    1    1    1    1    1    1  4.78392E+10 0.10497 
   97   97    1    1    1    1    1    1    1    1  2.51110E+10 0.18528 
   98   98    1    1    1    1    1    1    1    1  1.29845E+10 0.24454 
   99   99    1    1    1    1    1    1    1    1  5.83534E+09 0.26271 
  100  100    1    1    1    1    1    1    1    1  4.40428E+09 0.33161 
];


