
DETdpaspec = [
    1    1    1    1    1    1    1    1    1    1  0.00000E+00 0.00000 
    2    2    1    1    1    1    1    1    1    1  0.00000E+00 0.00000 
    3    3    1    1    1    1    1    1    1    1  0.00000E+00 0.00000 
    4    4    1    1    1    1    1    1    1    1  0.00000E+00 0.00000 
    5    5    1    1    1    1    1    1    1    1  0.00000E+00 0.00000 
    6    6    1    1    1    1    1    1    1    1  1.00324E+07 1.00000 
    7    7    1    1    1    1    1    1    1    1  1.47040E+07 1.00000 
    8    8    1    1    1    1    1    1    1    1  1.75820E+07 1.00000 
    9    9    1    1    1    1    1    1    1    1  2.76243E+07 0.59170 
   10   10    1    1    1    1    1    1    1    1  1.20867E+08 0.71344 
   11   11    1    1    1    1    1    1    1    1  2.46923E+08 0.58296 
   12   12    1    1    1    1    1    1    1    1  9.13106E+07 0.42682 
   13   13    1    1    1    1    1    1    1    1  1.31151E+09 0.37381 
   14   14    1    1    1    1    1    1    1    1  2.19204E+09 0.48230 
   15   15    1    1    1    1    1    1    1    1  3.66432E+09 0.38743 
   16   16    1    1    1    1    1    1    1    1  9.80271E+08 0.39910 
   17   17    1    1    1    1    1    1    1    1  5.43051E+09 0.19596 
   18   18    1    1    1    1    1    1    1    1  9.70753E+09 0.17353 
   19   19    1    1    1    1    1    1    1    1  1.39307E+10 0.13650 
   20   20    1    1    1    1    1    1    1    1  3.47270E+10 0.10623 
   21   21    1    1    1    1    1    1    1    1  2.73500E+10 0.09000 
   22   22    1    1    1    1    1    1    1    1  7.66140E+10 0.05770 
   23   23    1    1    1    1    1    1    1    1  1.28966E+11 0.04780 
   24   24    1    1    1    1    1    1    1    1  2.65294E+11 0.04092 
   25   25    1    1    1    1    1    1    1    1  4.22934E+11 0.04126 
   26   26    1    1    1    1    1    1    1    1  9.00883E+11 0.03169 
   27   27    1    1    1    1    1    1    1    1  1.90956E+12 0.02124 
   28   28    1    1    1    1    1    1    1    1  4.32292E+12 0.01343 
   29   29    1    1    1    1    1    1    1    1  6.46366E+12 0.00688 
   30   30    1    1    1    1    1    1    1    1  1.53990E+13 0.00573 
   31   31    1    1    1    1    1    1    1    1  3.70627E+13 0.00479 
   32   32    1    1    1    1    1    1    1    1  5.55419E+13 0.00270 
   33   33    1    1    1    1    1    1    1    1  1.10518E+14 0.00184 
   34   34    1    1    1    1    1    1    1    1  1.31682E+14 0.00109 
   35   35    1    1    1    1    1    1    1    1  1.77731E+14 0.00128 
   36   36    1    1    1    1    1    1    1    1  1.37538E+14 0.00132 
   37   37    1    1    1    1    1    1    1    1  4.25030E+13 0.00099 
   38   38    1    1    1    1    1    1    1    1  2.09967E+14 0.00126 
   39   39    1    1    1    1    1    1    1    1  2.58500E+14 0.00091 
   40   40    1    1    1    1    1    1    1    1  4.34785E+14 0.00102 
   41   41    1    1    1    1    1    1    1    1  4.13825E+14 0.00116 
   42   42    1    1    1    1    1    1    1    1  7.62338E+14 0.00141 
   43   43    1    1    1    1    1    1    1    1  8.39501E+14 0.00116 
   44   44    1    1    1    1    1    1    1    1  1.09611E+15 0.00100 
   45   45    1    1    1    1    1    1    1    1  1.97356E+15 0.00094 
   46   46    1    1    1    1    1    1    1    1  1.03503E+15 0.00104 
   47   47    1    1    1    1    1    1    1    1  1.49164E+15 0.00101 
   48   48    1    1    1    1    1    1    1    1  2.08932E+15 0.00082 
   49   49    1    1    1    1    1    1    1    1  1.89991E+15 0.00076 
   50   50    1    1    1    1    1    1    1    1  2.94967E+15 0.00070 
   51   51    1    1    1    1    1    1    1    1  2.31700E+15 0.00066 
   52   52    1    1    1    1    1    1    1    1  2.65654E+15 0.00073 
   53   53    1    1    1    1    1    1    1    1  1.89525E+15 0.00079 
   54   54    1    1    1    1    1    1    1    1  2.31622E+15 0.00079 
   55   55    1    1    1    1    1    1    1    1  1.64251E+15 0.00084 
   56   56    1    1    1    1    1    1    1    1  2.26364E+14 0.00114 
   57   57    1    1    1    1    1    1    1    1  3.19466E+15 0.00080 
   58   58    1    1    1    1    1    1    1    1  1.41470E+15 0.00105 
   59   59    1    1    1    1    1    1    1    1  1.53737E+15 0.00105 
   60   60    1    1    1    1    1    1    1    1  1.22591E+15 0.00100 
   61   61    1    1    1    1    1    1    1    1  1.22559E+15 0.00097 
   62   62    1    1    1    1    1    1    1    1  1.23638E+15 0.00098 
   63   63    1    1    1    1    1    1    1    1  1.03397E+15 0.00088 
   64   64    1    1    1    1    1    1    1    1  8.16705E+14 0.00113 
   65   65    1    1    1    1    1    1    1    1  8.02689E+14 0.00085 
   66   66    1    1    1    1    1    1    1    1  6.36410E+14 0.00086 
   67   67    1    1    1    1    1    1    1    1  5.24092E+14 0.00074 
   68   68    1    1    1    1    1    1    1    1  4.62601E+14 0.00114 
   69   69    1    1    1    1    1    1    1    1  5.62003E+14 0.00101 
   70   70    1    1    1    1    1    1    1    1  4.82863E+14 0.00131 
   71   71    1    1    1    1    1    1    1    1  8.97996E+14 0.00122 
   72   72    1    1    1    1    1    1    1    1  6.53787E+14 0.00136 
   73   73    1    1    1    1    1    1    1    1  5.04109E+14 0.00127 
   74   74    1    1    1    1    1    1    1    1  4.07656E+14 0.00127 
   75   75    1    1    1    1    1    1    1    1  3.36293E+14 0.00157 
   76   76    1    1    1    1    1    1    1    1  3.86189E+14 0.00138 
   77   77    1    1    1    1    1    1    1    1  3.02788E+14 0.00146 
   78   78    1    1    1    1    1    1    1    1  2.34242E+14 0.00152 
   79   79    1    1    1    1    1    1    1    1  2.42509E+14 0.00134 
   80   80    1    1    1    1    1    1    1    1  1.80826E+14 0.00175 
   81   81    1    1    1    1    1    1    1    1  1.39725E+14 0.00201 
   82   82    1    1    1    1    1    1    1    1  1.07967E+14 0.00267 
   83   83    1    1    1    1    1    1    1    1  1.00669E+14 0.00248 
   84   84    1    1    1    1    1    1    1    1  7.25681E+13 0.00196 
   85   85    1    1    1    1    1    1    1    1  5.24365E+13 0.00353 
   86   86    1    1    1    1    1    1    1    1  4.89916E+13 0.00388 
   87   87    1    1    1    1    1    1    1    1  3.02539E+13 0.00483 
   88   88    1    1    1    1    1    1    1    1  2.03944E+13 0.00447 
   89   89    1    1    1    1    1    1    1    1  1.17908E+13 0.00533 
   90   90    1    1    1    1    1    1    1    1  7.91184E+12 0.00894 
   91   91    1    1    1    1    1    1    1    1  3.87962E+12 0.00966 
   92   92    1    1    1    1    1    1    1    1  1.99037E+12 0.01906 
   93   93    1    1    1    1    1    1    1    1  9.14270E+11 0.01901 
   94   94    1    1    1    1    1    1    1    1  4.35915E+11 0.03390 
   95   95    1    1    1    1    1    1    1    1  2.15972E+11 0.05017 
   96   96    1    1    1    1    1    1    1    1  1.03929E+11 0.07563 
   97   97    1    1    1    1    1    1    1    1  4.76046E+10 0.11653 
   98   98    1    1    1    1    1    1    1    1  2.67675E+10 0.15090 
   99   99    1    1    1    1    1    1    1    1  7.55172E+09 0.19567 
  100  100    1    1    1    1    1    1    1    1  1.11018E+10 0.33322 
];


