
DETdpaspec = [
    1    1    1    1    1    1    1    1    1    1  0.00000E+00 0.00000 
    2    2    1    1    1    1    1    1    1    1  0.00000E+00 0.00000 
    3    3    1    1    1    1    1    1    1    1  0.00000E+00 0.00000 
    4    4    1    1    1    1    1    1    1    1  0.00000E+00 0.00000 
    5    5    1    1    1    1    1    1    1    1  0.00000E+00 0.00000 
    6    6    1    1    1    1    1    1    1    1  7.60686E+06 1.00000 
    7    7    1    1    1    1    1    1    1    1  0.00000E+00 0.00000 
    8    8    1    1    1    1    1    1    1    1  1.66590E+07 1.00000 
    9    9    1    1    1    1    1    1    1    1  9.64127E+06 1.00000 
   10   10    1    1    1    1    1    1    1    1  6.50874E+07 0.68829 
   11   11    1    1    1    1    1    1    1    1  2.34747E+08 0.56482 
   12   12    1    1    1    1    1    1    1    1  1.20216E+08 0.47296 
   13   13    1    1    1    1    1    1    1    1  3.34932E+09 0.26860 
   14   14    1    1    1    1    1    1    1    1  4.07551E+09 0.25357 
   15   15    1    1    1    1    1    1    1    1  5.70178E+09 0.23643 
   16   16    1    1    1    1    1    1    1    1  4.25306E+09 0.21688 
   17   17    1    1    1    1    1    1    1    1  5.30601E+09 0.15926 
   18   18    1    1    1    1    1    1    1    1  1.50223E+10 0.14137 
   19   19    1    1    1    1    1    1    1    1  1.86262E+10 0.13980 
   20   20    1    1    1    1    1    1    1    1  5.14190E+10 0.09486 
   21   21    1    1    1    1    1    1    1    1  3.88437E+10 0.05971 
   22   22    1    1    1    1    1    1    1    1  1.07477E+11 0.07025 
   23   23    1    1    1    1    1    1    1    1  1.49847E+11 0.04565 
   24   24    1    1    1    1    1    1    1    1  2.45599E+11 0.04856 
   25   25    1    1    1    1    1    1    1    1  3.58667E+11 0.03174 
   26   26    1    1    1    1    1    1    1    1  7.14880E+11 0.02019 
   27   27    1    1    1    1    1    1    1    1  1.47454E+12 0.01644 
   28   28    1    1    1    1    1    1    1    1  3.17491E+12 0.01221 
   29   29    1    1    1    1    1    1    1    1  4.42343E+12 0.00903 
   30   30    1    1    1    1    1    1    1    1  1.13360E+13 0.00809 
   31   31    1    1    1    1    1    1    1    1  2.74180E+13 0.00505 
   32   32    1    1    1    1    1    1    1    1  4.11148E+13 0.00340 
   33   33    1    1    1    1    1    1    1    1  8.10421E+13 0.00392 
   34   34    1    1    1    1    1    1    1    1  9.30822E+13 0.00284 
   35   35    1    1    1    1    1    1    1    1  1.32821E+14 0.00200 
   36   36    1    1    1    1    1    1    1    1  1.04027E+14 0.00220 
   37   37    1    1    1    1    1    1    1    1  3.27592E+13 0.00177 
   38   38    1    1    1    1    1    1    1    1  1.57911E+14 0.00182 
   39   39    1    1    1    1    1    1    1    1  1.94374E+14 0.00168 
   40   40    1    1    1    1    1    1    1    1  3.20292E+14 0.00098 
   41   41    1    1    1    1    1    1    1    1  3.10585E+14 0.00169 
   42   42    1    1    1    1    1    1    1    1  5.61797E+14 0.00107 
   43   43    1    1    1    1    1    1    1    1  6.14890E+14 0.00110 
   44   44    1    1    1    1    1    1    1    1  7.97871E+14 0.00134 
   45   45    1    1    1    1    1    1    1    1  1.41324E+15 0.00138 
   46   46    1    1    1    1    1    1    1    1  7.39001E+14 0.00102 
   47   47    1    1    1    1    1    1    1    1  1.06950E+15 0.00121 
   48   48    1    1    1    1    1    1    1    1  1.48574E+15 0.00120 
   49   49    1    1    1    1    1    1    1    1  1.35624E+15 0.00110 
   50   50    1    1    1    1    1    1    1    1  2.06693E+15 0.00150 
   51   51    1    1    1    1    1    1    1    1  1.63457E+15 0.00108 
   52   52    1    1    1    1    1    1    1    1  1.84180E+15 0.00115 
   53   53    1    1    1    1    1    1    1    1  1.31380E+15 0.00129 
   54   54    1    1    1    1    1    1    1    1  1.58077E+15 0.00125 
   55   55    1    1    1    1    1    1    1    1  1.12040E+15 0.00151 
   56   56    1    1    1    1    1    1    1    1  1.54933E+14 0.00155 
   57   57    1    1    1    1    1    1    1    1  2.17941E+15 0.00146 
   58   58    1    1    1    1    1    1    1    1  9.44845E+14 0.00126 
   59   59    1    1    1    1    1    1    1    1  1.03110E+15 0.00139 
   60   60    1    1    1    1    1    1    1    1  8.08220E+14 0.00164 
   61   61    1    1    1    1    1    1    1    1  8.07849E+14 0.00165 
   62   62    1    1    1    1    1    1    1    1  8.11831E+14 0.00149 
   63   63    1    1    1    1    1    1    1    1  6.76120E+14 0.00146 
   64   64    1    1    1    1    1    1    1    1  5.31741E+14 0.00178 
   65   65    1    1    1    1    1    1    1    1  5.21260E+14 0.00176 
   66   66    1    1    1    1    1    1    1    1  4.11409E+14 0.00162 
   67   67    1    1    1    1    1    1    1    1  3.39495E+14 0.00194 
   68   68    1    1    1    1    1    1    1    1  3.00575E+14 0.00194 
   69   69    1    1    1    1    1    1    1    1  3.65046E+14 0.00227 
   70   70    1    1    1    1    1    1    1    1  3.13355E+14 0.00192 
   71   71    1    1    1    1    1    1    1    1  5.88335E+14 0.00150 
   72   72    1    1    1    1    1    1    1    1  4.28762E+14 0.00161 
   73   73    1    1    1    1    1    1    1    1  3.29827E+14 0.00188 
   74   74    1    1    1    1    1    1    1    1  2.63769E+14 0.00218 
   75   75    1    1    1    1    1    1    1    1  2.15106E+14 0.00184 
   76   76    1    1    1    1    1    1    1    1  2.43520E+14 0.00311 
   77   77    1    1    1    1    1    1    1    1  1.88618E+14 0.00247 
   78   78    1    1    1    1    1    1    1    1  1.44957E+14 0.00336 
   79   79    1    1    1    1    1    1    1    1  1.48917E+14 0.00286 
   80   80    1    1    1    1    1    1    1    1  1.10481E+14 0.00277 
   81   81    1    1    1    1    1    1    1    1  8.50807E+13 0.00286 
   82   82    1    1    1    1    1    1    1    1  6.54951E+13 0.00294 
   83   83    1    1    1    1    1    1    1    1  6.10651E+13 0.00269 
   84   84    1    1    1    1    1    1    1    1  4.38590E+13 0.00532 
   85   85    1    1    1    1    1    1    1    1  3.15750E+13 0.00527 
   86   86    1    1    1    1    1    1    1    1  2.94413E+13 0.00335 
   87   87    1    1    1    1    1    1    1    1  1.84154E+13 0.00596 
   88   88    1    1    1    1    1    1    1    1  1.25360E+13 0.00688 
   89   89    1    1    1    1    1    1    1    1  7.16570E+12 0.00645 
   90   90    1    1    1    1    1    1    1    1  4.82173E+12 0.00999 
   91   91    1    1    1    1    1    1    1    1  2.37508E+12 0.02036 
   92   92    1    1    1    1    1    1    1    1  1.17598E+12 0.01746 
   93   93    1    1    1    1    1    1    1    1  5.88137E+11 0.03162 
   94   94    1    1    1    1    1    1    1    1  2.65917E+11 0.05668 
   95   95    1    1    1    1    1    1    1    1  1.28037E+11 0.04765 
   96   96    1    1    1    1    1    1    1    1  6.35343E+10 0.09084 
   97   97    1    1    1    1    1    1    1    1  3.49000E+10 0.13347 
   98   98    1    1    1    1    1    1    1    1  1.76366E+10 0.18589 
   99   99    1    1    1    1    1    1    1    1  8.77862E+09 0.27250 
  100  100    1    1    1    1    1    1    1    1  7.78835E+09 0.32434 
];


