
DETdpaspec = [
    1    1    1    1    1    1    1    1    1    1  0.00000E+00 0.00000 
    2    2    1    1    1    1    1    1    1    1  0.00000E+00 0.00000 
    3    3    1    1    1    1    1    1    1    1  0.00000E+00 0.00000 
    4    4    1    1    1    1    1    1    1    1  0.00000E+00 0.00000 
    5    5    1    1    1    1    1    1    1    1  0.00000E+00 0.00000 
    6    6    1    1    1    1    1    1    1    1  0.00000E+00 0.00000 
    7    7    1    1    1    1    1    1    1    1  2.61010E+07 1.00000 
    8    8    1    1    1    1    1    1    1    1  1.30509E+07 1.00000 
    9    9    1    1    1    1    1    1    1    1  0.00000E+00 0.00000 
   10   10    1    1    1    1    1    1    1    1  2.61681E+07 1.00000 
   11   11    1    1    1    1    1    1    1    1  8.62695E+07 0.68828 
   12   12    1    1    1    1    1    1    1    1  7.91988E+07 0.48322 
   13   13    1    1    1    1    1    1    1    1  2.03714E+09 0.39642 
   14   14    1    1    1    1    1    1    1    1  3.35514E+09 0.41799 
   15   15    1    1    1    1    1    1    1    1  8.20151E+09 0.25702 
   16   16    1    1    1    1    1    1    1    1  3.19638E+09 0.39804 
   17   17    1    1    1    1    1    1    1    1  3.88701E+09 0.22471 
   18   18    1    1    1    1    1    1    1    1  9.44995E+09 0.18174 
   19   19    1    1    1    1    1    1    1    1  1.28218E+10 0.19111 
   20   20    1    1    1    1    1    1    1    1  3.50991E+10 0.11564 
   21   21    1    1    1    1    1    1    1    1  3.22961E+10 0.08606 
   22   22    1    1    1    1    1    1    1    1  8.65880E+10 0.04927 
   23   23    1    1    1    1    1    1    1    1  1.35692E+11 0.05198 
   24   24    1    1    1    1    1    1    1    1  2.56145E+11 0.03541 
   25   25    1    1    1    1    1    1    1    1  3.66984E+11 0.03566 
   26   26    1    1    1    1    1    1    1    1  8.12782E+11 0.01646 
   27   27    1    1    1    1    1    1    1    1  1.64339E+12 0.01392 
   28   28    1    1    1    1    1    1    1    1  3.78780E+12 0.01072 
   29   29    1    1    1    1    1    1    1    1  5.53294E+12 0.00814 
   30   30    1    1    1    1    1    1    1    1  1.36266E+13 0.00524 
   31   31    1    1    1    1    1    1    1    1  3.29510E+13 0.00410 
   32   32    1    1    1    1    1    1    1    1  4.95342E+13 0.00372 
   33   33    1    1    1    1    1    1    1    1  9.93069E+13 0.00299 
   34   34    1    1    1    1    1    1    1    1  1.17087E+14 0.00241 
   35   35    1    1    1    1    1    1    1    1  1.61263E+14 0.00215 
   36   36    1    1    1    1    1    1    1    1  1.25615E+14 0.00189 
   37   37    1    1    1    1    1    1    1    1  3.90902E+13 0.00181 
   38   38    1    1    1    1    1    1    1    1  1.91975E+14 0.00156 
   39   39    1    1    1    1    1    1    1    1  2.36730E+14 0.00179 
   40   40    1    1    1    1    1    1    1    1  3.96205E+14 0.00156 
   41   41    1    1    1    1    1    1    1    1  3.80229E+14 0.00157 
   42   42    1    1    1    1    1    1    1    1  6.96148E+14 0.00119 
   43   43    1    1    1    1    1    1    1    1  7.66663E+14 0.00135 
   44   44    1    1    1    1    1    1    1    1  9.97749E+14 0.00112 
   45   45    1    1    1    1    1    1    1    1  1.79044E+15 0.00106 
   46   46    1    1    1    1    1    1    1    1  9.38538E+14 0.00101 
   47   47    1    1    1    1    1    1    1    1  1.35606E+15 0.00116 
   48   48    1    1    1    1    1    1    1    1  1.89284E+15 0.00120 
   49   49    1    1    1    1    1    1    1    1  1.72225E+15 0.00097 
   50   50    1    1    1    1    1    1    1    1  2.66297E+15 0.00085 
   51   51    1    1    1    1    1    1    1    1  2.09821E+15 0.00096 
   52   52    1    1    1    1    1    1    1    1  2.39241E+15 0.00096 
   53   53    1    1    1    1    1    1    1    1  1.70667E+15 0.00086 
   54   54    1    1    1    1    1    1    1    1  2.07426E+15 0.00100 
   55   55    1    1    1    1    1    1    1    1  1.47102E+15 0.00085 
   56   56    1    1    1    1    1    1    1    1  2.02831E+14 0.00139 
   57   57    1    1    1    1    1    1    1    1  2.86188E+15 0.00111 
   58   58    1    1    1    1    1    1    1    1  1.25953E+15 0.00105 
   59   59    1    1    1    1    1    1    1    1  1.36907E+15 0.00108 
   60   60    1    1    1    1    1    1    1    1  1.08560E+15 0.00121 
   61   61    1    1    1    1    1    1    1    1  1.08556E+15 0.00138 
   62   62    1    1    1    1    1    1    1    1  1.09352E+15 0.00133 
   63   63    1    1    1    1    1    1    1    1  9.12043E+14 0.00139 
   64   64    1    1    1    1    1    1    1    1  7.20066E+14 0.00165 
   65   65    1    1    1    1    1    1    1    1  7.08209E+14 0.00124 
   66   66    1    1    1    1    1    1    1    1  5.60557E+14 0.00130 
   67   67    1    1    1    1    1    1    1    1  4.61075E+14 0.00162 
   68   68    1    1    1    1    1    1    1    1  4.08256E+14 0.00167 
   69   69    1    1    1    1    1    1    1    1  4.96046E+14 0.00139 
   70   70    1    1    1    1    1    1    1    1  4.24916E+14 0.00151 
   71   71    1    1    1    1    1    1    1    1  7.95399E+14 0.00103 
   72   72    1    1    1    1    1    1    1    1  5.79309E+14 0.00127 
   73   73    1    1    1    1    1    1    1    1  4.45865E+14 0.00190 
   74   74    1    1    1    1    1    1    1    1  3.60655E+14 0.00164 
   75   75    1    1    1    1    1    1    1    1  2.95801E+14 0.00105 
   76   76    1    1    1    1    1    1    1    1  3.38069E+14 0.00199 
   77   77    1    1    1    1    1    1    1    1  2.63771E+14 0.00195 
   78   78    1    1    1    1    1    1    1    1  2.03529E+14 0.00190 
   79   79    1    1    1    1    1    1    1    1  2.10887E+14 0.00215 
   80   80    1    1    1    1    1    1    1    1  1.56191E+14 0.00251 
   81   81    1    1    1    1    1    1    1    1  1.20740E+14 0.00242 
   82   82    1    1    1    1    1    1    1    1  9.30102E+13 0.00311 
   83   83    1    1    1    1    1    1    1    1  8.64516E+13 0.00327 
   84   84    1    1    1    1    1    1    1    1  6.24638E+13 0.00396 
   85   85    1    1    1    1    1    1    1    1  4.49101E+13 0.00333 
   86   86    1    1    1    1    1    1    1    1  4.21473E+13 0.00340 
   87   87    1    1    1    1    1    1    1    1  2.59575E+13 0.00541 
   88   88    1    1    1    1    1    1    1    1  1.75287E+13 0.00634 
   89   89    1    1    1    1    1    1    1    1  1.01010E+13 0.00679 
   90   90    1    1    1    1    1    1    1    1  6.79519E+12 0.00765 
   91   91    1    1    1    1    1    1    1    1  3.49470E+12 0.01203 
   92   92    1    1    1    1    1    1    1    1  1.68646E+12 0.01923 
   93   93    1    1    1    1    1    1    1    1  7.91592E+11 0.02086 
   94   94    1    1    1    1    1    1    1    1  3.98791E+11 0.02974 
   95   95    1    1    1    1    1    1    1    1  1.84562E+11 0.07353 
   96   96    1    1    1    1    1    1    1    1  8.01889E+10 0.06725 
   97   97    1    1    1    1    1    1    1    1  4.33644E+10 0.09445 
   98   98    1    1    1    1    1    1    1    1  2.02713E+10 0.18731 
   99   99    1    1    1    1    1    1    1    1  1.18468E+10 0.24816 
  100  100    1    1    1    1    1    1    1    1  1.08192E+10 0.23353 
];


