
DETdpaspec = [
    1    1    1    1    1    1    1    1    1    1  0.00000E+00 0.00000 
    2    2    1    1    1    1    1    1    1    1  0.00000E+00 0.00000 
    3    3    1    1    1    1    1    1    1    1  0.00000E+00 0.00000 
    4    4    1    1    1    1    1    1    1    1  0.00000E+00 0.00000 
    5    5    1    1    1    1    1    1    1    1  0.00000E+00 0.00000 
    6    6    1    1    1    1    1    1    1    1  0.00000E+00 0.00000 
    7    7    1    1    1    1    1    1    1    1  0.00000E+00 0.00000 
    8    8    1    1    1    1    1    1    1    1  0.00000E+00 0.00000 
    9    9    1    1    1    1    1    1    1    1  6.22119E+06 1.00000 
   10   10    1    1    1    1    1    1    1    1  2.04124E+08 0.57663 
   11   11    1    1    1    1    1    1    1    1  1.61093E+08 1.00000 
   12   12    1    1    1    1    1    1    1    1  1.82226E+08 0.40161 
   13   13    1    1    1    1    1    1    1    1  1.50977E+09 0.35809 
   14   14    1    1    1    1    1    1    1    1  6.85599E+09 0.25251 
   15   15    1    1    1    1    1    1    1    1  8.14059E+09 0.30083 
   16   16    1    1    1    1    1    1    1    1  2.08580E+09 0.20542 
   17   17    1    1    1    1    1    1    1    1  4.93560E+09 0.21718 
   18   18    1    1    1    1    1    1    1    1  1.48216E+10 0.15546 
   19   19    1    1    1    1    1    1    1    1  1.33876E+10 0.16466 
   20   20    1    1    1    1    1    1    1    1  2.86833E+10 0.20262 
   21   21    1    1    1    1    1    1    1    1  3.19175E+10 0.08841 
   22   22    1    1    1    1    1    1    1    1  7.45237E+10 0.06190 
   23   23    1    1    1    1    1    1    1    1  1.27679E+11 0.05832 
   24   24    1    1    1    1    1    1    1    1  2.68604E+11 0.04709 
   25   25    1    1    1    1    1    1    1    1  4.44292E+11 0.02843 
   26   26    1    1    1    1    1    1    1    1  9.92441E+11 0.02029 
   27   27    1    1    1    1    1    1    1    1  2.08625E+12 0.01554 
   28   28    1    1    1    1    1    1    1    1  4.84692E+12 0.01007 
   29   29    1    1    1    1    1    1    1    1  7.41866E+12 0.00824 
   30   30    1    1    1    1    1    1    1    1  1.70022E+13 0.00454 
   31   31    1    1    1    1    1    1    1    1  4.03195E+13 0.00414 
   32   32    1    1    1    1    1    1    1    1  5.95564E+13 0.00270 
   33   33    1    1    1    1    1    1    1    1  1.18512E+14 0.00206 
   34   34    1    1    1    1    1    1    1    1  1.41811E+14 0.00155 
   35   35    1    1    1    1    1    1    1    1  1.88126E+14 0.00185 
   36   36    1    1    1    1    1    1    1    1  1.44104E+14 0.00171 
   37   37    1    1    1    1    1    1    1    1  4.44049E+13 0.00185 
   38   38    1    1    1    1    1    1    1    1  2.20204E+14 0.00151 
   39   39    1    1    1    1    1    1    1    1  2.71530E+14 0.00168 
   40   40    1    1    1    1    1    1    1    1  4.56966E+14 0.00110 
   41   41    1    1    1    1    1    1    1    1  4.33942E+14 0.00126 
   42   42    1    1    1    1    1    1    1    1  8.02572E+14 0.00111 
   43   43    1    1    1    1    1    1    1    1  8.82298E+14 0.00108 
   44   44    1    1    1    1    1    1    1    1  1.15367E+15 0.00103 
   45   45    1    1    1    1    1    1    1    1  2.07480E+15 0.00089 
   46   46    1    1    1    1    1    1    1    1  1.08897E+15 0.00097 
   47   47    1    1    1    1    1    1    1    1  1.56721E+15 0.00098 
   48   48    1    1    1    1    1    1    1    1  2.19699E+15 0.00080 
   49   49    1    1    1    1    1    1    1    1  1.99320E+15 0.00082 
   50   50    1    1    1    1    1    1    1    1  3.10431E+15 0.00059 
   51   51    1    1    1    1    1    1    1    1  2.43519E+15 0.00090 
   52   52    1    1    1    1    1    1    1    1  2.79808E+15 0.00068 
   53   53    1    1    1    1    1    1    1    1  1.99316E+15 0.00086 
   54   54    1    1    1    1    1    1    1    1  2.44421E+15 0.00076 
   55   55    1    1    1    1    1    1    1    1  1.73359E+15 0.00083 
   56   56    1    1    1    1    1    1    1    1  2.38514E+14 0.00124 
   57   57    1    1    1    1    1    1    1    1  3.37539E+15 0.00074 
   58   58    1    1    1    1    1    1    1    1  1.49910E+15 0.00090 
   59   59    1    1    1    1    1    1    1    1  1.62768E+15 0.00102 
   60   60    1    1    1    1    1    1    1    1  1.29952E+15 0.00115 
   61   61    1    1    1    1    1    1    1    1  1.30061E+15 0.00088 
   62   62    1    1    1    1    1    1    1    1  1.31176E+15 0.00087 
   63   63    1    1    1    1    1    1    1    1  1.09935E+15 0.00089 
   64   64    1    1    1    1    1    1    1    1  8.68364E+14 0.00113 
   65   65    1    1    1    1    1    1    1    1  8.52319E+14 0.00098 
   66   66    1    1    1    1    1    1    1    1  6.76866E+14 0.00136 
   67   67    1    1    1    1    1    1    1    1  5.55485E+14 0.00154 
   68   68    1    1    1    1    1    1    1    1  4.91180E+14 0.00129 
   69   69    1    1    1    1    1    1    1    1  5.97180E+14 0.00103 
   70   70    1    1    1    1    1    1    1    1  5.11965E+14 0.00123 
   71   71    1    1    1    1    1    1    1    1  9.52099E+14 0.00121 
   72   72    1    1    1    1    1    1    1    1  6.91171E+14 0.00148 
   73   73    1    1    1    1    1    1    1    1  5.33715E+14 0.00160 
   74   74    1    1    1    1    1    1    1    1  4.34032E+14 0.00164 
   75   75    1    1    1    1    1    1    1    1  3.57693E+14 0.00180 
   76   76    1    1    1    1    1    1    1    1  4.11156E+14 0.00194 
   77   77    1    1    1    1    1    1    1    1  3.22305E+14 0.00195 
   78   78    1    1    1    1    1    1    1    1  2.51015E+14 0.00184 
   79   79    1    1    1    1    1    1    1    1  2.59770E+14 0.00193 
   80   80    1    1    1    1    1    1    1    1  1.93803E+14 0.00224 
   81   81    1    1    1    1    1    1    1    1  1.50221E+14 0.00235 
   82   82    1    1    1    1    1    1    1    1  1.15670E+14 0.00185 
   83   83    1    1    1    1    1    1    1    1  1.08362E+14 0.00242 
   84   84    1    1    1    1    1    1    1    1  7.76717E+13 0.00349 
   85   85    1    1    1    1    1    1    1    1  5.62473E+13 0.00323 
   86   86    1    1    1    1    1    1    1    1  5.27676E+13 0.00340 
   87   87    1    1    1    1    1    1    1    1  3.23610E+13 0.00384 
   88   88    1    1    1    1    1    1    1    1  2.19968E+13 0.00566 
   89   89    1    1    1    1    1    1    1    1  1.24938E+13 0.00784 
   90   90    1    1    1    1    1    1    1    1  8.36380E+12 0.00944 
   91   91    1    1    1    1    1    1    1    1  4.25194E+12 0.01016 
   92   92    1    1    1    1    1    1    1    1  2.03233E+12 0.01421 
   93   93    1    1    1    1    1    1    1    1  9.68088E+11 0.02775 
   94   94    1    1    1    1    1    1    1    1  4.51281E+11 0.03187 
   95   95    1    1    1    1    1    1    1    1  2.24897E+11 0.04316 
   96   96    1    1    1    1    1    1    1    1  1.19925E+11 0.07681 
   97   97    1    1    1    1    1    1    1    1  5.14680E+10 0.10299 
   98   98    1    1    1    1    1    1    1    1  2.31073E+10 0.14175 
   99   99    1    1    1    1    1    1    1    1  9.68379E+09 0.27805 
  100  100    1    1    1    1    1    1    1    1  7.26507E+09 0.33083 
];


