
DETdpaspec = [
    1    1    1    1    1    1    1    1    1    1  0.00000E+00 0.00000 
    2    2    1    1    1    1    1    1    1    1  0.00000E+00 0.00000 
    3    3    1    1    1    1    1    1    1    1  0.00000E+00 0.00000 
    4    4    1    1    1    1    1    1    1    1  0.00000E+00 0.00000 
    5    5    1    1    1    1    1    1    1    1  0.00000E+00 0.00000 
    6    6    1    1    1    1    1    1    1    1  0.00000E+00 0.00000 
    7    7    1    1    1    1    1    1    1    1  1.50147E+07 1.00000 
    8    8    1    1    1    1    1    1    1    1  3.39557E+07 1.00000 
    9    9    1    1    1    1    1    1    1    1  6.91750E+06 1.00000 
   10   10    1    1    1    1    1    1    1    1  1.18149E+08 0.55311 
   11   11    1    1    1    1    1    1    1    1  3.55720E+08 0.52296 
   12   12    1    1    1    1    1    1    1    1  1.09378E+08 0.45592 
   13   13    1    1    1    1    1    1    1    1  1.48556E+09 0.39240 
   14   14    1    1    1    1    1    1    1    1  5.72713E+09 0.36037 
   15   15    1    1    1    1    1    1    1    1  6.03295E+09 0.29477 
   16   16    1    1    1    1    1    1    1    1  1.73443E+09 0.40251 
   17   17    1    1    1    1    1    1    1    1  4.28181E+09 0.21533 
   18   18    1    1    1    1    1    1    1    1  1.00685E+10 0.23154 
   19   19    1    1    1    1    1    1    1    1  1.02531E+10 0.19080 
   20   20    1    1    1    1    1    1    1    1  2.76084E+10 0.13036 
   21   21    1    1    1    1    1    1    1    1  3.23417E+10 0.09771 
   22   22    1    1    1    1    1    1    1    1  6.79824E+10 0.07954 
   23   23    1    1    1    1    1    1    1    1  1.41019E+11 0.05138 
   24   24    1    1    1    1    1    1    1    1  2.53730E+11 0.03994 
   25   25    1    1    1    1    1    1    1    1  3.76323E+11 0.03272 
   26   26    1    1    1    1    1    1    1    1  8.53455E+11 0.02513 
   27   27    1    1    1    1    1    1    1    1  1.76935E+12 0.01341 
   28   28    1    1    1    1    1    1    1    1  4.20288E+12 0.01130 
   29   29    1    1    1    1    1    1    1    1  6.20107E+12 0.00864 
   30   30    1    1    1    1    1    1    1    1  1.48059E+13 0.00725 
   31   31    1    1    1    1    1    1    1    1  3.57970E+13 0.00477 
   32   32    1    1    1    1    1    1    1    1  5.37686E+13 0.00347 
   33   33    1    1    1    1    1    1    1    1  1.07066E+14 0.00278 
   34   34    1    1    1    1    1    1    1    1  1.26939E+14 0.00227 
   35   35    1    1    1    1    1    1    1    1  1.72363E+14 0.00206 
   36   36    1    1    1    1    1    1    1    1  1.33491E+14 0.00214 
   37   37    1    1    1    1    1    1    1    1  4.14503E+13 0.00169 
   38   38    1    1    1    1    1    1    1    1  2.04074E+14 0.00206 
   39   39    1    1    1    1    1    1    1    1  2.51961E+14 0.00171 
   40   40    1    1    1    1    1    1    1    1  4.22203E+14 0.00139 
   41   41    1    1    1    1    1    1    1    1  4.03752E+14 0.00125 
   42   42    1    1    1    1    1    1    1    1  7.43647E+14 0.00117 
   43   43    1    1    1    1    1    1    1    1  8.17093E+14 0.00103 
   44   44    1    1    1    1    1    1    1    1  1.06703E+15 0.00084 
   45   45    1    1    1    1    1    1    1    1  1.91841E+15 0.00080 
   46   46    1    1    1    1    1    1    1    1  1.00716E+15 0.00084 
   47   47    1    1    1    1    1    1    1    1  1.45302E+15 0.00082 
   48   48    1    1    1    1    1    1    1    1  2.03390E+15 0.00087 
   49   49    1    1    1    1    1    1    1    1  1.84826E+15 0.00103 
   50   50    1    1    1    1    1    1    1    1  2.86796E+15 0.00088 
   51   51    1    1    1    1    1    1    1    1  2.25392E+15 0.00085 
   52   52    1    1    1    1    1    1    1    1  2.57823E+15 0.00095 
   53   53    1    1    1    1    1    1    1    1  1.84016E+15 0.00086 
   54   54    1    1    1    1    1    1    1    1  2.24623E+15 0.00078 
   55   55    1    1    1    1    1    1    1    1  1.59259E+15 0.00091 
   56   56    1    1    1    1    1    1    1    1  2.19342E+14 0.00114 
   57   57    1    1    1    1    1    1    1    1  3.09865E+15 0.00087 
   58   58    1    1    1    1    1    1    1    1  1.36665E+15 0.00075 
   59   59    1    1    1    1    1    1    1    1  1.48846E+15 0.00083 
   60   60    1    1    1    1    1    1    1    1  1.18359E+15 0.00074 
   61   61    1    1    1    1    1    1    1    1  1.18387E+15 0.00091 
   62   62    1    1    1    1    1    1    1    1  1.19240E+15 0.00106 
   63   63    1    1    1    1    1    1    1    1  9.97871E+14 0.00116 
   64   64    1    1    1    1    1    1    1    1  7.87963E+14 0.00133 
   65   65    1    1    1    1    1    1    1    1  7.74146E+14 0.00126 
   66   66    1    1    1    1    1    1    1    1  6.13769E+14 0.00145 
   67   67    1    1    1    1    1    1    1    1  5.04085E+14 0.00172 
   68   68    1    1    1    1    1    1    1    1  4.46125E+14 0.00150 
   69   69    1    1    1    1    1    1    1    1  5.42057E+14 0.00164 
   70   70    1    1    1    1    1    1    1    1  4.66163E+14 0.00150 
   71   71    1    1    1    1    1    1    1    1  8.66795E+14 0.00122 
   72   72    1    1    1    1    1    1    1    1  6.30813E+14 0.00146 
   73   73    1    1    1    1    1    1    1    1  4.86518E+14 0.00132 
   74   74    1    1    1    1    1    1    1    1  3.93773E+14 0.00144 
   75   75    1    1    1    1    1    1    1    1  3.23310E+14 0.00159 
   76   76    1    1    1    1    1    1    1    1  3.70906E+14 0.00122 
   77   77    1    1    1    1    1    1    1    1  2.90333E+14 0.00122 
   78   78    1    1    1    1    1    1    1    1  2.25006E+14 0.00200 
   79   79    1    1    1    1    1    1    1    1  2.32515E+14 0.00173 
   80   80    1    1    1    1    1    1    1    1  1.72563E+14 0.00152 
   81   81    1    1    1    1    1    1    1    1  1.34473E+14 0.00176 
   82   82    1    1    1    1    1    1    1    1  1.03556E+14 0.00186 
   83   83    1    1    1    1    1    1    1    1  9.67326E+13 0.00290 
   84   84    1    1    1    1    1    1    1    1  6.91457E+13 0.00319 
   85   85    1    1    1    1    1    1    1    1  5.01341E+13 0.00314 
   86   86    1    1    1    1    1    1    1    1  4.71581E+13 0.00311 
   87   87    1    1    1    1    1    1    1    1  2.90179E+13 0.00342 
   88   88    1    1    1    1    1    1    1    1  1.94480E+13 0.00655 
   89   89    1    1    1    1    1    1    1    1  1.11930E+13 0.00872 
   90   90    1    1    1    1    1    1    1    1  7.33258E+12 0.00756 
   91   91    1    1    1    1    1    1    1    1  3.76714E+12 0.01416 
   92   92    1    1    1    1    1    1    1    1  1.82564E+12 0.01822 
   93   93    1    1    1    1    1    1    1    1  8.45649E+11 0.02255 
   94   94    1    1    1    1    1    1    1    1  4.39800E+11 0.03646 
   95   95    1    1    1    1    1    1    1    1  2.02434E+11 0.04833 
   96   96    1    1    1    1    1    1    1    1  1.01209E+11 0.07419 
   97   97    1    1    1    1    1    1    1    1  5.44629E+10 0.07982 
   98   98    1    1    1    1    1    1    1    1  1.74608E+10 0.16737 
   99   99    1    1    1    1    1    1    1    1  9.99298E+09 0.22497 
  100  100    1    1    1    1    1    1    1    1  1.13778E+10 0.19750 
];


