
DETdpaspec = [
    1    1    1    1    1    1    1    1    1    1  0.00000E+00 0.00000 
    2    2    1    1    1    1    1    1    1    1  0.00000E+00 0.00000 
    3    3    1    1    1    1    1    1    1    1  0.00000E+00 0.00000 
    4    4    1    1    1    1    1    1    1    1  0.00000E+00 0.00000 
    5    5    1    1    1    1    1    1    1    1  0.00000E+00 0.00000 
    6    6    1    1    1    1    1    1    1    1  0.00000E+00 0.00000 
    7    7    1    1    1    1    1    1    1    1  0.00000E+00 0.00000 
    8    8    1    1    1    1    1    1    1    1  1.72134E+07 1.00000 
    9    9    1    1    1    1    1    1    1    1  1.78608E+07 1.00000 
   10   10    1    1    1    1    1    1    1    1  8.90014E+07 0.68911 
   11   11    1    1    1    1    1    1    1    1  2.04725E+08 0.57583 
   12   12    1    1    1    1    1    1    1    1  1.45620E+08 0.66184 
   13   13    1    1    1    1    1    1    1    1  1.70560E+09 0.41961 
   14   14    1    1    1    1    1    1    1    1  6.11881E+09 0.32423 
   15   15    1    1    1    1    1    1    1    1  7.97859E+09 0.29001 
   16   16    1    1    1    1    1    1    1    1  8.04335E+08 0.37999 
   17   17    1    1    1    1    1    1    1    1  4.41187E+09 0.22745 
   18   18    1    1    1    1    1    1    1    1  1.19505E+10 0.18634 
   19   19    1    1    1    1    1    1    1    1  1.41879E+10 0.13244 
   20   20    1    1    1    1    1    1    1    1  3.04852E+10 0.13795 
   21   21    1    1    1    1    1    1    1    1  2.87812E+10 0.08895 
   22   22    1    1    1    1    1    1    1    1  7.15131E+10 0.06922 
   23   23    1    1    1    1    1    1    1    1  1.32495E+11 0.06855 
   24   24    1    1    1    1    1    1    1    1  2.78472E+11 0.04479 
   25   25    1    1    1    1    1    1    1    1  4.57493E+11 0.03698 
   26   26    1    1    1    1    1    1    1    1  9.32669E+11 0.02670 
   27   27    1    1    1    1    1    1    1    1  1.92987E+12 0.01823 
   28   28    1    1    1    1    1    1    1    1  4.54976E+12 0.01153 
   29   29    1    1    1    1    1    1    1    1  6.83744E+12 0.00912 
   30   30    1    1    1    1    1    1    1    1  1.61287E+13 0.00529 
   31   31    1    1    1    1    1    1    1    1  3.83361E+13 0.00404 
   32   32    1    1    1    1    1    1    1    1  5.72300E+13 0.00426 
   33   33    1    1    1    1    1    1    1    1  1.14021E+14 0.00249 
   34   34    1    1    1    1    1    1    1    1  1.36163E+14 0.00214 
   35   35    1    1    1    1    1    1    1    1  1.82135E+14 0.00181 
   36   36    1    1    1    1    1    1    1    1  1.40571E+14 0.00139 
   37   37    1    1    1    1    1    1    1    1  4.33314E+13 0.00156 
   38   38    1    1    1    1    1    1    1    1  2.14180E+14 0.00180 
   39   39    1    1    1    1    1    1    1    1  2.64513E+14 0.00163 
   40   40    1    1    1    1    1    1    1    1  4.44927E+14 0.00163 
   41   41    1    1    1    1    1    1    1    1  4.22850E+14 0.00154 
   42   42    1    1    1    1    1    1    1    1  7.81138E+14 0.00119 
   43   43    1    1    1    1    1    1    1    1  8.59044E+14 0.00133 
   44   44    1    1    1    1    1    1    1    1  1.12265E+15 0.00124 
   45   45    1    1    1    1    1    1    1    1  2.02071E+15 0.00109 
   46   46    1    1    1    1    1    1    1    1  1.06003E+15 0.00098 
   47   47    1    1    1    1    1    1    1    1  1.52648E+15 0.00095 
   48   48    1    1    1    1    1    1    1    1  2.14030E+15 0.00065 
   49   49    1    1    1    1    1    1    1    1  1.94164E+15 0.00086 
   50   50    1    1    1    1    1    1    1    1  3.01611E+15 0.00083 
   51   51    1    1    1    1    1    1    1    1  2.37075E+15 0.00068 
   52   52    1    1    1    1    1    1    1    1  2.71879E+15 0.00085 
   53   53    1    1    1    1    1    1    1    1  1.93729E+15 0.00087 
   54   54    1    1    1    1    1    1    1    1  2.37372E+15 0.00090 
   55   55    1    1    1    1    1    1    1    1  1.68470E+15 0.00084 
   56   56    1    1    1    1    1    1    1    1  2.31855E+14 0.00121 
   57   57    1    1    1    1    1    1    1    1  3.27420E+15 0.00078 
   58   58    1    1    1    1    1    1    1    1  1.45140E+15 0.00112 
   59   59    1    1    1    1    1    1    1    1  1.57761E+15 0.00094 
   60   60    1    1    1    1    1    1    1    1  1.25991E+15 0.00093 
   61   61    1    1    1    1    1    1    1    1  1.25806E+15 0.00120 
   62   62    1    1    1    1    1    1    1    1  1.26940E+15 0.00112 
   63   63    1    1    1    1    1    1    1    1  1.06292E+15 0.00113 
   64   64    1    1    1    1    1    1    1    1  8.37987E+14 0.00100 
   65   65    1    1    1    1    1    1    1    1  8.24496E+14 0.00140 
   66   66    1    1    1    1    1    1    1    1  6.53627E+14 0.00145 
   67   67    1    1    1    1    1    1    1    1  5.37658E+14 0.00142 
   68   68    1    1    1    1    1    1    1    1  4.75785E+14 0.00174 
   69   69    1    1    1    1    1    1    1    1  5.77900E+14 0.00127 
   70   70    1    1    1    1    1    1    1    1  4.95719E+14 0.00143 
   71   71    1    1    1    1    1    1    1    1  9.22502E+14 0.00112 
   72   72    1    1    1    1    1    1    1    1  6.70920E+14 0.00130 
   73   73    1    1    1    1    1    1    1    1  5.17955E+14 0.00132 
   74   74    1    1    1    1    1    1    1    1  4.19470E+14 0.00162 
   75   75    1    1    1    1    1    1    1    1  3.45491E+14 0.00166 
   76   76    1    1    1    1    1    1    1    1  3.97333E+14 0.00146 
   77   77    1    1    1    1    1    1    1    1  3.12059E+14 0.00198 
   78   78    1    1    1    1    1    1    1    1  2.42110E+14 0.00162 
   79   79    1    1    1    1    1    1    1    1  2.50689E+14 0.00172 
   80   80    1    1    1    1    1    1    1    1  1.87258E+14 0.00203 
   81   81    1    1    1    1    1    1    1    1  1.44089E+14 0.00207 
   82   82    1    1    1    1    1    1    1    1  1.11617E+14 0.00345 
   83   83    1    1    1    1    1    1    1    1  1.04081E+14 0.00294 
   84   84    1    1    1    1    1    1    1    1  7.46412E+13 0.00339 
   85   85    1    1    1    1    1    1    1    1  5.39629E+13 0.00389 
   86   86    1    1    1    1    1    1    1    1  5.06335E+13 0.00343 
   87   87    1    1    1    1    1    1    1    1  3.11069E+13 0.00379 
   88   88    1    1    1    1    1    1    1    1  2.10973E+13 0.00534 
   89   89    1    1    1    1    1    1    1    1  1.21294E+13 0.00773 
   90   90    1    1    1    1    1    1    1    1  7.91731E+12 0.00692 
   91   91    1    1    1    1    1    1    1    1  4.07178E+12 0.01241 
   92   92    1    1    1    1    1    1    1    1  2.00296E+12 0.01875 
   93   93    1    1    1    1    1    1    1    1  9.46624E+11 0.02504 
   94   94    1    1    1    1    1    1    1    1  4.61708E+11 0.02569 
   95   95    1    1    1    1    1    1    1    1  2.15589E+11 0.05350 
   96   96    1    1    1    1    1    1    1    1  1.01714E+11 0.07840 
   97   97    1    1    1    1    1    1    1    1  5.86396E+10 0.07917 
   98   98    1    1    1    1    1    1    1    1  2.45711E+10 0.15845 
   99   99    1    1    1    1    1    1    1    1  1.04841E+10 0.21950 
  100  100    1    1    1    1    1    1    1    1  1.32505E+10 0.19394 
];


