
DETdpaspec = [
    1    1    1    1    1    1    1    1    1    1  0.00000E+00 0.00000 
    2    2    1    1    1    1    1    1    1    1  0.00000E+00 0.00000 
    3    3    1    1    1    1    1    1    1    1  8.47956E+06 1.00000 
    4    4    1    1    1    1    1    1    1    1  0.00000E+00 0.00000 
    5    5    1    1    1    1    1    1    1    1  0.00000E+00 0.00000 
    6    6    1    1    1    1    1    1    1    1  0.00000E+00 0.00000 
    7    7    1    1    1    1    1    1    1    1  0.00000E+00 0.00000 
    8    8    1    1    1    1    1    1    1    1  0.00000E+00 0.00000 
    9    9    1    1    1    1    1    1    1    1  0.00000E+00 0.00000 
   10   10    1    1    1    1    1    1    1    1  8.63154E+07 0.68870 
   11   11    1    1    1    1    1    1    1    1  4.28026E+07 1.00000 
   12   12    1    1    1    1    1    1    1    1  4.88588E+07 0.57790 
   13   13    1    1    1    1    1    1    1    1  2.50357E+09 0.39505 
   14   14    1    1    1    1    1    1    1    1  4.87448E+09 0.32776 
   15   15    1    1    1    1    1    1    1    1  5.86144E+09 0.27344 
   16   16    1    1    1    1    1    1    1    1  2.37860E+09 0.23016 
   17   17    1    1    1    1    1    1    1    1  4.48461E+09 0.23171 
   18   18    1    1    1    1    1    1    1    1  1.09428E+10 0.20609 
   19   19    1    1    1    1    1    1    1    1  1.52555E+10 0.13631 
   20   20    1    1    1    1    1    1    1    1  4.21585E+10 0.09302 
   21   21    1    1    1    1    1    1    1    1  3.70615E+10 0.07750 
   22   22    1    1    1    1    1    1    1    1  9.27426E+10 0.06815 
   23   23    1    1    1    1    1    1    1    1  1.38590E+11 0.05278 
   24   24    1    1    1    1    1    1    1    1  2.50437E+11 0.05016 
   25   25    1    1    1    1    1    1    1    1  3.69989E+11 0.03108 
   26   26    1    1    1    1    1    1    1    1  8.01489E+11 0.02565 
   27   27    1    1    1    1    1    1    1    1  1.65279E+12 0.01091 
   28   28    1    1    1    1    1    1    1    1  3.92588E+12 0.00804 
   29   29    1    1    1    1    1    1    1    1  5.65678E+12 0.00841 
   30   30    1    1    1    1    1    1    1    1  1.39873E+13 0.00684 
   31   31    1    1    1    1    1    1    1    1  3.33817E+13 0.00352 
   32   32    1    1    1    1    1    1    1    1  5.01786E+13 0.00232 
   33   33    1    1    1    1    1    1    1    1  9.97731E+13 0.00214 
   34   34    1    1    1    1    1    1    1    1  1.18247E+14 0.00209 
   35   35    1    1    1    1    1    1    1    1  1.62597E+14 0.00145 
   36   36    1    1    1    1    1    1    1    1  1.26452E+14 0.00136 
   37   37    1    1    1    1    1    1    1    1  3.93992E+13 0.00116 
   38   38    1    1    1    1    1    1    1    1  1.93563E+14 0.00198 
   39   39    1    1    1    1    1    1    1    1  2.38926E+14 0.00130 
   40   40    1    1    1    1    1    1    1    1  3.99918E+14 0.00129 
   41   41    1    1    1    1    1    1    1    1  3.83610E+14 0.00115 
   42   42    1    1    1    1    1    1    1    1  7.02931E+14 0.00108 
   43   43    1    1    1    1    1    1    1    1  7.73306E+14 0.00114 
   44   44    1    1    1    1    1    1    1    1  1.00952E+15 0.00106 
   45   45    1    1    1    1    1    1    1    1  1.80918E+15 0.00110 
   46   46    1    1    1    1    1    1    1    1  9.48930E+14 0.00109 
   47   47    1    1    1    1    1    1    1    1  1.36940E+15 0.00093 
   48   48    1    1    1    1    1    1    1    1  1.91450E+15 0.00080 
   49   49    1    1    1    1    1    1    1    1  1.74253E+15 0.00112 
   50   50    1    1    1    1    1    1    1    1  2.69289E+15 0.00096 
   51   51    1    1    1    1    1    1    1    1  2.12051E+15 0.00078 
   52   52    1    1    1    1    1    1    1    1  2.41754E+15 0.00082 
   53   53    1    1    1    1    1    1    1    1  1.72554E+15 0.00092 
   54   54    1    1    1    1    1    1    1    1  2.10018E+15 0.00063 
   55   55    1    1    1    1    1    1    1    1  1.48976E+15 0.00095 
   56   56    1    1    1    1    1    1    1    1  2.05584E+14 0.00128 
   57   57    1    1    1    1    1    1    1    1  2.89768E+15 0.00080 
   58   58    1    1    1    1    1    1    1    1  1.27430E+15 0.00095 
   59   59    1    1    1    1    1    1    1    1  1.38820E+15 0.00101 
   60   60    1    1    1    1    1    1    1    1  1.09925E+15 0.00102 
   61   61    1    1    1    1    1    1    1    1  1.09966E+15 0.00095 
   62   62    1    1    1    1    1    1    1    1  1.10743E+15 0.00088 
   63   63    1    1    1    1    1    1    1    1  9.25179E+14 0.00092 
   64   64    1    1    1    1    1    1    1    1  7.30320E+14 0.00098 
   65   65    1    1    1    1    1    1    1    1  7.16722E+14 0.00103 
   66   66    1    1    1    1    1    1    1    1  5.68370E+14 0.00127 
   67   67    1    1    1    1    1    1    1    1  4.67307E+14 0.00121 
   68   68    1    1    1    1    1    1    1    1  4.13532E+14 0.00141 
   69   69    1    1    1    1    1    1    1    1  5.02176E+14 0.00153 
   70   70    1    1    1    1    1    1    1    1  4.30965E+14 0.00141 
   71   71    1    1    1    1    1    1    1    1  8.06973E+14 0.00128 
   72   72    1    1    1    1    1    1    1    1  5.86476E+14 0.00093 
   73   73    1    1    1    1    1    1    1    1  4.52898E+14 0.00125 
   74   74    1    1    1    1    1    1    1    1  3.65038E+14 0.00116 
   75   75    1    1    1    1    1    1    1    1  2.98833E+14 0.00140 
   76   76    1    1    1    1    1    1    1    1  3.42447E+14 0.00127 
   77   77    1    1    1    1    1    1    1    1  2.68047E+14 0.00161 
   78   78    1    1    1    1    1    1    1    1  2.06525E+14 0.00165 
   79   79    1    1    1    1    1    1    1    1  2.12795E+14 0.00171 
   80   80    1    1    1    1    1    1    1    1  1.59211E+14 0.00246 
   81   81    1    1    1    1    1    1    1    1  1.22232E+14 0.00261 
   82   82    1    1    1    1    1    1    1    1  9.45302E+13 0.00301 
   83   83    1    1    1    1    1    1    1    1  8.83726E+13 0.00301 
   84   84    1    1    1    1    1    1    1    1  6.40118E+13 0.00305 
   85   85    1    1    1    1    1    1    1    1  4.57916E+13 0.00387 
   86   86    1    1    1    1    1    1    1    1  4.29784E+13 0.00313 
   87   87    1    1    1    1    1    1    1    1  2.68173E+13 0.00461 
   88   88    1    1    1    1    1    1    1    1  1.80061E+13 0.00712 
   89   89    1    1    1    1    1    1    1    1  1.04079E+13 0.00696 
   90   90    1    1    1    1    1    1    1    1  6.86954E+12 0.01276 
   91   91    1    1    1    1    1    1    1    1  3.54325E+12 0.01355 
   92   92    1    1    1    1    1    1    1    1  1.73047E+12 0.01448 
   93   93    1    1    1    1    1    1    1    1  7.67434E+11 0.03198 
   94   94    1    1    1    1    1    1    1    1  4.13801E+11 0.03520 
   95   95    1    1    1    1    1    1    1    1  1.92317E+11 0.05277 
   96   96    1    1    1    1    1    1    1    1  9.39399E+10 0.06332 
   97   97    1    1    1    1    1    1    1    1  3.04582E+10 0.14846 
   98   98    1    1    1    1    1    1    1    1  2.48340E+10 0.14971 
   99   99    1    1    1    1    1    1    1    1  7.39597E+09 0.35576 
  100  100    1    1    1    1    1    1    1    1  5.55692E+09 0.34867 
];


