
DETdpaspec = [
    1    1    1    1    1    1    1    1    1    1  0.00000E+00 0.00000 
    2    2    1    1    1    1    1    1    1    1  0.00000E+00 0.00000 
    3    3    1    1    1    1    1    1    1    1  0.00000E+00 0.00000 
    4    4    1    1    1    1    1    1    1    1  0.00000E+00 0.00000 
    5    5    1    1    1    1    1    1    1    1  0.00000E+00 0.00000 
    6    6    1    1    1    1    1    1    1    1  0.00000E+00 0.00000 
    7    7    1    1    1    1    1    1    1    1  1.47096E+07 1.00000 
    8    8    1    1    1    1    1    1    1    1  0.00000E+00 0.00000 
    9    9    1    1    1    1    1    1    1    1  6.79172E+06 1.00000 
   10   10    1    1    1    1    1    1    1    1  4.07564E+07 1.00000 
   11   11    1    1    1    1    1    1    1    1  7.43863E+08 0.61589 
   12   12    1    1    1    1    1    1    1    1  5.23168E+06 1.00000 
   13   13    1    1    1    1    1    1    1    1  1.20972E+09 0.49187 
   14   14    1    1    1    1    1    1    1    1  7.01263E+09 0.31148 
   15   15    1    1    1    1    1    1    1    1  5.87439E+09 0.34673 
   16   16    1    1    1    1    1    1    1    1  1.19461E+09 0.31807 
   17   17    1    1    1    1    1    1    1    1  4.27998E+09 0.23996 
   18   18    1    1    1    1    1    1    1    1  7.68479E+09 0.19362 
   19   19    1    1    1    1    1    1    1    1  1.15219E+10 0.17817 
   20   20    1    1    1    1    1    1    1    1  3.63096E+10 0.10999 
   21   21    1    1    1    1    1    1    1    1  3.57489E+10 0.08459 
   22   22    1    1    1    1    1    1    1    1  7.69897E+10 0.07581 
   23   23    1    1    1    1    1    1    1    1  1.27468E+11 0.06954 
   24   24    1    1    1    1    1    1    1    1  2.64391E+11 0.04325 
   25   25    1    1    1    1    1    1    1    1  4.31161E+11 0.03412 
   26   26    1    1    1    1    1    1    1    1  9.42853E+11 0.03156 
   27   27    1    1    1    1    1    1    1    1  2.08067E+12 0.01854 
   28   28    1    1    1    1    1    1    1    1  4.87284E+12 0.01037 
   29   29    1    1    1    1    1    1    1    1  7.26852E+12 0.00774 
   30   30    1    1    1    1    1    1    1    1  1.68269E+13 0.00620 
   31   31    1    1    1    1    1    1    1    1  3.98185E+13 0.00356 
   32   32    1    1    1    1    1    1    1    1  5.91060E+13 0.00244 
   33   33    1    1    1    1    1    1    1    1  1.17136E+14 0.00166 
   34   34    1    1    1    1    1    1    1    1  1.40269E+14 0.00151 
   35   35    1    1    1    1    1    1    1    1  1.86245E+14 0.00123 
   36   36    1    1    1    1    1    1    1    1  1.43137E+14 0.00108 
   37   37    1    1    1    1    1    1    1    1  4.40927E+13 0.00140 
   38   38    1    1    1    1    1    1    1    1  2.18914E+14 0.00090 
   39   39    1    1    1    1    1    1    1    1  2.69087E+14 0.00124 
   40   40    1    1    1    1    1    1    1    1  4.53458E+14 0.00147 
   41   41    1    1    1    1    1    1    1    1  4.31293E+14 0.00129 
   42   42    1    1    1    1    1    1    1    1  7.95959E+14 0.00096 
   43   43    1    1    1    1    1    1    1    1  8.76433E+14 0.00111 
   44   44    1    1    1    1    1    1    1    1  1.14543E+15 0.00092 
   45   45    1    1    1    1    1    1    1    1  2.06252E+15 0.00074 
   46   46    1    1    1    1    1    1    1    1  1.08425E+15 0.00083 
   47   47    1    1    1    1    1    1    1    1  1.55960E+15 0.00086 
   48   48    1    1    1    1    1    1    1    1  2.18457E+15 0.00102 
   49   49    1    1    1    1    1    1    1    1  1.98120E+15 0.00085 
   50   50    1    1    1    1    1    1    1    1  3.08309E+15 0.00074 
   51   51    1    1    1    1    1    1    1    1  2.41902E+15 0.00069 
   52   52    1    1    1    1    1    1    1    1  2.77996E+15 0.00049 
   53   53    1    1    1    1    1    1    1    1  1.98355E+15 0.00066 
   54   54    1    1    1    1    1    1    1    1  2.43102E+15 0.00072 
   55   55    1    1    1    1    1    1    1    1  1.72251E+15 0.00080 
   56   56    1    1    1    1    1    1    1    1  2.37593E+14 0.00102 
   57   57    1    1    1    1    1    1    1    1  3.35171E+15 0.00057 
   58   58    1    1    1    1    1    1    1    1  1.49046E+15 0.00088 
   59   59    1    1    1    1    1    1    1    1  1.61833E+15 0.00070 
   60   60    1    1    1    1    1    1    1    1  1.29087E+15 0.00058 
   61   61    1    1    1    1    1    1    1    1  1.29200E+15 0.00091 
   62   62    1    1    1    1    1    1    1    1  1.30348E+15 0.00101 
   63   63    1    1    1    1    1    1    1    1  1.09152E+15 0.00111 
   64   64    1    1    1    1    1    1    1    1  8.62651E+14 0.00095 
   65   65    1    1    1    1    1    1    1    1  8.45856E+14 0.00070 
   66   66    1    1    1    1    1    1    1    1  6.71319E+14 0.00106 
   67   67    1    1    1    1    1    1    1    1  5.51841E+14 0.00125 
   68   68    1    1    1    1    1    1    1    1  4.87590E+14 0.00150 
   69   69    1    1    1    1    1    1    1    1  5.92344E+14 0.00120 
   70   70    1    1    1    1    1    1    1    1  5.08443E+14 0.00105 
   71   71    1    1    1    1    1    1    1    1  9.46773E+14 0.00106 
   72   72    1    1    1    1    1    1    1    1  6.87429E+14 0.00109 
   73   73    1    1    1    1    1    1    1    1  5.30792E+14 0.00102 
   74   74    1    1    1    1    1    1    1    1  4.30307E+14 0.00134 
   75   75    1    1    1    1    1    1    1    1  3.54442E+14 0.00126 
   76   76    1    1    1    1    1    1    1    1  4.08827E+14 0.00164 
   77   77    1    1    1    1    1    1    1    1  3.21074E+14 0.00125 
   78   78    1    1    1    1    1    1    1    1  2.49333E+14 0.00178 
   79   79    1    1    1    1    1    1    1    1  2.58047E+14 0.00163 
   80   80    1    1    1    1    1    1    1    1  1.92468E+14 0.00219 
   81   81    1    1    1    1    1    1    1    1  1.48831E+14 0.00156 
   82   82    1    1    1    1    1    1    1    1  1.14476E+14 0.00227 
   83   83    1    1    1    1    1    1    1    1  1.07303E+14 0.00262 
   84   84    1    1    1    1    1    1    1    1  7.69610E+13 0.00306 
   85   85    1    1    1    1    1    1    1    1  5.56865E+13 0.00336 
   86   86    1    1    1    1    1    1    1    1  5.21869E+13 0.00369 
   87   87    1    1    1    1    1    1    1    1  3.20693E+13 0.00385 
   88   88    1    1    1    1    1    1    1    1  2.16326E+13 0.00446 
   89   89    1    1    1    1    1    1    1    1  1.25283E+13 0.00654 
   90   90    1    1    1    1    1    1    1    1  8.39714E+12 0.00748 
   91   91    1    1    1    1    1    1    1    1  4.22997E+12 0.01340 
   92   92    1    1    1    1    1    1    1    1  2.02596E+12 0.01560 
   93   93    1    1    1    1    1    1    1    1  9.75890E+11 0.02644 
   94   94    1    1    1    1    1    1    1    1  4.74553E+11 0.03332 
   95   95    1    1    1    1    1    1    1    1  2.36366E+11 0.05075 
   96   96    1    1    1    1    1    1    1    1  1.14686E+11 0.05969 
   97   97    1    1    1    1    1    1    1    1  5.33093E+10 0.10226 
   98   98    1    1    1    1    1    1    1    1  2.49668E+10 0.11462 
   99   99    1    1    1    1    1    1    1    1  9.62838E+09 0.20864 
  100  100    1    1    1    1    1    1    1    1  8.85319E+09 0.24994 
];


