
DETdpaspec = [
    1    1    1    1    1    1    1    1    1    1  0.00000E+00 0.00000 
    2    2    1    1    1    1    1    1    1    1  0.00000E+00 0.00000 
    3    3    1    1    1    1    1    1    1    1  0.00000E+00 0.00000 
    4    4    1    1    1    1    1    1    1    1  0.00000E+00 0.00000 
    5    5    1    1    1    1    1    1    1    1  0.00000E+00 0.00000 
    6    6    1    1    1    1    1    1    1    1  9.00277E+06 1.00000 
    7    7    1    1    1    1    1    1    1    1  3.21056E+07 0.68945 
    8    8    1    1    1    1    1    1    1    1  4.47263E+07 0.78002 
    9    9    1    1    1    1    1    1    1    1  0.00000E+00 0.00000 
   10   10    1    1    1    1    1    1    1    1  2.11729E+08 0.54239 
   11   11    1    1    1    1    1    1    1    1  3.54391E+08 0.45603 
   12   12    1    1    1    1    1    1    1    1  1.73331E+07 1.00000 
   13   13    1    1    1    1    1    1    1    1  2.18911E+09 0.40111 
   14   14    1    1    1    1    1    1    1    1  4.22030E+09 0.28811 
   15   15    1    1    1    1    1    1    1    1  5.26572E+09 0.28825 
   16   16    1    1    1    1    1    1    1    1  3.18948E+09 0.28025 
   17   17    1    1    1    1    1    1    1    1  4.86422E+09 0.19244 
   18   18    1    1    1    1    1    1    1    1  1.26715E+10 0.14427 
   19   19    1    1    1    1    1    1    1    1  1.40088E+10 0.14184 
   20   20    1    1    1    1    1    1    1    1  4.18089E+10 0.08161 
   21   21    1    1    1    1    1    1    1    1  3.61475E+10 0.06652 
   22   22    1    1    1    1    1    1    1    1  9.73683E+10 0.05076 
   23   23    1    1    1    1    1    1    1    1  1.45191E+11 0.04460 
   24   24    1    1    1    1    1    1    1    1  2.46490E+11 0.05764 
   25   25    1    1    1    1    1    1    1    1  3.44689E+11 0.02772 
   26   26    1    1    1    1    1    1    1    1  7.39051E+11 0.02259 
   27   27    1    1    1    1    1    1    1    1  1.55761E+12 0.01550 
   28   28    1    1    1    1    1    1    1    1  3.23808E+12 0.01091 
   29   29    1    1    1    1    1    1    1    1  4.68507E+12 0.01242 
   30   30    1    1    1    1    1    1    1    1  1.19373E+13 0.00812 
   31   31    1    1    1    1    1    1    1    1  2.83622E+13 0.00367 
   32   32    1    1    1    1    1    1    1    1  4.30650E+13 0.00428 
   33   33    1    1    1    1    1    1    1    1  8.51850E+13 0.00234 
   34   34    1    1    1    1    1    1    1    1  9.91080E+13 0.00225 
   35   35    1    1    1    1    1    1    1    1  1.39940E+14 0.00186 
   36   36    1    1    1    1    1    1    1    1  1.09711E+14 0.00171 
   37   37    1    1    1    1    1    1    1    1  3.44117E+13 0.00123 
   38   38    1    1    1    1    1    1    1    1  1.66744E+14 0.00193 
   39   39    1    1    1    1    1    1    1    1  2.04973E+14 0.00194 
   40   40    1    1    1    1    1    1    1    1  3.39766E+14 0.00151 
   41   41    1    1    1    1    1    1    1    1  3.28509E+14 0.00150 
   42   42    1    1    1    1    1    1    1    1  5.97234E+14 0.00174 
   43   43    1    1    1    1    1    1    1    1  6.54394E+14 0.00152 
   44   44    1    1    1    1    1    1    1    1  8.49497E+14 0.00122 
   45   45    1    1    1    1    1    1    1    1  1.51413E+15 0.00112 
   46   46    1    1    1    1    1    1    1    1  7.91523E+14 0.00108 
   47   47    1    1    1    1    1    1    1    1  1.14639E+15 0.00107 
   48   48    1    1    1    1    1    1    1    1  1.59488E+15 0.00100 
   49   49    1    1    1    1    1    1    1    1  1.45512E+15 0.00106 
   50   50    1    1    1    1    1    1    1    1  2.22710E+15 0.00071 
   51   51    1    1    1    1    1    1    1    1  1.76072E+15 0.00087 
   52   52    1    1    1    1    1    1    1    1  1.99115E+15 0.00082 
   53   53    1    1    1    1    1    1    1    1  1.41937E+15 0.00082 
   54   54    1    1    1    1    1    1    1    1  1.71160E+15 0.00106 
   55   55    1    1    1    1    1    1    1    1  1.21484E+15 0.00095 
   56   56    1    1    1    1    1    1    1    1  1.67790E+14 0.00150 
   57   57    1    1    1    1    1    1    1    1  2.35928E+15 0.00086 
   58   58    1    1    1    1    1    1    1    1  1.02636E+15 0.00082 
   59   59    1    1    1    1    1    1    1    1  1.12136E+15 0.00094 
   60   60    1    1    1    1    1    1    1    1  8.80523E+14 0.00099 
   61   61    1    1    1    1    1    1    1    1  8.80748E+14 0.00106 
   62   62    1    1    1    1    1    1    1    1  8.85191E+14 0.00080 
   63   63    1    1    1    1    1    1    1    1  7.36152E+14 0.00089 
   64   64    1    1    1    1    1    1    1    1  5.79531E+14 0.00125 
   65   65    1    1    1    1    1    1    1    1  5.69363E+14 0.00121 
   66   66    1    1    1    1    1    1    1    1  4.50192E+14 0.00131 
   67   67    1    1    1    1    1    1    1    1  3.70816E+14 0.00161 
   68   68    1    1    1    1    1    1    1    1  3.28085E+14 0.00132 
   69   69    1    1    1    1    1    1    1    1  3.98484E+14 0.00145 
   70   70    1    1    1    1    1    1    1    1  3.41868E+14 0.00136 
   71   71    1    1    1    1    1    1    1    1  6.42762E+14 0.00144 
   72   72    1    1    1    1    1    1    1    1  4.68137E+14 0.00148 
   73   73    1    1    1    1    1    1    1    1  3.59743E+14 0.00161 
   74   74    1    1    1    1    1    1    1    1  2.88652E+14 0.00160 
   75   75    1    1    1    1    1    1    1    1  2.35179E+14 0.00188 
   76   76    1    1    1    1    1    1    1    1  2.67875E+14 0.00144 
   77   77    1    1    1    1    1    1    1    1  2.08117E+14 0.00159 
   78   78    1    1    1    1    1    1    1    1  1.59965E+14 0.00193 
   79   79    1    1    1    1    1    1    1    1  1.64759E+14 0.00225 
   80   80    1    1    1    1    1    1    1    1  1.22298E+14 0.00175 
   81   81    1    1    1    1    1    1    1    1  9.45352E+13 0.00245 
   82   82    1    1    1    1    1    1    1    1  7.25577E+13 0.00256 
   83   83    1    1    1    1    1    1    1    1  6.75661E+13 0.00251 
   84   84    1    1    1    1    1    1    1    1  4.86375E+13 0.00300 
   85   85    1    1    1    1    1    1    1    1  3.50320E+13 0.00480 
   86   86    1    1    1    1    1    1    1    1  3.29343E+13 0.00423 
   87   87    1    1    1    1    1    1    1    1  2.04505E+13 0.00396 
   88   88    1    1    1    1    1    1    1    1  1.37958E+13 0.00542 
   89   89    1    1    1    1    1    1    1    1  7.95057E+12 0.00721 
   90   90    1    1    1    1    1    1    1    1  5.29368E+12 0.01032 
   91   91    1    1    1    1    1    1    1    1  2.66950E+12 0.01558 
   92   92    1    1    1    1    1    1    1    1  1.28862E+12 0.02150 
   93   93    1    1    1    1    1    1    1    1  5.86259E+11 0.03901 
   94   94    1    1    1    1    1    1    1    1  2.98475E+11 0.05137 
   95   95    1    1    1    1    1    1    1    1  1.52624E+11 0.04842 
   96   96    1    1    1    1    1    1    1    1  7.07221E+10 0.08206 
   97   97    1    1    1    1    1    1    1    1  3.45225E+10 0.13532 
   98   98    1    1    1    1    1    1    1    1  1.44427E+10 0.22145 
   99   99    1    1    1    1    1    1    1    1  8.18538E+09 0.23225 
  100  100    1    1    1    1    1    1    1    1  6.44294E+09 0.27972 
];


