
DETdpaspec = [
    1    1    1    1    1    1    1    1    1    1  0.00000E+00 0.00000 
    2    2    1    1    1    1    1    1    1    1  0.00000E+00 0.00000 
    3    3    1    1    1    1    1    1    1    1  0.00000E+00 0.00000 
    4    4    1    1    1    1    1    1    1    1  0.00000E+00 0.00000 
    5    5    1    1    1    1    1    1    1    1  0.00000E+00 0.00000 
    6    6    1    1    1    1    1    1    1    1  1.57513E+07 0.68831 
    7    7    1    1    1    1    1    1    1    1  1.57379E+07 1.00000 
    8    8    1    1    1    1    1    1    1    1  1.67904E+07 1.00000 
    9    9    1    1    1    1    1    1    1    1  0.00000E+00 0.00000 
   10   10    1    1    1    1    1    1    1    1  2.50322E+08 0.58867 
   11   11    1    1    1    1    1    1    1    1  2.36944E+08 0.58197 
   12   12    1    1    1    1    1    1    1    1  5.47388E+07 0.63979 
   13   13    1    1    1    1    1    1    1    1  2.06849E+09 0.45042 
   14   14    1    1    1    1    1    1    1    1  4.26983E+09 0.31940 
   15   15    1    1    1    1    1    1    1    1  4.89752E+09 0.32205 
   16   16    1    1    1    1    1    1    1    1  2.71343E+09 0.26341 
   17   17    1    1    1    1    1    1    1    1  6.20936E+09 0.11091 
   18   18    1    1    1    1    1    1    1    1  1.51877E+10 0.12989 
   19   19    1    1    1    1    1    1    1    1  1.52491E+10 0.13574 
   20   20    1    1    1    1    1    1    1    1  4.91476E+10 0.10199 
   21   21    1    1    1    1    1    1    1    1  3.76344E+10 0.10994 
   22   22    1    1    1    1    1    1    1    1  9.59330E+10 0.07979 
   23   23    1    1    1    1    1    1    1    1  1.53311E+11 0.05610 
   24   24    1    1    1    1    1    1    1    1  2.66600E+11 0.03338 
   25   25    1    1    1    1    1    1    1    1  3.73970E+11 0.02709 
   26   26    1    1    1    1    1    1    1    1  7.41526E+11 0.02817 
   27   27    1    1    1    1    1    1    1    1  1.51107E+12 0.01634 
   28   28    1    1    1    1    1    1    1    1  3.25515E+12 0.01196 
   29   29    1    1    1    1    1    1    1    1  4.53968E+12 0.01113 
   30   30    1    1    1    1    1    1    1    1  1.17225E+13 0.00757 
   31   31    1    1    1    1    1    1    1    1  2.84031E+13 0.00475 
   32   32    1    1    1    1    1    1    1    1  4.27408E+13 0.00415 
   33   33    1    1    1    1    1    1    1    1  8.45337E+13 0.00261 
   34   34    1    1    1    1    1    1    1    1  9.77679E+13 0.00224 
   35   35    1    1    1    1    1    1    1    1  1.38433E+14 0.00232 
   36   36    1    1    1    1    1    1    1    1  1.08331E+14 0.00207 
   37   37    1    1    1    1    1    1    1    1  3.40506E+13 0.00173 
   38   38    1    1    1    1    1    1    1    1  1.65024E+14 0.00155 
   39   39    1    1    1    1    1    1    1    1  2.03189E+14 0.00151 
   40   40    1    1    1    1    1    1    1    1  3.36012E+14 0.00136 
   41   41    1    1    1    1    1    1    1    1  3.24569E+14 0.00139 
   42   42    1    1    1    1    1    1    1    1  5.88437E+14 0.00151 
   43   43    1    1    1    1    1    1    1    1  6.46160E+14 0.00140 
   44   44    1    1    1    1    1    1    1    1  8.38720E+14 0.00101 
   45   45    1    1    1    1    1    1    1    1  1.49078E+15 0.00107 
   46   46    1    1    1    1    1    1    1    1  7.79031E+14 0.00087 
   47   47    1    1    1    1    1    1    1    1  1.12818E+15 0.00082 
   48   48    1    1    1    1    1    1    1    1  1.56813E+15 0.00081 
   49   49    1    1    1    1    1    1    1    1  1.43187E+15 0.00089 
   50   50    1    1    1    1    1    1    1    1  2.19176E+15 0.00096 
   51   51    1    1    1    1    1    1    1    1  1.73110E+15 0.00113 
   52   52    1    1    1    1    1    1    1    1  1.95608E+15 0.00068 
   53   53    1    1    1    1    1    1    1    1  1.39389E+15 0.00070 
   54   54    1    1    1    1    1    1    1    1  1.68252E+15 0.00088 
   55   55    1    1    1    1    1    1    1    1  1.19357E+15 0.00090 
   56   56    1    1    1    1    1    1    1    1  1.64569E+14 0.00130 
   57   57    1    1    1    1    1    1    1    1  2.31850E+15 0.00083 
   58   58    1    1    1    1    1    1    1    1  1.00902E+15 0.00075 
   59   59    1    1    1    1    1    1    1    1  1.10017E+15 0.00100 
   60   60    1    1    1    1    1    1    1    1  8.64527E+14 0.00102 
   61   61    1    1    1    1    1    1    1    1  8.64842E+14 0.00109 
   62   62    1    1    1    1    1    1    1    1  8.68525E+14 0.00094 
   63   63    1    1    1    1    1    1    1    1  7.23090E+14 0.00119 
   64   64    1    1    1    1    1    1    1    1  5.69164E+14 0.00139 
   65   65    1    1    1    1    1    1    1    1  5.58400E+14 0.00160 
   66   66    1    1    1    1    1    1    1    1  4.41541E+14 0.00131 
   67   67    1    1    1    1    1    1    1    1  3.64268E+14 0.00150 
   68   68    1    1    1    1    1    1    1    1  3.22680E+14 0.00106 
   69   69    1    1    1    1    1    1    1    1  3.90934E+14 0.00160 
   70   70    1    1    1    1    1    1    1    1  3.35289E+14 0.00105 
   71   71    1    1    1    1    1    1    1    1  6.30222E+14 0.00164 
   72   72    1    1    1    1    1    1    1    1  4.58550E+14 0.00115 
   73   73    1    1    1    1    1    1    1    1  3.52242E+14 0.00205 
   74   74    1    1    1    1    1    1    1    1  2.84073E+14 0.00176 
   75   75    1    1    1    1    1    1    1    1  2.30858E+14 0.00187 
   76   76    1    1    1    1    1    1    1    1  2.62697E+14 0.00222 
   77   77    1    1    1    1    1    1    1    1  2.03777E+14 0.00275 
   78   78    1    1    1    1    1    1    1    1  1.56338E+14 0.00222 
   79   79    1    1    1    1    1    1    1    1  1.60754E+14 0.00218 
   80   80    1    1    1    1    1    1    1    1  1.19547E+14 0.00238 
   81   81    1    1    1    1    1    1    1    1  9.19865E+13 0.00256 
   82   82    1    1    1    1    1    1    1    1  7.09720E+13 0.00379 
   83   83    1    1    1    1    1    1    1    1  6.63097E+13 0.00283 
   84   84    1    1    1    1    1    1    1    1  4.76715E+13 0.00375 
   85   85    1    1    1    1    1    1    1    1  3.44027E+13 0.00348 
   86   86    1    1    1    1    1    1    1    1  3.21871E+13 0.00450 
   87   87    1    1    1    1    1    1    1    1  1.96369E+13 0.00503 
   88   88    1    1    1    1    1    1    1    1  1.35913E+13 0.00539 
   89   89    1    1    1    1    1    1    1    1  7.74974E+12 0.00640 
   90   90    1    1    1    1    1    1    1    1  5.16163E+12 0.01116 
   91   91    1    1    1    1    1    1    1    1  2.56267E+12 0.01815 
   92   92    1    1    1    1    1    1    1    1  1.26590E+12 0.01311 
   93   93    1    1    1    1    1    1    1    1  6.27582E+11 0.03249 
   94   94    1    1    1    1    1    1    1    1  2.83839E+11 0.03572 
   95   95    1    1    1    1    1    1    1    1  1.48502E+11 0.05630 
   96   96    1    1    1    1    1    1    1    1  8.49813E+10 0.07192 
   97   97    1    1    1    1    1    1    1    1  2.96153E+10 0.13424 
   98   98    1    1    1    1    1    1    1    1  1.56942E+10 0.23796 
   99   99    1    1    1    1    1    1    1    1  8.58184E+09 0.26749 
  100  100    1    1    1    1    1    1    1    1  7.60499E+09 0.39060 
];


