
DETdpaspec = [
    1    1    1    1    1    1    1    1    1    1  0.00000E+00 0.00000 
    2    2    1    1    1    1    1    1    1    1  0.00000E+00 0.00000 
    3    3    1    1    1    1    1    1    1    1  0.00000E+00 0.00000 
    4    4    1    1    1    1    1    1    1    1  0.00000E+00 0.00000 
    5    5    1    1    1    1    1    1    1    1  0.00000E+00 0.00000 
    6    6    1    1    1    1    1    1    1    1  0.00000E+00 0.00000 
    7    7    1    1    1    1    1    1    1    1  1.56825E+07 1.00000 
    8    8    1    1    1    1    1    1    1    1  0.00000E+00 0.00000 
    9    9    1    1    1    1    1    1    1    1  7.27422E+06 1.00000 
   10   10    1    1    1    1    1    1    1    1  7.22073E+07 0.68904 
   11   11    1    1    1    1    1    1    1    1  0.00000E+00 0.00000 
   12   12    1    1    1    1    1    1    1    1  1.23157E+08 0.38204 
   13   13    1    1    1    1    1    1    1    1  1.48191E+09 0.32170 
   14   14    1    1    1    1    1    1    1    1  2.76810E+09 0.42547 
   15   15    1    1    1    1    1    1    1    1  5.08126E+09 0.25451 
   16   16    1    1    1    1    1    1    1    1  1.62336E+09 0.33741 
   17   17    1    1    1    1    1    1    1    1  6.41682E+09 0.16204 
   18   18    1    1    1    1    1    1    1    1  1.15113E+10 0.19844 
   19   19    1    1    1    1    1    1    1    1  1.31503E+10 0.09643 
   20   20    1    1    1    1    1    1    1    1  4.83213E+10 0.09901 
   21   21    1    1    1    1    1    1    1    1  3.25387E+10 0.07177 
   22   22    1    1    1    1    1    1    1    1  1.02536E+11 0.06379 
   23   23    1    1    1    1    1    1    1    1  1.66803E+11 0.03951 
   24   24    1    1    1    1    1    1    1    1  2.54895E+11 0.03539 
   25   25    1    1    1    1    1    1    1    1  3.73742E+11 0.03866 
   26   26    1    1    1    1    1    1    1    1  7.17553E+11 0.02540 
   27   27    1    1    1    1    1    1    1    1  1.51994E+12 0.01582 
   28   28    1    1    1    1    1    1    1    1  3.41976E+12 0.00892 
   29   29    1    1    1    1    1    1    1    1  4.77173E+12 0.00831 
   30   30    1    1    1    1    1    1    1    1  1.21831E+13 0.00794 
   31   31    1    1    1    1    1    1    1    1  2.92199E+13 0.00550 
   32   32    1    1    1    1    1    1    1    1  4.41696E+13 0.00440 
   33   33    1    1    1    1    1    1    1    1  8.77835E+13 0.00285 
   34   34    1    1    1    1    1    1    1    1  1.02331E+14 0.00258 
   35   35    1    1    1    1    1    1    1    1  1.44340E+14 0.00181 
   36   36    1    1    1    1    1    1    1    1  1.12685E+14 0.00153 
   37   37    1    1    1    1    1    1    1    1  3.53303E+13 0.00199 
   38   38    1    1    1    1    1    1    1    1  1.71805E+14 0.00133 
   39   39    1    1    1    1    1    1    1    1  2.11988E+14 0.00126 
   40   40    1    1    1    1    1    1    1    1  3.51290E+14 0.00162 
   41   41    1    1    1    1    1    1    1    1  3.39416E+14 0.00156 
   42   42    1    1    1    1    1    1    1    1  6.18997E+14 0.00141 
   43   43    1    1    1    1    1    1    1    1  6.77867E+14 0.00123 
   44   44    1    1    1    1    1    1    1    1  8.81651E+14 0.00119 
   45   45    1    1    1    1    1    1    1    1  1.56929E+15 0.00105 
   46   46    1    1    1    1    1    1    1    1  8.20216E+14 0.00099 
   47   47    1    1    1    1    1    1    1    1  1.18734E+15 0.00098 
   48   48    1    1    1    1    1    1    1    1  1.65416E+15 0.00098 
   49   49    1    1    1    1    1    1    1    1  1.50769E+15 0.00098 
   50   50    1    1    1    1    1    1    1    1  2.31359E+15 0.00109 
   51   51    1    1    1    1    1    1    1    1  1.82723E+15 0.00120 
   52   52    1    1    1    1    1    1    1    1  2.07074E+15 0.00128 
   53   53    1    1    1    1    1    1    1    1  1.47354E+15 0.00110 
   54   54    1    1    1    1    1    1    1    1  1.78304E+15 0.00095 
   55   55    1    1    1    1    1    1    1    1  1.26476E+15 0.00126 
   56   56    1    1    1    1    1    1    1    1  1.74548E+14 0.00180 
   57   57    1    1    1    1    1    1    1    1  2.45810E+15 0.00122 
   58   58    1    1    1    1    1    1    1    1  1.07206E+15 0.00141 
   59   59    1    1    1    1    1    1    1    1  1.16836E+15 0.00132 
   60   60    1    1    1    1    1    1    1    1  9.20496E+14 0.00129 
   61   61    1    1    1    1    1    1    1    1  9.20422E+14 0.00142 
   62   62    1    1    1    1    1    1    1    1  9.24853E+14 0.00145 
   63   63    1    1    1    1    1    1    1    1  7.70657E+14 0.00119 
   64   64    1    1    1    1    1    1    1    1  6.06965E+14 0.00134 
   65   65    1    1    1    1    1    1    1    1  5.96390E+14 0.00148 
   66   66    1    1    1    1    1    1    1    1  4.71734E+14 0.00179 
   67   67    1    1    1    1    1    1    1    1  3.88651E+14 0.00141 
   68   68    1    1    1    1    1    1    1    1  3.43796E+14 0.00123 
   69   69    1    1    1    1    1    1    1    1  4.17530E+14 0.00192 
   70   70    1    1    1    1    1    1    1    1  3.58704E+14 0.00186 
   71   71    1    1    1    1    1    1    1    1  6.73093E+14 0.00158 
   72   72    1    1    1    1    1    1    1    1  4.89927E+14 0.00149 
   73   73    1    1    1    1    1    1    1    1  3.76736E+14 0.00154 
   74   74    1    1    1    1    1    1    1    1  3.02188E+14 0.00154 
   75   75    1    1    1    1    1    1    1    1  2.46749E+14 0.00215 
   76   76    1    1    1    1    1    1    1    1  2.80738E+14 0.00199 
   77   77    1    1    1    1    1    1    1    1  2.18789E+14 0.00197 
   78   78    1    1    1    1    1    1    1    1  1.68264E+14 0.00228 
   79   79    1    1    1    1    1    1    1    1  1.72967E+14 0.00132 
   80   80    1    1    1    1    1    1    1    1  1.28064E+14 0.00241 
   81   81    1    1    1    1    1    1    1    1  9.92230E+13 0.00232 
   82   82    1    1    1    1    1    1    1    1  7.63151E+13 0.00224 
   83   83    1    1    1    1    1    1    1    1  7.13747E+13 0.00242 
   84   84    1    1    1    1    1    1    1    1  5.08890E+13 0.00378 
   85   85    1    1    1    1    1    1    1    1  3.67728E+13 0.00377 
   86   86    1    1    1    1    1    1    1    1  3.46442E+13 0.00321 
   87   87    1    1    1    1    1    1    1    1  2.12749E+13 0.00547 
   88   88    1    1    1    1    1    1    1    1  1.44956E+13 0.00803 
   89   89    1    1    1    1    1    1    1    1  8.29977E+12 0.00671 
   90   90    1    1    1    1    1    1    1    1  5.53531E+12 0.00960 
   91   91    1    1    1    1    1    1    1    1  2.80122E+12 0.01869 
   92   92    1    1    1    1    1    1    1    1  1.36462E+12 0.01837 
   93   93    1    1    1    1    1    1    1    1  6.87087E+11 0.02992 
   94   94    1    1    1    1    1    1    1    1  3.22083E+11 0.03595 
   95   95    1    1    1    1    1    1    1    1  1.57215E+11 0.04538 
   96   96    1    1    1    1    1    1    1    1  6.56516E+10 0.06536 
   97   97    1    1    1    1    1    1    1    1  3.95537E+10 0.12080 
   98   98    1    1    1    1    1    1    1    1  1.24165E+10 0.19643 
   99   99    1    1    1    1    1    1    1    1  9.41512E+09 0.19182 
  100  100    1    1    1    1    1    1    1    1  4.73656E+09 0.27447 
];


