
DETdpaspec = [
    1    1    1    1    1    1    1    1    1    1  0.00000E+00 0.00000 
    2    2    1    1    1    1    1    1    1    1  0.00000E+00 0.00000 
    3    3    1    1    1    1    1    1    1    1  0.00000E+00 0.00000 
    4    4    1    1    1    1    1    1    1    1  0.00000E+00 0.00000 
    5    5    1    1    1    1    1    1    1    1  0.00000E+00 0.00000 
    6    6    1    1    1    1    1    1    1    1  0.00000E+00 0.00000 
    7    7    1    1    1    1    1    1    1    1  2.68126E+07 0.69565 
    8    8    1    1    1    1    1    1    1    1  0.00000E+00 0.00000 
    9    9    1    1    1    1    1    1    1    1  3.99743E+07 0.56582 
   10   10    1    1    1    1    1    1    1    1  2.60302E+07 1.00000 
   11   11    1    1    1    1    1    1    1    1  3.89520E+08 0.62742 
   12   12    1    1    1    1    1    1    1    1  9.84310E+07 0.60550 
   13   13    1    1    1    1    1    1    1    1  1.65495E+09 0.41643 
   14   14    1    1    1    1    1    1    1    1  4.81097E+09 0.26734 
   15   15    1    1    1    1    1    1    1    1  6.42498E+09 0.36463 
   16   16    1    1    1    1    1    1    1    1  2.33979E+09 0.28131 
   17   17    1    1    1    1    1    1    1    1  6.67030E+09 0.19266 
   18   18    1    1    1    1    1    1    1    1  1.26605E+10 0.13491 
   19   19    1    1    1    1    1    1    1    1  1.37530E+10 0.13762 
   20   20    1    1    1    1    1    1    1    1  3.75590E+10 0.13579 
   21   21    1    1    1    1    1    1    1    1  3.09619E+10 0.09193 
   22   22    1    1    1    1    1    1    1    1  7.86943E+10 0.05775 
   23   23    1    1    1    1    1    1    1    1  1.43964E+11 0.04436 
   24   24    1    1    1    1    1    1    1    1  2.39131E+11 0.04159 
   25   25    1    1    1    1    1    1    1    1  3.74161E+11 0.02507 
   26   26    1    1    1    1    1    1    1    1  8.14865E+11 0.02982 
   27   27    1    1    1    1    1    1    1    1  1.67578E+12 0.01519 
   28   28    1    1    1    1    1    1    1    1  3.92908E+12 0.01040 
   29   29    1    1    1    1    1    1    1    1  5.80014E+12 0.00936 
   30   30    1    1    1    1    1    1    1    1  1.42775E+13 0.00629 
   31   31    1    1    1    1    1    1    1    1  3.43910E+13 0.00473 
   32   32    1    1    1    1    1    1    1    1  5.14449E+13 0.00428 
   33   33    1    1    1    1    1    1    1    1  1.02216E+14 0.00285 
   34   34    1    1    1    1    1    1    1    1  1.20929E+14 0.00228 
   35   35    1    1    1    1    1    1    1    1  1.65601E+14 0.00177 
   36   36    1    1    1    1    1    1    1    1  1.28839E+14 0.00190 
   37   37    1    1    1    1    1    1    1    1  3.99867E+13 0.00234 
   38   38    1    1    1    1    1    1    1    1  1.96843E+14 0.00205 
   39   39    1    1    1    1    1    1    1    1  2.42966E+14 0.00160 
   40   40    1    1    1    1    1    1    1    1  4.06784E+14 0.00179 
   41   41    1    1    1    1    1    1    1    1  3.89975E+14 0.00179 
   42   42    1    1    1    1    1    1    1    1  7.15983E+14 0.00125 
   43   43    1    1    1    1    1    1    1    1  7.87299E+14 0.00113 
   44   44    1    1    1    1    1    1    1    1  1.02554E+15 0.00101 
   45   45    1    1    1    1    1    1    1    1  1.83993E+15 0.00084 
   46   46    1    1    1    1    1    1    1    1  9.65019E+14 0.00100 
   47   47    1    1    1    1    1    1    1    1  1.39441E+15 0.00080 
   48   48    1    1    1    1    1    1    1    1  1.95004E+15 0.00083 
   49   49    1    1    1    1    1    1    1    1  1.77289E+15 0.00075 
   50   50    1    1    1    1    1    1    1    1  2.74665E+15 0.00071 
   51   51    1    1    1    1    1    1    1    1  2.16219E+15 0.00077 
   52   52    1    1    1    1    1    1    1    1  2.46871E+15 0.00072 
   53   53    1    1    1    1    1    1    1    1  1.75861E+15 0.00058 
   54   54    1    1    1    1    1    1    1    1  2.14422E+15 0.00075 
   55   55    1    1    1    1    1    1    1    1  1.52070E+15 0.00088 
   56   56    1    1    1    1    1    1    1    1  2.09298E+14 0.00127 
   57   57    1    1    1    1    1    1    1    1  2.95946E+15 0.00079 
   58   58    1    1    1    1    1    1    1    1  1.30141E+15 0.00084 
   59   59    1    1    1    1    1    1    1    1  1.41735E+15 0.00106 
   60   60    1    1    1    1    1    1    1    1  1.12495E+15 0.00085 
   61   61    1    1    1    1    1    1    1    1  1.12476E+15 0.00079 
   62   62    1    1    1    1    1    1    1    1  1.13345E+15 0.00116 
   63   63    1    1    1    1    1    1    1    1  9.48139E+14 0.00088 
   64   64    1    1    1    1    1    1    1    1  7.47579E+14 0.00121 
   65   65    1    1    1    1    1    1    1    1  7.34837E+14 0.00099 
   66   66    1    1    1    1    1    1    1    1  5.81782E+14 0.00135 
   67   67    1    1    1    1    1    1    1    1  4.78820E+14 0.00139 
   68   68    1    1    1    1    1    1    1    1  4.23467E+14 0.00137 
   69   69    1    1    1    1    1    1    1    1  5.13641E+14 0.00126 
   70   70    1    1    1    1    1    1    1    1  4.41868E+14 0.00155 
   71   71    1    1    1    1    1    1    1    1  8.22814E+14 0.00117 
   72   72    1    1    1    1    1    1    1    1  5.99953E+14 0.00133 
   73   73    1    1    1    1    1    1    1    1  4.62595E+14 0.00156 
   74   74    1    1    1    1    1    1    1    1  3.73297E+14 0.00135 
   75   75    1    1    1    1    1    1    1    1  3.06498E+14 0.00142 
   76   76    1    1    1    1    1    1    1    1  3.51143E+14 0.00134 
   77   77    1    1    1    1    1    1    1    1  2.74271E+14 0.00100 
   78   78    1    1    1    1    1    1    1    1  2.12159E+14 0.00243 
   79   79    1    1    1    1    1    1    1    1  2.18699E+14 0.00185 
   80   80    1    1    1    1    1    1    1    1  1.63189E+14 0.00216 
   81   81    1    1    1    1    1    1    1    1  1.26062E+14 0.00209 
   82   82    1    1    1    1    1    1    1    1  9.71538E+13 0.00242 
   83   83    1    1    1    1    1    1    1    1  9.08707E+13 0.00332 
   84   84    1    1    1    1    1    1    1    1  6.51583E+13 0.00350 
   85   85    1    1    1    1    1    1    1    1  4.74232E+13 0.00405 
   86   86    1    1    1    1    1    1    1    1  4.39096E+13 0.00297 
   87   87    1    1    1    1    1    1    1    1  2.72138E+13 0.00447 
   88   88    1    1    1    1    1    1    1    1  1.82717E+13 0.00646 
   89   89    1    1    1    1    1    1    1    1  1.06777E+13 0.00632 
   90   90    1    1    1    1    1    1    1    1  6.97645E+12 0.00739 
   91   91    1    1    1    1    1    1    1    1  3.61180E+12 0.01204 
   92   92    1    1    1    1    1    1    1    1  1.71114E+12 0.01527 
   93   93    1    1    1    1    1    1    1    1  8.42054E+11 0.02252 
   94   94    1    1    1    1    1    1    1    1  3.80039E+11 0.03289 
   95   95    1    1    1    1    1    1    1    1  1.97738E+11 0.05563 
   96   96    1    1    1    1    1    1    1    1  8.95566E+10 0.06617 
   97   97    1    1    1    1    1    1    1    1  5.12351E+10 0.13148 
   98   98    1    1    1    1    1    1    1    1  2.66304E+10 0.18328 
   99   99    1    1    1    1    1    1    1    1  7.46573E+09 0.28013 
  100  100    1    1    1    1    1    1    1    1  9.77047E+09 0.29212 
];


