
DETdpaspec = [
    1    1    1    1    1    1    1    1    1    1  0.00000E+00 0.00000 
    2    2    1    1    1    1    1    1    1    1  0.00000E+00 0.00000 
    3    3    1    1    1    1    1    1    1    1  0.00000E+00 0.00000 
    4    4    1    1    1    1    1    1    1    1  0.00000E+00 0.00000 
    5    5    1    1    1    1    1    1    1    1  0.00000E+00 0.00000 
    6    6    1    1    1    1    1    1    1    1  1.34080E+07 0.68845 
    7    7    1    1    1    1    1    1    1    1  1.15325E+07 1.00000 
    8    8    1    1    1    1    1    1    1    1  1.50295E+07 1.00000 
    9    9    1    1    1    1    1    1    1    1  5.24832E+07 0.49666 
   10   10    1    1    1    1    1    1    1    1  3.28756E+08 0.38886 
   11   11    1    1    1    1    1    1    1    1  2.21911E+08 0.48143 
   12   12    1    1    1    1    1    1    1    1  3.01140E+08 0.24534 
   13   13    1    1    1    1    1    1    1    1  2.72147E+09 0.27076 
   14   14    1    1    1    1    1    1    1    1  3.39190E+09 0.30333 
   15   15    1    1    1    1    1    1    1    1  9.22397E+09 0.21386 
   16   16    1    1    1    1    1    1    1    1  4.45374E+09 0.16727 
   17   17    1    1    1    1    1    1    1    1  9.31319E+09 0.16472 
   18   18    1    1    1    1    1    1    1    1  2.87989E+10 0.09434 
   19   19    1    1    1    1    1    1    1    1  2.98889E+10 0.10582 
   20   20    1    1    1    1    1    1    1    1  9.36488E+10 0.06977 
   21   21    1    1    1    1    1    1    1    1  6.59580E+10 0.05235 
   22   22    1    1    1    1    1    1    1    1  2.14640E+11 0.04018 
   23   23    1    1    1    1    1    1    1    1  2.85284E+11 0.03213 
   24   24    1    1    1    1    1    1    1    1  4.64967E+11 0.02491 
   25   25    1    1    1    1    1    1    1    1  5.86360E+11 0.02314 
   26   26    1    1    1    1    1    1    1    1  1.02786E+12 0.02411 
   27   27    1    1    1    1    1    1    1    1  2.03706E+12 0.01423 
   28   28    1    1    1    1    1    1    1    1  3.61364E+12 0.01054 
   29   29    1    1    1    1    1    1    1    1  4.39915E+12 0.01002 
   30   30    1    1    1    1    1    1    1    1  1.17426E+13 0.00586 
   31   31    1    1    1    1    1    1    1    1  2.60856E+13 0.00587 
   32   32    1    1    1    1    1    1    1    1  3.78344E+13 0.00430 
   33   33    1    1    1    1    1    1    1    1  7.07071E+13 0.00363 
   34   34    1    1    1    1    1    1    1    1  7.70262E+13 0.00304 
   35   35    1    1    1    1    1    1    1    1  1.13081E+14 0.00242 
   36   36    1    1    1    1    1    1    1    1  8.81506E+13 0.00206 
   37   37    1    1    1    1    1    1    1    1  2.79195E+13 0.00183 
   38   38    1    1    1    1    1    1    1    1  1.29764E+14 0.00248 
   39   39    1    1    1    1    1    1    1    1  1.57444E+14 0.00220 
   40   40    1    1    1    1    1    1    1    1  2.51753E+14 0.00245 
   41   41    1    1    1    1    1    1    1    1  2.44875E+14 0.00200 
   42   42    1    1    1    1    1    1    1    1  4.28083E+14 0.00163 
   43   43    1    1    1    1    1    1    1    1  4.62382E+14 0.00187 
   44   44    1    1    1    1    1    1    1    1  5.91034E+14 0.00196 
   45   45    1    1    1    1    1    1    1    1  1.02294E+15 0.00203 
   46   46    1    1    1    1    1    1    1    1  5.30499E+14 0.00140 
   47   47    1    1    1    1    1    1    1    1  7.69494E+14 0.00171 
   48   48    1    1    1    1    1    1    1    1  1.05649E+15 0.00191 
   49   49    1    1    1    1    1    1    1    1  9.66440E+14 0.00212 
   50   50    1    1    1    1    1    1    1    1  1.45043E+15 0.00184 
   51   51    1    1    1    1    1    1    1    1  1.15397E+15 0.00175 
   52   52    1    1    1    1    1    1    1    1  1.27919E+15 0.00177 
   53   53    1    1    1    1    1    1    1    1  9.15944E+14 0.00191 
   54   54    1    1    1    1    1    1    1    1  1.08604E+15 0.00169 
   55   55    1    1    1    1    1    1    1    1  7.72087E+14 0.00204 
   56   56    1    1    1    1    1    1    1    1  1.07189E+14 0.00208 
   57   57    1    1    1    1    1    1    1    1  1.50172E+15 0.00170 
   58   58    1    1    1    1    1    1    1    1  6.39034E+14 0.00210 
   59   59    1    1    1    1    1    1    1    1  7.00131E+14 0.00205 
   60   60    1    1    1    1    1    1    1    1  5.41776E+14 0.00158 
   61   61    1    1    1    1    1    1    1    1  5.44012E+14 0.00176 
   62   62    1    1    1    1    1    1    1    1  5.42445E+14 0.00176 
   63   63    1    1    1    1    1    1    1    1  4.48101E+14 0.00208 
   64   64    1    1    1    1    1    1    1    1  3.51958E+14 0.00224 
   65   65    1    1    1    1    1    1    1    1  3.46390E+14 0.00226 
   66   66    1    1    1    1    1    1    1    1  2.71970E+14 0.00225 
   67   67    1    1    1    1    1    1    1    1  2.25410E+14 0.00210 
   68   68    1    1    1    1    1    1    1    1  1.99942E+14 0.00221 
   69   69    1    1    1    1    1    1    1    1  2.41550E+14 0.00199 
   70   70    1    1    1    1    1    1    1    1  2.07468E+14 0.00235 
   71   71    1    1    1    1    1    1    1    1  3.95456E+14 0.00245 
   72   72    1    1    1    1    1    1    1    1  2.89249E+14 0.00233 
   73   73    1    1    1    1    1    1    1    1  2.21988E+14 0.00313 
   74   74    1    1    1    1    1    1    1    1  1.75508E+14 0.00299 
   75   75    1    1    1    1    1    1    1    1  1.41127E+14 0.00287 
   76   76    1    1    1    1    1    1    1    1  1.57955E+14 0.00239 
   77   77    1    1    1    1    1    1    1    1  1.20988E+14 0.00313 
   78   78    1    1    1    1    1    1    1    1  9.17384E+13 0.00401 
   79   79    1    1    1    1    1    1    1    1  9.34458E+13 0.00180 
   80   80    1    1    1    1    1    1    1    1  6.88853E+13 0.00314 
   81   81    1    1    1    1    1    1    1    1  5.30175E+13 0.00401 
   82   82    1    1    1    1    1    1    1    1  4.07454E+13 0.00336 
   83   83    1    1    1    1    1    1    1    1  3.78844E+13 0.00434 
   84   84    1    1    1    1    1    1    1    1  2.72821E+13 0.00464 
   85   85    1    1    1    1    1    1    1    1  1.94830E+13 0.00594 
   86   86    1    1    1    1    1    1    1    1  1.82013E+13 0.00718 
   87   87    1    1    1    1    1    1    1    1  1.14693E+13 0.00682 
   88   88    1    1    1    1    1    1    1    1  7.70418E+12 0.00671 
   89   89    1    1    1    1    1    1    1    1  4.45827E+12 0.00881 
   90   90    1    1    1    1    1    1    1    1  2.92558E+12 0.01736 
   91   91    1    1    1    1    1    1    1    1  1.52554E+12 0.01965 
   92   92    1    1    1    1    1    1    1    1  7.65178E+11 0.02466 
   93   93    1    1    1    1    1    1    1    1  3.83764E+11 0.03619 
   94   94    1    1    1    1    1    1    1    1  1.74148E+11 0.05390 
   95   95    1    1    1    1    1    1    1    1  8.44301E+10 0.06413 
   96   96    1    1    1    1    1    1    1    1  4.47855E+10 0.12287 
   97   97    1    1    1    1    1    1    1    1  1.66714E+10 0.19296 
   98   98    1    1    1    1    1    1    1    1  7.51141E+09 0.18982 
   99   99    1    1    1    1    1    1    1    1  5.93827E+09 0.28763 
  100  100    1    1    1    1    1    1    1    1  1.88890E+09 0.37440 
];


