
DETdpaspec = [
    1    1    1    1    1    1    1    1    1    1  0.00000E+00 0.00000 
    2    2    1    1    1    1    1    1    1    1  0.00000E+00 0.00000 
    3    3    1    1    1    1    1    1    1    1  0.00000E+00 0.00000 
    4    4    1    1    1    1    1    1    1    1  0.00000E+00 0.00000 
    5    5    1    1    1    1    1    1    1    1  0.00000E+00 0.00000 
    6    6    1    1    1    1    1    1    1    1  0.00000E+00 0.00000 
    7    7    1    1    1    1    1    1    1    1  0.00000E+00 0.00000 
    8    8    1    1    1    1    1    1    1    1  0.00000E+00 0.00000 
    9    9    1    1    1    1    1    1    1    1  7.63576E+07 1.00000 
   10   10    1    1    1    1    1    1    1    1  1.14361E+08 1.00000 
   11   11    1    1    1    1    1    1    1    1  0.00000E+00 0.00000 
   12   12    1    1    1    1    1    1    1    1  8.75676E+08 0.64835 
   13   13    1    1    1    1    1    1    1    1  4.34958E+09 0.45838 
   14   14    1    1    1    1    1    1    1    1  2.11413E+09 0.43512 
   15   15    1    1    1    1    1    1    1    1  2.03009E+09 0.71117 
   16   16    1    1    1    1    1    1    1    1  1.21230E+09 0.45313 
   17   17    1    1    1    1    1    1    1    1  3.75611E+09 0.30597 
   18   18    1    1    1    1    1    1    1    1  7.60162E+09 0.14836 
   19   19    1    1    1    1    1    1    1    1  1.83064E+10 0.15959 
   20   20    1    1    1    1    1    1    1    1  1.04213E+11 0.08204 
   21   21    1    1    1    1    1    1    1    1  2.56675E+11 0.04369 
   22   22    1    1    1    1    1    1    1    1  1.06578E+12 0.02528 
   23   23    1    1    1    1    1    1    1    1  3.52554E+12 0.01423 
   24   24    1    1    1    1    1    1    1    1  7.65729E+12 0.00783 
   25   25    1    1    1    1    1    1    1    1  1.06371E+13 0.00580 
   26   26    1    1    1    1    1    1    1    1  1.79850E+13 0.00432 
   27   27    1    1    1    1    1    1    1    1  2.82694E+13 0.00351 
   28   28    1    1    1    1    1    1    1    1  4.59588E+13 0.00240 
   29   29    1    1    1    1    1    1    1    1  5.98323E+13 0.00273 
   30   30    1    1    1    1    1    1    1    1  9.53668E+13 0.00262 
   31   31    1    1    1    1    1    1    1    1  1.61021E+14 0.00224 
   32   32    1    1    1    1    1    1    1    1  1.97121E+14 0.00169 
   33   33    1    1    1    1    1    1    1    1  3.26105E+14 0.00199 
   34   34    1    1    1    1    1    1    1    1  3.61463E+14 0.00155 
   35   35    1    1    1    1    1    1    1    1  3.86671E+14 0.00110 
   36   36    1    1    1    1    1    1    1    1  2.63375E+14 0.00087 
   37   37    1    1    1    1    1    1    1    1  7.65212E+13 0.00134 
   38   38    1    1    1    1    1    1    1    1  3.83505E+14 0.00099 
   39   39    1    1    1    1    1    1    1    1  4.57826E+14 0.00105 
   40   40    1    1    1    1    1    1    1    1  7.55909E+14 0.00100 
   41   41    1    1    1    1    1    1    1    1  6.73134E+14 0.00106 
   42   42    1    1    1    1    1    1    1    1  1.23215E+15 0.00107 
   43   43    1    1    1    1    1    1    1    1  1.31644E+15 0.00078 
   44   44    1    1    1    1    1    1    1    1  1.67158E+15 0.00074 
   45   45    1    1    1    1    1    1    1    1  2.92319E+15 0.00072 
   46   46    1    1    1    1    1    1    1    1  1.47795E+15 0.00084 
   47   47    1    1    1    1    1    1    1    1  2.07132E+15 0.00052 
   48   48    1    1    1    1    1    1    1    1  2.84095E+15 0.00070 
   49   49    1    1    1    1    1    1    1    1  2.50166E+15 0.00088 
   50   50    1    1    1    1    1    1    1    1  3.87391E+15 0.00070 
   51   51    1    1    1    1    1    1    1    1  2.92977E+15 0.00083 
   52   52    1    1    1    1    1    1    1    1  3.37323E+15 0.00080 
   53   53    1    1    1    1    1    1    1    1  2.35730E+15 0.00063 
   54   54    1    1    1    1    1    1    1    1  2.90983E+15 0.00089 
   55   55    1    1    1    1    1    1    1    1  2.03842E+15 0.00060 
   56   56    1    1    1    1    1    1    1    1  2.78296E+14 0.00115 
   57   57    1    1    1    1    1    1    1    1  3.91036E+15 0.00059 
   58   58    1    1    1    1    1    1    1    1  1.75932E+15 0.00055 
   59   59    1    1    1    1    1    1    1    1  1.87973E+15 0.00074 
   60   60    1    1    1    1    1    1    1    1  1.51721E+15 0.00073 
   61   61    1    1    1    1    1    1    1    1  1.50530E+15 0.00104 
   62   62    1    1    1    1    1    1    1    1  1.51222E+15 0.00074 
   63   63    1    1    1    1    1    1    1    1  1.26466E+15 0.00067 
   64   64    1    1    1    1    1    1    1    1  9.92692E+14 0.00112 
   65   65    1    1    1    1    1    1    1    1  9.67380E+14 0.00089 
   66   66    1    1    1    1    1    1    1    1  7.65639E+14 0.00098 
   67   67    1    1    1    1    1    1    1    1  6.23312E+14 0.00102 
   68   68    1    1    1    1    1    1    1    1  5.46174E+14 0.00127 
   69   69    1    1    1    1    1    1    1    1  6.60660E+14 0.00115 
   70   70    1    1    1    1    1    1    1    1  5.61897E+14 0.00120 
   71   71    1    1    1    1    1    1    1    1  1.01436E+15 0.00117 
   72   72    1    1    1    1    1    1    1    1  7.26888E+14 0.00108 
   73   73    1    1    1    1    1    1    1    1  5.57835E+14 0.00104 
   74   74    1    1    1    1    1    1    1    1  4.57723E+14 0.00141 
   75   75    1    1    1    1    1    1    1    1  3.81305E+14 0.00095 
   76   76    1    1    1    1    1    1    1    1  4.43685E+14 0.00127 
   77   77    1    1    1    1    1    1    1    1  3.51915E+14 0.00124 
   78   78    1    1    1    1    1    1    1    1  2.76154E+14 0.00116 
   79   79    1    1    1    1    1    1    1    1  2.86934E+14 0.00170 
   80   80    1    1    1    1    1    1    1    1  2.14393E+14 0.00202 
   81   81    1    1    1    1    1    1    1    1  1.66105E+14 0.00156 
   82   82    1    1    1    1    1    1    1    1  1.27432E+14 0.00179 
   83   83    1    1    1    1    1    1    1    1  1.19111E+14 0.00217 
   84   84    1    1    1    1    1    1    1    1  8.55563E+13 0.00306 
   85   85    1    1    1    1    1    1    1    1  6.14567E+13 0.00341 
   86   86    1    1    1    1    1    1    1    1  5.70567E+13 0.00359 
   87   87    1    1    1    1    1    1    1    1  3.47665E+13 0.00316 
   88   88    1    1    1    1    1    1    1    1  2.32309E+13 0.00558 
   89   89    1    1    1    1    1    1    1    1  1.32426E+13 0.00600 
   90   90    1    1    1    1    1    1    1    1  8.67237E+12 0.00711 
   91   91    1    1    1    1    1    1    1    1  4.29855E+12 0.00934 
   92   92    1    1    1    1    1    1    1    1  2.00883E+12 0.01827 
   93   93    1    1    1    1    1    1    1    1  9.86742E+11 0.02152 
   94   94    1    1    1    1    1    1    1    1  4.52290E+11 0.03143 
   95   95    1    1    1    1    1    1    1    1  2.18442E+11 0.05198 
   96   96    1    1    1    1    1    1    1    1  1.10871E+11 0.06408 
   97   97    1    1    1    1    1    1    1    1  5.81387E+10 0.06836 
   98   98    1    1    1    1    1    1    1    1  1.40224E+10 0.17829 
   99   99    1    1    1    1    1    1    1    1  1.09588E+10 0.27612 
  100  100    1    1    1    1    1    1    1    1  6.48052E+09 0.34154 
];


