
DETdpaspec = [
    1    1    1    1    1    1    1    1    1    1  0.00000E+00 0.00000 
    2    2    1    1    1    1    1    1    1    1  0.00000E+00 0.00000 
    3    3    1    1    1    1    1    1    1    1  0.00000E+00 0.00000 
    4    4    1    1    1    1    1    1    1    1  0.00000E+00 0.00000 
    5    5    1    1    1    1    1    1    1    1  0.00000E+00 0.00000 
    6    6    1    1    1    1    1    1    1    1  9.31706E+06 1.00000 
    7    7    1    1    1    1    1    1    1    1  1.27000E+07 1.00000 
    8    8    1    1    1    1    1    1    1    1  1.60651E+07 1.00000 
    9    9    1    1    1    1    1    1    1    1  1.15691E+07 1.00000 
   10   10    1    1    1    1    1    1    1    1  2.74046E+08 0.53236 
   11   11    1    1    1    1    1    1    1    1  1.36666E+08 0.55193 
   12   12    1    1    1    1    1    1    1    1  1.94383E+07 0.63827 
   13   13    1    1    1    1    1    1    1    1  1.71948E+09 0.35831 
   14   14    1    1    1    1    1    1    1    1  5.01029E+09 0.30624 
   15   15    1    1    1    1    1    1    1    1  5.79004E+09 0.38242 
   16   16    1    1    1    1    1    1    1    1  2.30326E+09 0.31002 
   17   17    1    1    1    1    1    1    1    1  6.66595E+09 0.17755 
   18   18    1    1    1    1    1    1    1    1  1.41442E+10 0.20106 
   19   19    1    1    1    1    1    1    1    1  1.42564E+10 0.10674 
   20   20    1    1    1    1    1    1    1    1  4.76412E+10 0.11746 
   21   21    1    1    1    1    1    1    1    1  3.95738E+10 0.08443 
   22   22    1    1    1    1    1    1    1    1  1.05378E+11 0.04709 
   23   23    1    1    1    1    1    1    1    1  1.68336E+11 0.05503 
   24   24    1    1    1    1    1    1    1    1  2.71337E+11 0.03305 
   25   25    1    1    1    1    1    1    1    1  3.81162E+11 0.02623 
   26   26    1    1    1    1    1    1    1    1  7.43891E+11 0.02280 
   27   27    1    1    1    1    1    1    1    1  1.50336E+12 0.02048 
   28   28    1    1    1    1    1    1    1    1  3.21404E+12 0.01221 
   29   29    1    1    1    1    1    1    1    1  4.56580E+12 0.01095 
   30   30    1    1    1    1    1    1    1    1  1.16498E+13 0.00483 
   31   31    1    1    1    1    1    1    1    1  2.76579E+13 0.00533 
   32   32    1    1    1    1    1    1    1    1  4.17817E+13 0.00409 
   33   33    1    1    1    1    1    1    1    1  8.23116E+13 0.00295 
   34   34    1    1    1    1    1    1    1    1  9.54833E+13 0.00192 
   35   35    1    1    1    1    1    1    1    1  1.35673E+14 0.00159 
   36   36    1    1    1    1    1    1    1    1  1.06093E+14 0.00178 
   37   37    1    1    1    1    1    1    1    1  3.34048E+13 0.00209 
   38   38    1    1    1    1    1    1    1    1  1.61567E+14 0.00213 
   39   39    1    1    1    1    1    1    1    1  1.98618E+14 0.00231 
   40   40    1    1    1    1    1    1    1    1  3.28682E+14 0.00173 
   41   41    1    1    1    1    1    1    1    1  3.17896E+14 0.00161 
   42   42    1    1    1    1    1    1    1    1  5.76447E+14 0.00100 
   43   43    1    1    1    1    1    1    1    1  6.31552E+14 0.00120 
   44   44    1    1    1    1    1    1    1    1  8.18986E+14 0.00150 
   45   45    1    1    1    1    1    1    1    1  1.45375E+15 0.00129 
   46   46    1    1    1    1    1    1    1    1  7.60868E+14 0.00128 
   47   47    1    1    1    1    1    1    1    1  1.10167E+15 0.00136 
   48   48    1    1    1    1    1    1    1    1  1.53262E+15 0.00119 
   49   49    1    1    1    1    1    1    1    1  1.39745E+15 0.00112 
   50   50    1    1    1    1    1    1    1    1  2.13530E+15 0.00100 
   51   51    1    1    1    1    1    1    1    1  1.68542E+15 0.00141 
   52   52    1    1    1    1    1    1    1    1  1.90252E+15 0.00143 
   53   53    1    1    1    1    1    1    1    1  1.35728E+15 0.00120 
   54   54    1    1    1    1    1    1    1    1  1.63506E+15 0.00126 
   55   55    1    1    1    1    1    1    1    1  1.15914E+15 0.00131 
   56   56    1    1    1    1    1    1    1    1  1.60106E+14 0.00174 
   57   57    1    1    1    1    1    1    1    1  2.25436E+15 0.00099 
   58   58    1    1    1    1    1    1    1    1  9.78789E+14 0.00141 
   59   59    1    1    1    1    1    1    1    1  1.06732E+15 0.00104 
   60   60    1    1    1    1    1    1    1    1  8.38289E+14 0.00127 
   61   61    1    1    1    1    1    1    1    1  8.38728E+14 0.00100 
   62   62    1    1    1    1    1    1    1    1  8.42876E+14 0.00109 
   63   63    1    1    1    1    1    1    1    1  7.00461E+14 0.00118 
   64   64    1    1    1    1    1    1    1    1  5.51529E+14 0.00146 
   65   65    1    1    1    1    1    1    1    1  5.41946E+14 0.00149 
   66   66    1    1    1    1    1    1    1    1  4.27858E+14 0.00127 
   67   67    1    1    1    1    1    1    1    1  3.52714E+14 0.00134 
   68   68    1    1    1    1    1    1    1    1  3.12718E+14 0.00178 
   69   69    1    1    1    1    1    1    1    1  3.79207E+14 0.00148 
   70   70    1    1    1    1    1    1    1    1  3.25444E+14 0.00191 
   71   71    1    1    1    1    1    1    1    1  6.11029E+14 0.00156 
   72   72    1    1    1    1    1    1    1    1  4.44345E+14 0.00145 
   73   73    1    1    1    1    1    1    1    1  3.42551E+14 0.00209 
   74   74    1    1    1    1    1    1    1    1  2.74246E+14 0.00148 
   75   75    1    1    1    1    1    1    1    1  2.22997E+14 0.00209 
   76   76    1    1    1    1    1    1    1    1  2.53962E+14 0.00198 
   77   77    1    1    1    1    1    1    1    1  1.96439E+14 0.00214 
   78   78    1    1    1    1    1    1    1    1  1.51339E+14 0.00246 
   79   79    1    1    1    1    1    1    1    1  1.54800E+14 0.00194 
   80   80    1    1    1    1    1    1    1    1  1.14960E+14 0.00216 
   81   81    1    1    1    1    1    1    1    1  8.90340E+13 0.00244 
   82   82    1    1    1    1    1    1    1    1  6.80048E+13 0.00327 
   83   83    1    1    1    1    1    1    1    1  6.40614E+13 0.00403 
   84   84    1    1    1    1    1    1    1    1  4.58081E+13 0.00273 
   85   85    1    1    1    1    1    1    1    1  3.30549E+13 0.00435 
   86   86    1    1    1    1    1    1    1    1  3.09453E+13 0.00419 
   87   87    1    1    1    1    1    1    1    1  1.91664E+13 0.00613 
   88   88    1    1    1    1    1    1    1    1  1.29484E+13 0.00531 
   89   89    1    1    1    1    1    1    1    1  7.52907E+12 0.01151 
   90   90    1    1    1    1    1    1    1    1  5.00647E+12 0.01393 
   91   91    1    1    1    1    1    1    1    1  2.49595E+12 0.01985 
   92   92    1    1    1    1    1    1    1    1  1.23470E+12 0.02623 
   93   93    1    1    1    1    1    1    1    1  6.06833E+11 0.02535 
   94   94    1    1    1    1    1    1    1    1  2.87905E+11 0.03795 
   95   95    1    1    1    1    1    1    1    1  1.31316E+11 0.08340 
   96   96    1    1    1    1    1    1    1    1  7.11039E+10 0.10738 
   97   97    1    1    1    1    1    1    1    1  3.02507E+10 0.10062 
   98   98    1    1    1    1    1    1    1    1  1.28114E+10 0.20764 
   99   99    1    1    1    1    1    1    1    1  6.62503E+09 0.35026 
  100  100    1    1    1    1    1    1    1    1  8.30940E+09 0.26594 
];


