
DETdpaspec = [
    1    1    1    1    1    1    1    1    1    1  0.00000E+00 0.00000 
    2    2    1    1    1    1    1    1    1    1  0.00000E+00 0.00000 
    3    3    1    1    1    1    1    1    1    1  8.14801E+06 1.00000 
    4    4    1    1    1    1    1    1    1    1  0.00000E+00 0.00000 
    5    5    1    1    1    1    1    1    1    1  0.00000E+00 0.00000 
    6    6    1    1    1    1    1    1    1    1  0.00000E+00 0.00000 
    7    7    1    1    1    1    1    1    1    1  1.59980E+07 1.00000 
    8    8    1    1    1    1    1    1    1    1  4.28878E+07 0.71926 
    9    9    1    1    1    1    1    1    1    1  7.81222E+06 1.00000 
   10   10    1    1    1    1    1    1    1    1  2.16560E+08 0.63759 
   11   11    1    1    1    1    1    1    1    1  3.65940E+08 0.51158 
   12   12    1    1    1    1    1    1    1    1  5.59881E+07 0.51767 
   13   13    1    1    1    1    1    1    1    1  2.70980E+09 0.35263 
   14   14    1    1    1    1    1    1    1    1  5.21162E+09 0.29226 
   15   15    1    1    1    1    1    1    1    1  5.87674E+09 0.29222 
   16   16    1    1    1    1    1    1    1    1  2.92100E+09 0.29926 
   17   17    1    1    1    1    1    1    1    1  4.82080E+09 0.19750 
   18   18    1    1    1    1    1    1    1    1  1.32869E+10 0.11244 
   19   19    1    1    1    1    1    1    1    1  1.41334E+10 0.11638 
   20   20    1    1    1    1    1    1    1    1  5.08531E+10 0.10272 
   21   21    1    1    1    1    1    1    1    1  3.64941E+10 0.09286 
   22   22    1    1    1    1    1    1    1    1  9.43747E+10 0.04366 
   23   23    1    1    1    1    1    1    1    1  1.35281E+11 0.04196 
   24   24    1    1    1    1    1    1    1    1  2.55157E+11 0.04443 
   25   25    1    1    1    1    1    1    1    1  3.69527E+11 0.03071 
   26   26    1    1    1    1    1    1    1    1  7.55687E+11 0.02522 
   27   27    1    1    1    1    1    1    1    1  1.52988E+12 0.01672 
   28   28    1    1    1    1    1    1    1    1  3.38607E+12 0.01089 
   29   29    1    1    1    1    1    1    1    1  4.84744E+12 0.01022 
   30   30    1    1    1    1    1    1    1    1  1.23064E+13 0.00648 
   31   31    1    1    1    1    1    1    1    1  2.95935E+13 0.00344 
   32   32    1    1    1    1    1    1    1    1  4.44652E+13 0.00520 
   33   33    1    1    1    1    1    1    1    1  8.82235E+13 0.00293 
   34   34    1    1    1    1    1    1    1    1  1.03142E+14 0.00261 
   35   35    1    1    1    1    1    1    1    1  1.45059E+14 0.00178 
   36   36    1    1    1    1    1    1    1    1  1.13562E+14 0.00171 
   37   37    1    1    1    1    1    1    1    1  3.55830E+13 0.00179 
   38   38    1    1    1    1    1    1    1    1  1.73249E+14 0.00159 
   39   39    1    1    1    1    1    1    1    1  2.13017E+14 0.00177 
   40   40    1    1    1    1    1    1    1    1  3.53910E+14 0.00141 
   41   41    1    1    1    1    1    1    1    1  3.41322E+14 0.00118 
   42   42    1    1    1    1    1    1    1    1  6.21811E+14 0.00141 
   43   43    1    1    1    1    1    1    1    1  6.82999E+14 0.00141 
   44   44    1    1    1    1    1    1    1    1  8.87250E+14 0.00112 
   45   45    1    1    1    1    1    1    1    1  1.58024E+15 0.00112 
   46   46    1    1    1    1    1    1    1    1  8.27224E+14 0.00116 
   47   47    1    1    1    1    1    1    1    1  1.19693E+15 0.00104 
   48   48    1    1    1    1    1    1    1    1  1.66707E+15 0.00096 
   49   49    1    1    1    1    1    1    1    1  1.51980E+15 0.00089 
   50   50    1    1    1    1    1    1    1    1  2.33202E+15 0.00091 
   51   51    1    1    1    1    1    1    1    1  1.84148E+15 0.00096 
   52   52    1    1    1    1    1    1    1    1  2.08682E+15 0.00095 
   53   53    1    1    1    1    1    1    1    1  1.48781E+15 0.00117 
   54   54    1    1    1    1    1    1    1    1  1.79863E+15 0.00108 
   55   55    1    1    1    1    1    1    1    1  1.27552E+15 0.00104 
   56   56    1    1    1    1    1    1    1    1  1.76434E+14 0.00136 
   57   57    1    1    1    1    1    1    1    1  2.48012E+15 0.00100 
   58   58    1    1    1    1    1    1    1    1  1.08114E+15 0.00094 
   59   59    1    1    1    1    1    1    1    1  1.17879E+15 0.00107 
   60   60    1    1    1    1    1    1    1    1  9.29216E+14 0.00129 
   61   61    1    1    1    1    1    1    1    1  9.29109E+14 0.00109 
   62   62    1    1    1    1    1    1    1    1  9.33605E+14 0.00122 
   63   63    1    1    1    1    1    1    1    1  7.79505E+14 0.00137 
   64   64    1    1    1    1    1    1    1    1  6.13473E+14 0.00108 
   65   65    1    1    1    1    1    1    1    1  6.01744E+14 0.00141 
   66   66    1    1    1    1    1    1    1    1  4.75689E+14 0.00145 
   67   67    1    1    1    1    1    1    1    1  3.91811E+14 0.00162 
   68   68    1    1    1    1    1    1    1    1  3.46597E+14 0.00169 
   69   69    1    1    1    1    1    1    1    1  4.20808E+14 0.00126 
   70   70    1    1    1    1    1    1    1    1  3.62382E+14 0.00159 
   71   71    1    1    1    1    1    1    1    1  6.79505E+14 0.00126 
   72   72    1    1    1    1    1    1    1    1  4.93914E+14 0.00185 
   73   73    1    1    1    1    1    1    1    1  3.80623E+14 0.00132 
   74   74    1    1    1    1    1    1    1    1  3.05616E+14 0.00171 
   75   75    1    1    1    1    1    1    1    1  2.49568E+14 0.00185 
   76   76    1    1    1    1    1    1    1    1  2.84126E+14 0.00200 
   77   77    1    1    1    1    1    1    1    1  2.20448E+14 0.00153 
   78   78    1    1    1    1    1    1    1    1  1.70315E+14 0.00193 
   79   79    1    1    1    1    1    1    1    1  1.75274E+14 0.00236 
   80   80    1    1    1    1    1    1    1    1  1.30078E+14 0.00231 
   81   81    1    1    1    1    1    1    1    1  1.00434E+14 0.00208 
   82   82    1    1    1    1    1    1    1    1  7.70950E+13 0.00328 
   83   83    1    1    1    1    1    1    1    1  7.18446E+13 0.00338 
   84   84    1    1    1    1    1    1    1    1  5.20576E+13 0.00294 
   85   85    1    1    1    1    1    1    1    1  3.71790E+13 0.00301 
   86   86    1    1    1    1    1    1    1    1  3.50512E+13 0.00433 
   87   87    1    1    1    1    1    1    1    1  2.17501E+13 0.00494 
   88   88    1    1    1    1    1    1    1    1  1.47405E+13 0.00620 
   89   89    1    1    1    1    1    1    1    1  8.44377E+12 0.00651 
   90   90    1    1    1    1    1    1    1    1  5.65432E+12 0.00875 
   91   91    1    1    1    1    1    1    1    1  2.83793E+12 0.01453 
   92   92    1    1    1    1    1    1    1    1  1.41931E+12 0.01858 
   93   93    1    1    1    1    1    1    1    1  6.67642E+11 0.02698 
   94   94    1    1    1    1    1    1    1    1  3.39069E+11 0.05068 
   95   95    1    1    1    1    1    1    1    1  1.64216E+11 0.07263 
   96   96    1    1    1    1    1    1    1    1  8.19761E+10 0.07635 
   97   97    1    1    1    1    1    1    1    1  3.26699E+10 0.15381 
   98   98    1    1    1    1    1    1    1    1  1.86281E+10 0.17247 
   99   99    1    1    1    1    1    1    1    1  5.18394E+09 0.33483 
  100  100    1    1    1    1    1    1    1    1  4.41071E+09 0.43089 
];


