
DETdpaspec = [
    1    1    1    1    1    1    1    1    1    1  0.00000E+00 0.00000 
    2    2    1    1    1    1    1    1    1    1  0.00000E+00 0.00000 
    3    3    1    1    1    1    1    1    1    1  0.00000E+00 0.00000 
    4    4    1    1    1    1    1    1    1    1  0.00000E+00 0.00000 
    5    5    1    1    1    1    1    1    1    1  1.88976E+07 0.68828 
    6    6    1    1    1    1    1    1    1    1  0.00000E+00 0.00000 
    7    7    1    1    1    1    1    1    1    1  0.00000E+00 0.00000 
    8    8    1    1    1    1    1    1    1    1  0.00000E+00 0.00000 
    9    9    1    1    1    1    1    1    1    1  1.15582E+07 1.00000 
   10   10    1    1    1    1    1    1    1    1  1.61204E+08 0.69025 
   11   11    1    1    1    1    1    1    1    1  2.48495E+08 0.69892 
   12   12    1    1    1    1    1    1    1    1  8.21414E+07 0.72202 
   13   13    1    1    1    1    1    1    1    1  1.03379E+09 0.35781 
   14   14    1    1    1    1    1    1    1    1  4.51057E+09 0.22038 
   15   15    1    1    1    1    1    1    1    1  5.32120E+09 0.22107 
   16   16    1    1    1    1    1    1    1    1  1.98811E+09 0.37364 
   17   17    1    1    1    1    1    1    1    1  3.65057E+09 0.20775 
   18   18    1    1    1    1    1    1    1    1  9.71549E+09 0.16780 
   19   19    1    1    1    1    1    1    1    1  1.29760E+10 0.17147 
   20   20    1    1    1    1    1    1    1    1  3.75559E+10 0.10656 
   21   21    1    1    1    1    1    1    1    1  3.34709E+10 0.10003 
   22   22    1    1    1    1    1    1    1    1  8.85253E+10 0.07194 
   23   23    1    1    1    1    1    1    1    1  1.33837E+11 0.04104 
   24   24    1    1    1    1    1    1    1    1  2.44234E+11 0.05113 
   25   25    1    1    1    1    1    1    1    1  3.81736E+11 0.03827 
   26   26    1    1    1    1    1    1    1    1  7.59557E+11 0.02753 
   27   27    1    1    1    1    1    1    1    1  1.58339E+12 0.01694 
   28   28    1    1    1    1    1    1    1    1  3.63293E+12 0.01217 
   29   29    1    1    1    1    1    1    1    1  5.29006E+12 0.00779 
   30   30    1    1    1    1    1    1    1    1  1.31954E+13 0.00687 
   31   31    1    1    1    1    1    1    1    1  3.17301E+13 0.00466 
   32   32    1    1    1    1    1    1    1    1  4.79429E+13 0.00450 
   33   33    1    1    1    1    1    1    1    1  9.53520E+13 0.00293 
   34   34    1    1    1    1    1    1    1    1  1.12683E+14 0.00224 
   35   35    1    1    1    1    1    1    1    1  1.56044E+14 0.00167 
   36   36    1    1    1    1    1    1    1    1  1.21723E+14 0.00158 
   37   37    1    1    1    1    1    1    1    1  3.80376E+13 0.00181 
   38   38    1    1    1    1    1    1    1    1  1.86317E+14 0.00148 
   39   39    1    1    1    1    1    1    1    1  2.29862E+14 0.00157 
   40   40    1    1    1    1    1    1    1    1  3.83600E+14 0.00174 
   41   41    1    1    1    1    1    1    1    1  3.68082E+14 0.00146 
   42   42    1    1    1    1    1    1    1    1  6.73749E+14 0.00123 
   43   43    1    1    1    1    1    1    1    1  7.40244E+14 0.00112 
   44   44    1    1    1    1    1    1    1    1  9.64492E+14 0.00086 
   45   45    1    1    1    1    1    1    1    1  1.72487E+15 0.00108 
   46   46    1    1    1    1    1    1    1    1  9.03820E+14 0.00083 
   47   47    1    1    1    1    1    1    1    1  1.30688E+15 0.00111 
   48   48    1    1    1    1    1    1    1    1  1.82672E+15 0.00103 
   49   49    1    1    1    1    1    1    1    1  1.66635E+15 0.00099 
   50   50    1    1    1    1    1    1    1    1  2.56505E+15 0.00094 
   51   51    1    1    1    1    1    1    1    1  2.02015E+15 0.00091 
   52   52    1    1    1    1    1    1    1    1  2.29950E+15 0.00093 
   53   53    1    1    1    1    1    1    1    1  1.64078E+15 0.00097 
   54   54    1    1    1    1    1    1    1    1  1.99107E+15 0.00097 
   55   55    1    1    1    1    1    1    1    1  1.41363E+15 0.00102 
   56   56    1    1    1    1    1    1    1    1  1.94796E+14 0.00088 
   57   57    1    1    1    1    1    1    1    1  2.74937E+15 0.00087 
   58   58    1    1    1    1    1    1    1    1  1.20670E+15 0.00126 
   59   59    1    1    1    1    1    1    1    1  1.31393E+15 0.00111 
   60   60    1    1    1    1    1    1    1    1  1.03854E+15 0.00117 
   61   61    1    1    1    1    1    1    1    1  1.03829E+15 0.00123 
   62   62    1    1    1    1    1    1    1    1  1.04565E+15 0.00091 
   63   63    1    1    1    1    1    1    1    1  8.73791E+14 0.00127 
   64   64    1    1    1    1    1    1    1    1  6.88179E+14 0.00119 
   65   65    1    1    1    1    1    1    1    1  6.76256E+14 0.00121 
   66   66    1    1    1    1    1    1    1    1  5.35419E+14 0.00112 
   67   67    1    1    1    1    1    1    1    1  4.40427E+14 0.00155 
   68   68    1    1    1    1    1    1    1    1  3.89786E+14 0.00126 
   69   69    1    1    1    1    1    1    1    1  4.72913E+14 0.00112 
   70   70    1    1    1    1    1    1    1    1  4.05762E+14 0.00156 
   71   71    1    1    1    1    1    1    1    1  7.59505E+14 0.00110 
   72   72    1    1    1    1    1    1    1    1  5.53824E+14 0.00148 
   73   73    1    1    1    1    1    1    1    1  4.26797E+14 0.00146 
   74   74    1    1    1    1    1    1    1    1  3.43014E+14 0.00206 
   75   75    1    1    1    1    1    1    1    1  2.81232E+14 0.00144 
   76   76    1    1    1    1    1    1    1    1  3.21945E+14 0.00219 
   77   77    1    1    1    1    1    1    1    1  2.50421E+14 0.00155 
   78   78    1    1    1    1    1    1    1    1  1.93337E+14 0.00255 
   79   79    1    1    1    1    1    1    1    1  1.98996E+14 0.00257 
   80   80    1    1    1    1    1    1    1    1  1.47864E+14 0.00164 
   81   81    1    1    1    1    1    1    1    1  1.14445E+14 0.00243 
   82   82    1    1    1    1    1    1    1    1  8.79877E+13 0.00295 
   83   83    1    1    1    1    1    1    1    1  8.25017E+13 0.00377 
   84   84    1    1    1    1    1    1    1    1  5.93960E+13 0.00274 
   85   85    1    1    1    1    1    1    1    1  4.28137E+13 0.00275 
   86   86    1    1    1    1    1    1    1    1  4.01212E+13 0.00431 
   87   87    1    1    1    1    1    1    1    1  2.48179E+13 0.00446 
   88   88    1    1    1    1    1    1    1    1  1.68242E+13 0.00504 
   89   89    1    1    1    1    1    1    1    1  9.59739E+12 0.00886 
   90   90    1    1    1    1    1    1    1    1  6.42746E+12 0.01076 
   91   91    1    1    1    1    1    1    1    1  3.16873E+12 0.01257 
   92   92    1    1    1    1    1    1    1    1  1.53857E+12 0.01632 
   93   93    1    1    1    1    1    1    1    1  8.02269E+11 0.01992 
   94   94    1    1    1    1    1    1    1    1  3.56584E+11 0.04501 
   95   95    1    1    1    1    1    1    1    1  1.71733E+11 0.05891 
   96   96    1    1    1    1    1    1    1    1  8.56583E+10 0.08280 
   97   97    1    1    1    1    1    1    1    1  4.43340E+10 0.12729 
   98   98    1    1    1    1    1    1    1    1  2.03701E+10 0.17522 
   99   99    1    1    1    1    1    1    1    1  5.00024E+09 0.42312 
  100  100    1    1    1    1    1    1    1    1  1.36354E+10 0.27226 
];


