
DETdpaspec = [
    1    1    1    1    1    1    1    1    1    1  0.00000E+00 0.00000 
    2    2    1    1    1    1    1    1    1    1  0.00000E+00 0.00000 
    3    3    1    1    1    1    1    1    1    1  0.00000E+00 0.00000 
    4    4    1    1    1    1    1    1    1    1  0.00000E+00 0.00000 
    5    5    1    1    1    1    1    1    1    1  9.66486E+06 1.00000 
    6    6    1    1    1    1    1    1    1    1  8.35892E+06 1.00000 
    7    7    1    1    1    1    1    1    1    1  0.00000E+00 0.00000 
    8    8    1    1    1    1    1    1    1    1  0.00000E+00 0.00000 
    9    9    1    1    1    1    1    1    1    1  1.47468E+07 0.68943 
   10   10    1    1    1    1    1    1    1    1  2.20082E+08 0.78020 
   11   11    1    1    1    1    1    1    1    1  1.62180E+08 0.58211 
   12   12    1    1    1    1    1    1    1    1  8.50721E+07 0.46313 
   13   13    1    1    1    1    1    1    1    1  7.49532E+08 0.41864 
   14   14    1    1    1    1    1    1    1    1  3.72577E+09 0.33805 
   15   15    1    1    1    1    1    1    1    1  3.71355E+09 0.32254 
   16   16    1    1    1    1    1    1    1    1  1.54294E+09 0.31795 
   17   17    1    1    1    1    1    1    1    1  5.01894E+09 0.15062 
   18   18    1    1    1    1    1    1    1    1  1.23755E+10 0.13670 
   19   19    1    1    1    1    1    1    1    1  1.45707E+10 0.14847 
   20   20    1    1    1    1    1    1    1    1  3.98084E+10 0.09680 
   21   21    1    1    1    1    1    1    1    1  3.42534E+10 0.10614 
   22   22    1    1    1    1    1    1    1    1  9.79108E+10 0.07605 
   23   23    1    1    1    1    1    1    1    1  1.34633E+11 0.03672 
   24   24    1    1    1    1    1    1    1    1  2.44924E+11 0.03674 
   25   25    1    1    1    1    1    1    1    1  3.61156E+11 0.04488 
   26   26    1    1    1    1    1    1    1    1  7.14662E+11 0.02214 
   27   27    1    1    1    1    1    1    1    1  1.55920E+12 0.01192 
   28   28    1    1    1    1    1    1    1    1  3.56566E+12 0.01214 
   29   29    1    1    1    1    1    1    1    1  5.11632E+12 0.00900 
   30   30    1    1    1    1    1    1    1    1  1.28916E+13 0.00694 
   31   31    1    1    1    1    1    1    1    1  3.09806E+13 0.00508 
   32   32    1    1    1    1    1    1    1    1  4.66289E+13 0.00328 
   33   33    1    1    1    1    1    1    1    1  9.29666E+13 0.00290 
   34   34    1    1    1    1    1    1    1    1  1.08956E+14 0.00267 
   35   35    1    1    1    1    1    1    1    1  1.51613E+14 0.00212 
   36   36    1    1    1    1    1    1    1    1  1.18241E+14 0.00182 
   37   37    1    1    1    1    1    1    1    1  3.69553E+13 0.00236 
   38   38    1    1    1    1    1    1    1    1  1.80873E+14 0.00200 
   39   39    1    1    1    1    1    1    1    1  2.22926E+14 0.00170 
   40   40    1    1    1    1    1    1    1    1  3.71687E+14 0.00151 
   41   41    1    1    1    1    1    1    1    1  3.57742E+14 0.00170 
   42   42    1    1    1    1    1    1    1    1  6.53561E+14 0.00159 
   43   43    1    1    1    1    1    1    1    1  7.16465E+14 0.00130 
   44   44    1    1    1    1    1    1    1    1  9.32615E+14 0.00146 
   45   45    1    1    1    1    1    1    1    1  1.66922E+15 0.00108 
   46   46    1    1    1    1    1    1    1    1  8.74647E+14 0.00122 
   47   47    1    1    1    1    1    1    1    1  1.26454E+15 0.00110 
   48   48    1    1    1    1    1    1    1    1  1.76426E+15 0.00102 
   49   49    1    1    1    1    1    1    1    1  1.60780E+15 0.00124 
   50   50    1    1    1    1    1    1    1    1  2.47332E+15 0.00082 
   51   51    1    1    1    1    1    1    1    1  1.94973E+15 0.00102 
   52   52    1    1    1    1    1    1    1    1  2.21572E+15 0.00123 
   53   53    1    1    1    1    1    1    1    1  1.58059E+15 0.00144 
   54   54    1    1    1    1    1    1    1    1  1.91726E+15 0.00131 
   55   55    1    1    1    1    1    1    1    1  1.35922E+15 0.00119 
   56   56    1    1    1    1    1    1    1    1  1.87892E+14 0.00159 
   57   57    1    1    1    1    1    1    1    1  2.64537E+15 0.00129 
   58   58    1    1    1    1    1    1    1    1  1.15641E+15 0.00136 
   59   59    1    1    1    1    1    1    1    1  1.25858E+15 0.00117 
   60   60    1    1    1    1    1    1    1    1  9.93819E+14 0.00135 
   61   61    1    1    1    1    1    1    1    1  9.95641E+14 0.00138 
   62   62    1    1    1    1    1    1    1    1  1.00087E+15 0.00130 
   63   63    1    1    1    1    1    1    1    1  8.35137E+14 0.00163 
   64   64    1    1    1    1    1    1    1    1  6.56967E+14 0.00130 
   65   65    1    1    1    1    1    1    1    1  6.46312E+14 0.00127 
   66   66    1    1    1    1    1    1    1    1  5.10360E+14 0.00132 
   67   67    1    1    1    1    1    1    1    1  4.20910E+14 0.00167 
   68   68    1    1    1    1    1    1    1    1  3.72483E+14 0.00158 
   69   69    1    1    1    1    1    1    1    1  4.52014E+14 0.00146 
   70   70    1    1    1    1    1    1    1    1  3.88595E+14 0.00159 
   71   71    1    1    1    1    1    1    1    1  7.27943E+14 0.00163 
   72   72    1    1    1    1    1    1    1    1  5.29991E+14 0.00171 
   73   73    1    1    1    1    1    1    1    1  4.08113E+14 0.00138 
   74   74    1    1    1    1    1    1    1    1  3.28783E+14 0.00208 
   75   75    1    1    1    1    1    1    1    1  2.68272E+14 0.00178 
   76   76    1    1    1    1    1    1    1    1  3.06561E+14 0.00217 
   77   77    1    1    1    1    1    1    1    1  2.38725E+14 0.00221 
   78   78    1    1    1    1    1    1    1    1  1.83976E+14 0.00168 
   79   79    1    1    1    1    1    1    1    1  1.88976E+14 0.00229 
   80   80    1    1    1    1    1    1    1    1  1.40403E+14 0.00215 
   81   81    1    1    1    1    1    1    1    1  1.08246E+14 0.00265 
   82   82    1    1    1    1    1    1    1    1  8.32966E+13 0.00342 
   83   83    1    1    1    1    1    1    1    1  7.82927E+13 0.00213 
   84   84    1    1    1    1    1    1    1    1  5.64526E+13 0.00331 
   85   85    1    1    1    1    1    1    1    1  4.04672E+13 0.00382 
   86   86    1    1    1    1    1    1    1    1  3.79396E+13 0.00464 
   87   87    1    1    1    1    1    1    1    1  2.32920E+13 0.00575 
   88   88    1    1    1    1    1    1    1    1  1.59814E+13 0.00718 
   89   89    1    1    1    1    1    1    1    1  9.25085E+12 0.00929 
   90   90    1    1    1    1    1    1    1    1  6.21169E+12 0.01109 
   91   91    1    1    1    1    1    1    1    1  3.12971E+12 0.01266 
   92   92    1    1    1    1    1    1    1    1  1.44759E+12 0.01461 
   93   93    1    1    1    1    1    1    1    1  7.60473E+11 0.02613 
   94   94    1    1    1    1    1    1    1    1  3.38930E+11 0.04341 
   95   95    1    1    1    1    1    1    1    1  1.65405E+11 0.05065 
   96   96    1    1    1    1    1    1    1    1  8.04193E+10 0.07766 
   97   97    1    1    1    1    1    1    1    1  3.95558E+10 0.12133 
   98   98    1    1    1    1    1    1    1    1  1.69861E+10 0.13190 
   99   99    1    1    1    1    1    1    1    1  8.86329E+09 0.23472 
  100  100    1    1    1    1    1    1    1    1  7.22506E+09 0.22410 
];


