
DETdpaspec = [
    1    1    1    1    1    1    1    1    1    1  0.00000E+00 0.00000 
    2    2    1    1    1    1    1    1    1    1  0.00000E+00 0.00000 
    3    3    1    1    1    1    1    1    1    1  0.00000E+00 0.00000 
    4    4    1    1    1    1    1    1    1    1  1.02401E+07 1.00000 
    5    5    1    1    1    1    1    1    1    1  0.00000E+00 0.00000 
    6    6    1    1    1    1    1    1    1    1  0.00000E+00 0.00000 
    7    7    1    1    1    1    1    1    1    1  1.65078E+07 1.00000 
    8    8    1    1    1    1    1    1    1    1  2.77012E+07 0.70011 
    9    9    1    1    1    1    1    1    1    1  9.36575E+06 1.00000 
   10   10    1    1    1    1    1    1    1    1  1.76403E+08 0.68831 
   11   11    1    1    1    1    1    1    1    1  3.37067E+08 0.62066 
   12   12    1    1    1    1    1    1    1    1  5.83960E+07 1.00000 
   13   13    1    1    1    1    1    1    1    1  1.69299E+09 0.48431 
   14   14    1    1    1    1    1    1    1    1  4.04136E+09 0.30778 
   15   15    1    1    1    1    1    1    1    1  8.99592E+09 0.34799 
   16   16    1    1    1    1    1    1    1    1  2.02868E+09 0.30257 
   17   17    1    1    1    1    1    1    1    1  3.60005E+09 0.15191 
   18   18    1    1    1    1    1    1    1    1  1.19704E+10 0.13804 
   19   19    1    1    1    1    1    1    1    1  1.41853E+10 0.12926 
   20   20    1    1    1    1    1    1    1    1  4.51029E+10 0.10706 
   21   21    1    1    1    1    1    1    1    1  3.50636E+10 0.07052 
   22   22    1    1    1    1    1    1    1    1  9.09335E+10 0.06321 
   23   23    1    1    1    1    1    1    1    1  1.37375E+11 0.06831 
   24   24    1    1    1    1    1    1    1    1  2.41692E+11 0.04204 
   25   25    1    1    1    1    1    1    1    1  3.70041E+11 0.02440 
   26   26    1    1    1    1    1    1    1    1  7.72480E+11 0.02302 
   27   27    1    1    1    1    1    1    1    1  1.55590E+12 0.01735 
   28   28    1    1    1    1    1    1    1    1  3.59180E+12 0.01123 
   29   29    1    1    1    1    1    1    1    1  5.15231E+12 0.00960 
   30   30    1    1    1    1    1    1    1    1  1.29685E+13 0.00703 
   31   31    1    1    1    1    1    1    1    1  3.07979E+13 0.00472 
   32   32    1    1    1    1    1    1    1    1  4.67604E+13 0.00325 
   33   33    1    1    1    1    1    1    1    1  9.31611E+13 0.00204 
   34   34    1    1    1    1    1    1    1    1  1.09075E+14 0.00179 
   35   35    1    1    1    1    1    1    1    1  1.52137E+14 0.00187 
   36   36    1    1    1    1    1    1    1    1  1.18715E+14 0.00219 
   37   37    1    1    1    1    1    1    1    1  3.71154E+13 0.00223 
   38   38    1    1    1    1    1    1    1    1  1.81451E+14 0.00185 
   39   39    1    1    1    1    1    1    1    1  2.23442E+14 0.00179 
   40   40    1    1    1    1    1    1    1    1  3.73117E+14 0.00147 
   41   41    1    1    1    1    1    1    1    1  3.58932E+14 0.00141 
   42   42    1    1    1    1    1    1    1    1  6.56931E+14 0.00146 
   43   43    1    1    1    1    1    1    1    1  7.22357E+14 0.00135 
   44   44    1    1    1    1    1    1    1    1  9.40847E+14 0.00121 
   45   45    1    1    1    1    1    1    1    1  1.68408E+15 0.00134 
   46   46    1    1    1    1    1    1    1    1  8.81500E+14 0.00097 
   47   47    1    1    1    1    1    1    1    1  1.27453E+15 0.00134 
   48   48    1    1    1    1    1    1    1    1  1.77878E+15 0.00128 
   49   49    1    1    1    1    1    1    1    1  1.62098E+15 0.00125 
   50   50    1    1    1    1    1    1    1    1  2.49233E+15 0.00137 
   51   51    1    1    1    1    1    1    1    1  1.96758E+15 0.00140 
   52   52    1    1    1    1    1    1    1    1  2.23385E+15 0.00124 
   53   53    1    1    1    1    1    1    1    1  1.59286E+15 0.00150 
   54   54    1    1    1    1    1    1    1    1  1.93354E+15 0.00130 
   55   55    1    1    1    1    1    1    1    1  1.37113E+15 0.00157 
   56   56    1    1    1    1    1    1    1    1  1.89549E+14 0.00190 
   57   57    1    1    1    1    1    1    1    1  2.66647E+15 0.00150 
   58   58    1    1    1    1    1    1    1    1  1.16763E+15 0.00139 
   59   59    1    1    1    1    1    1    1    1  1.27023E+15 0.00144 
   60   60    1    1    1    1    1    1    1    1  1.00460E+15 0.00163 
   61   61    1    1    1    1    1    1    1    1  1.00400E+15 0.00150 
   62   62    1    1    1    1    1    1    1    1  1.00879E+15 0.00158 
   63   63    1    1    1    1    1    1    1    1  8.43121E+14 0.00163 
   64   64    1    1    1    1    1    1    1    1  6.64784E+14 0.00187 
   65   65    1    1    1    1    1    1    1    1  6.53382E+14 0.00164 
   66   66    1    1    1    1    1    1    1    1  5.16100E+14 0.00202 
   67   67    1    1    1    1    1    1    1    1  4.25240E+14 0.00147 
   68   68    1    1    1    1    1    1    1    1  3.76117E+14 0.00158 
   69   69    1    1    1    1    1    1    1    1  4.57602E+14 0.00191 
   70   70    1    1    1    1    1    1    1    1  3.92036E+14 0.00170 
   71   71    1    1    1    1    1    1    1    1  7.34449E+14 0.00175 
   72   72    1    1    1    1    1    1    1    1  5.33894E+14 0.00155 
   73   73    1    1    1    1    1    1    1    1  4.12073E+14 0.00181 
   74   74    1    1    1    1    1    1    1    1  3.31261E+14 0.00231 
   75   75    1    1    1    1    1    1    1    1  2.71305E+14 0.00212 
   76   76    1    1    1    1    1    1    1    1  3.08989E+14 0.00208 
   77   77    1    1    1    1    1    1    1    1  2.40900E+14 0.00226 
   78   78    1    1    1    1    1    1    1    1  1.85829E+14 0.00268 
   79   79    1    1    1    1    1    1    1    1  1.91004E+14 0.00237 
   80   80    1    1    1    1    1    1    1    1  1.42483E+14 0.00242 
   81   81    1    1    1    1    1    1    1    1  1.09609E+14 0.00239 
   82   82    1    1    1    1    1    1    1    1  8.47963E+13 0.00286 
   83   83    1    1    1    1    1    1    1    1  7.91271E+13 0.00349 
   84   84    1    1    1    1    1    1    1    1  5.68892E+13 0.00423 
   85   85    1    1    1    1    1    1    1    1  4.10943E+13 0.00358 
   86   86    1    1    1    1    1    1    1    1  3.85476E+13 0.00422 
   87   87    1    1    1    1    1    1    1    1  2.36963E+13 0.00430 
   88   88    1    1    1    1    1    1    1    1  1.62849E+13 0.00611 
   89   89    1    1    1    1    1    1    1    1  9.24919E+12 0.00975 
   90   90    1    1    1    1    1    1    1    1  6.17101E+12 0.00731 
   91   91    1    1    1    1    1    1    1    1  3.06731E+12 0.01128 
   92   92    1    1    1    1    1    1    1    1  1.50468E+12 0.02038 
   93   93    1    1    1    1    1    1    1    1  7.22417E+11 0.02470 
   94   94    1    1    1    1    1    1    1    1  3.41702E+11 0.03449 
   95   95    1    1    1    1    1    1    1    1  1.80810E+11 0.05004 
   96   96    1    1    1    1    1    1    1    1  9.03921E+10 0.08880 
   97   97    1    1    1    1    1    1    1    1  3.72041E+10 0.10503 
   98   98    1    1    1    1    1    1    1    1  2.02829E+10 0.16260 
   99   99    1    1    1    1    1    1    1    1  7.71056E+09 0.25050 
  100  100    1    1    1    1    1    1    1    1  7.51145E+09 0.22901 
];


