
DETdpaspec = [
    1    1    1    1    1    1    1    1    1    1  0.00000E+00 0.00000 
    2    2    1    1    1    1    1    1    1    1  0.00000E+00 0.00000 
    3    3    1    1    1    1    1    1    1    1  0.00000E+00 0.00000 
    4    4    1    1    1    1    1    1    1    1  0.00000E+00 0.00000 
    5    5    1    1    1    1    1    1    1    1  0.00000E+00 0.00000 
    6    6    1    1    1    1    1    1    1    1  2.78900E+07 1.00000 
    7    7    1    1    1    1    1    1    1    1  0.00000E+00 0.00000 
    8    8    1    1    1    1    1    1    1    1  0.00000E+00 0.00000 
    9    9    1    1    1    1    1    1    1    1  0.00000E+00 0.00000 
   10   10    1    1    1    1    1    1    1    1  0.00000E+00 0.00000 
   11   11    1    1    1    1    1    1    1    1  7.13153E+07 1.00000 
   12   12    1    1    1    1    1    1    1    1  1.71150E+08 0.82647 
   13   13    1    1    1    1    1    1    1    1  2.55351E+09 0.42831 
   14   14    1    1    1    1    1    1    1    1  4.81779E+09 0.38820 
   15   15    1    1    1    1    1    1    1    1  3.43863E+09 0.36571 
   16   16    1    1    1    1    1    1    1    1  6.47574E+08 0.49854 
   17   17    1    1    1    1    1    1    1    1  2.89395E+09 0.26646 
   18   18    1    1    1    1    1    1    1    1  5.46146E+09 0.32938 
   19   19    1    1    1    1    1    1    1    1  8.70811E+09 0.25823 
   20   20    1    1    1    1    1    1    1    1  2.75852E+10 0.20479 
   21   21    1    1    1    1    1    1    1    1  5.66322E+10 0.06783 
   22   22    1    1    1    1    1    1    1    1  2.90445E+11 0.04960 
   23   23    1    1    1    1    1    1    1    1  1.08178E+12 0.02453 
   24   24    1    1    1    1    1    1    1    1  2.76238E+12 0.01209 
   25   25    1    1    1    1    1    1    1    1  4.46714E+12 0.00945 
   26   26    1    1    1    1    1    1    1    1  8.19550E+12 0.00591 
   27   27    1    1    1    1    1    1    1    1  1.43437E+13 0.00452 
   28   28    1    1    1    1    1    1    1    1  2.65668E+13 0.00377 
   29   29    1    1    1    1    1    1    1    1  3.71033E+13 0.00420 
   30   30    1    1    1    1    1    1    1    1  6.32327E+13 0.00257 
   31   31    1    1    1    1    1    1    1    1  1.17759E+14 0.00167 
   32   32    1    1    1    1    1    1    1    1  1.52109E+14 0.00156 
   33   33    1    1    1    1    1    1    1    1  2.64185E+14 0.00146 
   34   34    1    1    1    1    1    1    1    1  3.02846E+14 0.00097 
   35   35    1    1    1    1    1    1    1    1  3.37532E+14 0.00120 
   36   36    1    1    1    1    1    1    1    1  2.36693E+14 0.00121 
   37   37    1    1    1    1    1    1    1    1  6.95841E+13 0.00118 
   38   38    1    1    1    1    1    1    1    1  3.49239E+14 0.00112 
   39   39    1    1    1    1    1    1    1    1  4.20856E+14 0.00108 
   40   40    1    1    1    1    1    1    1    1  7.01012E+14 0.00071 
   41   41    1    1    1    1    1    1    1    1  6.31937E+14 0.00092 
   42   42    1    1    1    1    1    1    1    1  1.16343E+15 0.00090 
   43   43    1    1    1    1    1    1    1    1  1.25455E+15 0.00085 
   44   44    1    1    1    1    1    1    1    1  1.60697E+15 0.00070 
   45   45    1    1    1    1    1    1    1    1  2.83766E+15 0.00073 
   46   46    1    1    1    1    1    1    1    1  1.45218E+15 0.00071 
   47   47    1    1    1    1    1    1    1    1  2.04741E+15 0.00075 
   48   48    1    1    1    1    1    1    1    1  2.83199E+15 0.00077 
   49   49    1    1    1    1    1    1    1    1  2.51297E+15 0.00090 
   50   50    1    1    1    1    1    1    1    1  3.92035E+15 0.00074 
   51   51    1    1    1    1    1    1    1    1  2.99248E+15 0.00065 
   52   52    1    1    1    1    1    1    1    1  3.45694E+15 0.00069 
   53   53    1    1    1    1    1    1    1    1  2.43182E+15 0.00078 
   54   54    1    1    1    1    1    1    1    1  3.00629E+15 0.00069 
   55   55    1    1    1    1    1    1    1    1  2.11429E+15 0.00086 
   56   56    1    1    1    1    1    1    1    1  2.89558E+14 0.00110 
   57   57    1    1    1    1    1    1    1    1  4.08216E+15 0.00066 
   58   58    1    1    1    1    1    1    1    1  1.83858E+15 0.00089 
   59   59    1    1    1    1    1    1    1    1  1.97150E+15 0.00089 
   60   60    1    1    1    1    1    1    1    1  1.59401E+15 0.00079 
   61   61    1    1    1    1    1    1    1    1  1.58529E+15 0.00084 
   62   62    1    1    1    1    1    1    1    1  1.59839E+15 0.00093 
   63   63    1    1    1    1    1    1    1    1  1.33889E+15 0.00095 
   64   64    1    1    1    1    1    1    1    1  1.05414E+15 0.00101 
   65   65    1    1    1    1    1    1    1    1  1.02952E+15 0.00096 
   66   66    1    1    1    1    1    1    1    1  8.17108E+14 0.00103 
   67   67    1    1    1    1    1    1    1    1  6.65587E+14 0.00117 
   68   68    1    1    1    1    1    1    1    1  5.84944E+14 0.00108 
   69   69    1    1    1    1    1    1    1    1  7.08141E+14 0.00121 
   70   70    1    1    1    1    1    1    1    1  6.03574E+14 0.00135 
   71   71    1    1    1    1    1    1    1    1  1.09905E+15 0.00109 
   72   72    1    1    1    1    1    1    1    1  7.90754E+14 0.00127 
   73   73    1    1    1    1    1    1    1    1  6.09141E+14 0.00117 
   74   74    1    1    1    1    1    1    1    1  4.99534E+14 0.00149 
   75   75    1    1    1    1    1    1    1    1  4.15846E+14 0.00118 
   76   76    1    1    1    1    1    1    1    1  4.84935E+14 0.00127 
   77   77    1    1    1    1    1    1    1    1  3.85223E+14 0.00143 
   78   78    1    1    1    1    1    1    1    1  3.02300E+14 0.00109 
   79   79    1    1    1    1    1    1    1    1  3.15074E+14 0.00151 
   80   80    1    1    1    1    1    1    1    1  2.35503E+14 0.00153 
   81   81    1    1    1    1    1    1    1    1  1.82464E+14 0.00160 
   82   82    1    1    1    1    1    1    1    1  1.40680E+14 0.00231 
   83   83    1    1    1    1    1    1    1    1  1.31418E+14 0.00221 
   84   84    1    1    1    1    1    1    1    1  9.43168E+13 0.00233 
   85   85    1    1    1    1    1    1    1    1  6.82901E+13 0.00298 
   86   86    1    1    1    1    1    1    1    1  6.35149E+13 0.00297 
   87   87    1    1    1    1    1    1    1    1  3.89463E+13 0.00336 
   88   88    1    1    1    1    1    1    1    1  2.60435E+13 0.00489 
   89   89    1    1    1    1    1    1    1    1  1.48523E+13 0.00527 
   90   90    1    1    1    1    1    1    1    1  9.84809E+12 0.00494 
   91   91    1    1    1    1    1    1    1    1  4.87313E+12 0.00833 
   92   92    1    1    1    1    1    1    1    1  2.32040E+12 0.01712 
   93   93    1    1    1    1    1    1    1    1  1.13859E+12 0.01994 
   94   94    1    1    1    1    1    1    1    1  5.11858E+11 0.02997 
   95   95    1    1    1    1    1    1    1    1  2.59742E+11 0.04682 
   96   96    1    1    1    1    1    1    1    1  1.18472E+11 0.08124 
   97   97    1    1    1    1    1    1    1    1  5.59524E+10 0.07972 
   98   98    1    1    1    1    1    1    1    1  2.35824E+10 0.20485 
   99   99    1    1    1    1    1    1    1    1  1.59819E+10 0.17437 
  100  100    1    1    1    1    1    1    1    1  9.35531E+09 0.23469 
];


