
DETdpaspec = [
    1    1    1    1    1    1    1    1    1    1  0.00000E+00 0.00000 
    2    2    1    1    1    1    1    1    1    1  0.00000E+00 0.00000 
    3    3    1    1    1    1    1    1    1    1  0.00000E+00 0.00000 
    4    4    1    1    1    1    1    1    1    1  1.01930E+07 1.00000 
    5    5    1    1    1    1    1    1    1    1  0.00000E+00 0.00000 
    6    6    1    1    1    1    1    1    1    1  0.00000E+00 0.00000 
    7    7    1    1    1    1    1    1    1    1  0.00000E+00 0.00000 
    8    8    1    1    1    1    1    1    1    1  0.00000E+00 0.00000 
    9    9    1    1    1    1    1    1    1    1  6.88372E+06 1.00000 
   10   10    1    1    1    1    1    1    1    1  0.00000E+00 0.00000 
   11   11    1    1    1    1    1    1    1    1  1.52600E+08 1.00000 
   12   12    1    1    1    1    1    1    1    1  2.68983E+08 0.39699 
   13   13    1    1    1    1    1    1    1    1  3.84213E+09 0.45052 
   14   14    1    1    1    1    1    1    1    1  2.79093E+09 0.40624 
   15   15    1    1    1    1    1    1    1    1  4.58523E+09 0.33965 
   16   16    1    1    1    1    1    1    1    1  1.93517E+09 0.35614 
   17   17    1    1    1    1    1    1    1    1  3.87866E+09 0.20752 
   18   18    1    1    1    1    1    1    1    1  1.03326E+10 0.13891 
   19   19    1    1    1    1    1    1    1    1  1.38204E+10 0.14104 
   20   20    1    1    1    1    1    1    1    1  4.05141E+10 0.10742 
   21   21    1    1    1    1    1    1    1    1  2.63046E+10 0.14302 
   22   22    1    1    1    1    1    1    1    1  8.00876E+10 0.07319 
   23   23    1    1    1    1    1    1    1    1  1.26382E+11 0.04232 
   24   24    1    1    1    1    1    1    1    1  2.55420E+11 0.04413 
   25   25    1    1    1    1    1    1    1    1  3.69090E+11 0.03847 
   26   26    1    1    1    1    1    1    1    1  8.23076E+11 0.02481 
   27   27    1    1    1    1    1    1    1    1  1.85464E+12 0.01846 
   28   28    1    1    1    1    1    1    1    1  4.21729E+12 0.01104 
   29   29    1    1    1    1    1    1    1    1  6.33068E+12 0.00914 
   30   30    1    1    1    1    1    1    1    1  1.50249E+13 0.00665 
   31   31    1    1    1    1    1    1    1    1  3.57893E+13 0.00610 
   32   32    1    1    1    1    1    1    1    1  5.39500E+13 0.00320 
   33   33    1    1    1    1    1    1    1    1  1.07587E+14 0.00198 
   34   34    1    1    1    1    1    1    1    1  1.28172E+14 0.00185 
   35   35    1    1    1    1    1    1    1    1  1.73562E+14 0.00186 
   36   36    1    1    1    1    1    1    1    1  1.34228E+14 0.00143 
   37   37    1    1    1    1    1    1    1    1  4.16647E+13 0.00124 
   38   38    1    1    1    1    1    1    1    1  2.05180E+14 0.00114 
   39   39    1    1    1    1    1    1    1    1  2.53001E+14 0.00157 
   40   40    1    1    1    1    1    1    1    1  4.24694E+14 0.00113 
   41   41    1    1    1    1    1    1    1    1  4.05412E+14 0.00097 
   42   42    1    1    1    1    1    1    1    1  7.47206E+14 0.00103 
   43   43    1    1    1    1    1    1    1    1  8.21892E+14 0.00091 
   44   44    1    1    1    1    1    1    1    1  1.07360E+15 0.00087 
   45   45    1    1    1    1    1    1    1    1  1.92862E+15 0.00064 
   46   46    1    1    1    1    1    1    1    1  1.01354E+15 0.00070 
   47   47    1    1    1    1    1    1    1    1  1.46122E+15 0.00092 
   48   48    1    1    1    1    1    1    1    1  2.04397E+15 0.00070 
   49   49    1    1    1    1    1    1    1    1  1.85890E+15 0.00070 
   50   50    1    1    1    1    1    1    1    1  2.88356E+15 0.00057 
   51   51    1    1    1    1    1    1    1    1  2.26962E+15 0.00079 
   52   52    1    1    1    1    1    1    1    1  2.59633E+15 0.00066 
   53   53    1    1    1    1    1    1    1    1  1.85252E+15 0.00047 
   54   54    1    1    1    1    1    1    1    1  2.26168E+15 0.00088 
   55   55    1    1    1    1    1    1    1    1  1.60480E+15 0.00060 
   56   56    1    1    1    1    1    1    1    1  2.21125E+14 0.00121 
   57   57    1    1    1    1    1    1    1    1  3.11983E+15 0.00064 
   58   58    1    1    1    1    1    1    1    1  1.37858E+15 0.00093 
   59   59    1    1    1    1    1    1    1    1  1.49978E+15 0.00105 
   60   60    1    1    1    1    1    1    1    1  1.19261E+15 0.00100 
   61   61    1    1    1    1    1    1    1    1  1.19405E+15 0.00101 
   62   62    1    1    1    1    1    1    1    1  1.20398E+15 0.00105 
   63   63    1    1    1    1    1    1    1    1  1.00754E+15 0.00100 
   64   64    1    1    1    1    1    1    1    1  7.94983E+14 0.00110 
   65   65    1    1    1    1    1    1    1    1  7.81504E+14 0.00122 
   66   66    1    1    1    1    1    1    1    1  6.18644E+14 0.00129 
   67   67    1    1    1    1    1    1    1    1  5.08259E+14 0.00137 
   68   68    1    1    1    1    1    1    1    1  4.50010E+14 0.00148 
   69   69    1    1    1    1    1    1    1    1  5.46792E+14 0.00109 
   70   70    1    1    1    1    1    1    1    1  4.68833E+14 0.00118 
   71   71    1    1    1    1    1    1    1    1  8.75547E+14 0.00131 
   72   72    1    1    1    1    1    1    1    1  6.36409E+14 0.00127 
   73   73    1    1    1    1    1    1    1    1  4.90751E+14 0.00111 
   74   74    1    1    1    1    1    1    1    1  3.97946E+14 0.00130 
   75   75    1    1    1    1    1    1    1    1  3.26602E+14 0.00105 
   76   76    1    1    1    1    1    1    1    1  3.73910E+14 0.00111 
   77   77    1    1    1    1    1    1    1    1  2.93234E+14 0.00129 
   78   78    1    1    1    1    1    1    1    1  2.27372E+14 0.00192 
   79   79    1    1    1    1    1    1    1    1  2.34847E+14 0.00126 
   80   80    1    1    1    1    1    1    1    1  1.74967E+14 0.00179 
   81   81    1    1    1    1    1    1    1    1  1.35258E+14 0.00258 
   82   82    1    1    1    1    1    1    1    1  1.04327E+14 0.00274 
   83   83    1    1    1    1    1    1    1    1  9.72211E+13 0.00260 
   84   84    1    1    1    1    1    1    1    1  7.04649E+13 0.00314 
   85   85    1    1    1    1    1    1    1    1  5.05204E+13 0.00367 
   86   86    1    1    1    1    1    1    1    1  4.73231E+13 0.00489 
   87   87    1    1    1    1    1    1    1    1  2.92812E+13 0.00363 
   88   88    1    1    1    1    1    1    1    1  1.98811E+13 0.00626 
   89   89    1    1    1    1    1    1    1    1  1.13668E+13 0.00681 
   90   90    1    1    1    1    1    1    1    1  7.52512E+12 0.01055 
   91   91    1    1    1    1    1    1    1    1  3.78069E+12 0.01315 
   92   92    1    1    1    1    1    1    1    1  1.85194E+12 0.01620 
   93   93    1    1    1    1    1    1    1    1  9.09583E+11 0.02115 
   94   94    1    1    1    1    1    1    1    1  4.61041E+11 0.03298 
   95   95    1    1    1    1    1    1    1    1  2.14231E+11 0.04785 
   96   96    1    1    1    1    1    1    1    1  9.64154E+10 0.07777 
   97   97    1    1    1    1    1    1    1    1  4.01526E+10 0.09253 
   98   98    1    1    1    1    1    1    1    1  2.19496E+10 0.14251 
   99   99    1    1    1    1    1    1    1    1  1.31357E+10 0.22320 
  100  100    1    1    1    1    1    1    1    1  1.00018E+10 0.22773 
];


