
DETdpaspec = [
    1    1    1    1    1    1    1    1    1    1  0.00000E+00 0.00000 
    2    2    1    1    1    1    1    1    1    1  0.00000E+00 0.00000 
    3    3    1    1    1    1    1    1    1    1  0.00000E+00 0.00000 
    4    4    1    1    1    1    1    1    1    1  0.00000E+00 0.00000 
    5    5    1    1    1    1    1    1    1    1  8.71703E+06 1.00000 
    6    6    1    1    1    1    1    1    1    1  1.62247E+07 0.68849 
    7    7    1    1    1    1    1    1    1    1  1.43937E+07 1.00000 
    8    8    1    1    1    1    1    1    1    1  2.77731E+07 1.00000 
    9    9    1    1    1    1    1    1    1    1  1.65972E+07 0.70031 
   10   10    1    1    1    1    1    1    1    1  6.81928E+07 0.70526 
   11   11    1    1    1    1    1    1    1    1  5.94442E+08 0.49524 
   12   12    1    1    1    1    1    1    1    1  1.00657E+08 0.63239 
   13   13    1    1    1    1    1    1    1    1  1.43727E+09 0.28604 
   14   14    1    1    1    1    1    1    1    1  4.34257E+09 0.30793 
   15   15    1    1    1    1    1    1    1    1  5.71928E+09 0.19619 
   16   16    1    1    1    1    1    1    1    1  2.16307E+09 0.22373 
   17   17    1    1    1    1    1    1    1    1  4.23850E+09 0.23342 
   18   18    1    1    1    1    1    1    1    1  1.38560E+10 0.14395 
   19   19    1    1    1    1    1    1    1    1  1.92860E+10 0.11426 
   20   20    1    1    1    1    1    1    1    1  4.61354E+10 0.11883 
   21   21    1    1    1    1    1    1    1    1  3.51988E+10 0.08877 
   22   22    1    1    1    1    1    1    1    1  9.46721E+10 0.08576 
   23   23    1    1    1    1    1    1    1    1  1.40103E+11 0.05194 
   24   24    1    1    1    1    1    1    1    1  2.47093E+11 0.04562 
   25   25    1    1    1    1    1    1    1    1  3.94466E+11 0.03919 
   26   26    1    1    1    1    1    1    1    1  7.50860E+11 0.01872 
   27   27    1    1    1    1    1    1    1    1  1.54628E+12 0.01569 
   28   28    1    1    1    1    1    1    1    1  3.45877E+12 0.01085 
   29   29    1    1    1    1    1    1    1    1  4.98458E+12 0.01000 
   30   30    1    1    1    1    1    1    1    1  1.24243E+13 0.00541 
   31   31    1    1    1    1    1    1    1    1  2.98726E+13 0.00357 
   32   32    1    1    1    1    1    1    1    1  4.51571E+13 0.00325 
   33   33    1    1    1    1    1    1    1    1  8.93754E+13 0.00206 
   34   34    1    1    1    1    1    1    1    1  1.04379E+14 0.00201 
   35   35    1    1    1    1    1    1    1    1  1.46139E+14 0.00204 
   36   36    1    1    1    1    1    1    1    1  1.14337E+14 0.00179 
   37   37    1    1    1    1    1    1    1    1  3.58774E+13 0.00222 
   38   38    1    1    1    1    1    1    1    1  1.74317E+14 0.00138 
   39   39    1    1    1    1    1    1    1    1  2.14788E+14 0.00203 
   40   40    1    1    1    1    1    1    1    1  3.56959E+14 0.00140 
   41   41    1    1    1    1    1    1    1    1  3.44351E+14 0.00073 
   42   42    1    1    1    1    1    1    1    1  6.26739E+14 0.00089 
   43   43    1    1    1    1    1    1    1    1  6.87595E+14 0.00133 
   44   44    1    1    1    1    1    1    1    1  8.95398E+14 0.00126 
   45   45    1    1    1    1    1    1    1    1  1.59687E+15 0.00092 
   46   46    1    1    1    1    1    1    1    1  8.35723E+14 0.00110 
   47   47    1    1    1    1    1    1    1    1  1.20950E+15 0.00118 
   48   48    1    1    1    1    1    1    1    1  1.68603E+15 0.00101 
   49   49    1    1    1    1    1    1    1    1  1.53762E+15 0.00117 
   50   50    1    1    1    1    1    1    1    1  2.35754E+15 0.00098 
   51   51    1    1    1    1    1    1    1    1  1.85953E+15 0.00102 
   52   52    1    1    1    1    1    1    1    1  2.10971E+15 0.00083 
   53   53    1    1    1    1    1    1    1    1  1.50610E+15 0.00087 
   54   54    1    1    1    1    1    1    1    1  1.82271E+15 0.00096 
   55   55    1    1    1    1    1    1    1    1  1.29234E+15 0.00092 
   56   56    1    1    1    1    1    1    1    1  1.78201E+14 0.00169 
   57   57    1    1    1    1    1    1    1    1  2.50963E+15 0.00098 
   58   58    1    1    1    1    1    1    1    1  1.09768E+15 0.00120 
   59   59    1    1    1    1    1    1    1    1  1.19483E+15 0.00082 
   60   60    1    1    1    1    1    1    1    1  9.40816E+14 0.00100 
   61   61    1    1    1    1    1    1    1    1  9.41451E+14 0.00127 
   62   62    1    1    1    1    1    1    1    1  9.48020E+14 0.00128 
   63   63    1    1    1    1    1    1    1    1  7.89731E+14 0.00135 
   64   64    1    1    1    1    1    1    1    1  6.22198E+14 0.00142 
   65   65    1    1    1    1    1    1    1    1  6.09822E+14 0.00165 
   66   66    1    1    1    1    1    1    1    1  4.83523E+14 0.00166 
   67   67    1    1    1    1    1    1    1    1  3.98364E+14 0.00129 
   68   68    1    1    1    1    1    1    1    1  3.52116E+14 0.00163 
   69   69    1    1    1    1    1    1    1    1  4.27009E+14 0.00122 
   70   70    1    1    1    1    1    1    1    1  3.66167E+14 0.00183 
   71   71    1    1    1    1    1    1    1    1  6.87538E+14 0.00130 
   72   72    1    1    1    1    1    1    1    1  5.01125E+14 0.00154 
   73   73    1    1    1    1    1    1    1    1  3.84900E+14 0.00108 
   74   74    1    1    1    1    1    1    1    1  3.09952E+14 0.00174 
   75   75    1    1    1    1    1    1    1    1  2.52715E+14 0.00159 
   76   76    1    1    1    1    1    1    1    1  2.88852E+14 0.00156 
   77   77    1    1    1    1    1    1    1    1  2.24281E+14 0.00175 
   78   78    1    1    1    1    1    1    1    1  1.72631E+14 0.00171 
   79   79    1    1    1    1    1    1    1    1  1.78229E+14 0.00223 
   80   80    1    1    1    1    1    1    1    1  1.32216E+14 0.00249 
   81   81    1    1    1    1    1    1    1    1  1.01784E+14 0.00278 
   82   82    1    1    1    1    1    1    1    1  7.84393E+13 0.00339 
   83   83    1    1    1    1    1    1    1    1  7.32540E+13 0.00304 
   84   84    1    1    1    1    1    1    1    1  5.27724E+13 0.00386 
   85   85    1    1    1    1    1    1    1    1  3.78901E+13 0.00492 
   86   86    1    1    1    1    1    1    1    1  3.53454E+13 0.00502 
   87   87    1    1    1    1    1    1    1    1  2.19975E+13 0.00516 
   88   88    1    1    1    1    1    1    1    1  1.49816E+13 0.00763 
   89   89    1    1    1    1    1    1    1    1  8.59626E+12 0.00601 
   90   90    1    1    1    1    1    1    1    1  5.74947E+12 0.00638 
   91   91    1    1    1    1    1    1    1    1  2.87668E+12 0.01749 
   92   92    1    1    1    1    1    1    1    1  1.42556E+12 0.01881 
   93   93    1    1    1    1    1    1    1    1  6.74026E+11 0.01680 
   94   94    1    1    1    1    1    1    1    1  3.44955E+11 0.03269 
   95   95    1    1    1    1    1    1    1    1  1.47896E+11 0.05645 
   96   96    1    1    1    1    1    1    1    1  7.68464E+10 0.07411 
   97   97    1    1    1    1    1    1    1    1  4.23579E+10 0.11882 
   98   98    1    1    1    1    1    1    1    1  2.04716E+10 0.22087 
   99   99    1    1    1    1    1    1    1    1  5.24886E+09 0.27863 
  100  100    1    1    1    1    1    1    1    1  6.38432E+09 0.31793 
];


