
DETdpaspec = [
    1    1    1    1    1    1    1    1    1    1  0.00000E+00 0.00000 
    2    2    1    1    1    1    1    1    1    1  0.00000E+00 0.00000 
    3    3    1    1    1    1    1    1    1    1  0.00000E+00 0.00000 
    4    4    1    1    1    1    1    1    1    1  0.00000E+00 0.00000 
    5    5    1    1    1    1    1    1    1    1  0.00000E+00 0.00000 
    6    6    1    1    1    1    1    1    1    1  0.00000E+00 0.00000 
    7    7    1    1    1    1    1    1    1    1  0.00000E+00 0.00000 
    8    8    1    1    1    1    1    1    1    1  0.00000E+00 0.00000 
    9    9    1    1    1    1    1    1    1    1  0.00000E+00 0.00000 
   10   10    1    1    1    1    1    1    1    1  3.38176E+08 0.71408 
   11   11    1    1    1    1    1    1    1    1  3.69066E+08 0.64247 
   12   12    1    1    1    1    1    1    1    1  1.61850E+08 0.44047 
   13   13    1    1    1    1    1    1    1    1  2.92613E+09 0.48441 
   14   14    1    1    1    1    1    1    1    1  3.66316E+09 0.38006 
   15   15    1    1    1    1    1    1    1    1  3.09160E+09 0.29081 
   16   16    1    1    1    1    1    1    1    1  3.06595E+09 0.28344 
   17   17    1    1    1    1    1    1    1    1  3.12356E+09 0.22517 
   18   18    1    1    1    1    1    1    1    1  1.39336E+10 0.12678 
   19   19    1    1    1    1    1    1    1    1  1.17918E+10 0.15174 
   20   20    1    1    1    1    1    1    1    1  5.15867E+10 0.10997 
   21   21    1    1    1    1    1    1    1    1  3.60224E+10 0.08095 
   22   22    1    1    1    1    1    1    1    1  9.23708E+10 0.08081 
   23   23    1    1    1    1    1    1    1    1  1.36648E+11 0.05500 
   24   24    1    1    1    1    1    1    1    1  2.68473E+11 0.03213 
   25   25    1    1    1    1    1    1    1    1  3.95381E+11 0.02163 
   26   26    1    1    1    1    1    1    1    1  8.38278E+11 0.02312 
   27   27    1    1    1    1    1    1    1    1  1.74259E+12 0.01238 
   28   28    1    1    1    1    1    1    1    1  3.93253E+12 0.01304 
   29   29    1    1    1    1    1    1    1    1  5.78249E+12 0.01087 
   30   30    1    1    1    1    1    1    1    1  1.40887E+13 0.00655 
   31   31    1    1    1    1    1    1    1    1  3.40169E+13 0.00312 
   32   32    1    1    1    1    1    1    1    1  5.09893E+13 0.00304 
   33   33    1    1    1    1    1    1    1    1  1.01684E+14 0.00259 
   34   34    1    1    1    1    1    1    1    1  1.20133E+14 0.00171 
   35   35    1    1    1    1    1    1    1    1  1.65427E+14 0.00164 
   36   36    1    1    1    1    1    1    1    1  1.28567E+14 0.00142 
   37   37    1    1    1    1    1    1    1    1  3.99006E+13 0.00166 
   38   38    1    1    1    1    1    1    1    1  1.96255E+14 0.00138 
   39   39    1    1    1    1    1    1    1    1  2.41549E+14 0.00161 
   40   40    1    1    1    1    1    1    1    1  4.04893E+14 0.00163 
   41   41    1    1    1    1    1    1    1    1  3.87955E+14 0.00119 
   42   42    1    1    1    1    1    1    1    1  7.12282E+14 0.00134 
   43   43    1    1    1    1    1    1    1    1  7.83912E+14 0.00134 
   44   44    1    1    1    1    1    1    1    1  1.02354E+15 0.00075 
   45   45    1    1    1    1    1    1    1    1  1.83576E+15 0.00100 
   46   46    1    1    1    1    1    1    1    1  9.63189E+14 0.00107 
   47   47    1    1    1    1    1    1    1    1  1.39004E+15 0.00096 
   48   48    1    1    1    1    1    1    1    1  1.94518E+15 0.00089 
   49   49    1    1    1    1    1    1    1    1  1.77123E+15 0.00073 
   50   50    1    1    1    1    1    1    1    1  2.73654E+15 0.00106 
   51   51    1    1    1    1    1    1    1    1  2.15519E+15 0.00076 
   52   52    1    1    1    1    1    1    1    1  2.46110E+15 0.00113 
   53   53    1    1    1    1    1    1    1    1  1.75270E+15 0.00118 
   54   54    1    1    1    1    1    1    1    1  2.13639E+15 0.00114 
   55   55    1    1    1    1    1    1    1    1  1.51554E+15 0.00115 
   56   56    1    1    1    1    1    1    1    1  2.09017E+14 0.00140 
   57   57    1    1    1    1    1    1    1    1  2.94651E+15 0.00112 
   58   58    1    1    1    1    1    1    1    1  1.29985E+15 0.00093 
   59   59    1    1    1    1    1    1    1    1  1.41306E+15 0.00118 
   60   60    1    1    1    1    1    1    1    1  1.12161E+15 0.00104 
   61   61    1    1    1    1    1    1    1    1  1.12068E+15 0.00114 
   62   62    1    1    1    1    1    1    1    1  1.12842E+15 0.00158 
   63   63    1    1    1    1    1    1    1    1  9.43641E+14 0.00147 
   64   64    1    1    1    1    1    1    1    1  7.44609E+14 0.00153 
   65   65    1    1    1    1    1    1    1    1  7.31232E+14 0.00123 
   66   66    1    1    1    1    1    1    1    1  5.80100E+14 0.00116 
   67   67    1    1    1    1    1    1    1    1  4.77219E+14 0.00142 
   68   68    1    1    1    1    1    1    1    1  4.21906E+14 0.00145 
   69   69    1    1    1    1    1    1    1    1  5.13546E+14 0.00170 
   70   70    1    1    1    1    1    1    1    1  4.40955E+14 0.00174 
   71   71    1    1    1    1    1    1    1    1  8.21808E+14 0.00169 
   72   72    1    1    1    1    1    1    1    1  5.97344E+14 0.00146 
   73   73    1    1    1    1    1    1    1    1  4.60402E+14 0.00187 
   74   74    1    1    1    1    1    1    1    1  3.72190E+14 0.00168 
   75   75    1    1    1    1    1    1    1    1  3.05185E+14 0.00149 
   76   76    1    1    1    1    1    1    1    1  3.49431E+14 0.00138 
   77   77    1    1    1    1    1    1    1    1  2.72918E+14 0.00206 
   78   78    1    1    1    1    1    1    1    1  2.10841E+14 0.00163 
   79   79    1    1    1    1    1    1    1    1  2.18279E+14 0.00223 
   80   80    1    1    1    1    1    1    1    1  1.62981E+14 0.00188 
   81   81    1    1    1    1    1    1    1    1  1.25467E+14 0.00239 
   82   82    1    1    1    1    1    1    1    1  9.66939E+13 0.00282 
   83   83    1    1    1    1    1    1    1    1  9.05877E+13 0.00295 
   84   84    1    1    1    1    1    1    1    1  6.52473E+13 0.00307 
   85   85    1    1    1    1    1    1    1    1  4.68231E+13 0.00302 
   86   86    1    1    1    1    1    1    1    1  4.41175E+13 0.00409 
   87   87    1    1    1    1    1    1    1    1  2.70881E+13 0.00439 
   88   88    1    1    1    1    1    1    1    1  1.84633E+13 0.00514 
   89   89    1    1    1    1    1    1    1    1  1.05469E+13 0.01005 
   90   90    1    1    1    1    1    1    1    1  7.01793E+12 0.00899 
   91   91    1    1    1    1    1    1    1    1  3.49391E+12 0.01746 
   92   92    1    1    1    1    1    1    1    1  1.68265E+12 0.01542 
   93   93    1    1    1    1    1    1    1    1  8.47982E+11 0.02830 
   94   94    1    1    1    1    1    1    1    1  4.10676E+11 0.03788 
   95   95    1    1    1    1    1    1    1    1  1.91745E+11 0.06548 
   96   96    1    1    1    1    1    1    1    1  8.72295E+10 0.08145 
   97   97    1    1    1    1    1    1    1    1  5.31918E+10 0.13415 
   98   98    1    1    1    1    1    1    1    1  2.34604E+10 0.16019 
   99   99    1    1    1    1    1    1    1    1  1.07108E+10 0.20196 
  100  100    1    1    1    1    1    1    1    1  1.31003E+10 0.17372 
];


