
DETdpaspec = [
    1    1    1    1    1    1    1    1    1    1  0.00000E+00 0.00000 
    2    2    1    1    1    1    1    1    1    1  0.00000E+00 0.00000 
    3    3    1    1    1    1    1    1    1    1  0.00000E+00 0.00000 
    4    4    1    1    1    1    1    1    1    1  0.00000E+00 0.00000 
    5    5    1    1    1    1    1    1    1    1  0.00000E+00 0.00000 
    6    6    1    1    1    1    1    1    1    1  0.00000E+00 0.00000 
    7    7    1    1    1    1    1    1    1    1  4.60484E+07 1.00000 
    8    8    1    1    1    1    1    1    1    1  0.00000E+00 0.00000 
    9    9    1    1    1    1    1    1    1    1  0.00000E+00 0.00000 
   10   10    1    1    1    1    1    1    1    1  0.00000E+00 0.00000 
   11   11    1    1    1    1    1    1    1    1  2.43105E+08 0.58031 
   12   12    1    1    1    1    1    1    1    1  1.46690E+08 0.44653 
   13   13    1    1    1    1    1    1    1    1  3.69894E+09 0.26991 
   14   14    1    1    1    1    1    1    1    1  6.87077E+09 0.21913 
   15   15    1    1    1    1    1    1    1    1  7.70140E+09 0.36465 
   16   16    1    1    1    1    1    1    1    1  2.57724E+09 0.37101 
   17   17    1    1    1    1    1    1    1    1  6.07472E+09 0.22940 
   18   18    1    1    1    1    1    1    1    1  1.27406E+10 0.15217 
   19   19    1    1    1    1    1    1    1    1  1.52873E+10 0.13017 
   20   20    1    1    1    1    1    1    1    1  5.16814E+10 0.08585 
   21   21    1    1    1    1    1    1    1    1  3.99753E+10 0.06587 
   22   22    1    1    1    1    1    1    1    1  1.06536E+11 0.04525 
   23   23    1    1    1    1    1    1    1    1  1.57325E+11 0.06234 
   24   24    1    1    1    1    1    1    1    1  2.49656E+11 0.04262 
   25   25    1    1    1    1    1    1    1    1  3.72710E+11 0.04666 
   26   26    1    1    1    1    1    1    1    1  7.44023E+11 0.02250 
   27   27    1    1    1    1    1    1    1    1  1.50970E+12 0.01658 
   28   28    1    1    1    1    1    1    1    1  3.30212E+12 0.00983 
   29   29    1    1    1    1    1    1    1    1  4.67153E+12 0.00978 
   30   30    1    1    1    1    1    1    1    1  1.19099E+13 0.00665 
   31   31    1    1    1    1    1    1    1    1  2.89962E+13 0.00378 
   32   32    1    1    1    1    1    1    1    1  4.37960E+13 0.00363 
   33   33    1    1    1    1    1    1    1    1  8.61623E+13 0.00224 
   34   34    1    1    1    1    1    1    1    1  1.00233E+14 0.00226 
   35   35    1    1    1    1    1    1    1    1  1.41776E+14 0.00208 
   36   36    1    1    1    1    1    1    1    1  1.11044E+14 0.00201 
   37   37    1    1    1    1    1    1    1    1  3.49450E+13 0.00206 
   38   38    1    1    1    1    1    1    1    1  1.69507E+14 0.00208 
   39   39    1    1    1    1    1    1    1    1  2.08215E+14 0.00162 
   40   40    1    1    1    1    1    1    1    1  3.45195E+14 0.00153 
   41   41    1    1    1    1    1    1    1    1  3.33724E+14 0.00138 
   42   42    1    1    1    1    1    1    1    1  6.06503E+14 0.00147 
   43   43    1    1    1    1    1    1    1    1  6.64838E+14 0.00088 
   44   44    1    1    1    1    1    1    1    1  8.64211E+14 0.00087 
   45   45    1    1    1    1    1    1    1    1  1.53860E+15 0.00084 
   46   46    1    1    1    1    1    1    1    1  8.04570E+14 0.00085 
   47   47    1    1    1    1    1    1    1    1  1.16415E+15 0.00114 
   48   48    1    1    1    1    1    1    1    1  1.62012E+15 0.00112 
   49   49    1    1    1    1    1    1    1    1  1.47949E+15 0.00081 
   50   50    1    1    1    1    1    1    1    1  2.26377E+15 0.00091 
   51   51    1    1    1    1    1    1    1    1  1.78717E+15 0.00095 
   52   52    1    1    1    1    1    1    1    1  2.02342E+15 0.00090 
   53   53    1    1    1    1    1    1    1    1  1.44446E+15 0.00102 
   54   54    1    1    1    1    1    1    1    1  1.74380E+15 0.00114 
   55   55    1    1    1    1    1    1    1    1  1.23607E+15 0.00099 
   56   56    1    1    1    1    1    1    1    1  1.71119E+14 0.00157 
   57   57    1    1    1    1    1    1    1    1  2.40251E+15 0.00108 
   58   58    1    1    1    1    1    1    1    1  1.04761E+15 0.00126 
   59   59    1    1    1    1    1    1    1    1  1.14073E+15 0.00145 
   60   60    1    1    1    1    1    1    1    1  8.98428E+14 0.00122 
   61   61    1    1    1    1    1    1    1    1  8.99095E+14 0.00129 
   62   62    1    1    1    1    1    1    1    1  9.02199E+14 0.00110 
   63   63    1    1    1    1    1    1    1    1  7.52706E+14 0.00126 
   64   64    1    1    1    1    1    1    1    1  5.91724E+14 0.00142 
   65   65    1    1    1    1    1    1    1    1  5.82146E+14 0.00172 
   66   66    1    1    1    1    1    1    1    1  4.59347E+14 0.00133 
   67   67    1    1    1    1    1    1    1    1  3.78837E+14 0.00152 
   68   68    1    1    1    1    1    1    1    1  3.35177E+14 0.00196 
   69   69    1    1    1    1    1    1    1    1  4.07371E+14 0.00134 
   70   70    1    1    1    1    1    1    1    1  3.49185E+14 0.00169 
   71   71    1    1    1    1    1    1    1    1  6.55403E+14 0.00131 
   72   72    1    1    1    1    1    1    1    1  4.76823E+14 0.00117 
   73   73    1    1    1    1    1    1    1    1  3.67736E+14 0.00169 
   74   74    1    1    1    1    1    1    1    1  2.95221E+14 0.00201 
   75   75    1    1    1    1    1    1    1    1  2.40707E+14 0.00157 
   76   76    1    1    1    1    1    1    1    1  2.73857E+14 0.00178 
   77   77    1    1    1    1    1    1    1    1  2.12210E+14 0.00179 
   78   78    1    1    1    1    1    1    1    1  1.63511E+14 0.00195 
   79   79    1    1    1    1    1    1    1    1  1.67913E+14 0.00200 
   80   80    1    1    1    1    1    1    1    1  1.24820E+14 0.00289 
   81   81    1    1    1    1    1    1    1    1  9.57415E+13 0.00246 
   82   82    1    1    1    1    1    1    1    1  7.39851E+13 0.00286 
   83   83    1    1    1    1    1    1    1    1  6.93784E+13 0.00286 
   84   84    1    1    1    1    1    1    1    1  4.99744E+13 0.00308 
   85   85    1    1    1    1    1    1    1    1  3.60648E+13 0.00375 
   86   86    1    1    1    1    1    1    1    1  3.33727E+13 0.00388 
   87   87    1    1    1    1    1    1    1    1  2.06828E+13 0.00520 
   88   88    1    1    1    1    1    1    1    1  1.41132E+13 0.00563 
   89   89    1    1    1    1    1    1    1    1  8.09730E+12 0.00762 
   90   90    1    1    1    1    1    1    1    1  5.42889E+12 0.00901 
   91   91    1    1    1    1    1    1    1    1  2.74195E+12 0.01929 
   92   92    1    1    1    1    1    1    1    1  1.36378E+12 0.02513 
   93   93    1    1    1    1    1    1    1    1  6.67592E+11 0.03272 
   94   94    1    1    1    1    1    1    1    1  3.18016E+11 0.04524 
   95   95    1    1    1    1    1    1    1    1  1.47198E+11 0.09226 
   96   96    1    1    1    1    1    1    1    1  7.92502E+10 0.08455 
   97   97    1    1    1    1    1    1    1    1  3.36287E+10 0.12158 
   98   98    1    1    1    1    1    1    1    1  1.62167E+10 0.20927 
   99   99    1    1    1    1    1    1    1    1  7.16130E+09 0.25541 
  100  100    1    1    1    1    1    1    1    1  6.07114E+09 0.23514 
];


