
DETdpaspec = [
    1    1    1    1    1    1    1    1    1    1  0.00000E+00 0.00000 
    2    2    1    1    1    1    1    1    1    1  6.55126E+06 1.00000 
    3    3    1    1    1    1    1    1    1    1  0.00000E+00 0.00000 
    4    4    1    1    1    1    1    1    1    1  0.00000E+00 0.00000 
    5    5    1    1    1    1    1    1    1    1  0.00000E+00 0.00000 
    6    6    1    1    1    1    1    1    1    1  0.00000E+00 0.00000 
    7    7    1    1    1    1    1    1    1    1  0.00000E+00 0.00000 
    8    8    1    1    1    1    1    1    1    1  0.00000E+00 0.00000 
    9    9    1    1    1    1    1    1    1    1  2.34230E+07 0.74791 
   10   10    1    1    1    1    1    1    1    1  4.46932E+07 1.00000 
   11   11    1    1    1    1    1    1    1    1  2.42615E+08 0.50592 
   12   12    1    1    1    1    1    1    1    1  7.80341E+07 0.46686 
   13   13    1    1    1    1    1    1    1    1  2.59407E+09 0.26507 
   14   14    1    1    1    1    1    1    1    1  4.83214E+09 0.45153 
   15   15    1    1    1    1    1    1    1    1  5.60027E+09 0.22589 
   16   16    1    1    1    1    1    1    1    1  3.83011E+09 0.25294 
   17   17    1    1    1    1    1    1    1    1  4.10988E+09 0.22734 
   18   18    1    1    1    1    1    1    1    1  8.31134E+09 0.19209 
   19   19    1    1    1    1    1    1    1    1  1.42665E+10 0.14801 
   20   20    1    1    1    1    1    1    1    1  3.81231E+10 0.11758 
   21   21    1    1    1    1    1    1    1    1  2.96883E+10 0.09554 
   22   22    1    1    1    1    1    1    1    1  7.47238E+10 0.06962 
   23   23    1    1    1    1    1    1    1    1  1.35354E+11 0.05001 
   24   24    1    1    1    1    1    1    1    1  2.55869E+11 0.03035 
   25   25    1    1    1    1    1    1    1    1  3.79440E+11 0.04344 
   26   26    1    1    1    1    1    1    1    1  7.85687E+11 0.03005 
   27   27    1    1    1    1    1    1    1    1  1.64690E+12 0.01829 
   28   28    1    1    1    1    1    1    1    1  3.77249E+12 0.01271 
   29   29    1    1    1    1    1    1    1    1  5.45083E+12 0.00728 
   30   30    1    1    1    1    1    1    1    1  1.34379E+13 0.00500 
   31   31    1    1    1    1    1    1    1    1  3.24754E+13 0.00367 
   32   32    1    1    1    1    1    1    1    1  4.89090E+13 0.00383 
   33   33    1    1    1    1    1    1    1    1  9.74673E+13 0.00294 
   34   34    1    1    1    1    1    1    1    1  1.14820E+14 0.00194 
   35   35    1    1    1    1    1    1    1    1  1.58774E+14 0.00183 
   36   36    1    1    1    1    1    1    1    1  1.23645E+14 0.00189 
   37   37    1    1    1    1    1    1    1    1  3.85756E+13 0.00186 
   38   38    1    1    1    1    1    1    1    1  1.88853E+14 0.00129 
   39   39    1    1    1    1    1    1    1    1  2.32629E+14 0.00099 
   40   40    1    1    1    1    1    1    1    1  3.89119E+14 0.00135 
   41   41    1    1    1    1    1    1    1    1  3.74087E+14 0.00127 
   42   42    1    1    1    1    1    1    1    1  6.86013E+14 0.00108 
   43   43    1    1    1    1    1    1    1    1  7.53489E+14 0.00117 
   44   44    1    1    1    1    1    1    1    1  9.82804E+14 0.00111 
   45   45    1    1    1    1    1    1    1    1  1.76067E+15 0.00099 
   46   46    1    1    1    1    1    1    1    1  9.23144E+14 0.00102 
   47   47    1    1    1    1    1    1    1    1  1.33320E+15 0.00099 
   48   48    1    1    1    1    1    1    1    1  1.86439E+15 0.00094 
   49   49    1    1    1    1    1    1    1    1  1.69635E+15 0.00107 
   50   50    1    1    1    1    1    1    1    1  2.61764E+15 0.00095 
   51   51    1    1    1    1    1    1    1    1  2.06194E+15 0.00085 
   52   52    1    1    1    1    1    1    1    1  2.35077E+15 0.00085 
   53   53    1    1    1    1    1    1    1    1  1.67702E+15 0.00108 
   54   54    1    1    1    1    1    1    1    1  2.03587E+15 0.00112 
   55   55    1    1    1    1    1    1    1    1  1.44436E+15 0.00111 
   56   56    1    1    1    1    1    1    1    1  1.99211E+14 0.00178 
   57   57    1    1    1    1    1    1    1    1  2.80763E+15 0.00102 
   58   58    1    1    1    1    1    1    1    1  1.23424E+15 0.00117 
   59   59    1    1    1    1    1    1    1    1  1.34173E+15 0.00098 
   60   60    1    1    1    1    1    1    1    1  1.06276E+15 0.00128 
   61   61    1    1    1    1    1    1    1    1  1.06292E+15 0.00102 
   62   62    1    1    1    1    1    1    1    1  1.07202E+15 0.00125 
   63   63    1    1    1    1    1    1    1    1  8.94815E+14 0.00107 
   64   64    1    1    1    1    1    1    1    1  7.06757E+14 0.00116 
   65   65    1    1    1    1    1    1    1    1  6.92576E+14 0.00116 
   66   66    1    1    1    1    1    1    1    1  5.47591E+14 0.00113 
   67   67    1    1    1    1    1    1    1    1  4.50816E+14 0.00119 
   68   68    1    1    1    1    1    1    1    1  3.99356E+14 0.00131 
   69   69    1    1    1    1    1    1    1    1  4.84953E+14 0.00131 
   70   70    1    1    1    1    1    1    1    1  4.16080E+14 0.00203 
   71   71    1    1    1    1    1    1    1    1  7.78651E+14 0.00152 
   72   72    1    1    1    1    1    1    1    1  5.66284E+14 0.00181 
   73   73    1    1    1    1    1    1    1    1  4.37273E+14 0.00143 
   74   74    1    1    1    1    1    1    1    1  3.52037E+14 0.00146 
   75   75    1    1    1    1    1    1    1    1  2.87938E+14 0.00206 
   76   76    1    1    1    1    1    1    1    1  3.29373E+14 0.00205 
   77   77    1    1    1    1    1    1    1    1  2.57377E+14 0.00196 
   78   78    1    1    1    1    1    1    1    1  1.98722E+14 0.00184 
   79   79    1    1    1    1    1    1    1    1  2.04927E+14 0.00229 
   80   80    1    1    1    1    1    1    1    1  1.53028E+14 0.00194 
   81   81    1    1    1    1    1    1    1    1  1.17798E+14 0.00222 
   82   82    1    1    1    1    1    1    1    1  9.04827E+13 0.00269 
   83   83    1    1    1    1    1    1    1    1  8.48003E+13 0.00217 
   84   84    1    1    1    1    1    1    1    1  6.09914E+13 0.00311 
   85   85    1    1    1    1    1    1    1    1  4.37059E+13 0.00381 
   86   86    1    1    1    1    1    1    1    1  4.12026E+13 0.00319 
   87   87    1    1    1    1    1    1    1    1  2.56735E+13 0.00388 
   88   88    1    1    1    1    1    1    1    1  1.73322E+13 0.00536 
   89   89    1    1    1    1    1    1    1    1  9.72274E+12 0.00535 
   90   90    1    1    1    1    1    1    1    1  6.55058E+12 0.01021 
   91   91    1    1    1    1    1    1    1    1  3.36831E+12 0.01350 
   92   92    1    1    1    1    1    1    1    1  1.66343E+12 0.02081 
   93   93    1    1    1    1    1    1    1    1  7.92843E+11 0.02284 
   94   94    1    1    1    1    1    1    1    1  3.75548E+11 0.04441 
   95   95    1    1    1    1    1    1    1    1  1.86029E+11 0.05200 
   96   96    1    1    1    1    1    1    1    1  7.44821E+10 0.09200 
   97   97    1    1    1    1    1    1    1    1  4.09472E+10 0.10996 
   98   98    1    1    1    1    1    1    1    1  1.62673E+10 0.17028 
   99   99    1    1    1    1    1    1    1    1  7.47490E+09 0.20255 
  100  100    1    1    1    1    1    1    1    1  9.72256E+09 0.28236 
];


