
DETdpaspec = [
    1    1    1    1    1    1    1    1    1    1  0.00000E+00 0.00000 
    2    2    1    1    1    1    1    1    1    1  0.00000E+00 0.00000 
    3    3    1    1    1    1    1    1    1    1  0.00000E+00 0.00000 
    4    4    1    1    1    1    1    1    1    1  0.00000E+00 0.00000 
    5    5    1    1    1    1    1    1    1    1  0.00000E+00 0.00000 
    6    6    1    1    1    1    1    1    1    1  1.48147E+07 1.00000 
    7    7    1    1    1    1    1    1    1    1  0.00000E+00 0.00000 
    8    8    1    1    1    1    1    1    1    1  0.00000E+00 0.00000 
    9    9    1    1    1    1    1    1    1    1  0.00000E+00 0.00000 
   10   10    1    1    1    1    1    1    1    1  0.00000E+00 0.00000 
   11   11    1    1    1    1    1    1    1    1  6.18629E+07 1.00000 
   12   12    1    1    1    1    1    1    1    1  9.57011E+07 0.53520 
   13   13    1    1    1    1    1    1    1    1  1.89724E+09 0.36402 
   14   14    1    1    1    1    1    1    1    1  2.97766E+09 0.30996 
   15   15    1    1    1    1    1    1    1    1  4.23427E+09 0.36784 
   16   16    1    1    1    1    1    1    1    1  1.50556E+09 0.33553 
   17   17    1    1    1    1    1    1    1    1  2.83856E+09 0.20874 
   18   18    1    1    1    1    1    1    1    1  7.53042E+09 0.18650 
   19   19    1    1    1    1    1    1    1    1  1.30641E+10 0.16534 
   20   20    1    1    1    1    1    1    1    1  3.78479E+10 0.13763 
   21   21    1    1    1    1    1    1    1    1  2.43590E+10 0.13595 
   22   22    1    1    1    1    1    1    1    1  8.25219E+10 0.07210 
   23   23    1    1    1    1    1    1    1    1  1.63049E+11 0.06850 
   24   24    1    1    1    1    1    1    1    1  4.38327E+11 0.03842 
   25   25    1    1    1    1    1    1    1    1  7.64065E+11 0.02788 
   26   26    1    1    1    1    1    1    1    1  1.67319E+12 0.01815 
   27   27    1    1    1    1    1    1    1    1  3.51219E+12 0.01816 
   28   28    1    1    1    1    1    1    1    1  8.03111E+12 0.00959 
   29   29    1    1    1    1    1    1    1    1  1.23537E+13 0.00591 
   30   30    1    1    1    1    1    1    1    1  2.56426E+13 0.00584 
   31   31    1    1    1    1    1    1    1    1  5.71981E+13 0.00224 
   32   32    1    1    1    1    1    1    1    1  8.11596E+13 0.00195 
   33   33    1    1    1    1    1    1    1    1  1.55329E+14 0.00174 
   34   34    1    1    1    1    1    1    1    1  1.86529E+14 0.00210 
   35   35    1    1    1    1    1    1    1    1  2.32344E+14 0.00139 
   36   36    1    1    1    1    1    1    1    1  1.73509E+14 0.00133 
   37   37    1    1    1    1    1    1    1    1  5.24235E+13 0.00137 
   38   38    1    1    1    1    1    1    1    1  2.62404E+14 0.00130 
   39   39    1    1    1    1    1    1    1    1  3.21351E+14 0.00131 
   40   40    1    1    1    1    1    1    1    1  5.42361E+14 0.00111 
   41   41    1    1    1    1    1    1    1    1  5.05150E+14 0.00102 
   42   42    1    1    1    1    1    1    1    1  9.36329E+14 0.00104 
   43   43    1    1    1    1    1    1    1    1  1.02744E+15 0.00084 
   44   44    1    1    1    1    1    1    1    1  1.33825E+15 0.00078 
   45   45    1    1    1    1    1    1    1    1  2.40541E+15 0.00082 
   46   46    1    1    1    1    1    1    1    1  1.25638E+15 0.00072 
   47   47    1    1    1    1    1    1    1    1  1.79489E+15 0.00073 
   48   48    1    1    1    1    1    1    1    1  2.51269E+15 0.00054 
   49   49    1    1    1    1    1    1    1    1  2.26275E+15 0.00069 
   50   50    1    1    1    1    1    1    1    1  3.54094E+15 0.00055 
   51   51    1    1    1    1    1    1    1    1  2.75427E+15 0.00067 
   52   52    1    1    1    1    1    1    1    1  3.18663E+15 0.00054 
   53   53    1    1    1    1    1    1    1    1  2.26484E+15 0.00068 
   54   54    1    1    1    1    1    1    1    1  2.79538E+15 0.00051 
   55   55    1    1    1    1    1    1    1    1  1.97927E+15 0.00058 
   56   56    1    1    1    1    1    1    1    1  2.72047E+14 0.00134 
   57   57    1    1    1    1    1    1    1    1  3.84946E+15 0.00053 
   58   58    1    1    1    1    1    1    1    1  1.72707E+15 0.00065 
   59   59    1    1    1    1    1    1    1    1  1.86864E+15 0.00078 
   60   60    1    1    1    1    1    1    1    1  1.50455E+15 0.00065 
   61   61    1    1    1    1    1    1    1    1  1.50169E+15 0.00091 
   62   62    1    1    1    1    1    1    1    1  1.51624E+15 0.00077 
   63   63    1    1    1    1    1    1    1    1  1.27392E+15 0.00079 
   64   64    1    1    1    1    1    1    1    1  1.00573E+15 0.00111 
   65   65    1    1    1    1    1    1    1    1  9.86210E+14 0.00093 
   66   66    1    1    1    1    1    1    1    1  7.83542E+14 0.00107 
   67   67    1    1    1    1    1    1    1    1  6.42214E+14 0.00109 
   68   68    1    1    1    1    1    1    1    1  5.66247E+14 0.00111 
   69   69    1    1    1    1    1    1    1    1  6.87131E+14 0.00107 
   70   70    1    1    1    1    1    1    1    1  5.89741E+14 0.00099 
   71   71    1    1    1    1    1    1    1    1  1.08675E+15 0.00110 
   72   72    1    1    1    1    1    1    1    1  7.88492E+14 0.00117 
   73   73    1    1    1    1    1    1    1    1  6.09836E+14 0.00101 
   74   74    1    1    1    1    1    1    1    1  4.96711E+14 0.00151 
   75   75    1    1    1    1    1    1    1    1  4.12625E+14 0.00153 
   76   76    1    1    1    1    1    1    1    1  4.78284E+14 0.00115 
   77   77    1    1    1    1    1    1    1    1  3.77942E+14 0.00154 
   78   78    1    1    1    1    1    1    1    1  2.95895E+14 0.00128 
   79   79    1    1    1    1    1    1    1    1  3.07093E+14 0.00145 
   80   80    1    1    1    1    1    1    1    1  2.30158E+14 0.00133 
   81   81    1    1    1    1    1    1    1    1  1.78234E+14 0.00213 
   82   82    1    1    1    1    1    1    1    1  1.37505E+14 0.00150 
   83   83    1    1    1    1    1    1    1    1  1.28776E+14 0.00283 
   84   84    1    1    1    1    1    1    1    1  9.25674E+13 0.00210 
   85   85    1    1    1    1    1    1    1    1  6.65273E+13 0.00308 
   86   86    1    1    1    1    1    1    1    1  6.23316E+13 0.00313 
   87   87    1    1    1    1    1    1    1    1  3.84831E+13 0.00369 
   88   88    1    1    1    1    1    1    1    1  2.58756E+13 0.00540 
   89   89    1    1    1    1    1    1    1    1  1.47731E+13 0.00547 
   90   90    1    1    1    1    1    1    1    1  9.90416E+12 0.00737 
   91   91    1    1    1    1    1    1    1    1  4.99321E+12 0.00960 
   92   92    1    1    1    1    1    1    1    1  2.39241E+12 0.01021 
   93   93    1    1    1    1    1    1    1    1  1.12826E+12 0.02015 
   94   94    1    1    1    1    1    1    1    1  5.50349E+11 0.03408 
   95   95    1    1    1    1    1    1    1    1  2.76321E+11 0.05092 
   96   96    1    1    1    1    1    1    1    1  1.19389E+11 0.06128 
   97   97    1    1    1    1    1    1    1    1  5.67936E+10 0.12852 
   98   98    1    1    1    1    1    1    1    1  3.21823E+10 0.10441 
   99   99    1    1    1    1    1    1    1    1  1.73274E+10 0.19595 
  100  100    1    1    1    1    1    1    1    1  1.51719E+10 0.19958 
];


