
DETdpaspec = [
    1    1    1    1    1    1    1    1    1    1  0.00000E+00 0.00000 
    2    2    1    1    1    1    1    1    1    1  0.00000E+00 0.00000 
    3    3    1    1    1    1    1    1    1    1  0.00000E+00 0.00000 
    4    4    1    1    1    1    1    1    1    1  0.00000E+00 0.00000 
    5    5    1    1    1    1    1    1    1    1  9.13551E+06 1.00000 
    6    6    1    1    1    1    1    1    1    1  0.00000E+00 0.00000 
    7    7    1    1    1    1    1    1    1    1  0.00000E+00 0.00000 
    8    8    1    1    1    1    1    1    1    1  1.10535E+07 1.00000 
    9    9    1    1    1    1    1    1    1    1  1.17529E+07 1.00000 
   10   10    1    1    1    1    1    1    1    1  1.30452E+08 0.73189 
   11   11    1    1    1    1    1    1    1    1  1.75209E+08 1.00000 
   12   12    1    1    1    1    1    1    1    1  9.04167E+07 0.38341 
   13   13    1    1    1    1    1    1    1    1  1.13174E+09 0.31859 
   14   14    1    1    1    1    1    1    1    1  4.84352E+09 0.38316 
   15   15    1    1    1    1    1    1    1    1  1.09009E+10 0.25320 
   16   16    1    1    1    1    1    1    1    1  2.62778E+09 0.29137 
   17   17    1    1    1    1    1    1    1    1  3.43284E+09 0.20580 
   18   18    1    1    1    1    1    1    1    1  1.47577E+10 0.15130 
   19   19    1    1    1    1    1    1    1    1  1.81444E+10 0.10391 
   20   20    1    1    1    1    1    1    1    1  4.76122E+10 0.10718 
   21   21    1    1    1    1    1    1    1    1  3.91430E+10 0.07026 
   22   22    1    1    1    1    1    1    1    1  1.03160E+11 0.05017 
   23   23    1    1    1    1    1    1    1    1  1.64635E+11 0.04565 
   24   24    1    1    1    1    1    1    1    1  2.78202E+11 0.04184 
   25   25    1    1    1    1    1    1    1    1  3.67222E+11 0.03078 
   26   26    1    1    1    1    1    1    1    1  7.22282E+11 0.01982 
   27   27    1    1    1    1    1    1    1    1  1.46791E+12 0.01742 
   28   28    1    1    1    1    1    1    1    1  3.20521E+12 0.01111 
   29   29    1    1    1    1    1    1    1    1  4.46461E+12 0.01023 
   30   30    1    1    1    1    1    1    1    1  1.15784E+13 0.00665 
   31   31    1    1    1    1    1    1    1    1  2.76859E+13 0.00415 
   32   32    1    1    1    1    1    1    1    1  4.18650E+13 0.00361 
   33   33    1    1    1    1    1    1    1    1  8.26861E+13 0.00263 
   34   34    1    1    1    1    1    1    1    1  9.56621E+13 0.00227 
   35   35    1    1    1    1    1    1    1    1  1.35395E+14 0.00182 
   36   36    1    1    1    1    1    1    1    1  1.06181E+14 0.00218 
   37   37    1    1    1    1    1    1    1    1  3.34697E+13 0.00215 
   38   38    1    1    1    1    1    1    1    1  1.61978E+14 0.00135 
   39   39    1    1    1    1    1    1    1    1  1.99266E+14 0.00194 
   40   40    1    1    1    1    1    1    1    1  3.29461E+14 0.00159 
   41   41    1    1    1    1    1    1    1    1  3.18768E+14 0.00149 
   42   42    1    1    1    1    1    1    1    1  5.77600E+14 0.00198 
   43   43    1    1    1    1    1    1    1    1  6.33081E+14 0.00164 
   44   44    1    1    1    1    1    1    1    1  8.21802E+14 0.00161 
   45   45    1    1    1    1    1    1    1    1  1.46018E+15 0.00132 
   46   46    1    1    1    1    1    1    1    1  7.61787E+14 0.00122 
   47   47    1    1    1    1    1    1    1    1  1.10409E+15 0.00080 
   48   48    1    1    1    1    1    1    1    1  1.53434E+15 0.00124 
   49   49    1    1    1    1    1    1    1    1  1.39950E+15 0.00146 
   50   50    1    1    1    1    1    1    1    1  2.13827E+15 0.00143 
   51   51    1    1    1    1    1    1    1    1  1.68884E+15 0.00102 
   52   52    1    1    1    1    1    1    1    1  1.90568E+15 0.00134 
   53   53    1    1    1    1    1    1    1    1  1.35824E+15 0.00137 
   54   54    1    1    1    1    1    1    1    1  1.63875E+15 0.00124 
   55   55    1    1    1    1    1    1    1    1  1.16207E+15 0.00154 
   56   56    1    1    1    1    1    1    1    1  1.60115E+14 0.00153 
   57   57    1    1    1    1    1    1    1    1  2.25657E+15 0.00123 
   58   58    1    1    1    1    1    1    1    1  9.80750E+14 0.00139 
   59   59    1    1    1    1    1    1    1    1  1.06910E+15 0.00141 
   60   60    1    1    1    1    1    1    1    1  8.39424E+14 0.00158 
   61   61    1    1    1    1    1    1    1    1  8.39836E+14 0.00158 
   62   62    1    1    1    1    1    1    1    1  8.41811E+14 0.00168 
   63   63    1    1    1    1    1    1    1    1  7.01541E+14 0.00171 
   64   64    1    1    1    1    1    1    1    1  5.51837E+14 0.00174 
   65   65    1    1    1    1    1    1    1    1  5.42214E+14 0.00152 
   66   66    1    1    1    1    1    1    1    1  4.28165E+14 0.00176 
   67   67    1    1    1    1    1    1    1    1  3.52593E+14 0.00221 
   68   68    1    1    1    1    1    1    1    1  3.12433E+14 0.00204 
   69   69    1    1    1    1    1    1    1    1  3.79411E+14 0.00179 
   70   70    1    1    1    1    1    1    1    1  3.25235E+14 0.00221 
   71   71    1    1    1    1    1    1    1    1  6.12272E+14 0.00191 
   72   72    1    1    1    1    1    1    1    1  4.46353E+14 0.00206 
   73   73    1    1    1    1    1    1    1    1  3.42910E+14 0.00238 
   74   74    1    1    1    1    1    1    1    1  2.74440E+14 0.00250 
   75   75    1    1    1    1    1    1    1    1  2.23561E+14 0.00185 
   76   76    1    1    1    1    1    1    1    1  2.54190E+14 0.00209 
   77   77    1    1    1    1    1    1    1    1  1.96788E+14 0.00210 
   78   78    1    1    1    1    1    1    1    1  1.50990E+14 0.00288 
   79   79    1    1    1    1    1    1    1    1  1.55262E+14 0.00231 
   80   80    1    1    1    1    1    1    1    1  1.15144E+14 0.00309 
   81   81    1    1    1    1    1    1    1    1  8.91392E+13 0.00286 
   82   82    1    1    1    1    1    1    1    1  6.90098E+13 0.00410 
   83   83    1    1    1    1    1    1    1    1  6.40995E+13 0.00310 
   84   84    1    1    1    1    1    1    1    1  4.56061E+13 0.00464 
   85   85    1    1    1    1    1    1    1    1  3.30043E+13 0.00488 
   86   86    1    1    1    1    1    1    1    1  3.09258E+13 0.00328 
   87   87    1    1    1    1    1    1    1    1  1.90110E+13 0.00633 
   88   88    1    1    1    1    1    1    1    1  1.28230E+13 0.00698 
   89   89    1    1    1    1    1    1    1    1  7.54359E+12 0.00623 
   90   90    1    1    1    1    1    1    1    1  5.03103E+12 0.01326 
   91   91    1    1    1    1    1    1    1    1  2.50250E+12 0.01938 
   92   92    1    1    1    1    1    1    1    1  1.21904E+12 0.02068 
   93   93    1    1    1    1    1    1    1    1  6.22952E+11 0.03783 
   94   94    1    1    1    1    1    1    1    1  2.91903E+11 0.03687 
   95   95    1    1    1    1    1    1    1    1  1.29220E+11 0.04665 
   96   96    1    1    1    1    1    1    1    1  6.64832E+10 0.06797 
   97   97    1    1    1    1    1    1    1    1  2.91528E+10 0.10921 
   98   98    1    1    1    1    1    1    1    1  1.19769E+10 0.28380 
   99   99    1    1    1    1    1    1    1    1  8.54533E+09 0.29071 
  100  100    1    1    1    1    1    1    1    1  6.95973E+09 0.33301 
];


