
DETdpaspec = [
    1    1    1    1    1    1    1    1    1    1  0.00000E+00 0.00000 
    2    2    1    1    1    1    1    1    1    1  0.00000E+00 0.00000 
    3    3    1    1    1    1    1    1    1    1  0.00000E+00 0.00000 
    4    4    1    1    1    1    1    1    1    1  0.00000E+00 0.00000 
    5    5    1    1    1    1    1    1    1    1  0.00000E+00 0.00000 
    6    6    1    1    1    1    1    1    1    1  0.00000E+00 0.00000 
    7    7    1    1    1    1    1    1    1    1  0.00000E+00 0.00000 
    8    8    1    1    1    1    1    1    1    1  0.00000E+00 0.00000 
    9    9    1    1    1    1    1    1    1    1  1.89523E+08 1.00000 
   10   10    1    1    1    1    1    1    1    1  0.00000E+00 0.00000 
   11   11    1    1    1    1    1    1    1    1  4.58470E+08 0.82024 
   12   12    1    1    1    1    1    1    1    1  1.29763E+09 0.58832 
   13   13    1    1    1    1    1    1    1    1  4.07369E+09 0.44387 
   14   14    1    1    1    1    1    1    1    1  4.15904E+09 0.38708 
   15   15    1    1    1    1    1    1    1    1  5.76809E+09 0.26532 
   16   16    1    1    1    1    1    1    1    1  1.27254E+10 0.23274 
   17   17    1    1    1    1    1    1    1    1  8.48840E+10 0.06296 
   18   18    1    1    1    1    1    1    1    1  1.94050E+11 0.06098 
   19   19    1    1    1    1    1    1    1    1  2.67599E+11 0.03527 
   20   20    1    1    1    1    1    1    1    1  1.26881E+12 0.03102 
   21   21    1    1    1    1    1    1    1    1  3.14179E+12 0.01609 
   22   22    1    1    1    1    1    1    1    1  7.97204E+12 0.01094 
   23   23    1    1    1    1    1    1    1    1  1.47753E+13 0.00866 
   24   24    1    1    1    1    1    1    1    1  2.20615E+13 0.00619 
   25   25    1    1    1    1    1    1    1    1  2.48993E+13 0.00509 
   26   26    1    1    1    1    1    1    1    1  3.72649E+13 0.00421 
   27   27    1    1    1    1    1    1    1    1  5.03553E+13 0.00336 
   28   28    1    1    1    1    1    1    1    1  6.79664E+13 0.00351 
   29   29    1    1    1    1    1    1    1    1  7.92379E+13 0.00294 
   30   30    1    1    1    1    1    1    1    1  1.17340E+14 0.00351 
   31   31    1    1    1    1    1    1    1    1  1.71205E+14 0.00324 
   32   32    1    1    1    1    1    1    1    1  1.96579E+14 0.00327 
   33   33    1    1    1    1    1    1    1    1  3.03470E+14 0.00277 
   34   34    1    1    1    1    1    1    1    1  3.19628E+14 0.00238 
   35   35    1    1    1    1    1    1    1    1  3.24885E+14 0.00280 
   36   36    1    1    1    1    1    1    1    1  2.13969E+14 0.00289 
   37   37    1    1    1    1    1    1    1    1  6.13856E+13 0.00258 
   38   38    1    1    1    1    1    1    1    1  3.06409E+14 0.00328 
   39   39    1    1    1    1    1    1    1    1  3.60819E+14 0.00327 
   40   40    1    1    1    1    1    1    1    1  5.87013E+14 0.00303 
   41   41    1    1    1    1    1    1    1    1  5.14268E+14 0.00324 
   42   42    1    1    1    1    1    1    1    1  9.29551E+14 0.00312 
   43   43    1    1    1    1    1    1    1    1  9.77997E+14 0.00325 
   44   44    1    1    1    1    1    1    1    1  1.21906E+15 0.00306 
   45   45    1    1    1    1    1    1    1    1  2.08539E+15 0.00316 
   46   46    1    1    1    1    1    1    1    1  1.02950E+15 0.00335 
   47   47    1    1    1    1    1    1    1    1  1.42938E+15 0.00346 
   48   48    1    1    1    1    1    1    1    1  1.93150E+15 0.00335 
   49   49    1    1    1    1    1    1    1    1  1.67774E+15 0.00339 
   50   50    1    1    1    1    1    1    1    1  2.55832E+15 0.00331 
   51   51    1    1    1    1    1    1    1    1  1.90358E+15 0.00344 
   52   52    1    1    1    1    1    1    1    1  2.16414E+15 0.00368 
   53   53    1    1    1    1    1    1    1    1  1.49152E+15 0.00356 
   54   54    1    1    1    1    1    1    1    1  1.82234E+15 0.00370 
   55   55    1    1    1    1    1    1    1    1  1.26265E+15 0.00383 
   56   56    1    1    1    1    1    1    1    1  1.71615E+14 0.00399 
   57   57    1    1    1    1    1    1    1    1  2.40005E+15 0.00406 
   58   58    1    1    1    1    1    1    1    1  1.06934E+15 0.00401 
   59   59    1    1    1    1    1    1    1    1  1.13008E+15 0.00383 
   60   60    1    1    1    1    1    1    1    1  9.04386E+14 0.00411 
   61   61    1    1    1    1    1    1    1    1  8.91875E+14 0.00452 
   62   62    1    1    1    1    1    1    1    1  8.90914E+14 0.00422 
   63   63    1    1    1    1    1    1    1    1  7.38085E+14 0.00418 
   64   64    1    1    1    1    1    1    1    1  5.74754E+14 0.00430 
   65   65    1    1    1    1    1    1    1    1  5.55432E+14 0.00419 
   66   66    1    1    1    1    1    1    1    1  4.36193E+14 0.00434 
   67   67    1    1    1    1    1    1    1    1  3.52521E+14 0.00461 
   68   68    1    1    1    1    1    1    1    1  3.08652E+14 0.00472 
   69   69    1    1    1    1    1    1    1    1  3.71818E+14 0.00480 
   70   70    1    1    1    1    1    1    1    1  3.14774E+14 0.00441 
   71   71    1    1    1    1    1    1    1    1  5.60020E+14 0.00440 
   72   72    1    1    1    1    1    1    1    1  3.95703E+14 0.00463 
   73   73    1    1    1    1    1    1    1    1  3.01885E+14 0.00504 
   74   74    1    1    1    1    1    1    1    1  2.45555E+14 0.00470 
   75   75    1    1    1    1    1    1    1    1  2.03309E+14 0.00482 
   76   76    1    1    1    1    1    1    1    1  2.35062E+14 0.00512 
   77   77    1    1    1    1    1    1    1    1  1.84709E+14 0.00518 
   78   78    1    1    1    1    1    1    1    1  1.43585E+14 0.00430 
   79   79    1    1    1    1    1    1    1    1  1.48038E+14 0.00539 
   80   80    1    1    1    1    1    1    1    1  1.09305E+14 0.00531 
   81   81    1    1    1    1    1    1    1    1  8.34850E+13 0.00586 
   82   82    1    1    1    1    1    1    1    1  6.36341E+13 0.00611 
   83   83    1    1    1    1    1    1    1    1  5.87679E+13 0.00619 
   84   84    1    1    1    1    1    1    1    1  4.14841E+13 0.00709 
   85   85    1    1    1    1    1    1    1    1  2.96315E+13 0.00534 
   86   86    1    1    1    1    1    1    1    1  2.69809E+13 0.00652 
   87   87    1    1    1    1    1    1    1    1  1.60854E+13 0.00889 
   88   88    1    1    1    1    1    1    1    1  1.04976E+13 0.01043 
   89   89    1    1    1    1    1    1    1    1  5.86220E+12 0.01123 
   90   90    1    1    1    1    1    1    1    1  3.64835E+12 0.01425 
   91   91    1    1    1    1    1    1    1    1  1.72666E+12 0.01535 
   92   92    1    1    1    1    1    1    1    1  8.13609E+11 0.01842 
   93   93    1    1    1    1    1    1    1    1  3.62109E+11 0.04032 
   94   94    1    1    1    1    1    1    1    1  1.62426E+11 0.04731 
   95   95    1    1    1    1    1    1    1    1  7.69848E+10 0.08473 
   96   96    1    1    1    1    1    1    1    1  2.87250E+10 0.12109 
   97   97    1    1    1    1    1    1    1    1  1.53761E+10 0.23822 
   98   98    1    1    1    1    1    1    1    1  3.96920E+09 0.32900 
   99   99    1    1    1    1    1    1    1    1  9.10391E+08 0.45921 
  100  100    1    1    1    1    1    1    1    1  6.21958E+09 0.29282 
];


