
DETdpaspec = [
    1    1    1    1    1    1    1    1    1    1  0.00000E+00 0.00000 
    2    2    1    1    1    1    1    1    1    1  0.00000E+00 0.00000 
    3    3    1    1    1    1    1    1    1    1  0.00000E+00 0.00000 
    4    4    1    1    1    1    1    1    1    1  0.00000E+00 0.00000 
    5    5    1    1    1    1    1    1    1    1  0.00000E+00 0.00000 
    6    6    1    1    1    1    1    1    1    1  0.00000E+00 0.00000 
    7    7    1    1    1    1    1    1    1    1  0.00000E+00 0.00000 
    8    8    1    1    1    1    1    1    1    1  2.61879E+07 0.73085 
    9    9    1    1    1    1    1    1    1    1  7.08025E+06 1.00000 
   10   10    1    1    1    1    1    1    1    1  4.44051E+07 1.00000 
   11   11    1    1    1    1    1    1    1    1  9.86964E+08 0.36040 
   12   12    1    1    1    1    1    1    1    1  2.56869E+07 0.78591 
   13   13    1    1    1    1    1    1    1    1  1.75586E+09 0.42646 
   14   14    1    1    1    1    1    1    1    1  4.39002E+09 0.22996 
   15   15    1    1    1    1    1    1    1    1  1.01034E+10 0.17440 
   16   16    1    1    1    1    1    1    1    1  1.54657E+09 0.31352 
   17   17    1    1    1    1    1    1    1    1  5.27416E+09 0.21432 
   18   18    1    1    1    1    1    1    1    1  1.00554E+10 0.15596 
   19   19    1    1    1    1    1    1    1    1  1.12214E+10 0.15653 
   20   20    1    1    1    1    1    1    1    1  4.50147E+10 0.14113 
   21   21    1    1    1    1    1    1    1    1  3.11299E+10 0.10646 
   22   22    1    1    1    1    1    1    1    1  7.68773E+10 0.07093 
   23   23    1    1    1    1    1    1    1    1  1.42810E+11 0.05188 
   24   24    1    1    1    1    1    1    1    1  2.64811E+11 0.05341 
   25   25    1    1    1    1    1    1    1    1  3.81591E+11 0.04257 
   26   26    1    1    1    1    1    1    1    1  8.04300E+11 0.02501 
   27   27    1    1    1    1    1    1    1    1  1.72845E+12 0.01977 
   28   28    1    1    1    1    1    1    1    1  4.11314E+12 0.01005 
   29   29    1    1    1    1    1    1    1    1  6.12642E+12 0.01027 
   30   30    1    1    1    1    1    1    1    1  1.46239E+13 0.00634 
   31   31    1    1    1    1    1    1    1    1  3.53371E+13 0.00556 
   32   32    1    1    1    1    1    1    1    1  5.30885E+13 0.00306 
   33   33    1    1    1    1    1    1    1    1  1.06064E+14 0.00300 
   34   34    1    1    1    1    1    1    1    1  1.25575E+14 0.00304 
   35   35    1    1    1    1    1    1    1    1  1.71196E+14 0.00214 
   36   36    1    1    1    1    1    1    1    1  1.32771E+14 0.00113 
   37   37    1    1    1    1    1    1    1    1  4.11811E+13 0.00156 
   38   38    1    1    1    1    1    1    1    1  2.02285E+14 0.00146 
   39   39    1    1    1    1    1    1    1    1  2.49415E+14 0.00129 
   40   40    1    1    1    1    1    1    1    1  4.18916E+14 0.00128 
   41   41    1    1    1    1    1    1    1    1  4.00676E+14 0.00108 
   42   42    1    1    1    1    1    1    1    1  7.37631E+14 0.00090 
   43   43    1    1    1    1    1    1    1    1  8.12268E+14 0.00097 
   44   44    1    1    1    1    1    1    1    1  1.05830E+15 0.00110 
   45   45    1    1    1    1    1    1    1    1  1.90413E+15 0.00103 
   46   46    1    1    1    1    1    1    1    1  9.99115E+14 0.00125 
   47   47    1    1    1    1    1    1    1    1  1.44121E+15 0.00110 
   48   48    1    1    1    1    1    1    1    1  2.01854E+15 0.00095 
   49   49    1    1    1    1    1    1    1    1  1.83522E+15 0.00103 
   50   50    1    1    1    1    1    1    1    1  2.84664E+15 0.00101 
   51   51    1    1    1    1    1    1    1    1  2.24039E+15 0.00088 
   52   52    1    1    1    1    1    1    1    1  2.56262E+15 0.00082 
   53   53    1    1    1    1    1    1    1    1  1.82556E+15 0.00100 
   54   54    1    1    1    1    1    1    1    1  2.22808E+15 0.00081 
   55   55    1    1    1    1    1    1    1    1  1.57988E+15 0.00101 
   56   56    1    1    1    1    1    1    1    1  2.17954E+14 0.00119 
   57   57    1    1    1    1    1    1    1    1  3.07583E+15 0.00083 
   58   58    1    1    1    1    1    1    1    1  1.35801E+15 0.00090 
   59   59    1    1    1    1    1    1    1    1  1.47879E+15 0.00101 
   60   60    1    1    1    1    1    1    1    1  1.17649E+15 0.00090 
   61   61    1    1    1    1    1    1    1    1  1.17477E+15 0.00112 
   62   62    1    1    1    1    1    1    1    1  1.18503E+15 0.00094 
   63   63    1    1    1    1    1    1    1    1  9.91568E+14 0.00102 
   64   64    1    1    1    1    1    1    1    1  7.81849E+14 0.00090 
   65   65    1    1    1    1    1    1    1    1  7.68755E+14 0.00097 
   66   66    1    1    1    1    1    1    1    1  6.09048E+14 0.00109 
   67   67    1    1    1    1    1    1    1    1  5.00445E+14 0.00130 
   68   68    1    1    1    1    1    1    1    1  4.42654E+14 0.00144 
   69   69    1    1    1    1    1    1    1    1  5.38202E+14 0.00153 
   70   70    1    1    1    1    1    1    1    1  4.61735E+14 0.00133 
   71   71    1    1    1    1    1    1    1    1  8.59650E+14 0.00078 
   72   72    1    1    1    1    1    1    1    1  6.25900E+14 0.00092 
   73   73    1    1    1    1    1    1    1    1  4.82648E+14 0.00159 
   74   74    1    1    1    1    1    1    1    1  3.90308E+14 0.00189 
   75   75    1    1    1    1    1    1    1    1  3.20169E+14 0.00186 
   76   76    1    1    1    1    1    1    1    1  3.67973E+14 0.00210 
   77   77    1    1    1    1    1    1    1    1  2.87625E+14 0.00136 
   78   78    1    1    1    1    1    1    1    1  2.22808E+14 0.00168 
   79   79    1    1    1    1    1    1    1    1  2.30650E+14 0.00142 
   80   80    1    1    1    1    1    1    1    1  1.71711E+14 0.00261 
   81   81    1    1    1    1    1    1    1    1  1.32662E+14 0.00182 
   82   82    1    1    1    1    1    1    1    1  1.02464E+14 0.00255 
   83   83    1    1    1    1    1    1    1    1  9.58864E+13 0.00276 
   84   84    1    1    1    1    1    1    1    1  6.86029E+13 0.00282 
   85   85    1    1    1    1    1    1    1    1  4.95923E+13 0.00390 
   86   86    1    1    1    1    1    1    1    1  4.61702E+13 0.00431 
   87   87    1    1    1    1    1    1    1    1  2.87530E+13 0.00631 
   88   88    1    1    1    1    1    1    1    1  1.93164E+13 0.00533 
   89   89    1    1    1    1    1    1    1    1  1.11544E+13 0.00666 
   90   90    1    1    1    1    1    1    1    1  7.45911E+12 0.00764 
   91   91    1    1    1    1    1    1    1    1  3.66462E+12 0.01100 
   92   92    1    1    1    1    1    1    1    1  1.80437E+12 0.01976 
   93   93    1    1    1    1    1    1    1    1  9.02244E+11 0.02468 
   94   94    1    1    1    1    1    1    1    1  4.20146E+11 0.03337 
   95   95    1    1    1    1    1    1    1    1  2.05593E+11 0.05091 
   96   96    1    1    1    1    1    1    1    1  9.75592E+10 0.09573 
   97   97    1    1    1    1    1    1    1    1  5.31362E+10 0.11293 
   98   98    1    1    1    1    1    1    1    1  2.03248E+10 0.14308 
   99   99    1    1    1    1    1    1    1    1  1.66152E+10 0.26678 
  100  100    1    1    1    1    1    1    1    1  1.17282E+10 0.20192 
];


