
DETdpaspec = [
    1    1    1    1    1    1    1    1    1    1  0.00000E+00 0.00000 
    2    2    1    1    1    1    1    1    1    1  0.00000E+00 0.00000 
    3    3    1    1    1    1    1    1    1    1  0.00000E+00 0.00000 
    4    4    1    1    1    1    1    1    1    1  5.49740E+06 1.00000 
    5    5    1    1    1    1    1    1    1    1  0.00000E+00 0.00000 
    6    6    1    1    1    1    1    1    1    1  1.33578E+07 0.68914 
    7    7    1    1    1    1    1    1    1    1  0.00000E+00 0.00000 
    8    8    1    1    1    1    1    1    1    1  4.87825E+07 0.54620 
    9    9    1    1    1    1    1    1    1    1  5.73690E+07 0.56671 
   10   10    1    1    1    1    1    1    1    1  5.50487E+08 0.39948 
   11   11    1    1    1    1    1    1    1    1  4.57330E+08 0.41673 
   12   12    1    1    1    1    1    1    1    1  2.97370E+08 0.29323 
   13   13    1    1    1    1    1    1    1    1  3.75710E+09 0.20900 
   14   14    1    1    1    1    1    1    1    1  8.26832E+09 0.17634 
   15   15    1    1    1    1    1    1    1    1  1.13057E+10 0.21080 
   16   16    1    1    1    1    1    1    1    1  6.61763E+09 0.19111 
   17   17    1    1    1    1    1    1    1    1  8.50629E+09 0.12164 
   18   18    1    1    1    1    1    1    1    1  2.27695E+10 0.11026 
   19   19    1    1    1    1    1    1    1    1  3.07043E+10 0.06051 
   20   20    1    1    1    1    1    1    1    1  9.80136E+10 0.07311 
   21   21    1    1    1    1    1    1    1    1  7.33147E+10 0.06529 
   22   22    1    1    1    1    1    1    1    1  2.33204E+11 0.04183 
   23   23    1    1    1    1    1    1    1    1  2.93358E+11 0.03309 
   24   24    1    1    1    1    1    1    1    1  4.70249E+11 0.02574 
   25   25    1    1    1    1    1    1    1    1  6.30719E+11 0.02506 
   26   26    1    1    1    1    1    1    1    1  1.11926E+12 0.01503 
   27   27    1    1    1    1    1    1    1    1  2.14573E+12 0.01682 
   28   28    1    1    1    1    1    1    1    1  3.75767E+12 0.01058 
   29   29    1    1    1    1    1    1    1    1  4.37941E+12 0.01337 
   30   30    1    1    1    1    1    1    1    1  1.19596E+13 0.00794 
   31   31    1    1    1    1    1    1    1    1  2.63585E+13 0.00622 
   32   32    1    1    1    1    1    1    1    1  3.80693E+13 0.00430 
   33   33    1    1    1    1    1    1    1    1  7.11362E+13 0.00292 
   34   34    1    1    1    1    1    1    1    1  7.75862E+13 0.00274 
   35   35    1    1    1    1    1    1    1    1  1.13832E+14 0.00239 
   36   36    1    1    1    1    1    1    1    1  8.83658E+13 0.00206 
   37   37    1    1    1    1    1    1    1    1  2.79382E+13 0.00238 
   38   38    1    1    1    1    1    1    1    1  1.29448E+14 0.00175 
   39   39    1    1    1    1    1    1    1    1  1.57026E+14 0.00246 
   40   40    1    1    1    1    1    1    1    1  2.50750E+14 0.00207 
   41   41    1    1    1    1    1    1    1    1  2.43924E+14 0.00210 
   42   42    1    1    1    1    1    1    1    1  4.26173E+14 0.00259 
   43   43    1    1    1    1    1    1    1    1  4.58696E+14 0.00238 
   44   44    1    1    1    1    1    1    1    1  5.85597E+14 0.00244 
   45   45    1    1    1    1    1    1    1    1  1.01355E+15 0.00232 
   46   46    1    1    1    1    1    1    1    1  5.25728E+14 0.00221 
   47   47    1    1    1    1    1    1    1    1  7.61459E+14 0.00169 
   48   48    1    1    1    1    1    1    1    1  1.04405E+15 0.00199 
   49   49    1    1    1    1    1    1    1    1  9.55559E+14 0.00219 
   50   50    1    1    1    1    1    1    1    1  1.43204E+15 0.00206 
   51   51    1    1    1    1    1    1    1    1  1.14054E+15 0.00203 
   52   52    1    1    1    1    1    1    1    1  1.26534E+15 0.00203 
   53   53    1    1    1    1    1    1    1    1  9.05685E+14 0.00225 
   54   54    1    1    1    1    1    1    1    1  1.07277E+15 0.00233 
   55   55    1    1    1    1    1    1    1    1  7.63408E+14 0.00248 
   56   56    1    1    1    1    1    1    1    1  1.05746E+14 0.00263 
   57   57    1    1    1    1    1    1    1    1  1.48041E+15 0.00234 
   58   58    1    1    1    1    1    1    1    1  6.30950E+14 0.00259 
   59   59    1    1    1    1    1    1    1    1  6.91060E+14 0.00260 
   60   60    1    1    1    1    1    1    1    1  5.33745E+14 0.00265 
   61   61    1    1    1    1    1    1    1    1  5.34949E+14 0.00262 
   62   62    1    1    1    1    1    1    1    1  5.34607E+14 0.00256 
   63   63    1    1    1    1    1    1    1    1  4.42756E+14 0.00280 
   64   64    1    1    1    1    1    1    1    1  3.47445E+14 0.00279 
   65   65    1    1    1    1    1    1    1    1  3.41612E+14 0.00288 
   66   66    1    1    1    1    1    1    1    1  2.68584E+14 0.00330 
   67   67    1    1    1    1    1    1    1    1  2.21887E+14 0.00293 
   68   68    1    1    1    1    1    1    1    1  1.96978E+14 0.00343 
   69   69    1    1    1    1    1    1    1    1  2.38846E+14 0.00358 
   70   70    1    1    1    1    1    1    1    1  2.05163E+14 0.00278 
   71   71    1    1    1    1    1    1    1    1  3.91368E+14 0.00294 
   72   72    1    1    1    1    1    1    1    1  2.85824E+14 0.00324 
   73   73    1    1    1    1    1    1    1    1  2.18461E+14 0.00255 
   74   74    1    1    1    1    1    1    1    1  1.73291E+14 0.00351 
   75   75    1    1    1    1    1    1    1    1  1.39032E+14 0.00342 
   76   76    1    1    1    1    1    1    1    1  1.56158E+14 0.00339 
   77   77    1    1    1    1    1    1    1    1  1.18938E+14 0.00401 
   78   78    1    1    1    1    1    1    1    1  9.09948E+13 0.00392 
   79   79    1    1    1    1    1    1    1    1  9.22274E+13 0.00408 
   80   80    1    1    1    1    1    1    1    1  6.79950E+13 0.00360 
   81   81    1    1    1    1    1    1    1    1  5.24283E+13 0.00345 
   82   82    1    1    1    1    1    1    1    1  4.03271E+13 0.00482 
   83   83    1    1    1    1    1    1    1    1  3.73511E+13 0.00568 
   84   84    1    1    1    1    1    1    1    1  2.67666E+13 0.00608 
   85   85    1    1    1    1    1    1    1    1  1.93718E+13 0.00523 
   86   86    1    1    1    1    1    1    1    1  1.81655E+13 0.00724 
   87   87    1    1    1    1    1    1    1    1  1.12889E+13 0.00898 
   88   88    1    1    1    1    1    1    1    1  7.63861E+12 0.00923 
   89   89    1    1    1    1    1    1    1    1  4.45768E+12 0.01140 
   90   90    1    1    1    1    1    1    1    1  2.87964E+12 0.01381 
   91   91    1    1    1    1    1    1    1    1  1.46050E+12 0.01821 
   92   92    1    1    1    1    1    1    1    1  7.30412E+11 0.03054 
   93   93    1    1    1    1    1    1    1    1  3.75537E+11 0.03659 
   94   94    1    1    1    1    1    1    1    1  1.70069E+11 0.05892 
   95   95    1    1    1    1    1    1    1    1  7.65972E+10 0.08955 
   96   96    1    1    1    1    1    1    1    1  4.57954E+10 0.11441 
   97   97    1    1    1    1    1    1    1    1  2.34395E+10 0.14587 
   98   98    1    1    1    1    1    1    1    1  8.58756E+09 0.27936 
   99   99    1    1    1    1    1    1    1    1  4.39222E+09 0.43062 
  100  100    1    1    1    1    1    1    1    1  3.60851E+09 0.34239 
];


