
DETdpaspec = [
    1    1    1    1    1    1    1    1    1    1  0.00000E+00 0.00000 
    2    2    1    1    1    1    1    1    1    1  0.00000E+00 0.00000 
    3    3    1    1    1    1    1    1    1    1  0.00000E+00 0.00000 
    4    4    1    1    1    1    1    1    1    1  0.00000E+00 0.00000 
    5    5    1    1    1    1    1    1    1    1  0.00000E+00 0.00000 
    6    6    1    1    1    1    1    1    1    1  1.34037E+07 1.00000 
    7    7    1    1    1    1    1    1    1    1  1.77300E+07 1.00000 
    8    8    1    1    1    1    1    1    1    1  0.00000E+00 0.00000 
    9    9    1    1    1    1    1    1    1    1  0.00000E+00 0.00000 
   10   10    1    1    1    1    1    1    1    1  2.29905E+07 1.00000 
   11   11    1    1    1    1    1    1    1    1  2.93851E+08 0.65933 
   12   12    1    1    1    1    1    1    1    1  1.60264E+08 0.59478 
   13   13    1    1    1    1    1    1    1    1  9.86677E+08 0.67133 
   14   14    1    1    1    1    1    1    1    1  4.90222E+09 0.31763 
   15   15    1    1    1    1    1    1    1    1  4.75910E+09 0.37745 
   16   16    1    1    1    1    1    1    1    1  1.39011E+09 0.42005 
   17   17    1    1    1    1    1    1    1    1  5.60904E+09 0.20506 
   18   18    1    1    1    1    1    1    1    1  7.36872E+09 0.20253 
   19   19    1    1    1    1    1    1    1    1  8.28850E+09 0.19955 
   20   20    1    1    1    1    1    1    1    1  3.87250E+10 0.11603 
   21   21    1    1    1    1    1    1    1    1  2.70717E+10 0.10972 
   22   22    1    1    1    1    1    1    1    1  7.85776E+10 0.06688 
   23   23    1    1    1    1    1    1    1    1  1.89503E+11 0.05026 
   24   24    1    1    1    1    1    1    1    1  4.34344E+11 0.03385 
   25   25    1    1    1    1    1    1    1    1  7.45183E+11 0.02573 
   26   26    1    1    1    1    1    1    1    1  1.63516E+12 0.02129 
   27   27    1    1    1    1    1    1    1    1  3.48299E+12 0.01484 
   28   28    1    1    1    1    1    1    1    1  7.89805E+12 0.00871 
   29   29    1    1    1    1    1    1    1    1  1.20949E+13 0.00478 
   30   30    1    1    1    1    1    1    1    1  2.49094E+13 0.00408 
   31   31    1    1    1    1    1    1    1    1  5.58648E+13 0.00357 
   32   32    1    1    1    1    1    1    1    1  8.01705E+13 0.00307 
   33   33    1    1    1    1    1    1    1    1  1.54362E+14 0.00166 
   34   34    1    1    1    1    1    1    1    1  1.85345E+14 0.00216 
   35   35    1    1    1    1    1    1    1    1  2.31267E+14 0.00160 
   36   36    1    1    1    1    1    1    1    1  1.72279E+14 0.00102 
   37   37    1    1    1    1    1    1    1    1  5.22581E+13 0.00122 
   38   38    1    1    1    1    1    1    1    1  2.61336E+14 0.00163 
   39   39    1    1    1    1    1    1    1    1  3.20301E+14 0.00162 
   40   40    1    1    1    1    1    1    1    1  5.40371E+14 0.00116 
   41   41    1    1    1    1    1    1    1    1  5.02963E+14 0.00100 
   42   42    1    1    1    1    1    1    1    1  9.32847E+14 0.00075 
   43   43    1    1    1    1    1    1    1    1  1.02354E+15 0.00073 
   44   44    1    1    1    1    1    1    1    1  1.33214E+15 0.00072 
   45   45    1    1    1    1    1    1    1    1  2.39618E+15 0.00063 
   46   46    1    1    1    1    1    1    1    1  1.25232E+15 0.00068 
   47   47    1    1    1    1    1    1    1    1  1.78932E+15 0.00060 
   48   48    1    1    1    1    1    1    1    1  2.50586E+15 0.00077 
   49   49    1    1    1    1    1    1    1    1  2.25794E+15 0.00074 
   50   50    1    1    1    1    1    1    1    1  3.53739E+15 0.00066 
   51   51    1    1    1    1    1    1    1    1  2.75117E+15 0.00078 
   52   52    1    1    1    1    1    1    1    1  3.17984E+15 0.00064 
   53   53    1    1    1    1    1    1    1    1  2.26061E+15 0.00067 
   54   54    1    1    1    1    1    1    1    1  2.79167E+15 0.00078 
   55   55    1    1    1    1    1    1    1    1  1.97769E+15 0.00067 
   56   56    1    1    1    1    1    1    1    1  2.71959E+14 0.00091 
   57   57    1    1    1    1    1    1    1    1  3.84200E+15 0.00076 
   58   58    1    1    1    1    1    1    1    1  1.72605E+15 0.00082 
   59   59    1    1    1    1    1    1    1    1  1.86524E+15 0.00085 
   60   60    1    1    1    1    1    1    1    1  1.50364E+15 0.00081 
   61   61    1    1    1    1    1    1    1    1  1.50089E+15 0.00080 
   62   62    1    1    1    1    1    1    1    1  1.51373E+15 0.00072 
   63   63    1    1    1    1    1    1    1    1  1.27136E+15 0.00064 
   64   64    1    1    1    1    1    1    1    1  1.00473E+15 0.00085 
   65   65    1    1    1    1    1    1    1    1  9.85616E+14 0.00097 
   66   66    1    1    1    1    1    1    1    1  7.83031E+14 0.00071 
   67   67    1    1    1    1    1    1    1    1  6.41867E+14 0.00090 
   68   68    1    1    1    1    1    1    1    1  5.65720E+14 0.00082 
   69   69    1    1    1    1    1    1    1    1  6.88458E+14 0.00083 
   70   70    1    1    1    1    1    1    1    1  5.89230E+14 0.00100 
   71   71    1    1    1    1    1    1    1    1  1.08528E+15 0.00111 
   72   72    1    1    1    1    1    1    1    1  7.86870E+14 0.00133 
   73   73    1    1    1    1    1    1    1    1  6.07726E+14 0.00124 
   74   74    1    1    1    1    1    1    1    1  4.97193E+14 0.00110 
   75   75    1    1    1    1    1    1    1    1  4.12347E+14 0.00139 
   76   76    1    1    1    1    1    1    1    1  4.77621E+14 0.00132 
   77   77    1    1    1    1    1    1    1    1  3.78133E+14 0.00117 
   78   78    1    1    1    1    1    1    1    1  2.94640E+14 0.00188 
   79   79    1    1    1    1    1    1    1    1  3.06518E+14 0.00158 
   80   80    1    1    1    1    1    1    1    1  2.29288E+14 0.00128 
   81   81    1    1    1    1    1    1    1    1  1.77789E+14 0.00184 
   82   82    1    1    1    1    1    1    1    1  1.37090E+14 0.00241 
   83   83    1    1    1    1    1    1    1    1  1.28005E+14 0.00238 
   84   84    1    1    1    1    1    1    1    1  9.25948E+13 0.00224 
   85   85    1    1    1    1    1    1    1    1  6.72089E+13 0.00266 
   86   86    1    1    1    1    1    1    1    1  6.25277E+13 0.00266 
   87   87    1    1    1    1    1    1    1    1  3.83903E+13 0.00411 
   88   88    1    1    1    1    1    1    1    1  2.60357E+13 0.00390 
   89   89    1    1    1    1    1    1    1    1  1.48960E+13 0.00583 
   90   90    1    1    1    1    1    1    1    1  9.89049E+12 0.00725 
   91   91    1    1    1    1    1    1    1    1  4.97819E+12 0.00806 
   92   92    1    1    1    1    1    1    1    1  2.39900E+12 0.01680 
   93   93    1    1    1    1    1    1    1    1  1.17306E+12 0.02239 
   94   94    1    1    1    1    1    1    1    1  5.58303E+11 0.03346 
   95   95    1    1    1    1    1    1    1    1  2.74491E+11 0.05696 
   96   96    1    1    1    1    1    1    1    1  1.22803E+11 0.06725 
   97   97    1    1    1    1    1    1    1    1  7.14444E+10 0.11069 
   98   98    1    1    1    1    1    1    1    1  3.64273E+10 0.12480 
   99   99    1    1    1    1    1    1    1    1  2.15344E+10 0.16976 
  100  100    1    1    1    1    1    1    1    1  8.37452E+09 0.34587 
];


