
DETdpaspec = [
    1    1    1    1    1    1    1    1    1    1  0.00000E+00 0.00000 
    2    2    1    1    1    1    1    1    1    1  0.00000E+00 0.00000 
    3    3    1    1    1    1    1    1    1    1  0.00000E+00 0.00000 
    4    4    1    1    1    1    1    1    1    1  0.00000E+00 0.00000 
    5    5    1    1    1    1    1    1    1    1  0.00000E+00 0.00000 
    6    6    1    1    1    1    1    1    1    1  0.00000E+00 0.00000 
    7    7    1    1    1    1    1    1    1    1  0.00000E+00 0.00000 
    8    8    1    1    1    1    1    1    1    1  0.00000E+00 0.00000 
    9    9    1    1    1    1    1    1    1    1  1.49910E+07 0.68964 
   10   10    1    1    1    1    1    1    1    1  6.57936E+07 0.68854 
   11   11    1    1    1    1    1    1    1    1  1.03905E+08 0.69027 
   12   12    1    1    1    1    1    1    1    1  0.00000E+00 0.00000 
   13   13    1    1    1    1    1    1    1    1  2.38947E+09 0.57889 
   14   14    1    1    1    1    1    1    1    1  3.95676E+09 0.38772 
   15   15    1    1    1    1    1    1    1    1  4.22970E+09 0.33634 
   16   16    1    1    1    1    1    1    1    1  2.16708E+09 0.31603 
   17   17    1    1    1    1    1    1    1    1  5.38262E+09 0.29197 
   18   18    1    1    1    1    1    1    1    1  1.35898E+10 0.22463 
   19   19    1    1    1    1    1    1    1    1  1.42792E+10 0.13348 
   20   20    1    1    1    1    1    1    1    1  2.94952E+10 0.14556 
   21   21    1    1    1    1    1    1    1    1  2.78428E+10 0.11253 
   22   22    1    1    1    1    1    1    1    1  6.32138E+10 0.08435 
   23   23    1    1    1    1    1    1    1    1  1.48536E+11 0.06163 
   24   24    1    1    1    1    1    1    1    1  3.30049E+11 0.03927 
   25   25    1    1    1    1    1    1    1    1  5.62641E+11 0.02671 
   26   26    1    1    1    1    1    1    1    1  1.26437E+12 0.02176 
   27   27    1    1    1    1    1    1    1    1  2.61168E+12 0.01203 
   28   28    1    1    1    1    1    1    1    1  6.07360E+12 0.01084 
   29   29    1    1    1    1    1    1    1    1  9.29782E+12 0.00908 
   30   30    1    1    1    1    1    1    1    1  2.02693E+13 0.00442 
   31   31    1    1    1    1    1    1    1    1  4.69720E+13 0.00350 
   32   32    1    1    1    1    1    1    1    1  6.86288E+13 0.00300 
   33   33    1    1    1    1    1    1    1    1  1.34357E+14 0.00201 
   34   34    1    1    1    1    1    1    1    1  1.61975E+14 0.00262 
   35   35    1    1    1    1    1    1    1    1  2.07796E+14 0.00205 
   36   36    1    1    1    1    1    1    1    1  1.57857E+14 0.00159 
   37   37    1    1    1    1    1    1    1    1  4.81824E+13 0.00173 
   38   38    1    1    1    1    1    1    1    1  2.40229E+14 0.00154 
   39   39    1    1    1    1    1    1    1    1  2.95209E+14 0.00122 
   40   40    1    1    1    1    1    1    1    1  4.98732E+14 0.00116 
   41   41    1    1    1    1    1    1    1    1  4.68933E+14 0.00095 
   42   42    1    1    1    1    1    1    1    1  8.68258E+14 0.00109 
   43   43    1    1    1    1    1    1    1    1  9.55071E+14 0.00099 
   44   44    1    1    1    1    1    1    1    1  1.24588E+15 0.00116 
   45   45    1    1    1    1    1    1    1    1  2.24403E+15 0.00089 
   46   46    1    1    1    1    1    1    1    1  1.17630E+15 0.00084 
   47   47    1    1    1    1    1    1    1    1  1.68738E+15 0.00063 
   48   48    1    1    1    1    1    1    1    1  2.36749E+15 0.00041 
   49   49    1    1    1    1    1    1    1    1  2.14098E+15 0.00062 
   50   50    1    1    1    1    1    1    1    1  3.35057E+15 0.00054 
   51   51    1    1    1    1    1    1    1    1  2.61593E+15 0.00059 
   52   52    1    1    1    1    1    1    1    1  3.01648E+15 0.00063 
   53   53    1    1    1    1    1    1    1    1  2.14714E+15 0.00053 
   54   54    1    1    1    1    1    1    1    1  2.64052E+15 0.00054 
   55   55    1    1    1    1    1    1    1    1  1.87300E+15 0.00067 
   56   56    1    1    1    1    1    1    1    1  2.57387E+14 0.00075 
   57   57    1    1    1    1    1    1    1    1  3.64155E+15 0.00054 
   58   58    1    1    1    1    1    1    1    1  1.62924E+15 0.00065 
   59   59    1    1    1    1    1    1    1    1  1.76437E+15 0.00060 
   60   60    1    1    1    1    1    1    1    1  1.41403E+15 0.00072 
   61   61    1    1    1    1    1    1    1    1  1.41234E+15 0.00077 
   62   62    1    1    1    1    1    1    1    1  1.42802E+15 0.00056 
   63   63    1    1    1    1    1    1    1    1  1.19745E+15 0.00107 
   64   64    1    1    1    1    1    1    1    1  9.45858E+14 0.00087 
   65   65    1    1    1    1    1    1    1    1  9.28920E+14 0.00078 
   66   66    1    1    1    1    1    1    1    1  7.39141E+14 0.00065 
   67   67    1    1    1    1    1    1    1    1  6.05397E+14 0.00072 
   68   68    1    1    1    1    1    1    1    1  5.34185E+14 0.00109 
   69   69    1    1    1    1    1    1    1    1  6.50653E+14 0.00058 
   70   70    1    1    1    1    1    1    1    1  5.57613E+14 0.00072 
   71   71    1    1    1    1    1    1    1    1  1.03139E+15 0.00100 
   72   72    1    1    1    1    1    1    1    1  7.48435E+14 0.00124 
   73   73    1    1    1    1    1    1    1    1  5.78315E+14 0.00102 
   74   74    1    1    1    1    1    1    1    1  4.71908E+14 0.00139 
   75   75    1    1    1    1    1    1    1    1  3.90325E+14 0.00121 
   76   76    1    1    1    1    1    1    1    1  4.49649E+14 0.00113 
   77   77    1    1    1    1    1    1    1    1  3.55038E+14 0.00145 
   78   78    1    1    1    1    1    1    1    1  2.77477E+14 0.00157 
   79   79    1    1    1    1    1    1    1    1  2.87367E+14 0.00162 
   80   80    1    1    1    1    1    1    1    1  2.15144E+14 0.00160 
   81   81    1    1    1    1    1    1    1    1  1.66058E+14 0.00141 
   82   82    1    1    1    1    1    1    1    1  1.27785E+14 0.00253 
   83   83    1    1    1    1    1    1    1    1  1.19735E+14 0.00185 
   84   84    1    1    1    1    1    1    1    1  8.60330E+13 0.00230 
   85   85    1    1    1    1    1    1    1    1  6.22475E+13 0.00281 
   86   86    1    1    1    1    1    1    1    1  5.81716E+13 0.00356 
   87   87    1    1    1    1    1    1    1    1  3.59455E+13 0.00490 
   88   88    1    1    1    1    1    1    1    1  2.43335E+13 0.00413 
   89   89    1    1    1    1    1    1    1    1  1.38977E+13 0.00584 
   90   90    1    1    1    1    1    1    1    1  9.22408E+12 0.00749 
   91   91    1    1    1    1    1    1    1    1  4.66995E+12 0.01171 
   92   92    1    1    1    1    1    1    1    1  2.25141E+12 0.01883 
   93   93    1    1    1    1    1    1    1    1  1.13402E+12 0.02424 
   94   94    1    1    1    1    1    1    1    1  5.45814E+11 0.03217 
   95   95    1    1    1    1    1    1    1    1  2.48340E+11 0.05476 
   96   96    1    1    1    1    1    1    1    1  1.14619E+11 0.08688 
   97   97    1    1    1    1    1    1    1    1  4.99412E+10 0.11575 
   98   98    1    1    1    1    1    1    1    1  3.59121E+10 0.15037 
   99   99    1    1    1    1    1    1    1    1  1.45634E+10 0.19829 
  100  100    1    1    1    1    1    1    1    1  9.97934E+09 0.19042 
];


