
DETdpaspec = [
    1    1    1    1    1    1    1    1    1    1  0.00000E+00 0.00000 
    2    2    1    1    1    1    1    1    1    1  0.00000E+00 0.00000 
    3    3    1    1    1    1    1    1    1    1  0.00000E+00 0.00000 
    4    4    1    1    1    1    1    1    1    1  0.00000E+00 0.00000 
    5    5    1    1    1    1    1    1    1    1  0.00000E+00 0.00000 
    6    6    1    1    1    1    1    1    1    1  0.00000E+00 0.00000 
    7    7    1    1    1    1    1    1    1    1  1.33138E+07 1.00000 
    8    8    1    1    1    1    1    1    1    1  1.18271E+07 1.00000 
    9    9    1    1    1    1    1    1    1    1  0.00000E+00 0.00000 
   10   10    1    1    1    1    1    1    1    1  0.00000E+00 0.00000 
   11   11    1    1    1    1    1    1    1    1  2.32824E+08 0.69368 
   12   12    1    1    1    1    1    1    1    1  8.97646E+07 0.78258 
   13   13    1    1    1    1    1    1    1    1  1.83343E+09 0.38576 
   14   14    1    1    1    1    1    1    1    1  9.40895E+08 0.40056 
   15   15    1    1    1    1    1    1    1    1  4.02320E+09 0.22999 
   16   16    1    1    1    1    1    1    1    1  2.07190E+09 0.26979 
   17   17    1    1    1    1    1    1    1    1  2.45090E+09 0.25832 
   18   18    1    1    1    1    1    1    1    1  9.57812E+09 0.18975 
   19   19    1    1    1    1    1    1    1    1  1.19095E+10 0.16136 
   20   20    1    1    1    1    1    1    1    1  4.00578E+10 0.11364 
   21   21    1    1    1    1    1    1    1    1  2.85026E+10 0.11273 
   22   22    1    1    1    1    1    1    1    1  7.62432E+10 0.10096 
   23   23    1    1    1    1    1    1    1    1  1.31018E+11 0.04928 
   24   24    1    1    1    1    1    1    1    1  2.62024E+11 0.03589 
   25   25    1    1    1    1    1    1    1    1  3.84171E+11 0.02678 
   26   26    1    1    1    1    1    1    1    1  7.96245E+11 0.02387 
   27   27    1    1    1    1    1    1    1    1  1.69459E+12 0.01289 
   28   28    1    1    1    1    1    1    1    1  3.95639E+12 0.00857 
   29   29    1    1    1    1    1    1    1    1  5.79484E+12 0.01097 
   30   30    1    1    1    1    1    1    1    1  1.43113E+13 0.00598 
   31   31    1    1    1    1    1    1    1    1  3.43505E+13 0.00439 
   32   32    1    1    1    1    1    1    1    1  5.15690E+13 0.00347 
   33   33    1    1    1    1    1    1    1    1  1.02859E+14 0.00213 
   34   34    1    1    1    1    1    1    1    1  1.22345E+14 0.00273 
   35   35    1    1    1    1    1    1    1    1  1.67486E+14 0.00148 
   36   36    1    1    1    1    1    1    1    1  1.30016E+14 0.00125 
   37   37    1    1    1    1    1    1    1    1  4.03403E+13 0.00161 
   38   38    1    1    1    1    1    1    1    1  1.98385E+14 0.00150 
   39   39    1    1    1    1    1    1    1    1  2.45077E+14 0.00142 
   40   40    1    1    1    1    1    1    1    1  4.10485E+14 0.00111 
   41   41    1    1    1    1    1    1    1    1  3.93635E+14 0.00098 
   42   42    1    1    1    1    1    1    1    1  7.23243E+14 0.00121 
   43   43    1    1    1    1    1    1    1    1  7.94200E+14 0.00119 
   44   44    1    1    1    1    1    1    1    1  1.03590E+15 0.00092 
   45   45    1    1    1    1    1    1    1    1  1.85983E+15 0.00108 
   46   46    1    1    1    1    1    1    1    1  9.75532E+14 0.00079 
   47   47    1    1    1    1    1    1    1    1  1.40965E+15 0.00100 
   48   48    1    1    1    1    1    1    1    1  1.97352E+15 0.00091 
   49   49    1    1    1    1    1    1    1    1  1.79427E+15 0.00089 
   50   50    1    1    1    1    1    1    1    1  2.77794E+15 0.00097 
   51   51    1    1    1    1    1    1    1    1  2.18645E+15 0.00118 
   52   52    1    1    1    1    1    1    1    1  2.49831E+15 0.00105 
   53   53    1    1    1    1    1    1    1    1  1.78068E+15 0.00110 
   54   54    1    1    1    1    1    1    1    1  2.16843E+15 0.00110 
   55   55    1    1    1    1    1    1    1    1  1.53769E+15 0.00107 
   56   56    1    1    1    1    1    1    1    1  2.12164E+14 0.00161 
   57   57    1    1    1    1    1    1    1    1  2.99211E+15 0.00105 
   58   58    1    1    1    1    1    1    1    1  1.31981E+15 0.00117 
   59   59    1    1    1    1    1    1    1    1  1.43677E+15 0.00106 
   60   60    1    1    1    1    1    1    1    1  1.14081E+15 0.00102 
   61   61    1    1    1    1    1    1    1    1  1.14049E+15 0.00095 
   62   62    1    1    1    1    1    1    1    1  1.14906E+15 0.00111 
   63   63    1    1    1    1    1    1    1    1  9.61157E+14 0.00134 
   64   64    1    1    1    1    1    1    1    1  7.57395E+14 0.00117 
   65   65    1    1    1    1    1    1    1    1  7.43725E+14 0.00121 
   66   66    1    1    1    1    1    1    1    1  5.90076E+14 0.00145 
   67   67    1    1    1    1    1    1    1    1  4.85378E+14 0.00185 
   68   68    1    1    1    1    1    1    1    1  4.29166E+14 0.00126 
   69   69    1    1    1    1    1    1    1    1  5.22219E+14 0.00117 
   70   70    1    1    1    1    1    1    1    1  4.47663E+14 0.00157 
   71   71    1    1    1    1    1    1    1    1  8.35454E+14 0.00136 
   72   72    1    1    1    1    1    1    1    1  6.07446E+14 0.00151 
   73   73    1    1    1    1    1    1    1    1  4.69607E+14 0.00139 
   74   74    1    1    1    1    1    1    1    1  3.79545E+14 0.00138 
   75   75    1    1    1    1    1    1    1    1  3.11135E+14 0.00184 
   76   76    1    1    1    1    1    1    1    1  3.55671E+14 0.00157 
   77   77    1    1    1    1    1    1    1    1  2.78214E+14 0.00216 
   78   78    1    1    1    1    1    1    1    1  2.14895E+14 0.00237 
   79   79    1    1    1    1    1    1    1    1  2.22580E+14 0.00216 
   80   80    1    1    1    1    1    1    1    1  1.66276E+14 0.00222 
   81   81    1    1    1    1    1    1    1    1  1.28231E+14 0.00316 
   82   82    1    1    1    1    1    1    1    1  9.85248E+13 0.00261 
   83   83    1    1    1    1    1    1    1    1  9.23206E+13 0.00230 
   84   84    1    1    1    1    1    1    1    1  6.65522E+13 0.00266 
   85   85    1    1    1    1    1    1    1    1  4.78037E+13 0.00504 
   86   86    1    1    1    1    1    1    1    1  4.47981E+13 0.00365 
   87   87    1    1    1    1    1    1    1    1  2.77145E+13 0.00442 
   88   88    1    1    1    1    1    1    1    1  1.87340E+13 0.00417 
   89   89    1    1    1    1    1    1    1    1  1.08385E+13 0.00626 
   90   90    1    1    1    1    1    1    1    1  7.29346E+12 0.00782 
   91   91    1    1    1    1    1    1    1    1  3.60847E+12 0.00953 
   92   92    1    1    1    1    1    1    1    1  1.81349E+12 0.01532 
   93   93    1    1    1    1    1    1    1    1  8.37145E+11 0.02554 
   94   94    1    1    1    1    1    1    1    1  4.02695E+11 0.03978 
   95   95    1    1    1    1    1    1    1    1  1.93552E+11 0.05249 
   96   96    1    1    1    1    1    1    1    1  9.81999E+10 0.09022 
   97   97    1    1    1    1    1    1    1    1  3.31732E+10 0.11127 
   98   98    1    1    1    1    1    1    1    1  1.84576E+10 0.14586 
   99   99    1    1    1    1    1    1    1    1  1.29419E+10 0.18233 
  100  100    1    1    1    1    1    1    1    1  1.39580E+10 0.18780 
];


