
DETdpaspec = [
    1    1    1    1    1    1    1    1    1    1  0.00000E+00 0.00000 
    2    2    1    1    1    1    1    1    1    1  0.00000E+00 0.00000 
    3    3    1    1    1    1    1    1    1    1  0.00000E+00 0.00000 
    4    4    1    1    1    1    1    1    1    1  0.00000E+00 0.00000 
    5    5    1    1    1    1    1    1    1    1  0.00000E+00 0.00000 
    6    6    1    1    1    1    1    1    1    1  0.00000E+00 0.00000 
    7    7    1    1    1    1    1    1    1    1  0.00000E+00 0.00000 
    8    8    1    1    1    1    1    1    1    1  0.00000E+00 0.00000 
    9    9    1    1    1    1    1    1    1    1  5.78001E+07 1.00000 
   10   10    1    1    1    1    1    1    1    1  1.61956E+08 1.00000 
   11   11    1    1    1    1    1    1    1    1  3.55987E+08 1.00000 
   12   12    1    1    1    1    1    1    1    1  3.64351E+08 0.78246 
   13   13    1    1    1    1    1    1    1    1  5.71392E+08 0.48995 
   14   14    1    1    1    1    1    1    1    1  1.34764E+09 0.47154 
   15   15    1    1    1    1    1    1    1    1  1.99644E+09 0.58779 
   16   16    1    1    1    1    1    1    1    1  1.87916E+09 0.48540 
   17   17    1    1    1    1    1    1    1    1  1.13618E+10 0.21553 
   18   18    1    1    1    1    1    1    1    1  2.55504E+10 0.12983 
   19   19    1    1    1    1    1    1    1    1  5.02047E+10 0.12536 
   20   20    1    1    1    1    1    1    1    1  3.25704E+11 0.05219 
   21   21    1    1    1    1    1    1    1    1  8.67316E+11 0.02755 
   22   22    1    1    1    1    1    1    1    1  3.01296E+12 0.01421 
   23   23    1    1    1    1    1    1    1    1  7.72614E+12 0.00768 
   24   24    1    1    1    1    1    1    1    1  1.42419E+13 0.00577 
   25   25    1    1    1    1    1    1    1    1  1.79787E+13 0.00540 
   26   26    1    1    1    1    1    1    1    1  2.85463E+13 0.00404 
   27   27    1    1    1    1    1    1    1    1  4.18641E+13 0.00312 
   28   28    1    1    1    1    1    1    1    1  6.24993E+13 0.00212 
   29   29    1    1    1    1    1    1    1    1  7.72277E+13 0.00205 
   30   30    1    1    1    1    1    1    1    1  1.18696E+14 0.00298 
   31   31    1    1    1    1    1    1    1    1  1.87048E+14 0.00150 
   32   32    1    1    1    1    1    1    1    1  2.22170E+14 0.00179 
   33   33    1    1    1    1    1    1    1    1  3.56166E+14 0.00134 
   34   34    1    1    1    1    1    1    1    1  3.84002E+14 0.00130 
   35   35    1    1    1    1    1    1    1    1  4.01974E+14 0.00135 
   36   36    1    1    1    1    1    1    1    1  2.69703E+14 0.00142 
   37   37    1    1    1    1    1    1    1    1  7.79261E+13 0.00115 
   38   38    1    1    1    1    1    1    1    1  3.89685E+14 0.00106 
   39   39    1    1    1    1    1    1    1    1  4.61713E+14 0.00103 
   40   40    1    1    1    1    1    1    1    1  7.56604E+14 0.00085 
   41   41    1    1    1    1    1    1    1    1  6.69065E+14 0.00116 
   42   42    1    1    1    1    1    1    1    1  1.21844E+15 0.00072 
   43   43    1    1    1    1    1    1    1    1  1.29377E+15 0.00099 
   44   44    1    1    1    1    1    1    1    1  1.63158E+15 0.00069 
   45   45    1    1    1    1    1    1    1    1  2.82779E+15 0.00084 
   46   46    1    1    1    1    1    1    1    1  1.41792E+15 0.00074 
   47   47    1    1    1    1    1    1    1    1  1.98091E+15 0.00087 
   48   48    1    1    1    1    1    1    1    1  2.70109E+15 0.00093 
   49   49    1    1    1    1    1    1    1    1  2.36624E+15 0.00086 
   50   50    1    1    1    1    1    1    1    1  3.64742E+15 0.00061 
   51   51    1    1    1    1    1    1    1    1  2.74191E+15 0.00068 
   52   52    1    1    1    1    1    1    1    1  3.14360E+15 0.00095 
   53   53    1    1    1    1    1    1    1    1  2.18492E+15 0.00089 
   54   54    1    1    1    1    1    1    1    1  2.68695E+15 0.00107 
   55   55    1    1    1    1    1    1    1    1  1.87624E+15 0.00113 
   56   56    1    1    1    1    1    1    1    1  2.55496E+14 0.00132 
   57   57    1    1    1    1    1    1    1    1  3.58729E+15 0.00097 
   58   58    1    1    1    1    1    1    1    1  1.60944E+15 0.00084 
   59   59    1    1    1    1    1    1    1    1  1.71250E+15 0.00128 
   60   60    1    1    1    1    1    1    1    1  1.37966E+15 0.00120 
   61   61    1    1    1    1    1    1    1    1  1.36595E+15 0.00127 
   62   62    1    1    1    1    1    1    1    1  1.37183E+15 0.00107 
   63   63    1    1    1    1    1    1    1    1  1.14153E+15 0.00129 
   64   64    1    1    1    1    1    1    1    1  8.94212E+14 0.00126 
   65   65    1    1    1    1    1    1    1    1  8.68442E+14 0.00118 
   66   66    1    1    1    1    1    1    1    1  6.86214E+14 0.00111 
   67   67    1    1    1    1    1    1    1    1  5.56675E+14 0.00132 
   68   68    1    1    1    1    1    1    1    1  4.87248E+14 0.00148 
   69   69    1    1    1    1    1    1    1    1  5.88320E+14 0.00127 
   70   70    1    1    1    1    1    1    1    1  4.99047E+14 0.00143 
   71   71    1    1    1    1    1    1    1    1  8.99032E+14 0.00153 
   72   72    1    1    1    1    1    1    1    1  6.42171E+14 0.00136 
   73   73    1    1    1    1    1    1    1    1  4.91338E+14 0.00155 
   74   74    1    1    1    1    1    1    1    1  4.02258E+14 0.00150 
   75   75    1    1    1    1    1    1    1    1  3.35951E+14 0.00213 
   76   76    1    1    1    1    1    1    1    1  3.89003E+14 0.00193 
   77   77    1    1    1    1    1    1    1    1  3.08172E+14 0.00157 
   78   78    1    1    1    1    1    1    1    1  2.41058E+14 0.00167 
   79   79    1    1    1    1    1    1    1    1  2.50261E+14 0.00183 
   80   80    1    1    1    1    1    1    1    1  1.85947E+14 0.00189 
   81   81    1    1    1    1    1    1    1    1  1.43880E+14 0.00216 
   82   82    1    1    1    1    1    1    1    1  1.10130E+14 0.00284 
   83   83    1    1    1    1    1    1    1    1  1.02361E+14 0.00171 
   84   84    1    1    1    1    1    1    1    1  7.30824E+13 0.00252 
   85   85    1    1    1    1    1    1    1    1  5.29115E+13 0.00328 
   86   86    1    1    1    1    1    1    1    1  4.87564E+13 0.00392 
   87   87    1    1    1    1    1    1    1    1  2.95254E+13 0.00502 
   88   88    1    1    1    1    1    1    1    1  1.95745E+13 0.00562 
   89   89    1    1    1    1    1    1    1    1  1.09481E+13 0.00545 
   90   90    1    1    1    1    1    1    1    1  7.17377E+12 0.00772 
   91   91    1    1    1    1    1    1    1    1  3.48838E+12 0.01014 
   92   92    1    1    1    1    1    1    1    1  1.65942E+12 0.02045 
   93   93    1    1    1    1    1    1    1    1  7.63491E+11 0.02184 
   94   94    1    1    1    1    1    1    1    1  3.65971E+11 0.03274 
   95   95    1    1    1    1    1    1    1    1  1.69437E+11 0.05668 
   96   96    1    1    1    1    1    1    1    1  8.54454E+10 0.08110 
   97   97    1    1    1    1    1    1    1    1  3.98660E+10 0.09660 
   98   98    1    1    1    1    1    1    1    1  2.20260E+10 0.14642 
   99   99    1    1    1    1    1    1    1    1  7.02473E+09 0.31964 
  100  100    1    1    1    1    1    1    1    1  5.73792E+09 0.28787 
];


