
DETdpaspec = [
    1    1    1    1    1    1    1    1    1    1  0.00000E+00 0.00000 
    2    2    1    1    1    1    1    1    1    1  0.00000E+00 0.00000 
    3    3    1    1    1    1    1    1    1    1  0.00000E+00 0.00000 
    4    4    1    1    1    1    1    1    1    1  0.00000E+00 0.00000 
    5    5    1    1    1    1    1    1    1    1  0.00000E+00 0.00000 
    6    6    1    1    1    1    1    1    1    1  1.52072E+07 0.68829 
    7    7    1    1    1    1    1    1    1    1  4.72291E+07 0.54685 
    8    8    1    1    1    1    1    1    1    1  0.00000E+00 0.00000 
    9    9    1    1    1    1    1    1    1    1  7.93649E+06 1.00000 
   10   10    1    1    1    1    1    1    1    1  2.80092E+08 0.44128 
   11   11    1    1    1    1    1    1    1    1  1.79257E+08 0.61832 
   12   12    1    1    1    1    1    1    1    1  1.76153E+08 0.33368 
   13   13    1    1    1    1    1    1    1    1  1.92994E+09 0.28104 
   14   14    1    1    1    1    1    1    1    1  4.70391E+09 0.26408 
   15   15    1    1    1    1    1    1    1    1  7.40769E+09 0.20796 
   16   16    1    1    1    1    1    1    1    1  2.48076E+09 0.28327 
   17   17    1    1    1    1    1    1    1    1  4.67266E+09 0.22062 
   18   18    1    1    1    1    1    1    1    1  1.16157E+10 0.14601 
   19   19    1    1    1    1    1    1    1    1  1.57967E+10 0.12832 
   20   20    1    1    1    1    1    1    1    1  6.00328E+10 0.09277 
   21   21    1    1    1    1    1    1    1    1  4.72028E+10 0.06607 
   22   22    1    1    1    1    1    1    1    1  1.18059E+11 0.05852 
   23   23    1    1    1    1    1    1    1    1  1.69630E+11 0.06310 
   24   24    1    1    1    1    1    1    1    1  2.64757E+11 0.04308 
   25   25    1    1    1    1    1    1    1    1  3.85558E+11 0.02877 
   26   26    1    1    1    1    1    1    1    1  7.81623E+11 0.01430 
   27   27    1    1    1    1    1    1    1    1  1.53356E+12 0.01462 
   28   28    1    1    1    1    1    1    1    1  3.05705E+12 0.01139 
   29   29    1    1    1    1    1    1    1    1  4.06366E+12 0.01087 
   30   30    1    1    1    1    1    1    1    1  1.08790E+13 0.00772 
   31   31    1    1    1    1    1    1    1    1  2.59056E+13 0.00472 
   32   32    1    1    1    1    1    1    1    1  3.86332E+13 0.00457 
   33   33    1    1    1    1    1    1    1    1  7.56402E+13 0.00256 
   34   34    1    1    1    1    1    1    1    1  8.63014E+13 0.00257 
   35   35    1    1    1    1    1    1    1    1  1.23577E+14 0.00194 
   36   36    1    1    1    1    1    1    1    1  9.66556E+13 0.00182 
   37   37    1    1    1    1    1    1    1    1  3.05091E+13 0.00255 
   38   38    1    1    1    1    1    1    1    1  1.46213E+14 0.00273 
   39   39    1    1    1    1    1    1    1    1  1.79256E+14 0.00188 
   40   40    1    1    1    1    1    1    1    1  2.94512E+14 0.00190 
   41   41    1    1    1    1    1    1    1    1  2.85289E+14 0.00176 
   42   42    1    1    1    1    1    1    1    1  5.13036E+14 0.00152 
   43   43    1    1    1    1    1    1    1    1  5.59703E+14 0.00183 
   44   44    1    1    1    1    1    1    1    1  7.23211E+14 0.00195 
   45   45    1    1    1    1    1    1    1    1  1.27433E+15 0.00137 
   46   46    1    1    1    1    1    1    1    1  6.63891E+14 0.00163 
   47   47    1    1    1    1    1    1    1    1  9.62533E+14 0.00144 
   48   48    1    1    1    1    1    1    1    1  1.33356E+15 0.00139 
   49   49    1    1    1    1    1    1    1    1  1.21865E+15 0.00118 
   50   50    1    1    1    1    1    1    1    1  1.84861E+15 0.00137 
   51   51    1    1    1    1    1    1    1    1  1.46298E+15 0.00153 
   52   52    1    1    1    1    1    1    1    1  1.64411E+15 0.00159 
   53   53    1    1    1    1    1    1    1    1  1.17138E+15 0.00171 
   54   54    1    1    1    1    1    1    1    1  1.40398E+15 0.00166 
   55   55    1    1    1    1    1    1    1    1  9.95487E+14 0.00160 
   56   56    1    1    1    1    1    1    1    1  1.37741E+14 0.00237 
   57   57    1    1    1    1    1    1    1    1  1.93290E+15 0.00169 
   58   58    1    1    1    1    1    1    1    1  8.35336E+14 0.00157 
   59   59    1    1    1    1    1    1    1    1  9.11196E+14 0.00148 
   60   60    1    1    1    1    1    1    1    1  7.11883E+14 0.00139 
   61   61    1    1    1    1    1    1    1    1  7.12206E+14 0.00155 
   62   62    1    1    1    1    1    1    1    1  7.13511E+14 0.00166 
   63   63    1    1    1    1    1    1    1    1  5.92773E+14 0.00173 
   64   64    1    1    1    1    1    1    1    1  4.66762E+14 0.00190 
   65   65    1    1    1    1    1    1    1    1  4.57797E+14 0.00212 
   66   66    1    1    1    1    1    1    1    1  3.61195E+14 0.00165 
   67   67    1    1    1    1    1    1    1    1  2.98041E+14 0.00201 
   68   68    1    1    1    1    1    1    1    1  2.64072E+14 0.00132 
   69   69    1    1    1    1    1    1    1    1  3.20017E+14 0.00233 
   70   70    1    1    1    1    1    1    1    1  2.74978E+14 0.00229 
   71   71    1    1    1    1    1    1    1    1  5.17785E+14 0.00234 
   72   72    1    1    1    1    1    1    1    1  3.76724E+14 0.00260 
   73   73    1    1    1    1    1    1    1    1  2.89917E+14 0.00182 
   74   74    1    1    1    1    1    1    1    1  2.31239E+14 0.00204 
   75   75    1    1    1    1    1    1    1    1  1.87076E+14 0.00252 
   76   76    1    1    1    1    1    1    1    1  2.12036E+14 0.00186 
   77   77    1    1    1    1    1    1    1    1  1.63355E+14 0.00305 
   78   78    1    1    1    1    1    1    1    1  1.25706E+14 0.00306 
   79   79    1    1    1    1    1    1    1    1  1.28889E+14 0.00305 
   80   80    1    1    1    1    1    1    1    1  9.48666E+13 0.00277 
   81   81    1    1    1    1    1    1    1    1  7.29286E+13 0.00384 
   82   82    1    1    1    1    1    1    1    1  5.61700E+13 0.00468 
   83   83    1    1    1    1    1    1    1    1  5.25103E+13 0.00448 
   84   84    1    1    1    1    1    1    1    1  3.75257E+13 0.00404 
   85   85    1    1    1    1    1    1    1    1  2.71842E+13 0.00631 
   86   86    1    1    1    1    1    1    1    1  2.55961E+13 0.00526 
   87   87    1    1    1    1    1    1    1    1  1.57521E+13 0.00585 
   88   88    1    1    1    1    1    1    1    1  1.07423E+13 0.00603 
   89   89    1    1    1    1    1    1    1    1  6.21258E+12 0.01098 
   90   90    1    1    1    1    1    1    1    1  4.03652E+12 0.01315 
   91   91    1    1    1    1    1    1    1    1  2.08019E+12 0.01890 
   92   92    1    1    1    1    1    1    1    1  1.04373E+12 0.02199 
   93   93    1    1    1    1    1    1    1    1  4.97824E+11 0.02913 
   94   94    1    1    1    1    1    1    1    1  2.59761E+11 0.05718 
   95   95    1    1    1    1    1    1    1    1  1.22373E+11 0.08234 
   96   96    1    1    1    1    1    1    1    1  5.51837E+10 0.11780 
   97   97    1    1    1    1    1    1    1    1  2.89017E+10 0.09047 
   98   98    1    1    1    1    1    1    1    1  1.30909E+10 0.21516 
   99   99    1    1    1    1    1    1    1    1  6.63955E+09 0.28268 
  100  100    1    1    1    1    1    1    1    1  5.31659E+09 0.30088 
];


