
DETdpaspec = [
    1    1    1    1    1    1    1    1    1    1  0.00000E+00 0.00000 
    2    2    1    1    1    1    1    1    1    1  0.00000E+00 0.00000 
    3    3    1    1    1    1    1    1    1    1  0.00000E+00 0.00000 
    4    4    1    1    1    1    1    1    1    1  0.00000E+00 0.00000 
    5    5    1    1    1    1    1    1    1    1  0.00000E+00 0.00000 
    6    6    1    1    1    1    1    1    1    1  0.00000E+00 0.00000 
    7    7    1    1    1    1    1    1    1    1  0.00000E+00 0.00000 
    8    8    1    1    1    1    1    1    1    1  9.50864E+06 1.00000 
    9    9    1    1    1    1    1    1    1    1  7.81329E+06 1.00000 
   10   10    1    1    1    1    1    1    1    1  1.54825E+08 0.55364 
   11   11    1    1    1    1    1    1    1    1  1.96557E+08 0.59594 
   12   12    1    1    1    1    1    1    1    1  3.36959E+06 0.69169 
   13   13    1    1    1    1    1    1    1    1  2.16381E+09 0.42476 
   14   14    1    1    1    1    1    1    1    1  3.07543E+09 0.36820 
   15   15    1    1    1    1    1    1    1    1  7.27643E+09 0.24790 
   16   16    1    1    1    1    1    1    1    1  3.02898E+09 0.26655 
   17   17    1    1    1    1    1    1    1    1  4.05981E+09 0.25693 
   18   18    1    1    1    1    1    1    1    1  9.68484E+09 0.16953 
   19   19    1    1    1    1    1    1    1    1  9.74080E+09 0.15247 
   20   20    1    1    1    1    1    1    1    1  3.82372E+10 0.13091 
   21   21    1    1    1    1    1    1    1    1  2.52609E+10 0.10437 
   22   22    1    1    1    1    1    1    1    1  6.29450E+10 0.08447 
   23   23    1    1    1    1    1    1    1    1  1.43206E+11 0.05499 
   24   24    1    1    1    1    1    1    1    1  3.17850E+11 0.04281 
   25   25    1    1    1    1    1    1    1    1  5.33388E+11 0.03612 
   26   26    1    1    1    1    1    1    1    1  1.15383E+12 0.02240 
   27   27    1    1    1    1    1    1    1    1  2.45569E+12 0.01279 
   28   28    1    1    1    1    1    1    1    1  5.73167E+12 0.00972 
   29   29    1    1    1    1    1    1    1    1  8.76556E+12 0.00768 
   30   30    1    1    1    1    1    1    1    1  1.94548E+13 0.00365 
   31   31    1    1    1    1    1    1    1    1  4.52301E+13 0.00445 
   32   32    1    1    1    1    1    1    1    1  6.64211E+13 0.00303 
   33   33    1    1    1    1    1    1    1    1  1.30659E+14 0.00209 
   34   34    1    1    1    1    1    1    1    1  1.56896E+14 0.00230 
   35   35    1    1    1    1    1    1    1    1  2.03847E+14 0.00139 
   36   36    1    1    1    1    1    1    1    1  1.54983E+14 0.00138 
   37   37    1    1    1    1    1    1    1    1  4.72305E+13 0.00139 
   38   38    1    1    1    1    1    1    1    1  2.35453E+14 0.00140 
   39   39    1    1    1    1    1    1    1    1  2.89986E+14 0.00136 
   40   40    1    1    1    1    1    1    1    1  4.90228E+14 0.00106 
   41   41    1    1    1    1    1    1    1    1  4.61939E+14 0.00144 
   42   42    1    1    1    1    1    1    1    1  8.54333E+14 0.00091 
   43   43    1    1    1    1    1    1    1    1  9.39711E+14 0.00070 
   44   44    1    1    1    1    1    1    1    1  1.22687E+15 0.00091 
   45   45    1    1    1    1    1    1    1    1  2.21054E+15 0.00098 
   46   46    1    1    1    1    1    1    1    1  1.15972E+15 0.00089 
   47   47    1    1    1    1    1    1    1    1  1.66390E+15 0.00086 
   48   48    1    1    1    1    1    1    1    1  2.33309E+15 0.00077 
   49   49    1    1    1    1    1    1    1    1  2.11024E+15 0.00090 
   50   50    1    1    1    1    1    1    1    1  3.29879E+15 0.00089 
   51   51    1    1    1    1    1    1    1    1  2.57840E+15 0.00076 
   52   52    1    1    1    1    1    1    1    1  2.97195E+15 0.00065 
   53   53    1    1    1    1    1    1    1    1  2.11921E+15 0.00067 
   54   54    1    1    1    1    1    1    1    1  2.60666E+15 0.00080 
   55   55    1    1    1    1    1    1    1    1  1.84658E+15 0.00059 
   56   56    1    1    1    1    1    1    1    1  2.53804E+14 0.00117 
   57   57    1    1    1    1    1    1    1    1  3.59164E+15 0.00060 
   58   58    1    1    1    1    1    1    1    1  1.60388E+15 0.00068 
   59   59    1    1    1    1    1    1    1    1  1.73853E+15 0.00072 
   60   60    1    1    1    1    1    1    1    1  1.39421E+15 0.00073 
   61   61    1    1    1    1    1    1    1    1  1.39446E+15 0.00090 
   62   62    1    1    1    1    1    1    1    1  1.40499E+15 0.00076 
   63   63    1    1    1    1    1    1    1    1  1.17995E+15 0.00113 
   64   64    1    1    1    1    1    1    1    1  9.32375E+14 0.00116 
   65   65    1    1    1    1    1    1    1    1  9.13822E+14 0.00098 
   66   66    1    1    1    1    1    1    1    1  7.27407E+14 0.00111 
   67   67    1    1    1    1    1    1    1    1  5.96973E+14 0.00093 
   68   68    1    1    1    1    1    1    1    1  5.27052E+14 0.00105 
   69   69    1    1    1    1    1    1    1    1  6.40494E+14 0.00089 
   70   70    1    1    1    1    1    1    1    1  5.48921E+14 0.00102 
   71   71    1    1    1    1    1    1    1    1  1.01757E+15 0.00157 
   72   72    1    1    1    1    1    1    1    1  7.37203E+14 0.00136 
   73   73    1    1    1    1    1    1    1    1  5.70341E+14 0.00140 
   74   74    1    1    1    1    1    1    1    1  4.63424E+14 0.00085 
   75   75    1    1    1    1    1    1    1    1  3.84001E+14 0.00128 
   76   76    1    1    1    1    1    1    1    1  4.43345E+14 0.00168 
   77   77    1    1    1    1    1    1    1    1  3.49350E+14 0.00156 
   78   78    1    1    1    1    1    1    1    1  2.71116E+14 0.00176 
   79   79    1    1    1    1    1    1    1    1  2.81860E+14 0.00162 
   80   80    1    1    1    1    1    1    1    1  2.10864E+14 0.00163 
   81   81    1    1    1    1    1    1    1    1  1.62644E+14 0.00165 
   82   82    1    1    1    1    1    1    1    1  1.25584E+14 0.00242 
   83   83    1    1    1    1    1    1    1    1  1.17965E+14 0.00197 
   84   84    1    1    1    1    1    1    1    1  8.46474E+13 0.00285 
   85   85    1    1    1    1    1    1    1    1  6.12662E+13 0.00283 
   86   86    1    1    1    1    1    1    1    1  5.69878E+13 0.00368 
   87   87    1    1    1    1    1    1    1    1  3.53826E+13 0.00404 
   88   88    1    1    1    1    1    1    1    1  2.38085E+13 0.00468 
   89   89    1    1    1    1    1    1    1    1  1.35067E+13 0.00713 
   90   90    1    1    1    1    1    1    1    1  9.10145E+12 0.00911 
   91   91    1    1    1    1    1    1    1    1  4.56697E+12 0.01075 
   92   92    1    1    1    1    1    1    1    1  2.22607E+12 0.01924 
   93   93    1    1    1    1    1    1    1    1  1.03257E+12 0.02366 
   94   94    1    1    1    1    1    1    1    1  4.98729E+11 0.02876 
   95   95    1    1    1    1    1    1    1    1  2.48501E+11 0.04799 
   96   96    1    1    1    1    1    1    1    1  1.07921E+11 0.07555 
   97   97    1    1    1    1    1    1    1    1  5.08762E+10 0.08295 
   98   98    1    1    1    1    1    1    1    1  2.61270E+10 0.20567 
   99   99    1    1    1    1    1    1    1    1  1.29881E+10 0.19671 
  100  100    1    1    1    1    1    1    1    1  8.83112E+09 0.34052 
];


