
DETdpaspec = [
    1    1    1    1    1    1    1    1    1    1  0.00000E+00 0.00000 
    2    2    1    1    1    1    1    1    1    1  0.00000E+00 0.00000 
    3    3    1    1    1    1    1    1    1    1  0.00000E+00 0.00000 
    4    4    1    1    1    1    1    1    1    1  0.00000E+00 0.00000 
    5    5    1    1    1    1    1    1    1    1  0.00000E+00 0.00000 
    6    6    1    1    1    1    1    1    1    1  0.00000E+00 0.00000 
    7    7    1    1    1    1    1    1    1    1  0.00000E+00 0.00000 
    8    8    1    1    1    1    1    1    1    1  0.00000E+00 0.00000 
    9    9    1    1    1    1    1    1    1    1  0.00000E+00 0.00000 
   10   10    1    1    1    1    1    1    1    1  0.00000E+00 0.00000 
   11   11    1    1    1    1    1    1    1    1  0.00000E+00 0.00000 
   12   12    1    1    1    1    1    1    1    1  1.25470E+09 0.37288 
   13   13    1    1    1    1    1    1    1    1  2.90733E+09 0.54860 
   14   14    1    1    1    1    1    1    1    1  3.99631E+09 0.55411 
   15   15    1    1    1    1    1    1    1    1  3.91090E+09 0.49057 
   16   16    1    1    1    1    1    1    1    1  1.75650E+09 0.32000 
   17   17    1    1    1    1    1    1    1    1  3.47043E+09 0.39181 
   18   18    1    1    1    1    1    1    1    1  5.81587E+09 0.33363 
   19   19    1    1    1    1    1    1    1    1  8.21949E+09 0.16848 
   20   20    1    1    1    1    1    1    1    1  4.78100E+10 0.09888 
   21   21    1    1    1    1    1    1    1    1  8.59275E+10 0.09158 
   22   22    1    1    1    1    1    1    1    1  3.86711E+11 0.03248 
   23   23    1    1    1    1    1    1    1    1  1.50587E+12 0.02056 
   24   24    1    1    1    1    1    1    1    1  3.72839E+12 0.01206 
   25   25    1    1    1    1    1    1    1    1  5.52078E+12 0.01014 
   26   26    1    1    1    1    1    1    1    1  1.01879E+13 0.00902 
   27   27    1    1    1    1    1    1    1    1  1.73146E+13 0.00540 
   28   28    1    1    1    1    1    1    1    1  3.07557E+13 0.00370 
   29   29    1    1    1    1    1    1    1    1  4.24184E+13 0.00328 
   30   30    1    1    1    1    1    1    1    1  7.11691E+13 0.00307 
   31   31    1    1    1    1    1    1    1    1  1.28972E+14 0.00274 
   32   32    1    1    1    1    1    1    1    1  1.63684E+14 0.00204 
   33   33    1    1    1    1    1    1    1    1  2.80117E+14 0.00134 
   34   34    1    1    1    1    1    1    1    1  3.19569E+14 0.00099 
   35   35    1    1    1    1    1    1    1    1  3.51455E+14 0.00107 
   36   36    1    1    1    1    1    1    1    1  2.45195E+14 0.00105 
   37   37    1    1    1    1    1    1    1    1  7.17030E+13 0.00115 
   38   38    1    1    1    1    1    1    1    1  3.59508E+14 0.00130 
   39   39    1    1    1    1    1    1    1    1  4.32306E+14 0.00087 
   40   40    1    1    1    1    1    1    1    1  7.18118E+14 0.00095 
   41   41    1    1    1    1    1    1    1    1  6.46348E+14 0.00077 
   42   42    1    1    1    1    1    1    1    1  1.18661E+15 0.00062 
   43   43    1    1    1    1    1    1    1    1  1.27581E+15 0.00065 
   44   44    1    1    1    1    1    1    1    1  1.63012E+15 0.00061 
   45   45    1    1    1    1    1    1    1    1  2.87169E+15 0.00047 
   46   46    1    1    1    1    1    1    1    1  1.46578E+15 0.00061 
   47   47    1    1    1    1    1    1    1    1  2.06575E+15 0.00052 
   48   48    1    1    1    1    1    1    1    1  2.84880E+15 0.00041 
   49   49    1    1    1    1    1    1    1    1  2.52218E+15 0.00053 
   50   50    1    1    1    1    1    1    1    1  3.92603E+15 0.00041 
   51   51    1    1    1    1    1    1    1    1  2.99193E+15 0.00049 
   52   52    1    1    1    1    1    1    1    1  3.45068E+15 0.00061 
   53   53    1    1    1    1    1    1    1    1  2.42250E+15 0.00056 
   54   54    1    1    1    1    1    1    1    1  2.99535E+15 0.00051 
   55   55    1    1    1    1    1    1    1    1  2.10553E+15 0.00074 
   56   56    1    1    1    1    1    1    1    1  2.87998E+14 0.00129 
   57   57    1    1    1    1    1    1    1    1  4.05635E+15 0.00056 
   58   58    1    1    1    1    1    1    1    1  1.82801E+15 0.00065 
   59   59    1    1    1    1    1    1    1    1  1.95891E+15 0.00076 
   60   60    1    1    1    1    1    1    1    1  1.58505E+15 0.00081 
   61   61    1    1    1    1    1    1    1    1  1.57521E+15 0.00089 
   62   62    1    1    1    1    1    1    1    1  1.58304E+15 0.00087 
   63   63    1    1    1    1    1    1    1    1  1.32554E+15 0.00072 
   64   64    1    1    1    1    1    1    1    1  1.04388E+15 0.00092 
   65   65    1    1    1    1    1    1    1    1  1.02001E+15 0.00084 
   66   66    1    1    1    1    1    1    1    1  8.08404E+14 0.00078 
   67   67    1    1    1    1    1    1    1    1  6.57862E+14 0.00081 
   68   68    1    1    1    1    1    1    1    1  5.77041E+14 0.00084 
   69   69    1    1    1    1    1    1    1    1  6.99974E+14 0.00104 
   70   70    1    1    1    1    1    1    1    1  5.95687E+14 0.00081 
   71   71    1    1    1    1    1    1    1    1  1.08345E+15 0.00099 
   72   72    1    1    1    1    1    1    1    1  7.77123E+14 0.00087 
   73   73    1    1    1    1    1    1    1    1  5.98409E+14 0.00119 
   74   74    1    1    1    1    1    1    1    1  4.91018E+14 0.00133 
   75   75    1    1    1    1    1    1    1    1  4.09736E+14 0.00160 
   76   76    1    1    1    1    1    1    1    1  4.77452E+14 0.00104 
   77   77    1    1    1    1    1    1    1    1  3.78997E+14 0.00098 
   78   78    1    1    1    1    1    1    1    1  2.96749E+14 0.00116 
   79   79    1    1    1    1    1    1    1    1  3.08989E+14 0.00180 
   80   80    1    1    1    1    1    1    1    1  2.31587E+14 0.00161 
   81   81    1    1    1    1    1    1    1    1  1.79297E+14 0.00147 
   82   82    1    1    1    1    1    1    1    1  1.37971E+14 0.00206 
   83   83    1    1    1    1    1    1    1    1  1.28840E+14 0.00186 
   84   84    1    1    1    1    1    1    1    1  9.26398E+13 0.00267 
   85   85    1    1    1    1    1    1    1    1  6.66837E+13 0.00326 
   86   86    1    1    1    1    1    1    1    1  6.21930E+13 0.00303 
   87   87    1    1    1    1    1    1    1    1  3.80115E+13 0.00410 
   88   88    1    1    1    1    1    1    1    1  2.55777E+13 0.00532 
   89   89    1    1    1    1    1    1    1    1  1.45162E+13 0.00681 
   90   90    1    1    1    1    1    1    1    1  9.52308E+12 0.00737 
   91   91    1    1    1    1    1    1    1    1  4.83059E+12 0.00858 
   92   92    1    1    1    1    1    1    1    1  2.28019E+12 0.00990 
   93   93    1    1    1    1    1    1    1    1  1.06220E+12 0.01377 
   94   94    1    1    1    1    1    1    1    1  4.86267E+11 0.02364 
   95   95    1    1    1    1    1    1    1    1  2.44010E+11 0.05593 
   96   96    1    1    1    1    1    1    1    1  1.26725E+11 0.06564 
   97   97    1    1    1    1    1    1    1    1  5.34498E+10 0.08705 
   98   98    1    1    1    1    1    1    1    1  2.78733E+10 0.16893 
   99   99    1    1    1    1    1    1    1    1  1.67710E+10 0.16021 
  100  100    1    1    1    1    1    1    1    1  9.16565E+09 0.31074 
];


