
DETdpaspec = [
    1    1    1    1    1    1    1    1    1    1  0.00000E+00 0.00000 
    2    2    1    1    1    1    1    1    1    1  0.00000E+00 0.00000 
    3    3    1    1    1    1    1    1    1    1  0.00000E+00 0.00000 
    4    4    1    1    1    1    1    1    1    1  0.00000E+00 0.00000 
    5    5    1    1    1    1    1    1    1    1  0.00000E+00 0.00000 
    6    6    1    1    1    1    1    1    1    1  0.00000E+00 0.00000 
    7    7    1    1    1    1    1    1    1    1  2.68944E+07 1.00000 
    8    8    1    1    1    1    1    1    1    1  1.01624E+07 1.00000 
    9    9    1    1    1    1    1    1    1    1  1.33760E+07 1.00000 
   10   10    1    1    1    1    1    1    1    1  3.69270E+07 1.00000 
   11   11    1    1    1    1    1    1    1    1  3.07839E+08 0.48191 
   12   12    1    1    1    1    1    1    1    1  3.27294E+07 0.72979 
   13   13    1    1    1    1    1    1    1    1  1.90802E+09 0.50392 
   14   14    1    1    1    1    1    1    1    1  4.42835E+09 0.36776 
   15   15    1    1    1    1    1    1    1    1  1.07732E+10 0.29759 
   16   16    1    1    1    1    1    1    1    1  1.81529E+09 0.30708 
   17   17    1    1    1    1    1    1    1    1  4.49452E+09 0.27310 
   18   18    1    1    1    1    1    1    1    1  8.13230E+09 0.19706 
   19   19    1    1    1    1    1    1    1    1  1.10884E+10 0.14113 
   20   20    1    1    1    1    1    1    1    1  3.08287E+10 0.11076 
   21   21    1    1    1    1    1    1    1    1  3.23685E+10 0.10023 
   22   22    1    1    1    1    1    1    1    1  6.88656E+10 0.07406 
   23   23    1    1    1    1    1    1    1    1  1.34969E+11 0.06689 
   24   24    1    1    1    1    1    1    1    1  2.77643E+11 0.04886 
   25   25    1    1    1    1    1    1    1    1  4.49489E+11 0.02592 
   26   26    1    1    1    1    1    1    1    1  1.00598E+12 0.02008 
   27   27    1    1    1    1    1    1    1    1  2.09160E+12 0.01489 
   28   28    1    1    1    1    1    1    1    1  5.01902E+12 0.00932 
   29   29    1    1    1    1    1    1    1    1  7.68521E+12 0.00702 
   30   30    1    1    1    1    1    1    1    1  1.74293E+13 0.00607 
   31   31    1    1    1    1    1    1    1    1  4.12106E+13 0.00296 
   32   32    1    1    1    1    1    1    1    1  6.08614E+13 0.00292 
   33   33    1    1    1    1    1    1    1    1  1.21222E+14 0.00237 
   34   34    1    1    1    1    1    1    1    1  1.45159E+14 0.00211 
   35   35    1    1    1    1    1    1    1    1  1.91669E+14 0.00139 
   36   36    1    1    1    1    1    1    1    1  1.46852E+14 0.00178 
   37   37    1    1    1    1    1    1    1    1  4.50875E+13 0.00165 
   38   38    1    1    1    1    1    1    1    1  2.24148E+14 0.00142 
   39   39    1    1    1    1    1    1    1    1  2.76115E+14 0.00152 
   40   40    1    1    1    1    1    1    1    1  4.64841E+14 0.00144 
   41   41    1    1    1    1    1    1    1    1  4.39899E+14 0.00121 
   42   42    1    1    1    1    1    1    1    1  8.13733E+14 0.00084 
   43   43    1    1    1    1    1    1    1    1  8.96403E+14 0.00103 
   44   44    1    1    1    1    1    1    1    1  1.17204E+15 0.00109 
   45   45    1    1    1    1    1    1    1    1  2.11008E+15 0.00092 
   46   46    1    1    1    1    1    1    1    1  1.10840E+15 0.00081 
   47   47    1    1    1    1    1    1    1    1  1.59299E+15 0.00068 
   48   48    1    1    1    1    1    1    1    1  2.23277E+15 0.00062 
   49   49    1    1    1    1    1    1    1    1  2.02432E+15 0.00055 
   50   50    1    1    1    1    1    1    1    1  3.15450E+15 0.00070 
   51   51    1    1    1    1    1    1    1    1  2.47153E+15 0.00062 
   52   52    1    1    1    1    1    1    1    1  2.84160E+15 0.00082 
   53   53    1    1    1    1    1    1    1    1  2.02600E+15 0.00077 
   54   54    1    1    1    1    1    1    1    1  2.48723E+15 0.00075 
   55   55    1    1    1    1    1    1    1    1  1.76428E+15 0.00059 
   56   56    1    1    1    1    1    1    1    1  2.42366E+14 0.00109 
   57   57    1    1    1    1    1    1    1    1  3.42792E+15 0.00062 
   58   58    1    1    1    1    1    1    1    1  1.52453E+15 0.00086 
   59   59    1    1    1    1    1    1    1    1  1.65518E+15 0.00091 
   60   60    1    1    1    1    1    1    1    1  1.32369E+15 0.00081 
   61   61    1    1    1    1    1    1    1    1  1.32347E+15 0.00063 
   62   62    1    1    1    1    1    1    1    1  1.33531E+15 0.00079 
   63   63    1    1    1    1    1    1    1    1  1.11791E+15 0.00087 
   64   64    1    1    1    1    1    1    1    1  8.83017E+14 0.00097 
   65   65    1    1    1    1    1    1    1    1  8.67302E+14 0.00054 
   66   66    1    1    1    1    1    1    1    1  6.89287E+14 0.00080 
   67   67    1    1    1    1    1    1    1    1  5.65318E+14 0.00094 
   68   68    1    1    1    1    1    1    1    1  5.00438E+14 0.00099 
   69   69    1    1    1    1    1    1    1    1  6.08014E+14 0.00138 
   70   70    1    1    1    1    1    1    1    1  5.21708E+14 0.00148 
   71   71    1    1    1    1    1    1    1    1  9.66406E+14 0.00108 
   72   72    1    1    1    1    1    1    1    1  7.01908E+14 0.00086 
   73   73    1    1    1    1    1    1    1    1  5.43018E+14 0.00106 
   74   74    1    1    1    1    1    1    1    1  4.41944E+14 0.00163 
   75   75    1    1    1    1    1    1    1    1  3.63801E+14 0.00136 
   76   76    1    1    1    1    1    1    1    1  4.18978E+14 0.00153 
   77   77    1    1    1    1    1    1    1    1  3.30042E+14 0.00155 
   78   78    1    1    1    1    1    1    1    1  2.56451E+14 0.00171 
   79   79    1    1    1    1    1    1    1    1  2.65574E+14 0.00151 
   80   80    1    1    1    1    1    1    1    1  1.98285E+14 0.00203 
   81   81    1    1    1    1    1    1    1    1  1.53120E+14 0.00157 
   82   82    1    1    1    1    1    1    1    1  1.18560E+14 0.00215 
   83   83    1    1    1    1    1    1    1    1  1.10467E+14 0.00274 
   84   84    1    1    1    1    1    1    1    1  7.96449E+13 0.00258 
   85   85    1    1    1    1    1    1    1    1  5.75057E+13 0.00311 
   86   86    1    1    1    1    1    1    1    1  5.39270E+13 0.00428 
   87   87    1    1    1    1    1    1    1    1  3.31102E+13 0.00281 
   88   88    1    1    1    1    1    1    1    1  2.23675E+13 0.00364 
   89   89    1    1    1    1    1    1    1    1  1.28577E+13 0.00648 
   90   90    1    1    1    1    1    1    1    1  8.63007E+12 0.00996 
   91   91    1    1    1    1    1    1    1    1  4.28261E+12 0.01392 
   92   92    1    1    1    1    1    1    1    1  2.08358E+12 0.02406 
   93   93    1    1    1    1    1    1    1    1  9.80618E+11 0.02210 
   94   94    1    1    1    1    1    1    1    1  4.73907E+11 0.04080 
   95   95    1    1    1    1    1    1    1    1  2.36187E+11 0.04176 
   96   96    1    1    1    1    1    1    1    1  1.11349E+11 0.08275 
   97   97    1    1    1    1    1    1    1    1  4.54955E+10 0.07994 
   98   98    1    1    1    1    1    1    1    1  1.99253E+10 0.21706 
   99   99    1    1    1    1    1    1    1    1  1.11301E+10 0.22150 
  100  100    1    1    1    1    1    1    1    1  1.50269E+10 0.24608 
];


