
DETdpaspec = [
    1    1    1    1    1    1    1    1    1    1  0.00000E+00 0.00000 
    2    2    1    1    1    1    1    1    1    1  0.00000E+00 0.00000 
    3    3    1    1    1    1    1    1    1    1  0.00000E+00 0.00000 
    4    4    1    1    1    1    1    1    1    1  0.00000E+00 0.00000 
    5    5    1    1    1    1    1    1    1    1  0.00000E+00 0.00000 
    6    6    1    1    1    1    1    1    1    1  0.00000E+00 0.00000 
    7    7    1    1    1    1    1    1    1    1  2.39788E+07 0.68986 
    8    8    1    1    1    1    1    1    1    1  5.14544E+07 0.61815 
    9    9    1    1    1    1    1    1    1    1  2.35808E+07 0.74377 
   10   10    1    1    1    1    1    1    1    1  6.66228E+07 0.70093 
   11   11    1    1    1    1    1    1    1    1  9.37267E+07 1.00000 
   12   12    1    1    1    1    1    1    1    1  4.71379E+07 0.58023 
   13   13    1    1    1    1    1    1    1    1  1.74213E+09 0.35645 
   14   14    1    1    1    1    1    1    1    1  4.67611E+09 0.37141 
   15   15    1    1    1    1    1    1    1    1  6.39203E+09 0.27433 
   16   16    1    1    1    1    1    1    1    1  2.46008E+09 0.25367 
   17   17    1    1    1    1    1    1    1    1  5.39245E+09 0.17421 
   18   18    1    1    1    1    1    1    1    1  9.35964E+09 0.14829 
   19   19    1    1    1    1    1    1    1    1  1.41830E+10 0.14155 
   20   20    1    1    1    1    1    1    1    1  4.42106E+10 0.11614 
   21   21    1    1    1    1    1    1    1    1  3.28482E+10 0.09487 
   22   22    1    1    1    1    1    1    1    1  8.22604E+10 0.06334 
   23   23    1    1    1    1    1    1    1    1  1.38295E+11 0.06156 
   24   24    1    1    1    1    1    1    1    1  2.45281E+11 0.04202 
   25   25    1    1    1    1    1    1    1    1  3.73264E+11 0.03336 
   26   26    1    1    1    1    1    1    1    1  7.41261E+11 0.02307 
   27   27    1    1    1    1    1    1    1    1  1.56022E+12 0.01530 
   28   28    1    1    1    1    1    1    1    1  3.44069E+12 0.01001 
   29   29    1    1    1    1    1    1    1    1  4.89534E+12 0.01179 
   30   30    1    1    1    1    1    1    1    1  1.24488E+13 0.00647 
   31   31    1    1    1    1    1    1    1    1  2.99326E+13 0.00563 
   32   32    1    1    1    1    1    1    1    1  4.50241E+13 0.00363 
   33   33    1    1    1    1    1    1    1    1  8.89800E+13 0.00262 
   34   34    1    1    1    1    1    1    1    1  1.03740E+14 0.00223 
   35   35    1    1    1    1    1    1    1    1  1.45959E+14 0.00202 
   36   36    1    1    1    1    1    1    1    1  1.14258E+14 0.00191 
   37   37    1    1    1    1    1    1    1    1  3.58737E+13 0.00183 
   38   38    1    1    1    1    1    1    1    1  1.74015E+14 0.00168 
   39   39    1    1    1    1    1    1    1    1  2.14275E+14 0.00151 
   40   40    1    1    1    1    1    1    1    1  3.56918E+14 0.00176 
   41   41    1    1    1    1    1    1    1    1  3.44116E+14 0.00102 
   42   42    1    1    1    1    1    1    1    1  6.26775E+14 0.00138 
   43   43    1    1    1    1    1    1    1    1  6.88991E+14 0.00088 
   44   44    1    1    1    1    1    1    1    1  8.95046E+14 0.00089 
   45   45    1    1    1    1    1    1    1    1  1.59380E+15 0.00096 
   46   46    1    1    1    1    1    1    1    1  8.33988E+14 0.00090 
   47   47    1    1    1    1    1    1    1    1  1.20805E+15 0.00064 
   48   48    1    1    1    1    1    1    1    1  1.68229E+15 0.00094 
   49   49    1    1    1    1    1    1    1    1  1.53123E+15 0.00085 
   50   50    1    1    1    1    1    1    1    1  2.35193E+15 0.00103 
   51   51    1    1    1    1    1    1    1    1  1.85544E+15 0.00095 
   52   52    1    1    1    1    1    1    1    1  2.10470E+15 0.00103 
   53   53    1    1    1    1    1    1    1    1  1.50113E+15 0.00088 
   54   54    1    1    1    1    1    1    1    1  1.81643E+15 0.00089 
   55   55    1    1    1    1    1    1    1    1  1.28815E+15 0.00105 
   56   56    1    1    1    1    1    1    1    1  1.77550E+14 0.00136 
   57   57    1    1    1    1    1    1    1    1  2.50144E+15 0.00107 
   58   58    1    1    1    1    1    1    1    1  1.09326E+15 0.00129 
   59   59    1    1    1    1    1    1    1    1  1.19195E+15 0.00109 
   60   60    1    1    1    1    1    1    1    1  9.38748E+14 0.00089 
   61   61    1    1    1    1    1    1    1    1  9.40297E+14 0.00129 
   62   62    1    1    1    1    1    1    1    1  9.44932E+14 0.00153 
   63   63    1    1    1    1    1    1    1    1  7.87295E+14 0.00126 
   64   64    1    1    1    1    1    1    1    1  6.19278E+14 0.00114 
   65   65    1    1    1    1    1    1    1    1  6.08444E+14 0.00132 
   66   66    1    1    1    1    1    1    1    1  4.80839E+14 0.00149 
   67   67    1    1    1    1    1    1    1    1  3.95368E+14 0.00115 
   68   68    1    1    1    1    1    1    1    1  3.50532E+14 0.00148 
   69   69    1    1    1    1    1    1    1    1  4.25132E+14 0.00140 
   70   70    1    1    1    1    1    1    1    1  3.65349E+14 0.00145 
   71   71    1    1    1    1    1    1    1    1  6.85043E+14 0.00158 
   72   72    1    1    1    1    1    1    1    1  4.98515E+14 0.00148 
   73   73    1    1    1    1    1    1    1    1  3.84224E+14 0.00154 
   74   74    1    1    1    1    1    1    1    1  3.08916E+14 0.00173 
   75   75    1    1    1    1    1    1    1    1  2.51673E+14 0.00183 
   76   76    1    1    1    1    1    1    1    1  2.86591E+14 0.00158 
   77   77    1    1    1    1    1    1    1    1  2.22903E+14 0.00211 
   78   78    1    1    1    1    1    1    1    1  1.71720E+14 0.00152 
   79   79    1    1    1    1    1    1    1    1  1.76093E+14 0.00296 
   80   80    1    1    1    1    1    1    1    1  1.30952E+14 0.00237 
   81   81    1    1    1    1    1    1    1    1  1.01512E+14 0.00245 
   82   82    1    1    1    1    1    1    1    1  7.80310E+13 0.00269 
   83   83    1    1    1    1    1    1    1    1  7.27814E+13 0.00269 
   84   84    1    1    1    1    1    1    1    1  5.21316E+13 0.00269 
   85   85    1    1    1    1    1    1    1    1  3.78063E+13 0.00355 
   86   86    1    1    1    1    1    1    1    1  3.55819E+13 0.00294 
   87   87    1    1    1    1    1    1    1    1  2.18953E+13 0.00674 
   88   88    1    1    1    1    1    1    1    1  1.48040E+13 0.00728 
   89   89    1    1    1    1    1    1    1    1  8.53582E+12 0.00845 
   90   90    1    1    1    1    1    1    1    1  5.67895E+12 0.01054 
   91   91    1    1    1    1    1    1    1    1  2.87190E+12 0.01608 
   92   92    1    1    1    1    1    1    1    1  1.34027E+12 0.01610 
   93   93    1    1    1    1    1    1    1    1  6.46100E+11 0.03115 
   94   94    1    1    1    1    1    1    1    1  3.21443E+11 0.04530 
   95   95    1    1    1    1    1    1    1    1  1.75888E+11 0.06287 
   96   96    1    1    1    1    1    1    1    1  7.77539E+10 0.09854 
   97   97    1    1    1    1    1    1    1    1  3.56775E+10 0.10953 
   98   98    1    1    1    1    1    1    1    1  2.48435E+10 0.17851 
   99   99    1    1    1    1    1    1    1    1  7.71241E+09 0.26323 
  100  100    1    1    1    1    1    1    1    1  8.28853E+09 0.26710 
];


