
DETdpaspec = [
    1    1    1    1    1    1    1    1    1    1  0.00000E+00 0.00000 
    2    2    1    1    1    1    1    1    1    1  0.00000E+00 0.00000 
    3    3    1    1    1    1    1    1    1    1  0.00000E+00 0.00000 
    4    4    1    1    1    1    1    1    1    1  0.00000E+00 0.00000 
    5    5    1    1    1    1    1    1    1    1  0.00000E+00 0.00000 
    6    6    1    1    1    1    1    1    1    1  0.00000E+00 0.00000 
    7    7    1    1    1    1    1    1    1    1  0.00000E+00 0.00000 
    8    8    1    1    1    1    1    1    1    1  3.17904E+07 0.68844 
    9    9    1    1    1    1    1    1    1    1  2.58213E+07 0.57535 
   10   10    1    1    1    1    1    1    1    1  1.58460E+08 0.78951 
   11   11    1    1    1    1    1    1    1    1  1.49784E+08 0.72458 
   12   12    1    1    1    1    1    1    1    1  1.48666E+08 0.38403 
   13   13    1    1    1    1    1    1    1    1  1.72544E+09 0.46457 
   14   14    1    1    1    1    1    1    1    1  1.63291E+09 0.56323 
   15   15    1    1    1    1    1    1    1    1  4.38527E+09 0.29280 
   16   16    1    1    1    1    1    1    1    1  2.37180E+09 0.31125 
   17   17    1    1    1    1    1    1    1    1  5.94854E+09 0.28685 
   18   18    1    1    1    1    1    1    1    1  9.07394E+09 0.19324 
   19   19    1    1    1    1    1    1    1    1  1.38736E+10 0.14145 
   20   20    1    1    1    1    1    1    1    1  3.63969E+10 0.12747 
   21   21    1    1    1    1    1    1    1    1  3.26451E+10 0.11629 
   22   22    1    1    1    1    1    1    1    1  8.00632E+10 0.07732 
   23   23    1    1    1    1    1    1    1    1  1.36922E+11 0.05953 
   24   24    1    1    1    1    1    1    1    1  2.54070E+11 0.03468 
   25   25    1    1    1    1    1    1    1    1  4.32731E+11 0.03660 
   26   26    1    1    1    1    1    1    1    1  9.46535E+11 0.02755 
   27   27    1    1    1    1    1    1    1    1  2.01222E+12 0.01920 
   28   28    1    1    1    1    1    1    1    1  4.74533E+12 0.01153 
   29   29    1    1    1    1    1    1    1    1  7.05654E+12 0.00678 
   30   30    1    1    1    1    1    1    1    1  1.63001E+13 0.00445 
   31   31    1    1    1    1    1    1    1    1  3.88431E+13 0.00239 
   32   32    1    1    1    1    1    1    1    1  5.78431E+13 0.00392 
   33   33    1    1    1    1    1    1    1    1  1.15074E+14 0.00209 
   34   34    1    1    1    1    1    1    1    1  1.37432E+14 0.00223 
   35   35    1    1    1    1    1    1    1    1  1.84119E+14 0.00151 
   36   36    1    1    1    1    1    1    1    1  1.41482E+14 0.00139 
   37   37    1    1    1    1    1    1    1    1  4.35894E+13 0.00140 
   38   38    1    1    1    1    1    1    1    1  2.15954E+14 0.00140 
   39   39    1    1    1    1    1    1    1    1  2.66688E+14 0.00132 
   40   40    1    1    1    1    1    1    1    1  4.48892E+14 0.00127 
   41   41    1    1    1    1    1    1    1    1  4.27009E+14 0.00115 
   42   42    1    1    1    1    1    1    1    1  7.87761E+14 0.00132 
   43   43    1    1    1    1    1    1    1    1  8.68102E+14 0.00127 
   44   44    1    1    1    1    1    1    1    1  1.13332E+15 0.00097 
   45   45    1    1    1    1    1    1    1    1  2.03934E+15 0.00079 
   46   46    1    1    1    1    1    1    1    1  1.07004E+15 0.00096 
   47   47    1    1    1    1    1    1    1    1  1.53979E+15 0.00097 
   48   48    1    1    1    1    1    1    1    1  2.15887E+15 0.00081 
   49   49    1    1    1    1    1    1    1    1  1.95899E+15 0.00083 
   50   50    1    1    1    1    1    1    1    1  3.04383E+15 0.00078 
   51   51    1    1    1    1    1    1    1    1  2.38894E+15 0.00080 
   52   52    1    1    1    1    1    1    1    1  2.74446E+15 0.00067 
   53   53    1    1    1    1    1    1    1    1  1.95518E+15 0.00078 
   54   54    1    1    1    1    1    1    1    1  2.39664E+15 0.00091 
   55   55    1    1    1    1    1    1    1    1  1.69917E+15 0.00086 
   56   56    1    1    1    1    1    1    1    1  2.34153E+14 0.00108 
   57   57    1    1    1    1    1    1    1    1  3.30541E+15 0.00088 
   58   58    1    1    1    1    1    1    1    1  1.46773E+15 0.00080 
   59   59    1    1    1    1    1    1    1    1  1.59407E+15 0.00123 
   60   60    1    1    1    1    1    1    1    1  1.27228E+15 0.00083 
   61   61    1    1    1    1    1    1    1    1  1.26984E+15 0.00085 
   62   62    1    1    1    1    1    1    1    1  1.28143E+15 0.00104 
   63   63    1    1    1    1    1    1    1    1  1.07419E+15 0.00115 
   64   64    1    1    1    1    1    1    1    1  8.48008E+14 0.00109 
   65   65    1    1    1    1    1    1    1    1  8.33656E+14 0.00115 
   66   66    1    1    1    1    1    1    1    1  6.61342E+14 0.00132 
   67   67    1    1    1    1    1    1    1    1  5.43659E+14 0.00152 
   68   68    1    1    1    1    1    1    1    1  4.79784E+14 0.00119 
   69   69    1    1    1    1    1    1    1    1  5.82988E+14 0.00099 
   70   70    1    1    1    1    1    1    1    1  5.00339E+14 0.00135 
   71   71    1    1    1    1    1    1    1    1  9.30369E+14 0.00094 
   72   72    1    1    1    1    1    1    1    1  6.76582E+14 0.00115 
   73   73    1    1    1    1    1    1    1    1  5.22288E+14 0.00130 
   74   74    1    1    1    1    1    1    1    1  4.23620E+14 0.00163 
   75   75    1    1    1    1    1    1    1    1  3.49265E+14 0.00168 
   76   76    1    1    1    1    1    1    1    1  4.01039E+14 0.00161 
   77   77    1    1    1    1    1    1    1    1  3.14308E+14 0.00171 
   78   78    1    1    1    1    1    1    1    1  2.44831E+14 0.00186 
   79   79    1    1    1    1    1    1    1    1  2.52188E+14 0.00200 
   80   80    1    1    1    1    1    1    1    1  1.88619E+14 0.00222 
   81   81    1    1    1    1    1    1    1    1  1.46432E+14 0.00175 
   82   82    1    1    1    1    1    1    1    1  1.12843E+14 0.00202 
   83   83    1    1    1    1    1    1    1    1  1.05273E+14 0.00260 
   84   84    1    1    1    1    1    1    1    1  7.59137E+13 0.00267 
   85   85    1    1    1    1    1    1    1    1  5.46680E+13 0.00406 
   86   86    1    1    1    1    1    1    1    1  5.16567E+13 0.00343 
   87   87    1    1    1    1    1    1    1    1  3.15999E+13 0.00407 
   88   88    1    1    1    1    1    1    1    1  2.13906E+13 0.00620 
   89   89    1    1    1    1    1    1    1    1  1.22121E+13 0.00551 
   90   90    1    1    1    1    1    1    1    1  8.26982E+12 0.00726 
   91   91    1    1    1    1    1    1    1    1  4.04807E+12 0.01456 
   92   92    1    1    1    1    1    1    1    1  1.97887E+12 0.01656 
   93   93    1    1    1    1    1    1    1    1  9.65914E+11 0.02356 
   94   94    1    1    1    1    1    1    1    1  4.65448E+11 0.03938 
   95   95    1    1    1    1    1    1    1    1  2.43891E+11 0.04206 
   96   96    1    1    1    1    1    1    1    1  1.00768E+11 0.05775 
   97   97    1    1    1    1    1    1    1    1  4.00744E+10 0.10766 
   98   98    1    1    1    1    1    1    1    1  2.91119E+10 0.16976 
   99   99    1    1    1    1    1    1    1    1  1.15195E+10 0.21546 
  100  100    1    1    1    1    1    1    1    1  9.98841E+09 0.18823 
];


