
DETdpaspec = [
    1    1    1    1    1    1    1    1    1    1  0.00000E+00 0.00000 
    2    2    1    1    1    1    1    1    1    1  0.00000E+00 0.00000 
    3    3    1    1    1    1    1    1    1    1  0.00000E+00 0.00000 
    4    4    1    1    1    1    1    1    1    1  0.00000E+00 0.00000 
    5    5    1    1    1    1    1    1    1    1  2.20371E+07 0.54628 
    6    6    1    1    1    1    1    1    1    1  6.83412E+06 1.00000 
    7    7    1    1    1    1    1    1    1    1  3.79574E+07 1.00000 
    8    8    1    1    1    1    1    1    1    1  4.88927E+07 0.54674 
    9    9    1    1    1    1    1    1    1    1  5.77041E+07 0.57124 
   10   10    1    1    1    1    1    1    1    1  2.88389E+08 0.47781 
   11   11    1    1    1    1    1    1    1    1  6.20096E+08 0.24462 
   12   12    1    1    1    1    1    1    1    1  2.10753E+08 0.27200 
   13   13    1    1    1    1    1    1    1    1  1.35370E+09 0.44454 
   14   14    1    1    1    1    1    1    1    1  6.16073E+09 0.22163 
   15   15    1    1    1    1    1    1    1    1  8.69316E+09 0.14219 
   16   16    1    1    1    1    1    1    1    1  4.37054E+09 0.18954 
   17   17    1    1    1    1    1    1    1    1  7.50782E+09 0.13416 
   18   18    1    1    1    1    1    1    1    1  1.82779E+10 0.12671 
   19   19    1    1    1    1    1    1    1    1  2.60246E+10 0.09797 
   20   20    1    1    1    1    1    1    1    1  8.39051E+10 0.06884 
   21   21    1    1    1    1    1    1    1    1  6.89635E+10 0.06986 
   22   22    1    1    1    1    1    1    1    1  1.84741E+11 0.04730 
   23   23    1    1    1    1    1    1    1    1  2.52468E+11 0.03850 
   24   24    1    1    1    1    1    1    1    1  4.07300E+11 0.03936 
   25   25    1    1    1    1    1    1    1    1  5.73378E+11 0.02081 
   26   26    1    1    1    1    1    1    1    1  1.01824E+12 0.01995 
   27   27    1    1    1    1    1    1    1    1  1.95691E+12 0.01683 
   28   28    1    1    1    1    1    1    1    1  3.43579E+12 0.00866 
   29   29    1    1    1    1    1    1    1    1  4.20321E+12 0.00673 
   30   30    1    1    1    1    1    1    1    1  1.13238E+13 0.00663 
   31   31    1    1    1    1    1    1    1    1  2.54418E+13 0.00543 
   32   32    1    1    1    1    1    1    1    1  3.69465E+13 0.00402 
   33   33    1    1    1    1    1    1    1    1  6.95216E+13 0.00275 
   34   34    1    1    1    1    1    1    1    1  7.65192E+13 0.00227 
   35   35    1    1    1    1    1    1    1    1  1.12211E+14 0.00194 
   36   36    1    1    1    1    1    1    1    1  8.74151E+13 0.00170 
   37   37    1    1    1    1    1    1    1    1  2.76822E+13 0.00182 
   38   38    1    1    1    1    1    1    1    1  1.29564E+14 0.00211 
   39   39    1    1    1    1    1    1    1    1  1.56556E+14 0.00192 
   40   40    1    1    1    1    1    1    1    1  2.51840E+14 0.00197 
   41   41    1    1    1    1    1    1    1    1  2.45156E+14 0.00198 
   42   42    1    1    1    1    1    1    1    1  4.30385E+14 0.00173 
   43   43    1    1    1    1    1    1    1    1  4.65184E+14 0.00181 
   44   44    1    1    1    1    1    1    1    1  5.94843E+14 0.00196 
   45   45    1    1    1    1    1    1    1    1  1.03397E+15 0.00163 
   46   46    1    1    1    1    1    1    1    1  5.36140E+14 0.00165 
   47   47    1    1    1    1    1    1    1    1  7.77654E+14 0.00231 
   48   48    1    1    1    1    1    1    1    1  1.06824E+15 0.00206 
   49   49    1    1    1    1    1    1    1    1  9.76643E+14 0.00188 
   50   50    1    1    1    1    1    1    1    1  1.46698E+15 0.00177 
   51   51    1    1    1    1    1    1    1    1  1.16596E+15 0.00192 
   52   52    1    1    1    1    1    1    1    1  1.29501E+15 0.00183 
   53   53    1    1    1    1    1    1    1    1  9.26077E+14 0.00174 
   54   54    1    1    1    1    1    1    1    1  1.09912E+15 0.00185 
   55   55    1    1    1    1    1    1    1    1  7.80763E+14 0.00154 
   56   56    1    1    1    1    1    1    1    1  1.08166E+14 0.00193 
   57   57    1    1    1    1    1    1    1    1  1.51653E+15 0.00192 
   58   58    1    1    1    1    1    1    1    1  6.47167E+14 0.00217 
   59   59    1    1    1    1    1    1    1    1  7.07628E+14 0.00200 
   60   60    1    1    1    1    1    1    1    1  5.47844E+14 0.00221 
   61   61    1    1    1    1    1    1    1    1  5.48527E+14 0.00202 
   62   62    1    1    1    1    1    1    1    1  5.48557E+14 0.00267 
   63   63    1    1    1    1    1    1    1    1  4.53480E+14 0.00237 
   64   64    1    1    1    1    1    1    1    1  3.56054E+14 0.00289 
   65   65    1    1    1    1    1    1    1    1  3.49513E+14 0.00255 
   66   66    1    1    1    1    1    1    1    1  2.75374E+14 0.00270 
   67   67    1    1    1    1    1    1    1    1  2.27403E+14 0.00297 
   68   68    1    1    1    1    1    1    1    1  2.01603E+14 0.00280 
   69   69    1    1    1    1    1    1    1    1  2.43749E+14 0.00251 
   70   70    1    1    1    1    1    1    1    1  2.09613E+14 0.00216 
   71   71    1    1    1    1    1    1    1    1  3.97306E+14 0.00191 
   72   72    1    1    1    1    1    1    1    1  2.92212E+14 0.00258 
   73   73    1    1    1    1    1    1    1    1  2.24343E+14 0.00234 
   74   74    1    1    1    1    1    1    1    1  1.77307E+14 0.00240 
   75   75    1    1    1    1    1    1    1    1  1.42051E+14 0.00242 
   76   76    1    1    1    1    1    1    1    1  1.59285E+14 0.00403 
   77   77    1    1    1    1    1    1    1    1  1.21933E+14 0.00340 
   78   78    1    1    1    1    1    1    1    1  9.32247E+13 0.00317 
   79   79    1    1    1    1    1    1    1    1  9.50312E+13 0.00360 
   80   80    1    1    1    1    1    1    1    1  6.99521E+13 0.00369 
   81   81    1    1    1    1    1    1    1    1  5.41897E+13 0.00353 
   82   82    1    1    1    1    1    1    1    1  4.13098E+13 0.00460 
   83   83    1    1    1    1    1    1    1    1  3.83570E+13 0.00359 
   84   84    1    1    1    1    1    1    1    1  2.76306E+13 0.00547 
   85   85    1    1    1    1    1    1    1    1  1.98302E+13 0.00501 
   86   86    1    1    1    1    1    1    1    1  1.86457E+13 0.00596 
   87   87    1    1    1    1    1    1    1    1  1.16379E+13 0.00632 
   88   88    1    1    1    1    1    1    1    1  7.71359E+12 0.00829 
   89   89    1    1    1    1    1    1    1    1  4.51382E+12 0.01190 
   90   90    1    1    1    1    1    1    1    1  2.95764E+12 0.01383 
   91   91    1    1    1    1    1    1    1    1  1.50384E+12 0.01784 
   92   92    1    1    1    1    1    1    1    1  7.26832E+11 0.02629 
   93   93    1    1    1    1    1    1    1    1  3.73499E+11 0.03366 
   94   94    1    1    1    1    1    1    1    1  1.73399E+11 0.06280 
   95   95    1    1    1    1    1    1    1    1  7.46574E+10 0.08652 
   96   96    1    1    1    1    1    1    1    1  3.92963E+10 0.12038 
   97   97    1    1    1    1    1    1    1    1  2.16338E+10 0.13960 
   98   98    1    1    1    1    1    1    1    1  1.41680E+10 0.16778 
   99   99    1    1    1    1    1    1    1    1  7.39818E+09 0.26424 
  100  100    1    1    1    1    1    1    1    1  6.82210E+09 0.28996 
];


