
DETdpaspec = [
    1    1    1    1    1    1    1    1    1    1  0.00000E+00 0.00000 
    2    2    1    1    1    1    1    1    1    1  0.00000E+00 0.00000 
    3    3    1    1    1    1    1    1    1    1  0.00000E+00 0.00000 
    4    4    1    1    1    1    1    1    1    1  0.00000E+00 0.00000 
    5    5    1    1    1    1    1    1    1    1  0.00000E+00 0.00000 
    6    6    1    1    1    1    1    1    1    1  1.46584E+07 0.68980 
    7    7    1    1    1    1    1    1    1    1  1.61553E+07 1.00000 
    8    8    1    1    1    1    1    1    1    1  0.00000E+00 0.00000 
    9    9    1    1    1    1    1    1    1    1  4.93359E+07 0.68825 
   10   10    1    1    1    1    1    1    1    1  2.67867E+08 0.73575 
   11   11    1    1    1    1    1    1    1    1  3.70815E+08 0.33567 
   12   12    1    1    1    1    1    1    1    1  1.90120E+08 0.39182 
   13   13    1    1    1    1    1    1    1    1  2.34222E+09 0.34121 
   14   14    1    1    1    1    1    1    1    1  4.49081E+09 0.15463 
   15   15    1    1    1    1    1    1    1    1  7.17243E+09 0.29501 
   16   16    1    1    1    1    1    1    1    1  2.43898E+09 0.17414 
   17   17    1    1    1    1    1    1    1    1  6.17587E+09 0.15101 
   18   18    1    1    1    1    1    1    1    1  2.31886E+10 0.12581 
   19   19    1    1    1    1    1    1    1    1  2.17736E+10 0.09284 
   20   20    1    1    1    1    1    1    1    1  6.26248E+10 0.07507 
   21   21    1    1    1    1    1    1    1    1  5.61291E+10 0.08975 
   22   22    1    1    1    1    1    1    1    1  1.41472E+11 0.05207 
   23   23    1    1    1    1    1    1    1    1  1.99334E+11 0.04686 
   24   24    1    1    1    1    1    1    1    1  3.28926E+11 0.03084 
   25   25    1    1    1    1    1    1    1    1  4.55156E+11 0.02393 
   26   26    1    1    1    1    1    1    1    1  8.33524E+11 0.02076 
   27   27    1    1    1    1    1    1    1    1  1.64340E+12 0.01480 
   28   28    1    1    1    1    1    1    1    1  3.11094E+12 0.01242 
   29   29    1    1    1    1    1    1    1    1  4.02109E+12 0.00948 
   30   30    1    1    1    1    1    1    1    1  1.06809E+13 0.00736 
   31   31    1    1    1    1    1    1    1    1  2.46056E+13 0.00613 
   32   32    1    1    1    1    1    1    1    1  3.66546E+13 0.00433 
   33   33    1    1    1    1    1    1    1    1  7.04744E+13 0.00290 
   34   34    1    1    1    1    1    1    1    1  7.90567E+13 0.00326 
   35   35    1    1    1    1    1    1    1    1  1.14319E+14 0.00275 
   36   36    1    1    1    1    1    1    1    1  8.95931E+13 0.00240 
   37   37    1    1    1    1    1    1    1    1  2.82832E+13 0.00231 
   38   38    1    1    1    1    1    1    1    1  1.34500E+14 0.00234 
   39   39    1    1    1    1    1    1    1    1  1.64080E+14 0.00167 
   40   40    1    1    1    1    1    1    1    1  2.66464E+14 0.00191 
   41   41    1    1    1    1    1    1    1    1  2.59141E+14 0.00127 
   42   42    1    1    1    1    1    1    1    1  4.62047E+14 0.00129 
   43   43    1    1    1    1    1    1    1    1  5.00602E+14 0.00159 
   44   44    1    1    1    1    1    1    1    1  6.44658E+14 0.00169 
   45   45    1    1    1    1    1    1    1    1  1.12794E+15 0.00135 
   46   46    1    1    1    1    1    1    1    1  5.85999E+14 0.00140 
   47   47    1    1    1    1    1    1    1    1  8.49095E+14 0.00149 
   48   48    1    1    1    1    1    1    1    1  1.17052E+15 0.00132 
   49   49    1    1    1    1    1    1    1    1  1.07131E+15 0.00141 
   50   50    1    1    1    1    1    1    1    1  1.61604E+15 0.00129 
   51   51    1    1    1    1    1    1    1    1  1.28213E+15 0.00138 
   52   52    1    1    1    1    1    1    1    1  1.43078E+15 0.00167 
   53   53    1    1    1    1    1    1    1    1  1.02022E+15 0.00164 
   54   54    1    1    1    1    1    1    1    1  1.21697E+15 0.00163 
   55   55    1    1    1    1    1    1    1    1  8.64456E+14 0.00193 
   56   56    1    1    1    1    1    1    1    1  1.19747E+14 0.00233 
   57   57    1    1    1    1    1    1    1    1  1.67594E+15 0.00199 
   58   58    1    1    1    1    1    1    1    1  7.18302E+14 0.00195 
   59   59    1    1    1    1    1    1    1    1  7.84495E+14 0.00179 
   60   60    1    1    1    1    1    1    1    1  6.10287E+14 0.00181 
   61   61    1    1    1    1    1    1    1    1  6.10673E+14 0.00179 
   62   62    1    1    1    1    1    1    1    1  6.11374E+14 0.00237 
   63   63    1    1    1    1    1    1    1    1  5.06929E+14 0.00159 
   64   64    1    1    1    1    1    1    1    1  3.98297E+14 0.00217 
   65   65    1    1    1    1    1    1    1    1  3.90451E+14 0.00199 
   66   66    1    1    1    1    1    1    1    1  3.07382E+14 0.00183 
   67   67    1    1    1    1    1    1    1    1  2.54240E+14 0.00201 
   68   68    1    1    1    1    1    1    1    1  2.25348E+14 0.00215 
   69   69    1    1    1    1    1    1    1    1  2.72449E+14 0.00287 
   70   70    1    1    1    1    1    1    1    1  2.33799E+14 0.00214 
   71   71    1    1    1    1    1    1    1    1  4.43819E+14 0.00206 
   72   72    1    1    1    1    1    1    1    1  3.24450E+14 0.00183 
   73   73    1    1    1    1    1    1    1    1  2.48440E+14 0.00258 
   74   74    1    1    1    1    1    1    1    1  1.97624E+14 0.00255 
   75   75    1    1    1    1    1    1    1    1  1.59330E+14 0.00242 
   76   76    1    1    1    1    1    1    1    1  1.79230E+14 0.00289 
   77   77    1    1    1    1    1    1    1    1  1.37847E+14 0.00237 
   78   78    1    1    1    1    1    1    1    1  1.05582E+14 0.00252 
   79   79    1    1    1    1    1    1    1    1  1.07508E+14 0.00263 
   80   80    1    1    1    1    1    1    1    1  7.98747E+13 0.00317 
   81   81    1    1    1    1    1    1    1    1  6.11977E+13 0.00421 
   82   82    1    1    1    1    1    1    1    1  4.72823E+13 0.00240 
   83   83    1    1    1    1    1    1    1    1  4.38618E+13 0.00428 
   84   84    1    1    1    1    1    1    1    1  3.16768E+13 0.00444 
   85   85    1    1    1    1    1    1    1    1  2.29479E+13 0.00502 
   86   86    1    1    1    1    1    1    1    1  2.13925E+13 0.00404 
   87   87    1    1    1    1    1    1    1    1  1.32779E+13 0.00649 
   88   88    1    1    1    1    1    1    1    1  8.88833E+12 0.00946 
   89   89    1    1    1    1    1    1    1    1  5.13452E+12 0.01256 
   90   90    1    1    1    1    1    1    1    1  3.46423E+12 0.01519 
   91   91    1    1    1    1    1    1    1    1  1.74709E+12 0.01593 
   92   92    1    1    1    1    1    1    1    1  8.76516E+11 0.02966 
   93   93    1    1    1    1    1    1    1    1  4.04642E+11 0.05116 
   94   94    1    1    1    1    1    1    1    1  1.92962E+11 0.04495 
   95   95    1    1    1    1    1    1    1    1  8.80778E+10 0.07307 
   96   96    1    1    1    1    1    1    1    1  4.69657E+10 0.13268 
   97   97    1    1    1    1    1    1    1    1  2.19103E+10 0.15428 
   98   98    1    1    1    1    1    1    1    1  1.15964E+10 0.27464 
   99   99    1    1    1    1    1    1    1    1  4.64188E+09 0.29864 
  100  100    1    1    1    1    1    1    1    1  7.54150E+09 0.34467 
];


