
DETdpaspec = [
    1    1    1    1    1    1    1    1    1    1  0.00000E+00 0.00000 
    2    2    1    1    1    1    1    1    1    1  0.00000E+00 0.00000 
    3    3    1    1    1    1    1    1    1    1  0.00000E+00 0.00000 
    4    4    1    1    1    1    1    1    1    1  1.48115E+07 0.68825 
    5    5    1    1    1    1    1    1    1    1  0.00000E+00 0.00000 
    6    6    1    1    1    1    1    1    1    1  7.34108E+06 1.00000 
    7    7    1    1    1    1    1    1    1    1  0.00000E+00 0.00000 
    8    8    1    1    1    1    1    1    1    1  6.20174E+07 0.58326 
    9    9    1    1    1    1    1    1    1    1  0.00000E+00 0.00000 
   10   10    1    1    1    1    1    1    1    1  1.21745E+08 0.54669 
   11   11    1    1    1    1    1    1    1    1  1.19572E+08 0.55648 
   12   12    1    1    1    1    1    1    1    1  9.22488E+07 0.52589 
   13   13    1    1    1    1    1    1    1    1  1.57215E+09 0.34528 
   14   14    1    1    1    1    1    1    1    1  5.31586E+09 0.22550 
   15   15    1    1    1    1    1    1    1    1  8.45635E+09 0.25495 
   16   16    1    1    1    1    1    1    1    1  2.33131E+09 0.21106 
   17   17    1    1    1    1    1    1    1    1  4.71161E+09 0.17684 
   18   18    1    1    1    1    1    1    1    1  1.66412E+10 0.13194 
   19   19    1    1    1    1    1    1    1    1  1.74231E+10 0.12231 
   20   20    1    1    1    1    1    1    1    1  6.64323E+10 0.09262 
   21   21    1    1    1    1    1    1    1    1  5.07067E+10 0.09925 
   22   22    1    1    1    1    1    1    1    1  1.21045E+11 0.06329 
   23   23    1    1    1    1    1    1    1    1  1.77922E+11 0.04110 
   24   24    1    1    1    1    1    1    1    1  2.95427E+11 0.03739 
   25   25    1    1    1    1    1    1    1    1  4.19884E+11 0.03441 
   26   26    1    1    1    1    1    1    1    1  7.36462E+11 0.01871 
   27   27    1    1    1    1    1    1    1    1  1.56365E+12 0.01685 
   28   28    1    1    1    1    1    1    1    1  3.05278E+12 0.01278 
   29   29    1    1    1    1    1    1    1    1  4.01697E+12 0.00749 
   30   30    1    1    1    1    1    1    1    1  1.06364E+13 0.00734 
   31   31    1    1    1    1    1    1    1    1  2.51577E+13 0.00665 
   32   32    1    1    1    1    1    1    1    1  3.74388E+13 0.00469 
   33   33    1    1    1    1    1    1    1    1  7.23617E+13 0.00320 
   34   34    1    1    1    1    1    1    1    1  8.17117E+13 0.00287 
   35   35    1    1    1    1    1    1    1    1  1.17959E+14 0.00267 
   36   36    1    1    1    1    1    1    1    1  9.23382E+13 0.00199 
   37   37    1    1    1    1    1    1    1    1  2.92035E+13 0.00216 
   38   38    1    1    1    1    1    1    1    1  1.39391E+14 0.00208 
   39   39    1    1    1    1    1    1    1    1  1.70941E+14 0.00195 
   40   40    1    1    1    1    1    1    1    1  2.78396E+14 0.00196 
   41   41    1    1    1    1    1    1    1    1  2.70601E+14 0.00151 
   42   42    1    1    1    1    1    1    1    1  4.83186E+14 0.00186 
   43   43    1    1    1    1    1    1    1    1  5.26478E+14 0.00140 
   44   44    1    1    1    1    1    1    1    1  6.79501E+14 0.00137 
   45   45    1    1    1    1    1    1    1    1  1.19328E+15 0.00130 
   46   46    1    1    1    1    1    1    1    1  6.21626E+14 0.00159 
   47   47    1    1    1    1    1    1    1    1  9.00824E+14 0.00153 
   48   48    1    1    1    1    1    1    1    1  1.24460E+15 0.00169 
   49   49    1    1    1    1    1    1    1    1  1.13597E+15 0.00171 
   50   50    1    1    1    1    1    1    1    1  1.71984E+15 0.00157 
   51   51    1    1    1    1    1    1    1    1  1.36273E+15 0.00178 
   52   52    1    1    1    1    1    1    1    1  1.52527E+15 0.00158 
   53   53    1    1    1    1    1    1    1    1  1.08695E+15 0.00166 
   54   54    1    1    1    1    1    1    1    1  1.29840E+15 0.00150 
   55   55    1    1    1    1    1    1    1    1  9.21204E+14 0.00140 
   56   56    1    1    1    1    1    1    1    1  1.27553E+14 0.00190 
   57   57    1    1    1    1    1    1    1    1  1.78801E+15 0.00161 
   58   58    1    1    1    1    1    1    1    1  7.69742E+14 0.00177 
   59   59    1    1    1    1    1    1    1    1  8.40981E+14 0.00155 
   60   60    1    1    1    1    1    1    1    1  6.53595E+14 0.00206 
   61   61    1    1    1    1    1    1    1    1  6.55027E+14 0.00177 
   62   62    1    1    1    1    1    1    1    1  6.56371E+14 0.00221 
   63   63    1    1    1    1    1    1    1    1  5.45157E+14 0.00213 
   64   64    1    1    1    1    1    1    1    1  4.27766E+14 0.00259 
   65   65    1    1    1    1    1    1    1    1  4.20275E+14 0.00214 
   66   66    1    1    1    1    1    1    1    1  3.31501E+14 0.00241 
   67   67    1    1    1    1    1    1    1    1  2.73227E+14 0.00231 
   68   68    1    1    1    1    1    1    1    1  2.41612E+14 0.00164 
   69   69    1    1    1    1    1    1    1    1  2.93842E+14 0.00205 
   70   70    1    1    1    1    1    1    1    1  2.52033E+14 0.00248 
   71   71    1    1    1    1    1    1    1    1  4.75720E+14 0.00237 
   72   72    1    1    1    1    1    1    1    1  3.47669E+14 0.00217 
   73   73    1    1    1    1    1    1    1    1  2.66121E+14 0.00293 
   74   74    1    1    1    1    1    1    1    1  2.12681E+14 0.00209 
   75   75    1    1    1    1    1    1    1    1  1.71512E+14 0.00242 
   76   76    1    1    1    1    1    1    1    1  1.93703E+14 0.00298 
   77   77    1    1    1    1    1    1    1    1  1.48862E+14 0.00272 
   78   78    1    1    1    1    1    1    1    1  1.13888E+14 0.00295 
   79   79    1    1    1    1    1    1    1    1  1.16595E+14 0.00262 
   80   80    1    1    1    1    1    1    1    1  8.63705E+13 0.00269 
   81   81    1    1    1    1    1    1    1    1  6.63666E+13 0.00362 
   82   82    1    1    1    1    1    1    1    1  5.13005E+13 0.00405 
   83   83    1    1    1    1    1    1    1    1  4.74511E+13 0.00279 
   84   84    1    1    1    1    1    1    1    1  3.42870E+13 0.00465 
   85   85    1    1    1    1    1    1    1    1  2.46732E+13 0.00564 
   86   86    1    1    1    1    1    1    1    1  2.30701E+13 0.00468 
   87   87    1    1    1    1    1    1    1    1  1.44074E+13 0.00699 
   88   88    1    1    1    1    1    1    1    1  9.75322E+12 0.00740 
   89   89    1    1    1    1    1    1    1    1  5.59679E+12 0.00992 
   90   90    1    1    1    1    1    1    1    1  3.85762E+12 0.01618 
   91   91    1    1    1    1    1    1    1    1  1.88467E+12 0.01706 
   92   92    1    1    1    1    1    1    1    1  9.09451E+11 0.02372 
   93   93    1    1    1    1    1    1    1    1  4.35468E+11 0.03701 
   94   94    1    1    1    1    1    1    1    1  2.02943E+11 0.06013 
   95   95    1    1    1    1    1    1    1    1  8.77432E+10 0.07416 
   96   96    1    1    1    1    1    1    1    1  2.92444E+10 0.11974 
   97   97    1    1    1    1    1    1    1    1  2.05579E+10 0.17032 
   98   98    1    1    1    1    1    1    1    1  7.70025E+09 0.21569 
   99   99    1    1    1    1    1    1    1    1  5.38277E+09 0.34005 
  100  100    1    1    1    1    1    1    1    1  3.98781E+09 0.36573 
];


