
DETdpaspec = [
    1    1    1    1    1    1    1    1    1    1  0.00000E+00 0.00000 
    2    2    1    1    1    1    1    1    1    1  0.00000E+00 0.00000 
    3    3    1    1    1    1    1    1    1    1  0.00000E+00 0.00000 
    4    4    1    1    1    1    1    1    1    1  0.00000E+00 0.00000 
    5    5    1    1    1    1    1    1    1    1  9.10803E+06 1.00000 
    6    6    1    1    1    1    1    1    1    1  0.00000E+00 0.00000 
    7    7    1    1    1    1    1    1    1    1  0.00000E+00 0.00000 
    8    8    1    1    1    1    1    1    1    1  2.87391E+07 0.69564 
    9    9    1    1    1    1    1    1    1    1  5.89461E+07 0.51984 
   10   10    1    1    1    1    1    1    1    1  1.33708E+08 0.65284 
   11   11    1    1    1    1    1    1    1    1  2.07636E+08 0.49666 
   12   12    1    1    1    1    1    1    1    1  1.36722E+08 0.53881 
   13   13    1    1    1    1    1    1    1    1  5.19400E+08 0.40150 
   14   14    1    1    1    1    1    1    1    1  4.12807E+09 0.36027 
   15   15    1    1    1    1    1    1    1    1  5.23464E+09 0.24385 
   16   16    1    1    1    1    1    1    1    1  2.67184E+09 0.17656 
   17   17    1    1    1    1    1    1    1    1  3.24337E+09 0.22249 
   18   18    1    1    1    1    1    1    1    1  1.36641E+10 0.17795 
   19   19    1    1    1    1    1    1    1    1  1.49585E+10 0.14288 
   20   20    1    1    1    1    1    1    1    1  5.22754E+10 0.11581 
   21   21    1    1    1    1    1    1    1    1  3.96371E+10 0.07792 
   22   22    1    1    1    1    1    1    1    1  9.98410E+10 0.06511 
   23   23    1    1    1    1    1    1    1    1  1.55459E+11 0.05058 
   24   24    1    1    1    1    1    1    1    1  2.58699E+11 0.03123 
   25   25    1    1    1    1    1    1    1    1  3.87469E+11 0.02741 
   26   26    1    1    1    1    1    1    1    1  7.31836E+11 0.01678 
   27   27    1    1    1    1    1    1    1    1  1.47089E+12 0.02285 
   28   28    1    1    1    1    1    1    1    1  3.12005E+12 0.01236 
   29   29    1    1    1    1    1    1    1    1  4.35141E+12 0.01008 
   30   30    1    1    1    1    1    1    1    1  1.14420E+13 0.00644 
   31   31    1    1    1    1    1    1    1    1  2.71762E+13 0.00505 
   32   32    1    1    1    1    1    1    1    1  4.08777E+13 0.00402 
   33   33    1    1    1    1    1    1    1    1  8.04982E+13 0.00228 
   34   34    1    1    1    1    1    1    1    1  9.26056E+13 0.00238 
   35   35    1    1    1    1    1    1    1    1  1.32100E+14 0.00232 
   36   36    1    1    1    1    1    1    1    1  1.03426E+14 0.00206 
   37   37    1    1    1    1    1    1    1    1  3.25711E+13 0.00194 
   38   38    1    1    1    1    1    1    1    1  1.56895E+14 0.00146 
   39   39    1    1    1    1    1    1    1    1  1.93023E+14 0.00134 
   40   40    1    1    1    1    1    1    1    1  3.18537E+14 0.00139 
   41   41    1    1    1    1    1    1    1    1  3.08745E+14 0.00139 
   42   42    1    1    1    1    1    1    1    1  5.57736E+14 0.00126 
   43   43    1    1    1    1    1    1    1    1  6.10656E+14 0.00144 
   44   44    1    1    1    1    1    1    1    1  7.91995E+14 0.00100 
   45   45    1    1    1    1    1    1    1    1  1.40257E+15 0.00114 
   46   46    1    1    1    1    1    1    1    1  7.32092E+14 0.00114 
   47   47    1    1    1    1    1    1    1    1  1.06109E+15 0.00096 
   48   48    1    1    1    1    1    1    1    1  1.47293E+15 0.00079 
   49   49    1    1    1    1    1    1    1    1  1.34276E+15 0.00098 
   50   50    1    1    1    1    1    1    1    1  2.04874E+15 0.00085 
   51   51    1    1    1    1    1    1    1    1  1.62028E+15 0.00090 
   52   52    1    1    1    1    1    1    1    1  1.82451E+15 0.00088 
   53   53    1    1    1    1    1    1    1    1  1.30215E+15 0.00091 
   54   54    1    1    1    1    1    1    1    1  1.56697E+15 0.00099 
   55   55    1    1    1    1    1    1    1    1  1.11072E+15 0.00094 
   56   56    1    1    1    1    1    1    1    1  1.53484E+14 0.00143 
   57   57    1    1    1    1    1    1    1    1  2.15922E+15 0.00084 
   58   58    1    1    1    1    1    1    1    1  9.34874E+14 0.00074 
   59   59    1    1    1    1    1    1    1    1  1.02097E+15 0.00071 
   60   60    1    1    1    1    1    1    1    1  7.99647E+14 0.00067 
   61   61    1    1    1    1    1    1    1    1  8.01419E+14 0.00092 
   62   62    1    1    1    1    1    1    1    1  8.04660E+14 0.00111 
   63   63    1    1    1    1    1    1    1    1  6.68232E+14 0.00103 
   64   64    1    1    1    1    1    1    1    1  5.26036E+14 0.00141 
   65   65    1    1    1    1    1    1    1    1  5.16165E+14 0.00170 
   66   66    1    1    1    1    1    1    1    1  4.07248E+14 0.00184 
   67   67    1    1    1    1    1    1    1    1  3.36088E+14 0.00161 
   68   68    1    1    1    1    1    1    1    1  2.97643E+14 0.00126 
   69   69    1    1    1    1    1    1    1    1  3.61165E+14 0.00093 
   70   70    1    1    1    1    1    1    1    1  3.09791E+14 0.00164 
   71   71    1    1    1    1    1    1    1    1  5.83982E+14 0.00118 
   72   72    1    1    1    1    1    1    1    1  4.25390E+14 0.00145 
   73   73    1    1    1    1    1    1    1    1  3.26075E+14 0.00169 
   74   74    1    1    1    1    1    1    1    1  2.61252E+14 0.00197 
   75   75    1    1    1    1    1    1    1    1  2.12767E+14 0.00207 
   76   76    1    1    1    1    1    1    1    1  2.41230E+14 0.00193 
   77   77    1    1    1    1    1    1    1    1  1.86691E+14 0.00172 
   78   78    1    1    1    1    1    1    1    1  1.43347E+14 0.00175 
   79   79    1    1    1    1    1    1    1    1  1.47246E+14 0.00169 
   80   80    1    1    1    1    1    1    1    1  1.09443E+14 0.00198 
   81   81    1    1    1    1    1    1    1    1  8.41608E+13 0.00183 
   82   82    1    1    1    1    1    1    1    1  6.43884E+13 0.00223 
   83   83    1    1    1    1    1    1    1    1  6.07436E+13 0.00286 
   84   84    1    1    1    1    1    1    1    1  4.32967E+13 0.00479 
   85   85    1    1    1    1    1    1    1    1  3.13607E+13 0.00483 
   86   86    1    1    1    1    1    1    1    1  2.91556E+13 0.00286 
   87   87    1    1    1    1    1    1    1    1  1.81744E+13 0.00390 
   88   88    1    1    1    1    1    1    1    1  1.23084E+13 0.00589 
   89   89    1    1    1    1    1    1    1    1  7.01772E+12 0.00946 
   90   90    1    1    1    1    1    1    1    1  4.71902E+12 0.01411 
   91   91    1    1    1    1    1    1    1    1  2.35878E+12 0.01490 
   92   92    1    1    1    1    1    1    1    1  1.15793E+12 0.02201 
   93   93    1    1    1    1    1    1    1    1  5.97271E+11 0.02206 
   94   94    1    1    1    1    1    1    1    1  2.90247E+11 0.04046 
   95   95    1    1    1    1    1    1    1    1  9.67181E+10 0.05406 
   96   96    1    1    1    1    1    1    1    1  7.14056E+10 0.09817 
   97   97    1    1    1    1    1    1    1    1  3.16469E+10 0.11106 
   98   98    1    1    1    1    1    1    1    1  1.29050E+10 0.24888 
   99   99    1    1    1    1    1    1    1    1  7.43490E+09 0.24707 
  100  100    1    1    1    1    1    1    1    1  4.74978E+09 0.33405 
];


