
DETdpaspec = [
    1    1    1    1    1    1    1    1    1    1  0.00000E+00 0.00000 
    2    2    1    1    1    1    1    1    1    1  0.00000E+00 0.00000 
    3    3    1    1    1    1    1    1    1    1  8.75716E+06 1.00000 
    4    4    1    1    1    1    1    1    1    1  0.00000E+00 0.00000 
    5    5    1    1    1    1    1    1    1    1  9.07836E+06 1.00000 
    6    6    1    1    1    1    1    1    1    1  0.00000E+00 0.00000 
    7    7    1    1    1    1    1    1    1    1  0.00000E+00 0.00000 
    8    8    1    1    1    1    1    1    1    1  0.00000E+00 0.00000 
    9    9    1    1    1    1    1    1    1    1  2.92657E+07 1.00000 
   10   10    1    1    1    1    1    1    1    1  1.10556E+08 0.55047 
   11   11    1    1    1    1    1    1    1    1  4.49830E+08 0.39538 
   12   12    1    1    1    1    1    1    1    1  5.30898E+07 0.49222 
   13   13    1    1    1    1    1    1    1    1  3.22792E+09 0.27132 
   14   14    1    1    1    1    1    1    1    1  5.47071E+09 0.22292 
   15   15    1    1    1    1    1    1    1    1  4.57483E+09 0.24349 
   16   16    1    1    1    1    1    1    1    1  1.70334E+09 0.26412 
   17   17    1    1    1    1    1    1    1    1  3.24844E+09 0.19503 
   18   18    1    1    1    1    1    1    1    1  1.34095E+10 0.14063 
   19   19    1    1    1    1    1    1    1    1  1.32734E+10 0.16081 
   20   20    1    1    1    1    1    1    1    1  4.98506E+10 0.09624 
   21   21    1    1    1    1    1    1    1    1  3.58773E+10 0.08827 
   22   22    1    1    1    1    1    1    1    1  9.06379E+10 0.04231 
   23   23    1    1    1    1    1    1    1    1  1.32490E+11 0.06104 
   24   24    1    1    1    1    1    1    1    1  2.54730E+11 0.04756 
   25   25    1    1    1    1    1    1    1    1  3.73620E+11 0.02992 
   26   26    1    1    1    1    1    1    1    1  7.47226E+11 0.02647 
   27   27    1    1    1    1    1    1    1    1  1.58060E+12 0.02245 
   28   28    1    1    1    1    1    1    1    1  3.61924E+12 0.01275 
   29   29    1    1    1    1    1    1    1    1  5.17649E+12 0.00773 
   30   30    1    1    1    1    1    1    1    1  1.29416E+13 0.00590 
   31   31    1    1    1    1    1    1    1    1  3.10333E+13 0.00689 
   32   32    1    1    1    1    1    1    1    1  4.71231E+13 0.00383 
   33   33    1    1    1    1    1    1    1    1  9.37633E+13 0.00232 
   34   34    1    1    1    1    1    1    1    1  1.10196E+14 0.00218 
   35   35    1    1    1    1    1    1    1    1  1.53735E+14 0.00185 
   36   36    1    1    1    1    1    1    1    1  1.19788E+14 0.00150 
   37   37    1    1    1    1    1    1    1    1  3.74593E+13 0.00140 
   38   38    1    1    1    1    1    1    1    1  1.82863E+14 0.00116 
   39   39    1    1    1    1    1    1    1    1  2.25393E+14 0.00116 
   40   40    1    1    1    1    1    1    1    1  3.76088E+14 0.00124 
   41   41    1    1    1    1    1    1    1    1  3.61673E+14 0.00093 
   42   42    1    1    1    1    1    1    1    1  6.62080E+14 0.00088 
   43   43    1    1    1    1    1    1    1    1  7.27742E+14 0.00101 
   44   44    1    1    1    1    1    1    1    1  9.47864E+14 0.00089 
   45   45    1    1    1    1    1    1    1    1  1.69615E+15 0.00088 
   46   46    1    1    1    1    1    1    1    1  8.88164E+14 0.00092 
   47   47    1    1    1    1    1    1    1    1  1.28328E+15 0.00082 
   48   48    1    1    1    1    1    1    1    1  1.79391E+15 0.00065 
   49   49    1    1    1    1    1    1    1    1  1.63418E+15 0.00066 
   50   50    1    1    1    1    1    1    1    1  2.51476E+15 0.00078 
   51   51    1    1    1    1    1    1    1    1  1.98094E+15 0.00083 
   52   52    1    1    1    1    1    1    1    1  2.25506E+15 0.00069 
   53   53    1    1    1    1    1    1    1    1  1.60809E+15 0.00088 
   54   54    1    1    1    1    1    1    1    1  1.95063E+15 0.00090 
   55   55    1    1    1    1    1    1    1    1  1.38295E+15 0.00085 
   56   56    1    1    1    1    1    1    1    1  1.91046E+14 0.00098 
   57   57    1    1    1    1    1    1    1    1  2.69103E+15 0.00073 
   58   58    1    1    1    1    1    1    1    1  1.17911E+15 0.00096 
   59   59    1    1    1    1    1    1    1    1  1.28480E+15 0.00086 
   60   60    1    1    1    1    1    1    1    1  1.01504E+15 0.00117 
   61   61    1    1    1    1    1    1    1    1  1.01565E+15 0.00087 
   62   62    1    1    1    1    1    1    1    1  1.02159E+15 0.00115 
   63   63    1    1    1    1    1    1    1    1  8.52580E+14 0.00131 
   64   64    1    1    1    1    1    1    1    1  6.71924E+14 0.00109 
   65   65    1    1    1    1    1    1    1    1  6.60585E+14 0.00119 
   66   66    1    1    1    1    1    1    1    1  5.21984E+14 0.00141 
   67   67    1    1    1    1    1    1    1    1  4.30520E+14 0.00134 
   68   68    1    1    1    1    1    1    1    1  3.81082E+14 0.00136 
   69   69    1    1    1    1    1    1    1    1  4.62277E+14 0.00108 
   70   70    1    1    1    1    1    1    1    1  3.96561E+14 0.00097 
   71   71    1    1    1    1    1    1    1    1  7.41941E+14 0.00103 
   72   72    1    1    1    1    1    1    1    1  5.39903E+14 0.00133 
   73   73    1    1    1    1    1    1    1    1  4.16582E+14 0.00126 
   74   74    1    1    1    1    1    1    1    1  3.34583E+14 0.00119 
   75   75    1    1    1    1    1    1    1    1  2.74366E+14 0.00148 
   76   76    1    1    1    1    1    1    1    1  3.13057E+14 0.00137 
   77   77    1    1    1    1    1    1    1    1  2.43896E+14 0.00192 
   78   78    1    1    1    1    1    1    1    1  1.88205E+14 0.00138 
   79   79    1    1    1    1    1    1    1    1  1.94010E+14 0.00179 
   80   80    1    1    1    1    1    1    1    1  1.44340E+14 0.00184 
   81   81    1    1    1    1    1    1    1    1  1.11475E+14 0.00246 
   82   82    1    1    1    1    1    1    1    1  8.55480E+13 0.00242 
   83   83    1    1    1    1    1    1    1    1  7.99066E+13 0.00280 
   84   84    1    1    1    1    1    1    1    1  5.73768E+13 0.00250 
   85   85    1    1    1    1    1    1    1    1  4.14750E+13 0.00472 
   86   86    1    1    1    1    1    1    1    1  3.94587E+13 0.00445 
   87   87    1    1    1    1    1    1    1    1  2.40592E+13 0.00513 
   88   88    1    1    1    1    1    1    1    1  1.62228E+13 0.00745 
   89   89    1    1    1    1    1    1    1    1  9.30604E+12 0.00928 
   90   90    1    1    1    1    1    1    1    1  6.24549E+12 0.01044 
   91   91    1    1    1    1    1    1    1    1  3.13759E+12 0.01662 
   92   92    1    1    1    1    1    1    1    1  1.53982E+12 0.02054 
   93   93    1    1    1    1    1    1    1    1  7.41362E+11 0.02644 
   94   94    1    1    1    1    1    1    1    1  3.81752E+11 0.03550 
   95   95    1    1    1    1    1    1    1    1  1.68506E+11 0.07015 
   96   96    1    1    1    1    1    1    1    1  7.40734E+10 0.06493 
   97   97    1    1    1    1    1    1    1    1  3.61296E+10 0.13206 
   98   98    1    1    1    1    1    1    1    1  1.65714E+10 0.17308 
   99   99    1    1    1    1    1    1    1    1  1.10744E+10 0.17016 
  100  100    1    1    1    1    1    1    1    1  5.29404E+09 0.34073 
];


