
DETdpaspec = [
    1    1    1    1    1    1    1    1    1    1  0.00000E+00 0.00000 
    2    2    1    1    1    1    1    1    1    1  0.00000E+00 0.00000 
    3    3    1    1    1    1    1    1    1    1  0.00000E+00 0.00000 
    4    4    1    1    1    1    1    1    1    1  0.00000E+00 0.00000 
    5    5    1    1    1    1    1    1    1    1  0.00000E+00 0.00000 
    6    6    1    1    1    1    1    1    1    1  0.00000E+00 0.00000 
    7    7    1    1    1    1    1    1    1    1  0.00000E+00 0.00000 
    8    8    1    1    1    1    1    1    1    1  0.00000E+00 0.00000 
    9    9    1    1    1    1    1    1    1    1  0.00000E+00 0.00000 
   10   10    1    1    1    1    1    1    1    1  0.00000E+00 0.00000 
   11   11    1    1    1    1    1    1    1    1  8.45789E+07 1.00000 
   12   12    1    1    1    1    1    1    1    1  2.26224E+08 0.78281 
   13   13    1    1    1    1    1    1    1    1  1.44415E+09 0.48361 
   14   14    1    1    1    1    1    1    1    1  3.91462E+09 0.39404 
   15   15    1    1    1    1    1    1    1    1  4.59287E+09 0.43023 
   16   16    1    1    1    1    1    1    1    1  2.82831E+09 0.45057 
   17   17    1    1    1    1    1    1    1    1  3.49860E+09 0.35728 
   18   18    1    1    1    1    1    1    1    1  8.19488E+09 0.25082 
   19   19    1    1    1    1    1    1    1    1  1.35289E+10 0.16085 
   20   20    1    1    1    1    1    1    1    1  8.59830E+10 0.08999 
   21   21    1    1    1    1    1    1    1    1  2.27114E+11 0.04787 
   22   22    1    1    1    1    1    1    1    1  9.38081E+11 0.02540 
   23   23    1    1    1    1    1    1    1    1  3.11286E+12 0.01217 
   24   24    1    1    1    1    1    1    1    1  6.84639E+12 0.00772 
   25   25    1    1    1    1    1    1    1    1  9.54678E+12 0.00576 
   26   26    1    1    1    1    1    1    1    1  1.63614E+13 0.00614 
   27   27    1    1    1    1    1    1    1    1  2.61291E+13 0.00370 
   28   28    1    1    1    1    1    1    1    1  4.34010E+13 0.00354 
   29   29    1    1    1    1    1    1    1    1  5.68132E+13 0.00286 
   30   30    1    1    1    1    1    1    1    1  9.14085E+13 0.00243 
   31   31    1    1    1    1    1    1    1    1  1.55746E+14 0.00237 
   32   32    1    1    1    1    1    1    1    1  1.91960E+14 0.00170 
   33   33    1    1    1    1    1    1    1    1  3.19488E+14 0.00147 
   34   34    1    1    1    1    1    1    1    1  3.55835E+14 0.00097 
   35   35    1    1    1    1    1    1    1    1  3.81913E+14 0.00128 
   36   36    1    1    1    1    1    1    1    1  2.61404E+14 0.00118 
   37   37    1    1    1    1    1    1    1    1  7.60883E+13 0.00133 
   38   38    1    1    1    1    1    1    1    1  3.81140E+14 0.00081 
   39   39    1    1    1    1    1    1    1    1  4.55824E+14 0.00106 
   40   40    1    1    1    1    1    1    1    1  7.52357E+14 0.00091 
   41   41    1    1    1    1    1    1    1    1  6.70034E+14 0.00112 
   42   42    1    1    1    1    1    1    1    1  1.22693E+15 0.00109 
   43   43    1    1    1    1    1    1    1    1  1.31296E+15 0.00081 
   44   44    1    1    1    1    1    1    1    1  1.66934E+15 0.00080 
   45   45    1    1    1    1    1    1    1    1  2.91969E+15 0.00077 
   46   46    1    1    1    1    1    1    1    1  1.47934E+15 0.00091 
   47   47    1    1    1    1    1    1    1    1  2.07595E+15 0.00092 
   48   48    1    1    1    1    1    1    1    1  2.84865E+15 0.00077 
   49   49    1    1    1    1    1    1    1    1  2.51043E+15 0.00078 
   50   50    1    1    1    1    1    1    1    1  3.89329E+15 0.00063 
   51   51    1    1    1    1    1    1    1    1  2.94765E+15 0.00096 
   52   52    1    1    1    1    1    1    1    1  3.39378E+15 0.00085 
   53   53    1    1    1    1    1    1    1    1  2.37454E+15 0.00082 
   54   54    1    1    1    1    1    1    1    1  2.92867E+15 0.00073 
   55   55    1    1    1    1    1    1    1    1  2.05271E+15 0.00093 
   56   56    1    1    1    1    1    1    1    1  2.80330E+14 0.00111 
   57   57    1    1    1    1    1    1    1    1  3.94502E+15 0.00081 
   58   58    1    1    1    1    1    1    1    1  1.77382E+15 0.00058 
   59   59    1    1    1    1    1    1    1    1  1.89675E+15 0.00094 
   60   60    1    1    1    1    1    1    1    1  1.53080E+15 0.00086 
   61   61    1    1    1    1    1    1    1    1  1.52008E+15 0.00084 
   62   62    1    1    1    1    1    1    1    1  1.52866E+15 0.00082 
   63   63    1    1    1    1    1    1    1    1  1.27820E+15 0.00094 
   64   64    1    1    1    1    1    1    1    1  1.00297E+15 0.00092 
   65   65    1    1    1    1    1    1    1    1  9.77503E+14 0.00100 
   66   66    1    1    1    1    1    1    1    1  7.74655E+14 0.00094 
   67   67    1    1    1    1    1    1    1    1  6.29978E+14 0.00107 
   68   68    1    1    1    1    1    1    1    1  5.52487E+14 0.00113 
   69   69    1    1    1    1    1    1    1    1  6.68459E+14 0.00090 
   70   70    1    1    1    1    1    1    1    1  5.68241E+14 0.00115 
   71   71    1    1    1    1    1    1    1    1  1.02964E+15 0.00101 
   72   72    1    1    1    1    1    1    1    1  7.37548E+14 0.00104 
   73   73    1    1    1    1    1    1    1    1  5.66595E+14 0.00115 
   74   74    1    1    1    1    1    1    1    1  4.64296E+14 0.00149 
   75   75    1    1    1    1    1    1    1    1  3.87282E+14 0.00158 
   76   76    1    1    1    1    1    1    1    1  4.50945E+14 0.00120 
   77   77    1    1    1    1    1    1    1    1  3.57874E+14 0.00120 
   78   78    1    1    1    1    1    1    1    1  2.80460E+14 0.00151 
   79   79    1    1    1    1    1    1    1    1  2.92132E+14 0.00167 
   80   80    1    1    1    1    1    1    1    1  2.18004E+14 0.00156 
   81   81    1    1    1    1    1    1    1    1  1.68144E+14 0.00183 
   82   82    1    1    1    1    1    1    1    1  1.29700E+14 0.00194 
   83   83    1    1    1    1    1    1    1    1  1.20723E+14 0.00202 
   84   84    1    1    1    1    1    1    1    1  8.70174E+13 0.00238 
   85   85    1    1    1    1    1    1    1    1  6.25532E+13 0.00239 
   86   86    1    1    1    1    1    1    1    1  5.83716E+13 0.00346 
   87   87    1    1    1    1    1    1    1    1  3.55561E+13 0.00371 
   88   88    1    1    1    1    1    1    1    1  2.37389E+13 0.00496 
   89   89    1    1    1    1    1    1    1    1  1.34818E+13 0.00570 
   90   90    1    1    1    1    1    1    1    1  8.81822E+12 0.00719 
   91   91    1    1    1    1    1    1    1    1  4.35601E+12 0.01238 
   92   92    1    1    1    1    1    1    1    1  2.13556E+12 0.01561 
   93   93    1    1    1    1    1    1    1    1  1.03138E+12 0.02509 
   94   94    1    1    1    1    1    1    1    1  4.64519E+11 0.03521 
   95   95    1    1    1    1    1    1    1    1  2.17270E+11 0.04596 
   96   96    1    1    1    1    1    1    1    1  1.03521E+11 0.07021 
   97   97    1    1    1    1    1    1    1    1  4.86292E+10 0.10635 
   98   98    1    1    1    1    1    1    1    1  2.36090E+10 0.12540 
   99   99    1    1    1    1    1    1    1    1  9.37231E+09 0.23190 
  100  100    1    1    1    1    1    1    1    1  6.46225E+09 0.29729 
];


