
DETdpaspec = [
    1    1    1    1    1    1    1    1    1    1  0.00000E+00 0.00000 
    2    2    1    1    1    1    1    1    1    1  0.00000E+00 0.00000 
    3    3    1    1    1    1    1    1    1    1  0.00000E+00 0.00000 
    4    4    1    1    1    1    1    1    1    1  9.21798E+06 1.00000 
    5    5    1    1    1    1    1    1    1    1  0.00000E+00 0.00000 
    6    6    1    1    1    1    1    1    1    1  0.00000E+00 0.00000 
    7    7    1    1    1    1    1    1    1    1  0.00000E+00 0.00000 
    8    8    1    1    1    1    1    1    1    1  0.00000E+00 0.00000 
    9    9    1    1    1    1    1    1    1    1  2.22985E+07 0.74460 
   10   10    1    1    1    1    1    1    1    1  0.00000E+00 0.00000 
   11   11    1    1    1    1    1    1    1    1  7.74517E+07 1.00000 
   12   12    1    1    1    1    1    1    1    1  1.19832E+08 0.47058 
   13   13    1    1    1    1    1    1    1    1  1.40228E+09 0.40043 
   14   14    1    1    1    1    1    1    1    1  3.17597E+09 0.33372 
   15   15    1    1    1    1    1    1    1    1  5.92466E+09 0.29316 
   16   16    1    1    1    1    1    1    1    1  1.66523E+09 0.28945 
   17   17    1    1    1    1    1    1    1    1  3.32944E+09 0.15388 
   18   18    1    1    1    1    1    1    1    1  9.82736E+09 0.13637 
   19   19    1    1    1    1    1    1    1    1  1.25898E+10 0.11409 
   20   20    1    1    1    1    1    1    1    1  4.68868E+10 0.10413 
   21   21    1    1    1    1    1    1    1    1  3.63746E+10 0.07784 
   22   22    1    1    1    1    1    1    1    1  8.84726E+10 0.06074 
   23   23    1    1    1    1    1    1    1    1  1.43675E+11 0.05337 
   24   24    1    1    1    1    1    1    1    1  2.49661E+11 0.03363 
   25   25    1    1    1    1    1    1    1    1  3.85479E+11 0.02436 
   26   26    1    1    1    1    1    1    1    1  7.70263E+11 0.02053 
   27   27    1    1    1    1    1    1    1    1  1.58892E+12 0.02459 
   28   28    1    1    1    1    1    1    1    1  3.68197E+12 0.00920 
   29   29    1    1    1    1    1    1    1    1  5.35456E+12 0.00903 
   30   30    1    1    1    1    1    1    1    1  1.33210E+13 0.00535 
   31   31    1    1    1    1    1    1    1    1  3.21408E+13 0.00518 
   32   32    1    1    1    1    1    1    1    1  4.82892E+13 0.00379 
   33   33    1    1    1    1    1    1    1    1  9.62079E+13 0.00285 
   34   34    1    1    1    1    1    1    1    1  1.13470E+14 0.00296 
   35   35    1    1    1    1    1    1    1    1  1.56698E+14 0.00251 
   36   36    1    1    1    1    1    1    1    1  1.22439E+14 0.00188 
   37   37    1    1    1    1    1    1    1    1  3.81274E+13 0.00204 
   38   38    1    1    1    1    1    1    1    1  1.87043E+14 0.00179 
   39   39    1    1    1    1    1    1    1    1  2.31167E+14 0.00154 
   40   40    1    1    1    1    1    1    1    1  3.85832E+14 0.00134 
   41   41    1    1    1    1    1    1    1    1  3.70901E+14 0.00137 
   42   42    1    1    1    1    1    1    1    1  6.79598E+14 0.00128 
   43   43    1    1    1    1    1    1    1    1  7.47396E+14 0.00124 
   44   44    1    1    1    1    1    1    1    1  9.73465E+14 0.00116 
   45   45    1    1    1    1    1    1    1    1  1.74302E+15 0.00109 
   46   46    1    1    1    1    1    1    1    1  9.13746E+14 0.00112 
   47   47    1    1    1    1    1    1    1    1  1.32005E+15 0.00086 
   48   48    1    1    1    1    1    1    1    1  1.84181E+15 0.00090 
   49   49    1    1    1    1    1    1    1    1  1.67846E+15 0.00096 
   50   50    1    1    1    1    1    1    1    1  2.58748E+15 0.00092 
   51   51    1    1    1    1    1    1    1    1  2.03976E+15 0.00108 
   52   52    1    1    1    1    1    1    1    1  2.32416E+15 0.00107 
   53   53    1    1    1    1    1    1    1    1  1.65674E+15 0.00095 
   54   54    1    1    1    1    1    1    1    1  2.01403E+15 0.00106 
   55   55    1    1    1    1    1    1    1    1  1.42818E+15 0.00086 
   56   56    1    1    1    1    1    1    1    1  1.96953E+14 0.00141 
   57   57    1    1    1    1    1    1    1    1  2.77761E+15 0.00103 
   58   58    1    1    1    1    1    1    1    1  1.21797E+15 0.00122 
   59   59    1    1    1    1    1    1    1    1  1.32710E+15 0.00109 
   60   60    1    1    1    1    1    1    1    1  1.05079E+15 0.00123 
   61   61    1    1    1    1    1    1    1    1  1.04970E+15 0.00112 
   62   62    1    1    1    1    1    1    1    1  1.05812E+15 0.00139 
   63   63    1    1    1    1    1    1    1    1  8.83484E+14 0.00141 
   64   64    1    1    1    1    1    1    1    1  6.96524E+14 0.00128 
   65   65    1    1    1    1    1    1    1    1  6.84473E+14 0.00124 
   66   66    1    1    1    1    1    1    1    1  5.41677E+14 0.00168 
   67   67    1    1    1    1    1    1    1    1  4.45869E+14 0.00176 
   68   68    1    1    1    1    1    1    1    1  3.94368E+14 0.00128 
   69   69    1    1    1    1    1    1    1    1  4.79493E+14 0.00136 
   70   70    1    1    1    1    1    1    1    1  4.11065E+14 0.00149 
   71   71    1    1    1    1    1    1    1    1  7.69365E+14 0.00172 
   72   72    1    1    1    1    1    1    1    1  5.59274E+14 0.00185 
   73   73    1    1    1    1    1    1    1    1  4.30990E+14 0.00142 
   74   74    1    1    1    1    1    1    1    1  3.47227E+14 0.00175 
   75   75    1    1    1    1    1    1    1    1  2.84676E+14 0.00210 
   76   76    1    1    1    1    1    1    1    1  3.24667E+14 0.00188 
   77   77    1    1    1    1    1    1    1    1  2.53576E+14 0.00215 
   78   78    1    1    1    1    1    1    1    1  1.95485E+14 0.00221 
   79   79    1    1    1    1    1    1    1    1  2.01542E+14 0.00215 
   80   80    1    1    1    1    1    1    1    1  1.50305E+14 0.00199 
   81   81    1    1    1    1    1    1    1    1  1.15909E+14 0.00281 
   82   82    1    1    1    1    1    1    1    1  8.95396E+13 0.00305 
   83   83    1    1    1    1    1    1    1    1  8.32299E+13 0.00249 
   84   84    1    1    1    1    1    1    1    1  5.98110E+13 0.00356 
   85   85    1    1    1    1    1    1    1    1  4.31843E+13 0.00415 
   86   86    1    1    1    1    1    1    1    1  4.05290E+13 0.00419 
   87   87    1    1    1    1    1    1    1    1  2.49468E+13 0.00556 
   88   88    1    1    1    1    1    1    1    1  1.70072E+13 0.00578 
   89   89    1    1    1    1    1    1    1    1  9.63110E+12 0.00618 
   90   90    1    1    1    1    1    1    1    1  6.52400E+12 0.00925 
   91   91    1    1    1    1    1    1    1    1  3.21967E+12 0.00925 
   92   92    1    1    1    1    1    1    1    1  1.61753E+12 0.02271 
   93   93    1    1    1    1    1    1    1    1  7.87221E+11 0.02121 
   94   94    1    1    1    1    1    1    1    1  3.74017E+11 0.04482 
   95   95    1    1    1    1    1    1    1    1  1.78518E+11 0.06791 
   96   96    1    1    1    1    1    1    1    1  9.56722E+10 0.09259 
   97   97    1    1    1    1    1    1    1    1  5.15079E+10 0.10853 
   98   98    1    1    1    1    1    1    1    1  2.20314E+10 0.17407 
   99   99    1    1    1    1    1    1    1    1  1.25936E+10 0.21347 
  100  100    1    1    1    1    1    1    1    1  9.74913E+09 0.29372 
];


