
DETdpaspec = [
    1    1    1    1    1    1    1    1    1    1  0.00000E+00 0.00000 
    2    2    1    1    1    1    1    1    1    1  0.00000E+00 0.00000 
    3    3    1    1    1    1    1    1    1    1  0.00000E+00 0.00000 
    4    4    1    1    1    1    1    1    1    1  0.00000E+00 0.00000 
    5    5    1    1    1    1    1    1    1    1  0.00000E+00 0.00000 
    6    6    1    1    1    1    1    1    1    1  1.48792E+07 1.00000 
    7    7    1    1    1    1    1    1    1    1  5.54106E+07 0.73562 
    8    8    1    1    1    1    1    1    1    1  0.00000E+00 0.00000 
    9    9    1    1    1    1    1    1    1    1  6.20234E+06 1.00000 
   10   10    1    1    1    1    1    1    1    1  8.03424E+07 1.00000 
   11   11    1    1    1    1    1    1    1    1  2.51119E+08 1.00000 
   12   12    1    1    1    1    1    1    1    1  2.00911E+08 0.58933 
   13   13    1    1    1    1    1    1    1    1  3.07802E+09 0.31471 
   14   14    1    1    1    1    1    1    1    1  6.56732E+09 0.31781 
   15   15    1    1    1    1    1    1    1    1  5.87161E+09 0.30630 
   16   16    1    1    1    1    1    1    1    1  1.59233E+09 0.51336 
   17   17    1    1    1    1    1    1    1    1  4.34461E+09 0.23045 
   18   18    1    1    1    1    1    1    1    1  8.26629E+09 0.16233 
   19   19    1    1    1    1    1    1    1    1  1.31439E+10 0.15331 
   20   20    1    1    1    1    1    1    1    1  2.84428E+10 0.13792 
   21   21    1    1    1    1    1    1    1    1  2.54861E+10 0.16087 
   22   22    1    1    1    1    1    1    1    1  6.95910E+10 0.08472 
   23   23    1    1    1    1    1    1    1    1  1.82054E+11 0.04252 
   24   24    1    1    1    1    1    1    1    1  4.81527E+11 0.04151 
   25   25    1    1    1    1    1    1    1    1  8.75956E+11 0.03017 
   26   26    1    1    1    1    1    1    1    1  1.94653E+12 0.01455 
   27   27    1    1    1    1    1    1    1    1  4.01902E+12 0.01176 
   28   28    1    1    1    1    1    1    1    1  9.03431E+12 0.00881 
   29   29    1    1    1    1    1    1    1    1  1.37558E+13 0.00707 
   30   30    1    1    1    1    1    1    1    1  2.77858E+13 0.00440 
   31   31    1    1    1    1    1    1    1    1  6.10373E+13 0.00431 
   32   32    1    1    1    1    1    1    1    1  8.62821E+13 0.00342 
   33   33    1    1    1    1    1    1    1    1  1.63778E+14 0.00203 
   34   34    1    1    1    1    1    1    1    1  1.96285E+14 0.00155 
   35   35    1    1    1    1    1    1    1    1  2.41599E+14 0.00167 
   36   36    1    1    1    1    1    1    1    1  1.79198E+14 0.00179 
   37   37    1    1    1    1    1    1    1    1  5.39771E+13 0.00180 
   38   38    1    1    1    1    1    1    1    1  2.70626E+14 0.00146 
   39   39    1    1    1    1    1    1    1    1  3.31079E+14 0.00129 
   40   40    1    1    1    1    1    1    1    1  5.57722E+14 0.00128 
   41   41    1    1    1    1    1    1    1    1  5.18291E+14 0.00099 
   42   42    1    1    1    1    1    1    1    1  9.60625E+14 0.00086 
   43   43    1    1    1    1    1    1    1    1  1.05220E+15 0.00119 
   44   44    1    1    1    1    1    1    1    1  1.36827E+15 0.00058 
   45   45    1    1    1    1    1    1    1    1  2.45786E+15 0.00067 
   46   46    1    1    1    1    1    1    1    1  1.28208E+15 0.00077 
   47   47    1    1    1    1    1    1    1    1  1.83061E+15 0.00063 
   48   48    1    1    1    1    1    1    1    1  2.56071E+15 0.00067 
   49   49    1    1    1    1    1    1    1    1  2.30222E+15 0.00064 
   50   50    1    1    1    1    1    1    1    1  3.60359E+15 0.00063 
   51   51    1    1    1    1    1    1    1    1  2.79938E+15 0.00072 
   52   52    1    1    1    1    1    1    1    1  3.23652E+15 0.00065 
   53   53    1    1    1    1    1    1    1    1  2.29847E+15 0.00070 
   54   54    1    1    1    1    1    1    1    1  2.84255E+15 0.00068 
   55   55    1    1    1    1    1    1    1    1  2.01074E+15 0.00061 
   56   56    1    1    1    1    1    1    1    1  2.76294E+14 0.00079 
   57   57    1    1    1    1    1    1    1    1  3.90523E+15 0.00063 
   58   58    1    1    1    1    1    1    1    1  1.75632E+15 0.00056 
   59   59    1    1    1    1    1    1    1    1  1.89539E+15 0.00067 
   60   60    1    1    1    1    1    1    1    1  1.52850E+15 0.00061 
   61   61    1    1    1    1    1    1    1    1  1.52558E+15 0.00062 
   62   62    1    1    1    1    1    1    1    1  1.54128E+15 0.00075 
   63   63    1    1    1    1    1    1    1    1  1.29276E+15 0.00081 
   64   64    1    1    1    1    1    1    1    1  1.02103E+15 0.00083 
   65   65    1    1    1    1    1    1    1    1  1.00073E+15 0.00052 
   66   66    1    1    1    1    1    1    1    1  7.96243E+14 0.00083 
   67   67    1    1    1    1    1    1    1    1  6.51754E+14 0.00111 
   68   68    1    1    1    1    1    1    1    1  5.74986E+14 0.00126 
   69   69    1    1    1    1    1    1    1    1  6.98246E+14 0.00109 
   70   70    1    1    1    1    1    1    1    1  5.98100E+14 0.00107 
   71   71    1    1    1    1    1    1    1    1  1.10073E+15 0.00079 
   72   72    1    1    1    1    1    1    1    1  7.97201E+14 0.00128 
   73   73    1    1    1    1    1    1    1    1  6.16248E+14 0.00144 
   74   74    1    1    1    1    1    1    1    1  5.03502E+14 0.00120 
   75   75    1    1    1    1    1    1    1    1  4.18215E+14 0.00129 
   76   76    1    1    1    1    1    1    1    1  4.84752E+14 0.00106 
   77   77    1    1    1    1    1    1    1    1  3.83918E+14 0.00141 
   78   78    1    1    1    1    1    1    1    1  2.99867E+14 0.00133 
   79   79    1    1    1    1    1    1    1    1  3.11314E+14 0.00076 
   80   80    1    1    1    1    1    1    1    1  2.33044E+14 0.00123 
   81   81    1    1    1    1    1    1    1    1  1.81173E+14 0.00194 
   82   82    1    1    1    1    1    1    1    1  1.39538E+14 0.00182 
   83   83    1    1    1    1    1    1    1    1  1.30536E+14 0.00238 
   84   84    1    1    1    1    1    1    1    1  9.34972E+13 0.00286 
   85   85    1    1    1    1    1    1    1    1  6.78770E+13 0.00277 
   86   86    1    1    1    1    1    1    1    1  6.37170E+13 0.00365 
   87   87    1    1    1    1    1    1    1    1  3.93366E+13 0.00345 
   88   88    1    1    1    1    1    1    1    1  2.63564E+13 0.00393 
   89   89    1    1    1    1    1    1    1    1  1.50805E+13 0.00685 
   90   90    1    1    1    1    1    1    1    1  1.00152E+13 0.00604 
   91   91    1    1    1    1    1    1    1    1  5.05687E+12 0.01275 
   92   92    1    1    1    1    1    1    1    1  2.39623E+12 0.01295 
   93   93    1    1    1    1    1    1    1    1  1.10811E+12 0.02290 
   94   94    1    1    1    1    1    1    1    1  5.61004E+11 0.03299 
   95   95    1    1    1    1    1    1    1    1  3.08028E+11 0.04231 
   96   96    1    1    1    1    1    1    1    1  1.25404E+11 0.08319 
   97   97    1    1    1    1    1    1    1    1  7.21353E+10 0.09212 
   98   98    1    1    1    1    1    1    1    1  3.40450E+10 0.12768 
   99   99    1    1    1    1    1    1    1    1  9.75123E+09 0.26090 
  100  100    1    1    1    1    1    1    1    1  1.40916E+10 0.23123 
];


