
DETdpaspec = [
    1    1    1    1    1    1    1    1    1    1  0.00000E+00 0.00000 
    2    2    1    1    1    1    1    1    1    1  0.00000E+00 0.00000 
    3    3    1    1    1    1    1    1    1    1  0.00000E+00 0.00000 
    4    4    1    1    1    1    1    1    1    1  1.47032E+07 1.00000 
    5    5    1    1    1    1    1    1    1    1  0.00000E+00 0.00000 
    6    6    1    1    1    1    1    1    1    1  1.29511E+07 1.00000 
    7    7    1    1    1    1    1    1    1    1  0.00000E+00 0.00000 
    8    8    1    1    1    1    1    1    1    1  0.00000E+00 0.00000 
    9    9    1    1    1    1    1    1    1    1  0.00000E+00 0.00000 
   10   10    1    1    1    1    1    1    1    1  9.70040E+07 1.00000 
   11   11    1    1    1    1    1    1    1    1  1.64288E+08 0.70942 
   12   12    1    1    1    1    1    1    1    1  1.86497E+08 0.60020 
   13   13    1    1    1    1    1    1    1    1  1.41790E+09 0.49767 
   14   14    1    1    1    1    1    1    1    1  4.19355E+09 0.37981 
   15   15    1    1    1    1    1    1    1    1  7.51499E+09 0.27152 
   16   16    1    1    1    1    1    1    1    1  2.90115E+09 0.35460 
   17   17    1    1    1    1    1    1    1    1  3.93574E+09 0.26622 
   18   18    1    1    1    1    1    1    1    1  5.55874E+09 0.25569 
   19   19    1    1    1    1    1    1    1    1  1.24172E+10 0.14070 
   20   20    1    1    1    1    1    1    1    1  3.36389E+10 0.14531 
   21   21    1    1    1    1    1    1    1    1  2.57341E+10 0.13251 
   22   22    1    1    1    1    1    1    1    1  7.08565E+10 0.08242 
   23   23    1    1    1    1    1    1    1    1  1.63066E+11 0.06675 
   24   24    1    1    1    1    1    1    1    1  3.99970E+11 0.02963 
   25   25    1    1    1    1    1    1    1    1  7.14167E+11 0.02887 
   26   26    1    1    1    1    1    1    1    1  1.52815E+12 0.01866 
   27   27    1    1    1    1    1    1    1    1  3.27049E+12 0.01479 
   28   28    1    1    1    1    1    1    1    1  7.52791E+12 0.00882 
   29   29    1    1    1    1    1    1    1    1  1.16288E+13 0.00740 
   30   30    1    1    1    1    1    1    1    1  2.41330E+13 0.00473 
   31   31    1    1    1    1    1    1    1    1  5.43687E+13 0.00294 
   32   32    1    1    1    1    1    1    1    1  7.80311E+13 0.00249 
   33   33    1    1    1    1    1    1    1    1  1.50122E+14 0.00210 
   34   34    1    1    1    1    1    1    1    1  1.80381E+14 0.00191 
   35   35    1    1    1    1    1    1    1    1  2.26710E+14 0.00182 
   36   36    1    1    1    1    1    1    1    1  1.69959E+14 0.00111 
   37   37    1    1    1    1    1    1    1    1  5.14688E+13 0.00155 
   38   38    1    1    1    1    1    1    1    1  2.57373E+14 0.00120 
   39   39    1    1    1    1    1    1    1    1  3.15672E+14 0.00102 
   40   40    1    1    1    1    1    1    1    1  5.31803E+14 0.00132 
   41   41    1    1    1    1    1    1    1    1  4.97294E+14 0.00096 
   42   42    1    1    1    1    1    1    1    1  9.22530E+14 0.00075 
   43   43    1    1    1    1    1    1    1    1  1.01151E+15 0.00071 
   44   44    1    1    1    1    1    1    1    1  1.31790E+15 0.00071 
   45   45    1    1    1    1    1    1    1    1  2.37187E+15 0.00072 
   46   46    1    1    1    1    1    1    1    1  1.23899E+15 0.00062 
   47   47    1    1    1    1    1    1    1    1  1.77297E+15 0.00078 
   48   48    1    1    1    1    1    1    1    1  2.48169E+15 0.00066 
   49   49    1    1    1    1    1    1    1    1  2.23737E+15 0.00069 
   50   50    1    1    1    1    1    1    1    1  3.50456E+15 0.00057 
   51   51    1    1    1    1    1    1    1    1  2.72630E+15 0.00052 
   52   52    1    1    1    1    1    1    1    1  3.15112E+15 0.00058 
   53   53    1    1    1    1    1    1    1    1  2.24247E+15 0.00081 
   54   54    1    1    1    1    1    1    1    1  2.76566E+15 0.00055 
   55   55    1    1    1    1    1    1    1    1  1.95821E+15 0.00066 
   56   56    1    1    1    1    1    1    1    1  2.69833E+14 0.00091 
   57   57    1    1    1    1    1    1    1    1  3.80956E+15 0.00046 
   58   58    1    1    1    1    1    1    1    1  1.71020E+15 0.00091 
   59   59    1    1    1    1    1    1    1    1  1.84870E+15 0.00067 
   60   60    1    1    1    1    1    1    1    1  1.48672E+15 0.00058 
   61   61    1    1    1    1    1    1    1    1  1.48537E+15 0.00061 
   62   62    1    1    1    1    1    1    1    1  1.50084E+15 0.00083 
   63   63    1    1    1    1    1    1    1    1  1.25938E+15 0.00063 
   64   64    1    1    1    1    1    1    1    1  9.95018E+14 0.00101 
   65   65    1    1    1    1    1    1    1    1  9.76893E+14 0.00087 
   66   66    1    1    1    1    1    1    1    1  7.76868E+14 0.00109 
   67   67    1    1    1    1    1    1    1    1  6.36000E+14 0.00099 
   68   68    1    1    1    1    1    1    1    1  5.61126E+14 0.00095 
   69   69    1    1    1    1    1    1    1    1  6.82488E+14 0.00118 
   70   70    1    1    1    1    1    1    1    1  5.84252E+14 0.00107 
   71   71    1    1    1    1    1    1    1    1  1.07695E+15 0.00082 
   72   72    1    1    1    1    1    1    1    1  7.80747E+14 0.00104 
   73   73    1    1    1    1    1    1    1    1  6.02523E+14 0.00128 
   74   74    1    1    1    1    1    1    1    1  4.93087E+14 0.00110 
   75   75    1    1    1    1    1    1    1    1  4.09062E+14 0.00132 
   76   76    1    1    1    1    1    1    1    1  4.73051E+14 0.00108 
   77   77    1    1    1    1    1    1    1    1  3.73779E+14 0.00130 
   78   78    1    1    1    1    1    1    1    1  2.91759E+14 0.00135 
   79   79    1    1    1    1    1    1    1    1  3.03625E+14 0.00129 
   80   80    1    1    1    1    1    1    1    1  2.26810E+14 0.00175 
   81   81    1    1    1    1    1    1    1    1  1.75722E+14 0.00152 
   82   82    1    1    1    1    1    1    1    1  1.35745E+14 0.00245 
   83   83    1    1    1    1    1    1    1    1  1.26793E+14 0.00215 
   84   84    1    1    1    1    1    1    1    1  9.14275E+13 0.00244 
   85   85    1    1    1    1    1    1    1    1  6.57502E+13 0.00194 
   86   86    1    1    1    1    1    1    1    1  6.16159E+13 0.00403 
   87   87    1    1    1    1    1    1    1    1  3.78016E+13 0.00363 
   88   88    1    1    1    1    1    1    1    1  2.58567E+13 0.00529 
   89   89    1    1    1    1    1    1    1    1  1.46614E+13 0.00559 
   90   90    1    1    1    1    1    1    1    1  9.67922E+12 0.00586 
   91   91    1    1    1    1    1    1    1    1  4.78396E+12 0.01204 
   92   92    1    1    1    1    1    1    1    1  2.28615E+12 0.01470 
   93   93    1    1    1    1    1    1    1    1  1.12319E+12 0.02112 
   94   94    1    1    1    1    1    1    1    1  5.40127E+11 0.02131 
   95   95    1    1    1    1    1    1    1    1  2.59699E+11 0.04942 
   96   96    1    1    1    1    1    1    1    1  1.27183E+11 0.07514 
   97   97    1    1    1    1    1    1    1    1  5.75874E+10 0.09156 
   98   98    1    1    1    1    1    1    1    1  3.46066E+10 0.13392 
   99   99    1    1    1    1    1    1    1    1  1.55034E+10 0.17927 
  100  100    1    1    1    1    1    1    1    1  1.11175E+10 0.17059 
];


