
DETdpaspec = [
    1    1    1    1    1    1    1    1    1    1  0.00000E+00 0.00000 
    2    2    1    1    1    1    1    1    1    1  0.00000E+00 0.00000 
    3    3    1    1    1    1    1    1    1    1  0.00000E+00 0.00000 
    4    4    1    1    1    1    1    1    1    1  0.00000E+00 0.00000 
    5    5    1    1    1    1    1    1    1    1  0.00000E+00 0.00000 
    6    6    1    1    1    1    1    1    1    1  4.75126E+07 1.00000 
    7    7    1    1    1    1    1    1    1    1  0.00000E+00 0.00000 
    8    8    1    1    1    1    1    1    1    1  0.00000E+00 0.00000 
    9    9    1    1    1    1    1    1    1    1  0.00000E+00 0.00000 
   10   10    1    1    1    1    1    1    1    1  0.00000E+00 0.00000 
   11   11    1    1    1    1    1    1    1    1  0.00000E+00 0.00000 
   12   12    1    1    1    1    1    1    1    1  4.74681E+08 0.70755 
   13   13    1    1    1    1    1    1    1    1  2.38639E+09 0.52937 
   14   14    1    1    1    1    1    1    1    1  3.42030E+09 0.43666 
   15   15    1    1    1    1    1    1    1    1  5.09826E+09 0.44272 
   16   16    1    1    1    1    1    1    1    1  1.55343E+09 0.39806 
   17   17    1    1    1    1    1    1    1    1  4.55022E+09 0.24139 
   18   18    1    1    1    1    1    1    1    1  8.50087E+09 0.22587 
   19   19    1    1    1    1    1    1    1    1  8.99934E+09 0.20740 
   20   20    1    1    1    1    1    1    1    1  2.69346E+10 0.14528 
   21   21    1    1    1    1    1    1    1    1  3.88543E+10 0.05872 
   22   22    1    1    1    1    1    1    1    1  1.71801E+11 0.06000 
   23   23    1    1    1    1    1    1    1    1  7.03308E+11 0.02174 
   24   24    1    1    1    1    1    1    1    1  1.95878E+12 0.01570 
   25   25    1    1    1    1    1    1    1    1  3.14227E+12 0.01322 
   26   26    1    1    1    1    1    1    1    1  6.07840E+12 0.00774 
   27   27    1    1    1    1    1    1    1    1  1.10327E+13 0.00776 
   28   28    1    1    1    1    1    1    1    1  2.13505E+13 0.00506 
   29   29    1    1    1    1    1    1    1    1  3.05148E+13 0.00407 
   30   30    1    1    1    1    1    1    1    1  5.36450E+13 0.00315 
   31   31    1    1    1    1    1    1    1    1  1.03260E+14 0.00188 
   32   32    1    1    1    1    1    1    1    1  1.35827E+14 0.00200 
   33   33    1    1    1    1    1    1    1    1  2.40609E+14 0.00171 
   34   34    1    1    1    1    1    1    1    1  2.78958E+14 0.00161 
   35   35    1    1    1    1    1    1    1    1  3.16400E+14 0.00106 
   36   36    1    1    1    1    1    1    1    1  2.24720E+14 0.00109 
   37   37    1    1    1    1    1    1    1    1  6.63369E+13 0.00120 
   38   38    1    1    1    1    1    1    1    1  3.32925E+14 0.00102 
   39   39    1    1    1    1    1    1    1    1  4.02669E+14 0.00118 
   40   40    1    1    1    1    1    1    1    1  6.71572E+14 0.00099 
   41   41    1    1    1    1    1    1    1    1  6.09849E+14 0.00091 
   42   42    1    1    1    1    1    1    1    1  1.12545E+15 0.00092 
   43   43    1    1    1    1    1    1    1    1  1.21925E+15 0.00082 
   44   44    1    1    1    1    1    1    1    1  1.56746E+15 0.00075 
   45   45    1    1    1    1    1    1    1    1  2.77798E+15 0.00072 
   46   46    1    1    1    1    1    1    1    1  1.42803E+15 0.00070 
   47   47    1    1    1    1    1    1    1    1  2.01958E+15 0.00083 
   48   48    1    1    1    1    1    1    1    1  2.79768E+15 0.00072 
   49   49    1    1    1    1    1    1    1    1  2.48789E+15 0.00078 
   50   50    1    1    1    1    1    1    1    1  3.88855E+15 0.00057 
   51   51    1    1    1    1    1    1    1    1  2.97944E+15 0.00066 
   52   52    1    1    1    1    1    1    1    1  3.44650E+15 0.00066 
   53   53    1    1    1    1    1    1    1    1  2.43006E+15 0.00069 
   54   54    1    1    1    1    1    1    1    1  3.00389E+15 0.00057 
   55   55    1    1    1    1    1    1    1    1  2.11692E+15 0.00055 
   56   56    1    1    1    1    1    1    1    1  2.89363E+14 0.00079 
   57   57    1    1    1    1    1    1    1    1  4.08896E+15 0.00071 
   58   58    1    1    1    1    1    1    1    1  1.84362E+15 0.00070 
   59   59    1    1    1    1    1    1    1    1  1.97907E+15 0.00093 
   60   60    1    1    1    1    1    1    1    1  1.60175E+15 0.00076 
   61   61    1    1    1    1    1    1    1    1  1.59290E+15 0.00073 
   62   62    1    1    1    1    1    1    1    1  1.60619E+15 0.00082 
   63   63    1    1    1    1    1    1    1    1  1.34599E+15 0.00083 
   64   64    1    1    1    1    1    1    1    1  1.06129E+15 0.00090 
   65   65    1    1    1    1    1    1    1    1  1.03818E+15 0.00083 
   66   66    1    1    1    1    1    1    1    1  8.24185E+14 0.00091 
   67   67    1    1    1    1    1    1    1    1  6.72042E+14 0.00097 
   68   68    1    1    1    1    1    1    1    1  5.91003E+14 0.00078 
   69   69    1    1    1    1    1    1    1    1  7.17148E+14 0.00101 
   70   70    1    1    1    1    1    1    1    1  6.11762E+14 0.00101 
   71   71    1    1    1    1    1    1    1    1  1.11510E+15 0.00076 
   72   72    1    1    1    1    1    1    1    1  8.02578E+14 0.00107 
   73   73    1    1    1    1    1    1    1    1  6.19432E+14 0.00126 
   74   74    1    1    1    1    1    1    1    1  5.08592E+14 0.00172 
   75   75    1    1    1    1    1    1    1    1  4.23249E+14 0.00083 
   76   76    1    1    1    1    1    1    1    1  4.93298E+14 0.00110 
   77   77    1    1    1    1    1    1    1    1  3.92036E+14 0.00154 
   78   78    1    1    1    1    1    1    1    1  3.06874E+14 0.00124 
   79   79    1    1    1    1    1    1    1    1  3.19638E+14 0.00092 
   80   80    1    1    1    1    1    1    1    1  2.39791E+14 0.00151 
   81   81    1    1    1    1    1    1    1    1  1.85936E+14 0.00204 
   82   82    1    1    1    1    1    1    1    1  1.43095E+14 0.00230 
   83   83    1    1    1    1    1    1    1    1  1.33857E+14 0.00270 
   84   84    1    1    1    1    1    1    1    1  9.61632E+13 0.00224 
   85   85    1    1    1    1    1    1    1    1  6.95858E+13 0.00318 
   86   86    1    1    1    1    1    1    1    1  6.47256E+13 0.00247 
   87   87    1    1    1    1    1    1    1    1  3.95264E+13 0.00352 
   88   88    1    1    1    1    1    1    1    1  2.66943E+13 0.00424 
   89   89    1    1    1    1    1    1    1    1  1.52090E+13 0.00572 
   90   90    1    1    1    1    1    1    1    1  9.97070E+12 0.00805 
   91   91    1    1    1    1    1    1    1    1  4.98840E+12 0.01421 
   92   92    1    1    1    1    1    1    1    1  2.37599E+12 0.01754 
   93   93    1    1    1    1    1    1    1    1  1.16112E+12 0.02210 
   94   94    1    1    1    1    1    1    1    1  5.46857E+11 0.03021 
   95   95    1    1    1    1    1    1    1    1  2.42095E+11 0.03805 
   96   96    1    1    1    1    1    1    1    1  1.24723E+11 0.06328 
   97   97    1    1    1    1    1    1    1    1  6.46366E+10 0.08698 
   98   98    1    1    1    1    1    1    1    1  3.26264E+10 0.14230 
   99   99    1    1    1    1    1    1    1    1  1.46605E+10 0.18735 
  100  100    1    1    1    1    1    1    1    1  1.28886E+10 0.21156 
];


