
DETdpaspec = [
    1    1    1    1    1    1    1    1    1    1  0.00000E+00 0.00000 
    2    2    1    1    1    1    1    1    1    1  0.00000E+00 0.00000 
    3    3    1    1    1    1    1    1    1    1  0.00000E+00 0.00000 
    4    4    1    1    1    1    1    1    1    1  0.00000E+00 0.00000 
    5    5    1    1    1    1    1    1    1    1  0.00000E+00 0.00000 
    6    6    1    1    1    1    1    1    1    1  7.91341E+06 1.00000 
    7    7    1    1    1    1    1    1    1    1  0.00000E+00 0.00000 
    8    8    1    1    1    1    1    1    1    1  1.68830E+07 1.00000 
    9    9    1    1    1    1    1    1    1    1  2.99464E+07 1.00000 
   10   10    1    1    1    1    1    1    1    1  0.00000E+00 0.00000 
   11   11    1    1    1    1    1    1    1    1  3.71071E+08 0.46063 
   12   12    1    1    1    1    1    1    1    1  5.95839E+07 0.53011 
   13   13    1    1    1    1    1    1    1    1  2.34209E+09 0.41986 
   14   14    1    1    1    1    1    1    1    1  4.42526E+09 0.26601 
   15   15    1    1    1    1    1    1    1    1  7.80528E+09 0.23308 
   16   16    1    1    1    1    1    1    1    1  1.63178E+09 0.26951 
   17   17    1    1    1    1    1    1    1    1  4.40879E+09 0.17447 
   18   18    1    1    1    1    1    1    1    1  1.53120E+10 0.14514 
   19   19    1    1    1    1    1    1    1    1  1.85286E+10 0.07264 
   20   20    1    1    1    1    1    1    1    1  4.25984E+10 0.09082 
   21   21    1    1    1    1    1    1    1    1  3.83997E+10 0.07325 
   22   22    1    1    1    1    1    1    1    1  1.04771E+11 0.06058 
   23   23    1    1    1    1    1    1    1    1  1.63357E+11 0.04935 
   24   24    1    1    1    1    1    1    1    1  2.56882E+11 0.04359 
   25   25    1    1    1    1    1    1    1    1  3.85011E+11 0.02595 
   26   26    1    1    1    1    1    1    1    1  7.54169E+11 0.02766 
   27   27    1    1    1    1    1    1    1    1  1.52101E+12 0.01529 
   28   28    1    1    1    1    1    1    1    1  3.15517E+12 0.01315 
   29   29    1    1    1    1    1    1    1    1  4.32710E+12 0.00920 
   30   30    1    1    1    1    1    1    1    1  1.11645E+13 0.00736 
   31   31    1    1    1    1    1    1    1    1  2.68961E+13 0.00420 
   32   32    1    1    1    1    1    1    1    1  4.06214E+13 0.00346 
   33   33    1    1    1    1    1    1    1    1  7.93688E+13 0.00347 
   34   34    1    1    1    1    1    1    1    1  9.13499E+13 0.00265 
   35   35    1    1    1    1    1    1    1    1  1.30170E+14 0.00168 
   36   36    1    1    1    1    1    1    1    1  1.01960E+14 0.00188 
   37   37    1    1    1    1    1    1    1    1  3.21090E+13 0.00163 
   38   38    1    1    1    1    1    1    1    1  1.54992E+14 0.00207 
   39   39    1    1    1    1    1    1    1    1  1.90208E+14 0.00207 
   40   40    1    1    1    1    1    1    1    1  3.13064E+14 0.00152 
   41   41    1    1    1    1    1    1    1    1  3.03661E+14 0.00155 
   42   42    1    1    1    1    1    1    1    1  5.48076E+14 0.00150 
   43   43    1    1    1    1    1    1    1    1  5.98715E+14 0.00149 
   44   44    1    1    1    1    1    1    1    1  7.76091E+14 0.00151 
   45   45    1    1    1    1    1    1    1    1  1.37525E+15 0.00145 
   46   46    1    1    1    1    1    1    1    1  7.17815E+14 0.00143 
   47   47    1    1    1    1    1    1    1    1  1.04100E+15 0.00111 
   48   48    1    1    1    1    1    1    1    1  1.44508E+15 0.00098 
   49   49    1    1    1    1    1    1    1    1  1.31854E+15 0.00092 
   50   50    1    1    1    1    1    1    1    1  2.00837E+15 0.00097 
   51   51    1    1    1    1    1    1    1    1  1.58802E+15 0.00099 
   52   52    1    1    1    1    1    1    1    1  1.78962E+15 0.00107 
   53   53    1    1    1    1    1    1    1    1  1.27599E+15 0.00113 
   54   54    1    1    1    1    1    1    1    1  1.53397E+15 0.00118 
   55   55    1    1    1    1    1    1    1    1  1.08848E+15 0.00119 
   56   56    1    1    1    1    1    1    1    1  1.50380E+14 0.00150 
   57   57    1    1    1    1    1    1    1    1  2.11260E+15 0.00107 
   58   58    1    1    1    1    1    1    1    1  9.15410E+14 0.00123 
   59   59    1    1    1    1    1    1    1    1  9.98879E+14 0.00132 
   60   60    1    1    1    1    1    1    1    1  7.82483E+14 0.00144 
   61   61    1    1    1    1    1    1    1    1  7.82816E+14 0.00137 
   62   62    1    1    1    1    1    1    1    1  7.84907E+14 0.00102 
   63   63    1    1    1    1    1    1    1    1  6.52045E+14 0.00114 
   64   64    1    1    1    1    1    1    1    1  5.13230E+14 0.00160 
   65   65    1    1    1    1    1    1    1    1  5.04165E+14 0.00134 
   66   66    1    1    1    1    1    1    1    1  3.97356E+14 0.00170 
   67   67    1    1    1    1    1    1    1    1  3.28199E+14 0.00103 
   68   68    1    1    1    1    1    1    1    1  2.90788E+14 0.00162 
   69   69    1    1    1    1    1    1    1    1  3.53132E+14 0.00187 
   70   70    1    1    1    1    1    1    1    1  3.02268E+14 0.00147 
   71   71    1    1    1    1    1    1    1    1  5.69277E+14 0.00141 
   72   72    1    1    1    1    1    1    1    1  4.14310E+14 0.00160 
   73   73    1    1    1    1    1    1    1    1  3.18982E+14 0.00225 
   74   74    1    1    1    1    1    1    1    1  2.55243E+14 0.00208 
   75   75    1    1    1    1    1    1    1    1  2.06898E+14 0.00225 
   76   76    1    1    1    1    1    1    1    1  2.34914E+14 0.00154 
   77   77    1    1    1    1    1    1    1    1  1.81843E+14 0.00164 
   78   78    1    1    1    1    1    1    1    1  1.39265E+14 0.00252 
   79   79    1    1    1    1    1    1    1    1  1.43020E+14 0.00207 
   80   80    1    1    1    1    1    1    1    1  1.06005E+14 0.00294 
   81   81    1    1    1    1    1    1    1    1  8.17489E+13 0.00322 
   82   82    1    1    1    1    1    1    1    1  6.30123E+13 0.00368 
   83   83    1    1    1    1    1    1    1    1  5.89177E+13 0.00384 
   84   84    1    1    1    1    1    1    1    1  4.22521E+13 0.00435 
   85   85    1    1    1    1    1    1    1    1  3.02829E+13 0.00304 
   86   86    1    1    1    1    1    1    1    1  2.84797E+13 0.00434 
   87   87    1    1    1    1    1    1    1    1  1.77808E+13 0.00456 
   88   88    1    1    1    1    1    1    1    1  1.20154E+13 0.00626 
   89   89    1    1    1    1    1    1    1    1  7.00237E+12 0.00936 
   90   90    1    1    1    1    1    1    1    1  4.58409E+12 0.01421 
   91   91    1    1    1    1    1    1    1    1  2.40575E+12 0.01594 
   92   92    1    1    1    1    1    1    1    1  1.11232E+12 0.02169 
   93   93    1    1    1    1    1    1    1    1  5.55699E+11 0.03865 
   94   94    1    1    1    1    1    1    1    1  2.55990E+11 0.04128 
   95   95    1    1    1    1    1    1    1    1  1.33127E+11 0.08001 
   96   96    1    1    1    1    1    1    1    1  7.19232E+10 0.08540 
   97   97    1    1    1    1    1    1    1    1  3.12870E+10 0.16795 
   98   98    1    1    1    1    1    1    1    1  1.44265E+10 0.15666 
   99   99    1    1    1    1    1    1    1    1  7.34249E+09 0.26399 
  100  100    1    1    1    1    1    1    1    1  7.55068E+09 0.40061 
];


