
DETdpaspec = [
    1    1    1    1    1    1    1    1    1    1  0.00000E+00 0.00000 
    2    2    1    1    1    1    1    1    1    1  0.00000E+00 0.00000 
    3    3    1    1    1    1    1    1    1    1  0.00000E+00 0.00000 
    4    4    1    1    1    1    1    1    1    1  0.00000E+00 0.00000 
    5    5    1    1    1    1    1    1    1    1  9.29144E+06 1.00000 
    6    6    1    1    1    1    1    1    1    1  8.61983E+06 1.00000 
    7    7    1    1    1    1    1    1    1    1  0.00000E+00 0.00000 
    8    8    1    1    1    1    1    1    1    1  0.00000E+00 0.00000 
    9    9    1    1    1    1    1    1    1    1  3.70700E+07 0.60340 
   10   10    1    1    1    1    1    1    1    1  3.82981E+07 1.00000 
   11   11    1    1    1    1    1    1    1    1  2.43686E+08 0.49515 
   12   12    1    1    1    1    1    1    1    1  3.47914E+07 0.78743 
   13   13    1    1    1    1    1    1    1    1  9.76347E+08 0.39690 
   14   14    1    1    1    1    1    1    1    1  5.42742E+09 0.23196 
   15   15    1    1    1    1    1    1    1    1  6.31278E+09 0.26025 
   16   16    1    1    1    1    1    1    1    1  3.01046E+09 0.20323 
   17   17    1    1    1    1    1    1    1    1  3.33949E+09 0.18058 
   18   18    1    1    1    1    1    1    1    1  9.06166E+09 0.14736 
   19   19    1    1    1    1    1    1    1    1  1.44185E+10 0.14797 
   20   20    1    1    1    1    1    1    1    1  4.49789E+10 0.08245 
   21   21    1    1    1    1    1    1    1    1  3.64220E+10 0.08330 
   22   22    1    1    1    1    1    1    1    1  8.61853E+10 0.05322 
   23   23    1    1    1    1    1    1    1    1  1.53110E+11 0.05417 
   24   24    1    1    1    1    1    1    1    1  2.52915E+11 0.04852 
   25   25    1    1    1    1    1    1    1    1  3.71656E+11 0.03169 
   26   26    1    1    1    1    1    1    1    1  7.45075E+11 0.02879 
   27   27    1    1    1    1    1    1    1    1  1.55369E+12 0.01735 
   28   28    1    1    1    1    1    1    1    1  3.30032E+12 0.01256 
   29   29    1    1    1    1    1    1    1    1  4.73439E+12 0.01038 
   30   30    1    1    1    1    1    1    1    1  1.20222E+13 0.00492 
   31   31    1    1    1    1    1    1    1    1  2.88461E+13 0.00456 
   32   32    1    1    1    1    1    1    1    1  4.39492E+13 0.00393 
   33   33    1    1    1    1    1    1    1    1  8.70708E+13 0.00264 
   34   34    1    1    1    1    1    1    1    1  1.00873E+14 0.00263 
   35   35    1    1    1    1    1    1    1    1  1.42363E+14 0.00206 
   36   36    1    1    1    1    1    1    1    1  1.11428E+14 0.00195 
   37   37    1    1    1    1    1    1    1    1  3.50491E+13 0.00202 
   38   38    1    1    1    1    1    1    1    1  1.69761E+14 0.00190 
   39   39    1    1    1    1    1    1    1    1  2.08759E+14 0.00191 
   40   40    1    1    1    1    1    1    1    1  3.46756E+14 0.00157 
   41   41    1    1    1    1    1    1    1    1  3.34622E+14 0.00130 
   42   42    1    1    1    1    1    1    1    1  6.08336E+14 0.00123 
   43   43    1    1    1    1    1    1    1    1  6.67068E+14 0.00147 
   44   44    1    1    1    1    1    1    1    1  8.67786E+14 0.00100 
   45   45    1    1    1    1    1    1    1    1  1.54418E+15 0.00081 
   46   46    1    1    1    1    1    1    1    1  8.08099E+14 0.00095 
   47   47    1    1    1    1    1    1    1    1  1.17020E+15 0.00104 
   48   48    1    1    1    1    1    1    1    1  1.62896E+15 0.00104 
   49   49    1    1    1    1    1    1    1    1  1.48560E+15 0.00096 
   50   50    1    1    1    1    1    1    1    1  2.27574E+15 0.00105 
   51   51    1    1    1    1    1    1    1    1  1.79545E+15 0.00109 
   52   52    1    1    1    1    1    1    1    1  2.03284E+15 0.00077 
   53   53    1    1    1    1    1    1    1    1  1.44906E+15 0.00099 
   54   54    1    1    1    1    1    1    1    1  1.75230E+15 0.00109 
   55   55    1    1    1    1    1    1    1    1  1.24179E+15 0.00118 
   56   56    1    1    1    1    1    1    1    1  1.71570E+14 0.00152 
   57   57    1    1    1    1    1    1    1    1  2.41408E+15 0.00109 
   58   58    1    1    1    1    1    1    1    1  1.05246E+15 0.00123 
   59   59    1    1    1    1    1    1    1    1  1.14765E+15 0.00129 
   60   60    1    1    1    1    1    1    1    1  9.03399E+14 0.00125 
   61   61    1    1    1    1    1    1    1    1  9.03753E+14 0.00116 
   62   62    1    1    1    1    1    1    1    1  9.07790E+14 0.00121 
   63   63    1    1    1    1    1    1    1    1  7.56718E+14 0.00143 
   64   64    1    1    1    1    1    1    1    1  5.95920E+14 0.00119 
   65   65    1    1    1    1    1    1    1    1  5.85644E+14 0.00103 
   66   66    1    1    1    1    1    1    1    1  4.62658E+14 0.00095 
   67   67    1    1    1    1    1    1    1    1  3.80660E+14 0.00102 
   68   68    1    1    1    1    1    1    1    1  3.36584E+14 0.00112 
   69   69    1    1    1    1    1    1    1    1  4.09594E+14 0.00128 
   70   70    1    1    1    1    1    1    1    1  3.51451E+14 0.00142 
   71   71    1    1    1    1    1    1    1    1  6.60110E+14 0.00140 
   72   72    1    1    1    1    1    1    1    1  4.80324E+14 0.00167 
   73   73    1    1    1    1    1    1    1    1  3.69556E+14 0.00212 
   74   74    1    1    1    1    1    1    1    1  2.96889E+14 0.00218 
   75   75    1    1    1    1    1    1    1    1  2.42094E+14 0.00168 
   76   76    1    1    1    1    1    1    1    1  2.74521E+14 0.00184 
   77   77    1    1    1    1    1    1    1    1  2.13314E+14 0.00161 
   78   78    1    1    1    1    1    1    1    1  1.64382E+14 0.00265 
   79   79    1    1    1    1    1    1    1    1  1.68545E+14 0.00247 
   80   80    1    1    1    1    1    1    1    1  1.25961E+14 0.00211 
   81   81    1    1    1    1    1    1    1    1  9.68968E+13 0.00226 
   82   82    1    1    1    1    1    1    1    1  7.50962E+13 0.00326 
   83   83    1    1    1    1    1    1    1    1  6.97809E+13 0.00304 
   84   84    1    1    1    1    1    1    1    1  5.01612E+13 0.00280 
   85   85    1    1    1    1    1    1    1    1  3.62311E+13 0.00447 
   86   86    1    1    1    1    1    1    1    1  3.39077E+13 0.00430 
   87   87    1    1    1    1    1    1    1    1  2.11992E+13 0.00556 
   88   88    1    1    1    1    1    1    1    1  1.41494E+13 0.00829 
   89   89    1    1    1    1    1    1    1    1  8.09073E+12 0.00889 
   90   90    1    1    1    1    1    1    1    1  5.39176E+12 0.00763 
   91   91    1    1    1    1    1    1    1    1  2.73189E+12 0.01178 
   92   92    1    1    1    1    1    1    1    1  1.33555E+12 0.01844 
   93   93    1    1    1    1    1    1    1    1  6.29678E+11 0.03210 
   94   94    1    1    1    1    1    1    1    1  3.26204E+11 0.04820 
   95   95    1    1    1    1    1    1    1    1  1.53591E+11 0.07001 
   96   96    1    1    1    1    1    1    1    1  6.72352E+10 0.07303 
   97   97    1    1    1    1    1    1    1    1  2.96464E+10 0.12395 
   98   98    1    1    1    1    1    1    1    1  1.26390E+10 0.26563 
   99   99    1    1    1    1    1    1    1    1  9.41790E+09 0.31207 
  100  100    1    1    1    1    1    1    1    1  8.42026E+09 0.28279 
];


