
DETdpaspec = [
    1    1    1    1    1    1    1    1    1    1  0.00000E+00 0.00000 
    2    2    1    1    1    1    1    1    1    1  0.00000E+00 0.00000 
    3    3    1    1    1    1    1    1    1    1  0.00000E+00 0.00000 
    4    4    1    1    1    1    1    1    1    1  0.00000E+00 0.00000 
    5    5    1    1    1    1    1    1    1    1  2.09967E+07 0.73007 
    6    6    1    1    1    1    1    1    1    1  0.00000E+00 0.00000 
    7    7    1    1    1    1    1    1    1    1  2.13969E+07 0.68825 
    8    8    1    1    1    1    1    1    1    1  1.68287E+07 1.00000 
    9    9    1    1    1    1    1    1    1    1  4.99089E+07 0.59127 
   10   10    1    1    1    1    1    1    1    1  1.12652E+08 0.75031 
   11   11    1    1    1    1    1    1    1    1  7.20910E+07 0.68842 
   12   12    1    1    1    1    1    1    1    1  1.47247E+08 0.35220 
   13   13    1    1    1    1    1    1    1    1  5.01170E+09 0.21350 
   14   14    1    1    1    1    1    1    1    1  5.65168E+09 0.14700 
   15   15    1    1    1    1    1    1    1    1  1.46665E+10 0.17033 
   16   16    1    1    1    1    1    1    1    1  4.42218E+09 0.13607 
   17   17    1    1    1    1    1    1    1    1  8.43065E+09 0.14191 
   18   18    1    1    1    1    1    1    1    1  2.16715E+10 0.10901 
   19   19    1    1    1    1    1    1    1    1  3.08813E+10 0.08036 
   20   20    1    1    1    1    1    1    1    1  9.70634E+10 0.08994 
   21   21    1    1    1    1    1    1    1    1  6.88690E+10 0.04869 
   22   22    1    1    1    1    1    1    1    1  2.09222E+11 0.04400 
   23   23    1    1    1    1    1    1    1    1  2.64407E+11 0.02485 
   24   24    1    1    1    1    1    1    1    1  4.50128E+11 0.02690 
   25   25    1    1    1    1    1    1    1    1  6.21703E+11 0.02123 
   26   26    1    1    1    1    1    1    1    1  1.09969E+12 0.01933 
   27   27    1    1    1    1    1    1    1    1  2.11470E+12 0.01179 
   28   28    1    1    1    1    1    1    1    1  3.70166E+12 0.00805 
   29   29    1    1    1    1    1    1    1    1  4.45016E+12 0.00806 
   30   30    1    1    1    1    1    1    1    1  1.18738E+13 0.00634 
   31   31    1    1    1    1    1    1    1    1  2.63679E+13 0.00531 
   32   32    1    1    1    1    1    1    1    1  3.81019E+13 0.00297 
   33   33    1    1    1    1    1    1    1    1  7.13517E+13 0.00298 
   34   34    1    1    1    1    1    1    1    1  7.74537E+13 0.00269 
   35   35    1    1    1    1    1    1    1    1  1.13672E+14 0.00261 
   36   36    1    1    1    1    1    1    1    1  8.85273E+13 0.00227 
   37   37    1    1    1    1    1    1    1    1  2.80267E+13 0.00195 
   38   38    1    1    1    1    1    1    1    1  1.30281E+14 0.00211 
   39   39    1    1    1    1    1    1    1    1  1.57730E+14 0.00163 
   40   40    1    1    1    1    1    1    1    1  2.51944E+14 0.00223 
   41   41    1    1    1    1    1    1    1    1  2.44856E+14 0.00243 
   42   42    1    1    1    1    1    1    1    1  4.28259E+14 0.00196 
   43   43    1    1    1    1    1    1    1    1  4.62647E+14 0.00174 
   44   44    1    1    1    1    1    1    1    1  5.89850E+14 0.00167 
   45   45    1    1    1    1    1    1    1    1  1.02194E+15 0.00148 
   46   46    1    1    1    1    1    1    1    1  5.30478E+14 0.00129 
   47   47    1    1    1    1    1    1    1    1  7.68887E+14 0.00132 
   48   48    1    1    1    1    1    1    1    1  1.05562E+15 0.00150 
   49   49    1    1    1    1    1    1    1    1  9.66766E+14 0.00158 
   50   50    1    1    1    1    1    1    1    1  1.44884E+15 0.00154 
   51   51    1    1    1    1    1    1    1    1  1.15229E+15 0.00177 
   52   52    1    1    1    1    1    1    1    1  1.27919E+15 0.00176 
   53   53    1    1    1    1    1    1    1    1  9.16605E+14 0.00187 
   54   54    1    1    1    1    1    1    1    1  1.08576E+15 0.00191 
   55   55    1    1    1    1    1    1    1    1  7.72658E+14 0.00192 
   56   56    1    1    1    1    1    1    1    1  1.07090E+14 0.00202 
   57   57    1    1    1    1    1    1    1    1  1.49899E+15 0.00184 
   58   58    1    1    1    1    1    1    1    1  6.37757E+14 0.00176 
   59   59    1    1    1    1    1    1    1    1  6.99346E+14 0.00156 
   60   60    1    1    1    1    1    1    1    1  5.40391E+14 0.00202 
   61   61    1    1    1    1    1    1    1    1  5.41933E+14 0.00204 
   62   62    1    1    1    1    1    1    1    1  5.41899E+14 0.00173 
   63   63    1    1    1    1    1    1    1    1  4.47709E+14 0.00161 
   64   64    1    1    1    1    1    1    1    1  3.52236E+14 0.00198 
   65   65    1    1    1    1    1    1    1    1  3.46313E+14 0.00212 
   66   66    1    1    1    1    1    1    1    1  2.72371E+14 0.00225 
   67   67    1    1    1    1    1    1    1    1  2.24840E+14 0.00281 
   68   68    1    1    1    1    1    1    1    1  1.99036E+14 0.00307 
   69   69    1    1    1    1    1    1    1    1  2.41751E+14 0.00251 
   70   70    1    1    1    1    1    1    1    1  2.07457E+14 0.00287 
   71   71    1    1    1    1    1    1    1    1  3.93698E+14 0.00215 
   72   72    1    1    1    1    1    1    1    1  2.88286E+14 0.00241 
   73   73    1    1    1    1    1    1    1    1  2.21968E+14 0.00235 
   74   74    1    1    1    1    1    1    1    1  1.75220E+14 0.00262 
   75   75    1    1    1    1    1    1    1    1  1.40430E+14 0.00279 
   76   76    1    1    1    1    1    1    1    1  1.57330E+14 0.00247 
   77   77    1    1    1    1    1    1    1    1  1.20713E+14 0.00272 
   78   78    1    1    1    1    1    1    1    1  9.18911E+13 0.00377 
   79   79    1    1    1    1    1    1    1    1  9.34524E+13 0.00276 
   80   80    1    1    1    1    1    1    1    1  6.88213E+13 0.00299 
   81   81    1    1    1    1    1    1    1    1  5.31257E+13 0.00434 
   82   82    1    1    1    1    1    1    1    1  4.06249E+13 0.00359 
   83   83    1    1    1    1    1    1    1    1  3.78331E+13 0.00550 
   84   84    1    1    1    1    1    1    1    1  2.72502E+13 0.00552 
   85   85    1    1    1    1    1    1    1    1  1.95087E+13 0.00571 
   86   86    1    1    1    1    1    1    1    1  1.81502E+13 0.00539 
   87   87    1    1    1    1    1    1    1    1  1.13689E+13 0.00875 
   88   88    1    1    1    1    1    1    1    1  7.66715E+12 0.00943 
   89   89    1    1    1    1    1    1    1    1  4.50256E+12 0.01151 
   90   90    1    1    1    1    1    1    1    1  2.97608E+12 0.01502 
   91   91    1    1    1    1    1    1    1    1  1.49533E+12 0.01687 
   92   92    1    1    1    1    1    1    1    1  7.64586E+11 0.02829 
   93   93    1    1    1    1    1    1    1    1  3.79701E+11 0.04068 
   94   94    1    1    1    1    1    1    1    1  1.62531E+11 0.04721 
   95   95    1    1    1    1    1    1    1    1  8.32544E+10 0.09082 
   96   96    1    1    1    1    1    1    1    1  4.27002E+10 0.10913 
   97   97    1    1    1    1    1    1    1    1  1.89734E+10 0.16134 
   98   98    1    1    1    1    1    1    1    1  8.38632E+09 0.22230 
   99   99    1    1    1    1    1    1    1    1  5.87967E+09 0.26885 
  100  100    1    1    1    1    1    1    1    1  4.57240E+09 0.35585 
];


