
DETdpaspec = [
    1    1    1    1    1    1    1    1    1    1  0.00000E+00 0.00000 
    2    2    1    1    1    1    1    1    1    1  0.00000E+00 0.00000 
    3    3    1    1    1    1    1    1    1    1  0.00000E+00 0.00000 
    4    4    1    1    1    1    1    1    1    1  0.00000E+00 0.00000 
    5    5    1    1    1    1    1    1    1    1  0.00000E+00 0.00000 
    6    6    1    1    1    1    1    1    1    1  0.00000E+00 0.00000 
    7    7    1    1    1    1    1    1    1    1  0.00000E+00 0.00000 
    8    8    1    1    1    1    1    1    1    1  0.00000E+00 0.00000 
    9    9    1    1    1    1    1    1    1    1  0.00000E+00 0.00000 
   10   10    1    1    1    1    1    1    1    1  7.44610E+07 0.72200 
   11   11    1    1    1    1    1    1    1    1  1.71418E+08 0.54738 
   12   12    1    1    1    1    1    1    1    1  6.16928E+07 0.68755 
   13   13    1    1    1    1    1    1    1    1  2.82952E+09 0.32790 
   14   14    1    1    1    1    1    1    1    1  6.63704E+09 0.39605 
   15   15    1    1    1    1    1    1    1    1  6.80100E+09 0.29512 
   16   16    1    1    1    1    1    1    1    1  1.14282E+09 0.26798 
   17   17    1    1    1    1    1    1    1    1  7.00065E+09 0.19905 
   18   18    1    1    1    1    1    1    1    1  1.01554E+10 0.16068 
   19   19    1    1    1    1    1    1    1    1  1.26669E+10 0.15265 
   20   20    1    1    1    1    1    1    1    1  3.29502E+10 0.12412 
   21   21    1    1    1    1    1    1    1    1  2.96887E+10 0.07779 
   22   22    1    1    1    1    1    1    1    1  7.59497E+10 0.08732 
   23   23    1    1    1    1    1    1    1    1  1.54048E+11 0.05060 
   24   24    1    1    1    1    1    1    1    1  3.34757E+11 0.02671 
   25   25    1    1    1    1    1    1    1    1  5.55046E+11 0.03915 
   26   26    1    1    1    1    1    1    1    1  1.18799E+12 0.01863 
   27   27    1    1    1    1    1    1    1    1  2.53570E+12 0.01449 
   28   28    1    1    1    1    1    1    1    1  6.09354E+12 0.01008 
   29   29    1    1    1    1    1    1    1    1  9.36118E+12 0.00806 
   30   30    1    1    1    1    1    1    1    1  2.00996E+13 0.00621 
   31   31    1    1    1    1    1    1    1    1  4.68585E+13 0.00356 
   32   32    1    1    1    1    1    1    1    1  6.82532E+13 0.00351 
   33   33    1    1    1    1    1    1    1    1  1.33900E+14 0.00229 
   34   34    1    1    1    1    1    1    1    1  1.60837E+14 0.00193 
   35   35    1    1    1    1    1    1    1    1  2.07278E+14 0.00144 
   36   36    1    1    1    1    1    1    1    1  1.57124E+14 0.00159 
   37   37    1    1    1    1    1    1    1    1  4.79525E+13 0.00193 
   38   38    1    1    1    1    1    1    1    1  2.38994E+14 0.00124 
   39   39    1    1    1    1    1    1    1    1  2.94509E+14 0.00133 
   40   40    1    1    1    1    1    1    1    1  4.96549E+14 0.00111 
   41   41    1    1    1    1    1    1    1    1  4.67658E+14 0.00095 
   42   42    1    1    1    1    1    1    1    1  8.65985E+14 0.00100 
   43   43    1    1    1    1    1    1    1    1  9.50616E+14 0.00086 
   44   44    1    1    1    1    1    1    1    1  1.24255E+15 0.00093 
   45   45    1    1    1    1    1    1    1    1  2.23549E+15 0.00089 
   46   46    1    1    1    1    1    1    1    1  1.17197E+15 0.00074 
   47   47    1    1    1    1    1    1    1    1  1.68094E+15 0.00059 
   48   48    1    1    1    1    1    1    1    1  2.35653E+15 0.00055 
   49   49    1    1    1    1    1    1    1    1  2.13387E+15 0.00065 
   50   50    1    1    1    1    1    1    1    1  3.33322E+15 0.00070 
   51   51    1    1    1    1    1    1    1    1  2.60267E+15 0.00062 
   52   52    1    1    1    1    1    1    1    1  3.00356E+15 0.00073 
   53   53    1    1    1    1    1    1    1    1  2.13898E+15 0.00084 
   54   54    1    1    1    1    1    1    1    1  2.63291E+15 0.00061 
   55   55    1    1    1    1    1    1    1    1  1.86757E+15 0.00061 
   56   56    1    1    1    1    1    1    1    1  2.57185E+14 0.00115 
   57   57    1    1    1    1    1    1    1    1  3.63441E+15 0.00064 
   58   58    1    1    1    1    1    1    1    1  1.62254E+15 0.00060 
   59   59    1    1    1    1    1    1    1    1  1.75940E+15 0.00068 
   60   60    1    1    1    1    1    1    1    1  1.41228E+15 0.00076 
   61   61    1    1    1    1    1    1    1    1  1.41074E+15 0.00060 
   62   62    1    1    1    1    1    1    1    1  1.42360E+15 0.00079 
   63   63    1    1    1    1    1    1    1    1  1.19515E+15 0.00057 
   64   64    1    1    1    1    1    1    1    1  9.44431E+14 0.00092 
   65   65    1    1    1    1    1    1    1    1  9.27219E+14 0.00091 
   66   66    1    1    1    1    1    1    1    1  7.35184E+14 0.00085 
   67   67    1    1    1    1    1    1    1    1  6.02665E+14 0.00096 
   68   68    1    1    1    1    1    1    1    1  5.32501E+14 0.00121 
   69   69    1    1    1    1    1    1    1    1  6.46226E+14 0.00093 
   70   70    1    1    1    1    1    1    1    1  5.54649E+14 0.00108 
   71   71    1    1    1    1    1    1    1    1  1.02761E+15 0.00089 
   72   72    1    1    1    1    1    1    1    1  7.45984E+14 0.00128 
   73   73    1    1    1    1    1    1    1    1  5.76446E+14 0.00102 
   74   74    1    1    1    1    1    1    1    1  4.69306E+14 0.00135 
   75   75    1    1    1    1    1    1    1    1  3.87825E+14 0.00125 
   76   76    1    1    1    1    1    1    1    1  4.49369E+14 0.00109 
   77   77    1    1    1    1    1    1    1    1  3.53012E+14 0.00134 
   78   78    1    1    1    1    1    1    1    1  2.75620E+14 0.00113 
   79   79    1    1    1    1    1    1    1    1  2.85396E+14 0.00097 
   80   80    1    1    1    1    1    1    1    1  2.13656E+14 0.00237 
   81   81    1    1    1    1    1    1    1    1  1.64989E+14 0.00195 
   82   82    1    1    1    1    1    1    1    1  1.27456E+14 0.00223 
   83   83    1    1    1    1    1    1    1    1  1.19409E+14 0.00174 
   84   84    1    1    1    1    1    1    1    1  8.55532E+13 0.00275 
   85   85    1    1    1    1    1    1    1    1  6.21716E+13 0.00181 
   86   86    1    1    1    1    1    1    1    1  5.82310E+13 0.00328 
   87   87    1    1    1    1    1    1    1    1  3.57246E+13 0.00338 
   88   88    1    1    1    1    1    1    1    1  2.40851E+13 0.00485 
   89   89    1    1    1    1    1    1    1    1  1.38003E+13 0.00619 
   90   90    1    1    1    1    1    1    1    1  9.24896E+12 0.00913 
   91   91    1    1    1    1    1    1    1    1  4.62654E+12 0.01001 
   92   92    1    1    1    1    1    1    1    1  2.19792E+12 0.01523 
   93   93    1    1    1    1    1    1    1    1  1.12468E+12 0.02297 
   94   94    1    1    1    1    1    1    1    1  5.23652E+11 0.03707 
   95   95    1    1    1    1    1    1    1    1  2.60686E+11 0.03132 
   96   96    1    1    1    1    1    1    1    1  1.06155E+11 0.05520 
   97   97    1    1    1    1    1    1    1    1  5.75865E+10 0.08976 
   98   98    1    1    1    1    1    1    1    1  2.18785E+10 0.15740 
   99   99    1    1    1    1    1    1    1    1  7.40907E+09 0.23070 
  100  100    1    1    1    1    1    1    1    1  1.43454E+10 0.20928 
];


