
DETdpaspec = [
    1    1    1    1    1    1    1    1    1    1  0.00000E+00 0.00000 
    2    2    1    1    1    1    1    1    1    1  0.00000E+00 0.00000 
    3    3    1    1    1    1    1    1    1    1  0.00000E+00 0.00000 
    4    4    1    1    1    1    1    1    1    1  0.00000E+00 0.00000 
    5    5    1    1    1    1    1    1    1    1  1.12715E+07 1.00000 
    6    6    1    1    1    1    1    1    1    1  0.00000E+00 0.00000 
    7    7    1    1    1    1    1    1    1    1  0.00000E+00 0.00000 
    8    8    1    1    1    1    1    1    1    1  2.53986E+07 0.71783 
    9    9    1    1    1    1    1    1    1    1  2.53252E+07 0.69423 
   10   10    1    1    1    1    1    1    1    1  4.14124E+07 1.00000 
   11   11    1    1    1    1    1    1    1    1  4.01245E+08 0.89158 
   12   12    1    1    1    1    1    1    1    1  9.12637E+07 0.41058 
   13   13    1    1    1    1    1    1    1    1  1.50133E+09 0.57999 
   14   14    1    1    1    1    1    1    1    1  2.83211E+09 0.30220 
   15   15    1    1    1    1    1    1    1    1  4.99486E+09 0.27551 
   16   16    1    1    1    1    1    1    1    1  1.73740E+09 0.30527 
   17   17    1    1    1    1    1    1    1    1  3.48244E+09 0.26412 
   18   18    1    1    1    1    1    1    1    1  8.67333E+09 0.18585 
   19   19    1    1    1    1    1    1    1    1  1.12979E+10 0.14522 
   20   20    1    1    1    1    1    1    1    1  3.75216E+10 0.10279 
   21   21    1    1    1    1    1    1    1    1  3.78973E+10 0.09019 
   22   22    1    1    1    1    1    1    1    1  7.76781E+10 0.07371 
   23   23    1    1    1    1    1    1    1    1  1.30566E+11 0.05450 
   24   24    1    1    1    1    1    1    1    1  2.50348E+11 0.04221 
   25   25    1    1    1    1    1    1    1    1  4.27320E+11 0.02630 
   26   26    1    1    1    1    1    1    1    1  8.84113E+11 0.02657 
   27   27    1    1    1    1    1    1    1    1  1.88802E+12 0.02277 
   28   28    1    1    1    1    1    1    1    1  4.47897E+12 0.01214 
   29   29    1    1    1    1    1    1    1    1  6.76198E+12 0.00569 
   30   30    1    1    1    1    1    1    1    1  1.57832E+13 0.00543 
   31   31    1    1    1    1    1    1    1    1  3.79675E+13 0.00461 
   32   32    1    1    1    1    1    1    1    1  5.66045E+13 0.00330 
   33   33    1    1    1    1    1    1    1    1  1.12614E+14 0.00240 
   34   34    1    1    1    1    1    1    1    1  1.34777E+14 0.00148 
   35   35    1    1    1    1    1    1    1    1  1.81086E+14 0.00148 
   36   36    1    1    1    1    1    1    1    1  1.39677E+14 0.00138 
   37   37    1    1    1    1    1    1    1    1  4.31611E+13 0.00139 
   38   38    1    1    1    1    1    1    1    1  2.12865E+14 0.00136 
   39   39    1    1    1    1    1    1    1    1  2.62556E+14 0.00124 
   40   40    1    1    1    1    1    1    1    1  4.41300E+14 0.00099 
   41   41    1    1    1    1    1    1    1    1  4.20468E+14 0.00103 
   42   42    1    1    1    1    1    1    1    1  7.75934E+14 0.00085 
   43   43    1    1    1    1    1    1    1    1  8.53305E+14 0.00096 
   44   44    1    1    1    1    1    1    1    1  1.11241E+15 0.00075 
   45   45    1    1    1    1    1    1    1    1  1.99971E+15 0.00093 
   46   46    1    1    1    1    1    1    1    1  1.05039E+15 0.00070 
   47   47    1    1    1    1    1    1    1    1  1.51167E+15 0.00081 
   48   48    1    1    1    1    1    1    1    1  2.12140E+15 0.00066 
   49   49    1    1    1    1    1    1    1    1  1.92618E+15 0.00081 
   50   50    1    1    1    1    1    1    1    1  2.99681E+15 0.00075 
   51   51    1    1    1    1    1    1    1    1  2.35156E+15 0.00072 
   52   52    1    1    1    1    1    1    1    1  2.69881E+15 0.00066 
   53   53    1    1    1    1    1    1    1    1  1.92328E+15 0.00065 
   54   54    1    1    1    1    1    1    1    1  2.35583E+15 0.00086 
   55   55    1    1    1    1    1    1    1    1  1.67085E+15 0.00082 
   56   56    1    1    1    1    1    1    1    1  2.30076E+14 0.00114 
   57   57    1    1    1    1    1    1    1    1  3.25034E+15 0.00079 
   58   58    1    1    1    1    1    1    1    1  1.44093E+15 0.00095 
   59   59    1    1    1    1    1    1    1    1  1.56550E+15 0.00079 
   60   60    1    1    1    1    1    1    1    1  1.24958E+15 0.00097 
   61   61    1    1    1    1    1    1    1    1  1.24865E+15 0.00099 
   62   62    1    1    1    1    1    1    1    1  1.25782E+15 0.00114 
   63   63    1    1    1    1    1    1    1    1  1.05367E+15 0.00104 
   64   64    1    1    1    1    1    1    1    1  8.31754E+14 0.00119 
   65   65    1    1    1    1    1    1    1    1  8.17549E+14 0.00130 
   66   66    1    1    1    1    1    1    1    1  6.47745E+14 0.00098 
   67   67    1    1    1    1    1    1    1    1  5.32127E+14 0.00126 
   68   68    1    1    1    1    1    1    1    1  4.70944E+14 0.00125 
   69   69    1    1    1    1    1    1    1    1  5.71843E+14 0.00161 
   70   70    1    1    1    1    1    1    1    1  4.90792E+14 0.00133 
   71   71    1    1    1    1    1    1    1    1  9.13255E+14 0.00109 
   72   72    1    1    1    1    1    1    1    1  6.64298E+14 0.00111 
   73   73    1    1    1    1    1    1    1    1  5.12450E+14 0.00125 
   74   74    1    1    1    1    1    1    1    1  4.15581E+14 0.00128 
   75   75    1    1    1    1    1    1    1    1  3.41624E+14 0.00124 
   76   76    1    1    1    1    1    1    1    1  3.93019E+14 0.00148 
   77   77    1    1    1    1    1    1    1    1  3.07485E+14 0.00111 
   78   78    1    1    1    1    1    1    1    1  2.39152E+14 0.00117 
   79   79    1    1    1    1    1    1    1    1  2.47281E+14 0.00188 
   80   80    1    1    1    1    1    1    1    1  1.85269E+14 0.00184 
   81   81    1    1    1    1    1    1    1    1  1.42962E+14 0.00224 
   82   82    1    1    1    1    1    1    1    1  1.09979E+14 0.00222 
   83   83    1    1    1    1    1    1    1    1  1.02704E+14 0.00220 
   84   84    1    1    1    1    1    1    1    1  7.38870E+13 0.00292 
   85   85    1    1    1    1    1    1    1    1  5.33308E+13 0.00309 
   86   86    1    1    1    1    1    1    1    1  5.04007E+13 0.00453 
   87   87    1    1    1    1    1    1    1    1  3.10482E+13 0.00548 
   88   88    1    1    1    1    1    1    1    1  2.08164E+13 0.00546 
   89   89    1    1    1    1    1    1    1    1  1.19323E+13 0.00566 
   90   90    1    1    1    1    1    1    1    1  8.06054E+12 0.00966 
   91   91    1    1    1    1    1    1    1    1  4.01594E+12 0.00822 
   92   92    1    1    1    1    1    1    1    1  1.87663E+12 0.01694 
   93   93    1    1    1    1    1    1    1    1  9.45400E+11 0.02199 
   94   94    1    1    1    1    1    1    1    1  4.46457E+11 0.03120 
   95   95    1    1    1    1    1    1    1    1  2.17723E+11 0.04041 
   96   96    1    1    1    1    1    1    1    1  9.69493E+10 0.06489 
   97   97    1    1    1    1    1    1    1    1  5.15979E+10 0.10023 
   98   98    1    1    1    1    1    1    1    1  2.11925E+10 0.17572 
   99   99    1    1    1    1    1    1    1    1  9.37503E+09 0.32801 
  100  100    1    1    1    1    1    1    1    1  1.13926E+10 0.25516 
];


