
DETdpaspec = [
    1    1    1    1    1    1    1    1    1    1  0.00000E+00 0.00000 
    2    2    1    1    1    1    1    1    1    1  0.00000E+00 0.00000 
    3    3    1    1    1    1    1    1    1    1  6.53924E+06 1.00000 
    4    4    1    1    1    1    1    1    1    1  8.24396E+06 1.00000 
    5    5    1    1    1    1    1    1    1    1  8.68489E+06 1.00000 
    6    6    1    1    1    1    1    1    1    1  0.00000E+00 0.00000 
    7    7    1    1    1    1    1    1    1    1  9.17545E+06 1.00000 
    8    8    1    1    1    1    1    1    1    1  3.11258E+07 0.68990 
    9    9    1    1    1    1    1    1    1    1  8.73606E+06 1.00000 
   10   10    1    1    1    1    1    1    1    1  1.24541E+08 0.54643 
   11   11    1    1    1    1    1    1    1    1  4.09274E+08 0.42532 
   12   12    1    1    1    1    1    1    1    1  1.38914E+08 0.37787 
   13   13    1    1    1    1    1    1    1    1  2.37036E+09 0.23234 
   14   14    1    1    1    1    1    1    1    1  4.01826E+09 0.23804 
   15   15    1    1    1    1    1    1    1    1  5.94277E+09 0.28205 
   16   16    1    1    1    1    1    1    1    1  2.87342E+09 0.16274 
   17   17    1    1    1    1    1    1    1    1  5.23871E+09 0.14302 
   18   18    1    1    1    1    1    1    1    1  1.79660E+10 0.12008 
   19   19    1    1    1    1    1    1    1    1  1.46511E+10 0.11575 
   20   20    1    1    1    1    1    1    1    1  5.19366E+10 0.12346 
   21   21    1    1    1    1    1    1    1    1  4.73153E+10 0.04339 
   22   22    1    1    1    1    1    1    1    1  1.28411E+11 0.07086 
   23   23    1    1    1    1    1    1    1    1  1.84498E+11 0.03549 
   24   24    1    1    1    1    1    1    1    1  2.91820E+11 0.03393 
   25   25    1    1    1    1    1    1    1    1  4.09796E+11 0.02363 
   26   26    1    1    1    1    1    1    1    1  7.79453E+11 0.02278 
   27   27    1    1    1    1    1    1    1    1  1.50577E+12 0.01480 
   28   28    1    1    1    1    1    1    1    1  3.05413E+12 0.01025 
   29   29    1    1    1    1    1    1    1    1  4.02817E+12 0.00856 
   30   30    1    1    1    1    1    1    1    1  1.06688E+13 0.00475 
   31   31    1    1    1    1    1    1    1    1  2.52628E+13 0.00451 
   32   32    1    1    1    1    1    1    1    1  3.76132E+13 0.00331 
   33   33    1    1    1    1    1    1    1    1  7.32362E+13 0.00318 
   34   34    1    1    1    1    1    1    1    1  8.31457E+13 0.00283 
   35   35    1    1    1    1    1    1    1    1  1.19743E+14 0.00282 
   36   36    1    1    1    1    1    1    1    1  9.37845E+13 0.00270 
   37   37    1    1    1    1    1    1    1    1  2.96611E+13 0.00294 
   38   38    1    1    1    1    1    1    1    1  1.41547E+14 0.00264 
   39   39    1    1    1    1    1    1    1    1  1.73388E+14 0.00213 
   40   40    1    1    1    1    1    1    1    1  2.83588E+14 0.00204 
   41   41    1    1    1    1    1    1    1    1  2.75283E+14 0.00219 
   42   42    1    1    1    1    1    1    1    1  4.93149E+14 0.00209 
   43   43    1    1    1    1    1    1    1    1  5.37386E+14 0.00202 
   44   44    1    1    1    1    1    1    1    1  6.94136E+14 0.00195 
   45   45    1    1    1    1    1    1    1    1  1.22055E+15 0.00193 
   46   46    1    1    1    1    1    1    1    1  6.35737E+14 0.00173 
   47   47    1    1    1    1    1    1    1    1  9.21484E+14 0.00201 
   48   48    1    1    1    1    1    1    1    1  1.27570E+15 0.00186 
   49   49    1    1    1    1    1    1    1    1  1.16365E+15 0.00185 
   50   50    1    1    1    1    1    1    1    1  1.76417E+15 0.00185 
   51   51    1    1    1    1    1    1    1    1  1.39753E+15 0.00194 
   52   52    1    1    1    1    1    1    1    1  1.56368E+15 0.00201 
   53   53    1    1    1    1    1    1    1    1  1.11548E+15 0.00192 
   54   54    1    1    1    1    1    1    1    1  1.33488E+15 0.00212 
   55   55    1    1    1    1    1    1    1    1  9.48195E+14 0.00211 
   56   56    1    1    1    1    1    1    1    1  1.31177E+14 0.00222 
   57   57    1    1    1    1    1    1    1    1  1.83904E+15 0.00218 
   58   58    1    1    1    1    1    1    1    1  7.91910E+14 0.00204 
   59   59    1    1    1    1    1    1    1    1  8.65025E+14 0.00214 
   60   60    1    1    1    1    1    1    1    1  6.74980E+14 0.00191 
   61   61    1    1    1    1    1    1    1    1  6.75685E+14 0.00225 
   62   62    1    1    1    1    1    1    1    1  6.75560E+14 0.00201 
   63   63    1    1    1    1    1    1    1    1  5.61278E+14 0.00237 
   64   64    1    1    1    1    1    1    1    1  4.41373E+14 0.00241 
   65   65    1    1    1    1    1    1    1    1  4.32237E+14 0.00257 
   66   66    1    1    1    1    1    1    1    1  3.40912E+14 0.00272 
   67   67    1    1    1    1    1    1    1    1  2.81519E+14 0.00225 
   68   68    1    1    1    1    1    1    1    1  2.49145E+14 0.00275 
   69   69    1    1    1    1    1    1    1    1  3.02435E+14 0.00271 
   70   70    1    1    1    1    1    1    1    1  2.59846E+14 0.00250 
   71   71    1    1    1    1    1    1    1    1  4.90184E+14 0.00298 
   72   72    1    1    1    1    1    1    1    1  3.57630E+14 0.00297 
   73   73    1    1    1    1    1    1    1    1  2.74744E+14 0.00239 
   74   74    1    1    1    1    1    1    1    1  2.18315E+14 0.00306 
   75   75    1    1    1    1    1    1    1    1  1.77332E+14 0.00284 
   76   76    1    1    1    1    1    1    1    1  2.00511E+14 0.00322 
   77   77    1    1    1    1    1    1    1    1  1.53818E+14 0.00323 
   78   78    1    1    1    1    1    1    1    1  1.17975E+14 0.00322 
   79   79    1    1    1    1    1    1    1    1  1.21057E+14 0.00256 
   80   80    1    1    1    1    1    1    1    1  8.97773E+13 0.00250 
   81   81    1    1    1    1    1    1    1    1  6.90938E+13 0.00380 
   82   82    1    1    1    1    1    1    1    1  5.31070E+13 0.00353 
   83   83    1    1    1    1    1    1    1    1  4.96537E+13 0.00391 
   84   84    1    1    1    1    1    1    1    1  3.55234E+13 0.00545 
   85   85    1    1    1    1    1    1    1    1  2.56647E+13 0.00411 
   86   86    1    1    1    1    1    1    1    1  2.40100E+13 0.00589 
   87   87    1    1    1    1    1    1    1    1  1.49045E+13 0.00610 
   88   88    1    1    1    1    1    1    1    1  1.00369E+13 0.00729 
   89   89    1    1    1    1    1    1    1    1  5.81101E+12 0.01088 
   90   90    1    1    1    1    1    1    1    1  3.92333E+12 0.01474 
   91   91    1    1    1    1    1    1    1    1  2.00812E+12 0.01329 
   92   92    1    1    1    1    1    1    1    1  9.42617E+11 0.02016 
   93   93    1    1    1    1    1    1    1    1  4.48277E+11 0.04189 
   94   94    1    1    1    1    1    1    1    1  2.32815E+11 0.05874 
   95   95    1    1    1    1    1    1    1    1  1.03169E+11 0.07388 
   96   96    1    1    1    1    1    1    1    1  5.28129E+10 0.10129 
   97   97    1    1    1    1    1    1    1    1  2.74227E+10 0.13956 
   98   98    1    1    1    1    1    1    1    1  1.18249E+10 0.23472 
   99   99    1    1    1    1    1    1    1    1  5.54515E+09 0.31589 
  100  100    1    1    1    1    1    1    1    1  1.94932E+09 0.37272 
];


