
DETdpaspec = [
    1    1    1    1    1    1    1    1    1    1  0.00000E+00 0.00000 
    2    2    1    1    1    1    1    1    1    1  0.00000E+00 0.00000 
    3    3    1    1    1    1    1    1    1    1  0.00000E+00 0.00000 
    4    4    1    1    1    1    1    1    1    1  0.00000E+00 0.00000 
    5    5    1    1    1    1    1    1    1    1  9.97264E+06 1.00000 
    6    6    1    1    1    1    1    1    1    1  0.00000E+00 0.00000 
    7    7    1    1    1    1    1    1    1    1  0.00000E+00 0.00000 
    8    8    1    1    1    1    1    1    1    1  0.00000E+00 0.00000 
    9    9    1    1    1    1    1    1    1    1  7.31827E+06 1.00000 
   10   10    1    1    1    1    1    1    1    1  0.00000E+00 0.00000 
   11   11    1    1    1    1    1    1    1    1  3.65009E+08 0.42845 
   12   12    1    1    1    1    1    1    1    1  1.23458E+08 0.58395 
   13   13    1    1    1    1    1    1    1    1  7.82517E+08 0.57412 
   14   14    1    1    1    1    1    1    1    1  4.31968E+09 0.37352 
   15   15    1    1    1    1    1    1    1    1  4.36484E+09 0.24236 
   16   16    1    1    1    1    1    1    1    1  2.37044E+09 0.22426 
   17   17    1    1    1    1    1    1    1    1  4.99527E+09 0.20461 
   18   18    1    1    1    1    1    1    1    1  1.17747E+10 0.16600 
   19   19    1    1    1    1    1    1    1    1  1.58312E+10 0.12258 
   20   20    1    1    1    1    1    1    1    1  3.95148E+10 0.11332 
   21   21    1    1    1    1    1    1    1    1  3.58316E+10 0.09175 
   22   22    1    1    1    1    1    1    1    1  8.08313E+10 0.08977 
   23   23    1    1    1    1    1    1    1    1  1.41268E+11 0.05958 
   24   24    1    1    1    1    1    1    1    1  2.42747E+11 0.03272 
   25   25    1    1    1    1    1    1    1    1  3.82487E+11 0.02902 
   26   26    1    1    1    1    1    1    1    1  7.99939E+11 0.02063 
   27   27    1    1    1    1    1    1    1    1  1.68409E+12 0.01146 
   28   28    1    1    1    1    1    1    1    1  3.88647E+12 0.01112 
   29   29    1    1    1    1    1    1    1    1  5.68502E+12 0.01075 
   30   30    1    1    1    1    1    1    1    1  1.39131E+13 0.00699 
   31   31    1    1    1    1    1    1    1    1  3.36702E+13 0.00516 
   32   32    1    1    1    1    1    1    1    1  5.05476E+13 0.00345 
   33   33    1    1    1    1    1    1    1    1  1.00584E+14 0.00233 
   34   34    1    1    1    1    1    1    1    1  1.19396E+14 0.00230 
   35   35    1    1    1    1    1    1    1    1  1.63628E+14 0.00142 
   36   36    1    1    1    1    1    1    1    1  1.27632E+14 0.00158 
   37   37    1    1    1    1    1    1    1    1  3.97217E+13 0.00200 
   38   38    1    1    1    1    1    1    1    1  1.94997E+14 0.00120 
   39   39    1    1    1    1    1    1    1    1  2.40878E+14 0.00169 
   40   40    1    1    1    1    1    1    1    1  4.03186E+14 0.00180 
   41   41    1    1    1    1    1    1    1    1  3.85887E+14 0.00164 
   42   42    1    1    1    1    1    1    1    1  7.07691E+14 0.00133 
   43   43    1    1    1    1    1    1    1    1  7.78486E+14 0.00124 
   44   44    1    1    1    1    1    1    1    1  1.01565E+15 0.00094 
   45   45    1    1    1    1    1    1    1    1  1.82420E+15 0.00096 
   46   46    1    1    1    1    1    1    1    1  9.55481E+14 0.00099 
   47   47    1    1    1    1    1    1    1    1  1.37885E+15 0.00095 
   48   48    1    1    1    1    1    1    1    1  1.93068E+15 0.00124 
   49   49    1    1    1    1    1    1    1    1  1.75506E+15 0.00111 
   50   50    1    1    1    1    1    1    1    1  2.71647E+15 0.00108 
   51   51    1    1    1    1    1    1    1    1  2.14044E+15 0.00108 
   52   52    1    1    1    1    1    1    1    1  2.44298E+15 0.00120 
   53   53    1    1    1    1    1    1    1    1  1.74009E+15 0.00132 
   54   54    1    1    1    1    1    1    1    1  2.12140E+15 0.00134 
   55   55    1    1    1    1    1    1    1    1  1.50435E+15 0.00127 
   56   56    1    1    1    1    1    1    1    1  2.07444E+14 0.00140 
   57   57    1    1    1    1    1    1    1    1  2.92659E+15 0.00124 
   58   58    1    1    1    1    1    1    1    1  1.28674E+15 0.00145 
   59   59    1    1    1    1    1    1    1    1  1.40152E+15 0.00124 
   60   60    1    1    1    1    1    1    1    1  1.11229E+15 0.00146 
   61   61    1    1    1    1    1    1    1    1  1.11147E+15 0.00155 
   62   62    1    1    1    1    1    1    1    1  1.11898E+15 0.00141 
   63   63    1    1    1    1    1    1    1    1  9.35882E+14 0.00140 
   64   64    1    1    1    1    1    1    1    1  7.39145E+14 0.00120 
   65   65    1    1    1    1    1    1    1    1  7.25960E+14 0.00144 
   66   66    1    1    1    1    1    1    1    1  5.74485E+14 0.00170 
   67   67    1    1    1    1    1    1    1    1  4.72497E+14 0.00169 
   68   68    1    1    1    1    1    1    1    1  4.17884E+14 0.00201 
   69   69    1    1    1    1    1    1    1    1  5.07943E+14 0.00162 
   70   70    1    1    1    1    1    1    1    1  4.36312E+14 0.00210 
   71   71    1    1    1    1    1    1    1    1  8.15389E+14 0.00164 
   72   72    1    1    1    1    1    1    1    1  5.92826E+14 0.00170 
   73   73    1    1    1    1    1    1    1    1  4.56719E+14 0.00184 
   74   74    1    1    1    1    1    1    1    1  3.68666E+14 0.00161 
   75   75    1    1    1    1    1    1    1    1  3.02848E+14 0.00190 
   76   76    1    1    1    1    1    1    1    1  3.46251E+14 0.00199 
   77   77    1    1    1    1    1    1    1    1  2.70029E+14 0.00184 
   78   78    1    1    1    1    1    1    1    1  2.09253E+14 0.00226 
   79   79    1    1    1    1    1    1    1    1  2.15635E+14 0.00227 
   80   80    1    1    1    1    1    1    1    1  1.60892E+14 0.00209 
   81   81    1    1    1    1    1    1    1    1  1.24357E+14 0.00225 
   82   82    1    1    1    1    1    1    1    1  9.57197E+13 0.00315 
   83   83    1    1    1    1    1    1    1    1  8.95464E+13 0.00414 
   84   84    1    1    1    1    1    1    1    1  6.43095E+13 0.00316 
   85   85    1    1    1    1    1    1    1    1  4.64698E+13 0.00423 
   86   86    1    1    1    1    1    1    1    1  4.35585E+13 0.00316 
   87   87    1    1    1    1    1    1    1    1  2.68482E+13 0.00482 
   88   88    1    1    1    1    1    1    1    1  1.82200E+13 0.00663 
   89   89    1    1    1    1    1    1    1    1  1.04211E+13 0.00551 
   90   90    1    1    1    1    1    1    1    1  7.03578E+12 0.00857 
   91   91    1    1    1    1    1    1    1    1  3.51744E+12 0.01116 
   92   92    1    1    1    1    1    1    1    1  1.69091E+12 0.01723 
   93   93    1    1    1    1    1    1    1    1  8.59307E+11 0.02842 
   94   94    1    1    1    1    1    1    1    1  4.12763E+11 0.04223 
   95   95    1    1    1    1    1    1    1    1  1.94333E+11 0.07029 
   96   96    1    1    1    1    1    1    1    1  8.81427E+10 0.08554 
   97   97    1    1    1    1    1    1    1    1  4.16188E+10 0.11214 
   98   98    1    1    1    1    1    1    1    1  2.34590E+10 0.16499 
   99   99    1    1    1    1    1    1    1    1  1.12505E+10 0.22602 
  100  100    1    1    1    1    1    1    1    1  1.33504E+10 0.24221 
];


