
DETdpaspec = [
    1    1    1    1    1    1    1    1    1    1  0.00000E+00 0.00000 
    2    2    1    1    1    1    1    1    1    1  0.00000E+00 0.00000 
    3    3    1    1    1    1    1    1    1    1  0.00000E+00 0.00000 
    4    4    1    1    1    1    1    1    1    1  0.00000E+00 0.00000 
    5    5    1    1    1    1    1    1    1    1  0.00000E+00 0.00000 
    6    6    1    1    1    1    1    1    1    1  0.00000E+00 0.00000 
    7    7    1    1    1    1    1    1    1    1  4.50688E+07 0.72553 
    8    8    1    1    1    1    1    1    1    1  0.00000E+00 0.00000 
    9    9    1    1    1    1    1    1    1    1  0.00000E+00 0.00000 
   10   10    1    1    1    1    1    1    1    1  0.00000E+00 0.00000 
   11   11    1    1    1    1    1    1    1    1  1.44121E+08 0.55152 
   12   12    1    1    1    1    1    1    1    1  6.30852E+07 0.66123 
   13   13    1    1    1    1    1    1    1    1  9.43020E+08 0.61024 
   14   14    1    1    1    1    1    1    1    1  7.42424E+09 0.22259 
   15   15    1    1    1    1    1    1    1    1  7.74355E+09 0.21607 
   16   16    1    1    1    1    1    1    1    1  8.44314E+08 0.30454 
   17   17    1    1    1    1    1    1    1    1  4.13965E+09 0.25113 
   18   18    1    1    1    1    1    1    1    1  1.29109E+10 0.17628 
   19   19    1    1    1    1    1    1    1    1  1.42747E+10 0.14308 
   20   20    1    1    1    1    1    1    1    1  3.84504E+10 0.13340 
   21   21    1    1    1    1    1    1    1    1  3.28059E+10 0.10159 
   22   22    1    1    1    1    1    1    1    1  8.95876E+10 0.07417 
   23   23    1    1    1    1    1    1    1    1  1.39322E+11 0.05317 
   24   24    1    1    1    1    1    1    1    1  2.59574E+11 0.03020 
   25   25    1    1    1    1    1    1    1    1  3.79656E+11 0.03264 
   26   26    1    1    1    1    1    1    1    1  7.45308E+11 0.02699 
   27   27    1    1    1    1    1    1    1    1  1.56455E+12 0.01199 
   28   28    1    1    1    1    1    1    1    1  3.43485E+12 0.01046 
   29   29    1    1    1    1    1    1    1    1  5.08213E+12 0.01011 
   30   30    1    1    1    1    1    1    1    1  1.27050E+13 0.00636 
   31   31    1    1    1    1    1    1    1    1  3.06962E+13 0.00462 
   32   32    1    1    1    1    1    1    1    1  4.64209E+13 0.00430 
   33   33    1    1    1    1    1    1    1    1  9.22758E+13 0.00261 
   34   34    1    1    1    1    1    1    1    1  1.07972E+14 0.00246 
   35   35    1    1    1    1    1    1    1    1  1.51199E+14 0.00165 
   36   36    1    1    1    1    1    1    1    1  1.17957E+14 0.00182 
   37   37    1    1    1    1    1    1    1    1  3.69727E+13 0.00170 
   38   38    1    1    1    1    1    1    1    1  1.80057E+14 0.00159 
   39   39    1    1    1    1    1    1    1    1  2.22133E+14 0.00128 
   40   40    1    1    1    1    1    1    1    1  3.69354E+14 0.00148 
   41   41    1    1    1    1    1    1    1    1  3.55629E+14 0.00140 
   42   42    1    1    1    1    1    1    1    1  6.50459E+14 0.00128 
   43   43    1    1    1    1    1    1    1    1  7.14539E+14 0.00131 
   44   44    1    1    1    1    1    1    1    1  9.30748E+14 0.00114 
   45   45    1    1    1    1    1    1    1    1  1.66368E+15 0.00106 
   46   46    1    1    1    1    1    1    1    1  8.72095E+14 0.00113 
   47   47    1    1    1    1    1    1    1    1  1.26011E+15 0.00096 
   48   48    1    1    1    1    1    1    1    1  1.75766E+15 0.00087 
   49   49    1    1    1    1    1    1    1    1  1.60214E+15 0.00096 
   50   50    1    1    1    1    1    1    1    1  2.46294E+15 0.00117 
   51   51    1    1    1    1    1    1    1    1  1.94068E+15 0.00108 
   52   52    1    1    1    1    1    1    1    1  2.20654E+15 0.00094 
   53   53    1    1    1    1    1    1    1    1  1.57438E+15 0.00127 
   54   54    1    1    1    1    1    1    1    1  1.90916E+15 0.00134 
   55   55    1    1    1    1    1    1    1    1  1.35346E+15 0.00113 
   56   56    1    1    1    1    1    1    1    1  1.86775E+14 0.00160 
   57   57    1    1    1    1    1    1    1    1  2.62997E+15 0.00122 
   58   58    1    1    1    1    1    1    1    1  1.15084E+15 0.00127 
   59   59    1    1    1    1    1    1    1    1  1.25420E+15 0.00126 
   60   60    1    1    1    1    1    1    1    1  9.90711E+14 0.00121 
   61   61    1    1    1    1    1    1    1    1  9.90579E+14 0.00128 
   62   62    1    1    1    1    1    1    1    1  9.95215E+14 0.00141 
   63   63    1    1    1    1    1    1    1    1  8.31909E+14 0.00134 
   64   64    1    1    1    1    1    1    1    1  6.54742E+14 0.00157 
   65   65    1    1    1    1    1    1    1    1  6.43441E+14 0.00170 
   66   66    1    1    1    1    1    1    1    1  5.09369E+14 0.00157 
   67   67    1    1    1    1    1    1    1    1  4.19630E+14 0.00183 
   68   68    1    1    1    1    1    1    1    1  3.71657E+14 0.00154 
   69   69    1    1    1    1    1    1    1    1  4.51059E+14 0.00124 
   70   70    1    1    1    1    1    1    1    1  3.86617E+14 0.00176 
   71   71    1    1    1    1    1    1    1    1  7.22580E+14 0.00154 
   72   72    1    1    1    1    1    1    1    1  5.25724E+14 0.00138 
   73   73    1    1    1    1    1    1    1    1  4.05968E+14 0.00176 
   74   74    1    1    1    1    1    1    1    1  3.26773E+14 0.00173 
   75   75    1    1    1    1    1    1    1    1  2.66745E+14 0.00196 
   76   76    1    1    1    1    1    1    1    1  3.04685E+14 0.00189 
   77   77    1    1    1    1    1    1    1    1  2.37297E+14 0.00208 
   78   78    1    1    1    1    1    1    1    1  1.82588E+14 0.00226 
   79   79    1    1    1    1    1    1    1    1  1.88648E+14 0.00188 
   80   80    1    1    1    1    1    1    1    1  1.40537E+14 0.00188 
   81   81    1    1    1    1    1    1    1    1  1.08145E+14 0.00254 
   82   82    1    1    1    1    1    1    1    1  8.29061E+13 0.00336 
   83   83    1    1    1    1    1    1    1    1  7.77075E+13 0.00303 
   84   84    1    1    1    1    1    1    1    1  5.63416E+13 0.00288 
   85   85    1    1    1    1    1    1    1    1  4.03622E+13 0.00319 
   86   86    1    1    1    1    1    1    1    1  3.77360E+13 0.00311 
   87   87    1    1    1    1    1    1    1    1  2.33821E+13 0.00409 
   88   88    1    1    1    1    1    1    1    1  1.57306E+13 0.00601 
   89   89    1    1    1    1    1    1    1    1  9.08087E+12 0.00813 
   90   90    1    1    1    1    1    1    1    1  6.04988E+12 0.00933 
   91   91    1    1    1    1    1    1    1    1  3.14868E+12 0.01506 
   92   92    1    1    1    1    1    1    1    1  1.45717E+12 0.02123 
   93   93    1    1    1    1    1    1    1    1  7.15210E+11 0.02417 
   94   94    1    1    1    1    1    1    1    1  3.86006E+11 0.02557 
   95   95    1    1    1    1    1    1    1    1  1.54190E+11 0.05853 
   96   96    1    1    1    1    1    1    1    1  7.76953E+10 0.09707 
   97   97    1    1    1    1    1    1    1    1  3.20606E+10 0.12919 
   98   98    1    1    1    1    1    1    1    1  2.24382E+10 0.15597 
   99   99    1    1    1    1    1    1    1    1  1.08583E+10 0.21524 
  100  100    1    1    1    1    1    1    1    1  4.19899E+09 0.36125 
];


