
DETdpaspec = [
    1    1    1    1    1    1    1    1    1    1  0.00000E+00 0.00000 
    2    2    1    1    1    1    1    1    1    1  0.00000E+00 0.00000 
    3    3    1    1    1    1    1    1    1    1  0.00000E+00 0.00000 
    4    4    1    1    1    1    1    1    1    1  0.00000E+00 0.00000 
    5    5    1    1    1    1    1    1    1    1  0.00000E+00 0.00000 
    6    6    1    1    1    1    1    1    1    1  0.00000E+00 0.00000 
    7    7    1    1    1    1    1    1    1    1  0.00000E+00 0.00000 
    8    8    1    1    1    1    1    1    1    1  0.00000E+00 0.00000 
    9    9    1    1    1    1    1    1    1    1  1.20882E+08 1.00000 
   10   10    1    1    1    1    1    1    1    1  1.32584E+08 0.54619 
   11   11    1    1    1    1    1    1    1    1  3.72291E+07 1.00000 
   12   12    1    1    1    1    1    1    1    1  2.17538E+08 0.54331 
   13   13    1    1    1    1    1    1    1    1  1.95667E+09 0.42738 
   14   14    1    1    1    1    1    1    1    1  4.13148E+09 0.22290 
   15   15    1    1    1    1    1    1    1    1  6.58544E+09 0.28954 
   16   16    1    1    1    1    1    1    1    1  2.02713E+09 0.26769 
   17   17    1    1    1    1    1    1    1    1  4.74757E+09 0.16164 
   18   18    1    1    1    1    1    1    1    1  1.54059E+10 0.11639 
   19   19    1    1    1    1    1    1    1    1  1.73305E+10 0.11783 
   20   20    1    1    1    1    1    1    1    1  5.00255E+10 0.09018 
   21   21    1    1    1    1    1    1    1    1  3.90456E+10 0.06074 
   22   22    1    1    1    1    1    1    1    1  9.54794E+10 0.07625 
   23   23    1    1    1    1    1    1    1    1  1.47448E+11 0.05291 
   24   24    1    1    1    1    1    1    1    1  2.54062E+11 0.04046 
   25   25    1    1    1    1    1    1    1    1  3.72643E+11 0.02956 
   26   26    1    1    1    1    1    1    1    1  7.41461E+11 0.02863 
   27   27    1    1    1    1    1    1    1    1  1.57398E+12 0.01879 
   28   28    1    1    1    1    1    1    1    1  3.41413E+12 0.01185 
   29   29    1    1    1    1    1    1    1    1  4.80985E+12 0.01037 
   30   30    1    1    1    1    1    1    1    1  1.22176E+13 0.00720 
   31   31    1    1    1    1    1    1    1    1  2.92669E+13 0.00576 
   32   32    1    1    1    1    1    1    1    1  4.42702E+13 0.00453 
   33   33    1    1    1    1    1    1    1    1  8.73106E+13 0.00211 
   34   34    1    1    1    1    1    1    1    1  1.01661E+14 0.00197 
   35   35    1    1    1    1    1    1    1    1  1.43450E+14 0.00237 
   36   36    1    1    1    1    1    1    1    1  1.11952E+14 0.00189 
   37   37    1    1    1    1    1    1    1    1  3.51037E+13 0.00158 
   38   38    1    1    1    1    1    1    1    1  1.70674E+14 0.00182 
   39   39    1    1    1    1    1    1    1    1  2.10140E+14 0.00211 
   40   40    1    1    1    1    1    1    1    1  3.49193E+14 0.00182 
   41   41    1    1    1    1    1    1    1    1  3.37393E+14 0.00154 
   42   42    1    1    1    1    1    1    1    1  6.13627E+14 0.00144 
   43   43    1    1    1    1    1    1    1    1  6.72350E+14 0.00131 
   44   44    1    1    1    1    1    1    1    1  8.72962E+14 0.00095 
   45   45    1    1    1    1    1    1    1    1  1.55555E+15 0.00094 
   46   46    1    1    1    1    1    1    1    1  8.14062E+14 0.00100 
   47   47    1    1    1    1    1    1    1    1  1.17864E+15 0.00073 
   48   48    1    1    1    1    1    1    1    1  1.64221E+15 0.00095 
   49   49    1    1    1    1    1    1    1    1  1.49661E+15 0.00108 
   50   50    1    1    1    1    1    1    1    1  2.29373E+15 0.00101 
   51   51    1    1    1    1    1    1    1    1  1.81039E+15 0.00097 
   52   52    1    1    1    1    1    1    1    1  2.04947E+15 0.00098 
   53   53    1    1    1    1    1    1    1    1  1.46280E+15 0.00092 
   54   54    1    1    1    1    1    1    1    1  1.76866E+15 0.00085 
   55   55    1    1    1    1    1    1    1    1  1.25389E+15 0.00081 
   56   56    1    1    1    1    1    1    1    1  1.73275E+14 0.00092 
   57   57    1    1    1    1    1    1    1    1  2.43786E+15 0.00113 
   58   58    1    1    1    1    1    1    1    1  1.06273E+15 0.00134 
   59   59    1    1    1    1    1    1    1    1  1.15555E+15 0.00121 
   60   60    1    1    1    1    1    1    1    1  9.10868E+14 0.00109 
   61   61    1    1    1    1    1    1    1    1  9.12136E+14 0.00087 
   62   62    1    1    1    1    1    1    1    1  9.16345E+14 0.00104 
   63   63    1    1    1    1    1    1    1    1  7.64093E+14 0.00114 
   64   64    1    1    1    1    1    1    1    1  6.00940E+14 0.00136 
   65   65    1    1    1    1    1    1    1    1  5.90189E+14 0.00179 
   66   66    1    1    1    1    1    1    1    1  4.66840E+14 0.00129 
   67   67    1    1    1    1    1    1    1    1  3.85014E+14 0.00141 
   68   68    1    1    1    1    1    1    1    1  3.40496E+14 0.00205 
   69   69    1    1    1    1    1    1    1    1  4.13170E+14 0.00153 
   70   70    1    1    1    1    1    1    1    1  3.54501E+14 0.00171 
   71   71    1    1    1    1    1    1    1    1  6.66407E+14 0.00186 
   72   72    1    1    1    1    1    1    1    1  4.83946E+14 0.00130 
   73   73    1    1    1    1    1    1    1    1  3.72120E+14 0.00159 
   74   74    1    1    1    1    1    1    1    1  2.99145E+14 0.00172 
   75   75    1    1    1    1    1    1    1    1  2.44220E+14 0.00200 
   76   76    1    1    1    1    1    1    1    1  2.77125E+14 0.00226 
   77   77    1    1    1    1    1    1    1    1  2.15753E+14 0.00209 
   78   78    1    1    1    1    1    1    1    1  1.65905E+14 0.00243 
   79   79    1    1    1    1    1    1    1    1  1.70715E+14 0.00205 
   80   80    1    1    1    1    1    1    1    1  1.27066E+14 0.00321 
   81   81    1    1    1    1    1    1    1    1  9.78962E+13 0.00254 
   82   82    1    1    1    1    1    1    1    1  7.56143E+13 0.00298 
   83   83    1    1    1    1    1    1    1    1  7.04208E+13 0.00197 
   84   84    1    1    1    1    1    1    1    1  5.04936E+13 0.00351 
   85   85    1    1    1    1    1    1    1    1  3.63834E+13 0.00476 
   86   86    1    1    1    1    1    1    1    1  3.42582E+13 0.00360 
   87   87    1    1    1    1    1    1    1    1  2.10592E+13 0.00563 
   88   88    1    1    1    1    1    1    1    1  1.43961E+13 0.00489 
   89   89    1    1    1    1    1    1    1    1  8.25777E+12 0.00727 
   90   90    1    1    1    1    1    1    1    1  5.52517E+12 0.01118 
   91   91    1    1    1    1    1    1    1    1  2.78683E+12 0.01796 
   92   92    1    1    1    1    1    1    1    1  1.36740E+12 0.01923 
   93   93    1    1    1    1    1    1    1    1  6.20836E+11 0.02047 
   94   94    1    1    1    1    1    1    1    1  3.03259E+11 0.02739 
   95   95    1    1    1    1    1    1    1    1  1.41135E+11 0.06793 
   96   96    1    1    1    1    1    1    1    1  6.88371E+10 0.08991 
   97   97    1    1    1    1    1    1    1    1  3.35447E+10 0.12936 
   98   98    1    1    1    1    1    1    1    1  1.53619E+10 0.16527 
   99   99    1    1    1    1    1    1    1    1  8.23589E+09 0.33640 
  100  100    1    1    1    1    1    1    1    1  9.08664E+09 0.26471 
];


