
DETdpaspec = [
    1    1    1    1    1    1    1    1    1    1  0.00000E+00 0.00000 
    2    2    1    1    1    1    1    1    1    1  0.00000E+00 0.00000 
    3    3    1    1    1    1    1    1    1    1  0.00000E+00 0.00000 
    4    4    1    1    1    1    1    1    1    1  0.00000E+00 0.00000 
    5    5    1    1    1    1    1    1    1    1  0.00000E+00 0.00000 
    6    6    1    1    1    1    1    1    1    1  0.00000E+00 0.00000 
    7    7    1    1    1    1    1    1    1    1  1.78721E+07 1.00000 
    8    8    1    1    1    1    1    1    1    1  8.90341E+06 1.00000 
    9    9    1    1    1    1    1    1    1    1  0.00000E+00 0.00000 
   10   10    1    1    1    1    1    1    1    1  4.70176E+07 1.00000 
   11   11    1    1    1    1    1    1    1    1  4.41616E+08 0.48516 
   12   12    1    1    1    1    1    1    1    1  6.37098E+07 1.00000 
   13   13    1    1    1    1    1    1    1    1  1.51533E+09 0.31202 
   14   14    1    1    1    1    1    1    1    1  4.02189E+09 0.32779 
   15   15    1    1    1    1    1    1    1    1  4.70448E+09 0.29359 
   16   16    1    1    1    1    1    1    1    1  2.55210E+09 0.22461 
   17   17    1    1    1    1    1    1    1    1  4.37937E+09 0.30842 
   18   18    1    1    1    1    1    1    1    1  7.56097E+09 0.27062 
   19   19    1    1    1    1    1    1    1    1  1.20822E+10 0.16521 
   20   20    1    1    1    1    1    1    1    1  3.40681E+10 0.12288 
   21   21    1    1    1    1    1    1    1    1  2.79832E+10 0.09361 
   22   22    1    1    1    1    1    1    1    1  7.12318E+10 0.09528 
   23   23    1    1    1    1    1    1    1    1  1.13148E+11 0.07684 
   24   24    1    1    1    1    1    1    1    1  2.83491E+11 0.03167 
   25   25    1    1    1    1    1    1    1    1  4.84378E+11 0.03629 
   26   26    1    1    1    1    1    1    1    1  1.06142E+12 0.02129 
   27   27    1    1    1    1    1    1    1    1  2.20857E+12 0.01413 
   28   28    1    1    1    1    1    1    1    1  5.17282E+12 0.00837 
   29   29    1    1    1    1    1    1    1    1  7.89696E+12 0.00859 
   30   30    1    1    1    1    1    1    1    1  1.79037E+13 0.00536 
   31   31    1    1    1    1    1    1    1    1  4.24019E+13 0.00383 
   32   32    1    1    1    1    1    1    1    1  6.25318E+13 0.00271 
   33   33    1    1    1    1    1    1    1    1  1.23366E+14 0.00222 
   34   34    1    1    1    1    1    1    1    1  1.48146E+14 0.00216 
   35   35    1    1    1    1    1    1    1    1  1.94460E+14 0.00208 
   36   36    1    1    1    1    1    1    1    1  1.48432E+14 0.00202 
   37   37    1    1    1    1    1    1    1    1  4.55442E+13 0.00194 
   38   38    1    1    1    1    1    1    1    1  2.26131E+14 0.00178 
   39   39    1    1    1    1    1    1    1    1  2.78865E+14 0.00125 
   40   40    1    1    1    1    1    1    1    1  4.70501E+14 0.00081 
   41   41    1    1    1    1    1    1    1    1  4.46077E+14 0.00084 
   42   42    1    1    1    1    1    1    1    1  8.24361E+14 0.00063 
   43   43    1    1    1    1    1    1    1    1  9.07024E+14 0.00103 
   44   44    1    1    1    1    1    1    1    1  1.18395E+15 0.00097 
   45   45    1    1    1    1    1    1    1    1  2.13349E+15 0.00076 
   46   46    1    1    1    1    1    1    1    1  1.11893E+15 0.00073 
   47   47    1    1    1    1    1    1    1    1  1.60896E+15 0.00080 
   48   48    1    1    1    1    1    1    1    1  2.25500E+15 0.00070 
   49   49    1    1    1    1    1    1    1    1  2.04508E+15 0.00054 
   50   50    1    1    1    1    1    1    1    1  3.18627E+15 0.00049 
   51   51    1    1    1    1    1    1    1    1  2.49715E+15 0.00068 
   52   52    1    1    1    1    1    1    1    1  2.87470E+15 0.00058 
   53   53    1    1    1    1    1    1    1    1  2.04905E+15 0.00077 
   54   54    1    1    1    1    1    1    1    1  2.51307E+15 0.00060 
   55   55    1    1    1    1    1    1    1    1  1.78234E+15 0.00068 
   56   56    1    1    1    1    1    1    1    1  2.45445E+14 0.00092 
   57   57    1    1    1    1    1    1    1    1  3.46821E+15 0.00066 
   58   58    1    1    1    1    1    1    1    1  1.54427E+15 0.00091 
   59   59    1    1    1    1    1    1    1    1  1.67575E+15 0.00054 
   60   60    1    1    1    1    1    1    1    1  1.34089E+15 0.00055 
   61   61    1    1    1    1    1    1    1    1  1.34088E+15 0.00085 
   62   62    1    1    1    1    1    1    1    1  1.35284E+15 0.00081 
   63   63    1    1    1    1    1    1    1    1  1.13468E+15 0.00072 
   64   64    1    1    1    1    1    1    1    1  8.96442E+14 0.00102 
   65   65    1    1    1    1    1    1    1    1  8.79413E+14 0.00080 
   66   66    1    1    1    1    1    1    1    1  6.98413E+14 0.00089 
   67   67    1    1    1    1    1    1    1    1  5.73889E+14 0.00095 
   68   68    1    1    1    1    1    1    1    1  5.06480E+14 0.00134 
   69   69    1    1    1    1    1    1    1    1  6.16390E+14 0.00106 
   70   70    1    1    1    1    1    1    1    1  5.28156E+14 0.00098 
   71   71    1    1    1    1    1    1    1    1  9.79405E+14 0.00075 
   72   72    1    1    1    1    1    1    1    1  7.10857E+14 0.00104 
   73   73    1    1    1    1    1    1    1    1  5.49140E+14 0.00097 
   74   74    1    1    1    1    1    1    1    1  4.46528E+14 0.00131 
   75   75    1    1    1    1    1    1    1    1  3.69118E+14 0.00128 
   76   76    1    1    1    1    1    1    1    1  4.25308E+14 0.00118 
   77   77    1    1    1    1    1    1    1    1  3.34550E+14 0.00101 
   78   78    1    1    1    1    1    1    1    1  2.59599E+14 0.00150 
   79   79    1    1    1    1    1    1    1    1  2.69999E+14 0.00165 
   80   80    1    1    1    1    1    1    1    1  2.01509E+14 0.00168 
   81   81    1    1    1    1    1    1    1    1  1.55743E+14 0.00174 
   82   82    1    1    1    1    1    1    1    1  1.20052E+14 0.00245 
   83   83    1    1    1    1    1    1    1    1  1.12420E+14 0.00168 
   84   84    1    1    1    1    1    1    1    1  8.10420E+13 0.00225 
   85   85    1    1    1    1    1    1    1    1  5.82600E+13 0.00342 
   86   86    1    1    1    1    1    1    1    1  5.46805E+13 0.00363 
   87   87    1    1    1    1    1    1    1    1  3.37464E+13 0.00371 
   88   88    1    1    1    1    1    1    1    1  2.26469E+13 0.00418 
   89   89    1    1    1    1    1    1    1    1  1.30197E+13 0.00753 
   90   90    1    1    1    1    1    1    1    1  8.71241E+12 0.00885 
   91   91    1    1    1    1    1    1    1    1  4.31333E+12 0.01372 
   92   92    1    1    1    1    1    1    1    1  2.13375E+12 0.01810 
   93   93    1    1    1    1    1    1    1    1  1.03866E+12 0.02355 
   94   94    1    1    1    1    1    1    1    1  4.84971E+11 0.03082 
   95   95    1    1    1    1    1    1    1    1  2.62357E+11 0.03903 
   96   96    1    1    1    1    1    1    1    1  1.18656E+11 0.07085 
   97   97    1    1    1    1    1    1    1    1  4.83828E+10 0.13257 
   98   98    1    1    1    1    1    1    1    1  1.37839E+10 0.13812 
   99   99    1    1    1    1    1    1    1    1  1.21488E+10 0.22861 
  100  100    1    1    1    1    1    1    1    1  1.14445E+10 0.17310 
];


