
DETdpaspec = [
    1    1    1    1    1    1    1    1    1    1  0.00000E+00 0.00000 
    2    2    1    1    1    1    1    1    1    1  0.00000E+00 0.00000 
    3    3    1    1    1    1    1    1    1    1  7.94050E+06 1.00000 
    4    4    1    1    1    1    1    1    1    1  0.00000E+00 0.00000 
    5    5    1    1    1    1    1    1    1    1  0.00000E+00 0.00000 
    6    6    1    1    1    1    1    1    1    1  9.16274E+06 1.00000 
    7    7    1    1    1    1    1    1    1    1  2.26659E+07 1.00000 
    8    8    1    1    1    1    1    1    1    1  4.97953E+07 0.73179 
    9    9    1    1    1    1    1    1    1    1  2.62276E+07 0.73425 
   10   10    1    1    1    1    1    1    1    1  1.58993E+08 0.60743 
   11   11    1    1    1    1    1    1    1    1  1.02114E+08 0.68828 
   12   12    1    1    1    1    1    1    1    1  6.56834E+07 0.50551 
   13   13    1    1    1    1    1    1    1    1  2.11582E+09 0.34663 
   14   14    1    1    1    1    1    1    1    1  3.09106E+09 0.33352 
   15   15    1    1    1    1    1    1    1    1  5.30922E+09 0.28066 
   16   16    1    1    1    1    1    1    1    1  2.75085E+09 0.28915 
   17   17    1    1    1    1    1    1    1    1  3.64527E+09 0.18287 
   18   18    1    1    1    1    1    1    1    1  1.31130E+10 0.18479 
   19   19    1    1    1    1    1    1    1    1  1.69564E+10 0.10338 
   20   20    1    1    1    1    1    1    1    1  4.17140E+10 0.11562 
   21   21    1    1    1    1    1    1    1    1  3.95640E+10 0.10989 
   22   22    1    1    1    1    1    1    1    1  9.98617E+10 0.04686 
   23   23    1    1    1    1    1    1    1    1  1.39820E+11 0.05598 
   24   24    1    1    1    1    1    1    1    1  2.39899E+11 0.04319 
   25   25    1    1    1    1    1    1    1    1  3.54404E+11 0.03625 
   26   26    1    1    1    1    1    1    1    1  7.66702E+11 0.02464 
   27   27    1    1    1    1    1    1    1    1  1.59549E+12 0.02065 
   28   28    1    1    1    1    1    1    1    1  3.54362E+12 0.01340 
   29   29    1    1    1    1    1    1    1    1  5.09362E+12 0.00632 
   30   30    1    1    1    1    1    1    1    1  1.27390E+13 0.00648 
   31   31    1    1    1    1    1    1    1    1  3.05852E+13 0.00278 
   32   32    1    1    1    1    1    1    1    1  4.62986E+13 0.00308 
   33   33    1    1    1    1    1    1    1    1  9.21224E+13 0.00240 
   34   34    1    1    1    1    1    1    1    1  1.07819E+14 0.00253 
   35   35    1    1    1    1    1    1    1    1  1.51314E+14 0.00167 
   36   36    1    1    1    1    1    1    1    1  1.17710E+14 0.00158 
   37   37    1    1    1    1    1    1    1    1  3.68050E+13 0.00170 
   38   38    1    1    1    1    1    1    1    1  1.79788E+14 0.00119 
   39   39    1    1    1    1    1    1    1    1  2.21665E+14 0.00160 
   40   40    1    1    1    1    1    1    1    1  3.68784E+14 0.00103 
   41   41    1    1    1    1    1    1    1    1  3.54613E+14 0.00091 
   42   42    1    1    1    1    1    1    1    1  6.47253E+14 0.00070 
   43   43    1    1    1    1    1    1    1    1  7.11034E+14 0.00078 
   44   44    1    1    1    1    1    1    1    1  9.26518E+14 0.00080 
   45   45    1    1    1    1    1    1    1    1  1.65561E+15 0.00089 
   46   46    1    1    1    1    1    1    1    1  8.67524E+14 0.00084 
   47   47    1    1    1    1    1    1    1    1  1.25468E+15 0.00101 
   48   48    1    1    1    1    1    1    1    1  1.75053E+15 0.00087 
   49   49    1    1    1    1    1    1    1    1  1.59282E+15 0.00085 
   50   50    1    1    1    1    1    1    1    1  2.45152E+15 0.00095 
   51   51    1    1    1    1    1    1    1    1  1.93339E+15 0.00086 
   52   52    1    1    1    1    1    1    1    1  2.19771E+15 0.00081 
   53   53    1    1    1    1    1    1    1    1  1.56802E+15 0.00062 
   54   54    1    1    1    1    1    1    1    1  1.89875E+15 0.00081 
   55   55    1    1    1    1    1    1    1    1  1.34533E+15 0.00088 
   56   56    1    1    1    1    1    1    1    1  1.85903E+14 0.00147 
   57   57    1    1    1    1    1    1    1    1  2.61861E+15 0.00108 
   58   58    1    1    1    1    1    1    1    1  1.14593E+15 0.00112 
   59   59    1    1    1    1    1    1    1    1  1.24863E+15 0.00126 
   60   60    1    1    1    1    1    1    1    1  9.84629E+14 0.00098 
   61   61    1    1    1    1    1    1    1    1  9.84243E+14 0.00123 
   62   62    1    1    1    1    1    1    1    1  9.91161E+14 0.00106 
   63   63    1    1    1    1    1    1    1    1  8.27290E+14 0.00135 
   64   64    1    1    1    1    1    1    1    1  6.50942E+14 0.00149 
   65   65    1    1    1    1    1    1    1    1  6.40066E+14 0.00103 
   66   66    1    1    1    1    1    1    1    1  5.06106E+14 0.00090 
   67   67    1    1    1    1    1    1    1    1  4.17252E+14 0.00126 
   68   68    1    1    1    1    1    1    1    1  3.69376E+14 0.00180 
   69   69    1    1    1    1    1    1    1    1  4.47339E+14 0.00138 
   70   70    1    1    1    1    1    1    1    1  3.84943E+14 0.00103 
   71   71    1    1    1    1    1    1    1    1  7.20177E+14 0.00140 
   72   72    1    1    1    1    1    1    1    1  5.23416E+14 0.00152 
   73   73    1    1    1    1    1    1    1    1  4.03967E+14 0.00134 
   74   74    1    1    1    1    1    1    1    1  3.25231E+14 0.00186 
   75   75    1    1    1    1    1    1    1    1  2.65104E+14 0.00207 
   76   76    1    1    1    1    1    1    1    1  3.03029E+14 0.00196 
   77   77    1    1    1    1    1    1    1    1  2.34975E+14 0.00110 
   78   78    1    1    1    1    1    1    1    1  1.81601E+14 0.00217 
   79   79    1    1    1    1    1    1    1    1  1.86637E+14 0.00165 
   80   80    1    1    1    1    1    1    1    1  1.39331E+14 0.00175 
   81   81    1    1    1    1    1    1    1    1  1.07769E+14 0.00236 
   82   82    1    1    1    1    1    1    1    1  8.24476E+13 0.00244 
   83   83    1    1    1    1    1    1    1    1  7.75615E+13 0.00282 
   84   84    1    1    1    1    1    1    1    1  5.54685E+13 0.00294 
   85   85    1    1    1    1    1    1    1    1  3.98954E+13 0.00376 
   86   86    1    1    1    1    1    1    1    1  3.74618E+13 0.00411 
   87   87    1    1    1    1    1    1    1    1  2.31382E+13 0.00528 
   88   88    1    1    1    1    1    1    1    1  1.57199E+13 0.00775 
   89   89    1    1    1    1    1    1    1    1  8.95667E+12 0.00858 
   90   90    1    1    1    1    1    1    1    1  5.96911E+12 0.01109 
   91   91    1    1    1    1    1    1    1    1  2.96987E+12 0.01082 
   92   92    1    1    1    1    1    1    1    1  1.56756E+12 0.02076 
   93   93    1    1    1    1    1    1    1    1  7.34885E+11 0.03493 
   94   94    1    1    1    1    1    1    1    1  3.54535E+11 0.04411 
   95   95    1    1    1    1    1    1    1    1  1.76498E+11 0.03896 
   96   96    1    1    1    1    1    1    1    1  7.16000E+10 0.07883 
   97   97    1    1    1    1    1    1    1    1  3.91865E+10 0.12374 
   98   98    1    1    1    1    1    1    1    1  1.74010E+10 0.16216 
   99   99    1    1    1    1    1    1    1    1  6.40874E+09 0.30496 
  100  100    1    1    1    1    1    1    1    1  6.34899E+09 0.31781 
];


