
DETdpaspec = [
    1    1    1    1    1    1    1    1    1    1  0.00000E+00 0.00000 
    2    2    1    1    1    1    1    1    1    1  0.00000E+00 0.00000 
    3    3    1    1    1    1    1    1    1    1  0.00000E+00 0.00000 
    4    4    1    1    1    1    1    1    1    1  1.30184E+07 1.00000 
    5    5    1    1    1    1    1    1    1    1  0.00000E+00 0.00000 
    6    6    1    1    1    1    1    1    1    1  0.00000E+00 0.00000 
    7    7    1    1    1    1    1    1    1    1  1.33867E+07 1.00000 
    8    8    1    1    1    1    1    1    1    1  1.72601E+07 1.00000 
    9    9    1    1    1    1    1    1    1    1  1.43663E+07 0.69743 
   10   10    1    1    1    1    1    1    1    1  1.37699E+08 0.64745 
   11   11    1    1    1    1    1    1    1    1  5.30555E+07 1.00000 
   12   12    1    1    1    1    1    1    1    1  1.95820E+07 1.00000 
   13   13    1    1    1    1    1    1    1    1  9.25850E+08 0.57509 
   14   14    1    1    1    1    1    1    1    1  1.80792E+09 0.54539 
   15   15    1    1    1    1    1    1    1    1  3.41874E+09 0.35640 
   16   16    1    1    1    1    1    1    1    1  1.80050E+09 0.26605 
   17   17    1    1    1    1    1    1    1    1  2.66822E+09 0.26142 
   18   18    1    1    1    1    1    1    1    1  1.01034E+10 0.15853 
   19   19    1    1    1    1    1    1    1    1  1.08879E+10 0.13706 
   20   20    1    1    1    1    1    1    1    1  3.88641E+10 0.15013 
   21   21    1    1    1    1    1    1    1    1  2.67426E+10 0.10359 
   22   22    1    1    1    1    1    1    1    1  6.77186E+10 0.05903 
   23   23    1    1    1    1    1    1    1    1  1.31142E+11 0.05715 
   24   24    1    1    1    1    1    1    1    1  2.72000E+11 0.02760 
   25   25    1    1    1    1    1    1    1    1  4.81107E+11 0.02879 
   26   26    1    1    1    1    1    1    1    1  1.04287E+12 0.01725 
   27   27    1    1    1    1    1    1    1    1  2.20741E+12 0.01624 
   28   28    1    1    1    1    1    1    1    1  5.17857E+12 0.00995 
   29   29    1    1    1    1    1    1    1    1  7.90727E+12 0.00495 
   30   30    1    1    1    1    1    1    1    1  1.78199E+13 0.00394 
   31   31    1    1    1    1    1    1    1    1  4.19187E+13 0.00362 
   32   32    1    1    1    1    1    1    1    1  6.19316E+13 0.00313 
   33   33    1    1    1    1    1    1    1    1  1.22355E+14 0.00185 
   34   34    1    1    1    1    1    1    1    1  1.46929E+14 0.00193 
   35   35    1    1    1    1    1    1    1    1  1.92922E+14 0.00169 
   36   36    1    1    1    1    1    1    1    1  1.48061E+14 0.00170 
   37   37    1    1    1    1    1    1    1    1  4.55126E+13 0.00183 
   38   38    1    1    1    1    1    1    1    1  2.25787E+14 0.00156 
   39   39    1    1    1    1    1    1    1    1  2.78326E+14 0.00155 
   40   40    1    1    1    1    1    1    1    1  4.69214E+14 0.00115 
   41   41    1    1    1    1    1    1    1    1  4.44420E+14 0.00115 
   42   42    1    1    1    1    1    1    1    1  8.23241E+14 0.00089 
   43   43    1    1    1    1    1    1    1    1  9.06008E+14 0.00089 
   44   44    1    1    1    1    1    1    1    1  1.18152E+15 0.00089 
   45   45    1    1    1    1    1    1    1    1  2.13037E+15 0.00113 
   46   46    1    1    1    1    1    1    1    1  1.11664E+15 0.00098 
   47   47    1    1    1    1    1    1    1    1  1.60652E+15 0.00104 
   48   48    1    1    1    1    1    1    1    1  2.25188E+15 0.00095 
   49   49    1    1    1    1    1    1    1    1  2.03912E+15 0.00082 
   50   50    1    1    1    1    1    1    1    1  3.17811E+15 0.00085 
   51   51    1    1    1    1    1    1    1    1  2.49100E+15 0.00106 
   52   52    1    1    1    1    1    1    1    1  2.86941E+15 0.00086 
   53   53    1    1    1    1    1    1    1    1  2.04360E+15 0.00094 
   54   54    1    1    1    1    1    1    1    1  2.50943E+15 0.00071 
   55   55    1    1    1    1    1    1    1    1  1.78051E+15 0.00102 
   56   56    1    1    1    1    1    1    1    1  2.45167E+14 0.00128 
   57   57    1    1    1    1    1    1    1    1  3.46306E+15 0.00095 
   58   58    1    1    1    1    1    1    1    1  1.54124E+15 0.00098 
   59   59    1    1    1    1    1    1    1    1  1.67166E+15 0.00088 
   60   60    1    1    1    1    1    1    1    1  1.33834E+15 0.00089 
   61   61    1    1    1    1    1    1    1    1  1.33701E+15 0.00075 
   62   62    1    1    1    1    1    1    1    1  1.34982E+15 0.00083 
   63   63    1    1    1    1    1    1    1    1  1.12995E+15 0.00078 
   64   64    1    1    1    1    1    1    1    1  8.93304E+14 0.00082 
   65   65    1    1    1    1    1    1    1    1  8.78488E+14 0.00082 
   66   66    1    1    1    1    1    1    1    1  6.97657E+14 0.00115 
   67   67    1    1    1    1    1    1    1    1  5.73378E+14 0.00124 
   68   68    1    1    1    1    1    1    1    1  5.05365E+14 0.00132 
   69   69    1    1    1    1    1    1    1    1  6.14547E+14 0.00090 
   70   70    1    1    1    1    1    1    1    1  5.27039E+14 0.00118 
   71   71    1    1    1    1    1    1    1    1  9.78450E+14 0.00079 
   72   72    1    1    1    1    1    1    1    1  7.10548E+14 0.00108 
   73   73    1    1    1    1    1    1    1    1  5.48491E+14 0.00136 
   74   74    1    1    1    1    1    1    1    1  4.46210E+14 0.00143 
   75   75    1    1    1    1    1    1    1    1  3.68246E+14 0.00160 
   76   76    1    1    1    1    1    1    1    1  4.25037E+14 0.00121 
   77   77    1    1    1    1    1    1    1    1  3.34183E+14 0.00133 
   78   78    1    1    1    1    1    1    1    1  2.60640E+14 0.00161 
   79   79    1    1    1    1    1    1    1    1  2.69888E+14 0.00207 
   80   80    1    1    1    1    1    1    1    1  2.01135E+14 0.00173 
   81   81    1    1    1    1    1    1    1    1  1.54969E+14 0.00188 
   82   82    1    1    1    1    1    1    1    1  1.19907E+14 0.00221 
   83   83    1    1    1    1    1    1    1    1  1.11866E+14 0.00240 
   84   84    1    1    1    1    1    1    1    1  8.03873E+13 0.00353 
   85   85    1    1    1    1    1    1    1    1  5.81408E+13 0.00354 
   86   86    1    1    1    1    1    1    1    1  5.43000E+13 0.00403 
   87   87    1    1    1    1    1    1    1    1  3.37755E+13 0.00538 
   88   88    1    1    1    1    1    1    1    1  2.28138E+13 0.00438 
   89   89    1    1    1    1    1    1    1    1  1.30658E+13 0.00640 
   90   90    1    1    1    1    1    1    1    1  8.53796E+12 0.00613 
   91   91    1    1    1    1    1    1    1    1  4.35146E+12 0.01166 
   92   92    1    1    1    1    1    1    1    1  2.09019E+12 0.01263 
   93   93    1    1    1    1    1    1    1    1  1.04839E+12 0.02998 
   94   94    1    1    1    1    1    1    1    1  4.94117E+11 0.03164 
   95   95    1    1    1    1    1    1    1    1  2.43465E+11 0.04767 
   96   96    1    1    1    1    1    1    1    1  1.05195E+11 0.06590 
   97   97    1    1    1    1    1    1    1    1  5.82658E+10 0.08288 
   98   98    1    1    1    1    1    1    1    1  2.29551E+10 0.18847 
   99   99    1    1    1    1    1    1    1    1  1.07552E+10 0.23819 
  100  100    1    1    1    1    1    1    1    1  1.08629E+10 0.22493 
];


