
DETdpaspec = [
    1    1    1    1    1    1    1    1    1    1  0.00000E+00 0.00000 
    2    2    1    1    1    1    1    1    1    1  0.00000E+00 0.00000 
    3    3    1    1    1    1    1    1    1    1  0.00000E+00 0.00000 
    4    4    1    1    1    1    1    1    1    1  3.33286E+07 1.00000 
    5    5    1    1    1    1    1    1    1    1  0.00000E+00 0.00000 
    6    6    1    1    1    1    1    1    1    1  0.00000E+00 0.00000 
    7    7    1    1    1    1    1    1    1    1  0.00000E+00 0.00000 
    8    8    1    1    1    1    1    1    1    1  0.00000E+00 0.00000 
    9    9    1    1    1    1    1    1    1    1  0.00000E+00 0.00000 
   10   10    1    1    1    1    1    1    1    1  0.00000E+00 0.00000 
   11   11    1    1    1    1    1    1    1    1  0.00000E+00 0.00000 
   12   12    1    1    1    1    1    1    1    1  1.65792E+08 0.63485 
   13   13    1    1    1    1    1    1    1    1  2.89843E+09 0.42937 
   14   14    1    1    1    1    1    1    1    1  4.85614E+09 0.36853 
   15   15    1    1    1    1    1    1    1    1  4.42375E+09 0.43435 
   16   16    1    1    1    1    1    1    1    1  1.75144E+09 0.47453 
   17   17    1    1    1    1    1    1    1    1  2.70181E+09 0.24200 
   18   18    1    1    1    1    1    1    1    1  5.50505E+09 0.30699 
   19   19    1    1    1    1    1    1    1    1  9.46180E+09 0.20555 
   20   20    1    1    1    1    1    1    1    1  5.29889E+10 0.10068 
   21   21    1    1    1    1    1    1    1    1  1.22384E+11 0.04501 
   22   22    1    1    1    1    1    1    1    1  5.63204E+11 0.03137 
   23   23    1    1    1    1    1    1    1    1  2.09679E+12 0.01482 
   24   24    1    1    1    1    1    1    1    1  4.92277E+12 0.01164 
   25   25    1    1    1    1    1    1    1    1  7.18499E+12 0.00890 
   26   26    1    1    1    1    1    1    1    1  1.28452E+13 0.00606 
   27   27    1    1    1    1    1    1    1    1  2.09822E+13 0.00428 
   28   28    1    1    1    1    1    1    1    1  3.63839E+13 0.00432 
   29   29    1    1    1    1    1    1    1    1  4.90799E+13 0.00286 
   30   30    1    1    1    1    1    1    1    1  7.99289E+13 0.00300 
   31   31    1    1    1    1    1    1    1    1  1.41177E+14 0.00198 
   32   32    1    1    1    1    1    1    1    1  1.76559E+14 0.00224 
   33   33    1    1    1    1    1    1    1    1  2.98771E+14 0.00212 
   34   34    1    1    1    1    1    1    1    1  3.36721E+14 0.00121 
   35   35    1    1    1    1    1    1    1    1  3.66018E+14 0.00109 
   36   36    1    1    1    1    1    1    1    1  2.52992E+14 0.00105 
   37   37    1    1    1    1    1    1    1    1  7.38201E+13 0.00104 
   38   38    1    1    1    1    1    1    1    1  3.70398E+14 0.00103 
   39   39    1    1    1    1    1    1    1    1  4.43716E+14 0.00092 
   40   40    1    1    1    1    1    1    1    1  7.35227E+14 0.00091 
   41   41    1    1    1    1    1    1    1    1  6.59259E+14 0.00090 
   42   42    1    1    1    1    1    1    1    1  1.20687E+15 0.00091 
   43   43    1    1    1    1    1    1    1    1  1.29682E+15 0.00072 
   44   44    1    1    1    1    1    1    1    1  1.65215E+15 0.00074 
   45   45    1    1    1    1    1    1    1    1  2.89976E+15 0.00051 
   46   46    1    1    1    1    1    1    1    1  1.47591E+15 0.00057 
   47   47    1    1    1    1    1    1    1    1  2.07168E+15 0.00049 
   48   48    1    1    1    1    1    1    1    1  2.85285E+15 0.00042 
   49   49    1    1    1    1    1    1    1    1  2.52162E+15 0.00060 
   50   50    1    1    1    1    1    1    1    1  3.91657E+15 0.00063 
   51   51    1    1    1    1    1    1    1    1  2.97366E+15 0.00047 
   52   52    1    1    1    1    1    1    1    1  3.42890E+15 0.00059 
   53   53    1    1    1    1    1    1    1    1  2.40263E+15 0.00057 
   54   54    1    1    1    1    1    1    1    1  2.97006E+15 0.00069 
   55   55    1    1    1    1    1    1    1    1  2.08334E+15 0.00062 
   56   56    1    1    1    1    1    1    1    1  2.84704E+14 0.00105 
   57   57    1    1    1    1    1    1    1    1  4.01053E+15 0.00062 
   58   58    1    1    1    1    1    1    1    1  1.80642E+15 0.00063 
   59   59    1    1    1    1    1    1    1    1  1.93229E+15 0.00087 
   60   60    1    1    1    1    1    1    1    1  1.56203E+15 0.00073 
   61   61    1    1    1    1    1    1    1    1  1.55027E+15 0.00078 
   62   62    1    1    1    1    1    1    1    1  1.56092E+15 0.00069 
   63   63    1    1    1    1    1    1    1    1  1.30537E+15 0.00083 
   64   64    1    1    1    1    1    1    1    1  1.02600E+15 0.00074 
   65   65    1    1    1    1    1    1    1    1  1.00123E+15 0.00087 
   66   66    1    1    1    1    1    1    1    1  7.93225E+14 0.00097 
   67   67    1    1    1    1    1    1    1    1  6.45803E+14 0.00098 
   68   68    1    1    1    1    1    1    1    1  5.66406E+14 0.00093 
   69   69    1    1    1    1    1    1    1    1  6.86083E+14 0.00111 
   70   70    1    1    1    1    1    1    1    1  5.85078E+14 0.00121 
   71   71    1    1    1    1    1    1    1    1  1.06073E+15 0.00106 
   72   72    1    1    1    1    1    1    1    1  7.60561E+14 0.00105 
   73   73    1    1    1    1    1    1    1    1  5.84488E+14 0.00098 
   74   74    1    1    1    1    1    1    1    1  4.78572E+14 0.00129 
   75   75    1    1    1    1    1    1    1    1  4.00417E+14 0.00129 
   76   76    1    1    1    1    1    1    1    1  4.64861E+14 0.00116 
   77   77    1    1    1    1    1    1    1    1  3.69774E+14 0.00143 
   78   78    1    1    1    1    1    1    1    1  2.89656E+14 0.00135 
   79   79    1    1    1    1    1    1    1    1  3.01418E+14 0.00144 
   80   80    1    1    1    1    1    1    1    1  2.25296E+14 0.00178 
   81   81    1    1    1    1    1    1    1    1  1.74443E+14 0.00175 
   82   82    1    1    1    1    1    1    1    1  1.34467E+14 0.00240 
   83   83    1    1    1    1    1    1    1    1  1.25361E+14 0.00245 
   84   84    1    1    1    1    1    1    1    1  9.00560E+13 0.00276 
   85   85    1    1    1    1    1    1    1    1  6.52536E+13 0.00279 
   86   86    1    1    1    1    1    1    1    1  6.04137E+13 0.00311 
   87   87    1    1    1    1    1    1    1    1  3.70880E+13 0.00357 
   88   88    1    1    1    1    1    1    1    1  2.45697E+13 0.00404 
   89   89    1    1    1    1    1    1    1    1  1.40324E+13 0.00599 
   90   90    1    1    1    1    1    1    1    1  9.19900E+12 0.00613 
   91   91    1    1    1    1    1    1    1    1  4.56728E+12 0.01136 
   92   92    1    1    1    1    1    1    1    1  2.15665E+12 0.01375 
   93   93    1    1    1    1    1    1    1    1  1.05076E+12 0.01583 
   94   94    1    1    1    1    1    1    1    1  4.88942E+11 0.03138 
   95   95    1    1    1    1    1    1    1    1  2.54992E+11 0.05143 
   96   96    1    1    1    1    1    1    1    1  1.04438E+11 0.06001 
   97   97    1    1    1    1    1    1    1    1  5.91955E+10 0.06979 
   98   98    1    1    1    1    1    1    1    1  2.38015E+10 0.14559 
   99   99    1    1    1    1    1    1    1    1  1.16938E+10 0.20504 
  100  100    1    1    1    1    1    1    1    1  9.75757E+09 0.22653 
];


