
DETdpaspec = [
    1    1    1    1    1    1    1    1    1    1  0.00000E+00 0.00000 
    2    2    1    1    1    1    1    1    1    1  0.00000E+00 0.00000 
    3    3    1    1    1    1    1    1    1    1  0.00000E+00 0.00000 
    4    4    1    1    1    1    1    1    1    1  0.00000E+00 0.00000 
    5    5    1    1    1    1    1    1    1    1  0.00000E+00 0.00000 
    6    6    1    1    1    1    1    1    1    1  9.42447E+06 1.00000 
    7    7    1    1    1    1    1    1    1    1  0.00000E+00 0.00000 
    8    8    1    1    1    1    1    1    1    1  1.47854E+07 1.00000 
    9    9    1    1    1    1    1    1    1    1  0.00000E+00 0.00000 
   10   10    1    1    1    1    1    1    1    1  1.16736E+08 0.60435 
   11   11    1    1    1    1    1    1    1    1  4.81580E+07 1.00000 
   12   12    1    1    1    1    1    1    1    1  1.33293E+08 0.57402 
   13   13    1    1    1    1    1    1    1    1  1.02150E+09 0.44480 
   14   14    1    1    1    1    1    1    1    1  7.47028E+09 0.18796 
   15   15    1    1    1    1    1    1    1    1  6.21133E+09 0.22859 
   16   16    1    1    1    1    1    1    1    1  1.67836E+09 0.34885 
   17   17    1    1    1    1    1    1    1    1  4.52345E+09 0.18821 
   18   18    1    1    1    1    1    1    1    1  8.97661E+09 0.14185 
   19   19    1    1    1    1    1    1    1    1  1.62093E+10 0.11546 
   20   20    1    1    1    1    1    1    1    1  5.16748E+10 0.10780 
   21   21    1    1    1    1    1    1    1    1  3.01091E+10 0.07971 
   22   22    1    1    1    1    1    1    1    1  8.84135E+10 0.05324 
   23   23    1    1    1    1    1    1    1    1  1.31841E+11 0.04498 
   24   24    1    1    1    1    1    1    1    1  2.43603E+11 0.04615 
   25   25    1    1    1    1    1    1    1    1  3.58820E+11 0.02876 
   26   26    1    1    1    1    1    1    1    1  7.50775E+11 0.02173 
   27   27    1    1    1    1    1    1    1    1  1.60704E+12 0.01978 
   28   28    1    1    1    1    1    1    1    1  3.63954E+12 0.01483 
   29   29    1    1    1    1    1    1    1    1  5.23926E+12 0.01067 
   30   30    1    1    1    1    1    1    1    1  1.30895E+13 0.00823 
   31   31    1    1    1    1    1    1    1    1  3.17152E+13 0.00411 
   32   32    1    1    1    1    1    1    1    1  4.75542E+13 0.00387 
   33   33    1    1    1    1    1    1    1    1  9.51232E+13 0.00222 
   34   34    1    1    1    1    1    1    1    1  1.11625E+14 0.00219 
   35   35    1    1    1    1    1    1    1    1  1.54989E+14 0.00236 
   36   36    1    1    1    1    1    1    1    1  1.20789E+14 0.00198 
   37   37    1    1    1    1    1    1    1    1  3.77132E+13 0.00196 
   38   38    1    1    1    1    1    1    1    1  1.84680E+14 0.00191 
   39   39    1    1    1    1    1    1    1    1  2.27482E+14 0.00192 
   40   40    1    1    1    1    1    1    1    1  3.79532E+14 0.00125 
   41   41    1    1    1    1    1    1    1    1  3.64538E+14 0.00112 
   42   42    1    1    1    1    1    1    1    1  6.66183E+14 0.00095 
   43   43    1    1    1    1    1    1    1    1  7.32874E+14 0.00117 
   44   44    1    1    1    1    1    1    1    1  9.55856E+14 0.00088 
   45   45    1    1    1    1    1    1    1    1  1.70999E+15 0.00108 
   46   46    1    1    1    1    1    1    1    1  8.96502E+14 0.00125 
   47   47    1    1    1    1    1    1    1    1  1.29581E+15 0.00147 
   48   48    1    1    1    1    1    1    1    1  1.80725E+15 0.00102 
   49   49    1    1    1    1    1    1    1    1  1.64597E+15 0.00114 
   50   50    1    1    1    1    1    1    1    1  2.53613E+15 0.00113 
   51   51    1    1    1    1    1    1    1    1  2.00159E+15 0.00090 
   52   52    1    1    1    1    1    1    1    1  2.27725E+15 0.00090 
   53   53    1    1    1    1    1    1    1    1  1.62486E+15 0.00108 
   54   54    1    1    1    1    1    1    1    1  1.97238E+15 0.00092 
   55   55    1    1    1    1    1    1    1    1  1.39792E+15 0.00100 
   56   56    1    1    1    1    1    1    1    1  1.92783E+14 0.00143 
   57   57    1    1    1    1    1    1    1    1  2.72049E+15 0.00097 
   58   58    1    1    1    1    1    1    1    1  1.19255E+15 0.00115 
   59   59    1    1    1    1    1    1    1    1  1.29858E+15 0.00105 
   60   60    1    1    1    1    1    1    1    1  1.02574E+15 0.00093 
   61   61    1    1    1    1    1    1    1    1  1.02695E+15 0.00114 
   62   62    1    1    1    1    1    1    1    1  1.03370E+15 0.00105 
   63   63    1    1    1    1    1    1    1    1  8.62387E+14 0.00113 
   64   64    1    1    1    1    1    1    1    1  6.78703E+14 0.00128 
   65   65    1    1    1    1    1    1    1    1  6.67865E+14 0.00137 
   66   66    1    1    1    1    1    1    1    1  5.27524E+14 0.00144 
   67   67    1    1    1    1    1    1    1    1  4.34874E+14 0.00152 
   68   68    1    1    1    1    1    1    1    1  3.84301E+14 0.00131 
   69   69    1    1    1    1    1    1    1    1  4.68161E+14 0.00120 
   70   70    1    1    1    1    1    1    1    1  4.01100E+14 0.00134 
   71   71    1    1    1    1    1    1    1    1  7.49664E+14 0.00135 
   72   72    1    1    1    1    1    1    1    1  5.45679E+14 0.00151 
   73   73    1    1    1    1    1    1    1    1  4.20196E+14 0.00153 
   74   74    1    1    1    1    1    1    1    1  3.38565E+14 0.00155 
   75   75    1    1    1    1    1    1    1    1  2.77044E+14 0.00208 
   76   76    1    1    1    1    1    1    1    1  3.16684E+14 0.00224 
   77   77    1    1    1    1    1    1    1    1  2.46734E+14 0.00166 
   78   78    1    1    1    1    1    1    1    1  1.90405E+14 0.00207 
   79   79    1    1    1    1    1    1    1    1  1.96448E+14 0.00234 
   80   80    1    1    1    1    1    1    1    1  1.46262E+14 0.00202 
   81   81    1    1    1    1    1    1    1    1  1.12877E+14 0.00167 
   82   82    1    1    1    1    1    1    1    1  8.68807E+13 0.00230 
   83   83    1    1    1    1    1    1    1    1  8.12819E+13 0.00201 
   84   84    1    1    1    1    1    1    1    1  5.85792E+13 0.00258 
   85   85    1    1    1    1    1    1    1    1  4.20508E+13 0.00387 
   86   86    1    1    1    1    1    1    1    1  3.91991E+13 0.00250 
   87   87    1    1    1    1    1    1    1    1  2.44758E+13 0.00484 
   88   88    1    1    1    1    1    1    1    1  1.64906E+13 0.00589 
   89   89    1    1    1    1    1    1    1    1  9.29123E+12 0.00649 
   90   90    1    1    1    1    1    1    1    1  6.31886E+12 0.00935 
   91   91    1    1    1    1    1    1    1    1  3.16749E+12 0.01665 
   92   92    1    1    1    1    1    1    1    1  1.56888E+12 0.01718 
   93   93    1    1    1    1    1    1    1    1  7.45712E+11 0.01824 
   94   94    1    1    1    1    1    1    1    1  3.39677E+11 0.04016 
   95   95    1    1    1    1    1    1    1    1  1.70545E+11 0.05249 
   96   96    1    1    1    1    1    1    1    1  8.46082E+10 0.08604 
   97   97    1    1    1    1    1    1    1    1  3.77700E+10 0.09100 
   98   98    1    1    1    1    1    1    1    1  2.01269E+10 0.13368 
   99   99    1    1    1    1    1    1    1    1  1.14897E+10 0.19524 
  100  100    1    1    1    1    1    1    1    1  5.00810E+09 0.30040 
];


