
DETdpaspec = [
    1    1    1    1    1    1    1    1    1    1  0.00000E+00 0.00000 
    2    2    1    1    1    1    1    1    1    1  0.00000E+00 0.00000 
    3    3    1    1    1    1    1    1    1    1  0.00000E+00 0.00000 
    4    4    1    1    1    1    1    1    1    1  0.00000E+00 0.00000 
    5    5    1    1    1    1    1    1    1    1  0.00000E+00 0.00000 
    6    6    1    1    1    1    1    1    1    1  0.00000E+00 0.00000 
    7    7    1    1    1    1    1    1    1    1  9.92344E+06 1.00000 
    8    8    1    1    1    1    1    1    1    1  3.08587E+07 1.00000 
    9    9    1    1    1    1    1    1    1    1  1.30525E+07 1.00000 
   10   10    1    1    1    1    1    1    1    1  4.41809E+07 1.00000 
   11   11    1    1    1    1    1    1    1    1  1.83553E+08 0.69315 
   12   12    1    1    1    1    1    1    1    1  1.15722E+08 0.51673 
   13   13    1    1    1    1    1    1    1    1  4.74347E+08 0.54819 
   14   14    1    1    1    1    1    1    1    1  4.66855E+09 0.34502 
   15   15    1    1    1    1    1    1    1    1  7.63908E+09 0.20531 
   16   16    1    1    1    1    1    1    1    1  3.07370E+09 0.23037 
   17   17    1    1    1    1    1    1    1    1  4.99960E+09 0.16859 
   18   18    1    1    1    1    1    1    1    1  1.16902E+10 0.11437 
   19   19    1    1    1    1    1    1    1    1  1.43830E+10 0.10256 
   20   20    1    1    1    1    1    1    1    1  5.16879E+10 0.06875 
   21   21    1    1    1    1    1    1    1    1  3.93966E+10 0.07299 
   22   22    1    1    1    1    1    1    1    1  1.02628E+11 0.06490 
   23   23    1    1    1    1    1    1    1    1  1.43927E+11 0.04210 
   24   24    1    1    1    1    1    1    1    1  2.56152E+11 0.05886 
   25   25    1    1    1    1    1    1    1    1  3.44911E+11 0.03134 
   26   26    1    1    1    1    1    1    1    1  7.03840E+11 0.02625 
   27   27    1    1    1    1    1    1    1    1  1.49161E+12 0.01744 
   28   28    1    1    1    1    1    1    1    1  3.25644E+12 0.01201 
   29   29    1    1    1    1    1    1    1    1  4.55541E+12 0.01037 
   30   30    1    1    1    1    1    1    1    1  1.15812E+13 0.00779 
   31   31    1    1    1    1    1    1    1    1  2.78654E+13 0.00468 
   32   32    1    1    1    1    1    1    1    1  4.17902E+13 0.00380 
   33   33    1    1    1    1    1    1    1    1  8.23167E+13 0.00266 
   34   34    1    1    1    1    1    1    1    1  9.52077E+13 0.00269 
   35   35    1    1    1    1    1    1    1    1  1.34994E+14 0.00208 
   36   36    1    1    1    1    1    1    1    1  1.05478E+14 0.00168 
   37   37    1    1    1    1    1    1    1    1  3.32203E+13 0.00215 
   38   38    1    1    1    1    1    1    1    1  1.60448E+14 0.00196 
   39   39    1    1    1    1    1    1    1    1  1.97377E+14 0.00158 
   40   40    1    1    1    1    1    1    1    1  3.25279E+14 0.00175 
   41   41    1    1    1    1    1    1    1    1  3.14953E+14 0.00126 
   42   42    1    1    1    1    1    1    1    1  5.69851E+14 0.00159 
   43   43    1    1    1    1    1    1    1    1  6.24235E+14 0.00129 
   44   44    1    1    1    1    1    1    1    1  8.09873E+14 0.00124 
   45   45    1    1    1    1    1    1    1    1  1.43748E+15 0.00134 
   46   46    1    1    1    1    1    1    1    1  7.51741E+14 0.00126 
   47   47    1    1    1    1    1    1    1    1  1.08785E+15 0.00119 
   48   48    1    1    1    1    1    1    1    1  1.51228E+15 0.00097 
   49   49    1    1    1    1    1    1    1    1  1.37732E+15 0.00077 
   50   50    1    1    1    1    1    1    1    1  2.10374E+15 0.00102 
   51   51    1    1    1    1    1    1    1    1  1.66155E+15 0.00115 
   52   52    1    1    1    1    1    1    1    1  1.87813E+15 0.00113 
   53   53    1    1    1    1    1    1    1    1  1.33717E+15 0.00152 
   54   54    1    1    1    1    1    1    1    1  1.61278E+15 0.00156 
   55   55    1    1    1    1    1    1    1    1  1.14208E+15 0.00130 
   56   56    1    1    1    1    1    1    1    1  1.58046E+14 0.00188 
   57   57    1    1    1    1    1    1    1    1  2.22008E+15 0.00145 
   58   58    1    1    1    1    1    1    1    1  9.62698E+14 0.00143 
   59   59    1    1    1    1    1    1    1    1  1.05072E+15 0.00142 
   60   60    1    1    1    1    1    1    1    1  8.23893E+14 0.00117 
   61   61    1    1    1    1    1    1    1    1  8.24806E+14 0.00154 
   62   62    1    1    1    1    1    1    1    1  8.28994E+14 0.00146 
   63   63    1    1    1    1    1    1    1    1  6.89586E+14 0.00136 
   64   64    1    1    1    1    1    1    1    1  5.42825E+14 0.00160 
   65   65    1    1    1    1    1    1    1    1  5.32649E+14 0.00175 
   66   66    1    1    1    1    1    1    1    1  4.20679E+14 0.00203 
   67   67    1    1    1    1    1    1    1    1  3.46350E+14 0.00162 
   68   68    1    1    1    1    1    1    1    1  3.06932E+14 0.00169 
   69   69    1    1    1    1    1    1    1    1  3.73373E+14 0.00189 
   70   70    1    1    1    1    1    1    1    1  3.20401E+14 0.00203 
   71   71    1    1    1    1    1    1    1    1  6.01181E+14 0.00168 
   72   72    1    1    1    1    1    1    1    1  4.38178E+14 0.00213 
   73   73    1    1    1    1    1    1    1    1  3.36963E+14 0.00201 
   74   74    1    1    1    1    1    1    1    1  2.70113E+14 0.00237 
   75   75    1    1    1    1    1    1    1    1  2.18741E+14 0.00195 
   76   76    1    1    1    1    1    1    1    1  2.49208E+14 0.00200 
   77   77    1    1    1    1    1    1    1    1  1.93155E+14 0.00186 
   78   78    1    1    1    1    1    1    1    1  1.48128E+14 0.00179 
   79   79    1    1    1    1    1    1    1    1  1.52400E+14 0.00235 
   80   80    1    1    1    1    1    1    1    1  1.12755E+14 0.00250 
   81   81    1    1    1    1    1    1    1    1  8.70552E+13 0.00215 
   82   82    1    1    1    1    1    1    1    1  6.74170E+13 0.00237 
   83   83    1    1    1    1    1    1    1    1  6.26166E+13 0.00363 
   84   84    1    1    1    1    1    1    1    1  4.51519E+13 0.00381 
   85   85    1    1    1    1    1    1    1    1  3.26517E+13 0.00470 
   86   86    1    1    1    1    1    1    1    1  3.05498E+13 0.00497 
   87   87    1    1    1    1    1    1    1    1  1.89155E+13 0.00569 
   88   88    1    1    1    1    1    1    1    1  1.27295E+13 0.00725 
   89   89    1    1    1    1    1    1    1    1  7.32273E+12 0.00896 
   90   90    1    1    1    1    1    1    1    1  4.87747E+12 0.01327 
   91   91    1    1    1    1    1    1    1    1  2.45531E+12 0.01477 
   92   92    1    1    1    1    1    1    1    1  1.19707E+12 0.02054 
   93   93    1    1    1    1    1    1    1    1  5.77684E+11 0.03786 
   94   94    1    1    1    1    1    1    1    1  2.96123E+11 0.04596 
   95   95    1    1    1    1    1    1    1    1  1.27998E+11 0.06593 
   96   96    1    1    1    1    1    1    1    1  6.30654E+10 0.08939 
   97   97    1    1    1    1    1    1    1    1  3.76642E+10 0.14350 
   98   98    1    1    1    1    1    1    1    1  1.94140E+10 0.11658 
   99   99    1    1    1    1    1    1    1    1  8.32892E+09 0.34141 
  100  100    1    1    1    1    1    1    1    1  8.07277E+09 0.27120 
];


