
DETdpaspec = [
    1    1    1    1    1    1    1    1    1    1  0.00000E+00 0.00000 
    2    2    1    1    1    1    1    1    1    1  0.00000E+00 0.00000 
    3    3    1    1    1    1    1    1    1    1  0.00000E+00 0.00000 
    4    4    1    1    1    1    1    1    1    1  0.00000E+00 0.00000 
    5    5    1    1    1    1    1    1    1    1  0.00000E+00 0.00000 
    6    6    1    1    1    1    1    1    1    1  1.48189E+07 0.68849 
    7    7    1    1    1    1    1    1    1    1  0.00000E+00 0.00000 
    8    8    1    1    1    1    1    1    1    1  1.14467E+07 1.00000 
    9    9    1    1    1    1    1    1    1    1  6.44251E+07 0.50519 
   10   10    1    1    1    1    1    1    1    1  1.30949E+08 0.54727 
   11   11    1    1    1    1    1    1    1    1  1.24950E+08 0.54849 
   12   12    1    1    1    1    1    1    1    1  1.82349E+08 0.38907 
   13   13    1    1    1    1    1    1    1    1  1.38200E+09 0.39524 
   14   14    1    1    1    1    1    1    1    1  3.22936E+09 0.28422 
   15   15    1    1    1    1    1    1    1    1  6.68849E+09 0.25128 
   16   16    1    1    1    1    1    1    1    1  2.48041E+09 0.25084 
   17   17    1    1    1    1    1    1    1    1  5.45552E+09 0.16360 
   18   18    1    1    1    1    1    1    1    1  1.83032E+10 0.10976 
   19   19    1    1    1    1    1    1    1    1  2.22956E+10 0.11634 
   20   20    1    1    1    1    1    1    1    1  5.85541E+10 0.07279 
   21   21    1    1    1    1    1    1    1    1  4.04532E+10 0.10032 
   22   22    1    1    1    1    1    1    1    1  1.30686E+11 0.05941 
   23   23    1    1    1    1    1    1    1    1  1.84075E+11 0.03535 
   24   24    1    1    1    1    1    1    1    1  3.11597E+11 0.02530 
   25   25    1    1    1    1    1    1    1    1  4.15730E+11 0.01694 
   26   26    1    1    1    1    1    1    1    1  7.68983E+11 0.01770 
   27   27    1    1    1    1    1    1    1    1  1.53293E+12 0.01730 
   28   28    1    1    1    1    1    1    1    1  3.05365E+12 0.00913 
   29   29    1    1    1    1    1    1    1    1  3.98591E+12 0.00752 
   30   30    1    1    1    1    1    1    1    1  1.05720E+13 0.00556 
   31   31    1    1    1    1    1    1    1    1  2.48439E+13 0.00432 
   32   32    1    1    1    1    1    1    1    1  3.70469E+13 0.00372 
   33   33    1    1    1    1    1    1    1    1  7.19441E+13 0.00287 
   34   34    1    1    1    1    1    1    1    1  8.08960E+13 0.00266 
   35   35    1    1    1    1    1    1    1    1  1.17075E+14 0.00250 
   36   36    1    1    1    1    1    1    1    1  9.19032E+13 0.00215 
   37   37    1    1    1    1    1    1    1    1  2.90256E+13 0.00204 
   38   38    1    1    1    1    1    1    1    1  1.38166E+14 0.00190 
   39   39    1    1    1    1    1    1    1    1  1.68954E+14 0.00178 
   40   40    1    1    1    1    1    1    1    1  2.75294E+14 0.00142 
   41   41    1    1    1    1    1    1    1    1  2.67129E+14 0.00166 
   42   42    1    1    1    1    1    1    1    1  4.77618E+14 0.00164 
   43   43    1    1    1    1    1    1    1    1  5.19753E+14 0.00171 
   44   44    1    1    1    1    1    1    1    1  6.69540E+14 0.00168 
   45   45    1    1    1    1    1    1    1    1  1.17385E+15 0.00187 
   46   46    1    1    1    1    1    1    1    1  6.10490E+14 0.00171 
   47   47    1    1    1    1    1    1    1    1  8.84361E+14 0.00157 
   48   48    1    1    1    1    1    1    1    1  1.22122E+15 0.00188 
   49   49    1    1    1    1    1    1    1    1  1.11483E+15 0.00159 
   50   50    1    1    1    1    1    1    1    1  1.68695E+15 0.00165 
   51   51    1    1    1    1    1    1    1    1  1.33792E+15 0.00176 
   52   52    1    1    1    1    1    1    1    1  1.49696E+15 0.00177 
   53   53    1    1    1    1    1    1    1    1  1.06679E+15 0.00185 
   54   54    1    1    1    1    1    1    1    1  1.27403E+15 0.00190 
   55   55    1    1    1    1    1    1    1    1  9.03621E+14 0.00197 
   56   56    1    1    1    1    1    1    1    1  1.25160E+14 0.00221 
   57   57    1    1    1    1    1    1    1    1  1.75487E+15 0.00177 
   58   58    1    1    1    1    1    1    1    1  7.54580E+14 0.00191 
   59   59    1    1    1    1    1    1    1    1  8.23592E+14 0.00176 
   60   60    1    1    1    1    1    1    1    1  6.42062E+14 0.00215 
   61   61    1    1    1    1    1    1    1    1  6.42541E+14 0.00206 
   62   62    1    1    1    1    1    1    1    1  6.42629E+14 0.00217 
   63   63    1    1    1    1    1    1    1    1  5.32636E+14 0.00268 
   64   64    1    1    1    1    1    1    1    1  4.18791E+14 0.00199 
   65   65    1    1    1    1    1    1    1    1  4.11791E+14 0.00213 
   66   66    1    1    1    1    1    1    1    1  3.23870E+14 0.00241 
   67   67    1    1    1    1    1    1    1    1  2.67754E+14 0.00264 
   68   68    1    1    1    1    1    1    1    1  2.37495E+14 0.00278 
   69   69    1    1    1    1    1    1    1    1  2.87687E+14 0.00234 
   70   70    1    1    1    1    1    1    1    1  2.46622E+14 0.00262 
   71   71    1    1    1    1    1    1    1    1  4.64755E+14 0.00243 
   72   72    1    1    1    1    1    1    1    1  3.39714E+14 0.00242 
   73   73    1    1    1    1    1    1    1    1  2.60139E+14 0.00284 
   74   74    1    1    1    1    1    1    1    1  2.07313E+14 0.00292 
   75   75    1    1    1    1    1    1    1    1  1.68270E+14 0.00303 
   76   76    1    1    1    1    1    1    1    1  1.89738E+14 0.00265 
   77   77    1    1    1    1    1    1    1    1  1.45482E+14 0.00301 
   78   78    1    1    1    1    1    1    1    1  1.11839E+14 0.00267 
   79   79    1    1    1    1    1    1    1    1  1.14516E+14 0.00224 
   80   80    1    1    1    1    1    1    1    1  8.41645E+13 0.00303 
   81   81    1    1    1    1    1    1    1    1  6.48756E+13 0.00336 
   82   82    1    1    1    1    1    1    1    1  4.97774E+13 0.00367 
   83   83    1    1    1    1    1    1    1    1  4.66769E+13 0.00436 
   84   84    1    1    1    1    1    1    1    1  3.33379E+13 0.00493 
   85   85    1    1    1    1    1    1    1    1  2.40567E+13 0.00536 
   86   86    1    1    1    1    1    1    1    1  2.28016E+13 0.00548 
   87   87    1    1    1    1    1    1    1    1  1.40763E+13 0.00777 
   88   88    1    1    1    1    1    1    1    1  9.52192E+12 0.00361 
   89   89    1    1    1    1    1    1    1    1  5.40016E+12 0.01011 
   90   90    1    1    1    1    1    1    1    1  3.69273E+12 0.01553 
   91   91    1    1    1    1    1    1    1    1  1.85176E+12 0.01929 
   92   92    1    1    1    1    1    1    1    1  9.49010E+11 0.02777 
   93   93    1    1    1    1    1    1    1    1  4.43776E+11 0.03229 
   94   94    1    1    1    1    1    1    1    1  2.04352E+11 0.04053 
   95   95    1    1    1    1    1    1    1    1  9.11575E+10 0.07925 
   96   96    1    1    1    1    1    1    1    1  4.53196E+10 0.13533 
   97   97    1    1    1    1    1    1    1    1  2.48512E+10 0.10941 
   98   98    1    1    1    1    1    1    1    1  1.18404E+10 0.19381 
   99   99    1    1    1    1    1    1    1    1  8.49676E+09 0.32495 
  100  100    1    1    1    1    1    1    1    1  6.16919E+09 0.34125 
];


