
DETdpaspec = [
    1    1    1    1    1    1    1    1    1    1  0.00000E+00 0.00000 
    2    2    1    1    1    1    1    1    1    1  0.00000E+00 0.00000 
    3    3    1    1    1    1    1    1    1    1  0.00000E+00 0.00000 
    4    4    1    1    1    1    1    1    1    1  1.01308E+07 1.00000 
    5    5    1    1    1    1    1    1    1    1  0.00000E+00 0.00000 
    6    6    1    1    1    1    1    1    1    1  0.00000E+00 0.00000 
    7    7    1    1    1    1    1    1    1    1  0.00000E+00 0.00000 
    8    8    1    1    1    1    1    1    1    1  0.00000E+00 0.00000 
    9    9    1    1    1    1    1    1    1    1  0.00000E+00 0.00000 
   10   10    1    1    1    1    1    1    1    1  2.15806E+08 0.43301 
   11   11    1    1    1    1    1    1    1    1  1.69546E+08 0.68893 
   12   12    1    1    1    1    1    1    1    1  1.01288E+08 0.39757 
   13   13    1    1    1    1    1    1    1    1  2.89985E+09 0.36476 
   14   14    1    1    1    1    1    1    1    1  4.55727E+09 0.36227 
   15   15    1    1    1    1    1    1    1    1  7.03919E+09 0.27614 
   16   16    1    1    1    1    1    1    1    1  1.14691E+09 0.32084 
   17   17    1    1    1    1    1    1    1    1  4.40746E+09 0.20314 
   18   18    1    1    1    1    1    1    1    1  9.18023E+09 0.16538 
   19   19    1    1    1    1    1    1    1    1  1.35474E+10 0.13341 
   20   20    1    1    1    1    1    1    1    1  4.08249E+10 0.10224 
   21   21    1    1    1    1    1    1    1    1  3.62050E+10 0.09455 
   22   22    1    1    1    1    1    1    1    1  7.40667E+10 0.06038 
   23   23    1    1    1    1    1    1    1    1  1.40119E+11 0.05206 
   24   24    1    1    1    1    1    1    1    1  2.54815E+11 0.04056 
   25   25    1    1    1    1    1    1    1    1  3.76110E+11 0.03533 
   26   26    1    1    1    1    1    1    1    1  7.78316E+11 0.02298 
   27   27    1    1    1    1    1    1    1    1  1.59016E+12 0.01924 
   28   28    1    1    1    1    1    1    1    1  3.64967E+12 0.01193 
   29   29    1    1    1    1    1    1    1    1  5.30929E+12 0.01055 
   30   30    1    1    1    1    1    1    1    1  1.30342E+13 0.00700 
   31   31    1    1    1    1    1    1    1    1  3.17487E+13 0.00586 
   32   32    1    1    1    1    1    1    1    1  4.79767E+13 0.00288 
   33   33    1    1    1    1    1    1    1    1  9.59176E+13 0.00235 
   34   34    1    1    1    1    1    1    1    1  1.12812E+14 0.00149 
   35   35    1    1    1    1    1    1    1    1  1.56188E+14 0.00234 
   36   36    1    1    1    1    1    1    1    1  1.21809E+14 0.00200 
   37   37    1    1    1    1    1    1    1    1  3.80085E+13 0.00191 
   38   38    1    1    1    1    1    1    1    1  1.86111E+14 0.00186 
   39   39    1    1    1    1    1    1    1    1  2.29304E+14 0.00162 
   40   40    1    1    1    1    1    1    1    1  3.83558E+14 0.00152 
   41   41    1    1    1    1    1    1    1    1  3.69007E+14 0.00107 
   42   42    1    1    1    1    1    1    1    1  6.75023E+14 0.00118 
   43   43    1    1    1    1    1    1    1    1  7.41468E+14 0.00125 
   44   44    1    1    1    1    1    1    1    1  9.66067E+14 0.00085 
   45   45    1    1    1    1    1    1    1    1  1.73045E+15 0.00082 
   46   46    1    1    1    1    1    1    1    1  9.07277E+14 0.00097 
   47   47    1    1    1    1    1    1    1    1  1.31157E+15 0.00101 
   48   48    1    1    1    1    1    1    1    1  1.83009E+15 0.00088 
   49   49    1    1    1    1    1    1    1    1  1.66546E+15 0.00090 
   50   50    1    1    1    1    1    1    1    1  2.56803E+15 0.00094 
   51   51    1    1    1    1    1    1    1    1  2.02540E+15 0.00091 
   52   52    1    1    1    1    1    1    1    1  2.30408E+15 0.00059 
   53   53    1    1    1    1    1    1    1    1  1.64250E+15 0.00097 
   54   54    1    1    1    1    1    1    1    1  1.99646E+15 0.00086 
   55   55    1    1    1    1    1    1    1    1  1.41560E+15 0.00115 
   56   56    1    1    1    1    1    1    1    1  1.95319E+14 0.00135 
   57   57    1    1    1    1    1    1    1    1  2.75563E+15 0.00072 
   58   58    1    1    1    1    1    1    1    1  1.20854E+15 0.00083 
   59   59    1    1    1    1    1    1    1    1  1.31685E+15 0.00106 
   60   60    1    1    1    1    1    1    1    1  1.04217E+15 0.00140 
   61   61    1    1    1    1    1    1    1    1  1.04197E+15 0.00090 
   62   62    1    1    1    1    1    1    1    1  1.04892E+15 0.00104 
   63   63    1    1    1    1    1    1    1    1  8.75667E+14 0.00114 
   64   64    1    1    1    1    1    1    1    1  6.89512E+14 0.00127 
   65   65    1    1    1    1    1    1    1    1  6.78729E+14 0.00122 
   66   66    1    1    1    1    1    1    1    1  5.37310E+14 0.00116 
   67   67    1    1    1    1    1    1    1    1  4.41189E+14 0.00136 
   68   68    1    1    1    1    1    1    1    1  3.90889E+14 0.00157 
   69   69    1    1    1    1    1    1    1    1  4.74938E+14 0.00107 
   70   70    1    1    1    1    1    1    1    1  4.07242E+14 0.00168 
   71   71    1    1    1    1    1    1    1    1  7.61847E+14 0.00179 
   72   72    1    1    1    1    1    1    1    1  5.54766E+14 0.00173 
   73   73    1    1    1    1    1    1    1    1  4.27777E+14 0.00136 
   74   74    1    1    1    1    1    1    1    1  3.44582E+14 0.00126 
   75   75    1    1    1    1    1    1    1    1  2.82087E+14 0.00174 
   76   76    1    1    1    1    1    1    1    1  3.21863E+14 0.00197 
   77   77    1    1    1    1    1    1    1    1  2.51314E+14 0.00160 
   78   78    1    1    1    1    1    1    1    1  1.93608E+14 0.00198 
   79   79    1    1    1    1    1    1    1    1  1.99588E+14 0.00223 
   80   80    1    1    1    1    1    1    1    1  1.49654E+14 0.00209 
   81   81    1    1    1    1    1    1    1    1  1.14975E+14 0.00228 
   82   82    1    1    1    1    1    1    1    1  8.85047E+13 0.00287 
   83   83    1    1    1    1    1    1    1    1  8.26337E+13 0.00301 
   84   84    1    1    1    1    1    1    1    1  5.93722E+13 0.00359 
   85   85    1    1    1    1    1    1    1    1  4.26615E+13 0.00387 
   86   86    1    1    1    1    1    1    1    1  3.99235E+13 0.00402 
   87   87    1    1    1    1    1    1    1    1  2.48681E+13 0.00517 
   88   88    1    1    1    1    1    1    1    1  1.67637E+13 0.00723 
   89   89    1    1    1    1    1    1    1    1  9.60311E+12 0.00882 
   90   90    1    1    1    1    1    1    1    1  6.35573E+12 0.01014 
   91   91    1    1    1    1    1    1    1    1  3.20188E+12 0.01621 
   92   92    1    1    1    1    1    1    1    1  1.55407E+12 0.01460 
   93   93    1    1    1    1    1    1    1    1  8.04379E+11 0.03218 
   94   94    1    1    1    1    1    1    1    1  3.54985E+11 0.03915 
   95   95    1    1    1    1    1    1    1    1  1.95643E+11 0.07234 
   96   96    1    1    1    1    1    1    1    1  8.16618E+10 0.07610 
   97   97    1    1    1    1    1    1    1    1  4.84736E+10 0.10213 
   98   98    1    1    1    1    1    1    1    1  2.00235E+10 0.12125 
   99   99    1    1    1    1    1    1    1    1  8.50791E+09 0.22229 
  100  100    1    1    1    1    1    1    1    1  6.67748E+09 0.48310 
];


