
DETdpaspec = [
    1    1    1    1    1    1    1    1    1    1  0.00000E+00 0.00000 
    2    2    1    1    1    1    1    1    1    1  0.00000E+00 0.00000 
    3    3    1    1    1    1    1    1    1    1  0.00000E+00 0.00000 
    4    4    1    1    1    1    1    1    1    1  1.34923E+07 1.00000 
    5    5    1    1    1    1    1    1    1    1  1.34457E+07 1.00000 
    6    6    1    1    1    1    1    1    1    1  0.00000E+00 0.00000 
    7    7    1    1    1    1    1    1    1    1  0.00000E+00 0.00000 
    8    8    1    1    1    1    1    1    1    1  1.01659E+07 1.00000 
    9    9    1    1    1    1    1    1    1    1  1.01074E+07 1.00000 
   10   10    1    1    1    1    1    1    1    1  2.76333E+08 0.54671 
   11   11    1    1    1    1    1    1    1    1  3.29747E+08 0.59831 
   12   12    1    1    1    1    1    1    1    1  5.66786E+07 0.95067 
   13   13    1    1    1    1    1    1    1    1  1.43912E+09 0.36343 
   14   14    1    1    1    1    1    1    1    1  4.71840E+09 0.29044 
   15   15    1    1    1    1    1    1    1    1  5.81601E+09 0.23965 
   16   16    1    1    1    1    1    1    1    1  2.13750E+09 0.28254 
   17   17    1    1    1    1    1    1    1    1  3.01398E+09 0.27488 
   18   18    1    1    1    1    1    1    1    1  7.11622E+09 0.24120 
   19   19    1    1    1    1    1    1    1    1  9.65988E+09 0.13512 
   20   20    1    1    1    1    1    1    1    1  2.84044E+10 0.10437 
   21   21    1    1    1    1    1    1    1    1  2.80733E+10 0.09005 
   22   22    1    1    1    1    1    1    1    1  6.84867E+10 0.07509 
   23   23    1    1    1    1    1    1    1    1  1.34144E+11 0.05864 
   24   24    1    1    1    1    1    1    1    1  3.09448E+11 0.04031 
   25   25    1    1    1    1    1    1    1    1  5.12828E+11 0.03214 
   26   26    1    1    1    1    1    1    1    1  1.18072E+12 0.01767 
   27   27    1    1    1    1    1    1    1    1  2.52963E+12 0.01301 
   28   28    1    1    1    1    1    1    1    1  5.93071E+12 0.01009 
   29   29    1    1    1    1    1    1    1    1  9.10436E+12 0.00830 
   30   30    1    1    1    1    1    1    1    1  1.99877E+13 0.00547 
   31   31    1    1    1    1    1    1    1    1  4.61962E+13 0.00353 
   32   32    1    1    1    1    1    1    1    1  6.77838E+13 0.00251 
   33   33    1    1    1    1    1    1    1    1  1.32829E+14 0.00238 
   34   34    1    1    1    1    1    1    1    1  1.59437E+14 0.00117 
   35   35    1    1    1    1    1    1    1    1  2.06535E+14 0.00183 
   36   36    1    1    1    1    1    1    1    1  1.56389E+14 0.00145 
   37   37    1    1    1    1    1    1    1    1  4.78618E+13 0.00123 
   38   38    1    1    1    1    1    1    1    1  2.37887E+14 0.00103 
   39   39    1    1    1    1    1    1    1    1  2.93105E+14 0.00112 
   40   40    1    1    1    1    1    1    1    1  4.94748E+14 0.00110 
   41   41    1    1    1    1    1    1    1    1  4.65172E+14 0.00097 
   42   42    1    1    1    1    1    1    1    1  8.61119E+14 0.00101 
   43   43    1    1    1    1    1    1    1    1  9.47731E+14 0.00123 
   44   44    1    1    1    1    1    1    1    1  1.23719E+15 0.00100 
   45   45    1    1    1    1    1    1    1    1  2.22693E+15 0.00091 
   46   46    1    1    1    1    1    1    1    1  1.16810E+15 0.00075 
   47   47    1    1    1    1    1    1    1    1  1.67526E+15 0.00083 
   48   48    1    1    1    1    1    1    1    1  2.34810E+15 0.00077 
   49   49    1    1    1    1    1    1    1    1  2.12468E+15 0.00076 
   50   50    1    1    1    1    1    1    1    1  3.32111E+15 0.00065 
   51   51    1    1    1    1    1    1    1    1  2.59765E+15 0.00066 
   52   52    1    1    1    1    1    1    1    1  2.99460E+15 0.00097 
   53   53    1    1    1    1    1    1    1    1  2.13241E+15 0.00076 
   54   54    1    1    1    1    1    1    1    1  2.62409E+15 0.00068 
   55   55    1    1    1    1    1    1    1    1  1.86054E+15 0.00075 
   56   56    1    1    1    1    1    1    1    1  2.55694E+14 0.00117 
   57   57    1    1    1    1    1    1    1    1  3.62014E+15 0.00066 
   58   58    1    1    1    1    1    1    1    1  1.61698E+15 0.00088 
   59   59    1    1    1    1    1    1    1    1  1.75183E+15 0.00087 
   60   60    1    1    1    1    1    1    1    1  1.40593E+15 0.00103 
   61   61    1    1    1    1    1    1    1    1  1.40489E+15 0.00086 
   62   62    1    1    1    1    1    1    1    1  1.41873E+15 0.00104 
   63   63    1    1    1    1    1    1    1    1  1.18945E+15 0.00122 
   64   64    1    1    1    1    1    1    1    1  9.39050E+14 0.00099 
   65   65    1    1    1    1    1    1    1    1  9.21551E+14 0.00101 
   66   66    1    1    1    1    1    1    1    1  7.34377E+14 0.00097 
   67   67    1    1    1    1    1    1    1    1  6.01359E+14 0.00102 
   68   68    1    1    1    1    1    1    1    1  5.31503E+14 0.00119 
   69   69    1    1    1    1    1    1    1    1  6.46722E+14 0.00121 
   70   70    1    1    1    1    1    1    1    1  5.54881E+14 0.00138 
   71   71    1    1    1    1    1    1    1    1  1.02511E+15 0.00132 
   72   72    1    1    1    1    1    1    1    1  7.42687E+14 0.00113 
   73   73    1    1    1    1    1    1    1    1  5.74635E+14 0.00121 
   74   74    1    1    1    1    1    1    1    1  4.67783E+14 0.00145 
   75   75    1    1    1    1    1    1    1    1  3.87431E+14 0.00136 
   76   76    1    1    1    1    1    1    1    1  4.47070E+14 0.00173 
   77   77    1    1    1    1    1    1    1    1  3.52632E+14 0.00157 
   78   78    1    1    1    1    1    1    1    1  2.74222E+14 0.00140 
   79   79    1    1    1    1    1    1    1    1  2.84929E+14 0.00138 
   80   80    1    1    1    1    1    1    1    1  2.12553E+14 0.00172 
   81   81    1    1    1    1    1    1    1    1  1.65168E+14 0.00135 
   82   82    1    1    1    1    1    1    1    1  1.27337E+14 0.00280 
   83   83    1    1    1    1    1    1    1    1  1.19136E+14 0.00196 
   84   84    1    1    1    1    1    1    1    1  8.57998E+13 0.00223 
   85   85    1    1    1    1    1    1    1    1  6.18756E+13 0.00314 
   86   86    1    1    1    1    1    1    1    1  5.80304E+13 0.00347 
   87   87    1    1    1    1    1    1    1    1  3.56467E+13 0.00321 
   88   88    1    1    1    1    1    1    1    1  2.40680E+13 0.00512 
   89   89    1    1    1    1    1    1    1    1  1.38438E+13 0.00605 
   90   90    1    1    1    1    1    1    1    1  9.18923E+12 0.00762 
   91   91    1    1    1    1    1    1    1    1  4.54649E+12 0.01222 
   92   92    1    1    1    1    1    1    1    1  2.24312E+12 0.01664 
   93   93    1    1    1    1    1    1    1    1  1.02616E+12 0.02624 
   94   94    1    1    1    1    1    1    1    1  5.39412E+11 0.03215 
   95   95    1    1    1    1    1    1    1    1  2.61629E+11 0.05596 
   96   96    1    1    1    1    1    1    1    1  1.34799E+11 0.08758 
   97   97    1    1    1    1    1    1    1    1  5.45285E+10 0.07897 
   98   98    1    1    1    1    1    1    1    1  3.08773E+10 0.10373 
   99   99    1    1    1    1    1    1    1    1  1.32191E+10 0.18091 
  100  100    1    1    1    1    1    1    1    1  1.65533E+10 0.21497 
];


