
DETdpaspec = [
    1    1    1    1    1    1    1    1    1    1  0.00000E+00 0.00000 
    2    2    1    1    1    1    1    1    1    1  0.00000E+00 0.00000 
    3    3    1    1    1    1    1    1    1    1  0.00000E+00 0.00000 
    4    4    1    1    1    1    1    1    1    1  0.00000E+00 0.00000 
    5    5    1    1    1    1    1    1    1    1  0.00000E+00 0.00000 
    6    6    1    1    1    1    1    1    1    1  0.00000E+00 0.00000 
    7    7    1    1    1    1    1    1    1    1  2.27350E+07 1.00000 
    8    8    1    1    1    1    1    1    1    1  0.00000E+00 0.00000 
    9    9    1    1    1    1    1    1    1    1  3.02457E+07 0.71084 
   10   10    1    1    1    1    1    1    1    1  5.10239E+07 1.00000 
   11   11    1    1    1    1    1    1    1    1  3.14488E+08 0.83097 
   12   12    1    1    1    1    1    1    1    1  0.00000E+00 0.00000 
   13   13    1    1    1    1    1    1    1    1  4.23324E+09 0.36824 
   14   14    1    1    1    1    1    1    1    1  5.84103E+09 0.40905 
   15   15    1    1    1    1    1    1    1    1  6.11555E+09 0.29901 
   16   16    1    1    1    1    1    1    1    1  3.35269E+09 0.26998 
   17   17    1    1    1    1    1    1    1    1  3.11761E+09 0.25873 
   18   18    1    1    1    1    1    1    1    1  1.05087E+10 0.19094 
   19   19    1    1    1    1    1    1    1    1  1.20029E+10 0.16443 
   20   20    1    1    1    1    1    1    1    1  3.10192E+10 0.15811 
   21   21    1    1    1    1    1    1    1    1  2.95003E+10 0.08990 
   22   22    1    1    1    1    1    1    1    1  9.50074E+10 0.05304 
   23   23    1    1    1    1    1    1    1    1  2.38627E+11 0.04877 
   24   24    1    1    1    1    1    1    1    1  6.14665E+11 0.02998 
   25   25    1    1    1    1    1    1    1    1  1.14673E+12 0.02093 
   26   26    1    1    1    1    1    1    1    1  2.33633E+12 0.01520 
   27   27    1    1    1    1    1    1    1    1  4.72144E+12 0.01007 
   28   28    1    1    1    1    1    1    1    1  1.05728E+13 0.00761 
   29   29    1    1    1    1    1    1    1    1  1.60391E+13 0.00489 
   30   30    1    1    1    1    1    1    1    1  3.12999E+13 0.00400 
   31   31    1    1    1    1    1    1    1    1  6.74094E+13 0.00294 
   32   32    1    1    1    1    1    1    1    1  9.38754E+13 0.00319 
   33   33    1    1    1    1    1    1    1    1  1.76689E+14 0.00251 
   34   34    1    1    1    1    1    1    1    1  2.10369E+14 0.00172 
   35   35    1    1    1    1    1    1    1    1  2.54884E+14 0.00140 
   36   36    1    1    1    1    1    1    1    1  1.87459E+14 0.00145 
   37   37    1    1    1    1    1    1    1    1  5.62899E+13 0.00174 
   38   38    1    1    1    1    1    1    1    1  2.82244E+14 0.00167 
   39   39    1    1    1    1    1    1    1    1  3.44522E+14 0.00141 
   40   40    1    1    1    1    1    1    1    1  5.79973E+14 0.00101 
   41   41    1    1    1    1    1    1    1    1  5.36175E+14 0.00073 
   42   42    1    1    1    1    1    1    1    1  9.92309E+14 0.00093 
   43   43    1    1    1    1    1    1    1    1  1.08561E+15 0.00083 
   44   44    1    1    1    1    1    1    1    1  1.40979E+15 0.00067 
   45   45    1    1    1    1    1    1    1    1  2.52584E+15 0.00062 
   46   46    1    1    1    1    1    1    1    1  1.31336E+15 0.00055 
   47   47    1    1    1    1    1    1    1    1  1.87166E+15 0.00078 
   48   48    1    1    1    1    1    1    1    1  2.61391E+15 0.00071 
   49   49    1    1    1    1    1    1    1    1  2.34622E+15 0.00049 
   50   50    1    1    1    1    1    1    1    1  3.67689E+15 0.00044 
   51   51    1    1    1    1    1    1    1    1  2.84805E+15 0.00044 
   52   52    1    1    1    1    1    1    1    1  3.29676E+15 0.00046 
   53   53    1    1    1    1    1    1    1    1  2.34072E+15 0.00053 
   54   54    1    1    1    1    1    1    1    1  2.89209E+15 0.00037 
   55   55    1    1    1    1    1    1    1    1  2.04442E+15 0.00062 
   56   56    1    1    1    1    1    1    1    1  2.80726E+14 0.00073 
   57   57    1    1    1    1    1    1    1    1  3.97026E+15 0.00039 
   58   58    1    1    1    1    1    1    1    1  1.78464E+15 0.00067 
   59   59    1    1    1    1    1    1    1    1  1.92711E+15 0.00061 
   60   60    1    1    1    1    1    1    1    1  1.55483E+15 0.00061 
   61   61    1    1    1    1    1    1    1    1  1.55025E+15 0.00057 
   62   62    1    1    1    1    1    1    1    1  1.56575E+15 0.00063 
   63   63    1    1    1    1    1    1    1    1  1.31483E+15 0.00071 
   64   64    1    1    1    1    1    1    1    1  1.03931E+15 0.00085 
   65   65    1    1    1    1    1    1    1    1  1.01738E+15 0.00075 
   66   66    1    1    1    1    1    1    1    1  8.09157E+14 0.00080 
   67   67    1    1    1    1    1    1    1    1  6.62338E+14 0.00114 
   68   68    1    1    1    1    1    1    1    1  5.83503E+14 0.00089 
   69   69    1    1    1    1    1    1    1    1  7.08784E+14 0.00079 
   70   70    1    1    1    1    1    1    1    1  6.07148E+14 0.00066 
   71   71    1    1    1    1    1    1    1    1  1.11493E+15 0.00096 
   72   72    1    1    1    1    1    1    1    1  8.05311E+14 0.00115 
   73   73    1    1    1    1    1    1    1    1  6.22491E+14 0.00113 
   74   74    1    1    1    1    1    1    1    1  5.10582E+14 0.00103 
   75   75    1    1    1    1    1    1    1    1  4.25079E+14 0.00123 
   76   76    1    1    1    1    1    1    1    1  4.91676E+14 0.00086 
   77   77    1    1    1    1    1    1    1    1  3.90027E+14 0.00092 
   78   78    1    1    1    1    1    1    1    1  3.04510E+14 0.00119 
   79   79    1    1    1    1    1    1    1    1  3.17409E+14 0.00095 
   80   80    1    1    1    1    1    1    1    1  2.37801E+14 0.00141 
   81   81    1    1    1    1    1    1    1    1  1.83581E+14 0.00118 
   82   82    1    1    1    1    1    1    1    1  1.41771E+14 0.00218 
   83   83    1    1    1    1    1    1    1    1  1.33011E+14 0.00199 
   84   84    1    1    1    1    1    1    1    1  9.58463E+13 0.00253 
   85   85    1    1    1    1    1    1    1    1  6.92659E+13 0.00217 
   86   86    1    1    1    1    1    1    1    1  6.46401E+13 0.00244 
   87   87    1    1    1    1    1    1    1    1  3.97577E+13 0.00367 
   88   88    1    1    1    1    1    1    1    1  2.69099E+13 0.00304 
   89   89    1    1    1    1    1    1    1    1  1.53254E+13 0.00640 
   90   90    1    1    1    1    1    1    1    1  1.00854E+13 0.00718 
   91   91    1    1    1    1    1    1    1    1  5.04375E+12 0.01220 
   92   92    1    1    1    1    1    1    1    1  2.47668E+12 0.01393 
   93   93    1    1    1    1    1    1    1    1  1.17539E+12 0.02072 
   94   94    1    1    1    1    1    1    1    1  5.75141E+11 0.02979 
   95   95    1    1    1    1    1    1    1    1  2.66665E+11 0.05210 
   96   96    1    1    1    1    1    1    1    1  1.28768E+11 0.05916 
   97   97    1    1    1    1    1    1    1    1  5.16185E+10 0.10684 
   98   98    1    1    1    1    1    1    1    1  2.46559E+10 0.12015 
   99   99    1    1    1    1    1    1    1    1  1.29553E+10 0.15518 
  100  100    1    1    1    1    1    1    1    1  8.76662E+09 0.21301 
];


