
DETdpaspec = [
    1    1    1    1    1    1    1    1    1    1  0.00000E+00 0.00000 
    2    2    1    1    1    1    1    1    1    1  0.00000E+00 0.00000 
    3    3    1    1    1    1    1    1    1    1  0.00000E+00 0.00000 
    4    4    1    1    1    1    1    1    1    1  0.00000E+00 0.00000 
    5    5    1    1    1    1    1    1    1    1  0.00000E+00 0.00000 
    6    6    1    1    1    1    1    1    1    1  0.00000E+00 0.00000 
    7    7    1    1    1    1    1    1    1    1  0.00000E+00 0.00000 
    8    8    1    1    1    1    1    1    1    1  9.20906E+06 1.00000 
    9    9    1    1    1    1    1    1    1    1  0.00000E+00 0.00000 
   10   10    1    1    1    1    1    1    1    1  4.58371E+07 1.00000 
   11   11    1    1    1    1    1    1    1    1  2.43225E+08 0.47478 
   12   12    1    1    1    1    1    1    1    1  4.24229E+07 0.58221 
   13   13    1    1    1    1    1    1    1    1  1.80202E+09 0.68208 
   14   14    1    1    1    1    1    1    1    1  4.95117E+09 0.29478 
   15   15    1    1    1    1    1    1    1    1  6.88586E+09 0.31451 
   16   16    1    1    1    1    1    1    1    1  1.84403E+09 0.26382 
   17   17    1    1    1    1    1    1    1    1  3.17656E+09 0.21909 
   18   18    1    1    1    1    1    1    1    1  9.99661E+09 0.18628 
   19   19    1    1    1    1    1    1    1    1  1.22622E+10 0.14249 
   20   20    1    1    1    1    1    1    1    1  3.75171E+10 0.13870 
   21   21    1    1    1    1    1    1    1    1  3.30871E+10 0.10742 
   22   22    1    1    1    1    1    1    1    1  8.43309E+10 0.06106 
   23   23    1    1    1    1    1    1    1    1  1.36476E+11 0.04986 
   24   24    1    1    1    1    1    1    1    1  2.61352E+11 0.03815 
   25   25    1    1    1    1    1    1    1    1  3.95733E+11 0.04029 
   26   26    1    1    1    1    1    1    1    1  8.40297E+11 0.02660 
   27   27    1    1    1    1    1    1    1    1  1.74850E+12 0.01653 
   28   28    1    1    1    1    1    1    1    1  4.02952E+12 0.00890 
   29   29    1    1    1    1    1    1    1    1  6.01518E+12 0.00737 
   30   30    1    1    1    1    1    1    1    1  1.45537E+13 0.00510 
   31   31    1    1    1    1    1    1    1    1  3.50330E+13 0.00396 
   32   32    1    1    1    1    1    1    1    1  5.27031E+13 0.00370 
   33   33    1    1    1    1    1    1    1    1  1.04884E+14 0.00335 
   34   34    1    1    1    1    1    1    1    1  1.24205E+14 0.00236 
   35   35    1    1    1    1    1    1    1    1  1.69373E+14 0.00160 
   36   36    1    1    1    1    1    1    1    1  1.31613E+14 0.00133 
   37   37    1    1    1    1    1    1    1    1  4.07742E+13 0.00158 
   38   38    1    1    1    1    1    1    1    1  2.01042E+14 0.00149 
   39   39    1    1    1    1    1    1    1    1  2.48014E+14 0.00128 
   40   40    1    1    1    1    1    1    1    1  4.15745E+14 0.00140 
   41   41    1    1    1    1    1    1    1    1  3.97269E+14 0.00127 
   42   42    1    1    1    1    1    1    1    1  7.30487E+14 0.00127 
   43   43    1    1    1    1    1    1    1    1  8.04150E+14 0.00084 
   44   44    1    1    1    1    1    1    1    1  1.04904E+15 0.00097 
   45   45    1    1    1    1    1    1    1    1  1.88383E+15 0.00116 
   46   46    1    1    1    1    1    1    1    1  9.88971E+14 0.00110 
   47   47    1    1    1    1    1    1    1    1  1.42595E+15 0.00101 
   48   48    1    1    1    1    1    1    1    1  1.99678E+15 0.00110 
   49   49    1    1    1    1    1    1    1    1  1.81565E+15 0.00095 
   50   50    1    1    1    1    1    1    1    1  2.81362E+15 0.00087 
   51   51    1    1    1    1    1    1    1    1  2.21277E+15 0.00093 
   52   52    1    1    1    1    1    1    1    1  2.52874E+15 0.00082 
   53   53    1    1    1    1    1    1    1    1  1.80347E+15 0.00100 
   54   54    1    1    1    1    1    1    1    1  2.19931E+15 0.00095 
   55   55    1    1    1    1    1    1    1    1  1.55988E+15 0.00087 
   56   56    1    1    1    1    1    1    1    1  2.15430E+14 0.00136 
   57   57    1    1    1    1    1    1    1    1  3.03557E+15 0.00111 
   58   58    1    1    1    1    1    1    1    1  1.33923E+15 0.00117 
   59   59    1    1    1    1    1    1    1    1  1.45549E+15 0.00131 
   60   60    1    1    1    1    1    1    1    1  1.15603E+15 0.00107 
   61   61    1    1    1    1    1    1    1    1  1.15634E+15 0.00098 
   62   62    1    1    1    1    1    1    1    1  1.16528E+15 0.00108 
   63   63    1    1    1    1    1    1    1    1  9.75299E+14 0.00113 
   64   64    1    1    1    1    1    1    1    1  7.68980E+14 0.00129 
   65   65    1    1    1    1    1    1    1    1  7.56759E+14 0.00119 
   66   66    1    1    1    1    1    1    1    1  5.99687E+14 0.00094 
   67   67    1    1    1    1    1    1    1    1  4.92737E+14 0.00132 
   68   68    1    1    1    1    1    1    1    1  4.36097E+14 0.00139 
   69   69    1    1    1    1    1    1    1    1  5.29138E+14 0.00141 
   70   70    1    1    1    1    1    1    1    1  4.54804E+14 0.00130 
   71   71    1    1    1    1    1    1    1    1  8.47914E+14 0.00131 
   72   72    1    1    1    1    1    1    1    1  6.16125E+14 0.00149 
   73   73    1    1    1    1    1    1    1    1  4.76226E+14 0.00151 
   74   74    1    1    1    1    1    1    1    1  3.85332E+14 0.00158 
   75   75    1    1    1    1    1    1    1    1  3.15246E+14 0.00186 
   76   76    1    1    1    1    1    1    1    1  3.62511E+14 0.00221 
   77   77    1    1    1    1    1    1    1    1  2.83542E+14 0.00196 
   78   78    1    1    1    1    1    1    1    1  2.19557E+14 0.00187 
   79   79    1    1    1    1    1    1    1    1  2.26059E+14 0.00149 
   80   80    1    1    1    1    1    1    1    1  1.68748E+14 0.00181 
   81   81    1    1    1    1    1    1    1    1  1.30146E+14 0.00250 
   82   82    1    1    1    1    1    1    1    1  1.00911E+14 0.00260 
   83   83    1    1    1    1    1    1    1    1  9.42840E+13 0.00213 
   84   84    1    1    1    1    1    1    1    1  6.75695E+13 0.00289 
   85   85    1    1    1    1    1    1    1    1  4.89010E+13 0.00343 
   86   86    1    1    1    1    1    1    1    1  4.57628E+13 0.00503 
   87   87    1    1    1    1    1    1    1    1  2.82879E+13 0.00524 
   88   88    1    1    1    1    1    1    1    1  1.90156E+13 0.00731 
   89   89    1    1    1    1    1    1    1    1  1.09436E+13 0.00771 
   90   90    1    1    1    1    1    1    1    1  7.23889E+12 0.01087 
   91   91    1    1    1    1    1    1    1    1  3.68722E+12 0.01127 
   92   92    1    1    1    1    1    1    1    1  1.79721E+12 0.02016 
   93   93    1    1    1    1    1    1    1    1  8.69239E+11 0.03128 
   94   94    1    1    1    1    1    1    1    1  4.21109E+11 0.04029 
   95   95    1    1    1    1    1    1    1    1  1.96286E+11 0.04207 
   96   96    1    1    1    1    1    1    1    1  9.63682E+10 0.07104 
   97   97    1    1    1    1    1    1    1    1  4.00139E+10 0.12132 
   98   98    1    1    1    1    1    1    1    1  2.36182E+10 0.19451 
   99   99    1    1    1    1    1    1    1    1  1.07912E+10 0.22920 
  100  100    1    1    1    1    1    1    1    1  9.99798E+09 0.23633 
];


