
DETdpaspec = [
    1    1    1    1    1    1    1    1    1    1  0.00000E+00 0.00000 
    2    2    1    1    1    1    1    1    1    1  0.00000E+00 0.00000 
    3    3    1    1    1    1    1    1    1    1  0.00000E+00 0.00000 
    4    4    1    1    1    1    1    1    1    1  0.00000E+00 0.00000 
    5    5    1    1    1    1    1    1    1    1  0.00000E+00 0.00000 
    6    6    1    1    1    1    1    1    1    1  8.25031E+06 1.00000 
    7    7    1    1    1    1    1    1    1    1  5.61595E+07 0.46552 
    8    8    1    1    1    1    1    1    1    1  0.00000E+00 0.00000 
    9    9    1    1    1    1    1    1    1    1  8.07272E+06 1.00000 
   10   10    1    1    1    1    1    1    1    1  1.27027E+08 1.00000 
   11   11    1    1    1    1    1    1    1    1  1.92975E+08 0.68826 
   12   12    1    1    1    1    1    1    1    1  4.59305E+07 0.54685 
   13   13    1    1    1    1    1    1    1    1  1.25545E+09 0.34842 
   14   14    1    1    1    1    1    1    1    1  2.22994E+09 0.26198 
   15   15    1    1    1    1    1    1    1    1  5.53243E+09 0.21963 
   16   16    1    1    1    1    1    1    1    1  1.36648E+09 0.28594 
   17   17    1    1    1    1    1    1    1    1  3.96061E+09 0.19629 
   18   18    1    1    1    1    1    1    1    1  1.23526E+10 0.16438 
   19   19    1    1    1    1    1    1    1    1  1.79173E+10 0.11351 
   20   20    1    1    1    1    1    1    1    1  4.16641E+10 0.08395 
   21   21    1    1    1    1    1    1    1    1  3.86319E+10 0.07245 
   22   22    1    1    1    1    1    1    1    1  9.46668E+10 0.05077 
   23   23    1    1    1    1    1    1    1    1  1.45787E+11 0.04572 
   24   24    1    1    1    1    1    1    1    1  2.57069E+11 0.04918 
   25   25    1    1    1    1    1    1    1    1  3.48848E+11 0.03436 
   26   26    1    1    1    1    1    1    1    1  7.56119E+11 0.02096 
   27   27    1    1    1    1    1    1    1    1  1.53613E+12 0.01489 
   28   28    1    1    1    1    1    1    1    1  3.45713E+12 0.01289 
   29   29    1    1    1    1    1    1    1    1  4.85472E+12 0.00874 
   30   30    1    1    1    1    1    1    1    1  1.20842E+13 0.00896 
   31   31    1    1    1    1    1    1    1    1  2.93647E+13 0.00437 
   32   32    1    1    1    1    1    1    1    1  4.45173E+13 0.00436 
   33   33    1    1    1    1    1    1    1    1  8.81831E+13 0.00332 
   34   34    1    1    1    1    1    1    1    1  1.02785E+14 0.00330 
   35   35    1    1    1    1    1    1    1    1  1.44956E+14 0.00276 
   36   36    1    1    1    1    1    1    1    1  1.13280E+14 0.00190 
   37   37    1    1    1    1    1    1    1    1  3.55783E+13 0.00228 
   38   38    1    1    1    1    1    1    1    1  1.72722E+14 0.00166 
   39   39    1    1    1    1    1    1    1    1  2.12695E+14 0.00198 
   40   40    1    1    1    1    1    1    1    1  3.53140E+14 0.00188 
   41   41    1    1    1    1    1    1    1    1  3.40121E+14 0.00160 
   42   42    1    1    1    1    1    1    1    1  6.19167E+14 0.00158 
   43   43    1    1    1    1    1    1    1    1  6.79547E+14 0.00131 
   44   44    1    1    1    1    1    1    1    1  8.83694E+14 0.00146 
   45   45    1    1    1    1    1    1    1    1  1.57391E+15 0.00117 
   46   46    1    1    1    1    1    1    1    1  8.23520E+14 0.00134 
   47   47    1    1    1    1    1    1    1    1  1.19283E+15 0.00120 
   48   48    1    1    1    1    1    1    1    1  1.65878E+15 0.00137 
   49   49    1    1    1    1    1    1    1    1  1.51285E+15 0.00131 
   50   50    1    1    1    1    1    1    1    1  2.31799E+15 0.00126 
   51   51    1    1    1    1    1    1    1    1  1.83153E+15 0.00120 
   52   52    1    1    1    1    1    1    1    1  2.07716E+15 0.00116 
   53   53    1    1    1    1    1    1    1    1  1.47942E+15 0.00130 
   54   54    1    1    1    1    1    1    1    1  1.79042E+15 0.00125 
   55   55    1    1    1    1    1    1    1    1  1.27027E+15 0.00128 
   56   56    1    1    1    1    1    1    1    1  1.75120E+14 0.00114 
   57   57    1    1    1    1    1    1    1    1  2.46749E+15 0.00135 
   58   58    1    1    1    1    1    1    1    1  1.07602E+15 0.00116 
   59   59    1    1    1    1    1    1    1    1  1.17342E+15 0.00145 
   60   60    1    1    1    1    1    1    1    1  9.23034E+14 0.00134 
   61   61    1    1    1    1    1    1    1    1  9.23793E+14 0.00137 
   62   62    1    1    1    1    1    1    1    1  9.27035E+14 0.00154 
   63   63    1    1    1    1    1    1    1    1  7.73348E+14 0.00173 
   64   64    1    1    1    1    1    1    1    1  6.09632E+14 0.00185 
   65   65    1    1    1    1    1    1    1    1  5.98242E+14 0.00154 
   66   66    1    1    1    1    1    1    1    1  4.73168E+14 0.00182 
   67   67    1    1    1    1    1    1    1    1  3.89367E+14 0.00190 
   68   68    1    1    1    1    1    1    1    1  3.45340E+14 0.00132 
   69   69    1    1    1    1    1    1    1    1  4.18935E+14 0.00150 
   70   70    1    1    1    1    1    1    1    1  3.60596E+14 0.00182 
   71   71    1    1    1    1    1    1    1    1  6.75449E+14 0.00130 
   72   72    1    1    1    1    1    1    1    1  4.90910E+14 0.00164 
   73   73    1    1    1    1    1    1    1    1  3.77976E+14 0.00179 
   74   74    1    1    1    1    1    1    1    1  3.03800E+14 0.00153 
   75   75    1    1    1    1    1    1    1    1  2.48007E+14 0.00221 
   76   76    1    1    1    1    1    1    1    1  2.82895E+14 0.00266 
   77   77    1    1    1    1    1    1    1    1  2.19427E+14 0.00241 
   78   78    1    1    1    1    1    1    1    1  1.69191E+14 0.00209 
   79   79    1    1    1    1    1    1    1    1  1.73776E+14 0.00235 
   80   80    1    1    1    1    1    1    1    1  1.29204E+14 0.00306 
   81   81    1    1    1    1    1    1    1    1  9.94968E+13 0.00320 
   82   82    1    1    1    1    1    1    1    1  7.69112E+13 0.00378 
   83   83    1    1    1    1    1    1    1    1  7.17084E+13 0.00394 
   84   84    1    1    1    1    1    1    1    1  5.16883E+13 0.00388 
   85   85    1    1    1    1    1    1    1    1  3.72919E+13 0.00530 
   86   86    1    1    1    1    1    1    1    1  3.50047E+13 0.00397 
   87   87    1    1    1    1    1    1    1    1  2.15688E+13 0.00326 
   88   88    1    1    1    1    1    1    1    1  1.45024E+13 0.00711 
   89   89    1    1    1    1    1    1    1    1  8.37588E+12 0.00720 
   90   90    1    1    1    1    1    1    1    1  5.54493E+12 0.01027 
   91   91    1    1    1    1    1    1    1    1  2.83122E+12 0.01683 
   92   92    1    1    1    1    1    1    1    1  1.33801E+12 0.02597 
   93   93    1    1    1    1    1    1    1    1  6.89632E+11 0.02992 
   94   94    1    1    1    1    1    1    1    1  3.43491E+11 0.03415 
   95   95    1    1    1    1    1    1    1    1  1.68627E+11 0.06633 
   96   96    1    1    1    1    1    1    1    1  7.31167E+10 0.08400 
   97   97    1    1    1    1    1    1    1    1  4.09869E+10 0.12648 
   98   98    1    1    1    1    1    1    1    1  1.65177E+10 0.14299 
   99   99    1    1    1    1    1    1    1    1  1.10806E+10 0.22522 
  100  100    1    1    1    1    1    1    1    1  9.98516E+09 0.30782 
];


