
DETdpaspec = [
    1    1    1    1    1    1    1    1    1    1  0.00000E+00 0.00000 
    2    2    1    1    1    1    1    1    1    1  0.00000E+00 0.00000 
    3    3    1    1    1    1    1    1    1    1  0.00000E+00 0.00000 
    4    4    1    1    1    1    1    1    1    1  1.01192E+07 1.00000 
    5    5    1    1    1    1    1    1    1    1  0.00000E+00 0.00000 
    6    6    1    1    1    1    1    1    1    1  0.00000E+00 0.00000 
    7    7    1    1    1    1    1    1    1    1  0.00000E+00 0.00000 
    8    8    1    1    1    1    1    1    1    1  0.00000E+00 0.00000 
    9    9    1    1    1    1    1    1    1    1  6.95116E+06 1.00000 
   10   10    1    1    1    1    1    1    1    1  4.48151E+07 1.00000 
   11   11    1    1    1    1    1    1    1    1  2.57563E+08 0.35382 
   12   12    1    1    1    1    1    1    1    1  9.81507E+07 0.57081 
   13   13    1    1    1    1    1    1    1    1  2.08162E+09 0.46026 
   14   14    1    1    1    1    1    1    1    1  2.43844E+09 0.36763 
   15   15    1    1    1    1    1    1    1    1  3.04766E+09 0.32273 
   16   16    1    1    1    1    1    1    1    1  2.40045E+09 0.32773 
   17   17    1    1    1    1    1    1    1    1  3.63263E+09 0.18706 
   18   18    1    1    1    1    1    1    1    1  1.09750E+10 0.25897 
   19   19    1    1    1    1    1    1    1    1  1.19664E+10 0.12001 
   20   20    1    1    1    1    1    1    1    1  3.95056E+10 0.09469 
   21   21    1    1    1    1    1    1    1    1  3.29053E+10 0.07563 
   22   22    1    1    1    1    1    1    1    1  8.63238E+10 0.06722 
   23   23    1    1    1    1    1    1    1    1  1.33271E+11 0.05712 
   24   24    1    1    1    1    1    1    1    1  2.56077E+11 0.04640 
   25   25    1    1    1    1    1    1    1    1  3.65432E+11 0.04030 
   26   26    1    1    1    1    1    1    1    1  7.80860E+11 0.01701 
   27   27    1    1    1    1    1    1    1    1  1.65182E+12 0.01630 
   28   28    1    1    1    1    1    1    1    1  3.69043E+12 0.01009 
   29   29    1    1    1    1    1    1    1    1  5.37306E+12 0.00753 
   30   30    1    1    1    1    1    1    1    1  1.34559E+13 0.00644 
   31   31    1    1    1    1    1    1    1    1  3.22680E+13 0.00527 
   32   32    1    1    1    1    1    1    1    1  4.86710E+13 0.00394 
   33   33    1    1    1    1    1    1    1    1  9.68645E+13 0.00374 
   34   34    1    1    1    1    1    1    1    1  1.13980E+14 0.00273 
   35   35    1    1    1    1    1    1    1    1  1.57725E+14 0.00167 
   36   36    1    1    1    1    1    1    1    1  1.22922E+14 0.00137 
   37   37    1    1    1    1    1    1    1    1  3.84383E+13 0.00202 
   38   38    1    1    1    1    1    1    1    1  1.88116E+14 0.00140 
   39   39    1    1    1    1    1    1    1    1  2.32122E+14 0.00153 
   40   40    1    1    1    1    1    1    1    1  3.87928E+14 0.00127 
   41   41    1    1    1    1    1    1    1    1  3.72113E+14 0.00101 
   42   42    1    1    1    1    1    1    1    1  6.82865E+14 0.00078 
   43   43    1    1    1    1    1    1    1    1  7.50354E+14 0.00124 
   44   44    1    1    1    1    1    1    1    1  9.78541E+14 0.00102 
   45   45    1    1    1    1    1    1    1    1  1.75289E+15 0.00094 
   46   46    1    1    1    1    1    1    1    1  9.18478E+14 0.00084 
   47   47    1    1    1    1    1    1    1    1  1.32861E+15 0.00094 
   48   48    1    1    1    1    1    1    1    1  1.85283E+15 0.00081 
   49   49    1    1    1    1    1    1    1    1  1.68793E+15 0.00108 
   50   50    1    1    1    1    1    1    1    1  2.60483E+15 0.00074 
   51   51    1    1    1    1    1    1    1    1  2.05146E+15 0.00090 
   52   52    1    1    1    1    1    1    1    1  2.33618E+15 0.00067 
   53   53    1    1    1    1    1    1    1    1  1.66635E+15 0.00079 
   54   54    1    1    1    1    1    1    1    1  2.02609E+15 0.00060 
   55   55    1    1    1    1    1    1    1    1  1.43795E+15 0.00093 
   56   56    1    1    1    1    1    1    1    1  1.98228E+14 0.00122 
   57   57    1    1    1    1    1    1    1    1  2.79337E+15 0.00072 
   58   58    1    1    1    1    1    1    1    1  1.22699E+15 0.00079 
   59   59    1    1    1    1    1    1    1    1  1.33623E+15 0.00087 
   60   60    1    1    1    1    1    1    1    1  1.05768E+15 0.00098 
   61   61    1    1    1    1    1    1    1    1  1.05818E+15 0.00102 
   62   62    1    1    1    1    1    1    1    1  1.06524E+15 0.00095 
   63   63    1    1    1    1    1    1    1    1  8.90326E+14 0.00098 
   64   64    1    1    1    1    1    1    1    1  7.02482E+14 0.00111 
   65   65    1    1    1    1    1    1    1    1  6.88178E+14 0.00086 
   66   66    1    1    1    1    1    1    1    1  5.45587E+14 0.00140 
   67   67    1    1    1    1    1    1    1    1  4.48861E+14 0.00165 
   68   68    1    1    1    1    1    1    1    1  3.97261E+14 0.00157 
   69   69    1    1    1    1    1    1    1    1  4.82840E+14 0.00159 
   70   70    1    1    1    1    1    1    1    1  4.13776E+14 0.00115 
   71   71    1    1    1    1    1    1    1    1  7.74105E+14 0.00133 
   72   72    1    1    1    1    1    1    1    1  5.63595E+14 0.00110 
   73   73    1    1    1    1    1    1    1    1  4.33338E+14 0.00162 
   74   74    1    1    1    1    1    1    1    1  3.49656E+14 0.00177 
   75   75    1    1    1    1    1    1    1    1  2.87453E+14 0.00202 
   76   76    1    1    1    1    1    1    1    1  3.27292E+14 0.00141 
   77   77    1    1    1    1    1    1    1    1  2.55229E+14 0.00150 
   78   78    1    1    1    1    1    1    1    1  1.97543E+14 0.00183 
   79   79    1    1    1    1    1    1    1    1  2.03186E+14 0.00199 
   80   80    1    1    1    1    1    1    1    1  1.51572E+14 0.00187 
   81   81    1    1    1    1    1    1    1    1  1.16287E+14 0.00237 
   82   82    1    1    1    1    1    1    1    1  8.99332E+13 0.00313 
   83   83    1    1    1    1    1    1    1    1  8.39174E+13 0.00316 
   84   84    1    1    1    1    1    1    1    1  6.06336E+13 0.00251 
   85   85    1    1    1    1    1    1    1    1  4.38727E+13 0.00402 
   86   86    1    1    1    1    1    1    1    1  4.07489E+13 0.00251 
   87   87    1    1    1    1    1    1    1    1  2.56326E+13 0.00456 
   88   88    1    1    1    1    1    1    1    1  1.70980E+13 0.00615 
   89   89    1    1    1    1    1    1    1    1  9.88141E+12 0.00784 
   90   90    1    1    1    1    1    1    1    1  6.62210E+12 0.01063 
   91   91    1    1    1    1    1    1    1    1  3.18774E+12 0.01193 
   92   92    1    1    1    1    1    1    1    1  1.53189E+12 0.01336 
   93   93    1    1    1    1    1    1    1    1  7.85893E+11 0.02916 
   94   94    1    1    1    1    1    1    1    1  3.79035E+11 0.04052 
   95   95    1    1    1    1    1    1    1    1  1.83978E+11 0.04162 
   96   96    1    1    1    1    1    1    1    1  9.41199E+10 0.08101 
   97   97    1    1    1    1    1    1    1    1  4.22398E+10 0.12534 
   98   98    1    1    1    1    1    1    1    1  1.52608E+10 0.25334 
   99   99    1    1    1    1    1    1    1    1  7.22839E+09 0.24841 
  100  100    1    1    1    1    1    1    1    1  8.64017E+09 0.36006 
];


