
DETdpaspec = [
    1    1    1    1    1    1    1    1    1    1  0.00000E+00 0.00000 
    2    2    1    1    1    1    1    1    1    1  0.00000E+00 0.00000 
    3    3    1    1    1    1    1    1    1    1  0.00000E+00 0.00000 
    4    4    1    1    1    1    1    1    1    1  0.00000E+00 0.00000 
    5    5    1    1    1    1    1    1    1    1  7.36675E+06 1.00000 
    6    6    1    1    1    1    1    1    1    1  0.00000E+00 0.00000 
    7    7    1    1    1    1    1    1    1    1  0.00000E+00 0.00000 
    8    8    1    1    1    1    1    1    1    1  1.34733E+07 1.00000 
    9    9    1    1    1    1    1    1    1    1  4.66951E+07 0.46115 
   10   10    1    1    1    1    1    1    1    1  4.18006E+07 1.00000 
   11   11    1    1    1    1    1    1    1    1  2.21366E+08 0.47928 
   12   12    1    1    1    1    1    1    1    1  1.50320E+08 0.28140 
   13   13    1    1    1    1    1    1    1    1  3.96519E+09 0.27350 
   14   14    1    1    1    1    1    1    1    1  8.03039E+09 0.26403 
   15   15    1    1    1    1    1    1    1    1  1.06618E+10 0.24484 
   16   16    1    1    1    1    1    1    1    1  4.62797E+09 0.17832 
   17   17    1    1    1    1    1    1    1    1  8.66466E+09 0.13946 
   18   18    1    1    1    1    1    1    1    1  2.08876E+10 0.11274 
   19   19    1    1    1    1    1    1    1    1  2.93692E+10 0.11451 
   20   20    1    1    1    1    1    1    1    1  8.11571E+10 0.07529 
   21   21    1    1    1    1    1    1    1    1  6.16983E+10 0.06012 
   22   22    1    1    1    1    1    1    1    1  1.90233E+11 0.04714 
   23   23    1    1    1    1    1    1    1    1  2.56447E+11 0.02823 
   24   24    1    1    1    1    1    1    1    1  4.09528E+11 0.02713 
   25   25    1    1    1    1    1    1    1    1  5.64981E+11 0.02058 
   26   26    1    1    1    1    1    1    1    1  9.75920E+11 0.02094 
   27   27    1    1    1    1    1    1    1    1  1.87453E+12 0.01626 
   28   28    1    1    1    1    1    1    1    1  3.42483E+12 0.01264 
   29   29    1    1    1    1    1    1    1    1  4.23615E+12 0.01238 
   30   30    1    1    1    1    1    1    1    1  1.12575E+13 0.00791 
   31   31    1    1    1    1    1    1    1    1  2.53974E+13 0.00593 
   32   32    1    1    1    1    1    1    1    1  3.69830E+13 0.00376 
   33   33    1    1    1    1    1    1    1    1  6.95590E+13 0.00358 
   34   34    1    1    1    1    1    1    1    1  7.67389E+13 0.00289 
   35   35    1    1    1    1    1    1    1    1  1.12160E+14 0.00290 
   36   36    1    1    1    1    1    1    1    1  8.75116E+13 0.00281 
   37   37    1    1    1    1    1    1    1    1  2.77204E+13 0.00254 
   38   38    1    1    1    1    1    1    1    1  1.29531E+14 0.00197 
   39   39    1    1    1    1    1    1    1    1  1.57023E+14 0.00198 
   40   40    1    1    1    1    1    1    1    1  2.52858E+14 0.00179 
   41   41    1    1    1    1    1    1    1    1  2.45177E+14 0.00219 
   42   42    1    1    1    1    1    1    1    1  4.32932E+14 0.00254 
   43   43    1    1    1    1    1    1    1    1  4.67592E+14 0.00207 
   44   44    1    1    1    1    1    1    1    1  5.98721E+14 0.00250 
   45   45    1    1    1    1    1    1    1    1  1.04048E+15 0.00234 
   46   46    1    1    1    1    1    1    1    1  5.39636E+14 0.00219 
   47   47    1    1    1    1    1    1    1    1  7.82601E+14 0.00235 
   48   48    1    1    1    1    1    1    1    1  1.07555E+15 0.00203 
   49   49    1    1    1    1    1    1    1    1  9.83818E+14 0.00214 
   50   50    1    1    1    1    1    1    1    1  1.47829E+15 0.00213 
   51   51    1    1    1    1    1    1    1    1  1.17455E+15 0.00212 
   52   52    1    1    1    1    1    1    1    1  1.30577E+15 0.00216 
   53   53    1    1    1    1    1    1    1    1  9.32176E+14 0.00209 
   54   54    1    1    1    1    1    1    1    1  1.10704E+15 0.00229 
   55   55    1    1    1    1    1    1    1    1  7.88478E+14 0.00234 
   56   56    1    1    1    1    1    1    1    1  1.09362E+14 0.00253 
   57   57    1    1    1    1    1    1    1    1  1.52754E+15 0.00204 
   58   58    1    1    1    1    1    1    1    1  6.51208E+14 0.00202 
   59   59    1    1    1    1    1    1    1    1  7.12144E+14 0.00218 
   60   60    1    1    1    1    1    1    1    1  5.52066E+14 0.00223 
   61   61    1    1    1    1    1    1    1    1  5.52580E+14 0.00200 
   62   62    1    1    1    1    1    1    1    1  5.52958E+14 0.00220 
   63   63    1    1    1    1    1    1    1    1  4.57743E+14 0.00237 
   64   64    1    1    1    1    1    1    1    1  3.59640E+14 0.00256 
   65   65    1    1    1    1    1    1    1    1  3.52503E+14 0.00274 
   66   66    1    1    1    1    1    1    1    1  2.77282E+14 0.00240 
   67   67    1    1    1    1    1    1    1    1  2.29554E+14 0.00279 
   68   68    1    1    1    1    1    1    1    1  2.03428E+14 0.00292 
   69   69    1    1    1    1    1    1    1    1  2.46318E+14 0.00275 
   70   70    1    1    1    1    1    1    1    1  2.11423E+14 0.00281 
   71   71    1    1    1    1    1    1    1    1  4.01650E+14 0.00232 
   72   72    1    1    1    1    1    1    1    1  2.94555E+14 0.00279 
   73   73    1    1    1    1    1    1    1    1  2.25169E+14 0.00262 
   74   74    1    1    1    1    1    1    1    1  1.78083E+14 0.00245 
   75   75    1    1    1    1    1    1    1    1  1.43174E+14 0.00315 
   76   76    1    1    1    1    1    1    1    1  1.61211E+14 0.00223 
   77   77    1    1    1    1    1    1    1    1  1.23492E+14 0.00251 
   78   78    1    1    1    1    1    1    1    1  9.45322E+13 0.00355 
   79   79    1    1    1    1    1    1    1    1  9.59511E+13 0.00296 
   80   80    1    1    1    1    1    1    1    1  7.07144E+13 0.00335 
   81   81    1    1    1    1    1    1    1    1  5.43211E+13 0.00370 
   82   82    1    1    1    1    1    1    1    1  4.18347E+13 0.00434 
   83   83    1    1    1    1    1    1    1    1  3.87974E+13 0.00495 
   84   84    1    1    1    1    1    1    1    1  2.78639E+13 0.00471 
   85   85    1    1    1    1    1    1    1    1  2.02741E+13 0.00562 
   86   86    1    1    1    1    1    1    1    1  1.89898E+13 0.00437 
   87   87    1    1    1    1    1    1    1    1  1.17027E+13 0.00774 
   88   88    1    1    1    1    1    1    1    1  7.86025E+12 0.00962 
   89   89    1    1    1    1    1    1    1    1  4.54426E+12 0.01105 
   90   90    1    1    1    1    1    1    1    1  3.09387E+12 0.01139 
   91   91    1    1    1    1    1    1    1    1  1.54679E+12 0.01662 
   92   92    1    1    1    1    1    1    1    1  7.48177E+11 0.02409 
   93   93    1    1    1    1    1    1    1    1  3.70657E+11 0.03303 
   94   94    1    1    1    1    1    1    1    1  1.64464E+11 0.03659 
   95   95    1    1    1    1    1    1    1    1  7.56747E+10 0.09407 
   96   96    1    1    1    1    1    1    1    1  4.06212E+10 0.10763 
   97   97    1    1    1    1    1    1    1    1  1.88001E+10 0.15733 
   98   98    1    1    1    1    1    1    1    1  1.03423E+10 0.26685 
   99   99    1    1    1    1    1    1    1    1  3.05084E+09 0.36191 
  100  100    1    1    1    1    1    1    1    1  6.22306E+09 0.33517 
];


