
DETdpaspec = [
    1    1    1    1    1    1    1    1    1    1  0.00000E+00 0.00000 
    2    2    1    1    1    1    1    1    1    1  0.00000E+00 0.00000 
    3    3    1    1    1    1    1    1    1    1  0.00000E+00 0.00000 
    4    4    1    1    1    1    1    1    1    1  0.00000E+00 0.00000 
    5    5    1    1    1    1    1    1    1    1  1.98227E+07 1.00000 
    6    6    1    1    1    1    1    1    1    1  0.00000E+00 0.00000 
    7    7    1    1    1    1    1    1    1    1  0.00000E+00 0.00000 
    8    8    1    1    1    1    1    1    1    1  1.60762E+07 1.00000 
    9    9    1    1    1    1    1    1    1    1  0.00000E+00 0.00000 
   10   10    1    1    1    1    1    1    1    1  8.21305E+07 1.00000 
   11   11    1    1    1    1    1    1    1    1  4.62583E+07 1.00000 
   12   12    1    1    1    1    1    1    1    1  9.81237E+07 0.48823 
   13   13    1    1    1    1    1    1    1    1  1.00749E+09 0.43524 
   14   14    1    1    1    1    1    1    1    1  3.73741E+09 0.29359 
   15   15    1    1    1    1    1    1    1    1  4.56563E+09 0.26163 
   16   16    1    1    1    1    1    1    1    1  2.28448E+09 0.26548 
   17   17    1    1    1    1    1    1    1    1  4.77787E+09 0.22489 
   18   18    1    1    1    1    1    1    1    1  1.69447E+10 0.18346 
   19   19    1    1    1    1    1    1    1    1  1.23413E+10 0.17538 
   20   20    1    1    1    1    1    1    1    1  3.46488E+10 0.13602 
   21   21    1    1    1    1    1    1    1    1  3.41349E+10 0.10460 
   22   22    1    1    1    1    1    1    1    1  9.22319E+10 0.06109 
   23   23    1    1    1    1    1    1    1    1  1.37320E+11 0.05207 
   24   24    1    1    1    1    1    1    1    1  2.49755E+11 0.04871 
   25   25    1    1    1    1    1    1    1    1  3.98825E+11 0.03580 
   26   26    1    1    1    1    1    1    1    1  8.35760E+11 0.02811 
   27   27    1    1    1    1    1    1    1    1  1.78164E+12 0.01468 
   28   28    1    1    1    1    1    1    1    1  4.00233E+12 0.00903 
   29   29    1    1    1    1    1    1    1    1  5.84680E+12 0.00971 
   30   30    1    1    1    1    1    1    1    1  1.42482E+13 0.00615 
   31   31    1    1    1    1    1    1    1    1  3.42354E+13 0.00421 
   32   32    1    1    1    1    1    1    1    1  5.16829E+13 0.00380 
   33   33    1    1    1    1    1    1    1    1  1.03046E+14 0.00312 
   34   34    1    1    1    1    1    1    1    1  1.21928E+14 0.00247 
   35   35    1    1    1    1    1    1    1    1  1.67321E+14 0.00209 
   36   36    1    1    1    1    1    1    1    1  1.29266E+14 0.00159 
   37   37    1    1    1    1    1    1    1    1  4.02877E+13 0.00184 
   38   38    1    1    1    1    1    1    1    1  1.98103E+14 0.00152 
   39   39    1    1    1    1    1    1    1    1  2.44680E+14 0.00186 
   40   40    1    1    1    1    1    1    1    1  4.09927E+14 0.00174 
   41   41    1    1    1    1    1    1    1    1  3.92683E+14 0.00141 
   42   42    1    1    1    1    1    1    1    1  7.21583E+14 0.00132 
   43   43    1    1    1    1    1    1    1    1  7.93350E+14 0.00112 
   44   44    1    1    1    1    1    1    1    1  1.03433E+15 0.00091 
   45   45    1    1    1    1    1    1    1    1  1.85680E+15 0.00098 
   46   46    1    1    1    1    1    1    1    1  9.74606E+14 0.00105 
   47   47    1    1    1    1    1    1    1    1  1.40691E+15 0.00097 
   48   48    1    1    1    1    1    1    1    1  1.96892E+15 0.00122 
   49   49    1    1    1    1    1    1    1    1  1.79189E+15 0.00092 
   50   50    1    1    1    1    1    1    1    1  2.76985E+15 0.00099 
   51   51    1    1    1    1    1    1    1    1  2.18056E+15 0.00088 
   52   52    1    1    1    1    1    1    1    1  2.49336E+15 0.00094 
   53   53    1    1    1    1    1    1    1    1  1.77814E+15 0.00084 
   54   54    1    1    1    1    1    1    1    1  2.16526E+15 0.00108 
   55   55    1    1    1    1    1    1    1    1  1.53566E+15 0.00100 
   56   56    1    1    1    1    1    1    1    1  2.12060E+14 0.00178 
   57   57    1    1    1    1    1    1    1    1  2.98948E+15 0.00098 
   58   58    1    1    1    1    1    1    1    1  1.31677E+15 0.00106 
   59   59    1    1    1    1    1    1    1    1  1.43358E+15 0.00118 
   60   60    1    1    1    1    1    1    1    1  1.13694E+15 0.00097 
   61   61    1    1    1    1    1    1    1    1  1.13761E+15 0.00103 
   62   62    1    1    1    1    1    1    1    1  1.14637E+15 0.00109 
   63   63    1    1    1    1    1    1    1    1  9.59559E+14 0.00117 
   64   64    1    1    1    1    1    1    1    1  7.56812E+14 0.00122 
   65   65    1    1    1    1    1    1    1    1  7.43044E+14 0.00129 
   66   66    1    1    1    1    1    1    1    1  5.88222E+14 0.00123 
   67   67    1    1    1    1    1    1    1    1  4.84022E+14 0.00119 
   68   68    1    1    1    1    1    1    1    1  4.28151E+14 0.00125 
   69   69    1    1    1    1    1    1    1    1  5.20609E+14 0.00097 
   70   70    1    1    1    1    1    1    1    1  4.46528E+14 0.00125 
   71   71    1    1    1    1    1    1    1    1  8.32567E+14 0.00134 
   72   72    1    1    1    1    1    1    1    1  6.05735E+14 0.00175 
   73   73    1    1    1    1    1    1    1    1  4.67281E+14 0.00125 
   74   74    1    1    1    1    1    1    1    1  3.78139E+14 0.00203 
   75   75    1    1    1    1    1    1    1    1  3.10627E+14 0.00137 
   76   76    1    1    1    1    1    1    1    1  3.54860E+14 0.00126 
   77   77    1    1    1    1    1    1    1    1  2.77207E+14 0.00189 
   78   78    1    1    1    1    1    1    1    1  2.15046E+14 0.00149 
   79   79    1    1    1    1    1    1    1    1  2.22365E+14 0.00175 
   80   80    1    1    1    1    1    1    1    1  1.65558E+14 0.00193 
   81   81    1    1    1    1    1    1    1    1  1.27974E+14 0.00229 
   82   82    1    1    1    1    1    1    1    1  9.85370E+13 0.00279 
   83   83    1    1    1    1    1    1    1    1  9.18974E+13 0.00312 
   84   84    1    1    1    1    1    1    1    1  6.60039E+13 0.00255 
   85   85    1    1    1    1    1    1    1    1  4.78056E+13 0.00370 
   86   86    1    1    1    1    1    1    1    1  4.46978E+13 0.00284 
   87   87    1    1    1    1    1    1    1    1  2.77787E+13 0.00596 
   88   88    1    1    1    1    1    1    1    1  1.86308E+13 0.00635 
   89   89    1    1    1    1    1    1    1    1  1.07916E+13 0.00847 
   90   90    1    1    1    1    1    1    1    1  6.98770E+12 0.00981 
   91   91    1    1    1    1    1    1    1    1  3.56491E+12 0.01389 
   92   92    1    1    1    1    1    1    1    1  1.78552E+12 0.01005 
   93   93    1    1    1    1    1    1    1    1  8.39900E+11 0.01834 
   94   94    1    1    1    1    1    1    1    1  4.08610E+11 0.03825 
   95   95    1    1    1    1    1    1    1    1  1.97451E+11 0.05249 
   96   96    1    1    1    1    1    1    1    1  7.66639E+10 0.09249 
   97   97    1    1    1    1    1    1    1    1  5.58791E+10 0.08807 
   98   98    1    1    1    1    1    1    1    1  2.35868E+10 0.12682 
   99   99    1    1    1    1    1    1    1    1  1.02596E+10 0.22981 
  100  100    1    1    1    1    1    1    1    1  1.46926E+10 0.30087 
];


