
DETdpaspec = [
    1    1    1    1    1    1    1    1    1    1  0.00000E+00 0.00000 
    2    2    1    1    1    1    1    1    1    1  0.00000E+00 0.00000 
    3    3    1    1    1    1    1    1    1    1  0.00000E+00 0.00000 
    4    4    1    1    1    1    1    1    1    1  0.00000E+00 0.00000 
    5    5    1    1    1    1    1    1    1    1  9.17379E+06 1.00000 
    6    6    1    1    1    1    1    1    1    1  9.40771E+06 1.00000 
    7    7    1    1    1    1    1    1    1    1  3.48788E+07 0.72759 
    8    8    1    1    1    1    1    1    1    1  1.61802E+07 1.00000 
    9    9    1    1    1    1    1    1    1    1  1.87143E+07 0.70023 
   10   10    1    1    1    1    1    1    1    1  1.67633E+08 0.45959 
   11   11    1    1    1    1    1    1    1    1  3.68353E+08 0.68854 
   12   12    1    1    1    1    1    1    1    1  1.35602E+08 0.45252 
   13   13    1    1    1    1    1    1    1    1  1.69977E+09 0.51889 
   14   14    1    1    1    1    1    1    1    1  5.32755E+09 0.32194 
   15   15    1    1    1    1    1    1    1    1  9.37215E+09 0.24045 
   16   16    1    1    1    1    1    1    1    1  2.18319E+09 0.19667 
   17   17    1    1    1    1    1    1    1    1  4.83243E+09 0.25875 
   18   18    1    1    1    1    1    1    1    1  9.22308E+09 0.18137 
   19   19    1    1    1    1    1    1    1    1  1.47012E+10 0.15625 
   20   20    1    1    1    1    1    1    1    1  3.59264E+10 0.10700 
   21   21    1    1    1    1    1    1    1    1  3.25545E+10 0.10796 
   22   22    1    1    1    1    1    1    1    1  8.72807E+10 0.07550 
   23   23    1    1    1    1    1    1    1    1  1.53209E+11 0.04472 
   24   24    1    1    1    1    1    1    1    1  2.53731E+11 0.04242 
   25   25    1    1    1    1    1    1    1    1  3.58038E+11 0.04286 
   26   26    1    1    1    1    1    1    1    1  7.38530E+11 0.02481 
   27   27    1    1    1    1    1    1    1    1  1.53963E+12 0.01575 
   28   28    1    1    1    1    1    1    1    1  3.43447E+12 0.01103 
   29   29    1    1    1    1    1    1    1    1  4.79186E+12 0.01035 
   30   30    1    1    1    1    1    1    1    1  1.22050E+13 0.00657 
   31   31    1    1    1    1    1    1    1    1  2.96476E+13 0.00386 
   32   32    1    1    1    1    1    1    1    1  4.44997E+13 0.00383 
   33   33    1    1    1    1    1    1    1    1  8.85666E+13 0.00328 
   34   34    1    1    1    1    1    1    1    1  1.03330E+14 0.00246 
   35   35    1    1    1    1    1    1    1    1  1.45333E+14 0.00237 
   36   36    1    1    1    1    1    1    1    1  1.13420E+14 0.00200 
   37   37    1    1    1    1    1    1    1    1  3.56077E+13 0.00178 
   38   38    1    1    1    1    1    1    1    1  1.73036E+14 0.00176 
   39   39    1    1    1    1    1    1    1    1  2.13613E+14 0.00186 
   40   40    1    1    1    1    1    1    1    1  3.54814E+14 0.00139 
   41   41    1    1    1    1    1    1    1    1  3.41998E+14 0.00135 
   42   42    1    1    1    1    1    1    1    1  6.23652E+14 0.00143 
   43   43    1    1    1    1    1    1    1    1  6.85140E+14 0.00072 
   44   44    1    1    1    1    1    1    1    1  8.88349E+14 0.00116 
   45   45    1    1    1    1    1    1    1    1  1.58587E+15 0.00083 
   46   46    1    1    1    1    1    1    1    1  8.30240E+14 0.00119 
   47   47    1    1    1    1    1    1    1    1  1.20225E+15 0.00108 
   48   48    1    1    1    1    1    1    1    1  1.67603E+15 0.00076 
   49   49    1    1    1    1    1    1    1    1  1.52627E+15 0.00085 
   50   50    1    1    1    1    1    1    1    1  2.34352E+15 0.00099 
   51   51    1    1    1    1    1    1    1    1  1.85061E+15 0.00108 
   52   52    1    1    1    1    1    1    1    1  2.09581E+15 0.00113 
   53   53    1    1    1    1    1    1    1    1  1.49499E+15 0.00103 
   54   54    1    1    1    1    1    1    1    1  1.80778E+15 0.00077 
   55   55    1    1    1    1    1    1    1    1  1.28267E+15 0.00099 
   56   56    1    1    1    1    1    1    1    1  1.77438E+14 0.00167 
   57   57    1    1    1    1    1    1    1    1  2.49301E+15 0.00104 
   58   58    1    1    1    1    1    1    1    1  1.08817E+15 0.00117 
   59   59    1    1    1    1    1    1    1    1  1.18517E+15 0.00114 
   60   60    1    1    1    1    1    1    1    1  9.34257E+14 0.00117 
   61   61    1    1    1    1    1    1    1    1  9.34729E+14 0.00115 
   62   62    1    1    1    1    1    1    1    1  9.39289E+14 0.00130 
   63   63    1    1    1    1    1    1    1    1  7.83042E+14 0.00119 
   64   64    1    1    1    1    1    1    1    1  6.15579E+14 0.00145 
   65   65    1    1    1    1    1    1    1    1  6.05497E+14 0.00134 
   66   66    1    1    1    1    1    1    1    1  4.78294E+14 0.00102 
   67   67    1    1    1    1    1    1    1    1  3.94367E+14 0.00123 
   68   68    1    1    1    1    1    1    1    1  3.49412E+14 0.00138 
   69   69    1    1    1    1    1    1    1    1  4.24200E+14 0.00158 
   70   70    1    1    1    1    1    1    1    1  3.64149E+14 0.00130 
   71   71    1    1    1    1    1    1    1    1  6.82362E+14 0.00132 
   72   72    1    1    1    1    1    1    1    1  4.96288E+14 0.00156 
   73   73    1    1    1    1    1    1    1    1  3.82275E+14 0.00194 
   74   74    1    1    1    1    1    1    1    1  3.07872E+14 0.00132 
   75   75    1    1    1    1    1    1    1    1  2.50754E+14 0.00225 
   76   76    1    1    1    1    1    1    1    1  2.85322E+14 0.00198 
   77   77    1    1    1    1    1    1    1    1  2.21252E+14 0.00205 
   78   78    1    1    1    1    1    1    1    1  1.71013E+14 0.00188 
   79   79    1    1    1    1    1    1    1    1  1.76277E+14 0.00209 
   80   80    1    1    1    1    1    1    1    1  1.30700E+14 0.00236 
   81   81    1    1    1    1    1    1    1    1  1.00220E+14 0.00211 
   82   82    1    1    1    1    1    1    1    1  7.74909E+13 0.00364 
   83   83    1    1    1    1    1    1    1    1  7.27896E+13 0.00285 
   84   84    1    1    1    1    1    1    1    1  5.21823E+13 0.00403 
   85   85    1    1    1    1    1    1    1    1  3.76849E+13 0.00404 
   86   86    1    1    1    1    1    1    1    1  3.51761E+13 0.00315 
   87   87    1    1    1    1    1    1    1    1  2.16654E+13 0.00679 
   88   88    1    1    1    1    1    1    1    1  1.47720E+13 0.00604 
   89   89    1    1    1    1    1    1    1    1  8.54600E+12 0.00544 
   90   90    1    1    1    1    1    1    1    1  5.75649E+12 0.01068 
   91   91    1    1    1    1    1    1    1    1  2.78585E+12 0.01248 
   92   92    1    1    1    1    1    1    1    1  1.36449E+12 0.01938 
   93   93    1    1    1    1    1    1    1    1  7.11683E+11 0.03254 
   94   94    1    1    1    1    1    1    1    1  3.47003E+11 0.04381 
   95   95    1    1    1    1    1    1    1    1  1.48297E+11 0.06107 
   96   96    1    1    1    1    1    1    1    1  7.24833E+10 0.08508 
   97   97    1    1    1    1    1    1    1    1  2.81433E+10 0.14459 
   98   98    1    1    1    1    1    1    1    1  1.88006E+10 0.18044 
   99   99    1    1    1    1    1    1    1    1  5.56414E+09 0.24374 
  100  100    1    1    1    1    1    1    1    1  9.16722E+09 0.18855 
];


