
DETdpaspec = [
    1    1    1    1    1    1    1    1    1    1  0.00000E+00 0.00000 
    2    2    1    1    1    1    1    1    1    1  0.00000E+00 0.00000 
    3    3    1    1    1    1    1    1    1    1  0.00000E+00 0.00000 
    4    4    1    1    1    1    1    1    1    1  0.00000E+00 0.00000 
    5    5    1    1    1    1    1    1    1    1  0.00000E+00 0.00000 
    6    6    1    1    1    1    1    1    1    1  0.00000E+00 0.00000 
    7    7    1    1    1    1    1    1    1    1  2.31027E+07 1.00000 
    8    8    1    1    1    1    1    1    1    1  0.00000E+00 0.00000 
    9    9    1    1    1    1    1    1    1    1  1.62764E+07 0.68933 
   10   10    1    1    1    1    1    1    1    1  6.73935E+07 0.73249 
   11   11    1    1    1    1    1    1    1    1  0.00000E+00 0.00000 
   12   12    1    1    1    1    1    1    1    1  5.30963E+07 0.91643 
   13   13    1    1    1    1    1    1    1    1  1.12651E+09 0.51769 
   14   14    1    1    1    1    1    1    1    1  4.65395E+09 0.42177 
   15   15    1    1    1    1    1    1    1    1  2.13136E+09 0.46902 
   16   16    1    1    1    1    1    1    1    1  2.47946E+09 0.29587 
   17   17    1    1    1    1    1    1    1    1  4.53257E+09 0.28128 
   18   18    1    1    1    1    1    1    1    1  6.48657E+09 0.21798 
   19   19    1    1    1    1    1    1    1    1  6.35229E+09 0.20065 
   20   20    1    1    1    1    1    1    1    1  2.45891E+10 0.12467 
   21   21    1    1    1    1    1    1    1    1  3.24320E+10 0.06756 
   22   22    1    1    1    1    1    1    1    1  8.85234E+10 0.06625 
   23   23    1    1    1    1    1    1    1    1  2.43070E+11 0.04256 
   24   24    1    1    1    1    1    1    1    1  6.42180E+11 0.02257 
   25   25    1    1    1    1    1    1    1    1  1.14971E+12 0.02107 
   26   26    1    1    1    1    1    1    1    1  2.44920E+12 0.01586 
   27   27    1    1    1    1    1    1    1    1  5.04007E+12 0.01092 
   28   28    1    1    1    1    1    1    1    1  1.10223E+13 0.00905 
   29   29    1    1    1    1    1    1    1    1  1.65964E+13 0.00670 
   30   30    1    1    1    1    1    1    1    1  3.23917E+13 0.00336 
   31   31    1    1    1    1    1    1    1    1  6.91938E+13 0.00271 
   32   32    1    1    1    1    1    1    1    1  9.63963E+13 0.00193 
   33   33    1    1    1    1    1    1    1    1  1.80277E+14 0.00168 
   34   34    1    1    1    1    1    1    1    1  2.15438E+14 0.00176 
   35   35    1    1    1    1    1    1    1    1  2.59685E+14 0.00141 
   36   36    1    1    1    1    1    1    1    1  1.90526E+14 0.00129 
   37   37    1    1    1    1    1    1    1    1  5.70350E+13 0.00145 
   38   38    1    1    1    1    1    1    1    1  2.85979E+14 0.00127 
   39   39    1    1    1    1    1    1    1    1  3.49256E+14 0.00118 
   40   40    1    1    1    1    1    1    1    1  5.87379E+14 0.00126 
   41   41    1    1    1    1    1    1    1    1  5.42087E+14 0.00086 
   42   42    1    1    1    1    1    1    1    1  1.00328E+15 0.00085 
   43   43    1    1    1    1    1    1    1    1  1.09648E+15 0.00071 
   44   44    1    1    1    1    1    1    1    1  1.42217E+15 0.00089 
   45   45    1    1    1    1    1    1    1    1  2.54662E+15 0.00073 
   46   46    1    1    1    1    1    1    1    1  1.32552E+15 0.00081 
   47   47    1    1    1    1    1    1    1    1  1.88674E+15 0.00079 
   48   48    1    1    1    1    1    1    1    1  2.63428E+15 0.00082 
   49   49    1    1    1    1    1    1    1    1  2.36329E+15 0.00076 
   50   50    1    1    1    1    1    1    1    1  3.70166E+15 0.00070 
   51   51    1    1    1    1    1    1    1    1  2.86377E+15 0.00083 
   52   52    1    1    1    1    1    1    1    1  3.31355E+15 0.00090 
   53   53    1    1    1    1    1    1    1    1  2.35196E+15 0.00078 
   54   54    1    1    1    1    1    1    1    1  2.90915E+15 0.00078 
   55   55    1    1    1    1    1    1    1    1  2.05629E+15 0.00073 
   56   56    1    1    1    1    1    1    1    1  2.82459E+14 0.00116 
   57   57    1    1    1    1    1    1    1    1  3.98825E+15 0.00060 
   58   58    1    1    1    1    1    1    1    1  1.79391E+15 0.00063 
   59   59    1    1    1    1    1    1    1    1  1.93699E+15 0.00053 
   60   60    1    1    1    1    1    1    1    1  1.56279E+15 0.00076 
   61   61    1    1    1    1    1    1    1    1  1.55852E+15 0.00052 
   62   62    1    1    1    1    1    1    1    1  1.57280E+15 0.00082 
   63   63    1    1    1    1    1    1    1    1  1.32047E+15 0.00078 
   64   64    1    1    1    1    1    1    1    1  1.04295E+15 0.00086 
   65   65    1    1    1    1    1    1    1    1  1.02151E+15 0.00096 
   66   66    1    1    1    1    1    1    1    1  8.12905E+14 0.00091 
   67   67    1    1    1    1    1    1    1    1  6.65103E+14 0.00107 
   68   68    1    1    1    1    1    1    1    1  5.85301E+14 0.00091 
   69   69    1    1    1    1    1    1    1    1  7.11413E+14 0.00104 
   70   70    1    1    1    1    1    1    1    1  6.09227E+14 0.00124 
   71   71    1    1    1    1    1    1    1    1  1.11896E+15 0.00079 
   72   72    1    1    1    1    1    1    1    1  8.08093E+14 0.00091 
   73   73    1    1    1    1    1    1    1    1  6.24920E+14 0.00114 
   74   74    1    1    1    1    1    1    1    1  5.10576E+14 0.00146 
   75   75    1    1    1    1    1    1    1    1  4.24614E+14 0.00122 
   76   76    1    1    1    1    1    1    1    1  4.93129E+14 0.00142 
   77   77    1    1    1    1    1    1    1    1  3.91474E+14 0.00125 
   78   78    1    1    1    1    1    1    1    1  3.06193E+14 0.00117 
   79   79    1    1    1    1    1    1    1    1  3.17875E+14 0.00118 
   80   80    1    1    1    1    1    1    1    1  2.38621E+14 0.00127 
   81   81    1    1    1    1    1    1    1    1  1.84707E+14 0.00176 
   82   82    1    1    1    1    1    1    1    1  1.42551E+14 0.00159 
   83   83    1    1    1    1    1    1    1    1  1.33391E+14 0.00193 
   84   84    1    1    1    1    1    1    1    1  9.58283E+13 0.00269 
   85   85    1    1    1    1    1    1    1    1  6.91585E+13 0.00310 
   86   86    1    1    1    1    1    1    1    1  6.48168E+13 0.00302 
   87   87    1    1    1    1    1    1    1    1  3.98798E+13 0.00350 
   88   88    1    1    1    1    1    1    1    1  2.68423E+13 0.00526 
   89   89    1    1    1    1    1    1    1    1  1.52921E+13 0.00766 
   90   90    1    1    1    1    1    1    1    1  1.02009E+13 0.00729 
   91   91    1    1    1    1    1    1    1    1  5.05369E+12 0.00733 
   92   92    1    1    1    1    1    1    1    1  2.47470E+12 0.02012 
   93   93    1    1    1    1    1    1    1    1  1.14813E+12 0.02265 
   94   94    1    1    1    1    1    1    1    1  5.79063E+11 0.02753 
   95   95    1    1    1    1    1    1    1    1  2.77920E+11 0.04333 
   96   96    1    1    1    1    1    1    1    1  1.25960E+11 0.05761 
   97   97    1    1    1    1    1    1    1    1  6.33446E+10 0.10348 
   98   98    1    1    1    1    1    1    1    1  3.00850E+10 0.16546 
   99   99    1    1    1    1    1    1    1    1  1.43755E+10 0.19229 
  100  100    1    1    1    1    1    1    1    1  1.42246E+10 0.16567 
];


