
DETdpaspec = [
    1    1    1    1    1    1    1    1    1    1  0.00000E+00 0.00000 
    2    2    1    1    1    1    1    1    1    1  0.00000E+00 0.00000 
    3    3    1    1    1    1    1    1    1    1  0.00000E+00 0.00000 
    4    4    1    1    1    1    1    1    1    1  0.00000E+00 0.00000 
    5    5    1    1    1    1    1    1    1    1  0.00000E+00 0.00000 
    6    6    1    1    1    1    1    1    1    1  0.00000E+00 0.00000 
    7    7    1    1    1    1    1    1    1    1  1.55574E+07 1.00000 
    8    8    1    1    1    1    1    1    1    1  1.07724E+07 1.00000 
    9    9    1    1    1    1    1    1    1    1  2.48063E+07 0.71279 
   10   10    1    1    1    1    1    1    1    1  1.97455E+08 0.73256 
   11   11    1    1    1    1    1    1    1    1  1.66193E+08 0.60304 
   12   12    1    1    1    1    1    1    1    1  6.11448E+07 0.50861 
   13   13    1    1    1    1    1    1    1    1  1.23558E+09 0.38490 
   14   14    1    1    1    1    1    1    1    1  4.16314E+09 0.34718 
   15   15    1    1    1    1    1    1    1    1  3.07789E+09 0.29493 
   16   16    1    1    1    1    1    1    1    1  2.38433E+09 0.24226 
   17   17    1    1    1    1    1    1    1    1  4.95540E+09 0.20568 
   18   18    1    1    1    1    1    1    1    1  1.11370E+10 0.22451 
   19   19    1    1    1    1    1    1    1    1  1.32113E+10 0.12585 
   20   20    1    1    1    1    1    1    1    1  4.15264E+10 0.12376 
   21   21    1    1    1    1    1    1    1    1  2.88810E+10 0.09537 
   22   22    1    1    1    1    1    1    1    1  7.49954E+10 0.06049 
   23   23    1    1    1    1    1    1    1    1  1.28362E+11 0.04497 
   24   24    1    1    1    1    1    1    1    1  2.41872E+11 0.04210 
   25   25    1    1    1    1    1    1    1    1  3.67259E+11 0.04456 
   26   26    1    1    1    1    1    1    1    1  7.74476E+11 0.03162 
   27   27    1    1    1    1    1    1    1    1  1.64176E+12 0.01989 
   28   28    1    1    1    1    1    1    1    1  3.81042E+12 0.01061 
   29   29    1    1    1    1    1    1    1    1  5.60125E+12 0.01077 
   30   30    1    1    1    1    1    1    1    1  1.37398E+13 0.00843 
   31   31    1    1    1    1    1    1    1    1  3.32110E+13 0.00563 
   32   32    1    1    1    1    1    1    1    1  5.01672E+13 0.00363 
   33   33    1    1    1    1    1    1    1    1  9.98828E+13 0.00240 
   34   34    1    1    1    1    1    1    1    1  1.17708E+14 0.00219 
   35   35    1    1    1    1    1    1    1    1  1.62327E+14 0.00229 
   36   36    1    1    1    1    1    1    1    1  1.26320E+14 0.00152 
   37   37    1    1    1    1    1    1    1    1  3.92747E+13 0.00140 
   38   38    1    1    1    1    1    1    1    1  1.93002E+14 0.00101 
   39   39    1    1    1    1    1    1    1    1  2.38307E+14 0.00144 
   40   40    1    1    1    1    1    1    1    1  3.98850E+14 0.00110 
   41   41    1    1    1    1    1    1    1    1  3.82270E+14 0.00120 
   42   42    1    1    1    1    1    1    1    1  7.02649E+14 0.00120 
   43   43    1    1    1    1    1    1    1    1  7.71807E+14 0.00077 
   44   44    1    1    1    1    1    1    1    1  1.00719E+15 0.00111 
   45   45    1    1    1    1    1    1    1    1  1.80418E+15 0.00079 
   46   46    1    1    1    1    1    1    1    1  9.46231E+14 0.00103 
   47   47    1    1    1    1    1    1    1    1  1.36727E+15 0.00101 
   48   48    1    1    1    1    1    1    1    1  1.91004E+15 0.00072 
   49   49    1    1    1    1    1    1    1    1  1.73791E+15 0.00087 
   50   50    1    1    1    1    1    1    1    1  2.68517E+15 0.00078 
   51   51    1    1    1    1    1    1    1    1  2.11669E+15 0.00084 
   52   52    1    1    1    1    1    1    1    1  2.41219E+15 0.00108 
   53   53    1    1    1    1    1    1    1    1  1.72111E+15 0.00125 
   54   54    1    1    1    1    1    1    1    1  2.09475E+15 0.00119 
   55   55    1    1    1    1    1    1    1    1  1.48523E+15 0.00098 
   56   56    1    1    1    1    1    1    1    1  2.04826E+14 0.00104 
   57   57    1    1    1    1    1    1    1    1  2.88850E+15 0.00073 
   58   58    1    1    1    1    1    1    1    1  1.27030E+15 0.00095 
   59   59    1    1    1    1    1    1    1    1  1.38397E+15 0.00101 
   60   60    1    1    1    1    1    1    1    1  1.09745E+15 0.00114 
   61   61    1    1    1    1    1    1    1    1  1.09695E+15 0.00096 
   62   62    1    1    1    1    1    1    1    1  1.10563E+15 0.00117 
   63   63    1    1    1    1    1    1    1    1  9.24453E+14 0.00133 
   64   64    1    1    1    1    1    1    1    1  7.29051E+14 0.00092 
   65   65    1    1    1    1    1    1    1    1  7.15970E+14 0.00123 
   66   66    1    1    1    1    1    1    1    1  5.67723E+14 0.00079 
   67   67    1    1    1    1    1    1    1    1  4.66085E+14 0.00115 
   68   68    1    1    1    1    1    1    1    1  4.11822E+14 0.00135 
   69   69    1    1    1    1    1    1    1    1  5.00764E+14 0.00118 
   70   70    1    1    1    1    1    1    1    1  4.30098E+14 0.00161 
   71   71    1    1    1    1    1    1    1    1  8.01922E+14 0.00092 
   72   72    1    1    1    1    1    1    1    1  5.83321E+14 0.00144 
   73   73    1    1    1    1    1    1    1    1  4.50321E+14 0.00145 
   74   74    1    1    1    1    1    1    1    1  3.63753E+14 0.00156 
   75   75    1    1    1    1    1    1    1    1  2.97804E+14 0.00179 
   76   76    1    1    1    1    1    1    1    1  3.40310E+14 0.00136 
   77   77    1    1    1    1    1    1    1    1  2.66067E+14 0.00184 
   78   78    1    1    1    1    1    1    1    1  2.05123E+14 0.00164 
   79   79    1    1    1    1    1    1    1    1  2.12999E+14 0.00220 
   80   80    1    1    1    1    1    1    1    1  1.58237E+14 0.00179 
   81   81    1    1    1    1    1    1    1    1  1.22564E+14 0.00175 
   82   82    1    1    1    1    1    1    1    1  9.43144E+13 0.00267 
   83   83    1    1    1    1    1    1    1    1  8.79970E+13 0.00280 
   84   84    1    1    1    1    1    1    1    1  6.33506E+13 0.00317 
   85   85    1    1    1    1    1    1    1    1  4.55141E+13 0.00478 
   86   86    1    1    1    1    1    1    1    1  4.28280E+13 0.00387 
   87   87    1    1    1    1    1    1    1    1  2.64675E+13 0.00665 
   88   88    1    1    1    1    1    1    1    1  1.78299E+13 0.00590 
   89   89    1    1    1    1    1    1    1    1  1.01848E+13 0.00909 
   90   90    1    1    1    1    1    1    1    1  6.78887E+12 0.01084 
   91   91    1    1    1    1    1    1    1    1  3.42745E+12 0.01026 
   92   92    1    1    1    1    1    1    1    1  1.70591E+12 0.01392 
   93   93    1    1    1    1    1    1    1    1  7.95006E+11 0.03505 
   94   94    1    1    1    1    1    1    1    1  3.89406E+11 0.03360 
   95   95    1    1    1    1    1    1    1    1  1.76119E+11 0.05009 
   96   96    1    1    1    1    1    1    1    1  8.04453E+10 0.07543 
   97   97    1    1    1    1    1    1    1    1  3.72668E+10 0.13467 
   98   98    1    1    1    1    1    1    1    1  1.67610E+10 0.14862 
   99   99    1    1    1    1    1    1    1    1  8.81706E+09 0.24509 
  100  100    1    1    1    1    1    1    1    1  8.11761E+09 0.23509 
];


