
DETdpaspec = [
    1    1    1    1    1    1    1    1    1    1  0.00000E+00 0.00000 
    2    2    1    1    1    1    1    1    1    1  0.00000E+00 0.00000 
    3    3    1    1    1    1    1    1    1    1  0.00000E+00 0.00000 
    4    4    1    1    1    1    1    1    1    1  0.00000E+00 0.00000 
    5    5    1    1    1    1    1    1    1    1  0.00000E+00 0.00000 
    6    6    1    1    1    1    1    1    1    1  0.00000E+00 0.00000 
    7    7    1    1    1    1    1    1    1    1  0.00000E+00 0.00000 
    8    8    1    1    1    1    1    1    1    1  1.22163E+07 1.00000 
    9    9    1    1    1    1    1    1    1    1  7.43872E+06 1.00000 
   10   10    1    1    1    1    1    1    1    1  5.64464E+07 0.69701 
   11   11    1    1    1    1    1    1    1    1  5.25622E+07 1.00000 
   12   12    1    1    1    1    1    1    1    1  1.08656E+08 0.71095 
   13   13    1    1    1    1    1    1    1    1  2.34434E+09 0.38583 
   14   14    1    1    1    1    1    1    1    1  4.95595E+09 0.33319 
   15   15    1    1    1    1    1    1    1    1  6.83202E+09 0.29916 
   16   16    1    1    1    1    1    1    1    1  1.60117E+09 0.34060 
   17   17    1    1    1    1    1    1    1    1  2.88876E+09 0.30605 
   18   18    1    1    1    1    1    1    1    1  6.15363E+09 0.23079 
   19   19    1    1    1    1    1    1    1    1  9.02221E+09 0.12784 
   20   20    1    1    1    1    1    1    1    1  3.16744E+10 0.13963 
   21   21    1    1    1    1    1    1    1    1  2.54903E+10 0.08319 
   22   22    1    1    1    1    1    1    1    1  7.57544E+10 0.07210 
   23   23    1    1    1    1    1    1    1    1  1.88942E+11 0.04782 
   24   24    1    1    1    1    1    1    1    1  4.88186E+11 0.03585 
   25   25    1    1    1    1    1    1    1    1  8.85895E+11 0.02012 
   26   26    1    1    1    1    1    1    1    1  1.88871E+12 0.01263 
   27   27    1    1    1    1    1    1    1    1  3.83756E+12 0.01155 
   28   28    1    1    1    1    1    1    1    1  8.69245E+12 0.00894 
   29   29    1    1    1    1    1    1    1    1  1.32117E+13 0.00666 
   30   30    1    1    1    1    1    1    1    1  2.71831E+13 0.00280 
   31   31    1    1    1    1    1    1    1    1  5.93444E+13 0.00295 
   32   32    1    1    1    1    1    1    1    1  8.42797E+13 0.00271 
   33   33    1    1    1    1    1    1    1    1  1.60752E+14 0.00281 
   34   34    1    1    1    1    1    1    1    1  1.93289E+14 0.00212 
   35   35    1    1    1    1    1    1    1    1  2.39136E+14 0.00153 
   36   36    1    1    1    1    1    1    1    1  1.77414E+14 0.00102 
   37   37    1    1    1    1    1    1    1    1  5.35067E+13 0.00121 
   38   38    1    1    1    1    1    1    1    1  2.67798E+14 0.00117 
   39   39    1    1    1    1    1    1    1    1  3.28230E+14 0.00114 
   40   40    1    1    1    1    1    1    1    1  5.53364E+14 0.00105 
   41   41    1    1    1    1    1    1    1    1  5.14412E+14 0.00085 
   42   42    1    1    1    1    1    1    1    1  9.53408E+14 0.00103 
   43   43    1    1    1    1    1    1    1    1  1.04472E+15 0.00102 
   44   44    1    1    1    1    1    1    1    1  1.35955E+15 0.00084 
   45   45    1    1    1    1    1    1    1    1  2.44383E+15 0.00060 
   46   46    1    1    1    1    1    1    1    1  1.27536E+15 0.00057 
   47   47    1    1    1    1    1    1    1    1  1.81891E+15 0.00057 
   48   48    1    1    1    1    1    1    1    1  2.54586E+15 0.00065 
   49   49    1    1    1    1    1    1    1    1  2.28927E+15 0.00065 
   50   50    1    1    1    1    1    1    1    1  3.58731E+15 0.00058 
   51   51    1    1    1    1    1    1    1    1  2.78528E+15 0.00064 
   52   52    1    1    1    1    1    1    1    1  3.22287E+15 0.00052 
   53   53    1    1    1    1    1    1    1    1  2.29119E+15 0.00066 
   54   54    1    1    1    1    1    1    1    1  2.83051E+15 0.00061 
   55   55    1    1    1    1    1    1    1    1  2.00349E+15 0.00060 
   56   56    1    1    1    1    1    1    1    1  2.75115E+14 0.00122 
   57   57    1    1    1    1    1    1    1    1  3.89161E+15 0.00054 
   58   58    1    1    1    1    1    1    1    1  1.74716E+15 0.00073 
   59   59    1    1    1    1    1    1    1    1  1.88871E+15 0.00074 
   60   60    1    1    1    1    1    1    1    1  1.52260E+15 0.00069 
   61   61    1    1    1    1    1    1    1    1  1.51955E+15 0.00070 
   62   62    1    1    1    1    1    1    1    1  1.53583E+15 0.00089 
   63   63    1    1    1    1    1    1    1    1  1.28791E+15 0.00075 
   64   64    1    1    1    1    1    1    1    1  1.01652E+15 0.00075 
   65   65    1    1    1    1    1    1    1    1  9.97318E+14 0.00098 
   66   66    1    1    1    1    1    1    1    1  7.93719E+14 0.00072 
   67   67    1    1    1    1    1    1    1    1  6.49579E+14 0.00078 
   68   68    1    1    1    1    1    1    1    1  5.73294E+14 0.00088 
   69   69    1    1    1    1    1    1    1    1  6.96611E+14 0.00125 
   70   70    1    1    1    1    1    1    1    1  5.96155E+14 0.00099 
   71   71    1    1    1    1    1    1    1    1  1.09617E+15 0.00084 
   72   72    1    1    1    1    1    1    1    1  7.95951E+14 0.00096 
   73   73    1    1    1    1    1    1    1    1  6.13927E+14 0.00114 
   74   74    1    1    1    1    1    1    1    1  5.01961E+14 0.00130 
   75   75    1    1    1    1    1    1    1    1  4.16654E+14 0.00123 
   76   76    1    1    1    1    1    1    1    1  4.83015E+14 0.00131 
   77   77    1    1    1    1    1    1    1    1  3.82698E+14 0.00139 
   78   78    1    1    1    1    1    1    1    1  2.99033E+14 0.00145 
   79   79    1    1    1    1    1    1    1    1  3.11143E+14 0.00151 
   80   80    1    1    1    1    1    1    1    1  2.33079E+14 0.00187 
   81   81    1    1    1    1    1    1    1    1  1.80046E+14 0.00187 
   82   82    1    1    1    1    1    1    1    1  1.38768E+14 0.00184 
   83   83    1    1    1    1    1    1    1    1  1.30277E+14 0.00216 
   84   84    1    1    1    1    1    1    1    1  9.35909E+13 0.00246 
   85   85    1    1    1    1    1    1    1    1  6.77990E+13 0.00300 
   86   86    1    1    1    1    1    1    1    1  6.33541E+13 0.00324 
   87   87    1    1    1    1    1    1    1    1  3.87609E+13 0.00424 
   88   88    1    1    1    1    1    1    1    1  2.58950E+13 0.00467 
   89   89    1    1    1    1    1    1    1    1  1.49553E+13 0.00735 
   90   90    1    1    1    1    1    1    1    1  9.89278E+12 0.00711 
   91   91    1    1    1    1    1    1    1    1  4.97060E+12 0.01191 
   92   92    1    1    1    1    1    1    1    1  2.43153E+12 0.01729 
   93   93    1    1    1    1    1    1    1    1  1.14632E+12 0.02337 
   94   94    1    1    1    1    1    1    1    1  5.59787E+11 0.02795 
   95   95    1    1    1    1    1    1    1    1  2.67579E+11 0.04384 
   96   96    1    1    1    1    1    1    1    1  1.24650E+11 0.06051 
   97   97    1    1    1    1    1    1    1    1  5.36886E+10 0.08481 
   98   98    1    1    1    1    1    1    1    1  3.14467E+10 0.15728 
   99   99    1    1    1    1    1    1    1    1  1.01819E+10 0.24920 
  100  100    1    1    1    1    1    1    1    1  1.43134E+10 0.30722 
];


