
DETdpaspec = [
    1    1    1    1    1    1    1    1    1    1  0.00000E+00 0.00000 
    2    2    1    1    1    1    1    1    1    1  0.00000E+00 0.00000 
    3    3    1    1    1    1    1    1    1    1  0.00000E+00 0.00000 
    4    4    1    1    1    1    1    1    1    1  0.00000E+00 0.00000 
    5    5    1    1    1    1    1    1    1    1  7.48762E+06 1.00000 
    6    6    1    1    1    1    1    1    1    1  0.00000E+00 0.00000 
    7    7    1    1    1    1    1    1    1    1  1.53804E+07 1.00000 
    8    8    1    1    1    1    1    1    1    1  5.78155E+07 0.57879 
    9    9    1    1    1    1    1    1    1    1  5.25259E+07 0.47728 
   10   10    1    1    1    1    1    1    1    1  3.17602E+07 1.00000 
   11   11    1    1    1    1    1    1    1    1  1.83340E+08 0.56610 
   12   12    1    1    1    1    1    1    1    1  9.97994E+07 0.41720 
   13   13    1    1    1    1    1    1    1    1  3.40909E+09 0.23049 
   14   14    1    1    1    1    1    1    1    1  5.76730E+09 0.20566 
   15   15    1    1    1    1    1    1    1    1  1.06011E+10 0.21040 
   16   16    1    1    1    1    1    1    1    1  4.41274E+09 0.14704 
   17   17    1    1    1    1    1    1    1    1  7.14469E+09 0.20661 
   18   18    1    1    1    1    1    1    1    1  2.07191E+10 0.10695 
   19   19    1    1    1    1    1    1    1    1  2.47132E+10 0.07547 
   20   20    1    1    1    1    1    1    1    1  7.60946E+10 0.08860 
   21   21    1    1    1    1    1    1    1    1  5.81237E+10 0.06025 
   22   22    1    1    1    1    1    1    1    1  1.52677E+11 0.04945 
   23   23    1    1    1    1    1    1    1    1  2.05476E+11 0.04665 
   24   24    1    1    1    1    1    1    1    1  3.56041E+11 0.04122 
   25   25    1    1    1    1    1    1    1    1  4.82081E+11 0.02437 
   26   26    1    1    1    1    1    1    1    1  8.83207E+11 0.02398 
   27   27    1    1    1    1    1    1    1    1  1.69288E+12 0.01620 
   28   28    1    1    1    1    1    1    1    1  3.22494E+12 0.01055 
   29   29    1    1    1    1    1    1    1    1  4.06486E+12 0.01034 
   30   30    1    1    1    1    1    1    1    1  1.08384E+13 0.00629 
   31   31    1    1    1    1    1    1    1    1  2.46865E+13 0.00587 
   32   32    1    1    1    1    1    1    1    1  3.63754E+13 0.00372 
   33   33    1    1    1    1    1    1    1    1  6.90825E+13 0.00330 
   34   34    1    1    1    1    1    1    1    1  7.67702E+13 0.00289 
   35   35    1    1    1    1    1    1    1    1  1.12432E+14 0.00255 
   36   36    1    1    1    1    1    1    1    1  8.77325E+13 0.00234 
   37   37    1    1    1    1    1    1    1    1  2.78077E+13 0.00327 
   38   38    1    1    1    1    1    1    1    1  1.30674E+14 0.00262 
   39   39    1    1    1    1    1    1    1    1  1.59018E+14 0.00313 
   40   40    1    1    1    1    1    1    1    1  2.56710E+14 0.00273 
   41   41    1    1    1    1    1    1    1    1  2.49410E+14 0.00210 
   42   42    1    1    1    1    1    1    1    1  4.42715E+14 0.00237 
   43   43    1    1    1    1    1    1    1    1  4.79770E+14 0.00207 
   44   44    1    1    1    1    1    1    1    1  6.15683E+14 0.00230 
   45   45    1    1    1    1    1    1    1    1  1.07335E+15 0.00177 
   46   46    1    1    1    1    1    1    1    1  5.57389E+14 0.00190 
   47   47    1    1    1    1    1    1    1    1  8.07753E+14 0.00200 
   48   48    1    1    1    1    1    1    1    1  1.11305E+15 0.00192 
   49   49    1    1    1    1    1    1    1    1  1.01684E+15 0.00202 
   50   50    1    1    1    1    1    1    1    1  1.53004E+15 0.00213 
   51   51    1    1    1    1    1    1    1    1  1.21631E+15 0.00213 
   52   52    1    1    1    1    1    1    1    1  1.35445E+15 0.00226 
   53   53    1    1    1    1    1    1    1    1  9.65547E+14 0.00219 
   54   54    1    1    1    1    1    1    1    1  1.14984E+15 0.00202 
   55   55    1    1    1    1    1    1    1    1  8.15678E+14 0.00222 
   56   56    1    1    1    1    1    1    1    1  1.13160E+14 0.00263 
   57   57    1    1    1    1    1    1    1    1  1.58161E+15 0.00214 
   58   58    1    1    1    1    1    1    1    1  6.77868E+14 0.00249 
   59   59    1    1    1    1    1    1    1    1  7.40383E+14 0.00245 
   60   60    1    1    1    1    1    1    1    1  5.74593E+14 0.00226 
   61   61    1    1    1    1    1    1    1    1  5.75116E+14 0.00229 
   62   62    1    1    1    1    1    1    1    1  5.75363E+14 0.00198 
   63   63    1    1    1    1    1    1    1    1  4.76697E+14 0.00236 
   64   64    1    1    1    1    1    1    1    1  3.73868E+14 0.00280 
   65   65    1    1    1    1    1    1    1    1  3.66845E+14 0.00298 
   66   66    1    1    1    1    1    1    1    1  2.88813E+14 0.00255 
   67   67    1    1    1    1    1    1    1    1  2.38437E+14 0.00185 
   68   68    1    1    1    1    1    1    1    1  2.11745E+14 0.00256 
   69   69    1    1    1    1    1    1    1    1  2.56665E+14 0.00271 
   70   70    1    1    1    1    1    1    1    1  2.20207E+14 0.00297 
   71   71    1    1    1    1    1    1    1    1  4.18058E+14 0.00223 
   72   72    1    1    1    1    1    1    1    1  3.04982E+14 0.00242 
   73   73    1    1    1    1    1    1    1    1  2.33669E+14 0.00289 
   74   74    1    1    1    1    1    1    1    1  1.85182E+14 0.00273 
   75   75    1    1    1    1    1    1    1    1  1.49565E+14 0.00332 
   76   76    1    1    1    1    1    1    1    1  1.68178E+14 0.00253 
   77   77    1    1    1    1    1    1    1    1  1.28456E+14 0.00382 
   78   78    1    1    1    1    1    1    1    1  9.86949E+13 0.00353 
   79   79    1    1    1    1    1    1    1    1  1.00489E+14 0.00353 
   80   80    1    1    1    1    1    1    1    1  7.40661E+13 0.00374 
   81   81    1    1    1    1    1    1    1    1  5.72314E+13 0.00472 
   82   82    1    1    1    1    1    1    1    1  4.36619E+13 0.00465 
   83   83    1    1    1    1    1    1    1    1  4.07179E+13 0.00410 
   84   84    1    1    1    1    1    1    1    1  2.94225E+13 0.00528 
   85   85    1    1    1    1    1    1    1    1  2.09766E+13 0.00572 
   86   86    1    1    1    1    1    1    1    1  1.99404E+13 0.00651 
   87   87    1    1    1    1    1    1    1    1  1.22657E+13 0.00631 
   88   88    1    1    1    1    1    1    1    1  8.34159E+12 0.00707 
   89   89    1    1    1    1    1    1    1    1  4.83333E+12 0.01113 
   90   90    1    1    1    1    1    1    1    1  3.18647E+12 0.01306 
   91   91    1    1    1    1    1    1    1    1  1.58855E+12 0.02217 
   92   92    1    1    1    1    1    1    1    1  7.79612E+11 0.02467 
   93   93    1    1    1    1    1    1    1    1  3.60779E+11 0.03990 
   94   94    1    1    1    1    1    1    1    1  1.85981E+11 0.06205 
   95   95    1    1    1    1    1    1    1    1  9.94607E+10 0.05691 
   96   96    1    1    1    1    1    1    1    1  3.75060E+10 0.10713 
   97   97    1    1    1    1    1    1    1    1  2.49801E+10 0.15751 
   98   98    1    1    1    1    1    1    1    1  1.27027E+10 0.18563 
   99   99    1    1    1    1    1    1    1    1  6.00439E+09 0.48917 
  100  100    1    1    1    1    1    1    1    1  4.11024E+09 0.41612 
];


