
DETdpaspec = [
    1    1    1    1    1    1    1    1    1    1  0.00000E+00 0.00000 
    2    2    1    1    1    1    1    1    1    1  0.00000E+00 0.00000 
    3    3    1    1    1    1    1    1    1    1  7.03748E+06 1.00000 
    4    4    1    1    1    1    1    1    1    1  1.88329E+07 1.00000 
    5    5    1    1    1    1    1    1    1    1  0.00000E+00 0.00000 
    6    6    1    1    1    1    1    1    1    1  7.61817E+06 1.00000 
    7    7    1    1    1    1    1    1    1    1  0.00000E+00 0.00000 
    8    8    1    1    1    1    1    1    1    1  1.61667E+07 1.00000 
    9    9    1    1    1    1    1    1    1    1  2.13145E+07 0.72479 
   10   10    1    1    1    1    1    1    1    1  8.06103E+07 0.69107 
   11   11    1    1    1    1    1    1    1    1  4.45566E+08 0.45236 
   12   12    1    1    1    1    1    1    1    1  1.53173E+08 0.41398 
   13   13    1    1    1    1    1    1    1    1  2.72838E+09 0.29187 
   14   14    1    1    1    1    1    1    1    1  4.61426E+09 0.22399 
   15   15    1    1    1    1    1    1    1    1  3.08103E+09 0.35885 
   16   16    1    1    1    1    1    1    1    1  2.31848E+09 0.31112 
   17   17    1    1    1    1    1    1    1    1  5.26986E+09 0.18330 
   18   18    1    1    1    1    1    1    1    1  1.03774E+10 0.17743 
   19   19    1    1    1    1    1    1    1    1  1.85875E+10 0.11433 
   20   20    1    1    1    1    1    1    1    1  5.30502E+10 0.10476 
   21   21    1    1    1    1    1    1    1    1  3.45655E+10 0.06434 
   22   22    1    1    1    1    1    1    1    1  9.79366E+10 0.05139 
   23   23    1    1    1    1    1    1    1    1  1.30313E+11 0.05408 
   24   24    1    1    1    1    1    1    1    1  2.46003E+11 0.05445 
   25   25    1    1    1    1    1    1    1    1  3.57361E+11 0.03046 
   26   26    1    1    1    1    1    1    1    1  7.51770E+11 0.02837 
   27   27    1    1    1    1    1    1    1    1  1.49963E+12 0.00985 
   28   28    1    1    1    1    1    1    1    1  3.25407E+12 0.01304 
   29   29    1    1    1    1    1    1    1    1  4.49190E+12 0.00817 
   30   30    1    1    1    1    1    1    1    1  1.17040E+13 0.00664 
   31   31    1    1    1    1    1    1    1    1  2.79460E+13 0.00435 
   32   32    1    1    1    1    1    1    1    1  4.19480E+13 0.00465 
   33   33    1    1    1    1    1    1    1    1  8.25504E+13 0.00286 
   34   34    1    1    1    1    1    1    1    1  9.54735E+13 0.00248 
   35   35    1    1    1    1    1    1    1    1  1.35378E+14 0.00251 
   36   36    1    1    1    1    1    1    1    1  1.05951E+14 0.00203 
   37   37    1    1    1    1    1    1    1    1  3.32976E+13 0.00225 
   38   38    1    1    1    1    1    1    1    1  1.61294E+14 0.00179 
   39   39    1    1    1    1    1    1    1    1  1.97998E+14 0.00176 
   40   40    1    1    1    1    1    1    1    1  3.27198E+14 0.00199 
   41   41    1    1    1    1    1    1    1    1  3.16962E+14 0.00158 
   42   42    1    1    1    1    1    1    1    1  5.73465E+14 0.00144 
   43   43    1    1    1    1    1    1    1    1  6.27151E+14 0.00134 
   44   44    1    1    1    1    1    1    1    1  8.12732E+14 0.00116 
   45   45    1    1    1    1    1    1    1    1  1.44235E+15 0.00099 
   46   46    1    1    1    1    1    1    1    1  7.53561E+14 0.00098 
   47   47    1    1    1    1    1    1    1    1  1.09265E+15 0.00095 
   48   48    1    1    1    1    1    1    1    1  1.51681E+15 0.00074 
   49   49    1    1    1    1    1    1    1    1  1.38544E+15 0.00074 
   50   50    1    1    1    1    1    1    1    1  2.11429E+15 0.00090 
   51   51    1    1    1    1    1    1    1    1  1.67048E+15 0.00111 
   52   52    1    1    1    1    1    1    1    1  1.88303E+15 0.00109 
   53   53    1    1    1    1    1    1    1    1  1.34227E+15 0.00102 
   54   54    1    1    1    1    1    1    1    1  1.61723E+15 0.00101 
   55   55    1    1    1    1    1    1    1    1  1.14629E+15 0.00109 
   56   56    1    1    1    1    1    1    1    1  1.58239E+14 0.00175 
   57   57    1    1    1    1    1    1    1    1  2.22752E+15 0.00090 
   58   58    1    1    1    1    1    1    1    1  9.69131E+14 0.00130 
   59   59    1    1    1    1    1    1    1    1  1.05455E+15 0.00099 
   60   60    1    1    1    1    1    1    1    1  8.28063E+14 0.00137 
   61   61    1    1    1    1    1    1    1    1  8.27935E+14 0.00110 
   62   62    1    1    1    1    1    1    1    1  8.31358E+14 0.00136 
   63   63    1    1    1    1    1    1    1    1  6.93027E+14 0.00142 
   64   64    1    1    1    1    1    1    1    1  5.44260E+14 0.00143 
   65   65    1    1    1    1    1    1    1    1  5.34442E+14 0.00183 
   66   66    1    1    1    1    1    1    1    1  4.21838E+14 0.00164 
   67   67    1    1    1    1    1    1    1    1  3.47765E+14 0.00179 
   68   68    1    1    1    1    1    1    1    1  3.08417E+14 0.00162 
   69   69    1    1    1    1    1    1    1    1  3.73842E+14 0.00171 
   70   70    1    1    1    1    1    1    1    1  3.21792E+14 0.00207 
   71   71    1    1    1    1    1    1    1    1  6.03144E+14 0.00166 
   72   72    1    1    1    1    1    1    1    1  4.40281E+14 0.00199 
   73   73    1    1    1    1    1    1    1    1  3.38345E+14 0.00182 
   74   74    1    1    1    1    1    1    1    1  2.70960E+14 0.00160 
   75   75    1    1    1    1    1    1    1    1  2.20249E+14 0.00226 
   76   76    1    1    1    1    1    1    1    1  2.49766E+14 0.00224 
   77   77    1    1    1    1    1    1    1    1  1.93449E+14 0.00196 
   78   78    1    1    1    1    1    1    1    1  1.48825E+14 0.00270 
   79   79    1    1    1    1    1    1    1    1  1.52700E+14 0.00307 
   80   80    1    1    1    1    1    1    1    1  1.14013E+14 0.00313 
   81   81    1    1    1    1    1    1    1    1  8.78297E+13 0.00306 
   82   82    1    1    1    1    1    1    1    1  6.71255E+13 0.00386 
   83   83    1    1    1    1    1    1    1    1  6.26483E+13 0.00265 
   84   84    1    1    1    1    1    1    1    1  4.52607E+13 0.00259 
   85   85    1    1    1    1    1    1    1    1  3.26537E+13 0.00471 
   86   86    1    1    1    1    1    1    1    1  3.03541E+13 0.00431 
   87   87    1    1    1    1    1    1    1    1  1.88622E+13 0.00432 
   88   88    1    1    1    1    1    1    1    1  1.28098E+13 0.00755 
   89   89    1    1    1    1    1    1    1    1  7.41040E+12 0.01220 
   90   90    1    1    1    1    1    1    1    1  4.87970E+12 0.00798 
   91   91    1    1    1    1    1    1    1    1  2.43542E+12 0.01441 
   92   92    1    1    1    1    1    1    1    1  1.21307E+12 0.02114 
   93   93    1    1    1    1    1    1    1    1  6.07728E+11 0.03202 
   94   94    1    1    1    1    1    1    1    1  2.95269E+11 0.04087 
   95   95    1    1    1    1    1    1    1    1  1.54711E+11 0.06181 
   96   96    1    1    1    1    1    1    1    1  7.09177E+10 0.09005 
   97   97    1    1    1    1    1    1    1    1  3.18367E+10 0.15480 
   98   98    1    1    1    1    1    1    1    1  1.17339E+10 0.19733 
   99   99    1    1    1    1    1    1    1    1  8.29174E+09 0.27191 
  100  100    1    1    1    1    1    1    1    1  5.84602E+09 0.29088 
];


