
DETdpaspec = [
    1    1    1    1    1    1    1    1    1    1  0.00000E+00 0.00000 
    2    2    1    1    1    1    1    1    1    1  0.00000E+00 0.00000 
    3    3    1    1    1    1    1    1    1    1  0.00000E+00 0.00000 
    4    4    1    1    1    1    1    1    1    1  0.00000E+00 0.00000 
    5    5    1    1    1    1    1    1    1    1  0.00000E+00 0.00000 
    6    6    1    1    1    1    1    1    1    1  0.00000E+00 0.00000 
    7    7    1    1    1    1    1    1    1    1  0.00000E+00 0.00000 
    8    8    1    1    1    1    1    1    1    1  0.00000E+00 0.00000 
    9    9    1    1    1    1    1    1    1    1  6.57238E+06 1.00000 
   10   10    1    1    1    1    1    1    1    1  0.00000E+00 0.00000 
   11   11    1    1    1    1    1    1    1    1  0.00000E+00 0.00000 
   12   12    1    1    1    1    1    1    1    1  8.02443E+07 0.69432 
   13   13    1    1    1    1    1    1    1    1  2.65850E+09 0.44097 
   14   14    1    1    1    1    1    1    1    1  4.96035E+09 0.32580 
   15   15    1    1    1    1    1    1    1    1  5.15387E+09 0.28518 
   16   16    1    1    1    1    1    1    1    1  2.02098E+09 0.37025 
   17   17    1    1    1    1    1    1    1    1  2.00940E+09 0.30545 
   18   18    1    1    1    1    1    1    1    1  6.08251E+09 0.24027 
   19   19    1    1    1    1    1    1    1    1  1.11494E+10 0.15971 
   20   20    1    1    1    1    1    1    1    1  2.73245E+10 0.17606 
   21   21    1    1    1    1    1    1    1    1  3.02430E+10 0.14478 
   22   22    1    1    1    1    1    1    1    1  7.89815E+10 0.04038 
   23   23    1    1    1    1    1    1    1    1  2.49156E+11 0.05423 
   24   24    1    1    1    1    1    1    1    1  6.47765E+11 0.02408 
   25   25    1    1    1    1    1    1    1    1  1.16817E+12 0.01956 
   26   26    1    1    1    1    1    1    1    1  2.50074E+12 0.01483 
   27   27    1    1    1    1    1    1    1    1  4.94090E+12 0.00848 
   28   28    1    1    1    1    1    1    1    1  1.06836E+13 0.00598 
   29   29    1    1    1    1    1    1    1    1  1.63435E+13 0.00470 
   30   30    1    1    1    1    1    1    1    1  3.16492E+13 0.00386 
   31   31    1    1    1    1    1    1    1    1  6.79703E+13 0.00430 
   32   32    1    1    1    1    1    1    1    1  9.47708E+13 0.00330 
   33   33    1    1    1    1    1    1    1    1  1.77512E+14 0.00238 
   34   34    1    1    1    1    1    1    1    1  2.12260E+14 0.00163 
   35   35    1    1    1    1    1    1    1    1  2.56586E+14 0.00190 
   36   36    1    1    1    1    1    1    1    1  1.88619E+14 0.00138 
   37   37    1    1    1    1    1    1    1    1  5.65173E+13 0.00170 
   38   38    1    1    1    1    1    1    1    1  2.83222E+14 0.00129 
   39   39    1    1    1    1    1    1    1    1  3.46286E+14 0.00129 
   40   40    1    1    1    1    1    1    1    1  5.82777E+14 0.00087 
   41   41    1    1    1    1    1    1    1    1  5.38534E+14 0.00070 
   42   42    1    1    1    1    1    1    1    1  9.98772E+14 0.00063 
   43   43    1    1    1    1    1    1    1    1  1.09050E+15 0.00072 
   44   44    1    1    1    1    1    1    1    1  1.41514E+15 0.00059 
   45   45    1    1    1    1    1    1    1    1  2.53672E+15 0.00075 
   46   46    1    1    1    1    1    1    1    1  1.31998E+15 0.00069 
   47   47    1    1    1    1    1    1    1    1  1.87853E+15 0.00058 
   48   48    1    1    1    1    1    1    1    1  2.62594E+15 0.00044 
   49   49    1    1    1    1    1    1    1    1  2.35655E+15 0.00064 
   50   50    1    1    1    1    1    1    1    1  3.69180E+15 0.00045 
   51   51    1    1    1    1    1    1    1    1  2.85811E+15 0.00064 
   52   52    1    1    1    1    1    1    1    1  3.30578E+15 0.00055 
   53   53    1    1    1    1    1    1    1    1  2.34540E+15 0.00060 
   54   54    1    1    1    1    1    1    1    1  2.90063E+15 0.00083 
   55   55    1    1    1    1    1    1    1    1  2.05235E+15 0.00072 
   56   56    1    1    1    1    1    1    1    1  2.82186E+14 0.00109 
   57   57    1    1    1    1    1    1    1    1  3.98494E+15 0.00061 
   58   58    1    1    1    1    1    1    1    1  1.79293E+15 0.00074 
   59   59    1    1    1    1    1    1    1    1  1.93287E+15 0.00065 
   60   60    1    1    1    1    1    1    1    1  1.56038E+15 0.00065 
   61   61    1    1    1    1    1    1    1    1  1.55571E+15 0.00082 
   62   62    1    1    1    1    1    1    1    1  1.56931E+15 0.00074 
   63   63    1    1    1    1    1    1    1    1  1.31781E+15 0.00071 
   64   64    1    1    1    1    1    1    1    1  1.04131E+15 0.00076 
   65   65    1    1    1    1    1    1    1    1  1.02084E+15 0.00085 
   66   66    1    1    1    1    1    1    1    1  8.10902E+14 0.00081 
   67   67    1    1    1    1    1    1    1    1  6.63858E+14 0.00097 
   68   68    1    1    1    1    1    1    1    1  5.84252E+14 0.00089 
   69   69    1    1    1    1    1    1    1    1  7.10944E+14 0.00098 
   70   70    1    1    1    1    1    1    1    1  6.08531E+14 0.00128 
   71   71    1    1    1    1    1    1    1    1  1.11638E+15 0.00088 
   72   72    1    1    1    1    1    1    1    1  8.07401E+14 0.00090 
   73   73    1    1    1    1    1    1    1    1  6.24205E+14 0.00111 
   74   74    1    1    1    1    1    1    1    1  5.09836E+14 0.00130 
   75   75    1    1    1    1    1    1    1    1  4.24532E+14 0.00114 
   76   76    1    1    1    1    1    1    1    1  4.93774E+14 0.00111 
   77   77    1    1    1    1    1    1    1    1  3.90715E+14 0.00123 
   78   78    1    1    1    1    1    1    1    1  3.05870E+14 0.00138 
   79   79    1    1    1    1    1    1    1    1  3.18142E+14 0.00117 
   80   80    1    1    1    1    1    1    1    1  2.37885E+14 0.00125 
   81   81    1    1    1    1    1    1    1    1  1.84334E+14 0.00153 
   82   82    1    1    1    1    1    1    1    1  1.42344E+14 0.00240 
   83   83    1    1    1    1    1    1    1    1  1.33494E+14 0.00224 
   84   84    1    1    1    1    1    1    1    1  9.58782E+13 0.00151 
   85   85    1    1    1    1    1    1    1    1  6.89906E+13 0.00284 
   86   86    1    1    1    1    1    1    1    1  6.47016E+13 0.00283 
   87   87    1    1    1    1    1    1    1    1  3.97110E+13 0.00307 
   88   88    1    1    1    1    1    1    1    1  2.67200E+13 0.00587 
   89   89    1    1    1    1    1    1    1    1  1.53180E+13 0.00854 
   90   90    1    1    1    1    1    1    1    1  1.00671E+13 0.00823 
   91   91    1    1    1    1    1    1    1    1  5.12786E+12 0.01250 
   92   92    1    1    1    1    1    1    1    1  2.42793E+12 0.01501 
   93   93    1    1    1    1    1    1    1    1  1.19803E+12 0.01971 
   94   94    1    1    1    1    1    1    1    1  5.90886E+11 0.03118 
   95   95    1    1    1    1    1    1    1    1  2.69399E+11 0.04358 
   96   96    1    1    1    1    1    1    1    1  1.39451E+11 0.06467 
   97   97    1    1    1    1    1    1    1    1  7.62203E+10 0.11724 
   98   98    1    1    1    1    1    1    1    1  2.83145E+10 0.14878 
   99   99    1    1    1    1    1    1    1    1  1.10343E+10 0.25997 
  100  100    1    1    1    1    1    1    1    1  1.46382E+10 0.18763 
];


