
DETdpaspec = [
    1    1    1    1    1    1    1    1    1    1  0.00000E+00 0.00000 
    2    2    1    1    1    1    1    1    1    1  0.00000E+00 0.00000 
    3    3    1    1    1    1    1    1    1    1  0.00000E+00 0.00000 
    4    4    1    1    1    1    1    1    1    1  0.00000E+00 0.00000 
    5    5    1    1    1    1    1    1    1    1  0.00000E+00 0.00000 
    6    6    1    1    1    1    1    1    1    1  9.16651E+06 1.00000 
    7    7    1    1    1    1    1    1    1    1  0.00000E+00 0.00000 
    8    8    1    1    1    1    1    1    1    1  4.69377E+07 0.55048 
    9    9    1    1    1    1    1    1    1    1  2.83513E+07 0.55707 
   10   10    1    1    1    1    1    1    1    1  2.99603E+08 0.55830 
   11   11    1    1    1    1    1    1    1    1  4.56077E+08 0.40735 
   12   12    1    1    1    1    1    1    1    1  4.71394E+07 0.56327 
   13   13    1    1    1    1    1    1    1    1  8.61645E+08 0.44336 
   14   14    1    1    1    1    1    1    1    1  3.73300E+09 0.25032 
   15   15    1    1    1    1    1    1    1    1  6.93188E+09 0.43745 
   16   16    1    1    1    1    1    1    1    1  4.66970E+09 0.33434 
   17   17    1    1    1    1    1    1    1    1  4.87958E+09 0.18485 
   18   18    1    1    1    1    1    1    1    1  1.38454E+10 0.11324 
   19   19    1    1    1    1    1    1    1    1  2.16697E+10 0.15121 
   20   20    1    1    1    1    1    1    1    1  4.51027E+10 0.08919 
   21   21    1    1    1    1    1    1    1    1  3.77057E+10 0.07691 
   22   22    1    1    1    1    1    1    1    1  1.01452E+11 0.06580 
   23   23    1    1    1    1    1    1    1    1  1.56871E+11 0.03749 
   24   24    1    1    1    1    1    1    1    1  2.44711E+11 0.03759 
   25   25    1    1    1    1    1    1    1    1  3.75031E+11 0.04332 
   26   26    1    1    1    1    1    1    1    1  7.15974E+11 0.01935 
   27   27    1    1    1    1    1    1    1    1  1.49663E+12 0.01555 
   28   28    1    1    1    1    1    1    1    1  3.23357E+12 0.01119 
   29   29    1    1    1    1    1    1    1    1  4.47539E+12 0.00945 
   30   30    1    1    1    1    1    1    1    1  1.16458E+13 0.00594 
   31   31    1    1    1    1    1    1    1    1  2.80802E+13 0.00439 
   32   32    1    1    1    1    1    1    1    1  4.20617E+13 0.00413 
   33   33    1    1    1    1    1    1    1    1  8.31854E+13 0.00284 
   34   34    1    1    1    1    1    1    1    1  9.62708E+13 0.00192 
   35   35    1    1    1    1    1    1    1    1  1.36636E+14 0.00169 
   36   36    1    1    1    1    1    1    1    1  1.06880E+14 0.00163 
   37   37    1    1    1    1    1    1    1    1  3.36077E+13 0.00185 
   38   38    1    1    1    1    1    1    1    1  1.62671E+14 0.00159 
   39   39    1    1    1    1    1    1    1    1  2.00348E+14 0.00143 
   40   40    1    1    1    1    1    1    1    1  3.31183E+14 0.00120 
   41   41    1    1    1    1    1    1    1    1  3.20709E+14 0.00127 
   42   42    1    1    1    1    1    1    1    1  5.81197E+14 0.00133 
   43   43    1    1    1    1    1    1    1    1  6.37217E+14 0.00123 
   44   44    1    1    1    1    1    1    1    1  8.25870E+14 0.00110 
   45   45    1    1    1    1    1    1    1    1  1.46850E+15 0.00111 
   46   46    1    1    1    1    1    1    1    1  7.67801E+14 0.00106 
   47   47    1    1    1    1    1    1    1    1  1.11108E+15 0.00109 
   48   48    1    1    1    1    1    1    1    1  1.54481E+15 0.00120 
   49   49    1    1    1    1    1    1    1    1  1.40982E+15 0.00110 
   50   50    1    1    1    1    1    1    1    1  2.15555E+15 0.00092 
   51   51    1    1    1    1    1    1    1    1  1.70317E+15 0.00091 
   52   52    1    1    1    1    1    1    1    1  1.92490E+15 0.00100 
   53   53    1    1    1    1    1    1    1    1  1.37120E+15 0.00111 
   54   54    1    1    1    1    1    1    1    1  1.65409E+15 0.00119 
   55   55    1    1    1    1    1    1    1    1  1.17323E+15 0.00138 
   56   56    1    1    1    1    1    1    1    1  1.62190E+14 0.00168 
   57   57    1    1    1    1    1    1    1    1  2.27771E+15 0.00094 
   58   58    1    1    1    1    1    1    1    1  9.90032E+14 0.00142 
   59   59    1    1    1    1    1    1    1    1  1.08093E+15 0.00127 
   60   60    1    1    1    1    1    1    1    1  8.48955E+14 0.00114 
   61   61    1    1    1    1    1    1    1    1  8.47807E+14 0.00130 
   62   62    1    1    1    1    1    1    1    1  8.52128E+14 0.00116 
   63   63    1    1    1    1    1    1    1    1  7.09904E+14 0.00137 
   64   64    1    1    1    1    1    1    1    1  5.57119E+14 0.00125 
   65   65    1    1    1    1    1    1    1    1  5.47705E+14 0.00125 
   66   66    1    1    1    1    1    1    1    1  4.33172E+14 0.00175 
   67   67    1    1    1    1    1    1    1    1  3.57326E+14 0.00167 
   68   68    1    1    1    1    1    1    1    1  3.16612E+14 0.00199 
   69   69    1    1    1    1    1    1    1    1  3.83260E+14 0.00153 
   70   70    1    1    1    1    1    1    1    1  3.27869E+14 0.00156 
   71   71    1    1    1    1    1    1    1    1  6.18348E+14 0.00164 
   72   72    1    1    1    1    1    1    1    1  4.49925E+14 0.00155 
   73   73    1    1    1    1    1    1    1    1  3.45646E+14 0.00173 
   74   74    1    1    1    1    1    1    1    1  2.77372E+14 0.00159 
   75   75    1    1    1    1    1    1    1    1  2.25762E+14 0.00163 
   76   76    1    1    1    1    1    1    1    1  2.56588E+14 0.00207 
   77   77    1    1    1    1    1    1    1    1  1.98966E+14 0.00179 
   78   78    1    1    1    1    1    1    1    1  1.53296E+14 0.00211 
   79   79    1    1    1    1    1    1    1    1  1.56725E+14 0.00199 
   80   80    1    1    1    1    1    1    1    1  1.16522E+14 0.00205 
   81   81    1    1    1    1    1    1    1    1  9.00893E+13 0.00328 
   82   82    1    1    1    1    1    1    1    1  6.91947E+13 0.00278 
   83   83    1    1    1    1    1    1    1    1  6.48967E+13 0.00280 
   84   84    1    1    1    1    1    1    1    1  4.64968E+13 0.00397 
   85   85    1    1    1    1    1    1    1    1  3.35178E+13 0.00432 
   86   86    1    1    1    1    1    1    1    1  3.14318E+13 0.00486 
   87   87    1    1    1    1    1    1    1    1  1.93744E+13 0.00528 
   88   88    1    1    1    1    1    1    1    1  1.31171E+13 0.00632 
   89   89    1    1    1    1    1    1    1    1  7.60882E+12 0.00918 
   90   90    1    1    1    1    1    1    1    1  5.10408E+12 0.01129 
   91   91    1    1    1    1    1    1    1    1  2.53299E+12 0.01275 
   92   92    1    1    1    1    1    1    1    1  1.25290E+12 0.01719 
   93   93    1    1    1    1    1    1    1    1  5.94649E+11 0.02525 
   94   94    1    1    1    1    1    1    1    1  2.96526E+11 0.04420 
   95   95    1    1    1    1    1    1    1    1  1.39453E+11 0.04906 
   96   96    1    1    1    1    1    1    1    1  7.65725E+10 0.07565 
   97   97    1    1    1    1    1    1    1    1  3.63210E+10 0.15579 
   98   98    1    1    1    1    1    1    1    1  1.43891E+10 0.20457 
   99   99    1    1    1    1    1    1    1    1  7.63215E+09 0.18192 
  100  100    1    1    1    1    1    1    1    1  5.25683E+09 0.23750 
];


