
DETdpaspec = [
    1    1    1    1    1    1    1    1    1    1  0.00000E+00 0.00000 
    2    2    1    1    1    1    1    1    1    1  0.00000E+00 0.00000 
    3    3    1    1    1    1    1    1    1    1  1.41113E+07 1.00000 
    4    4    1    1    1    1    1    1    1    1  0.00000E+00 0.00000 
    5    5    1    1    1    1    1    1    1    1  1.54720E+07 1.00000 
    6    6    1    1    1    1    1    1    1    1  0.00000E+00 0.00000 
    7    7    1    1    1    1    1    1    1    1  0.00000E+00 0.00000 
    8    8    1    1    1    1    1    1    1    1  2.82192E+07 0.68881 
    9    9    1    1    1    1    1    1    1    1  0.00000E+00 0.00000 
   10   10    1    1    1    1    1    1    1    1  0.00000E+00 0.00000 
   11   11    1    1    1    1    1    1    1    1  6.56303E+07 1.00000 
   12   12    1    1    1    1    1    1    1    1  2.09698E+06 1.00000 
   13   13    1    1    1    1    1    1    1    1  4.71969E+09 0.45420 
   14   14    1    1    1    1    1    1    1    1  5.42689E+09 0.24638 
   15   15    1    1    1    1    1    1    1    1  5.06438E+09 0.32926 
   16   16    1    1    1    1    1    1    1    1  2.32365E+09 0.36172 
   17   17    1    1    1    1    1    1    1    1  2.68872E+09 0.28581 
   18   18    1    1    1    1    1    1    1    1  9.35469E+09 0.18848 
   19   19    1    1    1    1    1    1    1    1  1.11102E+10 0.13080 
   20   20    1    1    1    1    1    1    1    1  3.20709E+10 0.13191 
   21   21    1    1    1    1    1    1    1    1  2.99894E+10 0.10914 
   22   22    1    1    1    1    1    1    1    1  6.66896E+10 0.10303 
   23   23    1    1    1    1    1    1    1    1  1.79636E+11 0.05134 
   24   24    1    1    1    1    1    1    1    1  4.88041E+11 0.03497 
   25   25    1    1    1    1    1    1    1    1  8.56046E+11 0.02486 
   26   26    1    1    1    1    1    1    1    1  1.85065E+12 0.02102 
   27   27    1    1    1    1    1    1    1    1  3.80952E+12 0.00879 
   28   28    1    1    1    1    1    1    1    1  8.55422E+12 0.00939 
   29   29    1    1    1    1    1    1    1    1  1.31331E+13 0.00701 
   30   30    1    1    1    1    1    1    1    1  2.64798E+13 0.00421 
   31   31    1    1    1    1    1    1    1    1  5.89162E+13 0.00345 
   32   32    1    1    1    1    1    1    1    1  8.35688E+13 0.00356 
   33   33    1    1    1    1    1    1    1    1  1.59700E+14 0.00230 
   34   34    1    1    1    1    1    1    1    1  1.91347E+14 0.00188 
   35   35    1    1    1    1    1    1    1    1  2.36871E+14 0.00175 
   36   36    1    1    1    1    1    1    1    1  1.76432E+14 0.00130 
   37   37    1    1    1    1    1    1    1    1  5.31827E+13 0.00109 
   38   38    1    1    1    1    1    1    1    1  2.65951E+14 0.00121 
   39   39    1    1    1    1    1    1    1    1  3.25715E+14 0.00124 
   40   40    1    1    1    1    1    1    1    1  5.50647E+14 0.00085 
   41   41    1    1    1    1    1    1    1    1  5.11397E+14 0.00109 
   42   42    1    1    1    1    1    1    1    1  9.48303E+14 0.00085 
   43   43    1    1    1    1    1    1    1    1  1.04049E+15 0.00079 
   44   44    1    1    1    1    1    1    1    1  1.35225E+15 0.00072 
   45   45    1    1    1    1    1    1    1    1  2.43288E+15 0.00079 
   46   46    1    1    1    1    1    1    1    1  1.26977E+15 0.00066 
   47   47    1    1    1    1    1    1    1    1  1.81412E+15 0.00078 
   48   48    1    1    1    1    1    1    1    1  2.53747E+15 0.00057 
   49   49    1    1    1    1    1    1    1    1  2.28419E+15 0.00080 
   50   50    1    1    1    1    1    1    1    1  3.58042E+15 0.00078 
   51   51    1    1    1    1    1    1    1    1  2.78069E+15 0.00068 
   52   52    1    1    1    1    1    1    1    1  3.21507E+15 0.00090 
   53   53    1    1    1    1    1    1    1    1  2.28602E+15 0.00064 
   54   54    1    1    1    1    1    1    1    1  2.82395E+15 0.00063 
   55   55    1    1    1    1    1    1    1    1  1.99771E+15 0.00076 
   56   56    1    1    1    1    1    1    1    1  2.74573E+14 0.00124 
   57   57    1    1    1    1    1    1    1    1  3.88409E+15 0.00069 
   58   58    1    1    1    1    1    1    1    1  1.74538E+15 0.00071 
   59   59    1    1    1    1    1    1    1    1  1.88543E+15 0.00060 
   60   60    1    1    1    1    1    1    1    1  1.51745E+15 0.00068 
   61   61    1    1    1    1    1    1    1    1  1.51627E+15 0.00080 
   62   62    1    1    1    1    1    1    1    1  1.53019E+15 0.00064 
   63   63    1    1    1    1    1    1    1    1  1.28540E+15 0.00081 
   64   64    1    1    1    1    1    1    1    1  1.01488E+15 0.00065 
   65   65    1    1    1    1    1    1    1    1  9.96792E+14 0.00114 
   66   66    1    1    1    1    1    1    1    1  7.92746E+14 0.00096 
   67   67    1    1    1    1    1    1    1    1  6.48429E+14 0.00105 
   68   68    1    1    1    1    1    1    1    1  5.71451E+14 0.00087 
   69   69    1    1    1    1    1    1    1    1  6.94349E+14 0.00085 
   70   70    1    1    1    1    1    1    1    1  5.95078E+14 0.00110 
   71   71    1    1    1    1    1    1    1    1  1.09511E+15 0.00135 
   72   72    1    1    1    1    1    1    1    1  7.93466E+14 0.00097 
   73   73    1    1    1    1    1    1    1    1  6.13087E+14 0.00131 
   74   74    1    1    1    1    1    1    1    1  5.01568E+14 0.00126 
   75   75    1    1    1    1    1    1    1    1  4.15547E+14 0.00132 
   76   76    1    1    1    1    1    1    1    1  4.82550E+14 0.00093 
   77   77    1    1    1    1    1    1    1    1  3.81717E+14 0.00106 
   78   78    1    1    1    1    1    1    1    1  2.98193E+14 0.00125 
   79   79    1    1    1    1    1    1    1    1  3.09713E+14 0.00178 
   80   80    1    1    1    1    1    1    1    1  2.31910E+14 0.00147 
   81   81    1    1    1    1    1    1    1    1  1.79244E+14 0.00166 
   82   82    1    1    1    1    1    1    1    1  1.38690E+14 0.00205 
   83   83    1    1    1    1    1    1    1    1  1.29678E+14 0.00247 
   84   84    1    1    1    1    1    1    1    1  9.31782E+13 0.00218 
   85   85    1    1    1    1    1    1    1    1  6.76860E+13 0.00328 
   86   86    1    1    1    1    1    1    1    1  6.31665E+13 0.00382 
   87   87    1    1    1    1    1    1    1    1  3.89166E+13 0.00413 
   88   88    1    1    1    1    1    1    1    1  2.61601E+13 0.00688 
   89   89    1    1    1    1    1    1    1    1  1.50420E+13 0.00723 
   90   90    1    1    1    1    1    1    1    1  1.00104E+13 0.00765 
   91   91    1    1    1    1    1    1    1    1  5.04749E+12 0.00752 
   92   92    1    1    1    1    1    1    1    1  2.38746E+12 0.01496 
   93   93    1    1    1    1    1    1    1    1  1.17209E+12 0.02167 
   94   94    1    1    1    1    1    1    1    1  5.70286E+11 0.02688 
   95   95    1    1    1    1    1    1    1    1  2.79574E+11 0.05866 
   96   96    1    1    1    1    1    1    1    1  1.27079E+11 0.05970 
   97   97    1    1    1    1    1    1    1    1  7.05270E+10 0.10066 
   98   98    1    1    1    1    1    1    1    1  3.14635E+10 0.10198 
   99   99    1    1    1    1    1    1    1    1  1.12591E+10 0.27690 
  100  100    1    1    1    1    1    1    1    1  1.80493E+10 0.15617 
];


