
DETdpaspec = [
    1    1    1    1    1    1    1    1    1    1  0.00000E+00 0.00000 
    2    2    1    1    1    1    1    1    1    1  0.00000E+00 0.00000 
    3    3    1    1    1    1    1    1    1    1  0.00000E+00 0.00000 
    4    4    1    1    1    1    1    1    1    1  0.00000E+00 0.00000 
    5    5    1    1    1    1    1    1    1    1  0.00000E+00 0.00000 
    6    6    1    1    1    1    1    1    1    1  0.00000E+00 0.00000 
    7    7    1    1    1    1    1    1    1    1  0.00000E+00 0.00000 
    8    8    1    1    1    1    1    1    1    1  0.00000E+00 0.00000 
    9    9    1    1    1    1    1    1    1    1  0.00000E+00 0.00000 
   10   10    1    1    1    1    1    1    1    1  0.00000E+00 0.00000 
   11   11    1    1    1    1    1    1    1    1  0.00000E+00 0.00000 
   12   12    1    1    1    1    1    1    1    1  9.99331E+08 0.90855 
   13   13    1    1    1    1    1    1    1    1  6.49123E+08 1.00000 
   14   14    1    1    1    1    1    1    1    1  2.28706E+09 0.79195 
   15   15    1    1    1    1    1    1    1    1  2.78381E+09 0.47200 
   16   16    1    1    1    1    1    1    1    1  4.47884E+09 0.33439 
   17   17    1    1    1    1    1    1    1    1  2.79603E+10 0.11849 
   18   18    1    1    1    1    1    1    1    1  7.69590E+10 0.07118 
   19   19    1    1    1    1    1    1    1    1  1.43414E+11 0.06923 
   20   20    1    1    1    1    1    1    1    1  7.65324E+11 0.03041 
   21   21    1    1    1    1    1    1    1    1  1.96532E+12 0.01560 
   22   22    1    1    1    1    1    1    1    1  5.71771E+12 0.01186 
   23   23    1    1    1    1    1    1    1    1  1.22749E+13 0.00956 
   24   24    1    1    1    1    1    1    1    1  1.99540E+13 0.00699 
   25   25    1    1    1    1    1    1    1    1  2.36425E+13 0.00665 
   26   26    1    1    1    1    1    1    1    1  3.62232E+13 0.00534 
   27   27    1    1    1    1    1    1    1    1  5.04161E+13 0.00461 
   28   28    1    1    1    1    1    1    1    1  7.08101E+13 0.00261 
   29   29    1    1    1    1    1    1    1    1  8.45760E+13 0.00297 
   30   30    1    1    1    1    1    1    1    1  1.27184E+14 0.00278 
   31   31    1    1    1    1    1    1    1    1  1.91028E+14 0.00181 
   32   32    1    1    1    1    1    1    1    1  2.22583E+14 0.00205 
   33   33    1    1    1    1    1    1    1    1  3.50338E+14 0.00201 
   34   34    1    1    1    1    1    1    1    1  3.72763E+14 0.00201 
   35   35    1    1    1    1    1    1    1    1  3.82686E+14 0.00178 
   36   36    1    1    1    1    1    1    1    1  2.54053E+14 0.00182 
   37   37    1    1    1    1    1    1    1    1  7.30799E+13 0.00166 
   38   38    1    1    1    1    1    1    1    1  3.65169E+14 0.00160 
   39   39    1    1    1    1    1    1    1    1  4.30956E+14 0.00156 
   40   40    1    1    1    1    1    1    1    1  7.03620E+14 0.00154 
   41   41    1    1    1    1    1    1    1    1  6.18157E+14 0.00156 
   42   42    1    1    1    1    1    1    1    1  1.12177E+15 0.00143 
   43   43    1    1    1    1    1    1    1    1  1.18248E+15 0.00131 
   44   44    1    1    1    1    1    1    1    1  1.48485E+15 0.00130 
   45   45    1    1    1    1    1    1    1    1  2.55557E+15 0.00139 
   46   46    1    1    1    1    1    1    1    1  1.27158E+15 0.00145 
   47   47    1    1    1    1    1    1    1    1  1.77184E+15 0.00159 
   48   48    1    1    1    1    1    1    1    1  2.40301E+15 0.00151 
   49   49    1    1    1    1    1    1    1    1  2.09503E+15 0.00141 
   50   50    1    1    1    1    1    1    1    1  3.21396E+15 0.00146 
   51   51    1    1    1    1    1    1    1    1  2.40268E+15 0.00147 
   52   52    1    1    1    1    1    1    1    1  2.74484E+15 0.00153 
   53   53    1    1    1    1    1    1    1    1  1.89867E+15 0.00150 
   54   54    1    1    1    1    1    1    1    1  2.32949E+15 0.00153 
   55   55    1    1    1    1    1    1    1    1  1.62054E+15 0.00151 
   56   56    1    1    1    1    1    1    1    1  2.20811E+14 0.00185 
   57   57    1    1    1    1    1    1    1    1  3.08906E+15 0.00177 
   58   58    1    1    1    1    1    1    1    1  1.38138E+15 0.00152 
   59   59    1    1    1    1    1    1    1    1  1.46596E+15 0.00172 
   60   60    1    1    1    1    1    1    1    1  1.17876E+15 0.00160 
   61   61    1    1    1    1    1    1    1    1  1.16489E+15 0.00179 
   62   62    1    1    1    1    1    1    1    1  1.16483E+15 0.00178 
   63   63    1    1    1    1    1    1    1    1  9.68472E+14 0.00167 
   64   64    1    1    1    1    1    1    1    1  7.55196E+14 0.00162 
   65   65    1    1    1    1    1    1    1    1  7.32475E+14 0.00160 
   66   66    1    1    1    1    1    1    1    1  5.76345E+14 0.00212 
   67   67    1    1    1    1    1    1    1    1  4.67377E+14 0.00187 
   68   68    1    1    1    1    1    1    1    1  4.09149E+14 0.00182 
   69   69    1    1    1    1    1    1    1    1  4.92685E+14 0.00198 
   70   70    1    1    1    1    1    1    1    1  4.16139E+14 0.00182 
   71   71    1    1    1    1    1    1    1    1  7.47738E+14 0.00207 
   72   72    1    1    1    1    1    1    1    1  5.30642E+14 0.00199 
   73   73    1    1    1    1    1    1    1    1  4.05688E+14 0.00242 
   74   74    1    1    1    1    1    1    1    1  3.31478E+14 0.00231 
   75   75    1    1    1    1    1    1    1    1  2.74977E+14 0.00256 
   76   76    1    1    1    1    1    1    1    1  3.18755E+14 0.00261 
   77   77    1    1    1    1    1    1    1    1  2.51900E+14 0.00210 
   78   78    1    1    1    1    1    1    1    1  1.96258E+14 0.00243 
   79   79    1    1    1    1    1    1    1    1  2.03104E+14 0.00224 
   80   80    1    1    1    1    1    1    1    1  1.50465E+14 0.00293 
   81   81    1    1    1    1    1    1    1    1  1.15694E+14 0.00313 
   82   82    1    1    1    1    1    1    1    1  8.85376E+13 0.00276 
   83   83    1    1    1    1    1    1    1    1  8.17880E+13 0.00289 
   84   84    1    1    1    1    1    1    1    1  5.82344E+13 0.00333 
   85   85    1    1    1    1    1    1    1    1  4.16912E+13 0.00407 
   86   86    1    1    1    1    1    1    1    1  3.84903E+13 0.00348 
   87   87    1    1    1    1    1    1    1    1  2.31730E+13 0.00578 
   88   88    1    1    1    1    1    1    1    1  1.52400E+13 0.00630 
   89   89    1    1    1    1    1    1    1    1  8.53415E+12 0.00821 
   90   90    1    1    1    1    1    1    1    1  5.49472E+12 0.01187 
   91   91    1    1    1    1    1    1    1    1  2.61430E+12 0.01449 
   92   92    1    1    1    1    1    1    1    1  1.20670E+12 0.01597 
   93   93    1    1    1    1    1    1    1    1  5.85699E+11 0.02130 
   94   94    1    1    1    1    1    1    1    1  2.71343E+11 0.03179 
   95   95    1    1    1    1    1    1    1    1  1.38133E+11 0.07321 
   96   96    1    1    1    1    1    1    1    1  4.69135E+10 0.11700 
   97   97    1    1    1    1    1    1    1    1  2.53918E+10 0.12844 
   98   98    1    1    1    1    1    1    1    1  1.27663E+10 0.19471 
   99   99    1    1    1    1    1    1    1    1  4.87865E+09 0.40996 
  100  100    1    1    1    1    1    1    1    1  6.57697E+09 0.23913 
];


