
DETdpaspec = [
    1    1    1    1    1    1    1    1    1    1  0.00000E+00 0.00000 
    2    2    1    1    1    1    1    1    1    1  0.00000E+00 0.00000 
    3    3    1    1    1    1    1    1    1    1  1.00344E+07 1.00000 
    4    4    1    1    1    1    1    1    1    1  0.00000E+00 0.00000 
    5    5    1    1    1    1    1    1    1    1  0.00000E+00 0.00000 
    6    6    1    1    1    1    1    1    1    1  0.00000E+00 0.00000 
    7    7    1    1    1    1    1    1    1    1  1.80345E+07 1.00000 
    8    8    1    1    1    1    1    1    1    1  1.82055E+07 1.00000 
    9    9    1    1    1    1    1    1    1    1  0.00000E+00 0.00000 
   10   10    1    1    1    1    1    1    1    1  0.00000E+00 0.00000 
   11   11    1    1    1    1    1    1    1    1  3.02555E+08 0.61016 
   12   12    1    1    1    1    1    1    1    1  1.25723E+08 0.41571 
   13   13    1    1    1    1    1    1    1    1  1.45600E+09 0.64286 
   14   14    1    1    1    1    1    1    1    1  4.50107E+09 0.34216 
   15   15    1    1    1    1    1    1    1    1  5.98205E+09 0.31168 
   16   16    1    1    1    1    1    1    1    1  1.76172E+09 0.24943 
   17   17    1    1    1    1    1    1    1    1  4.42725E+09 0.20253 
   18   18    1    1    1    1    1    1    1    1  9.56176E+09 0.18189 
   19   19    1    1    1    1    1    1    1    1  1.26642E+10 0.15465 
   20   20    1    1    1    1    1    1    1    1  3.18311E+10 0.11494 
   21   21    1    1    1    1    1    1    1    1  2.42295E+10 0.08432 
   22   22    1    1    1    1    1    1    1    1  7.22260E+10 0.07559 
   23   23    1    1    1    1    1    1    1    1  1.33007E+11 0.04011 
   24   24    1    1    1    1    1    1    1    1  2.81495E+11 0.04229 
   25   25    1    1    1    1    1    1    1    1  4.85036E+11 0.02474 
   26   26    1    1    1    1    1    1    1    1  1.01430E+12 0.01756 
   27   27    1    1    1    1    1    1    1    1  2.17902E+12 0.01502 
   28   28    1    1    1    1    1    1    1    1  5.08487E+12 0.00899 
   29   29    1    1    1    1    1    1    1    1  7.78979E+12 0.00766 
   30   30    1    1    1    1    1    1    1    1  1.77089E+13 0.00467 
   31   31    1    1    1    1    1    1    1    1  4.18089E+13 0.00364 
   32   32    1    1    1    1    1    1    1    1  6.19565E+13 0.00319 
   33   33    1    1    1    1    1    1    1    1  1.22595E+14 0.00240 
   34   34    1    1    1    1    1    1    1    1  1.47032E+14 0.00233 
   35   35    1    1    1    1    1    1    1    1  1.93304E+14 0.00216 
   36   36    1    1    1    1    1    1    1    1  1.48061E+14 0.00156 
   37   37    1    1    1    1    1    1    1    1  4.55893E+13 0.00135 
   38   38    1    1    1    1    1    1    1    1  2.25536E+14 0.00130 
   39   39    1    1    1    1    1    1    1    1  2.77941E+14 0.00131 
   40   40    1    1    1    1    1    1    1    1  4.68294E+14 0.00094 
   41   41    1    1    1    1    1    1    1    1  4.43579E+14 0.00098 
   42   42    1    1    1    1    1    1    1    1  8.20316E+14 0.00095 
   43   43    1    1    1    1    1    1    1    1  9.03063E+14 0.00071 
   44   44    1    1    1    1    1    1    1    1  1.17913E+15 0.00086 
   45   45    1    1    1    1    1    1    1    1  2.12387E+15 0.00058 
   46   46    1    1    1    1    1    1    1    1  1.11439E+15 0.00081 
   47   47    1    1    1    1    1    1    1    1  1.60226E+15 0.00087 
   48   48    1    1    1    1    1    1    1    1  2.24743E+15 0.00047 
   49   49    1    1    1    1    1    1    1    1  2.03743E+15 0.00063 
   50   50    1    1    1    1    1    1    1    1  3.17293E+15 0.00065 
   51   51    1    1    1    1    1    1    1    1  2.48622E+15 0.00059 
   52   52    1    1    1    1    1    1    1    1  2.86137E+15 0.00064 
   53   53    1    1    1    1    1    1    1    1  2.03929E+15 0.00058 
   54   54    1    1    1    1    1    1    1    1  2.50296E+15 0.00065 
   55   55    1    1    1    1    1    1    1    1  1.77456E+15 0.00069 
   56   56    1    1    1    1    1    1    1    1  2.44453E+14 0.00094 
   57   57    1    1    1    1    1    1    1    1  3.44973E+15 0.00067 
   58   58    1    1    1    1    1    1    1    1  1.53539E+15 0.00077 
   59   59    1    1    1    1    1    1    1    1  1.66780E+15 0.00074 
   60   60    1    1    1    1    1    1    1    1  1.33253E+15 0.00083 
   61   61    1    1    1    1    1    1    1    1  1.33418E+15 0.00078 
   62   62    1    1    1    1    1    1    1    1  1.34559E+15 0.00085 
   63   63    1    1    1    1    1    1    1    1  1.12828E+15 0.00098 
   64   64    1    1    1    1    1    1    1    1  8.90244E+14 0.00108 
   65   65    1    1    1    1    1    1    1    1  8.74314E+14 0.00086 
   66   66    1    1    1    1    1    1    1    1  6.94422E+14 0.00103 
   67   67    1    1    1    1    1    1    1    1  5.70345E+14 0.00107 
   68   68    1    1    1    1    1    1    1    1  5.04038E+14 0.00109 
   69   69    1    1    1    1    1    1    1    1  6.13453E+14 0.00097 
   70   70    1    1    1    1    1    1    1    1  5.26043E+14 0.00125 
   71   71    1    1    1    1    1    1    1    1  9.75390E+14 0.00092 
   72   72    1    1    1    1    1    1    1    1  7.07410E+14 0.00113 
   73   73    1    1    1    1    1    1    1    1  5.47287E+14 0.00078 
   74   74    1    1    1    1    1    1    1    1  4.44404E+14 0.00093 
   75   75    1    1    1    1    1    1    1    1  3.67114E+14 0.00169 
   76   76    1    1    1    1    1    1    1    1  4.22955E+14 0.00129 
   77   77    1    1    1    1    1    1    1    1  3.32496E+14 0.00177 
   78   78    1    1    1    1    1    1    1    1  2.58535E+14 0.00153 
   79   79    1    1    1    1    1    1    1    1  2.67673E+14 0.00143 
   80   80    1    1    1    1    1    1    1    1  2.00170E+14 0.00140 
   81   81    1    1    1    1    1    1    1    1  1.54684E+14 0.00184 
   82   82    1    1    1    1    1    1    1    1  1.19667E+14 0.00173 
   83   83    1    1    1    1    1    1    1    1  1.11800E+14 0.00254 
   84   84    1    1    1    1    1    1    1    1  8.05909E+13 0.00314 
   85   85    1    1    1    1    1    1    1    1  5.78250E+13 0.00314 
   86   86    1    1    1    1    1    1    1    1  5.43822E+13 0.00427 
   87   87    1    1    1    1    1    1    1    1  3.32721E+13 0.00508 
   88   88    1    1    1    1    1    1    1    1  2.25781E+13 0.00523 
   89   89    1    1    1    1    1    1    1    1  1.29479E+13 0.00527 
   90   90    1    1    1    1    1    1    1    1  8.59144E+12 0.00716 
   91   91    1    1    1    1    1    1    1    1  4.34623E+12 0.01227 
   92   92    1    1    1    1    1    1    1    1  2.05740E+12 0.02167 
   93   93    1    1    1    1    1    1    1    1  1.03244E+12 0.02273 
   94   94    1    1    1    1    1    1    1    1  4.99817E+11 0.03600 
   95   95    1    1    1    1    1    1    1    1  2.46151E+11 0.04790 
   96   96    1    1    1    1    1    1    1    1  1.28301E+11 0.06561 
   97   97    1    1    1    1    1    1    1    1  6.19471E+10 0.10273 
   98   98    1    1    1    1    1    1    1    1  2.71712E+10 0.16668 
   99   99    1    1    1    1    1    1    1    1  9.14476E+09 0.23347 
  100  100    1    1    1    1    1    1    1    1  1.07977E+10 0.25561 
];


