
DETdpaspec = [
    1    1    1    1    1    1    1    1    1    1  0.00000E+00 0.00000 
    2    2    1    1    1    1    1    1    1    1  0.00000E+00 0.00000 
    3    3    1    1    1    1    1    1    1    1  0.00000E+00 0.00000 
    4    4    1    1    1    1    1    1    1    1  2.22143E+07 1.00000 
    5    5    1    1    1    1    1    1    1    1  0.00000E+00 0.00000 
    6    6    1    1    1    1    1    1    1    1  9.99469E+06 1.00000 
    7    7    1    1    1    1    1    1    1    1  1.68553E+07 1.00000 
    8    8    1    1    1    1    1    1    1    1  0.00000E+00 0.00000 
    9    9    1    1    1    1    1    1    1    1  4.03135E+07 0.56395 
   10   10    1    1    1    1    1    1    1    1  2.29770E+08 0.44192 
   11   11    1    1    1    1    1    1    1    1  2.12660E+08 0.81619 
   12   12    1    1    1    1    1    1    1    1  4.09915E+07 0.59170 
   13   13    1    1    1    1    1    1    1    1  1.41813E+09 0.35641 
   14   14    1    1    1    1    1    1    1    1  4.41567E+09 0.31021 
   15   15    1    1    1    1    1    1    1    1  4.83603E+09 0.26567 
   16   16    1    1    1    1    1    1    1    1  2.51528E+09 0.34147 
   17   17    1    1    1    1    1    1    1    1  3.83601E+09 0.22906 
   18   18    1    1    1    1    1    1    1    1  1.32328E+10 0.14888 
   19   19    1    1    1    1    1    1    1    1  1.24448E+10 0.16841 
   20   20    1    1    1    1    1    1    1    1  3.80558E+10 0.11480 
   21   21    1    1    1    1    1    1    1    1  3.43811E+10 0.09934 
   22   22    1    1    1    1    1    1    1    1  9.54941E+10 0.05618 
   23   23    1    1    1    1    1    1    1    1  1.27590E+11 0.05391 
   24   24    1    1    1    1    1    1    1    1  2.67824E+11 0.04394 
   25   25    1    1    1    1    1    1    1    1  3.78293E+11 0.03446 
   26   26    1    1    1    1    1    1    1    1  8.14508E+11 0.02085 
   27   27    1    1    1    1    1    1    1    1  1.72296E+12 0.01746 
   28   28    1    1    1    1    1    1    1    1  3.96469E+12 0.01256 
   29   29    1    1    1    1    1    1    1    1  6.00345E+12 0.00654 
   30   30    1    1    1    1    1    1    1    1  1.46387E+13 0.00674 
   31   31    1    1    1    1    1    1    1    1  3.49805E+13 0.00390 
   32   32    1    1    1    1    1    1    1    1  5.25004E+13 0.00384 
   33   33    1    1    1    1    1    1    1    1  1.04552E+14 0.00249 
   34   34    1    1    1    1    1    1    1    1  1.23964E+14 0.00237 
   35   35    1    1    1    1    1    1    1    1  1.69055E+14 0.00204 
   36   36    1    1    1    1    1    1    1    1  1.31099E+14 0.00206 
   37   37    1    1    1    1    1    1    1    1  4.07123E+13 0.00196 
   38   38    1    1    1    1    1    1    1    1  2.00610E+14 0.00134 
   39   39    1    1    1    1    1    1    1    1  2.47448E+14 0.00155 
   40   40    1    1    1    1    1    1    1    1  4.14433E+14 0.00121 
   41   41    1    1    1    1    1    1    1    1  3.96969E+14 0.00121 
   42   42    1    1    1    1    1    1    1    1  7.28861E+14 0.00104 
   43   43    1    1    1    1    1    1    1    1  8.02979E+14 0.00131 
   44   44    1    1    1    1    1    1    1    1  1.04806E+15 0.00110 
   45   45    1    1    1    1    1    1    1    1  1.88086E+15 0.00104 
   46   46    1    1    1    1    1    1    1    1  9.86054E+14 0.00134 
   47   47    1    1    1    1    1    1    1    1  1.42298E+15 0.00129 
   48   48    1    1    1    1    1    1    1    1  1.99227E+15 0.00116 
   49   49    1    1    1    1    1    1    1    1  1.81304E+15 0.00099 
   50   50    1    1    1    1    1    1    1    1  2.80649E+15 0.00117 
   51   51    1    1    1    1    1    1    1    1  2.20839E+15 0.00097 
   52   52    1    1    1    1    1    1    1    1  2.52627E+15 0.00115 
   53   53    1    1    1    1    1    1    1    1  1.80198E+15 0.00118 
   54   54    1    1    1    1    1    1    1    1  2.19850E+15 0.00131 
   55   55    1    1    1    1    1    1    1    1  1.55907E+15 0.00119 
   56   56    1    1    1    1    1    1    1    1  2.15553E+14 0.00139 
   57   57    1    1    1    1    1    1    1    1  3.03253E+15 0.00118 
   58   58    1    1    1    1    1    1    1    1  1.33689E+15 0.00131 
   59   59    1    1    1    1    1    1    1    1  1.45505E+15 0.00107 
   60   60    1    1    1    1    1    1    1    1  1.15539E+15 0.00140 
   61   61    1    1    1    1    1    1    1    1  1.15641E+15 0.00144 
   62   62    1    1    1    1    1    1    1    1  1.16548E+15 0.00141 
   63   63    1    1    1    1    1    1    1    1  9.75484E+14 0.00146 
   64   64    1    1    1    1    1    1    1    1  7.69134E+14 0.00135 
   65   65    1    1    1    1    1    1    1    1  7.55942E+14 0.00159 
   66   66    1    1    1    1    1    1    1    1  5.99159E+14 0.00142 
   67   67    1    1    1    1    1    1    1    1  4.92430E+14 0.00167 
   68   68    1    1    1    1    1    1    1    1  4.35510E+14 0.00161 
   69   69    1    1    1    1    1    1    1    1  5.28475E+14 0.00150 
   70   70    1    1    1    1    1    1    1    1  4.53741E+14 0.00131 
   71   71    1    1    1    1    1    1    1    1  8.47146E+14 0.00145 
   72   72    1    1    1    1    1    1    1    1  6.15622E+14 0.00159 
   73   73    1    1    1    1    1    1    1    1  4.74483E+14 0.00151 
   74   74    1    1    1    1    1    1    1    1  3.84988E+14 0.00191 
   75   75    1    1    1    1    1    1    1    1  3.15507E+14 0.00193 
   76   76    1    1    1    1    1    1    1    1  3.60812E+14 0.00175 
   77   77    1    1    1    1    1    1    1    1  2.82256E+14 0.00174 
   78   78    1    1    1    1    1    1    1    1  2.19092E+14 0.00220 
   79   79    1    1    1    1    1    1    1    1  2.25730E+14 0.00204 
   80   80    1    1    1    1    1    1    1    1  1.68203E+14 0.00185 
   81   81    1    1    1    1    1    1    1    1  1.30617E+14 0.00237 
   82   82    1    1    1    1    1    1    1    1  1.00333E+14 0.00236 
   83   83    1    1    1    1    1    1    1    1  9.36095E+13 0.00198 
   84   84    1    1    1    1    1    1    1    1  6.77520E+13 0.00383 
   85   85    1    1    1    1    1    1    1    1  4.86013E+13 0.00337 
   86   86    1    1    1    1    1    1    1    1  4.55429E+13 0.00381 
   87   87    1    1    1    1    1    1    1    1  2.81710E+13 0.00434 
   88   88    1    1    1    1    1    1    1    1  1.90015E+13 0.00561 
   89   89    1    1    1    1    1    1    1    1  1.10632E+13 0.00815 
   90   90    1    1    1    1    1    1    1    1  7.27408E+12 0.00986 
   91   91    1    1    1    1    1    1    1    1  3.72278E+12 0.01036 
   92   92    1    1    1    1    1    1    1    1  1.79598E+12 0.01858 
   93   93    1    1    1    1    1    1    1    1  8.59096E+11 0.02170 
   94   94    1    1    1    1    1    1    1    1  4.15688E+11 0.02854 
   95   95    1    1    1    1    1    1    1    1  2.06442E+11 0.07514 
   96   96    1    1    1    1    1    1    1    1  1.11530E+11 0.07097 
   97   97    1    1    1    1    1    1    1    1  3.93923E+10 0.12448 
   98   98    1    1    1    1    1    1    1    1  2.81133E+10 0.13467 
   99   99    1    1    1    1    1    1    1    1  1.05640E+10 0.17792 
  100  100    1    1    1    1    1    1    1    1  9.68131E+09 0.27264 
];


