
DETdpaspec = [
    1    1    1    1    1    1    1    1    1    1  0.00000E+00 0.00000 
    2    2    1    1    1    1    1    1    1    1  0.00000E+00 0.00000 
    3    3    1    1    1    1    1    1    1    1  0.00000E+00 0.00000 
    4    4    1    1    1    1    1    1    1    1  0.00000E+00 0.00000 
    5    5    1    1    1    1    1    1    1    1  0.00000E+00 0.00000 
    6    6    1    1    1    1    1    1    1    1  8.54153E+06 1.00000 
    7    7    1    1    1    1    1    1    1    1  0.00000E+00 0.00000 
    8    8    1    1    1    1    1    1    1    1  1.46643E+07 1.00000 
    9    9    1    1    1    1    1    1    1    1  0.00000E+00 0.00000 
   10   10    1    1    1    1    1    1    1    1  1.14720E+08 0.70719 
   11   11    1    1    1    1    1    1    1    1  1.33561E+08 0.73902 
   12   12    1    1    1    1    1    1    1    1  1.24454E+08 0.48098 
   13   13    1    1    1    1    1    1    1    1  1.93680E+09 0.39157 
   14   14    1    1    1    1    1    1    1    1  3.93790E+09 0.40973 
   15   15    1    1    1    1    1    1    1    1  5.68706E+09 0.28644 
   16   16    1    1    1    1    1    1    1    1  2.47661E+09 0.30511 
   17   17    1    1    1    1    1    1    1    1  3.49341E+09 0.18277 
   18   18    1    1    1    1    1    1    1    1  1.30570E+10 0.16607 
   19   19    1    1    1    1    1    1    1    1  1.41847E+10 0.10837 
   20   20    1    1    1    1    1    1    1    1  5.04278E+10 0.08848 
   21   21    1    1    1    1    1    1    1    1  2.93137E+10 0.08546 
   22   22    1    1    1    1    1    1    1    1  9.11034E+10 0.05610 
   23   23    1    1    1    1    1    1    1    1  1.53989E+11 0.04274 
   24   24    1    1    1    1    1    1    1    1  2.57278E+11 0.03394 
   25   25    1    1    1    1    1    1    1    1  3.72471E+11 0.03103 
   26   26    1    1    1    1    1    1    1    1  7.33558E+11 0.02364 
   27   27    1    1    1    1    1    1    1    1  1.58500E+12 0.01309 
   28   28    1    1    1    1    1    1    1    1  3.61031E+12 0.01006 
   29   29    1    1    1    1    1    1    1    1  5.24266E+12 0.00827 
   30   30    1    1    1    1    1    1    1    1  1.30554E+13 0.00601 
   31   31    1    1    1    1    1    1    1    1  3.11964E+13 0.00346 
   32   32    1    1    1    1    1    1    1    1  4.71443E+13 0.00321 
   33   33    1    1    1    1    1    1    1    1  9.37860E+13 0.00300 
   34   34    1    1    1    1    1    1    1    1  1.10037E+14 0.00219 
   35   35    1    1    1    1    1    1    1    1  1.53086E+14 0.00207 
   36   36    1    1    1    1    1    1    1    1  1.19497E+14 0.00190 
   37   37    1    1    1    1    1    1    1    1  3.73360E+13 0.00196 
   38   38    1    1    1    1    1    1    1    1  1.82642E+14 0.00150 
   39   39    1    1    1    1    1    1    1    1  2.25407E+14 0.00200 
   40   40    1    1    1    1    1    1    1    1  3.75205E+14 0.00153 
   41   41    1    1    1    1    1    1    1    1  3.61675E+14 0.00146 
   42   42    1    1    1    1    1    1    1    1  6.61395E+14 0.00138 
   43   43    1    1    1    1    1    1    1    1  7.26470E+14 0.00133 
   44   44    1    1    1    1    1    1    1    1  9.47432E+14 0.00140 
   45   45    1    1    1    1    1    1    1    1  1.69253E+15 0.00117 
   46   46    1    1    1    1    1    1    1    1  8.87173E+14 0.00098 
   47   47    1    1    1    1    1    1    1    1  1.28157E+15 0.00111 
   48   48    1    1    1    1    1    1    1    1  1.78858E+15 0.00110 
   49   49    1    1    1    1    1    1    1    1  1.62978E+15 0.00110 
   50   50    1    1    1    1    1    1    1    1  2.50772E+15 0.00114 
   51   51    1    1    1    1    1    1    1    1  1.97972E+15 0.00124 
   52   52    1    1    1    1    1    1    1    1  2.25044E+15 0.00118 
   53   53    1    1    1    1    1    1    1    1  1.60334E+15 0.00111 
   54   54    1    1    1    1    1    1    1    1  1.94631E+15 0.00137 
   55   55    1    1    1    1    1    1    1    1  1.38163E+15 0.00141 
   56   56    1    1    1    1    1    1    1    1  1.90703E+14 0.00189 
   57   57    1    1    1    1    1    1    1    1  2.68526E+15 0.00121 
   58   58    1    1    1    1    1    1    1    1  1.17709E+15 0.00131 
   59   59    1    1    1    1    1    1    1    1  1.28304E+15 0.00125 
   60   60    1    1    1    1    1    1    1    1  1.01394E+15 0.00156 
   61   61    1    1    1    1    1    1    1    1  1.01274E+15 0.00149 
   62   62    1    1    1    1    1    1    1    1  1.01908E+15 0.00113 
   63   63    1    1    1    1    1    1    1    1  8.50720E+14 0.00102 
   64   64    1    1    1    1    1    1    1    1  6.70378E+14 0.00140 
   65   65    1    1    1    1    1    1    1    1  6.58009E+14 0.00143 
   66   66    1    1    1    1    1    1    1    1  5.21584E+14 0.00156 
   67   67    1    1    1    1    1    1    1    1  4.29707E+14 0.00160 
   68   68    1    1    1    1    1    1    1    1  3.80445E+14 0.00190 
   69   69    1    1    1    1    1    1    1    1  4.61959E+14 0.00157 
   70   70    1    1    1    1    1    1    1    1  3.96808E+14 0.00178 
   71   71    1    1    1    1    1    1    1    1  7.41436E+14 0.00126 
   72   72    1    1    1    1    1    1    1    1  5.40208E+14 0.00159 
   73   73    1    1    1    1    1    1    1    1  4.15965E+14 0.00164 
   74   74    1    1    1    1    1    1    1    1  3.34497E+14 0.00173 
   75   75    1    1    1    1    1    1    1    1  2.73850E+14 0.00172 
   76   76    1    1    1    1    1    1    1    1  3.11502E+14 0.00171 
   77   77    1    1    1    1    1    1    1    1  2.43319E+14 0.00207 
   78   78    1    1    1    1    1    1    1    1  1.87506E+14 0.00182 
   79   79    1    1    1    1    1    1    1    1  1.93263E+14 0.00221 
   80   80    1    1    1    1    1    1    1    1  1.43471E+14 0.00171 
   81   81    1    1    1    1    1    1    1    1  1.11303E+14 0.00260 
   82   82    1    1    1    1    1    1    1    1  8.56140E+13 0.00307 
   83   83    1    1    1    1    1    1    1    1  8.04925E+13 0.00259 
   84   84    1    1    1    1    1    1    1    1  5.75466E+13 0.00305 
   85   85    1    1    1    1    1    1    1    1  4.15198E+13 0.00337 
   86   86    1    1    1    1    1    1    1    1  3.90275E+13 0.00429 
   87   87    1    1    1    1    1    1    1    1  2.40431E+13 0.00535 
   88   88    1    1    1    1    1    1    1    1  1.63649E+13 0.00655 
   89   89    1    1    1    1    1    1    1    1  9.57538E+12 0.00943 
   90   90    1    1    1    1    1    1    1    1  6.25652E+12 0.01038 
   91   91    1    1    1    1    1    1    1    1  3.13676E+12 0.01696 
   92   92    1    1    1    1    1    1    1    1  1.48151E+12 0.01237 
   93   93    1    1    1    1    1    1    1    1  7.49563E+11 0.02697 
   94   94    1    1    1    1    1    1    1    1  3.43605E+11 0.03996 
   95   95    1    1    1    1    1    1    1    1  1.65714E+11 0.06137 
   96   96    1    1    1    1    1    1    1    1  8.87639E+10 0.08605 
   97   97    1    1    1    1    1    1    1    1  4.65515E+10 0.13121 
   98   98    1    1    1    1    1    1    1    1  1.75657E+10 0.12357 
   99   99    1    1    1    1    1    1    1    1  1.30139E+10 0.23136 
  100  100    1    1    1    1    1    1    1    1  1.08345E+10 0.30147 
];


