
DETdpaspec = [
    1    1    1    1    1    1    1    1    1    1  0.00000E+00 0.00000 
    2    2    1    1    1    1    1    1    1    1  0.00000E+00 0.00000 
    3    3    1    1    1    1    1    1    1    1  0.00000E+00 0.00000 
    4    4    1    1    1    1    1    1    1    1  0.00000E+00 0.00000 
    5    5    1    1    1    1    1    1    1    1  0.00000E+00 0.00000 
    6    6    1    1    1    1    1    1    1    1  8.74748E+06 1.00000 
    7    7    1    1    1    1    1    1    1    1  3.78418E+07 0.69702 
    8    8    1    1    1    1    1    1    1    1  0.00000E+00 0.00000 
    9    9    1    1    1    1    1    1    1    1  6.10183E+06 1.00000 
   10   10    1    1    1    1    1    1    1    1  0.00000E+00 0.00000 
   11   11    1    1    1    1    1    1    1    1  5.20185E+07 1.00000 
   12   12    1    1    1    1    1    1    1    1  5.65756E+07 0.58316 
   13   13    1    1    1    1    1    1    1    1  1.40222E+09 0.50434 
   14   14    1    1    1    1    1    1    1    1  2.84756E+09 0.40767 
   15   15    1    1    1    1    1    1    1    1  5.47346E+09 0.37547 
   16   16    1    1    1    1    1    1    1    1  1.55831E+09 0.35059 
   17   17    1    1    1    1    1    1    1    1  2.73950E+09 0.24244 
   18   18    1    1    1    1    1    1    1    1  6.99666E+09 0.24831 
   19   19    1    1    1    1    1    1    1    1  6.66837E+09 0.17688 
   20   20    1    1    1    1    1    1    1    1  2.10488E+10 0.17457 
   21   21    1    1    1    1    1    1    1    1  1.87287E+10 0.10971 
   22   22    1    1    1    1    1    1    1    1  4.18635E+10 0.11056 
   23   23    1    1    1    1    1    1    1    1  6.65191E+10 0.06880 
   24   24    1    1    1    1    1    1    1    1  9.31182E+10 0.05446 
   25   25    1    1    1    1    1    1    1    1  1.11115E+11 0.05954 
   26   26    1    1    1    1    1    1    1    1  1.84377E+11 0.04109 
   27   27    1    1    1    1    1    1    1    1  3.02548E+11 0.04226 
   28   28    1    1    1    1    1    1    1    1  6.59764E+11 0.02632 
   29   29    1    1    1    1    1    1    1    1  1.05416E+12 0.02274 
   30   30    1    1    1    1    1    1    1    1  3.01973E+12 0.01348 
   31   31    1    1    1    1    1    1    1    1  9.71687E+12 0.00737 
   32   32    1    1    1    1    1    1    1    1  1.84142E+13 0.00605 
   33   33    1    1    1    1    1    1    1    1  4.37712E+13 0.00272 
   34   34    1    1    1    1    1    1    1    1  6.13196E+13 0.00201 
   35   35    1    1    1    1    1    1    1    1  8.25207E+13 0.00186 
   36   36    1    1    1    1    1    1    1    1  5.62637E+13 0.00195 
   37   37    1    1    1    1    1    1    1    1  1.73386E+13 0.00272 
   38   38    1    1    1    1    1    1    1    1  9.72181E+13 0.00198 
   39   39    1    1    1    1    1    1    1    1  1.31269E+14 0.00256 
   40   40    1    1    1    1    1    1    1    1  2.25575E+14 0.00137 
   41   41    1    1    1    1    1    1    1    1  2.31368E+14 0.00121 
   42   42    1    1    1    1    1    1    1    1  4.95068E+14 0.00108 
   43   43    1    1    1    1    1    1    1    1  6.03290E+14 0.00134 
   44   44    1    1    1    1    1    1    1    1  8.78645E+14 0.00105 
   45   45    1    1    1    1    1    1    1    1  1.75525E+15 0.00078 
   46   46    1    1    1    1    1    1    1    1  8.25429E+14 0.00094 
   47   47    1    1    1    1    1    1    1    1  1.34133E+15 0.00084 
   48   48    1    1    1    1    1    1    1    1  1.87934E+15 0.00088 
   49   49    1    1    1    1    1    1    1    1  1.87313E+15 0.00077 
   50   50    1    1    1    1    1    1    1    1  2.92075E+15 0.00059 
   51   51    1    1    1    1    1    1    1    1  2.34917E+15 0.00079 
   52   52    1    1    1    1    1    1    1    1  2.78591E+15 0.00057 
   53   53    1    1    1    1    1    1    1    1  1.94446E+15 0.00067 
   54   54    1    1    1    1    1    1    1    1  2.37248E+15 0.00069 
   55   55    1    1    1    1    1    1    1    1  1.63716E+15 0.00066 
   56   56    1    1    1    1    1    1    1    1  2.23090E+14 0.00126 
   57   57    1    1    1    1    1    1    1    1  3.26165E+15 0.00056 
   58   58    1    1    1    1    1    1    1    1  1.44707E+15 0.00070 
   59   59    1    1    1    1    1    1    1    1  1.54213E+15 0.00061 
   60   60    1    1    1    1    1    1    1    1  1.19530E+15 0.00060 
   61   61    1    1    1    1    1    1    1    1  1.20099E+15 0.00074 
   62   62    1    1    1    1    1    1    1    1  1.25357E+15 0.00077 
   63   63    1    1    1    1    1    1    1    1  1.05462E+15 0.00097 
   64   64    1    1    1    1    1    1    1    1  8.40241E+14 0.00106 
   65   65    1    1    1    1    1    1    1    1  8.33030E+14 0.00083 
   66   66    1    1    1    1    1    1    1    1  6.01055E+14 0.00109 
   67   67    1    1    1    1    1    1    1    1  4.91171E+14 0.00114 
   68   68    1    1    1    1    1    1    1    1  4.40831E+14 0.00150 
   69   69    1    1    1    1    1    1    1    1  5.29226E+14 0.00112 
   70   70    1    1    1    1    1    1    1    1  4.51243E+14 0.00134 
   71   71    1    1    1    1    1    1    1    1  8.24460E+14 0.00105 
   72   72    1    1    1    1    1    1    1    1  5.85232E+14 0.00143 
   73   73    1    1    1    1    1    1    1    1  4.39739E+14 0.00164 
   74   74    1    1    1    1    1    1    1    1  3.52224E+14 0.00156 
   75   75    1    1    1    1    1    1    1    1  2.91519E+14 0.00130 
   76   76    1    1    1    1    1    1    1    1  3.36997E+14 0.00164 
   77   77    1    1    1    1    1    1    1    1  2.65335E+14 0.00199 
   78   78    1    1    1    1    1    1    1    1  2.10355E+14 0.00162 
   79   79    1    1    1    1    1    1    1    1  2.16658E+14 0.00161 
   80   80    1    1    1    1    1    1    1    1  1.60465E+14 0.00256 
   81   81    1    1    1    1    1    1    1    1  1.23038E+14 0.00260 
   82   82    1    1    1    1    1    1    1    1  9.49866E+13 0.00238 
   83   83    1    1    1    1    1    1    1    1  8.87417E+13 0.00242 
   84   84    1    1    1    1    1    1    1    1  6.40394E+13 0.00321 
   85   85    1    1    1    1    1    1    1    1  4.60020E+13 0.00317 
   86   86    1    1    1    1    1    1    1    1  4.28471E+13 0.00450 
   87   87    1    1    1    1    1    1    1    1  2.66534E+13 0.00452 
   88   88    1    1    1    1    1    1    1    1  1.80085E+13 0.00547 
   89   89    1    1    1    1    1    1    1    1  1.03008E+13 0.00714 
   90   90    1    1    1    1    1    1    1    1  6.88600E+12 0.00840 
   91   91    1    1    1    1    1    1    1    1  3.39806E+12 0.01218 
   92   92    1    1    1    1    1    1    1    1  1.65197E+12 0.02061 
   93   93    1    1    1    1    1    1    1    1  8.04850E+11 0.02444 
   94   94    1    1    1    1    1    1    1    1  3.99951E+11 0.03253 
   95   95    1    1    1    1    1    1    1    1  1.75546E+11 0.06147 
   96   96    1    1    1    1    1    1    1    1  9.08659E+10 0.06808 
   97   97    1    1    1    1    1    1    1    1  4.43285E+10 0.11145 
   98   98    1    1    1    1    1    1    1    1  2.15541E+10 0.20046 
   99   99    1    1    1    1    1    1    1    1  7.26450E+09 0.23986 
  100  100    1    1    1    1    1    1    1    1  9.14225E+09 0.20713 
];


