
DETdpaspec = [
    1    1    1    1    1    1    1    1    1    1  0.00000E+00 0.00000 
    2    2    1    1    1    1    1    1    1    1  5.01716E+06 1.00000 
    3    3    1    1    1    1    1    1    1    1  0.00000E+00 0.00000 
    4    4    1    1    1    1    1    1    1    1  0.00000E+00 0.00000 
    5    5    1    1    1    1    1    1    1    1  0.00000E+00 0.00000 
    6    6    1    1    1    1    1    1    1    1  0.00000E+00 0.00000 
    7    7    1    1    1    1    1    1    1    1  0.00000E+00 0.00000 
    8    8    1    1    1    1    1    1    1    1  0.00000E+00 0.00000 
    9    9    1    1    1    1    1    1    1    1  0.00000E+00 0.00000 
   10   10    1    1    1    1    1    1    1    1  5.09098E+07 0.68843 
   11   11    1    1    1    1    1    1    1    1  9.95640E+07 0.68934 
   12   12    1    1    1    1    1    1    1    1  3.96537E+07 0.68979 
   13   13    1    1    1    1    1    1    1    1  1.23563E+08 0.75388 
   14   14    1    1    1    1    1    1    1    1  4.02251E+09 0.37019 
   15   15    1    1    1    1    1    1    1    1  2.91668E+09 0.30135 
   16   16    1    1    1    1    1    1    1    1  8.91815E+08 0.34127 
   17   17    1    1    1    1    1    1    1    1  2.24008E+09 0.21075 
   18   18    1    1    1    1    1    1    1    1  5.72535E+09 0.28768 
   19   19    1    1    1    1    1    1    1    1  5.04062E+09 0.15805 
   20   20    1    1    1    1    1    1    1    1  1.59764E+10 0.17841 
   21   21    1    1    1    1    1    1    1    1  1.70985E+10 0.11339 
   22   22    1    1    1    1    1    1    1    1  3.92303E+10 0.09099 
   23   23    1    1    1    1    1    1    1    1  6.17779E+10 0.08060 
   24   24    1    1    1    1    1    1    1    1  1.01059E+11 0.07196 
   25   25    1    1    1    1    1    1    1    1  1.22224E+11 0.05029 
   26   26    1    1    1    1    1    1    1    1  1.85818E+11 0.04753 
   27   27    1    1    1    1    1    1    1    1  3.22317E+11 0.04924 
   28   28    1    1    1    1    1    1    1    1  6.06328E+11 0.02644 
   29   29    1    1    1    1    1    1    1    1  9.24183E+11 0.02254 
   30   30    1    1    1    1    1    1    1    1  2.77366E+12 0.01378 
   31   31    1    1    1    1    1    1    1    1  8.74972E+12 0.00750 
   32   32    1    1    1    1    1    1    1    1  1.66305E+13 0.00518 
   33   33    1    1    1    1    1    1    1    1  3.87220E+13 0.00423 
   34   34    1    1    1    1    1    1    1    1  5.31814E+13 0.00283 
   35   35    1    1    1    1    1    1    1    1  7.42724E+13 0.00274 
   36   36    1    1    1    1    1    1    1    1  5.14042E+13 0.00250 
   37   37    1    1    1    1    1    1    1    1  1.61255E+13 0.00256 
   38   38    1    1    1    1    1    1    1    1  8.89497E+13 0.00219 
   39   39    1    1    1    1    1    1    1    1  1.19907E+14 0.00269 
   40   40    1    1    1    1    1    1    1    1  2.04598E+14 0.00195 
   41   41    1    1    1    1    1    1    1    1  2.11439E+14 0.00168 
   42   42    1    1    1    1    1    1    1    1  4.46380E+14 0.00126 
   43   43    1    1    1    1    1    1    1    1  5.41044E+14 0.00130 
   44   44    1    1    1    1    1    1    1    1  7.83776E+14 0.00123 
   45   45    1    1    1    1    1    1    1    1  1.54651E+15 0.00105 
   46   46    1    1    1    1    1    1    1    1  7.31812E+14 0.00107 
   47   47    1    1    1    1    1    1    1    1  1.18892E+15 0.00111 
   48   48    1    1    1    1    1    1    1    1  1.66172E+15 0.00100 
   49   49    1    1    1    1    1    1    1    1  1.65544E+15 0.00083 
   50   50    1    1    1    1    1    1    1    1  2.55636E+15 0.00091 
   51   51    1    1    1    1    1    1    1    1  2.06934E+15 0.00081 
   52   52    1    1    1    1    1    1    1    1  2.42809E+15 0.00078 
   53   53    1    1    1    1    1    1    1    1  1.69514E+15 0.00096 
   54   54    1    1    1    1    1    1    1    1  2.04496E+15 0.00103 
   55   55    1    1    1    1    1    1    1    1  1.41314E+15 0.00117 
   56   56    1    1    1    1    1    1    1    1  1.92976E+14 0.00168 
   57   57    1    1    1    1    1    1    1    1  2.81533E+15 0.00102 
   58   58    1    1    1    1    1    1    1    1  1.23138E+15 0.00107 
   59   59    1    1    1    1    1    1    1    1  1.31850E+15 0.00125 
   60   60    1    1    1    1    1    1    1    1  1.01270E+15 0.00135 
   61   61    1    1    1    1    1    1    1    1  1.01855E+15 0.00116 
   62   62    1    1    1    1    1    1    1    1  1.05815E+15 0.00116 
   63   63    1    1    1    1    1    1    1    1  8.87986E+14 0.00140 
   64   64    1    1    1    1    1    1    1    1  7.05265E+14 0.00112 
   65   65    1    1    1    1    1    1    1    1  7.01250E+14 0.00143 
   66   66    1    1    1    1    1    1    1    1  5.04926E+14 0.00177 
   67   67    1    1    1    1    1    1    1    1  4.13270E+14 0.00143 
   68   68    1    1    1    1    1    1    1    1  3.71974E+14 0.00209 
   69   69    1    1    1    1    1    1    1    1  4.45394E+14 0.00187 
   70   70    1    1    1    1    1    1    1    1  3.80130E+14 0.00183 
   71   71    1    1    1    1    1    1    1    1  6.98633E+14 0.00151 
   72   72    1    1    1    1    1    1    1    1  4.96394E+14 0.00193 
   73   73    1    1    1    1    1    1    1    1  3.72977E+14 0.00196 
   74   74    1    1    1    1    1    1    1    1  2.97068E+14 0.00236 
   75   75    1    1    1    1    1    1    1    1  2.42873E+14 0.00191 
   76   76    1    1    1    1    1    1    1    1  2.78944E+14 0.00138 
   77   77    1    1    1    1    1    1    1    1  2.18565E+14 0.00145 
   78   78    1    1    1    1    1    1    1    1  1.72369E+14 0.00209 
   79   79    1    1    1    1    1    1    1    1  1.76708E+14 0.00218 
   80   80    1    1    1    1    1    1    1    1  1.30520E+14 0.00185 
   81   81    1    1    1    1    1    1    1    1  1.00160E+14 0.00311 
   82   82    1    1    1    1    1    1    1    1  7.65828E+13 0.00349 
   83   83    1    1    1    1    1    1    1    1  7.19444E+13 0.00329 
   84   84    1    1    1    1    1    1    1    1  5.15340E+13 0.00397 
   85   85    1    1    1    1    1    1    1    1  3.73222E+13 0.00496 
   86   86    1    1    1    1    1    1    1    1  3.49407E+13 0.00376 
   87   87    1    1    1    1    1    1    1    1  2.13932E+13 0.00481 
   88   88    1    1    1    1    1    1    1    1  1.46217E+13 0.00562 
   89   89    1    1    1    1    1    1    1    1  8.29090E+12 0.00795 
   90   90    1    1    1    1    1    1    1    1  5.54072E+12 0.01008 
   91   91    1    1    1    1    1    1    1    1  2.85680E+12 0.01518 
   92   92    1    1    1    1    1    1    1    1  1.34764E+12 0.01506 
   93   93    1    1    1    1    1    1    1    1  6.39607E+11 0.02460 
   94   94    1    1    1    1    1    1    1    1  3.12047E+11 0.02672 
   95   95    1    1    1    1    1    1    1    1  1.62104E+11 0.06170 
   96   96    1    1    1    1    1    1    1    1  6.68079E+10 0.07122 
   97   97    1    1    1    1    1    1    1    1  3.62618E+10 0.12491 
   98   98    1    1    1    1    1    1    1    1  1.91862E+10 0.15008 
   99   99    1    1    1    1    1    1    1    1  8.53793E+09 0.22986 
  100  100    1    1    1    1    1    1    1    1  1.07727E+10 0.19437 
];


