
DETdpaspec = [
    1    1    1    1    1    1    1    1    1    1  0.00000E+00 0.00000 
    2    2    1    1    1    1    1    1    1    1  0.00000E+00 0.00000 
    3    3    1    1    1    1    1    1    1    1  0.00000E+00 0.00000 
    4    4    1    1    1    1    1    1    1    1  0.00000E+00 0.00000 
    5    5    1    1    1    1    1    1    1    1  0.00000E+00 0.00000 
    6    6    1    1    1    1    1    1    1    1  0.00000E+00 0.00000 
    7    7    1    1    1    1    1    1    1    1  0.00000E+00 0.00000 
    8    8    1    1    1    1    1    1    1    1  0.00000E+00 0.00000 
    9    9    1    1    1    1    1    1    1    1  0.00000E+00 0.00000 
   10   10    1    1    1    1    1    1    1    1  0.00000E+00 0.00000 
   11   11    1    1    1    1    1    1    1    1  0.00000E+00 0.00000 
   12   12    1    1    1    1    1    1    1    1  1.43510E+08 1.00000 
   13   13    1    1    1    1    1    1    1    1  1.06934E+09 0.59298 
   14   14    1    1    1    1    1    1    1    1  1.50320E+09 1.00000 
   15   15    1    1    1    1    1    1    1    1  2.05983E+09 0.55906 
   16   16    1    1    1    1    1    1    1    1  1.05317E+09 0.53533 
   17   17    1    1    1    1    1    1    1    1  1.68610E+09 0.39939 
   18   18    1    1    1    1    1    1    1    1  2.09139E+09 0.48137 
   19   19    1    1    1    1    1    1    1    1  3.04237E+09 0.25932 
   20   20    1    1    1    1    1    1    1    1  1.10318E+10 0.22093 
   21   21    1    1    1    1    1    1    1    1  9.68263E+09 0.19117 
   22   22    1    1    1    1    1    1    1    1  2.57187E+10 0.12464 
   23   23    1    1    1    1    1    1    1    1  8.90365E+10 0.07771 
   24   24    1    1    1    1    1    1    1    1  3.47868E+11 0.03508 
   25   25    1    1    1    1    1    1    1    1  6.18685E+11 0.03369 
   26   26    1    1    1    1    1    1    1    1  1.39777E+12 0.02034 
   27   27    1    1    1    1    1    1    1    1  2.93208E+12 0.01173 
   28   28    1    1    1    1    1    1    1    1  6.16305E+12 0.01259 
   29   29    1    1    1    1    1    1    1    1  1.01335E+13 0.00996 
   30   30    1    1    1    1    1    1    1    1  2.03763E+13 0.00578 
   31   31    1    1    1    1    1    1    1    1  4.48261E+13 0.00354 
   32   32    1    1    1    1    1    1    1    1  6.78328E+13 0.00239 
   33   33    1    1    1    1    1    1    1    1  1.39011E+14 0.00249 
   34   34    1    1    1    1    1    1    1    1  1.74086E+14 0.00244 
   35   35    1    1    1    1    1    1    1    1  1.80093E+14 0.00207 
   36   36    1    1    1    1    1    1    1    1  1.07681E+14 0.00204 
   37   37    1    1    1    1    1    1    1    1  3.13834E+13 0.00198 
   38   38    1    1    1    1    1    1    1    1  1.80284E+14 0.00159 
   39   39    1    1    1    1    1    1    1    1  2.38633E+14 0.00152 
   40   40    1    1    1    1    1    1    1    1  4.04317E+14 0.00110 
   41   41    1    1    1    1    1    1    1    1  3.88076E+14 0.00103 
   42   42    1    1    1    1    1    1    1    1  8.35455E+14 0.00074 
   43   43    1    1    1    1    1    1    1    1  9.95848E+14 0.00099 
   44   44    1    1    1    1    1    1    1    1  1.41074E+15 0.00063 
   45   45    1    1    1    1    1    1    1    1  2.74408E+15 0.00053 
   46   46    1    1    1    1    1    1    1    1  1.22016E+15 0.00069 
   47   47    1    1    1    1    1    1    1    1  1.92833E+15 0.00064 
   48   48    1    1    1    1    1    1    1    1  2.63227E+15 0.00065 
   49   49    1    1    1    1    1    1    1    1  2.55673E+15 0.00059 
   50   50    1    1    1    1    1    1    1    1  3.96870E+15 0.00065 
   51   51    1    1    1    1    1    1    1    1  3.04279E+15 0.00059 
   52   52    1    1    1    1    1    1    1    1  3.65534E+15 0.00055 
   53   53    1    1    1    1    1    1    1    1  2.48561E+15 0.00048 
   54   54    1    1    1    1    1    1    1    1  3.07746E+15 0.00048 
   55   55    1    1    1    1    1    1    1    1  2.09116E+15 0.00045 
   56   56    1    1    1    1    1    1    1    1  2.81320E+14 0.00068 
   57   57    1    1    1    1    1    1    1    1  4.10821E+15 0.00062 
   58   58    1    1    1    1    1    1    1    1  1.86667E+15 0.00066 
   59   59    1    1    1    1    1    1    1    1  1.95491E+15 0.00090 
   60   60    1    1    1    1    1    1    1    1  1.54345E+15 0.00066 
   61   61    1    1    1    1    1    1    1    1  1.53454E+15 0.00060 
   62   62    1    1    1    1    1    1    1    1  1.59570E+15 0.00068 
   63   63    1    1    1    1    1    1    1    1  1.34112E+15 0.00073 
   64   64    1    1    1    1    1    1    1    1  1.06102E+15 0.00087 
   65   65    1    1    1    1    1    1    1    1  1.04872E+15 0.00079 
   66   66    1    1    1    1    1    1    1    1  7.51643E+14 0.00093 
   67   67    1    1    1    1    1    1    1    1  6.06285E+14 0.00072 
   68   68    1    1    1    1    1    1    1    1  5.40739E+14 0.00082 
   69   69    1    1    1    1    1    1    1    1  6.44252E+14 0.00105 
   70   70    1    1    1    1    1    1    1    1  5.43514E+14 0.00143 
   71   71    1    1    1    1    1    1    1    1  9.65677E+14 0.00099 
   72   72    1    1    1    1    1    1    1    1  6.76383E+14 0.00082 
   73   73    1    1    1    1    1    1    1    1  5.08013E+14 0.00100 
   74   74    1    1    1    1    1    1    1    1  4.12357E+14 0.00132 
   75   75    1    1    1    1    1    1    1    1  3.45686E+14 0.00077 
   76   76    1    1    1    1    1    1    1    1  4.06387E+14 0.00103 
   77   77    1    1    1    1    1    1    1    1  3.24493E+14 0.00116 
   78   78    1    1    1    1    1    1    1    1  2.61353E+14 0.00129 
   79   79    1    1    1    1    1    1    1    1  2.71276E+14 0.00141 
   80   80    1    1    1    1    1    1    1    1  2.01513E+14 0.00173 
   81   81    1    1    1    1    1    1    1    1  1.55057E+14 0.00208 
   82   82    1    1    1    1    1    1    1    1  1.19069E+14 0.00280 
   83   83    1    1    1    1    1    1    1    1  1.10967E+14 0.00179 
   84   84    1    1    1    1    1    1    1    1  7.97708E+13 0.00281 
   85   85    1    1    1    1    1    1    1    1  5.72442E+13 0.00228 
   86   86    1    1    1    1    1    1    1    1  5.33809E+13 0.00387 
   87   87    1    1    1    1    1    1    1    1  3.24590E+13 0.00441 
   88   88    1    1    1    1    1    1    1    1  2.18658E+13 0.00408 
   89   89    1    1    1    1    1    1    1    1  1.24297E+13 0.00601 
   90   90    1    1    1    1    1    1    1    1  8.26120E+12 0.00621 
   91   91    1    1    1    1    1    1    1    1  4.04518E+12 0.01022 
   92   92    1    1    1    1    1    1    1    1  1.96217E+12 0.01308 
   93   93    1    1    1    1    1    1    1    1  9.15856E+11 0.01864 
   94   94    1    1    1    1    1    1    1    1  4.59689E+11 0.02686 
   95   95    1    1    1    1    1    1    1    1  2.11635E+11 0.04508 
   96   96    1    1    1    1    1    1    1    1  1.01863E+11 0.06637 
   97   97    1    1    1    1    1    1    1    1  4.14166E+10 0.13739 
   98   98    1    1    1    1    1    1    1    1  2.67089E+10 0.10938 
   99   99    1    1    1    1    1    1    1    1  1.22499E+10 0.24330 
  100  100    1    1    1    1    1    1    1    1  1.00271E+10 0.15750 
];


