
DETdpaspec = [
    1    1    1    1    1    1    1    1    1    1  0.00000E+00 0.00000 
    2    2    1    1    1    1    1    1    1    1  0.00000E+00 0.00000 
    3    3    1    1    1    1    1    1    1    1  0.00000E+00 0.00000 
    4    4    1    1    1    1    1    1    1    1  0.00000E+00 0.00000 
    5    5    1    1    1    1    1    1    1    1  0.00000E+00 0.00000 
    6    6    1    1    1    1    1    1    1    1  0.00000E+00 0.00000 
    7    7    1    1    1    1    1    1    1    1  0.00000E+00 0.00000 
    8    8    1    1    1    1    1    1    1    1  2.50563E+07 1.00000 
    9    9    1    1    1    1    1    1    1    1  0.00000E+00 0.00000 
   10   10    1    1    1    1    1    1    1    1  0.00000E+00 0.00000 
   11   11    1    1    1    1    1    1    1    1  6.09922E+08 1.00000 
   12   12    1    1    1    1    1    1    1    1  0.00000E+00 0.00000 
   13   13    1    1    1    1    1    1    1    1  1.91256E+09 0.59628 
   14   14    1    1    1    1    1    1    1    1  2.37258E+09 0.60844 
   15   15    1    1    1    1    1    1    1    1  2.18980E+09 0.44149 
   16   16    1    1    1    1    1    1    1    1  2.62843E+08 1.00000 
   17   17    1    1    1    1    1    1    1    1  1.53401E+09 0.37932 
   18   18    1    1    1    1    1    1    1    1  1.62406E+09 0.33678 
   19   19    1    1    1    1    1    1    1    1  3.33270E+09 0.29589 
   20   20    1    1    1    1    1    1    1    1  1.21272E+10 0.14006 
   21   21    1    1    1    1    1    1    1    1  9.53346E+09 0.17553 
   22   22    1    1    1    1    1    1    1    1  2.66042E+10 0.12852 
   23   23    1    1    1    1    1    1    1    1  4.34359E+10 0.08650 
   24   24    1    1    1    1    1    1    1    1  1.35812E+11 0.07267 
   25   25    1    1    1    1    1    1    1    1  2.19458E+11 0.04627 
   26   26    1    1    1    1    1    1    1    1  4.90831E+11 0.02763 
   27   27    1    1    1    1    1    1    1    1  1.17986E+12 0.02947 
   28   28    1    1    1    1    1    1    1    1  2.78245E+12 0.01281 
   29   29    1    1    1    1    1    1    1    1  4.89168E+12 0.00974 
   30   30    1    1    1    1    1    1    1    1  1.11597E+13 0.00733 
   31   31    1    1    1    1    1    1    1    1  2.83332E+13 0.00413 
   32   32    1    1    1    1    1    1    1    1  4.65243E+13 0.00296 
   33   33    1    1    1    1    1    1    1    1  1.01920E+14 0.00180 
   34   34    1    1    1    1    1    1    1    1  1.34745E+14 0.00188 
   35   35    1    1    1    1    1    1    1    1  1.48077E+14 0.00186 
   36   36    1    1    1    1    1    1    1    1  9.15312E+13 0.00167 
   37   37    1    1    1    1    1    1    1    1  2.69918E+13 0.00187 
   38   38    1    1    1    1    1    1    1    1  1.54985E+14 0.00135 
   39   39    1    1    1    1    1    1    1    1  2.07337E+14 0.00109 
   40   40    1    1    1    1    1    1    1    1  3.54141E+14 0.00141 
   41   41    1    1    1    1    1    1    1    1  3.45321E+14 0.00117 
   42   42    1    1    1    1    1    1    1    1  7.46600E+14 0.00125 
   43   43    1    1    1    1    1    1    1    1  8.97496E+14 0.00104 
   44   44    1    1    1    1    1    1    1    1  1.28787E+15 0.00084 
   45   45    1    1    1    1    1    1    1    1  2.54809E+15 0.00080 
   46   46    1    1    1    1    1    1    1    1  1.15249E+15 0.00097 
   47   47    1    1    1    1    1    1    1    1  1.83418E+15 0.00092 
   48   48    1    1    1    1    1    1    1    1  2.52882E+15 0.00067 
   49   49    1    1    1    1    1    1    1    1  2.47556E+15 0.00074 
   50   50    1    1    1    1    1    1    1    1  3.87630E+15 0.00054 
   51   51    1    1    1    1    1    1    1    1  3.01070E+15 0.00065 
   52   52    1    1    1    1    1    1    1    1  3.62691E+15 0.00058 
   53   53    1    1    1    1    1    1    1    1  2.48713E+15 0.00067 
   54   54    1    1    1    1    1    1    1    1  3.08955E+15 0.00051 
   55   55    1    1    1    1    1    1    1    1  2.10968E+15 0.00066 
   56   56    1    1    1    1    1    1    1    1  2.84881E+14 0.00090 
   57   57    1    1    1    1    1    1    1    1  4.16800E+15 0.00050 
   58   58    1    1    1    1    1    1    1    1  1.89712E+15 0.00056 
   59   59    1    1    1    1    1    1    1    1  1.99540E+15 0.00066 
   60   60    1    1    1    1    1    1    1    1  1.57590E+15 0.00074 
   61   61    1    1    1    1    1    1    1    1  1.57084E+15 0.00080 
   62   62    1    1    1    1    1    1    1    1  1.63824E+15 0.00070 
   63   63    1    1    1    1    1    1    1    1  1.38033E+15 0.00067 
   64   64    1    1    1    1    1    1    1    1  1.09565E+15 0.00060 
   65   65    1    1    1    1    1    1    1    1  1.08712E+15 0.00073 
   66   66    1    1    1    1    1    1    1    1  7.81001E+14 0.00066 
   67   67    1    1    1    1    1    1    1    1  6.30873E+14 0.00088 
   68   68    1    1    1    1    1    1    1    1  5.63949E+14 0.00083 
   69   69    1    1    1    1    1    1    1    1  6.74260E+14 0.00107 
   70   70    1    1    1    1    1    1    1    1  5.71154E+14 0.00130 
   71   71    1    1    1    1    1    1    1    1  1.02055E+15 0.00085 
   72   72    1    1    1    1    1    1    1    1  7.16900E+14 0.00112 
   73   73    1    1    1    1    1    1    1    1  5.39325E+14 0.00123 
   74   74    1    1    1    1    1    1    1    1  4.39363E+14 0.00122 
   75   75    1    1    1    1    1    1    1    1  3.68013E+14 0.00106 
   76   76    1    1    1    1    1    1    1    1  4.31410E+14 0.00117 
   77   77    1    1    1    1    1    1    1    1  3.44756E+14 0.00145 
   78   78    1    1    1    1    1    1    1    1  2.78025E+14 0.00183 
   79   79    1    1    1    1    1    1    1    1  2.88639E+14 0.00134 
   80   80    1    1    1    1    1    1    1    1  2.14458E+14 0.00156 
   81   81    1    1    1    1    1    1    1    1  1.65456E+14 0.00189 
   82   82    1    1    1    1    1    1    1    1  1.26785E+14 0.00199 
   83   83    1    1    1    1    1    1    1    1  1.18328E+14 0.00210 
   84   84    1    1    1    1    1    1    1    1  8.51111E+13 0.00300 
   85   85    1    1    1    1    1    1    1    1  6.16906E+13 0.00261 
   86   86    1    1    1    1    1    1    1    1  5.74069E+13 0.00280 
   87   87    1    1    1    1    1    1    1    1  3.54614E+13 0.00289 
   88   88    1    1    1    1    1    1    1    1  2.36330E+13 0.00365 
   89   89    1    1    1    1    1    1    1    1  1.33797E+13 0.00675 
   90   90    1    1    1    1    1    1    1    1  8.91093E+12 0.00626 
   91   91    1    1    1    1    1    1    1    1  4.36705E+12 0.00824 
   92   92    1    1    1    1    1    1    1    1  2.16783E+12 0.01704 
   93   93    1    1    1    1    1    1    1    1  1.02636E+12 0.02771 
   94   94    1    1    1    1    1    1    1    1  4.90869E+11 0.03656 
   95   95    1    1    1    1    1    1    1    1  2.33100E+11 0.03771 
   96   96    1    1    1    1    1    1    1    1  1.19727E+11 0.06009 
   97   97    1    1    1    1    1    1    1    1  4.88164E+10 0.11501 
   98   98    1    1    1    1    1    1    1    1  2.08371E+10 0.12887 
   99   99    1    1    1    1    1    1    1    1  1.60143E+10 0.17209 
  100  100    1    1    1    1    1    1    1    1  7.95578E+09 0.19190 
];


