
DETdpaspec = [
    1    1    1    1    1    1    1    1    1    1  0.00000E+00 0.00000 
    2    2    1    1    1    1    1    1    1    1  0.00000E+00 0.00000 
    3    3    1    1    1    1    1    1    1    1  0.00000E+00 0.00000 
    4    4    1    1    1    1    1    1    1    1  0.00000E+00 0.00000 
    5    5    1    1    1    1    1    1    1    1  0.00000E+00 0.00000 
    6    6    1    1    1    1    1    1    1    1  8.02964E+06 1.00000 
    7    7    1    1    1    1    1    1    1    1  1.59605E+07 1.00000 
    8    8    1    1    1    1    1    1    1    1  0.00000E+00 0.00000 
    9    9    1    1    1    1    1    1    1    1  6.70350E+06 1.00000 
   10   10    1    1    1    1    1    1    1    1  2.16164E+08 0.63142 
   11   11    1    1    1    1    1    1    1    1  1.49614E+08 1.00000 
   12   12    1    1    1    1    1    1    1    1  2.50698E+07 0.90328 
   13   13    1    1    1    1    1    1    1    1  7.76123E+08 0.70522 
   14   14    1    1    1    1    1    1    1    1  2.72355E+09 0.55261 
   15   15    1    1    1    1    1    1    1    1  4.16889E+09 0.37636 
   16   16    1    1    1    1    1    1    1    1  1.32371E+09 0.44927 
   17   17    1    1    1    1    1    1    1    1  1.11806E+09 0.31687 
   18   18    1    1    1    1    1    1    1    1  3.35530E+09 0.18849 
   19   19    1    1    1    1    1    1    1    1  5.47396E+09 0.20757 
   20   20    1    1    1    1    1    1    1    1  2.33301E+10 0.18095 
   21   21    1    1    1    1    1    1    1    1  1.33156E+10 0.16306 
   22   22    1    1    1    1    1    1    1    1  5.25031E+10 0.08324 
   23   23    1    1    1    1    1    1    1    1  6.11637E+10 0.07774 
   24   24    1    1    1    1    1    1    1    1  8.54460E+10 0.06276 
   25   25    1    1    1    1    1    1    1    1  1.04734E+11 0.05412 
   26   26    1    1    1    1    1    1    1    1  1.87843E+11 0.03707 
   27   27    1    1    1    1    1    1    1    1  3.03263E+11 0.04397 
   28   28    1    1    1    1    1    1    1    1  6.38988E+11 0.03036 
   29   29    1    1    1    1    1    1    1    1  9.79221E+11 0.01813 
   30   30    1    1    1    1    1    1    1    1  2.84515E+12 0.01279 
   31   31    1    1    1    1    1    1    1    1  8.93258E+12 0.00855 
   32   32    1    1    1    1    1    1    1    1  1.71858E+13 0.00692 
   33   33    1    1    1    1    1    1    1    1  4.04242E+13 0.00592 
   34   34    1    1    1    1    1    1    1    1  5.62042E+13 0.00409 
   35   35    1    1    1    1    1    1    1    1  7.72363E+13 0.00272 
   36   36    1    1    1    1    1    1    1    1  5.33268E+13 0.00257 
   37   37    1    1    1    1    1    1    1    1  1.65706E+13 0.00251 
   38   38    1    1    1    1    1    1    1    1  9.19785E+13 0.00227 
   39   39    1    1    1    1    1    1    1    1  1.24465E+14 0.00174 
   40   40    1    1    1    1    1    1    1    1  2.12872E+14 0.00204 
   41   41    1    1    1    1    1    1    1    1  2.19220E+14 0.00174 
   42   42    1    1    1    1    1    1    1    1  4.64723E+14 0.00152 
   43   43    1    1    1    1    1    1    1    1  5.66228E+14 0.00110 
   44   44    1    1    1    1    1    1    1    1  8.21795E+14 0.00109 
   45   45    1    1    1    1    1    1    1    1  1.63068E+15 0.00090 
   46   46    1    1    1    1    1    1    1    1  7.69436E+14 0.00074 
   47   47    1    1    1    1    1    1    1    1  1.25099E+15 0.00087 
   48   48    1    1    1    1    1    1    1    1  1.75048E+15 0.00076 
   49   49    1    1    1    1    1    1    1    1  1.74599E+15 0.00101 
   50   50    1    1    1    1    1    1    1    1  2.70645E+15 0.00083 
   51   51    1    1    1    1    1    1    1    1  2.18305E+15 0.00105 
   52   52    1    1    1    1    1    1    1    1  2.57405E+15 0.00101 
   53   53    1    1    1    1    1    1    1    1  1.79716E+15 0.00086 
   54   54    1    1    1    1    1    1    1    1  2.17798E+15 0.00084 
   55   55    1    1    1    1    1    1    1    1  1.50281E+15 0.00086 
   56   56    1    1    1    1    1    1    1    1  2.05323E+14 0.00132 
   57   57    1    1    1    1    1    1    1    1  2.99597E+15 0.00072 
   58   58    1    1    1    1    1    1    1    1  1.31811E+15 0.00076 
   59   59    1    1    1    1    1    1    1    1  1.40898E+15 0.00089 
   60   60    1    1    1    1    1    1    1    1  1.08626E+15 0.00069 
   61   61    1    1    1    1    1    1    1    1  1.09141E+15 0.00105 
   62   62    1    1    1    1    1    1    1    1  1.13487E+15 0.00112 
   63   63    1    1    1    1    1    1    1    1  9.54092E+14 0.00128 
   64   64    1    1    1    1    1    1    1    1  7.60139E+14 0.00108 
   65   65    1    1    1    1    1    1    1    1  7.54145E+14 0.00131 
   66   66    1    1    1    1    1    1    1    1  5.42864E+14 0.00157 
   67   67    1    1    1    1    1    1    1    1  4.43811E+14 0.00124 
   68   68    1    1    1    1    1    1    1    1  3.99457E+14 0.00114 
   69   69    1    1    1    1    1    1    1    1  4.79410E+14 0.00114 
   70   70    1    1    1    1    1    1    1    1  4.08775E+14 0.00110 
   71   71    1    1    1    1    1    1    1    1  7.50478E+14 0.00119 
   72   72    1    1    1    1    1    1    1    1  5.32398E+14 0.00152 
   73   73    1    1    1    1    1    1    1    1  4.00924E+14 0.00141 
   74   74    1    1    1    1    1    1    1    1  3.19821E+14 0.00175 
   75   75    1    1    1    1    1    1    1    1  2.62648E+14 0.00176 
   76   76    1    1    1    1    1    1    1    1  3.02006E+14 0.00184 
   77   77    1    1    1    1    1    1    1    1  2.36817E+14 0.00164 
   78   78    1    1    1    1    1    1    1    1  1.88081E+14 0.00163 
   79   79    1    1    1    1    1    1    1    1  1.93024E+14 0.00201 
   80   80    1    1    1    1    1    1    1    1  1.42650E+14 0.00186 
   81   81    1    1    1    1    1    1    1    1  1.09839E+14 0.00227 
   82   82    1    1    1    1    1    1    1    1  8.39047E+13 0.00247 
   83   83    1    1    1    1    1    1    1    1  7.84065E+13 0.00228 
   84   84    1    1    1    1    1    1    1    1  5.68172E+13 0.00366 
   85   85    1    1    1    1    1    1    1    1  4.05207E+13 0.00258 
   86   86    1    1    1    1    1    1    1    1  3.78893E+13 0.00417 
   87   87    1    1    1    1    1    1    1    1  2.33644E+13 0.00461 
   88   88    1    1    1    1    1    1    1    1  1.57081E+13 0.00600 
   89   89    1    1    1    1    1    1    1    1  9.23100E+12 0.00776 
   90   90    1    1    1    1    1    1    1    1  6.01621E+12 0.00968 
   91   91    1    1    1    1    1    1    1    1  3.02953E+12 0.01137 
   92   92    1    1    1    1    1    1    1    1  1.48383E+12 0.01437 
   93   93    1    1    1    1    1    1    1    1  7.05994E+11 0.02689 
   94   94    1    1    1    1    1    1    1    1  3.45452E+11 0.03970 
   95   95    1    1    1    1    1    1    1    1  1.65354E+11 0.06815 
   96   96    1    1    1    1    1    1    1    1  7.55834E+10 0.08434 
   97   97    1    1    1    1    1    1    1    1  4.05744E+10 0.12943 
   98   98    1    1    1    1    1    1    1    1  1.51296E+10 0.22188 
   99   99    1    1    1    1    1    1    1    1  1.19959E+10 0.20320 
  100  100    1    1    1    1    1    1    1    1  7.53369E+09 0.25647 
];


