
DETdpaspec = [
    1    1    1    1    1    1    1    1    1    1  0.00000E+00 0.00000 
    2    2    1    1    1    1    1    1    1    1  0.00000E+00 0.00000 
    3    3    1    1    1    1    1    1    1    1  0.00000E+00 0.00000 
    4    4    1    1    1    1    1    1    1    1  0.00000E+00 0.00000 
    5    5    1    1    1    1    1    1    1    1  0.00000E+00 0.00000 
    6    6    1    1    1    1    1    1    1    1  0.00000E+00 0.00000 
    7    7    1    1    1    1    1    1    1    1  1.49843E+07 1.00000 
    8    8    1    1    1    1    1    1    1    1  1.34539E+07 1.00000 
    9    9    1    1    1    1    1    1    1    1  0.00000E+00 0.00000 
   10   10    1    1    1    1    1    1    1    1  4.33055E+07 1.00000 
   11   11    1    1    1    1    1    1    1    1  2.74995E+08 0.51433 
   12   12    1    1    1    1    1    1    1    1  4.82571E+07 0.72154 
   13   13    1    1    1    1    1    1    1    1  4.13220E+08 0.65939 
   14   14    1    1    1    1    1    1    1    1  2.97714E+09 0.36749 
   15   15    1    1    1    1    1    1    1    1  3.51573E+09 0.42279 
   16   16    1    1    1    1    1    1    1    1  1.00345E+09 0.30756 
   17   17    1    1    1    1    1    1    1    1  2.22346E+09 0.30350 
   18   18    1    1    1    1    1    1    1    1  6.09231E+09 0.18758 
   19   19    1    1    1    1    1    1    1    1  6.67606E+09 0.24415 
   20   20    1    1    1    1    1    1    1    1  2.43478E+10 0.10574 
   21   21    1    1    1    1    1    1    1    1  1.81347E+10 0.12417 
   22   22    1    1    1    1    1    1    1    1  4.20823E+10 0.10921 
   23   23    1    1    1    1    1    1    1    1  5.80347E+10 0.09172 
   24   24    1    1    1    1    1    1    1    1  9.11347E+10 0.06538 
   25   25    1    1    1    1    1    1    1    1  1.16929E+11 0.06261 
   26   26    1    1    1    1    1    1    1    1  2.00017E+11 0.04231 
   27   27    1    1    1    1    1    1    1    1  3.44438E+11 0.03378 
   28   28    1    1    1    1    1    1    1    1  6.22550E+11 0.02413 
   29   29    1    1    1    1    1    1    1    1  9.37912E+11 0.02233 
   30   30    1    1    1    1    1    1    1    1  2.87879E+12 0.01242 
   31   31    1    1    1    1    1    1    1    1  9.01145E+12 0.00760 
   32   32    1    1    1    1    1    1    1    1  1.72785E+13 0.00486 
   33   33    1    1    1    1    1    1    1    1  4.07672E+13 0.00421 
   34   34    1    1    1    1    1    1    1    1  5.64983E+13 0.00220 
   35   35    1    1    1    1    1    1    1    1  7.76439E+13 0.00192 
   36   36    1    1    1    1    1    1    1    1  5.37725E+13 0.00162 
   37   37    1    1    1    1    1    1    1    1  1.67692E+13 0.00252 
   38   38    1    1    1    1    1    1    1    1  9.30182E+13 0.00220 
   39   39    1    1    1    1    1    1    1    1  1.25783E+14 0.00192 
   40   40    1    1    1    1    1    1    1    1  2.14760E+14 0.00155 
   41   41    1    1    1    1    1    1    1    1  2.21291E+14 0.00142 
   42   42    1    1    1    1    1    1    1    1  4.69590E+14 0.00113 
   43   43    1    1    1    1    1    1    1    1  5.70831E+14 0.00132 
   44   44    1    1    1    1    1    1    1    1  8.30898E+14 0.00108 
   45   45    1    1    1    1    1    1    1    1  1.64791E+15 0.00106 
   46   46    1    1    1    1    1    1    1    1  7.78004E+14 0.00110 
   47   47    1    1    1    1    1    1    1    1  1.26508E+15 0.00092 
   48   48    1    1    1    1    1    1    1    1  1.76992E+15 0.00080 
   49   49    1    1    1    1    1    1    1    1  1.76472E+15 0.00073 
   50   50    1    1    1    1    1    1    1    1  2.73990E+15 0.00074 
   51   51    1    1    1    1    1    1    1    1  2.20838E+15 0.00059 
   52   52    1    1    1    1    1    1    1    1  2.60738E+15 0.00060 
   53   53    1    1    1    1    1    1    1    1  1.82110E+15 0.00063 
   54   54    1    1    1    1    1    1    1    1  2.20665E+15 0.00086 
   55   55    1    1    1    1    1    1    1    1  1.52242E+15 0.00079 
   56   56    1    1    1    1    1    1    1    1  2.07859E+14 0.00073 
   57   57    1    1    1    1    1    1    1    1  3.03605E+15 0.00094 
   58   58    1    1    1    1    1    1    1    1  1.33845E+15 0.00106 
   59   59    1    1    1    1    1    1    1    1  1.43048E+15 0.00101 
   60   60    1    1    1    1    1    1    1    1  1.10340E+15 0.00120 
   61   61    1    1    1    1    1    1    1    1  1.10751E+15 0.00090 
   62   62    1    1    1    1    1    1    1    1  1.15341E+15 0.00124 
   63   63    1    1    1    1    1    1    1    1  9.69741E+14 0.00122 
   64   64    1    1    1    1    1    1    1    1  7.73582E+14 0.00112 
   65   65    1    1    1    1    1    1    1    1  7.67890E+14 0.00138 
   66   66    1    1    1    1    1    1    1    1  5.52403E+14 0.00099 
   67   67    1    1    1    1    1    1    1    1  4.51270E+14 0.00129 
   68   68    1    1    1    1    1    1    1    1  4.06998E+14 0.00117 
   69   69    1    1    1    1    1    1    1    1  4.88084E+14 0.00132 
   70   70    1    1    1    1    1    1    1    1  4.15997E+14 0.00114 
   71   71    1    1    1    1    1    1    1    1  7.64021E+14 0.00140 
   72   72    1    1    1    1    1    1    1    1  5.41673E+14 0.00125 
   73   73    1    1    1    1    1    1    1    1  4.06949E+14 0.00124 
   74   74    1    1    1    1    1    1    1    1  3.24255E+14 0.00089 
   75   75    1    1    1    1    1    1    1    1  2.67784E+14 0.00184 
   76   76    1    1    1    1    1    1    1    1  3.08677E+14 0.00149 
   77   77    1    1    1    1    1    1    1    1  2.41531E+14 0.00162 
   78   78    1    1    1    1    1    1    1    1  1.91950E+14 0.00161 
   79   79    1    1    1    1    1    1    1    1  1.96689E+14 0.00183 
   80   80    1    1    1    1    1    1    1    1  1.45358E+14 0.00191 
   81   81    1    1    1    1    1    1    1    1  1.11659E+14 0.00198 
   82   82    1    1    1    1    1    1    1    1  8.54194E+13 0.00322 
   83   83    1    1    1    1    1    1    1    1  7.98864E+13 0.00265 
   84   84    1    1    1    1    1    1    1    1  5.77260E+13 0.00312 
   85   85    1    1    1    1    1    1    1    1  4.15910E+13 0.00340 
   86   86    1    1    1    1    1    1    1    1  3.88309E+13 0.00360 
   87   87    1    1    1    1    1    1    1    1  2.40717E+13 0.00391 
   88   88    1    1    1    1    1    1    1    1  1.61507E+13 0.00575 
   89   89    1    1    1    1    1    1    1    1  9.22723E+12 0.00783 
   90   90    1    1    1    1    1    1    1    1  6.19233E+12 0.01117 
   91   91    1    1    1    1    1    1    1    1  3.19297E+12 0.01134 
   92   92    1    1    1    1    1    1    1    1  1.51167E+12 0.01384 
   93   93    1    1    1    1    1    1    1    1  7.11412E+11 0.02609 
   94   94    1    1    1    1    1    1    1    1  3.47490E+11 0.03494 
   95   95    1    1    1    1    1    1    1    1  1.60469E+11 0.04851 
   96   96    1    1    1    1    1    1    1    1  8.27405E+10 0.08274 
   97   97    1    1    1    1    1    1    1    1  3.86073E+10 0.09906 
   98   98    1    1    1    1    1    1    1    1  1.75620E+10 0.15703 
   99   99    1    1    1    1    1    1    1    1  1.04237E+10 0.17073 
  100  100    1    1    1    1    1    1    1    1  1.05878E+10 0.22138 
];


