
DETdpaspec = [
    1    1    1    1    1    1    1    1    1    1  0.00000E+00 0.00000 
    2    2    1    1    1    1    1    1    1    1  0.00000E+00 0.00000 
    3    3    1    1    1    1    1    1    1    1  0.00000E+00 0.00000 
    4    4    1    1    1    1    1    1    1    1  0.00000E+00 0.00000 
    5    5    1    1    1    1    1    1    1    1  0.00000E+00 0.00000 
    6    6    1    1    1    1    1    1    1    1  0.00000E+00 0.00000 
    7    7    1    1    1    1    1    1    1    1  1.37627E+07 1.00000 
    8    8    1    1    1    1    1    1    1    1  0.00000E+00 0.00000 
    9    9    1    1    1    1    1    1    1    1  2.04525E+07 0.69625 
   10   10    1    1    1    1    1    1    1    1  0.00000E+00 0.00000 
   11   11    1    1    1    1    1    1    1    1  0.00000E+00 0.00000 
   12   12    1    1    1    1    1    1    1    1  1.70733E+07 0.65051 
   13   13    1    1    1    1    1    1    1    1  9.42617E+08 0.32786 
   14   14    1    1    1    1    1    1    1    1  3.14814E+09 0.60597 
   15   15    1    1    1    1    1    1    1    1  2.88683E+09 0.44324 
   16   16    1    1    1    1    1    1    1    1  1.07308E+09 0.44704 
   17   17    1    1    1    1    1    1    1    1  1.92177E+09 0.20922 
   18   18    1    1    1    1    1    1    1    1  6.10374E+09 0.17708 
   19   19    1    1    1    1    1    1    1    1  7.97678E+09 0.12703 
   20   20    1    1    1    1    1    1    1    1  2.62831E+10 0.10553 
   21   21    1    1    1    1    1    1    1    1  1.61312E+10 0.10494 
   22   22    1    1    1    1    1    1    1    1  4.82776E+10 0.06052 
   23   23    1    1    1    1    1    1    1    1  7.17422E+10 0.05343 
   24   24    1    1    1    1    1    1    1    1  1.02815E+11 0.04683 
   25   25    1    1    1    1    1    1    1    1  1.27663E+11 0.05704 
   26   26    1    1    1    1    1    1    1    1  1.95927E+11 0.04770 
   27   27    1    1    1    1    1    1    1    1  3.41151E+11 0.03228 
   28   28    1    1    1    1    1    1    1    1  6.00505E+11 0.02755 
   29   29    1    1    1    1    1    1    1    1  8.54314E+11 0.02065 
   30   30    1    1    1    1    1    1    1    1  2.66399E+12 0.01143 
   31   31    1    1    1    1    1    1    1    1  8.26928E+12 0.00866 
   32   32    1    1    1    1    1    1    1    1  1.55438E+13 0.00469 
   33   33    1    1    1    1    1    1    1    1  3.50134E+13 0.00427 
   34   34    1    1    1    1    1    1    1    1  4.67612E+13 0.00338 
   35   35    1    1    1    1    1    1    1    1  6.70079E+13 0.00391 
   36   36    1    1    1    1    1    1    1    1  4.68597E+13 0.00332 
   37   37    1    1    1    1    1    1    1    1  1.48443E+13 0.00335 
   38   38    1    1    1    1    1    1    1    1  8.02984E+13 0.00251 
   39   39    1    1    1    1    1    1    1    1  1.07938E+14 0.00242 
   40   40    1    1    1    1    1    1    1    1  1.81270E+14 0.00202 
   41   41    1    1    1    1    1    1    1    1  1.88911E+14 0.00201 
   42   42    1    1    1    1    1    1    1    1  3.91465E+14 0.00168 
   43   43    1    1    1    1    1    1    1    1  4.71891E+14 0.00138 
   44   44    1    1    1    1    1    1    1    1  6.76898E+14 0.00143 
   45   45    1    1    1    1    1    1    1    1  1.30946E+15 0.00137 
   46   46    1    1    1    1    1    1    1    1  6.18880E+14 0.00164 
   47   47    1    1    1    1    1    1    1    1  1.00733E+15 0.00140 
   48   48    1    1    1    1    1    1    1    1  1.39776E+15 0.00104 
   49   49    1    1    1    1    1    1    1    1  1.38993E+15 0.00117 
   50   50    1    1    1    1    1    1    1    1  2.11891E+15 0.00116 
   51   51    1    1    1    1    1    1    1    1  1.72196E+15 0.00145 
   52   52    1    1    1    1    1    1    1    1  1.99216E+15 0.00109 
   53   53    1    1    1    1    1    1    1    1  1.39209E+15 0.00142 
   54   54    1    1    1    1    1    1    1    1  1.65849E+15 0.00114 
   55   55    1    1    1    1    1    1    1    1  1.14743E+15 0.00128 
   56   56    1    1    1    1    1    1    1    1  1.57131E+14 0.00180 
   57   57    1    1    1    1    1    1    1    1  2.28193E+15 0.00116 
   58   58    1    1    1    1    1    1    1    1  9.81881E+14 0.00113 
   59   59    1    1    1    1    1    1    1    1  1.05184E+15 0.00136 
   60   60    1    1    1    1    1    1    1    1  7.99458E+14 0.00142 
   61   61    1    1    1    1    1    1    1    1  8.06146E+14 0.00192 
   62   62    1    1    1    1    1    1    1    1  8.34537E+14 0.00138 
   63   63    1    1    1    1    1    1    1    1  6.96437E+14 0.00139 
   64   64    1    1    1    1    1    1    1    1  5.53450E+14 0.00153 
   65   65    1    1    1    1    1    1    1    1  5.48565E+14 0.00161 
   66   66    1    1    1    1    1    1    1    1  3.94839E+14 0.00124 
   67   67    1    1    1    1    1    1    1    1  3.23891E+14 0.00180 
   68   68    1    1    1    1    1    1    1    1  2.91420E+14 0.00175 
   69   69    1    1    1    1    1    1    1    1  3.49581E+14 0.00170 
   70   70    1    1    1    1    1    1    1    1  2.99222E+14 0.00201 
   71   71    1    1    1    1    1    1    1    1  5.54487E+14 0.00161 
   72   72    1    1    1    1    1    1    1    1  3.92600E+14 0.00176 
   73   73    1    1    1    1    1    1    1    1  2.93456E+14 0.00190 
   74   74    1    1    1    1    1    1    1    1  2.31442E+14 0.00176 
   75   75    1    1    1    1    1    1    1    1  1.88940E+14 0.00210 
   76   76    1    1    1    1    1    1    1    1  2.14411E+14 0.00225 
   77   77    1    1    1    1    1    1    1    1  1.66437E+14 0.00248 
   78   78    1    1    1    1    1    1    1    1  1.30368E+14 0.00230 
   79   79    1    1    1    1    1    1    1    1  1.32969E+14 0.00282 
   80   80    1    1    1    1    1    1    1    1  9.79824E+13 0.00279 
   81   81    1    1    1    1    1    1    1    1  7.55825E+13 0.00312 
   82   82    1    1    1    1    1    1    1    1  5.77330E+13 0.00397 
   83   83    1    1    1    1    1    1    1    1  5.37066E+13 0.00304 
   84   84    1    1    1    1    1    1    1    1  3.84669E+13 0.00429 
   85   85    1    1    1    1    1    1    1    1  2.78510E+13 0.00472 
   86   86    1    1    1    1    1    1    1    1  2.60018E+13 0.00596 
   87   87    1    1    1    1    1    1    1    1  1.62448E+13 0.00603 
   88   88    1    1    1    1    1    1    1    1  1.09915E+13 0.00335 
   89   89    1    1    1    1    1    1    1    1  6.19732E+12 0.01058 
   90   90    1    1    1    1    1    1    1    1  4.22332E+12 0.00882 
   91   91    1    1    1    1    1    1    1    1  2.07562E+12 0.02319 
   92   92    1    1    1    1    1    1    1    1  1.01233E+12 0.02178 
   93   93    1    1    1    1    1    1    1    1  5.05160E+11 0.02953 
   94   94    1    1    1    1    1    1    1    1  2.46239E+11 0.06306 
   95   95    1    1    1    1    1    1    1    1  1.25279E+11 0.07995 
   96   96    1    1    1    1    1    1    1    1  5.36398E+10 0.09984 
   97   97    1    1    1    1    1    1    1    1  3.03032E+10 0.13989 
   98   98    1    1    1    1    1    1    1    1  1.09659E+10 0.21264 
   99   99    1    1    1    1    1    1    1    1  4.58673E+09 0.28967 
  100  100    1    1    1    1    1    1    1    1  7.62278E+09 0.29945 
];


