
DETdpaspec = [
    1    1    1    1    1    1    1    1    1    1  0.00000E+00 0.00000 
    2    2    1    1    1    1    1    1    1    1  0.00000E+00 0.00000 
    3    3    1    1    1    1    1    1    1    1  0.00000E+00 0.00000 
    4    4    1    1    1    1    1    1    1    1  0.00000E+00 0.00000 
    5    5    1    1    1    1    1    1    1    1  0.00000E+00 0.00000 
    6    6    1    1    1    1    1    1    1    1  0.00000E+00 0.00000 
    7    7    1    1    1    1    1    1    1    1  0.00000E+00 0.00000 
    8    8    1    1    1    1    1    1    1    1  2.58961E+07 0.70524 
    9    9    1    1    1    1    1    1    1    1  1.53716E+07 1.00000 
   10   10    1    1    1    1    1    1    1    1  2.29549E+07 1.00000 
   11   11    1    1    1    1    1    1    1    1  0.00000E+00 0.00000 
   12   12    1    1    1    1    1    1    1    1  1.18798E+07 1.00000 
   13   13    1    1    1    1    1    1    1    1  8.38015E+08 0.49344 
   14   14    1    1    1    1    1    1    1    1  4.45329E+09 0.46154 
   15   15    1    1    1    1    1    1    1    1  2.96335E+09 0.49425 
   16   16    1    1    1    1    1    1    1    1  9.63916E+08 0.29879 
   17   17    1    1    1    1    1    1    1    1  1.01112E+09 0.31509 
   18   18    1    1    1    1    1    1    1    1  2.15776E+09 0.24249 
   19   19    1    1    1    1    1    1    1    1  7.49558E+09 0.24656 
   20   20    1    1    1    1    1    1    1    1  2.01354E+10 0.20259 
   21   21    1    1    1    1    1    1    1    1  1.70973E+10 0.14902 
   22   22    1    1    1    1    1    1    1    1  3.79252E+10 0.11002 
   23   23    1    1    1    1    1    1    1    1  5.08523E+10 0.07050 
   24   24    1    1    1    1    1    1    1    1  9.33179E+10 0.07854 
   25   25    1    1    1    1    1    1    1    1  1.13861E+11 0.05835 
   26   26    1    1    1    1    1    1    1    1  1.73917E+11 0.04484 
   27   27    1    1    1    1    1    1    1    1  3.48545E+11 0.03739 
   28   28    1    1    1    1    1    1    1    1  7.40498E+11 0.02347 
   29   29    1    1    1    1    1    1    1    1  1.14698E+12 0.01960 
   30   30    1    1    1    1    1    1    1    1  3.22830E+12 0.01171 
   31   31    1    1    1    1    1    1    1    1  1.02250E+13 0.00713 
   32   32    1    1    1    1    1    1    1    1  1.93015E+13 0.00528 
   33   33    1    1    1    1    1    1    1    1  4.64601E+13 0.00347 
   34   34    1    1    1    1    1    1    1    1  6.52805E+13 0.00336 
   35   35    1    1    1    1    1    1    1    1  8.63779E+13 0.00266 
   36   36    1    1    1    1    1    1    1    1  5.87474E+13 0.00276 
   37   37    1    1    1    1    1    1    1    1  1.80167E+13 0.00297 
   38   38    1    1    1    1    1    1    1    1  1.01335E+14 0.00191 
   39   39    1    1    1    1    1    1    1    1  1.37349E+14 0.00258 
   40   40    1    1    1    1    1    1    1    1  2.36270E+14 0.00176 
   41   41    1    1    1    1    1    1    1    1  2.40515E+14 0.00143 
   42   42    1    1    1    1    1    1    1    1  5.16227E+14 0.00114 
   43   43    1    1    1    1    1    1    1    1  6.30541E+14 0.00106 
   44   44    1    1    1    1    1    1    1    1  9.21080E+14 0.00125 
   45   45    1    1    1    1    1    1    1    1  1.84674E+15 0.00099 
   46   46    1    1    1    1    1    1    1    1  8.67083E+14 0.00092 
   47   47    1    1    1    1    1    1    1    1  1.40486E+15 0.00072 
   48   48    1    1    1    1    1    1    1    1  1.96989E+15 0.00082 
   49   49    1    1    1    1    1    1    1    1  1.96111E+15 0.00091 
   50   50    1    1    1    1    1    1    1    1  3.06596E+15 0.00071 
   51   51    1    1    1    1    1    1    1    1  2.45848E+15 0.00064 
   52   52    1    1    1    1    1    1    1    1  2.92816E+15 0.00083 
   53   53    1    1    1    1    1    1    1    1  2.04115E+15 0.00068 
   54   54    1    1    1    1    1    1    1    1  2.49686E+15 0.00061 
   55   55    1    1    1    1    1    1    1    1  1.72281E+15 0.00060 
   56   56    1    1    1    1    1    1    1    1  2.34561E+14 0.00097 
   57   57    1    1    1    1    1    1    1    1  3.43825E+15 0.00064 
   58   58    1    1    1    1    1    1    1    1  1.53049E+15 0.00084 
   59   59    1    1    1    1    1    1    1    1  1.63379E+15 0.00075 
   60   60    1    1    1    1    1    1    1    1  1.27069E+15 0.00071 
   61   61    1    1    1    1    1    1    1    1  1.27389E+15 0.00090 
   62   62    1    1    1    1    1    1    1    1  1.32995E+15 0.00076 
   63   63    1    1    1    1    1    1    1    1  1.11989E+15 0.00077 
   64   64    1    1    1    1    1    1    1    1  8.91919E+14 0.00107 
   65   65    1    1    1    1    1    1    1    1  8.87539E+14 0.00113 
   66   66    1    1    1    1    1    1    1    1  6.39318E+14 0.00120 
   67   67    1    1    1    1    1    1    1    1  5.21043E+14 0.00128 
   68   68    1    1    1    1    1    1    1    1  4.68198E+14 0.00156 
   69   69    1    1    1    1    1    1    1    1  5.62084E+14 0.00157 
   70   70    1    1    1    1    1    1    1    1  4.79605E+14 0.00129 
   71   71    1    1    1    1    1    1    1    1  8.73397E+14 0.00094 
   72   72    1    1    1    1    1    1    1    1  6.18814E+14 0.00128 
   73   73    1    1    1    1    1    1    1    1  4.64523E+14 0.00128 
   74   74    1    1    1    1    1    1    1    1  3.73943E+14 0.00125 
   75   75    1    1    1    1    1    1    1    1  3.10436E+14 0.00149 
   76   76    1    1    1    1    1    1    1    1  3.59657E+14 0.00125 
   77   77    1    1    1    1    1    1    1    1  2.83856E+14 0.00119 
   78   78    1    1    1    1    1    1    1    1  2.25977E+14 0.00164 
   79   79    1    1    1    1    1    1    1    1  2.32160E+14 0.00215 
   80   80    1    1    1    1    1    1    1    1  1.72240E+14 0.00265 
   81   81    1    1    1    1    1    1    1    1  1.32716E+14 0.00227 
   82   82    1    1    1    1    1    1    1    1  1.01739E+14 0.00290 
   83   83    1    1    1    1    1    1    1    1  9.56065E+13 0.00232 
   84   84    1    1    1    1    1    1    1    1  6.88814E+13 0.00328 
   85   85    1    1    1    1    1    1    1    1  4.98536E+13 0.00387 
   86   86    1    1    1    1    1    1    1    1  4.64377E+13 0.00363 
   87   87    1    1    1    1    1    1    1    1  2.84772E+13 0.00457 
   88   88    1    1    1    1    1    1    1    1  1.92073E+13 0.00584 
   89   89    1    1    1    1    1    1    1    1  1.09540E+13 0.00766 
   90   90    1    1    1    1    1    1    1    1  7.34603E+12 0.00835 
   91   91    1    1    1    1    1    1    1    1  3.69553E+12 0.01272 
   92   92    1    1    1    1    1    1    1    1  1.79637E+12 0.01510 
   93   93    1    1    1    1    1    1    1    1  8.71710E+11 0.02522 
   94   94    1    1    1    1    1    1    1    1  4.14185E+11 0.04296 
   95   95    1    1    1    1    1    1    1    1  1.94269E+11 0.04912 
   96   96    1    1    1    1    1    1    1    1  9.15861E+10 0.08669 
   97   97    1    1    1    1    1    1    1    1  4.25263E+10 0.10893 
   98   98    1    1    1    1    1    1    1    1  2.72354E+10 0.14415 
   99   99    1    1    1    1    1    1    1    1  1.59201E+10 0.14285 
  100  100    1    1    1    1    1    1    1    1  6.82440E+09 0.22430 
];


