
DETdpaspec = [
    1    1    1    1    1    1    1    1    1    1  0.00000E+00 0.00000 
    2    2    1    1    1    1    1    1    1    1  0.00000E+00 0.00000 
    3    3    1    1    1    1    1    1    1    1  0.00000E+00 0.00000 
    4    4    1    1    1    1    1    1    1    1  0.00000E+00 0.00000 
    5    5    1    1    1    1    1    1    1    1  7.65829E+06 1.00000 
    6    6    1    1    1    1    1    1    1    1  0.00000E+00 0.00000 
    7    7    1    1    1    1    1    1    1    1  0.00000E+00 0.00000 
    8    8    1    1    1    1    1    1    1    1  0.00000E+00 0.00000 
    9    9    1    1    1    1    1    1    1    1  2.16188E+07 1.00000 
   10   10    1    1    1    1    1    1    1    1  8.71525E+07 0.68830 
   11   11    1    1    1    1    1    1    1    1  3.55044E+07 1.00000 
   12   12    1    1    1    1    1    1    1    1  1.16217E+08 0.70790 
   13   13    1    1    1    1    1    1    1    1  1.20036E+08 1.00000 
   14   14    1    1    1    1    1    1    1    1  1.49833E+09 0.49194 
   15   15    1    1    1    1    1    1    1    1  2.26347E+09 0.29874 
   16   16    1    1    1    1    1    1    1    1  1.05937E+09 0.23604 
   17   17    1    1    1    1    1    1    1    1  2.96150E+09 0.27296 
   18   18    1    1    1    1    1    1    1    1  1.09853E+10 0.18563 
   19   19    1    1    1    1    1    1    1    1  7.95953E+09 0.17320 
   20   20    1    1    1    1    1    1    1    1  2.70743E+10 0.13002 
   21   21    1    1    1    1    1    1    1    1  1.90422E+10 0.09343 
   22   22    1    1    1    1    1    1    1    1  4.81535E+10 0.07937 
   23   23    1    1    1    1    1    1    1    1  6.60354E+10 0.07690 
   24   24    1    1    1    1    1    1    1    1  9.06795E+10 0.06518 
   25   25    1    1    1    1    1    1    1    1  1.20949E+11 0.07129 
   26   26    1    1    1    1    1    1    1    1  1.78426E+11 0.04298 
   27   27    1    1    1    1    1    1    1    1  3.38973E+11 0.03854 
   28   28    1    1    1    1    1    1    1    1  5.94283E+11 0.02910 
   29   29    1    1    1    1    1    1    1    1  8.19210E+11 0.02058 
   30   30    1    1    1    1    1    1    1    1  2.67028E+12 0.01802 
   31   31    1    1    1    1    1    1    1    1  8.26054E+12 0.00700 
   32   32    1    1    1    1    1    1    1    1  1.53586E+13 0.00636 
   33   33    1    1    1    1    1    1    1    1  3.49468E+13 0.00392 
   34   34    1    1    1    1    1    1    1    1  4.71593E+13 0.00338 
   35   35    1    1    1    1    1    1    1    1  6.77696E+13 0.00251 
   36   36    1    1    1    1    1    1    1    1  4.74647E+13 0.00313 
   37   37    1    1    1    1    1    1    1    1  1.49563E+13 0.00241 
   38   38    1    1    1    1    1    1    1    1  8.13680E+13 0.00250 
   39   39    1    1    1    1    1    1    1    1  1.09379E+14 0.00222 
   40   40    1    1    1    1    1    1    1    1  1.83468E+14 0.00193 
   41   41    1    1    1    1    1    1    1    1  1.90825E+14 0.00173 
   42   42    1    1    1    1    1    1    1    1  3.97229E+14 0.00164 
   43   43    1    1    1    1    1    1    1    1  4.78563E+14 0.00147 
   44   44    1    1    1    1    1    1    1    1  6.87762E+14 0.00138 
   45   45    1    1    1    1    1    1    1    1  1.33160E+15 0.00126 
   46   46    1    1    1    1    1    1    1    1  6.29898E+14 0.00122 
   47   47    1    1    1    1    1    1    1    1  1.02520E+15 0.00108 
   48   48    1    1    1    1    1    1    1    1  1.42381E+15 0.00085 
   49   49    1    1    1    1    1    1    1    1  1.41587E+15 0.00078 
   50   50    1    1    1    1    1    1    1    1  2.16470E+15 0.00091 
   51   51    1    1    1    1    1    1    1    1  1.75893E+15 0.00107 
   52   52    1    1    1    1    1    1    1    1  2.03629E+15 0.00098 
   53   53    1    1    1    1    1    1    1    1  1.42122E+15 0.00112 
   54   54    1    1    1    1    1    1    1    1  1.69369E+15 0.00083 
   55   55    1    1    1    1    1    1    1    1  1.17157E+15 0.00088 
   56   56    1    1    1    1    1    1    1    1  1.60455E+14 0.00181 
   57   57    1    1    1    1    1    1    1    1  2.33372E+15 0.00100 
   58   58    1    1    1    1    1    1    1    1  1.00627E+15 0.00123 
   59   59    1    1    1    1    1    1    1    1  1.07718E+15 0.00128 
   60   60    1    1    1    1    1    1    1    1  8.19274E+14 0.00111 
   61   61    1    1    1    1    1    1    1    1  8.24506E+14 0.00119 
   62   62    1    1    1    1    1    1    1    1  8.55403E+14 0.00123 
   63   63    1    1    1    1    1    1    1    1  7.14551E+14 0.00139 
   64   64    1    1    1    1    1    1    1    1  5.67868E+14 0.00151 
   65   65    1    1    1    1    1    1    1    1  5.62727E+14 0.00150 
   66   66    1    1    1    1    1    1    1    1  4.05141E+14 0.00166 
   67   67    1    1    1    1    1    1    1    1  3.32368E+14 0.00155 
   68   68    1    1    1    1    1    1    1    1  2.98680E+14 0.00152 
   69   69    1    1    1    1    1    1    1    1  3.58636E+14 0.00169 
   70   70    1    1    1    1    1    1    1    1  3.06680E+14 0.00179 
   71   71    1    1    1    1    1    1    1    1  5.66782E+14 0.00141 
   72   72    1    1    1    1    1    1    1    1  4.04176E+14 0.00151 
   73   73    1    1    1    1    1    1    1    1  3.01349E+14 0.00195 
   74   74    1    1    1    1    1    1    1    1  2.38495E+14 0.00188 
   75   75    1    1    1    1    1    1    1    1  1.93959E+14 0.00166 
   76   76    1    1    1    1    1    1    1    1  2.20319E+14 0.00187 
   77   77    1    1    1    1    1    1    1    1  1.71703E+14 0.00259 
   78   78    1    1    1    1    1    1    1    1  1.34348E+14 0.00145 
   79   79    1    1    1    1    1    1    1    1  1.37661E+14 0.00226 
   80   80    1    1    1    1    1    1    1    1  1.00953E+14 0.00198 
   81   81    1    1    1    1    1    1    1    1  7.74864E+13 0.00316 
   82   82    1    1    1    1    1    1    1    1  5.93615E+13 0.00300 
   83   83    1    1    1    1    1    1    1    1  5.58864E+13 0.00379 
   84   84    1    1    1    1    1    1    1    1  3.98496E+13 0.00321 
   85   85    1    1    1    1    1    1    1    1  2.86752E+13 0.00523 
   86   86    1    1    1    1    1    1    1    1  2.66515E+13 0.00288 
   87   87    1    1    1    1    1    1    1    1  1.65729E+13 0.00626 
   88   88    1    1    1    1    1    1    1    1  1.11219E+13 0.00590 
   89   89    1    1    1    1    1    1    1    1  6.46771E+12 0.00824 
   90   90    1    1    1    1    1    1    1    1  4.28462E+12 0.01217 
   91   91    1    1    1    1    1    1    1    1  2.18554E+12 0.02084 
   92   92    1    1    1    1    1    1    1    1  1.05764E+12 0.02835 
   93   93    1    1    1    1    1    1    1    1  5.19991E+11 0.03146 
   94   94    1    1    1    1    1    1    1    1  2.59108E+11 0.04481 
   95   95    1    1    1    1    1    1    1    1  1.24600E+11 0.07926 
   96   96    1    1    1    1    1    1    1    1  5.70864E+10 0.09172 
   97   97    1    1    1    1    1    1    1    1  2.58580E+10 0.17394 
   98   98    1    1    1    1    1    1    1    1  1.39493E+10 0.19485 
   99   99    1    1    1    1    1    1    1    1  5.14307E+09 0.42793 
  100  100    1    1    1    1    1    1    1    1  5.70710E+09 0.29349 
];


