
DETdpaspec = [
    1    1    1    1    1    1    1    1    1    1  0.00000E+00 0.00000 
    2    2    1    1    1    1    1    1    1    1  0.00000E+00 0.00000 
    3    3    1    1    1    1    1    1    1    1  6.79004E+06 1.00000 
    4    4    1    1    1    1    1    1    1    1  0.00000E+00 0.00000 
    5    5    1    1    1    1    1    1    1    1  0.00000E+00 0.00000 
    6    6    1    1    1    1    1    1    1    1  0.00000E+00 0.00000 
    7    7    1    1    1    1    1    1    1    1  1.33316E+07 1.00000 
    8    8    1    1    1    1    1    1    1    1  1.17032E+07 1.00000 
    9    9    1    1    1    1    1    1    1    1  1.01712E+07 1.00000 
   10   10    1    1    1    1    1    1    1    1  8.52683E+07 0.68830 
   11   11    1    1    1    1    1    1    1    1  3.82159E+07 1.00000 
   12   12    1    1    1    1    1    1    1    1  4.08380E+07 0.69424 
   13   13    1    1    1    1    1    1    1    1  6.35068E+08 0.51460 
   14   14    1    1    1    1    1    1    1    1  3.87630E+08 0.57006 
   15   15    1    1    1    1    1    1    1    1  1.01852E+09 0.46862 
   16   16    1    1    1    1    1    1    1    1  1.19915E+09 0.32887 
   17   17    1    1    1    1    1    1    1    1  2.50839E+09 0.26555 
   18   18    1    1    1    1    1    1    1    1  4.26716E+09 0.29100 
   19   19    1    1    1    1    1    1    1    1  4.92761E+09 0.17369 
   20   20    1    1    1    1    1    1    1    1  2.33195E+10 0.13385 
   21   21    1    1    1    1    1    1    1    1  1.68423E+10 0.14055 
   22   22    1    1    1    1    1    1    1    1  4.78629E+10 0.07105 
   23   23    1    1    1    1    1    1    1    1  6.81107E+10 0.06375 
   24   24    1    1    1    1    1    1    1    1  1.02484E+11 0.05862 
   25   25    1    1    1    1    1    1    1    1  1.27037E+11 0.05659 
   26   26    1    1    1    1    1    1    1    1  2.06222E+11 0.05574 
   27   27    1    1    1    1    1    1    1    1  3.44769E+11 0.03217 
   28   28    1    1    1    1    1    1    1    1  5.91317E+11 0.03199 
   29   29    1    1    1    1    1    1    1    1  8.42821E+11 0.02892 
   30   30    1    1    1    1    1    1    1    1  2.66880E+12 0.01574 
   31   31    1    1    1    1    1    1    1    1  8.33084E+12 0.00822 
   32   32    1    1    1    1    1    1    1    1  1.56957E+13 0.00612 
   33   33    1    1    1    1    1    1    1    1  3.57216E+13 0.00484 
   34   34    1    1    1    1    1    1    1    1  4.83270E+13 0.00401 
   35   35    1    1    1    1    1    1    1    1  6.89829E+13 0.00293 
   36   36    1    1    1    1    1    1    1    1  4.82724E+13 0.00290 
   37   37    1    1    1    1    1    1    1    1  1.51884E+13 0.00317 
   38   38    1    1    1    1    1    1    1    1  8.30176E+13 0.00282 
   39   39    1    1    1    1    1    1    1    1  1.11271E+14 0.00268 
   40   40    1    1    1    1    1    1    1    1  1.87695E+14 0.00273 
   41   41    1    1    1    1    1    1    1    1  1.95081E+14 0.00242 
   42   42    1    1    1    1    1    1    1    1  4.06540E+14 0.00209 
   43   43    1    1    1    1    1    1    1    1  4.90833E+14 0.00189 
   44   44    1    1    1    1    1    1    1    1  7.07762E+14 0.00151 
   45   45    1    1    1    1    1    1    1    1  1.37901E+15 0.00125 
   46   46    1    1    1    1    1    1    1    1  6.52211E+14 0.00126 
   47   47    1    1    1    1    1    1    1    1  1.06090E+15 0.00122 
   48   48    1    1    1    1    1    1    1    1  1.47689E+15 0.00137 
   49   49    1    1    1    1    1    1    1    1  1.46663E+15 0.00137 
   50   50    1    1    1    1    1    1    1    1  2.25228E+15 0.00119 
   51   51    1    1    1    1    1    1    1    1  1.82739E+15 0.00115 
   52   52    1    1    1    1    1    1    1    1  2.12118E+15 0.00127 
   53   53    1    1    1    1    1    1    1    1  1.47868E+15 0.00124 
   54   54    1    1    1    1    1    1    1    1  1.76863E+15 0.00115 
   55   55    1    1    1    1    1    1    1    1  1.22312E+15 0.00120 
   56   56    1    1    1    1    1    1    1    1  1.67726E+14 0.00167 
   57   57    1    1    1    1    1    1    1    1  2.43551E+15 0.00147 
   58   58    1    1    1    1    1    1    1    1  1.05481E+15 0.00163 
   59   59    1    1    1    1    1    1    1    1  1.12888E+15 0.00160 
   60   60    1    1    1    1    1    1    1    1  8.60432E+14 0.00166 
   61   61    1    1    1    1    1    1    1    1  8.66360E+14 0.00153 
   62   62    1    1    1    1    1    1    1    1  8.99139E+14 0.00158 
   63   63    1    1    1    1    1    1    1    1  7.51386E+14 0.00172 
   64   64    1    1    1    1    1    1    1    1  5.98382E+14 0.00182 
   65   65    1    1    1    1    1    1    1    1  5.91024E+14 0.00168 
   66   66    1    1    1    1    1    1    1    1  4.25475E+14 0.00193 
   67   67    1    1    1    1    1    1    1    1  3.48822E+14 0.00202 
   68   68    1    1    1    1    1    1    1    1  3.14464E+14 0.00167 
   69   69    1    1    1    1    1    1    1    1  3.76916E+14 0.00184 
   70   70    1    1    1    1    1    1    1    1  3.22777E+14 0.00235 
   71   71    1    1    1    1    1    1    1    1  5.95070E+14 0.00216 
   72   72    1    1    1    1    1    1    1    1  4.22258E+14 0.00194 
   73   73    1    1    1    1    1    1    1    1  3.16920E+14 0.00239 
   74   74    1    1    1    1    1    1    1    1  2.50130E+14 0.00233 
   75   75    1    1    1    1    1    1    1    1  2.04097E+14 0.00231 
   76   76    1    1    1    1    1    1    1    1  2.32517E+14 0.00284 
   77   77    1    1    1    1    1    1    1    1  1.80891E+14 0.00227 
   78   78    1    1    1    1    1    1    1    1  1.42429E+14 0.00196 
   79   79    1    1    1    1    1    1    1    1  1.45353E+14 0.00229 
   80   80    1    1    1    1    1    1    1    1  1.06752E+14 0.00311 
   81   81    1    1    1    1    1    1    1    1  8.20785E+13 0.00220 
   82   82    1    1    1    1    1    1    1    1  6.27931E+13 0.00281 
   83   83    1    1    1    1    1    1    1    1  5.87372E+13 0.00253 
   84   84    1    1    1    1    1    1    1    1  4.21199E+13 0.00413 
   85   85    1    1    1    1    1    1    1    1  3.03224E+13 0.00411 
   86   86    1    1    1    1    1    1    1    1  2.85565E+13 0.00390 
   87   87    1    1    1    1    1    1    1    1  1.74871E+13 0.00713 
   88   88    1    1    1    1    1    1    1    1  1.19041E+13 0.00703 
   89   89    1    1    1    1    1    1    1    1  6.94662E+12 0.00657 
   90   90    1    1    1    1    1    1    1    1  4.63315E+12 0.01014 
   91   91    1    1    1    1    1    1    1    1  2.28826E+12 0.01122 
   92   92    1    1    1    1    1    1    1    1  1.13746E+12 0.01893 
   93   93    1    1    1    1    1    1    1    1  5.41040E+11 0.02797 
   94   94    1    1    1    1    1    1    1    1  2.63303E+11 0.05700 
   95   95    1    1    1    1    1    1    1    1  1.33037E+11 0.07376 
   96   96    1    1    1    1    1    1    1    1  5.25414E+10 0.07550 
   97   97    1    1    1    1    1    1    1    1  2.28104E+10 0.14872 
   98   98    1    1    1    1    1    1    1    1  1.51732E+10 0.16909 
   99   99    1    1    1    1    1    1    1    1  6.70939E+09 0.25698 
  100  100    1    1    1    1    1    1    1    1  5.15783E+09 0.22965 
];


