
DETdpaspec = [
    1    1    1    1    1    1    1    1    1    1  0.00000E+00 0.00000 
    2    2    1    1    1    1    1    1    1    1  0.00000E+00 0.00000 
    3    3    1    1    1    1    1    1    1    1  0.00000E+00 0.00000 
    4    4    1    1    1    1    1    1    1    1  0.00000E+00 0.00000 
    5    5    1    1    1    1    1    1    1    1  0.00000E+00 0.00000 
    6    6    1    1    1    1    1    1    1    1  0.00000E+00 0.00000 
    7    7    1    1    1    1    1    1    1    1  1.18394E+07 1.00000 
    8    8    1    1    1    1    1    1    1    1  0.00000E+00 0.00000 
    9    9    1    1    1    1    1    1    1    1  0.00000E+00 0.00000 
   10   10    1    1    1    1    1    1    1    1  8.56892E+07 1.00000 
   11   11    1    1    1    1    1    1    1    1  8.97432E+07 1.00000 
   12   12    1    1    1    1    1    1    1    1  1.92120E+07 1.00000 
   13   13    1    1    1    1    1    1    1    1  1.10334E+09 0.41609 
   14   14    1    1    1    1    1    1    1    1  2.15050E+09 0.43544 
   15   15    1    1    1    1    1    1    1    1  3.66659E+09 0.38181 
   16   16    1    1    1    1    1    1    1    1  1.66412E+09 0.40430 
   17   17    1    1    1    1    1    1    1    1  1.23122E+09 0.39767 
   18   18    1    1    1    1    1    1    1    1  6.72491E+09 0.23011 
   19   19    1    1    1    1    1    1    1    1  3.59790E+09 0.15590 
   20   20    1    1    1    1    1    1    1    1  2.29972E+10 0.11332 
   21   21    1    1    1    1    1    1    1    1  1.88462E+10 0.12358 
   22   22    1    1    1    1    1    1    1    1  4.30897E+10 0.08390 
   23   23    1    1    1    1    1    1    1    1  6.14464E+10 0.07837 
   24   24    1    1    1    1    1    1    1    1  8.55024E+10 0.04809 
   25   25    1    1    1    1    1    1    1    1  1.26437E+11 0.04933 
   26   26    1    1    1    1    1    1    1    1  1.90594E+11 0.05313 
   27   27    1    1    1    1    1    1    1    1  3.09810E+11 0.03310 
   28   28    1    1    1    1    1    1    1    1  6.27290E+11 0.03153 
   29   29    1    1    1    1    1    1    1    1  9.57878E+11 0.02134 
   30   30    1    1    1    1    1    1    1    1  2.91790E+12 0.01276 
   31   31    1    1    1    1    1    1    1    1  9.12492E+12 0.00878 
   32   32    1    1    1    1    1    1    1    1  1.74243E+13 0.00718 
   33   33    1    1    1    1    1    1    1    1  4.12823E+13 0.00488 
   34   34    1    1    1    1    1    1    1    1  5.74608E+13 0.00300 
   35   35    1    1    1    1    1    1    1    1  7.87287E+13 0.00278 
   36   36    1    1    1    1    1    1    1    1  5.41901E+13 0.00240 
   37   37    1    1    1    1    1    1    1    1  1.68018E+13 0.00195 
   38   38    1    1    1    1    1    1    1    1  9.32095E+13 0.00184 
   39   39    1    1    1    1    1    1    1    1  1.26032E+14 0.00175 
   40   40    1    1    1    1    1    1    1    1  2.15979E+14 0.00156 
   41   41    1    1    1    1    1    1    1    1  2.22031E+14 0.00132 
   42   42    1    1    1    1    1    1    1    1  4.72167E+14 0.00131 
   43   43    1    1    1    1    1    1    1    1  5.73327E+14 0.00082 
   44   44    1    1    1    1    1    1    1    1  8.34352E+14 0.00092 
   45   45    1    1    1    1    1    1    1    1  1.66194E+15 0.00101 
   46   46    1    1    1    1    1    1    1    1  7.83551E+14 0.00099 
   47   47    1    1    1    1    1    1    1    1  1.27374E+15 0.00098 
   48   48    1    1    1    1    1    1    1    1  1.78202E+15 0.00061 
   49   49    1    1    1    1    1    1    1    1  1.77577E+15 0.00073 
   50   50    1    1    1    1    1    1    1    1  2.75750E+15 0.00072 
   51   51    1    1    1    1    1    1    1    1  2.22202E+15 0.00063 
   52   52    1    1    1    1    1    1    1    1  2.62465E+15 0.00075 
   53   53    1    1    1    1    1    1    1    1  1.83209E+15 0.00079 
   54   54    1    1    1    1    1    1    1    1  2.22478E+15 0.00069 
   55   55    1    1    1    1    1    1    1    1  1.53443E+15 0.00077 
   56   56    1    1    1    1    1    1    1    1  2.09586E+14 0.00122 
   57   57    1    1    1    1    1    1    1    1  3.06156E+15 0.00072 
   58   58    1    1    1    1    1    1    1    1  1.34883E+15 0.00066 
   59   59    1    1    1    1    1    1    1    1  1.43961E+15 0.00086 
   60   60    1    1    1    1    1    1    1    1  1.11221E+15 0.00089 
   61   61    1    1    1    1    1    1    1    1  1.11667E+15 0.00096 
   62   62    1    1    1    1    1    1    1    1  1.16260E+15 0.00089 
   63   63    1    1    1    1    1    1    1    1  9.76067E+14 0.00082 
   64   64    1    1    1    1    1    1    1    1  7.78804E+14 0.00107 
   65   65    1    1    1    1    1    1    1    1  7.73075E+14 0.00104 
   66   66    1    1    1    1    1    1    1    1  5.56560E+14 0.00139 
   67   67    1    1    1    1    1    1    1    1  4.54746E+14 0.00128 
   68   68    1    1    1    1    1    1    1    1  4.09487E+14 0.00142 
   69   69    1    1    1    1    1    1    1    1  4.91146E+14 0.00117 
   70   70    1    1    1    1    1    1    1    1  4.19131E+14 0.00145 
   71   71    1    1    1    1    1    1    1    1  7.68923E+14 0.00105 
   72   72    1    1    1    1    1    1    1    1  5.45449E+14 0.00128 
   73   73    1    1    1    1    1    1    1    1  4.10677E+14 0.00123 
   74   74    1    1    1    1    1    1    1    1  3.28031E+14 0.00165 
   75   75    1    1    1    1    1    1    1    1  2.69455E+14 0.00173 
   76   76    1    1    1    1    1    1    1    1  3.10593E+14 0.00136 
   77   77    1    1    1    1    1    1    1    1  2.43649E+14 0.00192 
   78   78    1    1    1    1    1    1    1    1  1.93389E+14 0.00184 
   79   79    1    1    1    1    1    1    1    1  1.98387E+14 0.00175 
   80   80    1    1    1    1    1    1    1    1  1.46939E+14 0.00214 
   81   81    1    1    1    1    1    1    1    1  1.12394E+14 0.00210 
   82   82    1    1    1    1    1    1    1    1  8.63638E+13 0.00200 
   83   83    1    1    1    1    1    1    1    1  8.06404E+13 0.00193 
   84   84    1    1    1    1    1    1    1    1  5.78549E+13 0.00364 
   85   85    1    1    1    1    1    1    1    1  4.22974E+13 0.00333 
   86   86    1    1    1    1    1    1    1    1  3.92280E+13 0.00382 
   87   87    1    1    1    1    1    1    1    1  2.41379E+13 0.00373 
   88   88    1    1    1    1    1    1    1    1  1.63690E+13 0.00682 
   89   89    1    1    1    1    1    1    1    1  9.43979E+12 0.00807 
   90   90    1    1    1    1    1    1    1    1  6.30069E+12 0.00847 
   91   91    1    1    1    1    1    1    1    1  3.14472E+12 0.01398 
   92   92    1    1    1    1    1    1    1    1  1.47983E+12 0.01908 
   93   93    1    1    1    1    1    1    1    1  7.59942E+11 0.03202 
   94   94    1    1    1    1    1    1    1    1  3.53276E+11 0.03465 
   95   95    1    1    1    1    1    1    1    1  1.56791E+11 0.06863 
   96   96    1    1    1    1    1    1    1    1  8.74814E+10 0.07742 
   97   97    1    1    1    1    1    1    1    1  3.99047E+10 0.11360 
   98   98    1    1    1    1    1    1    1    1  2.37760E+10 0.19917 
   99   99    1    1    1    1    1    1    1    1  6.92116E+09 0.36196 
  100  100    1    1    1    1    1    1    1    1  1.17156E+10 0.24679 
];


