
DETdpaspec = [
    1    1    1    1    1    1    1    1    1    1  0.00000E+00 0.00000 
    2    2    1    1    1    1    1    1    1    1  0.00000E+00 0.00000 
    3    3    1    1    1    1    1    1    1    1  0.00000E+00 0.00000 
    4    4    1    1    1    1    1    1    1    1  0.00000E+00 0.00000 
    5    5    1    1    1    1    1    1    1    1  0.00000E+00 0.00000 
    6    6    1    1    1    1    1    1    1    1  0.00000E+00 0.00000 
    7    7    1    1    1    1    1    1    1    1  0.00000E+00 0.00000 
    8    8    1    1    1    1    1    1    1    1  0.00000E+00 0.00000 
    9    9    1    1    1    1    1    1    1    1  7.52663E+06 1.00000 
   10   10    1    1    1    1    1    1    1    1  8.01311E+07 0.68968 
   11   11    1    1    1    1    1    1    1    1  7.53165E+07 0.68877 
   12   12    1    1    1    1    1    1    1    1  3.73174E+07 0.69631 
   13   13    1    1    1    1    1    1    1    1  6.93306E+08 0.52538 
   14   14    1    1    1    1    1    1    1    1  1.45795E+09 0.43648 
   15   15    1    1    1    1    1    1    1    1  4.24946E+09 0.34213 
   16   16    1    1    1    1    1    1    1    1  1.20223E+09 0.37505 
   17   17    1    1    1    1    1    1    1    1  3.07157E+09 0.23672 
   18   18    1    1    1    1    1    1    1    1  5.70487E+09 0.25235 
   19   19    1    1    1    1    1    1    1    1  5.30661E+09 0.20859 
   20   20    1    1    1    1    1    1    1    1  2.19097E+10 0.13322 
   21   21    1    1    1    1    1    1    1    1  1.51763E+10 0.13211 
   22   22    1    1    1    1    1    1    1    1  4.67548E+10 0.07802 
   23   23    1    1    1    1    1    1    1    1  5.97764E+10 0.07205 
   24   24    1    1    1    1    1    1    1    1  1.08268E+11 0.07186 
   25   25    1    1    1    1    1    1    1    1  1.21302E+11 0.05493 
   26   26    1    1    1    1    1    1    1    1  1.90007E+11 0.04022 
   27   27    1    1    1    1    1    1    1    1  3.32798E+11 0.03718 
   28   28    1    1    1    1    1    1    1    1  5.90334E+11 0.02960 
   29   29    1    1    1    1    1    1    1    1  8.35653E+11 0.01936 
   30   30    1    1    1    1    1    1    1    1  2.63296E+12 0.01033 
   31   31    1    1    1    1    1    1    1    1  8.14648E+12 0.00817 
   32   32    1    1    1    1    1    1    1    1  1.55924E+13 0.00579 
   33   33    1    1    1    1    1    1    1    1  3.50371E+13 0.00461 
   34   34    1    1    1    1    1    1    1    1  4.72937E+13 0.00295 
   35   35    1    1    1    1    1    1    1    1  6.77973E+13 0.00238 
   36   36    1    1    1    1    1    1    1    1  4.74973E+13 0.00270 
   37   37    1    1    1    1    1    1    1    1  1.50462E+13 0.00219 
   38   38    1    1    1    1    1    1    1    1  8.16578E+13 0.00210 
   39   39    1    1    1    1    1    1    1    1  1.09795E+14 0.00176 
   40   40    1    1    1    1    1    1    1    1  1.84526E+14 0.00150 
   41   41    1    1    1    1    1    1    1    1  1.92115E+14 0.00161 
   42   42    1    1    1    1    1    1    1    1  3.98425E+14 0.00129 
   43   43    1    1    1    1    1    1    1    1  4.80914E+14 0.00136 
   44   44    1    1    1    1    1    1    1    1  6.91363E+14 0.00145 
   45   45    1    1    1    1    1    1    1    1  1.34113E+15 0.00114 
   46   46    1    1    1    1    1    1    1    1  6.33365E+14 0.00108 
   47   47    1    1    1    1    1    1    1    1  1.02992E+15 0.00112 
   48   48    1    1    1    1    1    1    1    1  1.43171E+15 0.00125 
   49   49    1    1    1    1    1    1    1    1  1.42436E+15 0.00104 
   50   50    1    1    1    1    1    1    1    1  2.17713E+15 0.00109 
   51   51    1    1    1    1    1    1    1    1  1.76806E+15 0.00122 
   52   52    1    1    1    1    1    1    1    1  2.04760E+15 0.00137 
   53   53    1    1    1    1    1    1    1    1  1.42884E+15 0.00130 
   54   54    1    1    1    1    1    1    1    1  1.70476E+15 0.00137 
   55   55    1    1    1    1    1    1    1    1  1.17946E+15 0.00138 
   56   56    1    1    1    1    1    1    1    1  1.61835E+14 0.00147 
   57   57    1    1    1    1    1    1    1    1  2.34970E+15 0.00134 
   58   58    1    1    1    1    1    1    1    1  1.01368E+15 0.00157 
   59   59    1    1    1    1    1    1    1    1  1.08752E+15 0.00162 
   60   60    1    1    1    1    1    1    1    1  8.26935E+14 0.00133 
   61   61    1    1    1    1    1    1    1    1  8.32185E+14 0.00146 
   62   62    1    1    1    1    1    1    1    1  8.61734E+14 0.00158 
   63   63    1    1    1    1    1    1    1    1  7.19628E+14 0.00139 
   64   64    1    1    1    1    1    1    1    1  5.72588E+14 0.00119 
   65   65    1    1    1    1    1    1    1    1  5.67410E+14 0.00151 
   66   66    1    1    1    1    1    1    1    1  4.07314E+14 0.00143 
   67   67    1    1    1    1    1    1    1    1  3.34978E+14 0.00138 
   68   68    1    1    1    1    1    1    1    1  3.01316E+14 0.00138 
   69   69    1    1    1    1    1    1    1    1  3.61423E+14 0.00161 
   70   70    1    1    1    1    1    1    1    1  3.09188E+14 0.00207 
   71   71    1    1    1    1    1    1    1    1  5.70933E+14 0.00171 
   72   72    1    1    1    1    1    1    1    1  4.05142E+14 0.00170 
   73   73    1    1    1    1    1    1    1    1  3.03748E+14 0.00182 
   74   74    1    1    1    1    1    1    1    1  2.40142E+14 0.00185 
   75   75    1    1    1    1    1    1    1    1  1.94960E+14 0.00227 
   76   76    1    1    1    1    1    1    1    1  2.22663E+14 0.00219 
   77   77    1    1    1    1    1    1    1    1  1.72458E+14 0.00279 
   78   78    1    1    1    1    1    1    1    1  1.35532E+14 0.00286 
   79   79    1    1    1    1    1    1    1    1  1.37977E+14 0.00268 
   80   80    1    1    1    1    1    1    1    1  1.01541E+14 0.00295 
   81   81    1    1    1    1    1    1    1    1  7.79998E+13 0.00281 
   82   82    1    1    1    1    1    1    1    1  6.01417E+13 0.00298 
   83   83    1    1    1    1    1    1    1    1  5.58362E+13 0.00309 
   84   84    1    1    1    1    1    1    1    1  4.01846E+13 0.00379 
   85   85    1    1    1    1    1    1    1    1  2.89150E+13 0.00396 
   86   86    1    1    1    1    1    1    1    1  2.72118E+13 0.00510 
   87   87    1    1    1    1    1    1    1    1  1.66932E+13 0.00501 
   88   88    1    1    1    1    1    1    1    1  1.13016E+13 0.00668 
   89   89    1    1    1    1    1    1    1    1  6.49479E+12 0.01023 
   90   90    1    1    1    1    1    1    1    1  4.29765E+12 0.01034 
   91   91    1    1    1    1    1    1    1    1  2.14734E+12 0.01968 
   92   92    1    1    1    1    1    1    1    1  1.05046E+12 0.02097 
   93   93    1    1    1    1    1    1    1    1  5.34161E+11 0.02980 
   94   94    1    1    1    1    1    1    1    1  2.44253E+11 0.04292 
   95   95    1    1    1    1    1    1    1    1  1.16114E+11 0.07791 
   96   96    1    1    1    1    1    1    1    1  6.32228E+10 0.09547 
   97   97    1    1    1    1    1    1    1    1  2.92643E+10 0.16833 
   98   98    1    1    1    1    1    1    1    1  1.51889E+10 0.16250 
   99   99    1    1    1    1    1    1    1    1  7.72226E+09 0.31916 
  100  100    1    1    1    1    1    1    1    1  7.27897E+09 0.23221 
];


