
DETdpaspec = [
    1    1    1    1    1    1    1    1    1    1  0.00000E+00 0.00000 
    2    2    1    1    1    1    1    1    1    1  0.00000E+00 0.00000 
    3    3    1    1    1    1    1    1    1    1  0.00000E+00 0.00000 
    4    4    1    1    1    1    1    1    1    1  0.00000E+00 0.00000 
    5    5    1    1    1    1    1    1    1    1  0.00000E+00 0.00000 
    6    6    1    1    1    1    1    1    1    1  9.08279E+06 1.00000 
    7    7    1    1    1    1    1    1    1    1  1.23264E+07 1.00000 
    8    8    1    1    1    1    1    1    1    1  0.00000E+00 0.00000 
    9    9    1    1    1    1    1    1    1    1  6.10192E+06 1.00000 
   10   10    1    1    1    1    1    1    1    1  3.99250E+07 1.00000 
   11   11    1    1    1    1    1    1    1    1  9.25134E+07 0.68868 
   12   12    1    1    1    1    1    1    1    1  3.60007E+07 1.00000 
   13   13    1    1    1    1    1    1    1    1  1.72330E+09 0.46104 
   14   14    1    1    1    1    1    1    1    1  2.34170E+09 0.43123 
   15   15    1    1    1    1    1    1    1    1  2.67726E+09 0.55808 
   16   16    1    1    1    1    1    1    1    1  1.35962E+09 0.33632 
   17   17    1    1    1    1    1    1    1    1  2.72637E+09 0.25926 
   18   18    1    1    1    1    1    1    1    1  3.34913E+09 0.24660 
   19   19    1    1    1    1    1    1    1    1  6.26734E+09 0.20457 
   20   20    1    1    1    1    1    1    1    1  1.82927E+10 0.16640 
   21   21    1    1    1    1    1    1    1    1  1.69418E+10 0.15963 
   22   22    1    1    1    1    1    1    1    1  3.25390E+10 0.12247 
   23   23    1    1    1    1    1    1    1    1  4.60173E+10 0.09300 
   24   24    1    1    1    1    1    1    1    1  9.84935E+10 0.05390 
   25   25    1    1    1    1    1    1    1    1  1.27539E+11 0.06134 
   26   26    1    1    1    1    1    1    1    1  1.76551E+11 0.05354 
   27   27    1    1    1    1    1    1    1    1  3.22336E+11 0.03942 
   28   28    1    1    1    1    1    1    1    1  6.91653E+11 0.02453 
   29   29    1    1    1    1    1    1    1    1  1.08569E+12 0.02101 
   30   30    1    1    1    1    1    1    1    1  3.19379E+12 0.01280 
   31   31    1    1    1    1    1    1    1    1  1.00622E+13 0.00841 
   32   32    1    1    1    1    1    1    1    1  1.91295E+13 0.00604 
   33   33    1    1    1    1    1    1    1    1  4.59748E+13 0.00427 
   34   34    1    1    1    1    1    1    1    1  6.47364E+13 0.00284 
   35   35    1    1    1    1    1    1    1    1  8.57231E+13 0.00276 
   36   36    1    1    1    1    1    1    1    1  5.85008E+13 0.00198 
   37   37    1    1    1    1    1    1    1    1  1.79787E+13 0.00209 
   38   38    1    1    1    1    1    1    1    1  1.00774E+14 0.00168 
   39   39    1    1    1    1    1    1    1    1  1.36449E+14 0.00172 
   40   40    1    1    1    1    1    1    1    1  2.34627E+14 0.00131 
   41   41    1    1    1    1    1    1    1    1  2.38705E+14 0.00163 
   42   42    1    1    1    1    1    1    1    1  5.13144E+14 0.00133 
   43   43    1    1    1    1    1    1    1    1  6.23257E+14 0.00151 
   44   44    1    1    1    1    1    1    1    1  9.11511E+14 0.00103 
   45   45    1    1    1    1    1    1    1    1  1.82760E+15 0.00087 
   46   46    1    1    1    1    1    1    1    1  8.59104E+14 0.00095 
   47   47    1    1    1    1    1    1    1    1  1.39309E+15 0.00095 
   48   48    1    1    1    1    1    1    1    1  1.95021E+15 0.00075 
   49   49    1    1    1    1    1    1    1    1  1.94198E+15 0.00081 
   50   50    1    1    1    1    1    1    1    1  3.03572E+15 0.00071 
   51   51    1    1    1    1    1    1    1    1  2.43593E+15 0.00082 
   52   52    1    1    1    1    1    1    1    1  2.89913E+15 0.00082 
   53   53    1    1    1    1    1    1    1    1  2.02131E+15 0.00078 
   54   54    1    1    1    1    1    1    1    1  2.47245E+15 0.00070 
   55   55    1    1    1    1    1    1    1    1  1.70441E+15 0.00081 
   56   56    1    1    1    1    1    1    1    1  2.31992E+14 0.00118 
   57   57    1    1    1    1    1    1    1    1  3.39943E+15 0.00097 
   58   58    1    1    1    1    1    1    1    1  1.51277E+15 0.00086 
   59   59    1    1    1    1    1    1    1    1  1.61318E+15 0.00092 
   60   60    1    1    1    1    1    1    1    1  1.25483E+15 0.00096 
   61   61    1    1    1    1    1    1    1    1  1.25882E+15 0.00118 
   62   62    1    1    1    1    1    1    1    1  1.31372E+15 0.00097 
   63   63    1    1    1    1    1    1    1    1  1.10647E+15 0.00120 
   64   64    1    1    1    1    1    1    1    1  8.81461E+14 0.00119 
   65   65    1    1    1    1    1    1    1    1  8.76387E+14 0.00104 
   66   66    1    1    1    1    1    1    1    1  6.31244E+14 0.00089 
   67   67    1    1    1    1    1    1    1    1  5.15369E+14 0.00087 
   68   68    1    1    1    1    1    1    1    1  4.62564E+14 0.00075 
   69   69    1    1    1    1    1    1    1    1  5.55456E+14 0.00112 
   70   70    1    1    1    1    1    1    1    1  4.73663E+14 0.00144 
   71   71    1    1    1    1    1    1    1    1  8.64344E+14 0.00139 
   72   72    1    1    1    1    1    1    1    1  6.12334E+14 0.00150 
   73   73    1    1    1    1    1    1    1    1  4.60813E+14 0.00143 
   74   74    1    1    1    1    1    1    1    1  3.69208E+14 0.00182 
   75   75    1    1    1    1    1    1    1    1  3.06114E+14 0.00177 
   76   76    1    1    1    1    1    1    1    1  3.54846E+14 0.00115 
   77   77    1    1    1    1    1    1    1    1  2.79807E+14 0.00137 
   78   78    1    1    1    1    1    1    1    1  2.22698E+14 0.00190 
   79   79    1    1    1    1    1    1    1    1  2.30221E+14 0.00166 
   80   80    1    1    1    1    1    1    1    1  1.70040E+14 0.00205 
   81   81    1    1    1    1    1    1    1    1  1.30993E+14 0.00155 
   82   82    1    1    1    1    1    1    1    1  1.00547E+14 0.00179 
   83   83    1    1    1    1    1    1    1    1  9.41592E+13 0.00220 
   84   84    1    1    1    1    1    1    1    1  6.77651E+13 0.00315 
   85   85    1    1    1    1    1    1    1    1  4.86370E+13 0.00312 
   86   86    1    1    1    1    1    1    1    1  4.54296E+13 0.00298 
   87   87    1    1    1    1    1    1    1    1  2.80169E+13 0.00409 
   88   88    1    1    1    1    1    1    1    1  1.88908E+13 0.00618 
   89   89    1    1    1    1    1    1    1    1  1.09085E+13 0.00699 
   90   90    1    1    1    1    1    1    1    1  7.21894E+12 0.00872 
   91   91    1    1    1    1    1    1    1    1  3.65260E+12 0.01705 
   92   92    1    1    1    1    1    1    1    1  1.78150E+12 0.01873 
   93   93    1    1    1    1    1    1    1    1  8.32415E+11 0.02718 
   94   94    1    1    1    1    1    1    1    1  4.08326E+11 0.02981 
   95   95    1    1    1    1    1    1    1    1  2.08780E+11 0.04189 
   96   96    1    1    1    1    1    1    1    1  8.35091E+10 0.08932 
   97   97    1    1    1    1    1    1    1    1  4.70764E+10 0.14363 
   98   98    1    1    1    1    1    1    1    1  3.39181E+10 0.15356 
   99   99    1    1    1    1    1    1    1    1  1.00831E+10 0.24498 
  100  100    1    1    1    1    1    1    1    1  8.31318E+09 0.32088 
];


