
DETdpaspec = [
    1    1    1    1    1    1    1    1    1    1  0.00000E+00 0.00000 
    2    2    1    1    1    1    1    1    1    1  0.00000E+00 0.00000 
    3    3    1    1    1    1    1    1    1    1  0.00000E+00 0.00000 
    4    4    1    1    1    1    1    1    1    1  0.00000E+00 0.00000 
    5    5    1    1    1    1    1    1    1    1  0.00000E+00 0.00000 
    6    6    1    1    1    1    1    1    1    1  0.00000E+00 0.00000 
    7    7    1    1    1    1    1    1    1    1  0.00000E+00 0.00000 
    8    8    1    1    1    1    1    1    1    1  1.56803E+07 1.00000 
    9    9    1    1    1    1    1    1    1    1  1.35325E+07 0.69123 
   10   10    1    1    1    1    1    1    1    1  4.54250E+07 1.00000 
   11   11    1    1    1    1    1    1    1    1  0.00000E+00 0.00000 
   12   12    1    1    1    1    1    1    1    1  2.36124E+07 1.00000 
   13   13    1    1    1    1    1    1    1    1  7.82443E+08 0.52247 
   14   14    1    1    1    1    1    1    1    1  1.74603E+09 0.37288 
   15   15    1    1    1    1    1    1    1    1  4.76604E+09 0.33816 
   16   16    1    1    1    1    1    1    1    1  1.51578E+09 0.31331 
   17   17    1    1    1    1    1    1    1    1  1.37576E+09 0.33796 
   18   18    1    1    1    1    1    1    1    1  5.32427E+09 0.29513 
   19   19    1    1    1    1    1    1    1    1  5.80098E+09 0.25856 
   20   20    1    1    1    1    1    1    1    1  2.12065E+10 0.16267 
   21   21    1    1    1    1    1    1    1    1  1.73336E+10 0.18676 
   22   22    1    1    1    1    1    1    1    1  3.96632E+10 0.10305 
   23   23    1    1    1    1    1    1    1    1  5.34239E+10 0.08935 
   24   24    1    1    1    1    1    1    1    1  9.26576E+10 0.06001 
   25   25    1    1    1    1    1    1    1    1  1.24407E+11 0.05457 
   26   26    1    1    1    1    1    1    1    1  1.73155E+11 0.04287 
   27   27    1    1    1    1    1    1    1    1  3.00205E+11 0.03412 
   28   28    1    1    1    1    1    1    1    1  6.23760E+11 0.01902 
   29   29    1    1    1    1    1    1    1    1  9.87693E+11 0.02032 
   30   30    1    1    1    1    1    1    1    1  2.94417E+12 0.01443 
   31   31    1    1    1    1    1    1    1    1  9.31781E+12 0.00998 
   32   32    1    1    1    1    1    1    1    1  1.76842E+13 0.00541 
   33   33    1    1    1    1    1    1    1    1  4.17632E+13 0.00380 
   34   34    1    1    1    1    1    1    1    1  5.83130E+13 0.00405 
   35   35    1    1    1    1    1    1    1    1  7.94960E+13 0.00316 
   36   36    1    1    1    1    1    1    1    1  5.47368E+13 0.00338 
   37   37    1    1    1    1    1    1    1    1  1.70129E+13 0.00308 
   38   38    1    1    1    1    1    1    1    1  9.43805E+13 0.00244 
   39   39    1    1    1    1    1    1    1    1  1.28164E+14 0.00220 
   40   40    1    1    1    1    1    1    1    1  2.19232E+14 0.00179 
   41   41    1    1    1    1    1    1    1    1  2.24978E+14 0.00139 
   42   42    1    1    1    1    1    1    1    1  4.79057E+14 0.00133 
   43   43    1    1    1    1    1    1    1    1  5.83270E+14 0.00124 
   44   44    1    1    1    1    1    1    1    1  8.47946E+14 0.00097 
   45   45    1    1    1    1    1    1    1    1  1.68531E+15 0.00110 
   46   46    1    1    1    1    1    1    1    1  7.94042E+14 0.00103 
   47   47    1    1    1    1    1    1    1    1  1.29228E+15 0.00092 
   48   48    1    1    1    1    1    1    1    1  1.80973E+15 0.00074 
   49   49    1    1    1    1    1    1    1    1  1.80297E+15 0.00075 
   50   50    1    1    1    1    1    1    1    1  2.80399E+15 0.00082 
   51   51    1    1    1    1    1    1    1    1  2.25870E+15 0.00091 
   52   52    1    1    1    1    1    1    1    1  2.67279E+15 0.00081 
   53   53    1    1    1    1    1    1    1    1  1.86518E+15 0.00085 
   54   54    1    1    1    1    1    1    1    1  2.26578E+15 0.00071 
   55   55    1    1    1    1    1    1    1    1  1.56457E+15 0.00077 
   56   56    1    1    1    1    1    1    1    1  2.13645E+14 0.00092 
   57   57    1    1    1    1    1    1    1    1  3.11667E+15 0.00083 
   58   58    1    1    1    1    1    1    1    1  1.37442E+15 0.00112 
   59   59    1    1    1    1    1    1    1    1  1.46972E+15 0.00097 
   60   60    1    1    1    1    1    1    1    1  1.13514E+15 0.00129 
   61   61    1    1    1    1    1    1    1    1  1.14061E+15 0.00107 
   62   62    1    1    1    1    1    1    1    1  1.18993E+15 0.00113 
   63   63    1    1    1    1    1    1    1    1  9.99884E+14 0.00114 
   64   64    1    1    1    1    1    1    1    1  7.96831E+14 0.00116 
   65   65    1    1    1    1    1    1    1    1  7.90930E+14 0.00089 
   66   66    1    1    1    1    1    1    1    1  5.69039E+14 0.00093 
   67   67    1    1    1    1    1    1    1    1  4.64884E+14 0.00097 
   68   68    1    1    1    1    1    1    1    1  4.18246E+14 0.00131 
   69   69    1    1    1    1    1    1    1    1  5.02147E+14 0.00123 
   70   70    1    1    1    1    1    1    1    1  4.27753E+14 0.00157 
   71   71    1    1    1    1    1    1    1    1  7.85534E+14 0.00114 
   72   72    1    1    1    1    1    1    1    1  5.56239E+14 0.00119 
   73   73    1    1    1    1    1    1    1    1  4.18161E+14 0.00149 
   74   74    1    1    1    1    1    1    1    1  3.35065E+14 0.00191 
   75   75    1    1    1    1    1    1    1    1  2.75022E+14 0.00160 
   76   76    1    1    1    1    1    1    1    1  3.17408E+14 0.00203 
   77   77    1    1    1    1    1    1    1    1  2.49336E+14 0.00183 
   78   78    1    1    1    1    1    1    1    1  1.98164E+14 0.00173 
   79   79    1    1    1    1    1    1    1    1  2.03746E+14 0.00139 
   80   80    1    1    1    1    1    1    1    1  1.50587E+14 0.00200 
   81   81    1    1    1    1    1    1    1    1  1.15809E+14 0.00178 
   82   82    1    1    1    1    1    1    1    1  8.87472E+13 0.00264 
   83   83    1    1    1    1    1    1    1    1  8.29409E+13 0.00297 
   84   84    1    1    1    1    1    1    1    1  5.96468E+13 0.00325 
   85   85    1    1    1    1    1    1    1    1  4.28032E+13 0.00408 
   86   86    1    1    1    1    1    1    1    1  4.02922E+13 0.00254 
   87   87    1    1    1    1    1    1    1    1  2.47297E+13 0.00405 
   88   88    1    1    1    1    1    1    1    1  1.66369E+13 0.00676 
   89   89    1    1    1    1    1    1    1    1  9.62764E+12 0.00567 
   90   90    1    1    1    1    1    1    1    1  6.61632E+12 0.00831 
   91   91    1    1    1    1    1    1    1    1  3.22986E+12 0.01255 
   92   92    1    1    1    1    1    1    1    1  1.55072E+12 0.02056 
   93   93    1    1    1    1    1    1    1    1  7.29364E+11 0.02528 
   94   94    1    1    1    1    1    1    1    1  3.72616E+11 0.03400 
   95   95    1    1    1    1    1    1    1    1  1.70820E+11 0.04289 
   96   96    1    1    1    1    1    1    1    1  8.61315E+10 0.09132 
   97   97    1    1    1    1    1    1    1    1  3.61179E+10 0.09565 
   98   98    1    1    1    1    1    1    1    1  1.93612E+10 0.15588 
   99   99    1    1    1    1    1    1    1    1  7.23552E+09 0.31186 
  100  100    1    1    1    1    1    1    1    1  1.10107E+10 0.26230 
];


