
DETdpaspec = [
    1    1    1    1    1    1    1    1    1    1  0.00000E+00 0.00000 
    2    2    1    1    1    1    1    1    1    1  0.00000E+00 0.00000 
    3    3    1    1    1    1    1    1    1    1  0.00000E+00 0.00000 
    4    4    1    1    1    1    1    1    1    1  1.67563E+07 1.00000 
    5    5    1    1    1    1    1    1    1    1  1.75540E+07 1.00000 
    6    6    1    1    1    1    1    1    1    1  0.00000E+00 0.00000 
    7    7    1    1    1    1    1    1    1    1  2.32597E+07 1.00000 
    8    8    1    1    1    1    1    1    1    1  0.00000E+00 0.00000 
    9    9    1    1    1    1    1    1    1    1  0.00000E+00 0.00000 
   10   10    1    1    1    1    1    1    1    1  0.00000E+00 0.00000 
   11   11    1    1    1    1    1    1    1    1  0.00000E+00 0.00000 
   12   12    1    1    1    1    1    1    1    1  1.12877E+07 1.00000 
   13   13    1    1    1    1    1    1    1    1  5.51386E+08 0.48298 
   14   14    1    1    1    1    1    1    1    1  3.94740E+09 0.50212 
   15   15    1    1    1    1    1    1    1    1  8.11160E+08 0.49104 
   16   16    1    1    1    1    1    1    1    1  1.56345E+09 0.61520 
   17   17    1    1    1    1    1    1    1    1  2.00989E+09 0.39291 
   18   18    1    1    1    1    1    1    1    1  3.05059E+09 0.28376 
   19   19    1    1    1    1    1    1    1    1  3.10606E+09 0.21541 
   20   20    1    1    1    1    1    1    1    1  1.58258E+10 0.15356 
   21   21    1    1    1    1    1    1    1    1  1.33657E+10 0.15042 
   22   22    1    1    1    1    1    1    1    1  3.34728E+10 0.09007 
   23   23    1    1    1    1    1    1    1    1  5.27988E+10 0.07461 
   24   24    1    1    1    1    1    1    1    1  1.01369E+11 0.08377 
   25   25    1    1    1    1    1    1    1    1  1.53813E+11 0.06572 
   26   26    1    1    1    1    1    1    1    1  3.10064E+11 0.03886 
   27   27    1    1    1    1    1    1    1    1  6.96055E+11 0.02504 
   28   28    1    1    1    1    1    1    1    1  1.70370E+12 0.02334 
   29   29    1    1    1    1    1    1    1    1  3.05864E+12 0.01539 
   30   30    1    1    1    1    1    1    1    1  7.40859E+12 0.00922 
   31   31    1    1    1    1    1    1    1    1  2.05707E+13 0.00567 
   32   32    1    1    1    1    1    1    1    1  3.53755E+13 0.00389 
   33   33    1    1    1    1    1    1    1    1  8.08587E+13 0.00307 
   34   34    1    1    1    1    1    1    1    1  1.10721E+14 0.00240 
   35   35    1    1    1    1    1    1    1    1  1.26799E+14 0.00216 
   36   36    1    1    1    1    1    1    1    1  8.05322E+13 0.00211 
   37   37    1    1    1    1    1    1    1    1  2.40146E+13 0.00228 
   38   38    1    1    1    1    1    1    1    1  1.37576E+14 0.00204 
   39   39    1    1    1    1    1    1    1    1  1.85043E+14 0.00127 
   40   40    1    1    1    1    1    1    1    1  3.18376E+14 0.00116 
   41   41    1    1    1    1    1    1    1    1  3.12766E+14 0.00132 
   42   42    1    1    1    1    1    1    1    1  6.78614E+14 0.00101 
   43   43    1    1    1    1    1    1    1    1  8.22622E+14 0.00107 
   44   44    1    1    1    1    1    1    1    1  1.18952E+15 0.00061 
   45   45    1    1    1    1    1    1    1    1  2.37761E+15 0.00086 
   46   46    1    1    1    1    1    1    1    1  1.08749E+15 0.00077 
   47   47    1    1    1    1    1    1    1    1  1.74056E+15 0.00085 
   48   48    1    1    1    1    1    1    1    1  2.41679E+15 0.00069 
   49   49    1    1    1    1    1    1    1    1  2.38003E+15 0.00063 
   50   50    1    1    1    1    1    1    1    1  3.73793E+15 0.00053 
   51   51    1    1    1    1    1    1    1    1  2.92842E+15 0.00059 
   52   52    1    1    1    1    1    1    1    1  3.53070E+15 0.00067 
   53   53    1    1    1    1    1    1    1    1  2.43451E+15 0.00048 
   54   54    1    1    1    1    1    1    1    1  3.02041E+15 0.00052 
   55   55    1    1    1    1    1    1    1    1  2.07137E+15 0.00051 
   56   56    1    1    1    1    1    1    1    1  2.80200E+14 0.00125 
   57   57    1    1    1    1    1    1    1    1  4.10713E+15 0.00047 
   58   58    1    1    1    1    1    1    1    1  1.86477E+15 0.00072 
   59   59    1    1    1    1    1    1    1    1  1.97045E+15 0.00064 
   60   60    1    1    1    1    1    1    1    1  1.55517E+15 0.00051 
   61   61    1    1    1    1    1    1    1    1  1.55297E+15 0.00049 
   62   62    1    1    1    1    1    1    1    1  1.62175E+15 0.00078 
   63   63    1    1    1    1    1    1    1    1  1.36940E+15 0.00084 
   64   64    1    1    1    1    1    1    1    1  1.08836E+15 0.00094 
   65   65    1    1    1    1    1    1    1    1  1.08025E+15 0.00104 
   66   66    1    1    1    1    1    1    1    1  7.76953E+14 0.00086 
   67   67    1    1    1    1    1    1    1    1  6.30103E+14 0.00120 
   68   68    1    1    1    1    1    1    1    1  5.64084E+14 0.00106 
   69   69    1    1    1    1    1    1    1    1  6.75087E+14 0.00088 
   70   70    1    1    1    1    1    1    1    1  5.73500E+14 0.00073 
   71   71    1    1    1    1    1    1    1    1  1.02755E+15 0.00090 
   72   72    1    1    1    1    1    1    1    1  7.23820E+14 0.00109 
   73   73    1    1    1    1    1    1    1    1  5.45087E+14 0.00091 
   74   74    1    1    1    1    1    1    1    1  4.43424E+14 0.00122 
   75   75    1    1    1    1    1    1    1    1  3.71260E+14 0.00129 
   76   76    1    1    1    1    1    1    1    1  4.34939E+14 0.00110 
   77   77    1    1    1    1    1    1    1    1  3.47551E+14 0.00124 
   78   78    1    1    1    1    1    1    1    1  2.78077E+14 0.00135 
   79   79    1    1    1    1    1    1    1    1  2.89059E+14 0.00119 
   80   80    1    1    1    1    1    1    1    1  2.14694E+14 0.00202 
   81   81    1    1    1    1    1    1    1    1  1.65965E+14 0.00193 
   82   82    1    1    1    1    1    1    1    1  1.27786E+14 0.00179 
   83   83    1    1    1    1    1    1    1    1  1.18888E+14 0.00255 
   84   84    1    1    1    1    1    1    1    1  8.58616E+13 0.00218 
   85   85    1    1    1    1    1    1    1    1  6.23654E+13 0.00200 
   86   86    1    1    1    1    1    1    1    1  5.78078E+13 0.00301 
   87   87    1    1    1    1    1    1    1    1  3.55765E+13 0.00377 
   88   88    1    1    1    1    1    1    1    1  2.37698E+13 0.00452 
   89   89    1    1    1    1    1    1    1    1  1.36947E+13 0.00653 
   90   90    1    1    1    1    1    1    1    1  8.89972E+12 0.00734 
   91   91    1    1    1    1    1    1    1    1  4.58227E+12 0.01349 
   92   92    1    1    1    1    1    1    1    1  2.19837E+12 0.01899 
   93   93    1    1    1    1    1    1    1    1  1.07923E+12 0.02031 
   94   94    1    1    1    1    1    1    1    1  4.99357E+11 0.02379 
   95   95    1    1    1    1    1    1    1    1  2.22588E+11 0.05424 
   96   96    1    1    1    1    1    1    1    1  1.19178E+11 0.06244 
   97   97    1    1    1    1    1    1    1    1  5.73488E+10 0.11224 
   98   98    1    1    1    1    1    1    1    1  2.76794E+10 0.15805 
   99   99    1    1    1    1    1    1    1    1  9.77658E+09 0.21187 
  100  100    1    1    1    1    1    1    1    1  1.49899E+10 0.19702 
];


