
DETdpaspec = [
    1    1    1    1    1    1    1    1    1    1  0.00000E+00 0.00000 
    2    2    1    1    1    1    1    1    1    1  0.00000E+00 0.00000 
    3    3    1    1    1    1    1    1    1    1  0.00000E+00 0.00000 
    4    4    1    1    1    1    1    1    1    1  0.00000E+00 0.00000 
    5    5    1    1    1    1    1    1    1    1  0.00000E+00 0.00000 
    6    6    1    1    1    1    1    1    1    1  0.00000E+00 0.00000 
    7    7    1    1    1    1    1    1    1    1  0.00000E+00 0.00000 
    8    8    1    1    1    1    1    1    1    1  3.05680E+07 0.68825 
    9    9    1    1    1    1    1    1    1    1  0.00000E+00 0.00000 
   10   10    1    1    1    1    1    1    1    1  8.40410E+07 1.00000 
   11   11    1    1    1    1    1    1    1    1  3.97130E+07 1.00000 
   12   12    1    1    1    1    1    1    1    1  3.99119E+07 0.69855 
   13   13    1    1    1    1    1    1    1    1  3.20097E+08 0.55848 
   14   14    1    1    1    1    1    1    1    1  1.37592E+09 0.56318 
   15   15    1    1    1    1    1    1    1    1  3.07779E+09 0.36597 
   16   16    1    1    1    1    1    1    1    1  8.56012E+08 0.44770 
   17   17    1    1    1    1    1    1    1    1  1.94500E+09 0.25027 
   18   18    1    1    1    1    1    1    1    1  6.45391E+09 0.16880 
   19   19    1    1    1    1    1    1    1    1  5.77327E+09 0.25657 
   20   20    1    1    1    1    1    1    1    1  2.58128E+10 0.14204 
   21   21    1    1    1    1    1    1    1    1  1.81820E+10 0.14463 
   22   22    1    1    1    1    1    1    1    1  5.56851E+10 0.08386 
   23   23    1    1    1    1    1    1    1    1  6.40615E+10 0.07942 
   24   24    1    1    1    1    1    1    1    1  1.05629E+11 0.07433 
   25   25    1    1    1    1    1    1    1    1  1.36730E+11 0.05492 
   26   26    1    1    1    1    1    1    1    1  2.13010E+11 0.04470 
   27   27    1    1    1    1    1    1    1    1  3.79004E+11 0.04027 
   28   28    1    1    1    1    1    1    1    1  6.30577E+11 0.01660 
   29   29    1    1    1    1    1    1    1    1  8.59130E+11 0.01884 
   30   30    1    1    1    1    1    1    1    1  2.82912E+12 0.01250 
   31   31    1    1    1    1    1    1    1    1  8.31857E+12 0.00887 
   32   32    1    1    1    1    1    1    1    1  1.54788E+13 0.00663 
   33   33    1    1    1    1    1    1    1    1  3.35166E+13 0.00376 
   34   34    1    1    1    1    1    1    1    1  4.40289E+13 0.00318 
   35   35    1    1    1    1    1    1    1    1  6.43716E+13 0.00229 
   36   36    1    1    1    1    1    1    1    1  4.52595E+13 0.00292 
   37   37    1    1    1    1    1    1    1    1  1.44549E+13 0.00295 
   38   38    1    1    1    1    1    1    1    1  7.71172E+13 0.00231 
   39   39    1    1    1    1    1    1    1    1  1.02951E+14 0.00164 
   40   40    1    1    1    1    1    1    1    1  1.70519E+14 0.00184 
   41   41    1    1    1    1    1    1    1    1  1.78344E+14 0.00165 
   42   42    1    1    1    1    1    1    1    1  3.63143E+14 0.00158 
   43   43    1    1    1    1    1    1    1    1  4.34682E+14 0.00114 
   44   44    1    1    1    1    1    1    1    1  6.17071E+14 0.00119 
   45   45    1    1    1    1    1    1    1    1  1.17496E+15 0.00131 
   46   46    1    1    1    1    1    1    1    1  5.55178E+14 0.00138 
   47   47    1    1    1    1    1    1    1    1  9.03911E+14 0.00129 
   48   48    1    1    1    1    1    1    1    1  1.25118E+15 0.00131 
   49   49    1    1    1    1    1    1    1    1  1.24159E+15 0.00128 
   50   50    1    1    1    1    1    1    1    1  1.87836E+15 0.00117 
   51   51    1    1    1    1    1    1    1    1  1.53142E+15 0.00112 
   52   52    1    1    1    1    1    1    1    1  1.75016E+15 0.00134 
   53   53    1    1    1    1    1    1    1    1  1.22356E+15 0.00147 
   54   54    1    1    1    1    1    1    1    1  1.44292E+15 0.00132 
   55   55    1    1    1    1    1    1    1    1  9.99698E+14 0.00154 
   56   56    1    1    1    1    1    1    1    1  1.37617E+14 0.00194 
   57   57    1    1    1    1    1    1    1    1  1.98781E+15 0.00149 
   58   58    1    1    1    1    1    1    1    1  8.46179E+14 0.00111 
   59   59    1    1    1    1    1    1    1    1  9.06629E+14 0.00141 
   60   60    1    1    1    1    1    1    1    1  6.83108E+14 0.00148 
   61   61    1    1    1    1    1    1    1    1  6.88957E+14 0.00154 
   62   62    1    1    1    1    1    1    1    1  7.11991E+14 0.00182 
   63   63    1    1    1    1    1    1    1    1  5.91763E+14 0.00211 
   64   64    1    1    1    1    1    1    1    1  4.70062E+14 0.00192 
   65   65    1    1    1    1    1    1    1    1  4.65283E+14 0.00197 
   66   66    1    1    1    1    1    1    1    1  3.34009E+14 0.00194 
   67   67    1    1    1    1    1    1    1    1  2.75427E+14 0.00180 
   68   68    1    1    1    1    1    1    1    1  2.48828E+14 0.00193 
   69   69    1    1    1    1    1    1    1    1  2.98168E+14 0.00202 
   70   70    1    1    1    1    1    1    1    1  2.53891E+14 0.00232 
   71   71    1    1    1    1    1    1    1    1  4.72780E+14 0.00225 
   72   72    1    1    1    1    1    1    1    1  3.35929E+14 0.00250 
   73   73    1    1    1    1    1    1    1    1  2.51566E+14 0.00172 
   74   74    1    1    1    1    1    1    1    1  1.97185E+14 0.00179 
   75   75    1    1    1    1    1    1    1    1  1.59191E+14 0.00285 
   76   76    1    1    1    1    1    1    1    1  1.80236E+14 0.00225 
   77   77    1    1    1    1    1    1    1    1  1.38725E+14 0.00262 
   78   78    1    1    1    1    1    1    1    1  1.07946E+14 0.00301 
   79   79    1    1    1    1    1    1    1    1  1.09751E+14 0.00183 
   80   80    1    1    1    1    1    1    1    1  8.05044E+13 0.00273 
   81   81    1    1    1    1    1    1    1    1  6.12526E+13 0.00402 
   82   82    1    1    1    1    1    1    1    1  4.73651E+13 0.00516 
   83   83    1    1    1    1    1    1    1    1  4.40428E+13 0.00379 
   84   84    1    1    1    1    1    1    1    1  3.16241E+13 0.00451 
   85   85    1    1    1    1    1    1    1    1  2.26940E+13 0.00455 
   86   86    1    1    1    1    1    1    1    1  2.13904E+13 0.00583 
   87   87    1    1    1    1    1    1    1    1  1.32182E+13 0.00448 
   88   88    1    1    1    1    1    1    1    1  8.97232E+12 0.00825 
   89   89    1    1    1    1    1    1    1    1  5.20777E+12 0.01138 
   90   90    1    1    1    1    1    1    1    1  3.45641E+12 0.01220 
   91   91    1    1    1    1    1    1    1    1  1.69974E+12 0.01997 
   92   92    1    1    1    1    1    1    1    1  8.93788E+11 0.02350 
   93   93    1    1    1    1    1    1    1    1  4.03932E+11 0.04319 
   94   94    1    1    1    1    1    1    1    1  1.93777E+11 0.04235 
   95   95    1    1    1    1    1    1    1    1  1.04277E+11 0.08066 
   96   96    1    1    1    1    1    1    1    1  4.60149E+10 0.10051 
   97   97    1    1    1    1    1    1    1    1  2.20494E+10 0.15736 
   98   98    1    1    1    1    1    1    1    1  1.07996E+10 0.16829 
   99   99    1    1    1    1    1    1    1    1  8.16434E+09 0.28813 
  100  100    1    1    1    1    1    1    1    1  4.62047E+09 0.28715 
];


