
DETdpaspec = [
    1    1    1    1    1    1    1    1    1    1  0.00000E+00 0.00000 
    2    2    1    1    1    1    1    1    1    1  1.11433E+07 1.00000 
    3    3    1    1    1    1    1    1    1    1  0.00000E+00 0.00000 
    4    4    1    1    1    1    1    1    1    1  0.00000E+00 0.00000 
    5    5    1    1    1    1    1    1    1    1  1.78555E+07 1.00000 
    6    6    1    1    1    1    1    1    1    1  0.00000E+00 0.00000 
    7    7    1    1    1    1    1    1    1    1  0.00000E+00 0.00000 
    8    8    1    1    1    1    1    1    1    1  0.00000E+00 0.00000 
    9    9    1    1    1    1    1    1    1    1  0.00000E+00 0.00000 
   10   10    1    1    1    1    1    1    1    1  0.00000E+00 0.00000 
   11   11    1    1    1    1    1    1    1    1  3.01261E+08 0.79472 
   12   12    1    1    1    1    1    1    1    1  4.99610E+07 1.00000 
   13   13    1    1    1    1    1    1    1    1  1.12568E+09 0.54754 
   14   14    1    1    1    1    1    1    1    1  2.74796E+09 0.42396 
   15   15    1    1    1    1    1    1    1    1  2.31638E+09 0.40867 
   16   16    1    1    1    1    1    1    1    1  1.55804E+09 0.58659 
   17   17    1    1    1    1    1    1    1    1  1.35515E+09 0.39323 
   18   18    1    1    1    1    1    1    1    1  4.26086E+09 0.26698 
   19   19    1    1    1    1    1    1    1    1  4.56756E+09 0.25381 
   20   20    1    1    1    1    1    1    1    1  1.27412E+10 0.25015 
   21   21    1    1    1    1    1    1    1    1  1.55026E+10 0.17209 
   22   22    1    1    1    1    1    1    1    1  3.09080E+10 0.12837 
   23   23    1    1    1    1    1    1    1    1  4.23465E+10 0.10615 
   24   24    1    1    1    1    1    1    1    1  9.57185E+10 0.08459 
   25   25    1    1    1    1    1    1    1    1  1.41501E+11 0.05239 
   26   26    1    1    1    1    1    1    1    1  2.92302E+11 0.05381 
   27   27    1    1    1    1    1    1    1    1  6.74108E+11 0.03179 
   28   28    1    1    1    1    1    1    1    1  1.59253E+12 0.01864 
   29   29    1    1    1    1    1    1    1    1  2.96495E+12 0.00926 
   30   30    1    1    1    1    1    1    1    1  7.38134E+12 0.00707 
   31   31    1    1    1    1    1    1    1    1  2.05310E+13 0.00614 
   32   32    1    1    1    1    1    1    1    1  3.49773E+13 0.00325 
   33   33    1    1    1    1    1    1    1    1  7.98400E+13 0.00279 
   34   34    1    1    1    1    1    1    1    1  1.09097E+14 0.00237 
   35   35    1    1    1    1    1    1    1    1  1.25908E+14 0.00212 
   36   36    1    1    1    1    1    1    1    1  7.99755E+13 0.00215 
   37   37    1    1    1    1    1    1    1    1  2.38491E+13 0.00258 
   38   38    1    1    1    1    1    1    1    1  1.36886E+14 0.00204 
   39   39    1    1    1    1    1    1    1    1  1.83785E+14 0.00170 
   40   40    1    1    1    1    1    1    1    1  3.16175E+14 0.00146 
   41   41    1    1    1    1    1    1    1    1  3.12012E+14 0.00115 
   42   42    1    1    1    1    1    1    1    1  6.76089E+14 0.00103 
   43   43    1    1    1    1    1    1    1    1  8.20653E+14 0.00098 
   44   44    1    1    1    1    1    1    1    1  1.18618E+15 0.00084 
   45   45    1    1    1    1    1    1    1    1  2.37132E+15 0.00086 
   46   46    1    1    1    1    1    1    1    1  1.08429E+15 0.00076 
   47   47    1    1    1    1    1    1    1    1  1.73587E+15 0.00059 
   48   48    1    1    1    1    1    1    1    1  2.41158E+15 0.00073 
   49   49    1    1    1    1    1    1    1    1  2.37520E+15 0.00070 
   50   50    1    1    1    1    1    1    1    1  3.72861E+15 0.00053 
   51   51    1    1    1    1    1    1    1    1  2.92169E+15 0.00059 
   52   52    1    1    1    1    1    1    1    1  3.52541E+15 0.00040 
   53   53    1    1    1    1    1    1    1    1  2.43339E+15 0.00043 
   54   54    1    1    1    1    1    1    1    1  3.01772E+15 0.00058 
   55   55    1    1    1    1    1    1    1    1  2.06890E+15 0.00059 
   56   56    1    1    1    1    1    1    1    1  2.79881E+14 0.00100 
   57   57    1    1    1    1    1    1    1    1  4.10160E+15 0.00050 
   58   58    1    1    1    1    1    1    1    1  1.86327E+15 0.00068 
   59   59    1    1    1    1    1    1    1    1  1.96739E+15 0.00073 
   60   60    1    1    1    1    1    1    1    1  1.55101E+15 0.00066 
   61   61    1    1    1    1    1    1    1    1  1.55017E+15 0.00052 
   62   62    1    1    1    1    1    1    1    1  1.61891E+15 0.00054 
   63   63    1    1    1    1    1    1    1    1  1.36584E+15 0.00080 
   64   64    1    1    1    1    1    1    1    1  1.08638E+15 0.00072 
   65   65    1    1    1    1    1    1    1    1  1.07922E+15 0.00068 
   66   66    1    1    1    1    1    1    1    1  7.77574E+14 0.00103 
   67   67    1    1    1    1    1    1    1    1  6.29267E+14 0.00103 
   68   68    1    1    1    1    1    1    1    1  5.62786E+14 0.00120 
   69   69    1    1    1    1    1    1    1    1  6.75076E+14 0.00112 
   70   70    1    1    1    1    1    1    1    1  5.72652E+14 0.00147 
   71   71    1    1    1    1    1    1    1    1  1.02907E+15 0.00082 
   72   72    1    1    1    1    1    1    1    1  7.25162E+14 0.00101 
   73   73    1    1    1    1    1    1    1    1  5.47158E+14 0.00139 
   74   74    1    1    1    1    1    1    1    1  4.43128E+14 0.00119 
   75   75    1    1    1    1    1    1    1    1  3.71422E+14 0.00125 
   76   76    1    1    1    1    1    1    1    1  4.34966E+14 0.00079 
   77   77    1    1    1    1    1    1    1    1  3.47296E+14 0.00164 
   78   78    1    1    1    1    1    1    1    1  2.78842E+14 0.00183 
   79   79    1    1    1    1    1    1    1    1  2.89274E+14 0.00111 
   80   80    1    1    1    1    1    1    1    1  2.14692E+14 0.00167 
   81   81    1    1    1    1    1    1    1    1  1.65967E+14 0.00188 
   82   82    1    1    1    1    1    1    1    1  1.27331E+14 0.00215 
   83   83    1    1    1    1    1    1    1    1  1.19075E+14 0.00179 
   84   84    1    1    1    1    1    1    1    1  8.57091E+13 0.00187 
   85   85    1    1    1    1    1    1    1    1  6.22398E+13 0.00332 
   86   86    1    1    1    1    1    1    1    1  5.82090E+13 0.00317 
   87   87    1    1    1    1    1    1    1    1  3.55143E+13 0.00420 
   88   88    1    1    1    1    1    1    1    1  2.39700E+13 0.00351 
   89   89    1    1    1    1    1    1    1    1  1.37102E+13 0.00557 
   90   90    1    1    1    1    1    1    1    1  8.96718E+12 0.00576 
   91   91    1    1    1    1    1    1    1    1  4.49787E+12 0.01286 
   92   92    1    1    1    1    1    1    1    1  2.14671E+12 0.01344 
   93   93    1    1    1    1    1    1    1    1  1.05049E+12 0.02013 
   94   94    1    1    1    1    1    1    1    1  4.89187E+11 0.03342 
   95   95    1    1    1    1    1    1    1    1  2.45875E+11 0.05552 
   96   96    1    1    1    1    1    1    1    1  9.86182E+10 0.04219 
   97   97    1    1    1    1    1    1    1    1  4.95481E+10 0.11134 
   98   98    1    1    1    1    1    1    1    1  2.57013E+10 0.16968 
   99   99    1    1    1    1    1    1    1    1  8.27563E+09 0.27316 
  100  100    1    1    1    1    1    1    1    1  7.89805E+09 0.25675 
];


