
DETdpaspec = [
    1    1    1    1    1    1    1    1    1    1  0.00000E+00 0.00000 
    2    2    1    1    1    1    1    1    1    1  0.00000E+00 0.00000 
    3    3    1    1    1    1    1    1    1    1  0.00000E+00 0.00000 
    4    4    1    1    1    1    1    1    1    1  0.00000E+00 0.00000 
    5    5    1    1    1    1    1    1    1    1  0.00000E+00 0.00000 
    6    6    1    1    1    1    1    1    1    1  0.00000E+00 0.00000 
    7    7    1    1    1    1    1    1    1    1  0.00000E+00 0.00000 
    8    8    1    1    1    1    1    1    1    1  0.00000E+00 0.00000 
    9    9    1    1    1    1    1    1    1    1  1.33599E+07 0.68828 
   10   10    1    1    1    1    1    1    1    1  4.33326E+07 1.00000 
   11   11    1    1    1    1    1    1    1    1  1.75020E+08 0.63394 
   12   12    1    1    1    1    1    1    1    1  1.08891E+08 0.64405 
   13   13    1    1    1    1    1    1    1    1  7.50542E+08 0.79060 
   14   14    1    1    1    1    1    1    1    1  2.04612E+09 0.30948 
   15   15    1    1    1    1    1    1    1    1  3.70667E+09 0.29851 
   16   16    1    1    1    1    1    1    1    1  1.90843E+09 0.43718 
   17   17    1    1    1    1    1    1    1    1  1.68466E+09 0.26978 
   18   18    1    1    1    1    1    1    1    1  5.59206E+09 0.22763 
   19   19    1    1    1    1    1    1    1    1  5.58893E+09 0.16207 
   20   20    1    1    1    1    1    1    1    1  2.51373E+10 0.16016 
   21   21    1    1    1    1    1    1    1    1  1.83479E+10 0.14455 
   22   22    1    1    1    1    1    1    1    1  4.25906E+10 0.08129 
   23   23    1    1    1    1    1    1    1    1  6.08390E+10 0.08368 
   24   24    1    1    1    1    1    1    1    1  9.27086E+10 0.07803 
   25   25    1    1    1    1    1    1    1    1  1.20381E+11 0.06960 
   26   26    1    1    1    1    1    1    1    1  1.89562E+11 0.06944 
   27   27    1    1    1    1    1    1    1    1  3.24373E+11 0.03339 
   28   28    1    1    1    1    1    1    1    1  5.91674E+11 0.01703 
   29   29    1    1    1    1    1    1    1    1  8.34506E+11 0.01982 
   30   30    1    1    1    1    1    1    1    1  2.69668E+12 0.00908 
   31   31    1    1    1    1    1    1    1    1  8.38569E+12 0.00785 
   32   32    1    1    1    1    1    1    1    1  1.59504E+13 0.00579 
   33   33    1    1    1    1    1    1    1    1  3.64141E+13 0.00428 
   34   34    1    1    1    1    1    1    1    1  5.00235E+13 0.00309 
   35   35    1    1    1    1    1    1    1    1  7.07170E+13 0.00261 
   36   36    1    1    1    1    1    1    1    1  4.94649E+13 0.00232 
   37   37    1    1    1    1    1    1    1    1  1.55544E+13 0.00260 
   38   38    1    1    1    1    1    1    1    1  8.54269E+13 0.00200 
   39   39    1    1    1    1    1    1    1    1  1.14489E+14 0.00185 
   40   40    1    1    1    1    1    1    1    1  1.94134E+14 0.00158 
   41   41    1    1    1    1    1    1    1    1  2.01212E+14 0.00164 
   42   42    1    1    1    1    1    1    1    1  4.21925E+14 0.00173 
   43   43    1    1    1    1    1    1    1    1  5.10914E+14 0.00161 
   44   44    1    1    1    1    1    1    1    1  7.38128E+14 0.00109 
   45   45    1    1    1    1    1    1    1    1  1.44207E+15 0.00092 
   46   46    1    1    1    1    1    1    1    1  6.81532E+14 0.00110 
   47   47    1    1    1    1    1    1    1    1  1.10969E+15 0.00130 
   48   48    1    1    1    1    1    1    1    1  1.54844E+15 0.00114 
   49   49    1    1    1    1    1    1    1    1  1.54348E+15 0.00104 
   50   50    1    1    1    1    1    1    1    1  2.36966E+15 0.00101 
   51   51    1    1    1    1    1    1    1    1  1.92045E+15 0.00095 
   52   52    1    1    1    1    1    1    1    1  2.23989E+15 0.00125 
   53   53    1    1    1    1    1    1    1    1  1.56338E+15 0.00119 
   54   54    1    1    1    1    1    1    1    1  1.87506E+15 0.00109 
   55   55    1    1    1    1    1    1    1    1  1.29695E+15 0.00118 
   56   56    1    1    1    1    1    1    1    1  1.77583E+14 0.00136 
   57   57    1    1    1    1    1    1    1    1  2.58252E+15 0.00137 
   58   58    1    1    1    1    1    1    1    1  1.12183E+15 0.00148 
   59   59    1    1    1    1    1    1    1    1  1.20085E+15 0.00134 
   60   60    1    1    1    1    1    1    1    1  9.17894E+14 0.00110 
   61   61    1    1    1    1    1    1    1    1  9.23639E+14 0.00149 
   62   62    1    1    1    1    1    1    1    1  9.59551E+14 0.00144 
   63   63    1    1    1    1    1    1    1    1  8.02104E+14 0.00149 
   64   64    1    1    1    1    1    1    1    1  6.39469E+14 0.00142 
   65   65    1    1    1    1    1    1    1    1  6.33794E+14 0.00173 
   66   66    1    1    1    1    1    1    1    1  4.56536E+14 0.00144 
   67   67    1    1    1    1    1    1    1    1  3.73594E+14 0.00133 
   68   68    1    1    1    1    1    1    1    1  3.36329E+14 0.00127 
   69   69    1    1    1    1    1    1    1    1  4.03438E+14 0.00203 
   70   70    1    1    1    1    1    1    1    1  3.44153E+14 0.00156 
   71   71    1    1    1    1    1    1    1    1  6.35526E+14 0.00102 
   72   72    1    1    1    1    1    1    1    1  4.50579E+14 0.00167 
   73   73    1    1    1    1    1    1    1    1  3.38236E+14 0.00206 
   74   74    1    1    1    1    1    1    1    1  2.67569E+14 0.00138 
   75   75    1    1    1    1    1    1    1    1  2.19264E+14 0.00237 
   76   76    1    1    1    1    1    1    1    1  2.50296E+14 0.00158 
   77   77    1    1    1    1    1    1    1    1  1.95029E+14 0.00166 
   78   78    1    1    1    1    1    1    1    1  1.53803E+14 0.00218 
   79   79    1    1    1    1    1    1    1    1  1.57372E+14 0.00195 
   80   80    1    1    1    1    1    1    1    1  1.16049E+14 0.00194 
   81   81    1    1    1    1    1    1    1    1  8.94049E+13 0.00258 
   82   82    1    1    1    1    1    1    1    1  6.81973E+13 0.00324 
   83   83    1    1    1    1    1    1    1    1  6.38512E+13 0.00401 
   84   84    1    1    1    1    1    1    1    1  4.59086E+13 0.00337 
   85   85    1    1    1    1    1    1    1    1  3.29751E+13 0.00392 
   86   86    1    1    1    1    1    1    1    1  3.09539E+13 0.00597 
   87   87    1    1    1    1    1    1    1    1  1.93466E+13 0.00564 
   88   88    1    1    1    1    1    1    1    1  1.27788E+13 0.00690 
   89   89    1    1    1    1    1    1    1    1  7.46849E+12 0.00801 
   90   90    1    1    1    1    1    1    1    1  4.95051E+12 0.01432 
   91   91    1    1    1    1    1    1    1    1  2.52480E+12 0.01185 
   92   92    1    1    1    1    1    1    1    1  1.27841E+12 0.02203 
   93   93    1    1    1    1    1    1    1    1  5.85722E+11 0.03605 
   94   94    1    1    1    1    1    1    1    1  2.95099E+11 0.04040 
   95   95    1    1    1    1    1    1    1    1  1.32572E+11 0.05963 
   96   96    1    1    1    1    1    1    1    1  6.91235E+10 0.11036 
   97   97    1    1    1    1    1    1    1    1  3.59458E+10 0.13272 
   98   98    1    1    1    1    1    1    1    1  1.03358E+10 0.29177 
   99   99    1    1    1    1    1    1    1    1  7.03580E+09 0.23683 
  100  100    1    1    1    1    1    1    1    1  4.95972E+09 0.41791 
];


