
DETdpaspec = [
    1    1    1    1    1    1    1    1    1    1  0.00000E+00 0.00000 
    2    2    1    1    1    1    1    1    1    1  0.00000E+00 0.00000 
    3    3    1    1    1    1    1    1    1    1  0.00000E+00 0.00000 
    4    4    1    1    1    1    1    1    1    1  0.00000E+00 0.00000 
    5    5    1    1    1    1    1    1    1    1  0.00000E+00 0.00000 
    6    6    1    1    1    1    1    1    1    1  0.00000E+00 0.00000 
    7    7    1    1    1    1    1    1    1    1  0.00000E+00 0.00000 
    8    8    1    1    1    1    1    1    1    1  0.00000E+00 0.00000 
    9    9    1    1    1    1    1    1    1    1  0.00000E+00 0.00000 
   10   10    1    1    1    1    1    1    1    1  3.57682E+07 1.00000 
   11   11    1    1    1    1    1    1    1    1  8.74279E+07 1.00000 
   12   12    1    1    1    1    1    1    1    1  1.61763E+07 1.00000 
   13   13    1    1    1    1    1    1    1    1  9.59790E+08 0.65650 
   14   14    1    1    1    1    1    1    1    1  1.59828E+09 0.44283 
   15   15    1    1    1    1    1    1    1    1  4.50557E+09 0.43122 
   16   16    1    1    1    1    1    1    1    1  1.23216E+09 0.43408 
   17   17    1    1    1    1    1    1    1    1  2.16593E+09 0.22555 
   18   18    1    1    1    1    1    1    1    1  5.08819E+09 0.21270 
   19   19    1    1    1    1    1    1    1    1  8.16286E+09 0.22433 
   20   20    1    1    1    1    1    1    1    1  2.34403E+10 0.14121 
   21   21    1    1    1    1    1    1    1    1  1.45852E+10 0.13649 
   22   22    1    1    1    1    1    1    1    1  4.69117E+10 0.06710 
   23   23    1    1    1    1    1    1    1    1  5.60923E+10 0.06269 
   24   24    1    1    1    1    1    1    1    1  9.19698E+10 0.05187 
   25   25    1    1    1    1    1    1    1    1  1.25154E+11 0.05391 
   26   26    1    1    1    1    1    1    1    1  1.88911E+11 0.04261 
   27   27    1    1    1    1    1    1    1    1  3.40844E+11 0.03408 
   28   28    1    1    1    1    1    1    1    1  6.17724E+11 0.03330 
   29   29    1    1    1    1    1    1    1    1  8.82683E+11 0.02514 
   30   30    1    1    1    1    1    1    1    1  2.68689E+12 0.01205 
   31   31    1    1    1    1    1    1    1    1  8.48919E+12 0.00764 
   32   32    1    1    1    1    1    1    1    1  1.60467E+13 0.00486 
   33   33    1    1    1    1    1    1    1    1  3.67093E+13 0.00452 
   34   34    1    1    1    1    1    1    1    1  5.00660E+13 0.00330 
   35   35    1    1    1    1    1    1    1    1  7.06868E+13 0.00240 
   36   36    1    1    1    1    1    1    1    1  4.94139E+13 0.00254 
   37   37    1    1    1    1    1    1    1    1  1.55099E+13 0.00248 
   38   38    1    1    1    1    1    1    1    1  8.51625E+13 0.00184 
   39   39    1    1    1    1    1    1    1    1  1.14788E+14 0.00236 
   40   40    1    1    1    1    1    1    1    1  1.94567E+14 0.00168 
   41   41    1    1    1    1    1    1    1    1  2.02360E+14 0.00168 
   42   42    1    1    1    1    1    1    1    1  4.23668E+14 0.00164 
   43   43    1    1    1    1    1    1    1    1  5.13395E+14 0.00120 
   44   44    1    1    1    1    1    1    1    1  7.41986E+14 0.00116 
   45   45    1    1    1    1    1    1    1    1  1.45223E+15 0.00095 
   46   46    1    1    1    1    1    1    1    1  6.86499E+14 0.00110 
   47   47    1    1    1    1    1    1    1    1  1.11500E+15 0.00109 
   48   48    1    1    1    1    1    1    1    1  1.55542E+15 0.00080 
   49   49    1    1    1    1    1    1    1    1  1.54999E+15 0.00092 
   50   50    1    1    1    1    1    1    1    1  2.38531E+15 0.00078 
   51   51    1    1    1    1    1    1    1    1  1.93191E+15 0.00086 
   52   52    1    1    1    1    1    1    1    1  2.25432E+15 0.00070 
   53   53    1    1    1    1    1    1    1    1  1.57235E+15 0.00080 
   54   54    1    1    1    1    1    1    1    1  1.88640E+15 0.00090 
   55   55    1    1    1    1    1    1    1    1  1.30506E+15 0.00075 
   56   56    1    1    1    1    1    1    1    1  1.78512E+14 0.00132 
   57   57    1    1    1    1    1    1    1    1  2.59628E+15 0.00091 
   58   58    1    1    1    1    1    1    1    1  1.12872E+15 0.00112 
   59   59    1    1    1    1    1    1    1    1  1.20661E+15 0.00113 
   60   60    1    1    1    1    1    1    1    1  9.23475E+14 0.00115 
   61   61    1    1    1    1    1    1    1    1  9.29425E+14 0.00090 
   62   62    1    1    1    1    1    1    1    1  9.65608E+14 0.00082 
   63   63    1    1    1    1    1    1    1    1  8.07384E+14 0.00104 
   64   64    1    1    1    1    1    1    1    1  6.44072E+14 0.00105 
   65   65    1    1    1    1    1    1    1    1  6.38160E+14 0.00093 
   66   66    1    1    1    1    1    1    1    1  4.58726E+14 0.00129 
   67   67    1    1    1    1    1    1    1    1  3.75950E+14 0.00078 
   68   68    1    1    1    1    1    1    1    1  3.38741E+14 0.00127 
   69   69    1    1    1    1    1    1    1    1  4.06268E+14 0.00132 
   70   70    1    1    1    1    1    1    1    1  3.46553E+14 0.00148 
   71   71    1    1    1    1    1    1    1    1  6.38748E+14 0.00115 
   72   72    1    1    1    1    1    1    1    1  4.54699E+14 0.00137 
   73   73    1    1    1    1    1    1    1    1  3.40213E+14 0.00136 
   74   74    1    1    1    1    1    1    1    1  2.69467E+14 0.00185 
   75   75    1    1    1    1    1    1    1    1  2.20516E+14 0.00156 
   76   76    1    1    1    1    1    1    1    1  2.52299E+14 0.00174 
   77   77    1    1    1    1    1    1    1    1  1.96540E+14 0.00168 
   78   78    1    1    1    1    1    1    1    1  1.54716E+14 0.00227 
   79   79    1    1    1    1    1    1    1    1  1.58653E+14 0.00212 
   80   80    1    1    1    1    1    1    1    1  1.17173E+14 0.00293 
   81   81    1    1    1    1    1    1    1    1  9.00801E+13 0.00275 
   82   82    1    1    1    1    1    1    1    1  6.87797E+13 0.00261 
   83   83    1    1    1    1    1    1    1    1  6.42615E+13 0.00286 
   84   84    1    1    1    1    1    1    1    1  4.64153E+13 0.00378 
   85   85    1    1    1    1    1    1    1    1  3.32316E+13 0.00328 
   86   86    1    1    1    1    1    1    1    1  3.09690E+13 0.00294 
   87   87    1    1    1    1    1    1    1    1  1.93825E+13 0.00565 
   88   88    1    1    1    1    1    1    1    1  1.29766E+13 0.00759 
   89   89    1    1    1    1    1    1    1    1  7.45441E+12 0.00845 
   90   90    1    1    1    1    1    1    1    1  4.99510E+12 0.01029 
   91   91    1    1    1    1    1    1    1    1  2.52805E+12 0.01438 
   92   92    1    1    1    1    1    1    1    1  1.19307E+12 0.02427 
   93   93    1    1    1    1    1    1    1    1  5.85362E+11 0.02862 
   94   94    1    1    1    1    1    1    1    1  2.98987E+11 0.04255 
   95   95    1    1    1    1    1    1    1    1  1.29720E+11 0.07183 
   96   96    1    1    1    1    1    1    1    1  7.08602E+10 0.08573 
   97   97    1    1    1    1    1    1    1    1  3.24562E+10 0.10852 
   98   98    1    1    1    1    1    1    1    1  1.67387E+10 0.19580 
   99   99    1    1    1    1    1    1    1    1  7.21374E+09 0.33525 
  100  100    1    1    1    1    1    1    1    1  4.15304E+09 0.33531 
];


