
DETdpaspec = [
    1    1    1    1    1    1    1    1    1    1  0.00000E+00 0.00000 
    2    2    1    1    1    1    1    1    1    1  0.00000E+00 0.00000 
    3    3    1    1    1    1    1    1    1    1  0.00000E+00 0.00000 
    4    4    1    1    1    1    1    1    1    1  0.00000E+00 0.00000 
    5    5    1    1    1    1    1    1    1    1  0.00000E+00 0.00000 
    6    6    1    1    1    1    1    1    1    1  0.00000E+00 0.00000 
    7    7    1    1    1    1    1    1    1    1  0.00000E+00 0.00000 
    8    8    1    1    1    1    1    1    1    1  0.00000E+00 0.00000 
    9    9    1    1    1    1    1    1    1    1  0.00000E+00 0.00000 
   10   10    1    1    1    1    1    1    1    1  2.93710E+08 0.69942 
   11   11    1    1    1    1    1    1    1    1  7.06977E+07 1.00000 
   12   12    1    1    1    1    1    1    1    1  2.24385E+08 1.00000 
   13   13    1    1    1    1    1    1    1    1  1.58716E+08 1.00000 
   14   14    1    1    1    1    1    1    1    1  1.02396E+09 0.56501 
   15   15    1    1    1    1    1    1    1    1  1.58262E+09 0.64389 
   16   16    1    1    1    1    1    1    1    1  0.00000E+00 0.00000 
   17   17    1    1    1    1    1    1    1    1  1.41009E+09 0.56120 
   18   18    1    1    1    1    1    1    1    1  2.86259E+09 0.37942 
   19   19    1    1    1    1    1    1    1    1  2.78575E+09 0.35621 
   20   20    1    1    1    1    1    1    1    1  1.25673E+10 0.25350 
   21   21    1    1    1    1    1    1    1    1  1.33234E+10 0.18945 
   22   22    1    1    1    1    1    1    1    1  3.69420E+10 0.13333 
   23   23    1    1    1    1    1    1    1    1  1.68320E+11 0.06364 
   24   24    1    1    1    1    1    1    1    1  5.49332E+11 0.03801 
   25   25    1    1    1    1    1    1    1    1  9.13668E+11 0.03433 
   26   26    1    1    1    1    1    1    1    1  2.01738E+12 0.01845 
   27   27    1    1    1    1    1    1    1    1  4.10436E+12 0.01268 
   28   28    1    1    1    1    1    1    1    1  8.23179E+12 0.01045 
   29   29    1    1    1    1    1    1    1    1  1.30408E+13 0.00789 
   30   30    1    1    1    1    1    1    1    1  2.51820E+13 0.00481 
   31   31    1    1    1    1    1    1    1    1  5.26871E+13 0.00311 
   32   32    1    1    1    1    1    1    1    1  7.79335E+13 0.00250 
   33   33    1    1    1    1    1    1    1    1  1.54596E+14 0.00217 
   34   34    1    1    1    1    1    1    1    1  1.88872E+14 0.00173 
   35   35    1    1    1    1    1    1    1    1  1.91969E+14 0.00182 
   36   36    1    1    1    1    1    1    1    1  1.13198E+14 0.00174 
   37   37    1    1    1    1    1    1    1    1  3.28822E+13 0.00204 
   38   38    1    1    1    1    1    1    1    1  1.89136E+14 0.00148 
   39   39    1    1    1    1    1    1    1    1  2.49180E+14 0.00141 
   40   40    1    1    1    1    1    1    1    1  4.20525E+14 0.00145 
   41   41    1    1    1    1    1    1    1    1  4.01575E+14 0.00128 
   42   42    1    1    1    1    1    1    1    1  8.60707E+14 0.00098 
   43   43    1    1    1    1    1    1    1    1  1.02117E+15 0.00075 
   44   44    1    1    1    1    1    1    1    1  1.44135E+15 0.00084 
   45   45    1    1    1    1    1    1    1    1  2.78647E+15 0.00057 
   46   46    1    1    1    1    1    1    1    1  1.23058E+15 0.00057 
   47   47    1    1    1    1    1    1    1    1  1.94119E+15 0.00080 
   48   48    1    1    1    1    1    1    1    1  2.63674E+15 0.00065 
   49   49    1    1    1    1    1    1    1    1  2.54905E+15 0.00074 
   50   50    1    1    1    1    1    1    1    1  3.94442E+15 0.00068 
   51   51    1    1    1    1    1    1    1    1  3.01161E+15 0.00081 
   52   52    1    1    1    1    1    1    1    1  3.60615E+15 0.00067 
   53   53    1    1    1    1    1    1    1    1  2.44457E+15 0.00067 
   54   54    1    1    1    1    1    1    1    1  3.02190E+15 0.00071 
   55   55    1    1    1    1    1    1    1    1  2.04772E+15 0.00080 
   56   56    1    1    1    1    1    1    1    1  2.75317E+14 0.00094 
   57   57    1    1    1    1    1    1    1    1  4.01662E+15 0.00070 
   58   58    1    1    1    1    1    1    1    1  1.82169E+15 0.00082 
   59   59    1    1    1    1    1    1    1    1  1.90602E+15 0.00069 
   60   60    1    1    1    1    1    1    1    1  1.50331E+15 0.00090 
   61   61    1    1    1    1    1    1    1    1  1.49349E+15 0.00104 
   62   62    1    1    1    1    1    1    1    1  1.54878E+15 0.00091 
   63   63    1    1    1    1    1    1    1    1  1.29932E+15 0.00104 
   64   64    1    1    1    1    1    1    1    1  1.02598E+15 0.00096 
   65   65    1    1    1    1    1    1    1    1  1.01288E+15 0.00087 
   66   66    1    1    1    1    1    1    1    1  7.25319E+14 0.00088 
   67   67    1    1    1    1    1    1    1    1  5.83566E+14 0.00125 
   68   68    1    1    1    1    1    1    1    1  5.19588E+14 0.00110 
   69   69    1    1    1    1    1    1    1    1  6.20297E+14 0.00111 
   70   70    1    1    1    1    1    1    1    1  5.22737E+14 0.00150 
   71   71    1    1    1    1    1    1    1    1  9.27242E+14 0.00110 
   72   72    1    1    1    1    1    1    1    1  6.47104E+14 0.00105 
   73   73    1    1    1    1    1    1    1    1  4.84206E+14 0.00110 
   74   74    1    1    1    1    1    1    1    1  3.93286E+14 0.00146 
   75   75    1    1    1    1    1    1    1    1  3.30576E+14 0.00088 
   76   76    1    1    1    1    1    1    1    1  3.86771E+14 0.00132 
   77   77    1    1    1    1    1    1    1    1  3.09616E+14 0.00154 
   78   78    1    1    1    1    1    1    1    1  2.48674E+14 0.00173 
   79   79    1    1    1    1    1    1    1    1  2.57223E+14 0.00156 
   80   80    1    1    1    1    1    1    1    1  1.91185E+14 0.00212 
   81   81    1    1    1    1    1    1    1    1  1.47047E+14 0.00188 
   82   82    1    1    1    1    1    1    1    1  1.12679E+14 0.00216 
   83   83    1    1    1    1    1    1    1    1  1.05380E+14 0.00239 
   84   84    1    1    1    1    1    1    1    1  7.53403E+13 0.00339 
   85   85    1    1    1    1    1    1    1    1  5.44585E+13 0.00287 
   86   86    1    1    1    1    1    1    1    1  5.05463E+13 0.00337 
   87   87    1    1    1    1    1    1    1    1  3.05667E+13 0.00293 
   88   88    1    1    1    1    1    1    1    1  2.04636E+13 0.00513 
   89   89    1    1    1    1    1    1    1    1  1.15935E+13 0.00670 
   90   90    1    1    1    1    1    1    1    1  7.66848E+12 0.00737 
   91   91    1    1    1    1    1    1    1    1  3.80136E+12 0.01113 
   92   92    1    1    1    1    1    1    1    1  1.77740E+12 0.01432 
   93   93    1    1    1    1    1    1    1    1  8.40870E+11 0.02002 
   94   94    1    1    1    1    1    1    1    1  4.05267E+11 0.03205 
   95   95    1    1    1    1    1    1    1    1  1.83189E+11 0.05682 
   96   96    1    1    1    1    1    1    1    1  9.62935E+10 0.08292 
   97   97    1    1    1    1    1    1    1    1  3.98955E+10 0.09145 
   98   98    1    1    1    1    1    1    1    1  2.56615E+10 0.13084 
   99   99    1    1    1    1    1    1    1    1  1.15299E+10 0.18996 
  100  100    1    1    1    1    1    1    1    1  7.90857E+09 0.28131 
];


