
DETdpaspec = [
    1    1    1    1    1    1    1    1    1    1  0.00000E+00 0.00000 
    2    2    1    1    1    1    1    1    1    1  0.00000E+00 0.00000 
    3    3    1    1    1    1    1    1    1    1  0.00000E+00 0.00000 
    4    4    1    1    1    1    1    1    1    1  0.00000E+00 0.00000 
    5    5    1    1    1    1    1    1    1    1  2.36966E+07 1.00000 
    6    6    1    1    1    1    1    1    1    1  0.00000E+00 0.00000 
    7    7    1    1    1    1    1    1    1    1  0.00000E+00 0.00000 
    8    8    1    1    1    1    1    1    1    1  0.00000E+00 0.00000 
    9    9    1    1    1    1    1    1    1    1  0.00000E+00 0.00000 
   10   10    1    1    1    1    1    1    1    1  0.00000E+00 0.00000 
   11   11    1    1    1    1    1    1    1    1  2.11526E+08 0.54642 
   12   12    1    1    1    1    1    1    1    1  3.76203E+08 0.55265 
   13   13    1    1    1    1    1    1    1    1  3.50687E+08 0.69299 
   14   14    1    1    1    1    1    1    1    1  1.46678E+09 0.70377 
   15   15    1    1    1    1    1    1    1    1  8.91428E+08 0.49839 
   16   16    1    1    1    1    1    1    1    1  9.38637E+08 0.68225 
   17   17    1    1    1    1    1    1    1    1  2.29181E+09 0.56351 
   18   18    1    1    1    1    1    1    1    1  2.73335E+09 0.28978 
   19   19    1    1    1    1    1    1    1    1  3.34263E+09 0.32253 
   20   20    1    1    1    1    1    1    1    1  1.44291E+10 0.16713 
   21   21    1    1    1    1    1    1    1    1  1.43825E+10 0.16856 
   22   22    1    1    1    1    1    1    1    1  2.51583E+10 0.16900 
   23   23    1    1    1    1    1    1    1    1  4.87518E+10 0.09604 
   24   24    1    1    1    1    1    1    1    1  1.48159E+11 0.05398 
   25   25    1    1    1    1    1    1    1    1  2.30081E+11 0.03976 
   26   26    1    1    1    1    1    1    1    1  5.22108E+11 0.03382 
   27   27    1    1    1    1    1    1    1    1  1.22660E+12 0.02110 
   28   28    1    1    1    1    1    1    1    1  2.91514E+12 0.01637 
   29   29    1    1    1    1    1    1    1    1  5.21866E+12 0.01050 
   30   30    1    1    1    1    1    1    1    1  1.16533E+13 0.00926 
   31   31    1    1    1    1    1    1    1    1  2.93484E+13 0.00500 
   32   32    1    1    1    1    1    1    1    1  4.76028E+13 0.00400 
   33   33    1    1    1    1    1    1    1    1  1.03663E+14 0.00240 
   34   34    1    1    1    1    1    1    1    1  1.36497E+14 0.00200 
   35   35    1    1    1    1    1    1    1    1  1.49644E+14 0.00219 
   36   36    1    1    1    1    1    1    1    1  9.22888E+13 0.00187 
   37   37    1    1    1    1    1    1    1    1  2.71347E+13 0.00182 
   38   38    1    1    1    1    1    1    1    1  1.56205E+14 0.00141 
   39   39    1    1    1    1    1    1    1    1  2.08887E+14 0.00141 
   40   40    1    1    1    1    1    1    1    1  3.57194E+14 0.00122 
   41   41    1    1    1    1    1    1    1    1  3.47092E+14 0.00109 
   42   42    1    1    1    1    1    1    1    1  7.51667E+14 0.00128 
   43   43    1    1    1    1    1    1    1    1  9.03636E+14 0.00123 
   44   44    1    1    1    1    1    1    1    1  1.29734E+15 0.00072 
   45   45    1    1    1    1    1    1    1    1  2.56436E+15 0.00073 
   46   46    1    1    1    1    1    1    1    1  1.15609E+15 0.00076 
   47   47    1    1    1    1    1    1    1    1  1.84037E+15 0.00073 
   48   48    1    1    1    1    1    1    1    1  2.53900E+15 0.00058 
   49   49    1    1    1    1    1    1    1    1  2.48652E+15 0.00056 
   50   50    1    1    1    1    1    1    1    1  3.88739E+15 0.00048 
   51   51    1    1    1    1    1    1    1    1  3.01600E+15 0.00055 
   52   52    1    1    1    1    1    1    1    1  3.63467E+15 0.00055 
   53   53    1    1    1    1    1    1    1    1  2.49380E+15 0.00066 
   54   54    1    1    1    1    1    1    1    1  3.09412E+15 0.00053 
   55   55    1    1    1    1    1    1    1    1  2.10997E+15 0.00064 
   56   56    1    1    1    1    1    1    1    1  2.84888E+14 0.00085 
   57   57    1    1    1    1    1    1    1    1  4.17001E+15 0.00067 
   58   58    1    1    1    1    1    1    1    1  1.89594E+15 0.00074 
   59   59    1    1    1    1    1    1    1    1  1.99607E+15 0.00070 
   60   60    1    1    1    1    1    1    1    1  1.57668E+15 0.00070 
   61   61    1    1    1    1    1    1    1    1  1.57245E+15 0.00066 
   62   62    1    1    1    1    1    1    1    1  1.63773E+15 0.00086 
   63   63    1    1    1    1    1    1    1    1  1.38093E+15 0.00086 
   64   64    1    1    1    1    1    1    1    1  1.09553E+15 0.00065 
   65   65    1    1    1    1    1    1    1    1  1.08496E+15 0.00070 
   66   66    1    1    1    1    1    1    1    1  7.80716E+14 0.00096 
   67   67    1    1    1    1    1    1    1    1  6.30814E+14 0.00107 
   68   68    1    1    1    1    1    1    1    1  5.63210E+14 0.00117 
   69   69    1    1    1    1    1    1    1    1  6.72907E+14 0.00100 
   70   70    1    1    1    1    1    1    1    1  5.70012E+14 0.00080 
   71   71    1    1    1    1    1    1    1    1  1.01795E+15 0.00085 
   72   72    1    1    1    1    1    1    1    1  7.16152E+14 0.00098 
   73   73    1    1    1    1    1    1    1    1  5.38427E+14 0.00123 
   74   74    1    1    1    1    1    1    1    1  4.37120E+14 0.00154 
   75   75    1    1    1    1    1    1    1    1  3.67661E+14 0.00103 
   76   76    1    1    1    1    1    1    1    1  4.30495E+14 0.00101 
   77   77    1    1    1    1    1    1    1    1  3.44638E+14 0.00173 
   78   78    1    1    1    1    1    1    1    1  2.76702E+14 0.00148 
   79   79    1    1    1    1    1    1    1    1  2.87255E+14 0.00126 
   80   80    1    1    1    1    1    1    1    1  2.13318E+14 0.00158 
   81   81    1    1    1    1    1    1    1    1  1.64804E+14 0.00166 
   82   82    1    1    1    1    1    1    1    1  1.26592E+14 0.00228 
   83   83    1    1    1    1    1    1    1    1  1.18131E+14 0.00280 
   84   84    1    1    1    1    1    1    1    1  8.47645E+13 0.00222 
   85   85    1    1    1    1    1    1    1    1  6.15008E+13 0.00254 
   86   86    1    1    1    1    1    1    1    1  5.74333E+13 0.00303 
   87   87    1    1    1    1    1    1    1    1  3.50117E+13 0.00477 
   88   88    1    1    1    1    1    1    1    1  2.35431E+13 0.00509 
   89   89    1    1    1    1    1    1    1    1  1.34489E+13 0.00652 
   90   90    1    1    1    1    1    1    1    1  8.86841E+12 0.00736 
   91   91    1    1    1    1    1    1    1    1  4.37886E+12 0.00957 
   92   92    1    1    1    1    1    1    1    1  2.13157E+12 0.01518 
   93   93    1    1    1    1    1    1    1    1  1.00007E+12 0.02071 
   94   94    1    1    1    1    1    1    1    1  4.81258E+11 0.03614 
   95   95    1    1    1    1    1    1    1    1  2.26642E+11 0.04866 
   96   96    1    1    1    1    1    1    1    1  1.20337E+11 0.06171 
   97   97    1    1    1    1    1    1    1    1  5.60602E+10 0.08774 
   98   98    1    1    1    1    1    1    1    1  2.19377E+10 0.13583 
   99   99    1    1    1    1    1    1    1    1  1.34180E+10 0.24436 
  100  100    1    1    1    1    1    1    1    1  7.45686E+09 0.22200 
];


