
DETdpaspec = [
    1    1    1    1    1    1    1    1    1    1  0.00000E+00 0.00000 
    2    2    1    1    1    1    1    1    1    1  0.00000E+00 0.00000 
    3    3    1    1    1    1    1    1    1    1  0.00000E+00 0.00000 
    4    4    1    1    1    1    1    1    1    1  0.00000E+00 0.00000 
    5    5    1    1    1    1    1    1    1    1  8.70582E+06 1.00000 
    6    6    1    1    1    1    1    1    1    1  0.00000E+00 0.00000 
    7    7    1    1    1    1    1    1    1    1  1.57013E+07 1.00000 
    8    8    1    1    1    1    1    1    1    1  0.00000E+00 0.00000 
    9    9    1    1    1    1    1    1    1    1  1.55989E+07 0.70077 
   10   10    1    1    1    1    1    1    1    1  1.32885E+08 0.77692 
   11   11    1    1    1    1    1    1    1    1  2.36692E+08 0.62832 
   12   12    1    1    1    1    1    1    1    1  7.92287E+07 0.71843 
   13   13    1    1    1    1    1    1    1    1  6.18103E+07 1.00000 
   14   14    1    1    1    1    1    1    1    1  7.79837E+08 0.70760 
   15   15    1    1    1    1    1    1    1    1  2.82399E+09 0.36567 
   16   16    1    1    1    1    1    1    1    1  1.37680E+09 0.40103 
   17   17    1    1    1    1    1    1    1    1  2.43086E+09 0.20873 
   18   18    1    1    1    1    1    1    1    1  5.15788E+09 0.20802 
   19   19    1    1    1    1    1    1    1    1  6.54476E+09 0.17165 
   20   20    1    1    1    1    1    1    1    1  2.22976E+10 0.12788 
   21   21    1    1    1    1    1    1    1    1  1.29984E+10 0.09375 
   22   22    1    1    1    1    1    1    1    1  4.33194E+10 0.07136 
   23   23    1    1    1    1    1    1    1    1  5.93408E+10 0.06777 
   24   24    1    1    1    1    1    1    1    1  9.86805E+10 0.05660 
   25   25    1    1    1    1    1    1    1    1  1.27488E+11 0.04409 
   26   26    1    1    1    1    1    1    1    1  1.89800E+11 0.06659 
   27   27    1    1    1    1    1    1    1    1  3.32000E+11 0.03245 
   28   28    1    1    1    1    1    1    1    1  6.24354E+11 0.02705 
   29   29    1    1    1    1    1    1    1    1  8.58357E+11 0.02019 
   30   30    1    1    1    1    1    1    1    1  2.67147E+12 0.01114 
   31   31    1    1    1    1    1    1    1    1  8.39882E+12 0.00953 
   32   32    1    1    1    1    1    1    1    1  1.61371E+13 0.00734 
   33   33    1    1    1    1    1    1    1    1  3.71062E+13 0.00540 
   34   34    1    1    1    1    1    1    1    1  5.06902E+13 0.00362 
   35   35    1    1    1    1    1    1    1    1  7.16298E+13 0.00240 
   36   36    1    1    1    1    1    1    1    1  4.98558E+13 0.00277 
   37   37    1    1    1    1    1    1    1    1  1.56773E+13 0.00256 
   38   38    1    1    1    1    1    1    1    1  8.61344E+13 0.00194 
   39   39    1    1    1    1    1    1    1    1  1.16042E+14 0.00199 
   40   40    1    1    1    1    1    1    1    1  1.97284E+14 0.00146 
   41   41    1    1    1    1    1    1    1    1  2.04195E+14 0.00132 
   42   42    1    1    1    1    1    1    1    1  4.27561E+14 0.00132 
   43   43    1    1    1    1    1    1    1    1  5.18915E+14 0.00108 
   44   44    1    1    1    1    1    1    1    1  7.51541E+14 0.00125 
   45   45    1    1    1    1    1    1    1    1  1.46930E+15 0.00127 
   46   46    1    1    1    1    1    1    1    1  6.95362E+14 0.00127 
   47   47    1    1    1    1    1    1    1    1  1.13120E+15 0.00089 
   48   48    1    1    1    1    1    1    1    1  1.57729E+15 0.00137 
   49   49    1    1    1    1    1    1    1    1  1.57343E+15 0.00134 
   50   50    1    1    1    1    1    1    1    1  2.41950E+15 0.00114 
   51   51    1    1    1    1    1    1    1    1  1.95951E+15 0.00122 
   52   52    1    1    1    1    1    1    1    1  2.28902E+15 0.00132 
   53   53    1    1    1    1    1    1    1    1  1.59808E+15 0.00123 
   54   54    1    1    1    1    1    1    1    1  1.92115E+15 0.00115 
   55   55    1    1    1    1    1    1    1    1  1.32750E+15 0.00127 
   56   56    1    1    1    1    1    1    1    1  1.81575E+14 0.00170 
   57   57    1    1    1    1    1    1    1    1  2.64291E+15 0.00127 
   58   58    1    1    1    1    1    1    1    1  1.14990E+15 0.00136 
   59   59    1    1    1    1    1    1    1    1  1.23118E+15 0.00159 
   60   60    1    1    1    1    1    1    1    1  9.43409E+14 0.00152 
   61   61    1    1    1    1    1    1    1    1  9.48575E+14 0.00130 
   62   62    1    1    1    1    1    1    1    1  9.85829E+14 0.00163 
   63   63    1    1    1    1    1    1    1    1  8.24730E+14 0.00172 
   64   64    1    1    1    1    1    1    1    1  6.56830E+14 0.00142 
   65   65    1    1    1    1    1    1    1    1  6.51749E+14 0.00129 
   66   66    1    1    1    1    1    1    1    1  4.68913E+14 0.00143 
   67   67    1    1    1    1    1    1    1    1  3.84394E+14 0.00163 
   68   68    1    1    1    1    1    1    1    1  3.46560E+14 0.00157 
   69   69    1    1    1    1    1    1    1    1  4.15743E+14 0.00172 
   70   70    1    1    1    1    1    1    1    1  3.54289E+14 0.00178 
   71   71    1    1    1    1    1    1    1    1  6.53073E+14 0.00166 
   72   72    1    1    1    1    1    1    1    1  4.63541E+14 0.00206 
   73   73    1    1    1    1    1    1    1    1  3.48025E+14 0.00160 
   74   74    1    1    1    1    1    1    1    1  2.75729E+14 0.00174 
   75   75    1    1    1    1    1    1    1    1  2.24885E+14 0.00183 
   76   76    1    1    1    1    1    1    1    1  2.57249E+14 0.00237 
   77   77    1    1    1    1    1    1    1    1  2.01554E+14 0.00215 
   78   78    1    1    1    1    1    1    1    1  1.58863E+14 0.00229 
   79   79    1    1    1    1    1    1    1    1  1.63086E+14 0.00225 
   80   80    1    1    1    1    1    1    1    1  1.19617E+14 0.00347 
   81   81    1    1    1    1    1    1    1    1  9.18434E+13 0.00249 
   82   82    1    1    1    1    1    1    1    1  7.04618E+13 0.00292 
   83   83    1    1    1    1    1    1    1    1  6.57936E+13 0.00377 
   84   84    1    1    1    1    1    1    1    1  4.72621E+13 0.00270 
   85   85    1    1    1    1    1    1    1    1  3.39969E+13 0.00481 
   86   86    1    1    1    1    1    1    1    1  3.19890E+13 0.00539 
   87   87    1    1    1    1    1    1    1    1  1.95912E+13 0.00439 
   88   88    1    1    1    1    1    1    1    1  1.32689E+13 0.00436 
   89   89    1    1    1    1    1    1    1    1  7.63733E+12 0.00920 
   90   90    1    1    1    1    1    1    1    1  5.01381E+12 0.00842 
   91   91    1    1    1    1    1    1    1    1  2.56804E+12 0.01553 
   92   92    1    1    1    1    1    1    1    1  1.25622E+12 0.02858 
   93   93    1    1    1    1    1    1    1    1  6.05145E+11 0.03209 
   94   94    1    1    1    1    1    1    1    1  2.91055E+11 0.04916 
   95   95    1    1    1    1    1    1    1    1  1.43377E+11 0.06377 
   96   96    1    1    1    1    1    1    1    1  6.35885E+10 0.10157 
   97   97    1    1    1    1    1    1    1    1  3.69423E+10 0.14605 
   98   98    1    1    1    1    1    1    1    1  1.13707E+10 0.21862 
   99   99    1    1    1    1    1    1    1    1  1.14477E+10 0.16764 
  100  100    1    1    1    1    1    1    1    1  1.04328E+10 0.35201 
];


