
DETdpaspec = [
    1    1    1    1    1    1    1    1    1    1  0.00000E+00 0.00000 
    2    2    1    1    1    1    1    1    1    1  0.00000E+00 0.00000 
    3    3    1    1    1    1    1    1    1    1  0.00000E+00 0.00000 
    4    4    1    1    1    1    1    1    1    1  0.00000E+00 0.00000 
    5    5    1    1    1    1    1    1    1    1  0.00000E+00 0.00000 
    6    6    1    1    1    1    1    1    1    1  0.00000E+00 0.00000 
    7    7    1    1    1    1    1    1    1    1  0.00000E+00 0.00000 
    8    8    1    1    1    1    1    1    1    1  0.00000E+00 0.00000 
    9    9    1    1    1    1    1    1    1    1  0.00000E+00 0.00000 
   10   10    1    1    1    1    1    1    1    1  4.62918E+07 1.00000 
   11   11    1    1    1    1    1    1    1    1  3.51665E+08 0.71780 
   12   12    1    1    1    1    1    1    1    1  7.32435E+07 0.68917 
   13   13    1    1    1    1    1    1    1    1  6.29443E+08 0.84925 
   14   14    1    1    1    1    1    1    1    1  4.58594E+09 0.47046 
   15   15    1    1    1    1    1    1    1    1  4.87550E+09 0.40691 
   16   16    1    1    1    1    1    1    1    1  8.60612E+08 0.39683 
   17   17    1    1    1    1    1    1    1    1  2.10325E+09 0.24212 
   18   18    1    1    1    1    1    1    1    1  2.60851E+09 0.26746 
   19   19    1    1    1    1    1    1    1    1  6.57679E+09 0.22692 
   20   20    1    1    1    1    1    1    1    1  1.79312E+10 0.18158 
   21   21    1    1    1    1    1    1    1    1  1.29417E+10 0.18124 
   22   22    1    1    1    1    1    1    1    1  3.29329E+10 0.08190 
   23   23    1    1    1    1    1    1    1    1  5.17761E+10 0.08098 
   24   24    1    1    1    1    1    1    1    1  8.65050E+10 0.08322 
   25   25    1    1    1    1    1    1    1    1  1.05570E+11 0.07384 
   26   26    1    1    1    1    1    1    1    1  1.86632E+11 0.04749 
   27   27    1    1    1    1    1    1    1    1  4.03667E+11 0.03916 
   28   28    1    1    1    1    1    1    1    1  9.52082E+11 0.02281 
   29   29    1    1    1    1    1    1    1    1  1.76837E+12 0.02117 
   30   30    1    1    1    1    1    1    1    1  4.72400E+12 0.01196 
   31   31    1    1    1    1    1    1    1    1  1.39805E+13 0.00780 
   32   32    1    1    1    1    1    1    1    1  2.56333E+13 0.00569 
   33   33    1    1    1    1    1    1    1    1  6.09645E+13 0.00350 
   34   34    1    1    1    1    1    1    1    1  8.54565E+13 0.00214 
   35   35    1    1    1    1    1    1    1    1  1.04852E+14 0.00211 
   36   36    1    1    1    1    1    1    1    1  6.88369E+13 0.00228 
   37   37    1    1    1    1    1    1    1    1  2.07446E+13 0.00246 
   38   38    1    1    1    1    1    1    1    1  1.18341E+14 0.00167 
   39   39    1    1    1    1    1    1    1    1  1.60502E+14 0.00162 
   40   40    1    1    1    1    1    1    1    1  2.76445E+14 0.00176 
   41   41    1    1    1    1    1    1    1    1  2.76347E+14 0.00168 
   42   42    1    1    1    1    1    1    1    1  5.99615E+14 0.00153 
   43   43    1    1    1    1    1    1    1    1  7.30818E+14 0.00116 
   44   44    1    1    1    1    1    1    1    1  1.06413E+15 0.00088 
   45   45    1    1    1    1    1    1    1    1  2.13984E+15 0.00069 
   46   46    1    1    1    1    1    1    1    1  9.93547E+14 0.00080 
   47   47    1    1    1    1    1    1    1    1  1.59962E+15 0.00069 
   48   48    1    1    1    1    1    1    1    1  2.23580E+15 0.00079 
   49   49    1    1    1    1    1    1    1    1  2.21543E+15 0.00069 
   50   50    1    1    1    1    1    1    1    1  3.48706E+15 0.00052 
   51   51    1    1    1    1    1    1    1    1  2.76189E+15 0.00074 
   52   52    1    1    1    1    1    1    1    1  3.32212E+15 0.00070 
   53   53    1    1    1    1    1    1    1    1  2.30620E+15 0.00052 
   54   54    1    1    1    1    1    1    1    1  2.85391E+15 0.00052 
   55   55    1    1    1    1    1    1    1    1  1.96118E+15 0.00060 
   56   56    1    1    1    1    1    1    1    1  2.66209E+14 0.00093 
   57   57    1    1    1    1    1    1    1    1  3.90149E+15 0.00061 
   58   58    1    1    1    1    1    1    1    1  1.76314E+15 0.00061 
   59   59    1    1    1    1    1    1    1    1  1.87258E+15 0.00066 
   60   60    1    1    1    1    1    1    1    1  1.47067E+15 0.00063 
   61   61    1    1    1    1    1    1    1    1  1.47335E+15 0.00068 
   62   62    1    1    1    1    1    1    1    1  1.53804E+15 0.00077 
   63   63    1    1    1    1    1    1    1    1  1.29808E+15 0.00083 
   64   64    1    1    1    1    1    1    1    1  1.03322E+15 0.00071 
   65   65    1    1    1    1    1    1    1    1  1.02753E+15 0.00072 
   66   66    1    1    1    1    1    1    1    1  7.40786E+14 0.00099 
   67   67    1    1    1    1    1    1    1    1  6.01254E+14 0.00101 
   68   68    1    1    1    1    1    1    1    1  5.39817E+14 0.00110 
   69   69    1    1    1    1    1    1    1    1  6.46538E+14 0.00095 
   70   70    1    1    1    1    1    1    1    1  5.49926E+14 0.00135 
   71   71    1    1    1    1    1    1    1    1  9.94903E+14 0.00106 
   72   72    1    1    1    1    1    1    1    1  7.02556E+14 0.00088 
   73   73    1    1    1    1    1    1    1    1  5.28998E+14 0.00099 
   74   74    1    1    1    1    1    1    1    1  4.28121E+14 0.00099 
   75   75    1    1    1    1    1    1    1    1  3.58070E+14 0.00133 
   76   76    1    1    1    1    1    1    1    1  4.17933E+14 0.00133 
   77   77    1    1    1    1    1    1    1    1  3.32085E+14 0.00110 
   78   78    1    1    1    1    1    1    1    1  2.65668E+14 0.00143 
   79   79    1    1    1    1    1    1    1    1  2.75956E+14 0.00118 
   80   80    1    1    1    1    1    1    1    1  2.05244E+14 0.00151 
   81   81    1    1    1    1    1    1    1    1  1.57993E+14 0.00169 
   82   82    1    1    1    1    1    1    1    1  1.21373E+14 0.00202 
   83   83    1    1    1    1    1    1    1    1  1.13849E+14 0.00194 
   84   84    1    1    1    1    1    1    1    1  8.18064E+13 0.00285 
   85   85    1    1    1    1    1    1    1    1  5.88005E+13 0.00230 
   86   86    1    1    1    1    1    1    1    1  5.48344E+13 0.00243 
   87   87    1    1    1    1    1    1    1    1  3.37749E+13 0.00415 
   88   88    1    1    1    1    1    1    1    1  2.28435E+13 0.00486 
   89   89    1    1    1    1    1    1    1    1  1.28687E+13 0.00644 
   90   90    1    1    1    1    1    1    1    1  8.60155E+12 0.00818 
   91   91    1    1    1    1    1    1    1    1  4.22819E+12 0.01297 
   92   92    1    1    1    1    1    1    1    1  2.21470E+12 0.01841 
   93   93    1    1    1    1    1    1    1    1  1.01348E+12 0.01653 
   94   94    1    1    1    1    1    1    1    1  4.75822E+11 0.02822 
   95   95    1    1    1    1    1    1    1    1  2.20624E+11 0.04299 
   96   96    1    1    1    1    1    1    1    1  1.16829E+11 0.06771 
   97   97    1    1    1    1    1    1    1    1  6.06760E+10 0.10363 
   98   98    1    1    1    1    1    1    1    1  2.62802E+10 0.13274 
   99   99    1    1    1    1    1    1    1    1  1.40953E+10 0.14084 
  100  100    1    1    1    1    1    1    1    1  8.63543E+09 0.28962 
];


