
DETdpaspec = [
    1    1    1    1    1    1    1    1    1    1  0.00000E+00 0.00000 
    2    2    1    1    1    1    1    1    1    1  0.00000E+00 0.00000 
    3    3    1    1    1    1    1    1    1    1  0.00000E+00 0.00000 
    4    4    1    1    1    1    1    1    1    1  0.00000E+00 0.00000 
    5    5    1    1    1    1    1    1    1    1  0.00000E+00 0.00000 
    6    6    1    1    1    1    1    1    1    1  0.00000E+00 0.00000 
    7    7    1    1    1    1    1    1    1    1  0.00000E+00 0.00000 
    8    8    1    1    1    1    1    1    1    1  0.00000E+00 0.00000 
    9    9    1    1    1    1    1    1    1    1  9.02215E+06 1.00000 
   10   10    1    1    1    1    1    1    1    1  7.38124E+07 0.68837 
   11   11    1    1    1    1    1    1    1    1  2.30917E+08 0.48955 
   12   12    1    1    1    1    1    1    1    1  4.28546E+07 0.60433 
   13   13    1    1    1    1    1    1    1    1  8.54380E+08 0.53928 
   14   14    1    1    1    1    1    1    1    1  2.86065E+09 0.69121 
   15   15    1    1    1    1    1    1    1    1  2.95781E+09 0.30364 
   16   16    1    1    1    1    1    1    1    1  1.49195E+09 0.31533 
   17   17    1    1    1    1    1    1    1    1  3.71663E+09 0.25997 
   18   18    1    1    1    1    1    1    1    1  6.39489E+09 0.20602 
   19   19    1    1    1    1    1    1    1    1  5.18954E+09 0.23144 
   20   20    1    1    1    1    1    1    1    1  2.03209E+10 0.15332 
   21   21    1    1    1    1    1    1    1    1  1.66245E+10 0.12743 
   22   22    1    1    1    1    1    1    1    1  4.11472E+10 0.09631 
   23   23    1    1    1    1    1    1    1    1  6.00871E+10 0.06868 
   24   24    1    1    1    1    1    1    1    1  1.05980E+11 0.06596 
   25   25    1    1    1    1    1    1    1    1  1.23778E+11 0.06661 
   26   26    1    1    1    1    1    1    1    1  1.95385E+11 0.04535 
   27   27    1    1    1    1    1    1    1    1  3.25744E+11 0.03593 
   28   28    1    1    1    1    1    1    1    1  5.99863E+11 0.02302 
   29   29    1    1    1    1    1    1    1    1  8.34907E+11 0.02141 
   30   30    1    1    1    1    1    1    1    1  2.62685E+12 0.01410 
   31   31    1    1    1    1    1    1    1    1  8.34777E+12 0.01134 
   32   32    1    1    1    1    1    1    1    1  1.60252E+13 0.00810 
   33   33    1    1    1    1    1    1    1    1  3.66814E+13 0.00512 
   34   34    1    1    1    1    1    1    1    1  5.00411E+13 0.00448 
   35   35    1    1    1    1    1    1    1    1  7.07482E+13 0.00365 
   36   36    1    1    1    1    1    1    1    1  4.93014E+13 0.00218 
   37   37    1    1    1    1    1    1    1    1  1.55446E+13 0.00256 
   38   38    1    1    1    1    1    1    1    1  8.50538E+13 0.00243 
   39   39    1    1    1    1    1    1    1    1  1.14674E+14 0.00257 
   40   40    1    1    1    1    1    1    1    1  1.93841E+14 0.00271 
   41   41    1    1    1    1    1    1    1    1  2.01128E+14 0.00226 
   42   42    1    1    1    1    1    1    1    1  4.21070E+14 0.00198 
   43   43    1    1    1    1    1    1    1    1  5.09913E+14 0.00191 
   44   44    1    1    1    1    1    1    1    1  7.35227E+14 0.00165 
   45   45    1    1    1    1    1    1    1    1  1.43613E+15 0.00110 
   46   46    1    1    1    1    1    1    1    1  6.79261E+14 0.00134 
   47   47    1    1    1    1    1    1    1    1  1.10487E+15 0.00136 
   48   48    1    1    1    1    1    1    1    1  1.54197E+15 0.00135 
   49   49    1    1    1    1    1    1    1    1  1.53447E+15 0.00128 
   50   50    1    1    1    1    1    1    1    1  2.35808E+15 0.00130 
   51   51    1    1    1    1    1    1    1    1  1.90804E+15 0.00128 
   52   52    1    1    1    1    1    1    1    1  2.22361E+15 0.00121 
   53   53    1    1    1    1    1    1    1    1  1.55235E+15 0.00115 
   54   54    1    1    1    1    1    1    1    1  1.86325E+15 0.00127 
   55   55    1    1    1    1    1    1    1    1  1.28754E+15 0.00132 
   56   56    1    1    1    1    1    1    1    1  1.76009E+14 0.00157 
   57   57    1    1    1    1    1    1    1    1  2.56679E+15 0.00102 
   58   58    1    1    1    1    1    1    1    1  1.11584E+15 0.00100 
   59   59    1    1    1    1    1    1    1    1  1.19259E+15 0.00098 
   60   60    1    1    1    1    1    1    1    1  9.12022E+14 0.00103 
   61   61    1    1    1    1    1    1    1    1  9.17342E+14 0.00118 
   62   62    1    1    1    1    1    1    1    1  9.52461E+14 0.00131 
   63   63    1    1    1    1    1    1    1    1  7.97400E+14 0.00114 
   64   64    1    1    1    1    1    1    1    1  6.34160E+14 0.00174 
   65   65    1    1    1    1    1    1    1    1  6.28871E+14 0.00121 
   66   66    1    1    1    1    1    1    1    1  4.51776E+14 0.00154 
   67   67    1    1    1    1    1    1    1    1  3.71149E+14 0.00170 
   68   68    1    1    1    1    1    1    1    1  3.34258E+14 0.00158 
   69   69    1    1    1    1    1    1    1    1  4.01103E+14 0.00168 
   70   70    1    1    1    1    1    1    1    1  3.42172E+14 0.00160 
   71   71    1    1    1    1    1    1    1    1  6.31068E+14 0.00199 
   72   72    1    1    1    1    1    1    1    1  4.47484E+14 0.00208 
   73   73    1    1    1    1    1    1    1    1  3.35440E+14 0.00155 
   74   74    1    1    1    1    1    1    1    1  2.65785E+14 0.00176 
   75   75    1    1    1    1    1    1    1    1  2.17001E+14 0.00208 
   76   76    1    1    1    1    1    1    1    1  2.48499E+14 0.00163 
   77   77    1    1    1    1    1    1    1    1  1.94305E+14 0.00141 
   78   78    1    1    1    1    1    1    1    1  1.52721E+14 0.00201 
   79   79    1    1    1    1    1    1    1    1  1.56306E+14 0.00189 
   80   80    1    1    1    1    1    1    1    1  1.14917E+14 0.00325 
   81   81    1    1    1    1    1    1    1    1  8.79121E+13 0.00237 
   82   82    1    1    1    1    1    1    1    1  6.74552E+13 0.00271 
   83   83    1    1    1    1    1    1    1    1  6.31343E+13 0.00307 
   84   84    1    1    1    1    1    1    1    1  4.52904E+13 0.00373 
   85   85    1    1    1    1    1    1    1    1  3.27886E+13 0.00418 
   86   86    1    1    1    1    1    1    1    1  3.06382E+13 0.00483 
   87   87    1    1    1    1    1    1    1    1  1.87806E+13 0.00453 
   88   88    1    1    1    1    1    1    1    1  1.26587E+13 0.00586 
   89   89    1    1    1    1    1    1    1    1  7.47775E+12 0.00737 
   90   90    1    1    1    1    1    1    1    1  4.86855E+12 0.00985 
   91   91    1    1    1    1    1    1    1    1  2.51474E+12 0.01520 
   92   92    1    1    1    1    1    1    1    1  1.19456E+12 0.02346 
   93   93    1    1    1    1    1    1    1    1  5.67355E+11 0.02909 
   94   94    1    1    1    1    1    1    1    1  2.86113E+11 0.05417 
   95   95    1    1    1    1    1    1    1    1  1.33724E+11 0.05806 
   96   96    1    1    1    1    1    1    1    1  6.22275E+10 0.12022 
   97   97    1    1    1    1    1    1    1    1  3.14761E+10 0.09433 
   98   98    1    1    1    1    1    1    1    1  1.58093E+10 0.18235 
   99   99    1    1    1    1    1    1    1    1  8.03897E+09 0.27649 
  100  100    1    1    1    1    1    1    1    1  7.04097E+09 0.25912 
];


