
DETdpaspec = [
    1    1    1    1    1    1    1    1    1    1  0.00000E+00 0.00000 
    2    2    1    1    1    1    1    1    1    1  0.00000E+00 0.00000 
    3    3    1    1    1    1    1    1    1    1  0.00000E+00 0.00000 
    4    4    1    1    1    1    1    1    1    1  0.00000E+00 0.00000 
    5    5    1    1    1    1    1    1    1    1  0.00000E+00 0.00000 
    6    6    1    1    1    1    1    1    1    1  9.51414E+06 1.00000 
    7    7    1    1    1    1    1    1    1    1  0.00000E+00 0.00000 
    8    8    1    1    1    1    1    1    1    1  0.00000E+00 0.00000 
    9    9    1    1    1    1    1    1    1    1  1.66453E+07 0.70949 
   10   10    1    1    1    1    1    1    1    1  8.33045E+07 0.69213 
   11   11    1    1    1    1    1    1    1    1  5.46604E+07 1.00000 
   12   12    1    1    1    1    1    1    1    1  7.09417E+07 0.61501 
   13   13    1    1    1    1    1    1    1    1  4.26856E+08 0.80244 
   14   14    1    1    1    1    1    1    1    1  2.84008E+09 0.41222 
   15   15    1    1    1    1    1    1    1    1  2.98636E+09 0.33967 
   16   16    1    1    1    1    1    1    1    1  8.85299E+08 0.37606 
   17   17    1    1    1    1    1    1    1    1  1.67416E+09 0.37616 
   18   18    1    1    1    1    1    1    1    1  3.19911E+09 0.33482 
   19   19    1    1    1    1    1    1    1    1  7.39160E+09 0.20414 
   20   20    1    1    1    1    1    1    1    1  2.00305E+10 0.16574 
   21   21    1    1    1    1    1    1    1    1  1.67999E+10 0.10807 
   22   22    1    1    1    1    1    1    1    1  3.10113E+10 0.11603 
   23   23    1    1    1    1    1    1    1    1  5.85683E+10 0.07475 
   24   24    1    1    1    1    1    1    1    1  9.18049E+10 0.08512 
   25   25    1    1    1    1    1    1    1    1  1.16418E+11 0.06869 
   26   26    1    1    1    1    1    1    1    1  1.95627E+11 0.05018 
   27   27    1    1    1    1    1    1    1    1  3.20383E+11 0.04151 
   28   28    1    1    1    1    1    1    1    1  7.58046E+11 0.02462 
   29   29    1    1    1    1    1    1    1    1  1.24423E+12 0.02320 
   30   30    1    1    1    1    1    1    1    1  3.50030E+12 0.01356 
   31   31    1    1    1    1    1    1    1    1  1.11029E+13 0.00844 
   32   32    1    1    1    1    1    1    1    1  2.09834E+13 0.00620 
   33   33    1    1    1    1    1    1    1    1  4.98087E+13 0.00458 
   34   34    1    1    1    1    1    1    1    1  6.99470E+13 0.00224 
   35   35    1    1    1    1    1    1    1    1  9.05529E+13 0.00258 
   36   36    1    1    1    1    1    1    1    1  6.12258E+13 0.00223 
   37   37    1    1    1    1    1    1    1    1  1.87103E+13 0.00257 
   38   38    1    1    1    1    1    1    1    1  1.05489E+14 0.00231 
   39   39    1    1    1    1    1    1    1    1  1.43167E+14 0.00189 
   40   40    1    1    1    1    1    1    1    1  2.46489E+14 0.00186 
   41   41    1    1    1    1    1    1    1    1  2.50086E+14 0.00149 
   42   42    1    1    1    1    1    1    1    1  5.38349E+14 0.00102 
   43   43    1    1    1    1    1    1    1    1  6.56725E+14 0.00098 
   44   44    1    1    1    1    1    1    1    1  9.58931E+14 0.00123 
   45   45    1    1    1    1    1    1    1    1  1.92764E+15 0.00075 
   46   46    1    1    1    1    1    1    1    1  9.02533E+14 0.00092 
   47   47    1    1    1    1    1    1    1    1  1.45999E+15 0.00061 
   48   48    1    1    1    1    1    1    1    1  2.04761E+15 0.00096 
   49   49    1    1    1    1    1    1    1    1  2.03592E+15 0.00089 
   50   50    1    1    1    1    1    1    1    1  3.19321E+15 0.00072 
   51   51    1    1    1    1    1    1    1    1  2.55338E+15 0.00074 
   52   52    1    1    1    1    1    1    1    1  3.05399E+15 0.00056 
   53   53    1    1    1    1    1    1    1    1  2.12591E+15 0.00056 
   54   54    1    1    1    1    1    1    1    1  2.61244E+15 0.00056 
   55   55    1    1    1    1    1    1    1    1  1.80000E+15 0.00058 
   56   56    1    1    1    1    1    1    1    1  2.44742E+14 0.00109 
   57   57    1    1    1    1    1    1    1    1  3.58857E+15 0.00062 
   58   58    1    1    1    1    1    1    1    1  1.60638E+15 0.00072 
   59   59    1    1    1    1    1    1    1    1  1.71204E+15 0.00071 
   60   60    1    1    1    1    1    1    1    1  1.33381E+15 0.00086 
   61   61    1    1    1    1    1    1    1    1  1.33813E+15 0.00060 
   62   62    1    1    1    1    1    1    1    1  1.39690E+15 0.00084 
   63   63    1    1    1    1    1    1    1    1  1.17903E+15 0.00104 
   64   64    1    1    1    1    1    1    1    1  9.38242E+14 0.00106 
   65   65    1    1    1    1    1    1    1    1  9.33291E+14 0.00089 
   66   66    1    1    1    1    1    1    1    1  6.72330E+14 0.00091 
   67   67    1    1    1    1    1    1    1    1  5.47894E+14 0.00094 
   68   68    1    1    1    1    1    1    1    1  4.92614E+14 0.00117 
   69   69    1    1    1    1    1    1    1    1  5.90102E+14 0.00100 
   70   70    1    1    1    1    1    1    1    1  5.02911E+14 0.00133 
   71   71    1    1    1    1    1    1    1    1  9.15102E+14 0.00080 
   72   72    1    1    1    1    1    1    1    1  6.47626E+14 0.00129 
   73   73    1    1    1    1    1    1    1    1  4.88994E+14 0.00132 
   74   74    1    1    1    1    1    1    1    1  3.93359E+14 0.00138 
   75   75    1    1    1    1    1    1    1    1  3.26283E+14 0.00129 
   76   76    1    1    1    1    1    1    1    1  3.79775E+14 0.00192 
   77   77    1    1    1    1    1    1    1    1  3.00292E+14 0.00136 
   78   78    1    1    1    1    1    1    1    1  2.39214E+14 0.00175 
   79   79    1    1    1    1    1    1    1    1  2.46733E+14 0.00137 
   80   80    1    1    1    1    1    1    1    1  1.83118E+14 0.00172 
   81   81    1    1    1    1    1    1    1    1  1.41154E+14 0.00219 
   82   82    1    1    1    1    1    1    1    1  1.08194E+14 0.00230 
   83   83    1    1    1    1    1    1    1    1  1.00950E+14 0.00215 
   84   84    1    1    1    1    1    1    1    1  7.29984E+13 0.00253 
   85   85    1    1    1    1    1    1    1    1  5.27482E+13 0.00279 
   86   86    1    1    1    1    1    1    1    1  4.93968E+13 0.00316 
   87   87    1    1    1    1    1    1    1    1  3.04178E+13 0.00382 
   88   88    1    1    1    1    1    1    1    1  2.02924E+13 0.00551 
   89   89    1    1    1    1    1    1    1    1  1.17950E+13 0.00558 
   90   90    1    1    1    1    1    1    1    1  7.80157E+12 0.00870 
   91   91    1    1    1    1    1    1    1    1  3.96977E+12 0.01462 
   92   92    1    1    1    1    1    1    1    1  1.89362E+12 0.02018 
   93   93    1    1    1    1    1    1    1    1  9.42303E+11 0.03214 
   94   94    1    1    1    1    1    1    1    1  4.70084E+11 0.03302 
   95   95    1    1    1    1    1    1    1    1  2.39658E+11 0.05203 
   96   96    1    1    1    1    1    1    1    1  1.03352E+11 0.07902 
   97   97    1    1    1    1    1    1    1    1  4.09186E+10 0.11436 
   98   98    1    1    1    1    1    1    1    1  2.29097E+10 0.19288 
   99   99    1    1    1    1    1    1    1    1  1.41433E+10 0.24918 
  100  100    1    1    1    1    1    1    1    1  1.10710E+10 0.24365 
];


