
DETdpaspec = [
    1    1    1    1    1    1    1    1    1    1  0.00000E+00 0.00000 
    2    2    1    1    1    1    1    1    1    1  0.00000E+00 0.00000 
    3    3    1    1    1    1    1    1    1    1  0.00000E+00 0.00000 
    4    4    1    1    1    1    1    1    1    1  0.00000E+00 0.00000 
    5    5    1    1    1    1    1    1    1    1  0.00000E+00 0.00000 
    6    6    1    1    1    1    1    1    1    1  0.00000E+00 0.00000 
    7    7    1    1    1    1    1    1    1    1  0.00000E+00 0.00000 
    8    8    1    1    1    1    1    1    1    1  0.00000E+00 0.00000 
    9    9    1    1    1    1    1    1    1    1  0.00000E+00 0.00000 
   10   10    1    1    1    1    1    1    1    1  0.00000E+00 0.00000 
   11   11    1    1    1    1    1    1    1    1  0.00000E+00 0.00000 
   12   12    1    1    1    1    1    1    1    1  9.36212E+07 1.00000 
   13   13    1    1    1    1    1    1    1    1  9.62778E+07 1.00000 
   14   14    1    1    1    1    1    1    1    1  1.53351E+09 0.68838 
   15   15    1    1    1    1    1    1    1    1  3.33510E+09 0.79347 
   16   16    1    1    1    1    1    1    1    1  5.73036E+08 0.73612 
   17   17    1    1    1    1    1    1    1    1  1.78893E+09 0.34233 
   18   18    1    1    1    1    1    1    1    1  3.23714E+09 0.30353 
   19   19    1    1    1    1    1    1    1    1  3.92125E+09 0.24059 
   20   20    1    1    1    1    1    1    1    1  1.69732E+10 0.23770 
   21   21    1    1    1    1    1    1    1    1  1.44101E+10 0.16153 
   22   22    1    1    1    1    1    1    1    1  3.17912E+10 0.11690 
   23   23    1    1    1    1    1    1    1    1  5.77507E+10 0.09478 
   24   24    1    1    1    1    1    1    1    1  1.62300E+11 0.05858 
   25   25    1    1    1    1    1    1    1    1  2.86256E+11 0.05175 
   26   26    1    1    1    1    1    1    1    1  6.46478E+11 0.03291 
   27   27    1    1    1    1    1    1    1    1  1.49881E+12 0.01777 
   28   28    1    1    1    1    1    1    1    1  3.39615E+12 0.01327 
   29   29    1    1    1    1    1    1    1    1  5.94299E+12 0.01023 
   30   30    1    1    1    1    1    1    1    1  1.30958E+13 0.00544 
   31   31    1    1    1    1    1    1    1    1  3.19841E+13 0.00587 
   32   32    1    1    1    1    1    1    1    1  5.11168E+13 0.00338 
   33   33    1    1    1    1    1    1    1    1  1.10474E+14 0.00269 
   34   34    1    1    1    1    1    1    1    1  1.44096E+14 0.00231 
   35   35    1    1    1    1    1    1    1    1  1.55824E+14 0.00178 
   36   36    1    1    1    1    1    1    1    1  9.56443E+13 0.00193 
   37   37    1    1    1    1    1    1    1    1  2.81062E+13 0.00171 
   38   38    1    1    1    1    1    1    1    1  1.61858E+14 0.00174 
   39   39    1    1    1    1    1    1    1    1  2.15844E+14 0.00121 
   40   40    1    1    1    1    1    1    1    1  3.67778E+14 0.00137 
   41   41    1    1    1    1    1    1    1    1  3.56343E+14 0.00133 
   42   42    1    1    1    1    1    1    1    1  7.69365E+14 0.00095 
   43   43    1    1    1    1    1    1    1    1  9.23790E+14 0.00095 
   44   44    1    1    1    1    1    1    1    1  1.32274E+15 0.00113 
   45   45    1    1    1    1    1    1    1    1  2.60583E+15 0.00090 
   46   46    1    1    1    1    1    1    1    1  1.17288E+15 0.00068 
   47   47    1    1    1    1    1    1    1    1  1.86347E+15 0.00060 
   48   48    1    1    1    1    1    1    1    1  2.56544E+15 0.00072 
   49   49    1    1    1    1    1    1    1    1  2.50728E+15 0.00059 
   50   50    1    1    1    1    1    1    1    1  3.91585E+15 0.00064 
   51   51    1    1    1    1    1    1    1    1  3.02937E+15 0.00060 
   52   52    1    1    1    1    1    1    1    1  3.64906E+15 0.00042 
   53   53    1    1    1    1    1    1    1    1  2.49844E+15 0.00062 
   54   54    1    1    1    1    1    1    1    1  3.09681E+15 0.00071 
   55   55    1    1    1    1    1    1    1    1  2.11367E+15 0.00059 
   56   56    1    1    1    1    1    1    1    1  2.84845E+14 0.00105 
   57   57    1    1    1    1    1    1    1    1  4.17128E+15 0.00059 
   58   58    1    1    1    1    1    1    1    1  1.89770E+15 0.00071 
   59   59    1    1    1    1    1    1    1    1  1.99630E+15 0.00059 
   60   60    1    1    1    1    1    1    1    1  1.57565E+15 0.00068 
   61   61    1    1    1    1    1    1    1    1  1.56968E+15 0.00070 
   62   62    1    1    1    1    1    1    1    1  1.63595E+15 0.00073 
   63   63    1    1    1    1    1    1    1    1  1.37855E+15 0.00088 
   64   64    1    1    1    1    1    1    1    1  1.09260E+15 0.00087 
   65   65    1    1    1    1    1    1    1    1  1.08319E+15 0.00090 
   66   66    1    1    1    1    1    1    1    1  7.78170E+14 0.00097 
   67   67    1    1    1    1    1    1    1    1  6.28094E+14 0.00111 
   68   68    1    1    1    1    1    1    1    1  5.61395E+14 0.00132 
   69   69    1    1    1    1    1    1    1    1  6.70476E+14 0.00103 
   70   70    1    1    1    1    1    1    1    1  5.67117E+14 0.00096 
   71   71    1    1    1    1    1    1    1    1  1.01325E+15 0.00099 
   72   72    1    1    1    1    1    1    1    1  7.10305E+14 0.00117 
   73   73    1    1    1    1    1    1    1    1  5.34348E+14 0.00154 
   74   74    1    1    1    1    1    1    1    1  4.34893E+14 0.00129 
   75   75    1    1    1    1    1    1    1    1  3.64648E+14 0.00154 
   76   76    1    1    1    1    1    1    1    1  4.27581E+14 0.00129 
   77   77    1    1    1    1    1    1    1    1  3.41934E+14 0.00110 
   78   78    1    1    1    1    1    1    1    1  2.75254E+14 0.00136 
   79   79    1    1    1    1    1    1    1    1  2.86606E+14 0.00182 
   80   80    1    1    1    1    1    1    1    1  2.12205E+14 0.00192 
   81   81    1    1    1    1    1    1    1    1  1.64197E+14 0.00143 
   82   82    1    1    1    1    1    1    1    1  1.25914E+14 0.00248 
   83   83    1    1    1    1    1    1    1    1  1.17585E+14 0.00209 
   84   84    1    1    1    1    1    1    1    1  8.44756E+13 0.00309 
   85   85    1    1    1    1    1    1    1    1  6.06756E+13 0.00291 
   86   86    1    1    1    1    1    1    1    1  5.70454E+13 0.00256 
   87   87    1    1    1    1    1    1    1    1  3.46832E+13 0.00368 
   88   88    1    1    1    1    1    1    1    1  2.30623E+13 0.00440 
   89   89    1    1    1    1    1    1    1    1  1.33851E+13 0.00658 
   90   90    1    1    1    1    1    1    1    1  8.76051E+12 0.00783 
   91   91    1    1    1    1    1    1    1    1  4.34300E+12 0.00805 
   92   92    1    1    1    1    1    1    1    1  2.05988E+12 0.01294 
   93   93    1    1    1    1    1    1    1    1  9.84816E+11 0.01781 
   94   94    1    1    1    1    1    1    1    1  4.51470E+11 0.03746 
   95   95    1    1    1    1    1    1    1    1  2.24799E+11 0.04499 
   96   96    1    1    1    1    1    1    1    1  1.06458E+11 0.05414 
   97   97    1    1    1    1    1    1    1    1  5.27341E+10 0.10666 
   98   98    1    1    1    1    1    1    1    1  2.59279E+10 0.14117 
   99   99    1    1    1    1    1    1    1    1  1.08412E+10 0.24401 
  100  100    1    1    1    1    1    1    1    1  9.95013E+09 0.26233 
];


