
DETdpaspec = [
    1    1    1    1    1    1    1    1    1    1  0.00000E+00 0.00000 
    2    2    1    1    1    1    1    1    1    1  0.00000E+00 0.00000 
    3    3    1    1    1    1    1    1    1    1  0.00000E+00 0.00000 
    4    4    1    1    1    1    1    1    1    1  0.00000E+00 0.00000 
    5    5    1    1    1    1    1    1    1    1  0.00000E+00 0.00000 
    6    6    1    1    1    1    1    1    1    1  0.00000E+00 0.00000 
    7    7    1    1    1    1    1    1    1    1  0.00000E+00 0.00000 
    8    8    1    1    1    1    1    1    1    1  0.00000E+00 0.00000 
    9    9    1    1    1    1    1    1    1    1  0.00000E+00 0.00000 
   10   10    1    1    1    1    1    1    1    1  2.33554E+07 1.00000 
   11   11    1    1    1    1    1    1    1    1  1.11545E+08 1.00000 
   12   12    1    1    1    1    1    1    1    1  2.78408E+07 1.00000 
   13   13    1    1    1    1    1    1    1    1  1.57914E+08 1.00000 
   14   14    1    1    1    1    1    1    1    1  1.60408E+09 0.41256 
   15   15    1    1    1    1    1    1    1    1  2.74705E+09 0.53195 
   16   16    1    1    1    1    1    1    1    1  6.43559E+08 0.40245 
   17   17    1    1    1    1    1    1    1    1  1.47167E+09 0.36355 
   18   18    1    1    1    1    1    1    1    1  2.34003E+09 0.35830 
   19   19    1    1    1    1    1    1    1    1  4.92586E+09 0.25756 
   20   20    1    1    1    1    1    1    1    1  2.25169E+10 0.17481 
   21   21    1    1    1    1    1    1    1    1  1.61352E+10 0.17380 
   22   22    1    1    1    1    1    1    1    1  3.70815E+10 0.09358 
   23   23    1    1    1    1    1    1    1    1  5.24036E+10 0.09886 
   24   24    1    1    1    1    1    1    1    1  9.06643E+10 0.06660 
   25   25    1    1    1    1    1    1    1    1  1.18507E+11 0.05945 
   26   26    1    1    1    1    1    1    1    1  1.75961E+11 0.04439 
   27   27    1    1    1    1    1    1    1    1  3.49355E+11 0.03889 
   28   28    1    1    1    1    1    1    1    1  7.77938E+11 0.02292 
   29   29    1    1    1    1    1    1    1    1  1.32678E+12 0.01681 
   30   30    1    1    1    1    1    1    1    1  3.71522E+12 0.01043 
   31   31    1    1    1    1    1    1    1    1  1.17545E+13 0.00890 
   32   32    1    1    1    1    1    1    1    1  2.18427E+13 0.00585 
   33   33    1    1    1    1    1    1    1    1  5.22688E+13 0.00370 
   34   34    1    1    1    1    1    1    1    1  7.37933E+13 0.00337 
   35   35    1    1    1    1    1    1    1    1  9.42832E+13 0.00274 
   36   36    1    1    1    1    1    1    1    1  6.31480E+13 0.00284 
   37   37    1    1    1    1    1    1    1    1  1.92379E+13 0.00248 
   38   38    1    1    1    1    1    1    1    1  1.08977E+14 0.00234 
   39   39    1    1    1    1    1    1    1    1  1.47462E+14 0.00215 
   40   40    1    1    1    1    1    1    1    1  2.54746E+14 0.00163 
   41   41    1    1    1    1    1    1    1    1  2.57016E+14 0.00187 
   42   42    1    1    1    1    1    1    1    1  5.54087E+14 0.00120 
   43   43    1    1    1    1    1    1    1    1  6.76058E+14 0.00098 
   44   44    1    1    1    1    1    1    1    1  9.86987E+14 0.00113 
   45   45    1    1    1    1    1    1    1    1  1.98490E+15 0.00087 
   46   46    1    1    1    1    1    1    1    1  9.26794E+14 0.00067 
   47   47    1    1    1    1    1    1    1    1  1.49949E+15 0.00062 
   48   48    1    1    1    1    1    1    1    1  2.10129E+15 0.00070 
   49   49    1    1    1    1    1    1    1    1  2.08829E+15 0.00082 
   50   50    1    1    1    1    1    1    1    1  3.27482E+15 0.00062 
   51   51    1    1    1    1    1    1    1    1  2.61284E+15 0.00045 
   52   52    1    1    1    1    1    1    1    1  3.13044E+15 0.00060 
   53   53    1    1    1    1    1    1    1    1  2.17706E+15 0.00073 
   54   54    1    1    1    1    1    1    1    1  2.68315E+15 0.00056 
   55   55    1    1    1    1    1    1    1    1  1.84835E+15 0.00086 
   56   56    1    1    1    1    1    1    1    1  2.51430E+14 0.00132 
   57   57    1    1    1    1    1    1    1    1  3.68203E+15 0.00081 
   58   58    1    1    1    1    1    1    1    1  1.65274E+15 0.00074 
   59   59    1    1    1    1    1    1    1    1  1.75746E+15 0.00065 
   60   60    1    1    1    1    1    1    1    1  1.37410E+15 0.00066 
   61   61    1    1    1    1    1    1    1    1  1.37788E+15 0.00063 
   62   62    1    1    1    1    1    1    1    1  1.43978E+15 0.00066 
   63   63    1    1    1    1    1    1    1    1  1.21481E+15 0.00087 
   64   64    1    1    1    1    1    1    1    1  9.67627E+14 0.00087 
   65   65    1    1    1    1    1    1    1    1  9.62817E+14 0.00093 
   66   66    1    1    1    1    1    1    1    1  6.93404E+14 0.00109 
   67   67    1    1    1    1    1    1    1    1  5.64122E+14 0.00136 
   68   68    1    1    1    1    1    1    1    1  5.06477E+14 0.00139 
   69   69    1    1    1    1    1    1    1    1  6.07542E+14 0.00160 
   70   70    1    1    1    1    1    1    1    1  5.17010E+14 0.00119 
   71   71    1    1    1    1    1    1    1    1  9.41087E+14 0.00098 
   72   72    1    1    1    1    1    1    1    1  6.65224E+14 0.00097 
   73   73    1    1    1    1    1    1    1    1  5.01427E+14 0.00098 
   74   74    1    1    1    1    1    1    1    1  4.04074E+14 0.00131 
   75   75    1    1    1    1    1    1    1    1  3.36465E+14 0.00171 
   76   76    1    1    1    1    1    1    1    1  3.90998E+14 0.00127 
   77   77    1    1    1    1    1    1    1    1  3.10045E+14 0.00195 
   78   78    1    1    1    1    1    1    1    1  2.47465E+14 0.00154 
   79   79    1    1    1    1    1    1    1    1  2.55651E+14 0.00168 
   80   80    1    1    1    1    1    1    1    1  1.89668E+14 0.00201 
   81   81    1    1    1    1    1    1    1    1  1.46047E+14 0.00239 
   82   82    1    1    1    1    1    1    1    1  1.12221E+14 0.00212 
   83   83    1    1    1    1    1    1    1    1  1.05009E+14 0.00201 
   84   84    1    1    1    1    1    1    1    1  7.57003E+13 0.00266 
   85   85    1    1    1    1    1    1    1    1  5.48763E+13 0.00425 
   86   86    1    1    1    1    1    1    1    1  5.11001E+13 0.00441 
   87   87    1    1    1    1    1    1    1    1  3.14354E+13 0.00458 
   88   88    1    1    1    1    1    1    1    1  2.11621E+13 0.00558 
   89   89    1    1    1    1    1    1    1    1  1.21227E+13 0.00814 
   90   90    1    1    1    1    1    1    1    1  8.12185E+12 0.00767 
   91   91    1    1    1    1    1    1    1    1  4.09316E+12 0.01375 
   92   92    1    1    1    1    1    1    1    1  1.95291E+12 0.01626 
   93   93    1    1    1    1    1    1    1    1  9.76246E+11 0.02514 
   94   94    1    1    1    1    1    1    1    1  4.17392E+11 0.03689 
   95   95    1    1    1    1    1    1    1    1  2.16656E+11 0.03836 
   96   96    1    1    1    1    1    1    1    1  9.83813E+10 0.09000 
   97   97    1    1    1    1    1    1    1    1  5.19200E+10 0.09637 
   98   98    1    1    1    1    1    1    1    1  2.58871E+10 0.13387 
   99   99    1    1    1    1    1    1    1    1  1.25347E+10 0.21384 
  100  100    1    1    1    1    1    1    1    1  1.12917E+10 0.15377 
];


