
DETdpaspec = [
    1    1    1    1    1    1    1    1    1    1  0.00000E+00 0.00000 
    2    2    1    1    1    1    1    1    1    1  0.00000E+00 0.00000 
    3    3    1    1    1    1    1    1    1    1  0.00000E+00 0.00000 
    4    4    1    1    1    1    1    1    1    1  0.00000E+00 0.00000 
    5    5    1    1    1    1    1    1    1    1  0.00000E+00 0.00000 
    6    6    1    1    1    1    1    1    1    1  0.00000E+00 0.00000 
    7    7    1    1    1    1    1    1    1    1  0.00000E+00 0.00000 
    8    8    1    1    1    1    1    1    1    1  0.00000E+00 0.00000 
    9    9    1    1    1    1    1    1    1    1  0.00000E+00 0.00000 
   10   10    1    1    1    1    1    1    1    1  0.00000E+00 0.00000 
   11   11    1    1    1    1    1    1    1    1  1.54632E+08 0.54750 
   12   12    1    1    1    1    1    1    1    1  1.11162E+07 0.50664 
   13   13    1    1    1    1    1    1    1    1  1.38597E+09 0.81237 
   14   14    1    1    1    1    1    1    1    1  1.80308E+09 0.37477 
   15   15    1    1    1    1    1    1    1    1  4.32230E+09 0.33618 
   16   16    1    1    1    1    1    1    1    1  1.60122E+09 0.39540 
   17   17    1    1    1    1    1    1    1    1  8.38494E+08 0.41292 
   18   18    1    1    1    1    1    1    1    1  3.60550E+09 0.28777 
   19   19    1    1    1    1    1    1    1    1  6.01185E+09 0.22431 
   20   20    1    1    1    1    1    1    1    1  1.64094E+10 0.18343 
   21   21    1    1    1    1    1    1    1    1  1.60586E+10 0.14249 
   22   22    1    1    1    1    1    1    1    1  3.03550E+10 0.10977 
   23   23    1    1    1    1    1    1    1    1  6.44351E+10 0.07202 
   24   24    1    1    1    1    1    1    1    1  9.15356E+10 0.07301 
   25   25    1    1    1    1    1    1    1    1  1.08263E+11 0.05739 
   26   26    1    1    1    1    1    1    1    1  1.89831E+11 0.03507 
   27   27    1    1    1    1    1    1    1    1  3.43153E+11 0.03527 
   28   28    1    1    1    1    1    1    1    1  7.23971E+11 0.02778 
   29   29    1    1    1    1    1    1    1    1  1.15747E+12 0.01886 
   30   30    1    1    1    1    1    1    1    1  3.31505E+12 0.01219 
   31   31    1    1    1    1    1    1    1    1  1.03662E+13 0.00787 
   32   32    1    1    1    1    1    1    1    1  1.95732E+13 0.00543 
   33   33    1    1    1    1    1    1    1    1  4.71092E+13 0.00410 
   34   34    1    1    1    1    1    1    1    1  6.61482E+13 0.00329 
   35   35    1    1    1    1    1    1    1    1  8.73049E+13 0.00224 
   36   36    1    1    1    1    1    1    1    1  5.92522E+13 0.00203 
   37   37    1    1    1    1    1    1    1    1  1.81960E+13 0.00195 
   38   38    1    1    1    1    1    1    1    1  1.02385E+14 0.00184 
   39   39    1    1    1    1    1    1    1    1  1.38983E+14 0.00208 
   40   40    1    1    1    1    1    1    1    1  2.38462E+14 0.00191 
   41   41    1    1    1    1    1    1    1    1  2.42555E+14 0.00198 
   42   42    1    1    1    1    1    1    1    1  5.22463E+14 0.00153 
   43   43    1    1    1    1    1    1    1    1  6.37663E+14 0.00132 
   44   44    1    1    1    1    1    1    1    1  9.31921E+14 0.00127 
   45   45    1    1    1    1    1    1    1    1  1.86753E+15 0.00086 
   46   46    1    1    1    1    1    1    1    1  8.76629E+14 0.00098 
   47   47    1    1    1    1    1    1    1    1  1.42119E+15 0.00106 
   48   48    1    1    1    1    1    1    1    1  1.99141E+15 0.00073 
   49   49    1    1    1    1    1    1    1    1  1.98036E+15 0.00073 
   50   50    1    1    1    1    1    1    1    1  3.10085E+15 0.00068 
   51   51    1    1    1    1    1    1    1    1  2.48439E+15 0.00074 
   52   52    1    1    1    1    1    1    1    1  2.96386E+15 0.00066 
   53   53    1    1    1    1    1    1    1    1  2.06743E+15 0.00071 
   54   54    1    1    1    1    1    1    1    1  2.53123E+15 0.00079 
   55   55    1    1    1    1    1    1    1    1  1.74410E+15 0.00081 
   56   56    1    1    1    1    1    1    1    1  2.37707E+14 0.00117 
   57   57    1    1    1    1    1    1    1    1  3.47958E+15 0.00086 
   58   58    1    1    1    1    1    1    1    1  1.55230E+15 0.00089 
   59   59    1    1    1    1    1    1    1    1  1.65341E+15 0.00071 
   60   60    1    1    1    1    1    1    1    1  1.28786E+15 0.00090 
   61   61    1    1    1    1    1    1    1    1  1.29176E+15 0.00082 
   62   62    1    1    1    1    1    1    1    1  1.34887E+15 0.00098 
   63   63    1    1    1    1    1    1    1    1  1.13728E+15 0.00093 
   64   64    1    1    1    1    1    1    1    1  9.06084E+14 0.00118 
   65   65    1    1    1    1    1    1    1    1  8.99883E+14 0.00119 
   66   66    1    1    1    1    1    1    1    1  6.49061E+14 0.00118 
   67   67    1    1    1    1    1    1    1    1  5.29060E+14 0.00126 
   68   68    1    1    1    1    1    1    1    1  4.75165E+14 0.00146 
   69   69    1    1    1    1    1    1    1    1  5.70973E+14 0.00121 
   70   70    1    1    1    1    1    1    1    1  4.86197E+14 0.00156 
   71   71    1    1    1    1    1    1    1    1  8.86698E+14 0.00130 
   72   72    1    1    1    1    1    1    1    1  6.28006E+14 0.00086 
   73   73    1    1    1    1    1    1    1    1  4.71829E+14 0.00138 
   74   74    1    1    1    1    1    1    1    1  3.79316E+14 0.00169 
   75   75    1    1    1    1    1    1    1    1  3.14464E+14 0.00190 
   76   76    1    1    1    1    1    1    1    1  3.65115E+14 0.00132 
   77   77    1    1    1    1    1    1    1    1  2.88510E+14 0.00130 
   78   78    1    1    1    1    1    1    1    1  2.29752E+14 0.00146 
   79   79    1    1    1    1    1    1    1    1  2.37339E+14 0.00170 
   80   80    1    1    1    1    1    1    1    1  1.75712E+14 0.00214 
   81   81    1    1    1    1    1    1    1    1  1.35461E+14 0.00235 
   82   82    1    1    1    1    1    1    1    1  1.03793E+14 0.00271 
   83   83    1    1    1    1    1    1    1    1  9.69014E+13 0.00260 
   84   84    1    1    1    1    1    1    1    1  7.00680E+13 0.00198 
   85   85    1    1    1    1    1    1    1    1  5.05216E+13 0.00401 
   86   86    1    1    1    1    1    1    1    1  4.70458E+13 0.00321 
   87   87    1    1    1    1    1    1    1    1  2.90232E+13 0.00484 
   88   88    1    1    1    1    1    1    1    1  1.96123E+13 0.00361 
   89   89    1    1    1    1    1    1    1    1  1.12273E+13 0.00818 
   90   90    1    1    1    1    1    1    1    1  7.51269E+12 0.00948 
   91   91    1    1    1    1    1    1    1    1  3.76594E+12 0.00992 
   92   92    1    1    1    1    1    1    1    1  1.84136E+12 0.01631 
   93   93    1    1    1    1    1    1    1    1  9.02403E+11 0.02188 
   94   94    1    1    1    1    1    1    1    1  4.40973E+11 0.03071 
   95   95    1    1    1    1    1    1    1    1  2.02959E+11 0.04009 
   96   96    1    1    1    1    1    1    1    1  1.03090E+11 0.06324 
   97   97    1    1    1    1    1    1    1    1  5.31140E+10 0.08028 
   98   98    1    1    1    1    1    1    1    1  2.23314E+10 0.18986 
   99   99    1    1    1    1    1    1    1    1  8.56086E+09 0.18248 
  100  100    1    1    1    1    1    1    1    1  9.42913E+09 0.24489 
];


