
DETdpaspec = [
    1    1    1    1    1    1    1    1    1    1  0.00000E+00 0.00000 
    2    2    1    1    1    1    1    1    1    1  0.00000E+00 0.00000 
    3    3    1    1    1    1    1    1    1    1  0.00000E+00 0.00000 
    4    4    1    1    1    1    1    1    1    1  0.00000E+00 0.00000 
    5    5    1    1    1    1    1    1    1    1  0.00000E+00 0.00000 
    6    6    1    1    1    1    1    1    1    1  0.00000E+00 0.00000 
    7    7    1    1    1    1    1    1    1    1  0.00000E+00 0.00000 
    8    8    1    1    1    1    1    1    1    1  0.00000E+00 0.00000 
    9    9    1    1    1    1    1    1    1    1  0.00000E+00 0.00000 
   10   10    1    1    1    1    1    1    1    1  0.00000E+00 0.00000 
   11   11    1    1    1    1    1    1    1    1  4.37015E+07 1.00000 
   12   12    1    1    1    1    1    1    1    1  1.80477E+07 1.00000 
   13   13    1    1    1    1    1    1    1    1  1.06166E+09 0.55872 
   14   14    1    1    1    1    1    1    1    1  1.70100E+09 0.58531 
   15   15    1    1    1    1    1    1    1    1  1.61218E+09 0.42753 
   16   16    1    1    1    1    1    1    1    1  1.09217E+09 0.32129 
   17   17    1    1    1    1    1    1    1    1  1.55692E+09 0.35594 
   18   18    1    1    1    1    1    1    1    1  6.94530E+09 0.19259 
   19   19    1    1    1    1    1    1    1    1  1.02704E+10 0.23229 
   20   20    1    1    1    1    1    1    1    1  2.07255E+10 0.12819 
   21   21    1    1    1    1    1    1    1    1  1.57831E+10 0.10837 
   22   22    1    1    1    1    1    1    1    1  4.37362E+10 0.09416 
   23   23    1    1    1    1    1    1    1    1  6.32513E+10 0.07062 
   24   24    1    1    1    1    1    1    1    1  1.06094E+11 0.05970 
   25   25    1    1    1    1    1    1    1    1  1.18254E+11 0.05089 
   26   26    1    1    1    1    1    1    1    1  1.89656E+11 0.06315 
   27   27    1    1    1    1    1    1    1    1  3.38314E+11 0.03863 
   28   28    1    1    1    1    1    1    1    1  6.42824E+11 0.02126 
   29   29    1    1    1    1    1    1    1    1  9.14946E+11 0.02376 
   30   30    1    1    1    1    1    1    1    1  2.71310E+12 0.01390 
   31   31    1    1    1    1    1    1    1    1  8.46673E+12 0.00633 
   32   32    1    1    1    1    1    1    1    1  1.59947E+13 0.00592 
   33   33    1    1    1    1    1    1    1    1  3.64569E+13 0.00417 
   34   34    1    1    1    1    1    1    1    1  5.00026E+13 0.00326 
   35   35    1    1    1    1    1    1    1    1  7.04526E+13 0.00240 
   36   36    1    1    1    1    1    1    1    1  4.92439E+13 0.00162 
   37   37    1    1    1    1    1    1    1    1  1.55019E+13 0.00274 
   38   38    1    1    1    1    1    1    1    1  8.48757E+13 0.00268 
   39   39    1    1    1    1    1    1    1    1  1.13933E+14 0.00222 
   40   40    1    1    1    1    1    1    1    1  1.93322E+14 0.00217 
   41   41    1    1    1    1    1    1    1    1  2.00458E+14 0.00193 
   42   42    1    1    1    1    1    1    1    1  4.18996E+14 0.00125 
   43   43    1    1    1    1    1    1    1    1  5.07102E+14 0.00137 
   44   44    1    1    1    1    1    1    1    1  7.30467E+14 0.00107 
   45   45    1    1    1    1    1    1    1    1  1.42809E+15 0.00094 
   46   46    1    1    1    1    1    1    1    1  6.75059E+14 0.00107 
   47   47    1    1    1    1    1    1    1    1  1.09838E+15 0.00093 
   48   48    1    1    1    1    1    1    1    1  1.53096E+15 0.00098 
   49   49    1    1    1    1    1    1    1    1  1.52441E+15 0.00107 
   50   50    1    1    1    1    1    1    1    1  2.34217E+15 0.00107 
   51   51    1    1    1    1    1    1    1    1  1.89875E+15 0.00109 
   52   52    1    1    1    1    1    1    1    1  2.21269E+15 0.00077 
   53   53    1    1    1    1    1    1    1    1  1.54499E+15 0.00094 
   54   54    1    1    1    1    1    1    1    1  1.85325E+15 0.00104 
   55   55    1    1    1    1    1    1    1    1  1.28143E+15 0.00108 
   56   56    1    1    1    1    1    1    1    1  1.75358E+14 0.00154 
   57   57    1    1    1    1    1    1    1    1  2.55269E+15 0.00106 
   58   58    1    1    1    1    1    1    1    1  1.10774E+15 0.00123 
   59   59    1    1    1    1    1    1    1    1  1.18588E+15 0.00152 
   60   60    1    1    1    1    1    1    1    1  9.05912E+14 0.00141 
   61   61    1    1    1    1    1    1    1    1  9.11231E+14 0.00152 
   62   62    1    1    1    1    1    1    1    1  9.45105E+14 0.00124 
   63   63    1    1    1    1    1    1    1    1  7.89927E+14 0.00132 
   64   64    1    1    1    1    1    1    1    1  6.28887E+14 0.00125 
   65   65    1    1    1    1    1    1    1    1  6.23895E+14 0.00142 
   66   66    1    1    1    1    1    1    1    1  4.48814E+14 0.00143 
   67   67    1    1    1    1    1    1    1    1  3.68101E+14 0.00159 
   68   68    1    1    1    1    1    1    1    1  3.31906E+14 0.00198 
   69   69    1    1    1    1    1    1    1    1  3.98350E+14 0.00167 
   70   70    1    1    1    1    1    1    1    1  3.40172E+14 0.00123 
   71   71    1    1    1    1    1    1    1    1  6.27457E+14 0.00112 
   72   72    1    1    1    1    1    1    1    1  4.44677E+14 0.00146 
   73   73    1    1    1    1    1    1    1    1  3.33154E+14 0.00162 
   74   74    1    1    1    1    1    1    1    1  2.64315E+14 0.00163 
   75   75    1    1    1    1    1    1    1    1  2.16692E+14 0.00178 
   76   76    1    1    1    1    1    1    1    1  2.46897E+14 0.00162 
   77   77    1    1    1    1    1    1    1    1  1.92013E+14 0.00191 
   78   78    1    1    1    1    1    1    1    1  1.51277E+14 0.00233 
   79   79    1    1    1    1    1    1    1    1  1.54536E+14 0.00228 
   80   80    1    1    1    1    1    1    1    1  1.13936E+14 0.00259 
   81   81    1    1    1    1    1    1    1    1  8.74213E+13 0.00264 
   82   82    1    1    1    1    1    1    1    1  6.68808E+13 0.00313 
   83   83    1    1    1    1    1    1    1    1  6.23947E+13 0.00346 
   84   84    1    1    1    1    1    1    1    1  4.50299E+13 0.00391 
   85   85    1    1    1    1    1    1    1    1  3.23466E+13 0.00449 
   86   86    1    1    1    1    1    1    1    1  3.03383E+13 0.00423 
   87   87    1    1    1    1    1    1    1    1  1.86410E+13 0.00645 
   88   88    1    1    1    1    1    1    1    1  1.25336E+13 0.00664 
   89   89    1    1    1    1    1    1    1    1  7.21120E+12 0.00949 
   90   90    1    1    1    1    1    1    1    1  4.84936E+12 0.01240 
   91   91    1    1    1    1    1    1    1    1  2.48364E+12 0.01289 
   92   92    1    1    1    1    1    1    1    1  1.20424E+12 0.02732 
   93   93    1    1    1    1    1    1    1    1  5.77816E+11 0.03480 
   94   94    1    1    1    1    1    1    1    1  2.88635E+11 0.04271 
   95   95    1    1    1    1    1    1    1    1  1.60880E+11 0.07553 
   96   96    1    1    1    1    1    1    1    1  6.51798E+10 0.10396 
   97   97    1    1    1    1    1    1    1    1  2.68566E+10 0.11271 
   98   98    1    1    1    1    1    1    1    1  1.15085E+10 0.22340 
   99   99    1    1    1    1    1    1    1    1  8.05894E+09 0.18002 
  100  100    1    1    1    1    1    1    1    1  1.05458E+10 0.20305 
];


