
DETdpaspec = [
    1    1    1    1    1    1    1    1    1    1  0.00000E+00 0.00000 
    2    2    1    1    1    1    1    1    1    1  0.00000E+00 0.00000 
    3    3    1    1    1    1    1    1    1    1  0.00000E+00 0.00000 
    4    4    1    1    1    1    1    1    1    1  0.00000E+00 0.00000 
    5    5    1    1    1    1    1    1    1    1  0.00000E+00 0.00000 
    6    6    1    1    1    1    1    1    1    1  0.00000E+00 0.00000 
    7    7    1    1    1    1    1    1    1    1  1.23570E+07 1.00000 
    8    8    1    1    1    1    1    1    1    1  1.81732E+07 1.00000 
    9    9    1    1    1    1    1    1    1    1  1.63746E+07 1.00000 
   10   10    1    1    1    1    1    1    1    1  3.15301E+07 1.00000 
   11   11    1    1    1    1    1    1    1    1  0.00000E+00 0.00000 
   12   12    1    1    1    1    1    1    1    1  8.92588E+07 0.56051 
   13   13    1    1    1    1    1    1    1    1  1.45277E+09 0.54932 
   14   14    1    1    1    1    1    1    1    1  3.77606E+09 0.52276 
   15   15    1    1    1    1    1    1    1    1  1.92417E+09 0.48623 
   16   16    1    1    1    1    1    1    1    1  1.63876E+09 0.32868 
   17   17    1    1    1    1    1    1    1    1  3.67752E+09 0.25948 
   18   18    1    1    1    1    1    1    1    1  6.68450E+09 0.21051 
   19   19    1    1    1    1    1    1    1    1  5.87770E+09 0.20175 
   20   20    1    1    1    1    1    1    1    1  1.97144E+10 0.16238 
   21   21    1    1    1    1    1    1    1    1  1.71863E+10 0.14952 
   22   22    1    1    1    1    1    1    1    1  3.69980E+10 0.08408 
   23   23    1    1    1    1    1    1    1    1  4.72421E+10 0.10357 
   24   24    1    1    1    1    1    1    1    1  9.69214E+10 0.06410 
   25   25    1    1    1    1    1    1    1    1  1.27201E+11 0.07160 
   26   26    1    1    1    1    1    1    1    1  1.80123E+11 0.05364 
   27   27    1    1    1    1    1    1    1    1  3.29105E+11 0.03913 
   28   28    1    1    1    1    1    1    1    1  7.40696E+11 0.02717 
   29   29    1    1    1    1    1    1    1    1  1.23047E+12 0.02233 
   30   30    1    1    1    1    1    1    1    1  3.60905E+12 0.01676 
   31   31    1    1    1    1    1    1    1    1  1.13285E+13 0.00948 
   32   32    1    1    1    1    1    1    1    1  2.12227E+13 0.00711 
   33   33    1    1    1    1    1    1    1    1  5.12528E+13 0.00373 
   34   34    1    1    1    1    1    1    1    1  7.24493E+13 0.00251 
   35   35    1    1    1    1    1    1    1    1  9.27833E+13 0.00312 
   36   36    1    1    1    1    1    1    1    1  6.23558E+13 0.00262 
   37   37    1    1    1    1    1    1    1    1  1.89478E+13 0.00291 
   38   38    1    1    1    1    1    1    1    1  1.07617E+14 0.00250 
   39   39    1    1    1    1    1    1    1    1  1.45722E+14 0.00186 
   40   40    1    1    1    1    1    1    1    1  2.51614E+14 0.00161 
   41   41    1    1    1    1    1    1    1    1  2.53896E+14 0.00139 
   42   42    1    1    1    1    1    1    1    1  5.49153E+14 0.00146 
   43   43    1    1    1    1    1    1    1    1  6.70436E+14 0.00141 
   44   44    1    1    1    1    1    1    1    1  9.78633E+14 0.00071 
   45   45    1    1    1    1    1    1    1    1  1.96696E+15 0.00081 
   46   46    1    1    1    1    1    1    1    1  9.19411E+14 0.00084 
   47   47    1    1    1    1    1    1    1    1  1.48865E+15 0.00077 
   48   48    1    1    1    1    1    1    1    1  2.08684E+15 0.00067 
   49   49    1    1    1    1    1    1    1    1  2.07249E+15 0.00082 
   50   50    1    1    1    1    1    1    1    1  3.25337E+15 0.00078 
   51   51    1    1    1    1    1    1    1    1  2.59669E+15 0.00086 
   52   52    1    1    1    1    1    1    1    1  3.11004E+15 0.00070 
   53   53    1    1    1    1    1    1    1    1  2.16640E+15 0.00088 
   54   54    1    1    1    1    1    1    1    1  2.66535E+15 0.00081 
   55   55    1    1    1    1    1    1    1    1  1.83643E+15 0.00095 
   56   56    1    1    1    1    1    1    1    1  2.50103E+14 0.00129 
   57   57    1    1    1    1    1    1    1    1  3.66165E+15 0.00086 
   58   58    1    1    1    1    1    1    1    1  1.64126E+15 0.00089 
   59   59    1    1    1    1    1    1    1    1  1.74604E+15 0.00088 
   60   60    1    1    1    1    1    1    1    1  1.36365E+15 0.00108 
   61   61    1    1    1    1    1    1    1    1  1.36731E+15 0.00092 
   62   62    1    1    1    1    1    1    1    1  1.42816E+15 0.00080 
   63   63    1    1    1    1    1    1    1    1  1.20470E+15 0.00092 
   64   64    1    1    1    1    1    1    1    1  9.60629E+14 0.00086 
   65   65    1    1    1    1    1    1    1    1  9.54524E+14 0.00083 
   66   66    1    1    1    1    1    1    1    1  6.88399E+14 0.00092 
   67   67    1    1    1    1    1    1    1    1  5.60989E+14 0.00125 
   68   68    1    1    1    1    1    1    1    1  5.03524E+14 0.00137 
   69   69    1    1    1    1    1    1    1    1  6.04580E+14 0.00113 
   70   70    1    1    1    1    1    1    1    1  5.14244E+14 0.00153 
   71   71    1    1    1    1    1    1    1    1  9.34385E+14 0.00130 
   72   72    1    1    1    1    1    1    1    1  6.61440E+14 0.00118 
   73   73    1    1    1    1    1    1    1    1  4.98162E+14 0.00117 
   74   74    1    1    1    1    1    1    1    1  4.01887E+14 0.00113 
   75   75    1    1    1    1    1    1    1    1  3.33495E+14 0.00116 
   76   76    1    1    1    1    1    1    1    1  3.88359E+14 0.00137 
   77   77    1    1    1    1    1    1    1    1  3.07231E+14 0.00170 
   78   78    1    1    1    1    1    1    1    1  2.45549E+14 0.00175 
   79   79    1    1    1    1    1    1    1    1  2.53231E+14 0.00126 
   80   80    1    1    1    1    1    1    1    1  1.88420E+14 0.00167 
   81   81    1    1    1    1    1    1    1    1  1.44953E+14 0.00212 
   82   82    1    1    1    1    1    1    1    1  1.11521E+14 0.00167 
   83   83    1    1    1    1    1    1    1    1  1.04034E+14 0.00206 
   84   84    1    1    1    1    1    1    1    1  7.50078E+13 0.00254 
   85   85    1    1    1    1    1    1    1    1  5.41298E+13 0.00361 
   86   86    1    1    1    1    1    1    1    1  5.03840E+13 0.00358 
   87   87    1    1    1    1    1    1    1    1  3.11173E+13 0.00558 
   88   88    1    1    1    1    1    1    1    1  2.11895E+13 0.00461 
   89   89    1    1    1    1    1    1    1    1  1.19675E+13 0.00579 
   90   90    1    1    1    1    1    1    1    1  8.01710E+12 0.00891 
   91   91    1    1    1    1    1    1    1    1  3.96845E+12 0.00910 
   92   92    1    1    1    1    1    1    1    1  1.96549E+12 0.02019 
   93   93    1    1    1    1    1    1    1    1  9.55192E+11 0.02072 
   94   94    1    1    1    1    1    1    1    1  4.44758E+11 0.03393 
   95   95    1    1    1    1    1    1    1    1  1.97980E+11 0.04017 
   96   96    1    1    1    1    1    1    1    1  9.89954E+10 0.06186 
   97   97    1    1    1    1    1    1    1    1  4.12065E+10 0.12398 
   98   98    1    1    1    1    1    1    1    1  2.63204E+10 0.12706 
   99   99    1    1    1    1    1    1    1    1  9.52039E+09 0.23370 
  100  100    1    1    1    1    1    1    1    1  8.02545E+09 0.23680 
];


