
DETdpaspec = [
    1    1    1    1    1    1    1    1    1    1  0.00000E+00 0.00000 
    2    2    1    1    1    1    1    1    1    1  0.00000E+00 0.00000 
    3    3    1    1    1    1    1    1    1    1  0.00000E+00 0.00000 
    4    4    1    1    1    1    1    1    1    1  9.42965E+06 1.00000 
    5    5    1    1    1    1    1    1    1    1  0.00000E+00 0.00000 
    6    6    1    1    1    1    1    1    1    1  0.00000E+00 0.00000 
    7    7    1    1    1    1    1    1    1    1  1.56909E+07 1.00000 
    8    8    1    1    1    1    1    1    1    1  0.00000E+00 0.00000 
    9    9    1    1    1    1    1    1    1    1  0.00000E+00 0.00000 
   10   10    1    1    1    1    1    1    1    1  0.00000E+00 0.00000 
   11   11    1    1    1    1    1    1    1    1  1.79312E+08 0.60004 
   12   12    1    1    1    1    1    1    1    1  8.46741E+07 0.63866 
   13   13    1    1    1    1    1    1    1    1  8.40429E+08 0.58773 
   14   14    1    1    1    1    1    1    1    1  2.66153E+09 0.31472 
   15   15    1    1    1    1    1    1    1    1  2.69767E+09 0.31955 
   16   16    1    1    1    1    1    1    1    1  1.57638E+09 0.38538 
   17   17    1    1    1    1    1    1    1    1  2.51857E+09 0.37601 
   18   18    1    1    1    1    1    1    1    1  5.81230E+09 0.28004 
   19   19    1    1    1    1    1    1    1    1  7.14932E+09 0.21651 
   20   20    1    1    1    1    1    1    1    1  2.36892E+10 0.14758 
   21   21    1    1    1    1    1    1    1    1  1.56301E+10 0.15044 
   22   22    1    1    1    1    1    1    1    1  4.29486E+10 0.07721 
   23   23    1    1    1    1    1    1    1    1  6.29694E+10 0.08346 
   24   24    1    1    1    1    1    1    1    1  9.14948E+10 0.05411 
   25   25    1    1    1    1    1    1    1    1  1.09476E+11 0.04704 
   26   26    1    1    1    1    1    1    1    1  1.75032E+11 0.05712 
   27   27    1    1    1    1    1    1    1    1  3.26312E+11 0.03418 
   28   28    1    1    1    1    1    1    1    1  6.74876E+11 0.02251 
   29   29    1    1    1    1    1    1    1    1  1.01157E+12 0.02055 
   30   30    1    1    1    1    1    1    1    1  3.00954E+12 0.01332 
   31   31    1    1    1    1    1    1    1    1  9.56964E+12 0.01178 
   32   32    1    1    1    1    1    1    1    1  1.79897E+13 0.00638 
   33   33    1    1    1    1    1    1    1    1  4.26841E+13 0.00468 
   34   34    1    1    1    1    1    1    1    1  5.95413E+13 0.00266 
   35   35    1    1    1    1    1    1    1    1  8.07697E+13 0.00275 
   36   36    1    1    1    1    1    1    1    1  5.55832E+13 0.00285 
   37   37    1    1    1    1    1    1    1    1  1.71958E+13 0.00296 
   38   38    1    1    1    1    1    1    1    1  9.61272E+13 0.00222 
   39   39    1    1    1    1    1    1    1    1  1.30034E+14 0.00222 
   40   40    1    1    1    1    1    1    1    1  2.22831E+14 0.00185 
   41   41    1    1    1    1    1    1    1    1  2.28954E+14 0.00148 
   42   42    1    1    1    1    1    1    1    1  4.88043E+14 0.00091 
   43   43    1    1    1    1    1    1    1    1  5.95068E+14 0.00125 
   44   44    1    1    1    1    1    1    1    1  8.66185E+14 0.00123 
   45   45    1    1    1    1    1    1    1    1  1.72550E+15 0.00133 
   46   46    1    1    1    1    1    1    1    1  8.13033E+14 0.00137 
   47   47    1    1    1    1    1    1    1    1  1.32053E+15 0.00107 
   48   48    1    1    1    1    1    1    1    1  1.85099E+15 0.00095 
   49   49    1    1    1    1    1    1    1    1  1.84367E+15 0.00096 
   50   50    1    1    1    1    1    1    1    1  2.86865E+15 0.00070 
   51   51    1    1    1    1    1    1    1    1  2.30821E+15 0.00074 
   52   52    1    1    1    1    1    1    1    1  2.73527E+15 0.00076 
   53   53    1    1    1    1    1    1    1    1  1.90990E+15 0.00075 
   54   54    1    1    1    1    1    1    1    1  2.32441E+15 0.00086 
   55   55    1    1    1    1    1    1    1    1  1.60487E+15 0.00081 
   56   56    1    1    1    1    1    1    1    1  2.18765E+14 0.00126 
   57   57    1    1    1    1    1    1    1    1  3.19683E+15 0.00092 
   58   58    1    1    1    1    1    1    1    1  1.41503E+15 0.00097 
   59   59    1    1    1    1    1    1    1    1  1.51116E+15 0.00105 
   60   60    1    1    1    1    1    1    1    1  1.16868E+15 0.00095 
   61   61    1    1    1    1    1    1    1    1  1.17486E+15 0.00078 
   62   62    1    1    1    1    1    1    1    1  1.22404E+15 0.00078 
   63   63    1    1    1    1    1    1    1    1  1.02935E+15 0.00105 
   64   64    1    1    1    1    1    1    1    1  8.21115E+14 0.00112 
   65   65    1    1    1    1    1    1    1    1  8.15832E+14 0.00095 
   66   66    1    1    1    1    1    1    1    1  5.87676E+14 0.00084 
   67   67    1    1    1    1    1    1    1    1  4.80158E+14 0.00093 
   68   68    1    1    1    1    1    1    1    1  4.31117E+14 0.00116 
   69   69    1    1    1    1    1    1    1    1  5.17538E+14 0.00121 
   70   70    1    1    1    1    1    1    1    1  4.41328E+14 0.00135 
   71   71    1    1    1    1    1    1    1    1  8.05611E+14 0.00120 
   72   72    1    1    1    1    1    1    1    1  5.72591E+14 0.00141 
   73   73    1    1    1    1    1    1    1    1  4.31296E+14 0.00131 
   74   74    1    1    1    1    1    1    1    1  3.44933E+14 0.00192 
   75   75    1    1    1    1    1    1    1    1  2.84872E+14 0.00111 
   76   76    1    1    1    1    1    1    1    1  3.28653E+14 0.00149 
   77   77    1    1    1    1    1    1    1    1  2.57949E+14 0.00139 
   78   78    1    1    1    1    1    1    1    1  2.04869E+14 0.00139 
   79   79    1    1    1    1    1    1    1    1  2.10893E+14 0.00181 
   80   80    1    1    1    1    1    1    1    1  1.55803E+14 0.00166 
   81   81    1    1    1    1    1    1    1    1  1.20018E+14 0.00184 
   82   82    1    1    1    1    1    1    1    1  9.19445E+13 0.00180 
   83   83    1    1    1    1    1    1    1    1  8.58122E+13 0.00229 
   84   84    1    1    1    1    1    1    1    1  6.21452E+13 0.00295 
   85   85    1    1    1    1    1    1    1    1  4.44395E+13 0.00279 
   86   86    1    1    1    1    1    1    1    1  4.17697E+13 0.00325 
   87   87    1    1    1    1    1    1    1    1  2.58553E+13 0.00458 
   88   88    1    1    1    1    1    1    1    1  1.75323E+13 0.00466 
   89   89    1    1    1    1    1    1    1    1  9.95373E+12 0.00679 
   90   90    1    1    1    1    1    1    1    1  6.58384E+12 0.00935 
   91   91    1    1    1    1    1    1    1    1  3.24500E+12 0.01604 
   92   92    1    1    1    1    1    1    1    1  1.62440E+12 0.01779 
   93   93    1    1    1    1    1    1    1    1  7.89115E+11 0.03171 
   94   94    1    1    1    1    1    1    1    1  3.89822E+11 0.03007 
   95   95    1    1    1    1    1    1    1    1  1.71347E+11 0.05682 
   96   96    1    1    1    1    1    1    1    1  8.82475E+10 0.08541 
   97   97    1    1    1    1    1    1    1    1  4.08578E+10 0.16003 
   98   98    1    1    1    1    1    1    1    1  1.65617E+10 0.15818 
   99   99    1    1    1    1    1    1    1    1  8.83593E+09 0.27902 
  100  100    1    1    1    1    1    1    1    1  1.22889E+10 0.24120 
];


