
DETdpaspec = [
    1    1    1    1    1    1    1    1    1    1  0.00000E+00 0.00000 
    2    2    1    1    1    1    1    1    1    1  0.00000E+00 0.00000 
    3    3    1    1    1    1    1    1    1    1  0.00000E+00 0.00000 
    4    4    1    1    1    1    1    1    1    1  0.00000E+00 0.00000 
    5    5    1    1    1    1    1    1    1    1  0.00000E+00 0.00000 
    6    6    1    1    1    1    1    1    1    1  0.00000E+00 0.00000 
    7    7    1    1    1    1    1    1    1    1  0.00000E+00 0.00000 
    8    8    1    1    1    1    1    1    1    1  1.10055E+07 1.00000 
    9    9    1    1    1    1    1    1    1    1  2.04113E+07 0.54634 
   10   10    1    1    1    1    1    1    1    1  4.41411E+07 1.00000 
   11   11    1    1    1    1    1    1    1    1  1.36139E+08 0.71733 
   12   12    1    1    1    1    1    1    1    1  1.35170E+07 0.90851 
   13   13    1    1    1    1    1    1    1    1  9.90138E+08 0.40568 
   14   14    1    1    1    1    1    1    1    1  2.10827E+09 0.35510 
   15   15    1    1    1    1    1    1    1    1  2.46703E+09 0.31383 
   16   16    1    1    1    1    1    1    1    1  2.79414E+08 0.38620 
   17   17    1    1    1    1    1    1    1    1  1.68497E+09 0.26844 
   18   18    1    1    1    1    1    1    1    1  5.12393E+09 0.22042 
   19   19    1    1    1    1    1    1    1    1  4.81561E+09 0.23239 
   20   20    1    1    1    1    1    1    1    1  2.30949E+10 0.14867 
   21   21    1    1    1    1    1    1    1    1  1.48168E+10 0.14227 
   22   22    1    1    1    1    1    1    1    1  4.58840E+10 0.11806 
   23   23    1    1    1    1    1    1    1    1  5.59810E+10 0.06158 
   24   24    1    1    1    1    1    1    1    1  9.98455E+10 0.06087 
   25   25    1    1    1    1    1    1    1    1  1.18154E+11 0.06357 
   26   26    1    1    1    1    1    1    1    1  1.78341E+11 0.04786 
   27   27    1    1    1    1    1    1    1    1  3.22364E+11 0.04828 
   28   28    1    1    1    1    1    1    1    1  6.17300E+11 0.02956 
   29   29    1    1    1    1    1    1    1    1  8.74868E+11 0.02190 
   30   30    1    1    1    1    1    1    1    1  2.70423E+12 0.00923 
   31   31    1    1    1    1    1    1    1    1  8.51176E+12 0.00992 
   32   32    1    1    1    1    1    1    1    1  1.61462E+13 0.00590 
   33   33    1    1    1    1    1    1    1    1  3.72614E+13 0.00377 
   34   34    1    1    1    1    1    1    1    1  5.10102E+13 0.00339 
   35   35    1    1    1    1    1    1    1    1  7.17694E+13 0.00281 
   36   36    1    1    1    1    1    1    1    1  4.98948E+13 0.00299 
   37   37    1    1    1    1    1    1    1    1  1.56516E+13 0.00252 
   38   38    1    1    1    1    1    1    1    1  8.62507E+13 0.00246 
   39   39    1    1    1    1    1    1    1    1  1.16719E+14 0.00239 
   40   40    1    1    1    1    1    1    1    1  1.98296E+14 0.00186 
   41   41    1    1    1    1    1    1    1    1  2.04919E+14 0.00229 
   42   42    1    1    1    1    1    1    1    1  4.30944E+14 0.00163 
   43   43    1    1    1    1    1    1    1    1  5.21799E+14 0.00191 
   44   44    1    1    1    1    1    1    1    1  7.55550E+14 0.00187 
   45   45    1    1    1    1    1    1    1    1  1.48277E+15 0.00158 
   46   46    1    1    1    1    1    1    1    1  7.01016E+14 0.00148 
   47   47    1    1    1    1    1    1    1    1  1.13966E+15 0.00118 
   48   48    1    1    1    1    1    1    1    1  1.59174E+15 0.00144 
   49   49    1    1    1    1    1    1    1    1  1.58591E+15 0.00143 
   50   50    1    1    1    1    1    1    1    1  2.44629E+15 0.00123 
   51   51    1    1    1    1    1    1    1    1  1.97805E+15 0.00114 
   52   52    1    1    1    1    1    1    1    1  2.31376E+15 0.00111 
   53   53    1    1    1    1    1    1    1    1  1.61438E+15 0.00143 
   54   54    1    1    1    1    1    1    1    1  1.94230E+15 0.00107 
   55   55    1    1    1    1    1    1    1    1  1.34158E+15 0.00142 
   56   56    1    1    1    1    1    1    1    1  1.83960E+14 0.00151 
   57   57    1    1    1    1    1    1    1    1  2.67223E+15 0.00135 
   58   58    1    1    1    1    1    1    1    1  1.16311E+15 0.00162 
   59   59    1    1    1    1    1    1    1    1  1.24620E+15 0.00148 
   60   60    1    1    1    1    1    1    1    1  9.53576E+14 0.00164 
   61   61    1    1    1    1    1    1    1    1  9.58399E+14 0.00153 
   62   62    1    1    1    1    1    1    1    1  9.96903E+14 0.00163 
   63   63    1    1    1    1    1    1    1    1  8.35978E+14 0.00182 
   64   64    1    1    1    1    1    1    1    1  6.65199E+14 0.00161 
   65   65    1    1    1    1    1    1    1    1  6.59247E+14 0.00167 
   66   66    1    1    1    1    1    1    1    1  4.75166E+14 0.00161 
   67   67    1    1    1    1    1    1    1    1  3.88529E+14 0.00197 
   68   68    1    1    1    1    1    1    1    1  3.48953E+14 0.00193 
   69   69    1    1    1    1    1    1    1    1  4.20226E+14 0.00172 
   70   70    1    1    1    1    1    1    1    1  3.58390E+14 0.00171 
   71   71    1    1    1    1    1    1    1    1  6.59934E+14 0.00142 
   72   72    1    1    1    1    1    1    1    1  4.68892E+14 0.00190 
   73   73    1    1    1    1    1    1    1    1  3.52106E+14 0.00223 
   74   74    1    1    1    1    1    1    1    1  2.78883E+14 0.00180 
   75   75    1    1    1    1    1    1    1    1  2.27708E+14 0.00260 
   76   76    1    1    1    1    1    1    1    1  2.61946E+14 0.00238 
   77   77    1    1    1    1    1    1    1    1  2.04020E+14 0.00219 
   78   78    1    1    1    1    1    1    1    1  1.61944E+14 0.00215 
   79   79    1    1    1    1    1    1    1    1  1.65281E+14 0.00153 
   80   80    1    1    1    1    1    1    1    1  1.21748E+14 0.00215 
   81   81    1    1    1    1    1    1    1    1  9.35086E+13 0.00259 
   82   82    1    1    1    1    1    1    1    1  7.14668E+13 0.00355 
   83   83    1    1    1    1    1    1    1    1  6.72134E+13 0.00304 
   84   84    1    1    1    1    1    1    1    1  4.81935E+13 0.00325 
   85   85    1    1    1    1    1    1    1    1  3.47200E+13 0.00281 
   86   86    1    1    1    1    1    1    1    1  3.24593E+13 0.00398 
   87   87    1    1    1    1    1    1    1    1  1.98376E+13 0.00705 
   88   88    1    1    1    1    1    1    1    1  1.36445E+13 0.00670 
   89   89    1    1    1    1    1    1    1    1  7.77671E+12 0.00890 
   90   90    1    1    1    1    1    1    1    1  5.20135E+12 0.01197 
   91   91    1    1    1    1    1    1    1    1  2.59929E+12 0.01551 
   92   92    1    1    1    1    1    1    1    1  1.25626E+12 0.01679 
   93   93    1    1    1    1    1    1    1    1  6.44220E+11 0.02450 
   94   94    1    1    1    1    1    1    1    1  2.95827E+11 0.03765 
   95   95    1    1    1    1    1    1    1    1  1.57830E+11 0.06295 
   96   96    1    1    1    1    1    1    1    1  7.56993E+10 0.12191 
   97   97    1    1    1    1    1    1    1    1  3.45691E+10 0.14108 
   98   98    1    1    1    1    1    1    1    1  1.21762E+10 0.24336 
   99   99    1    1    1    1    1    1    1    1  9.37308E+09 0.30756 
  100  100    1    1    1    1    1    1    1    1  3.48028E+09 0.43985 
];


