
DETdpaspec = [
    1    1    1    1    1    1    1    1    1    1  0.00000E+00 0.00000 
    2    2    1    1    1    1    1    1    1    1  0.00000E+00 0.00000 
    3    3    1    1    1    1    1    1    1    1  0.00000E+00 0.00000 
    4    4    1    1    1    1    1    1    1    1  0.00000E+00 0.00000 
    5    5    1    1    1    1    1    1    1    1  0.00000E+00 0.00000 
    6    6    1    1    1    1    1    1    1    1  0.00000E+00 0.00000 
    7    7    1    1    1    1    1    1    1    1  0.00000E+00 0.00000 
    8    8    1    1    1    1    1    1    1    1  0.00000E+00 0.00000 
    9    9    1    1    1    1    1    1    1    1  0.00000E+00 0.00000 
   10   10    1    1    1    1    1    1    1    1  0.00000E+00 0.00000 
   11   11    1    1    1    1    1    1    1    1  1.11887E+08 0.68825 
   12   12    1    1    1    1    1    1    1    1  1.20364E+08 0.70239 
   13   13    1    1    1    1    1    1    1    1  2.24569E+08 0.83980 
   14   14    1    1    1    1    1    1    1    1  9.78047E+08 0.51090 
   15   15    1    1    1    1    1    1    1    1  4.23120E+09 0.40518 
   16   16    1    1    1    1    1    1    1    1  1.29175E+09 0.32671 
   17   17    1    1    1    1    1    1    1    1  2.27292E+09 0.41166 
   18   18    1    1    1    1    1    1    1    1  5.74659E+09 0.22639 
   19   19    1    1    1    1    1    1    1    1  4.19205E+09 0.22264 
   20   20    1    1    1    1    1    1    1    1  2.34041E+10 0.15785 
   21   21    1    1    1    1    1    1    1    1  1.88774E+10 0.16100 
   22   22    1    1    1    1    1    1    1    1  3.87865E+10 0.11261 
   23   23    1    1    1    1    1    1    1    1  5.55974E+10 0.09387 
   24   24    1    1    1    1    1    1    1    1  9.88209E+10 0.07107 
   25   25    1    1    1    1    1    1    1    1  1.26906E+11 0.07982 
   26   26    1    1    1    1    1    1    1    1  1.79289E+11 0.04914 
   27   27    1    1    1    1    1    1    1    1  3.59581E+11 0.04566 
   28   28    1    1    1    1    1    1    1    1  8.09978E+11 0.03233 
   29   29    1    1    1    1    1    1    1    1  1.40644E+12 0.02321 
   30   30    1    1    1    1    1    1    1    1  3.98273E+12 0.01695 
   31   31    1    1    1    1    1    1    1    1  1.24529E+13 0.01095 
   32   32    1    1    1    1    1    1    1    1  2.28749E+13 0.00513 
   33   33    1    1    1    1    1    1    1    1  5.47518E+13 0.00324 
   34   34    1    1    1    1    1    1    1    1  7.70883E+13 0.00225 
   35   35    1    1    1    1    1    1    1    1  9.71285E+13 0.00240 
   36   36    1    1    1    1    1    1    1    1  6.45635E+13 0.00157 
   37   37    1    1    1    1    1    1    1    1  1.96473E+13 0.00185 
   38   38    1    1    1    1    1    1    1    1  1.11462E+14 0.00185 
   39   39    1    1    1    1    1    1    1    1  1.51041E+14 0.00150 
   40   40    1    1    1    1    1    1    1    1  2.60997E+14 0.00130 
   41   41    1    1    1    1    1    1    1    1  2.62322E+14 0.00129 
   42   42    1    1    1    1    1    1    1    1  5.67728E+14 0.00128 
   43   43    1    1    1    1    1    1    1    1  6.91367E+14 0.00125 
   44   44    1    1    1    1    1    1    1    1  1.00854E+15 0.00099 
   45   45    1    1    1    1    1    1    1    1  2.02872E+15 0.00066 
   46   46    1    1    1    1    1    1    1    1  9.45566E+14 0.00075 
   47   47    1    1    1    1    1    1    1    1  1.52794E+15 0.00068 
   48   48    1    1    1    1    1    1    1    1  2.14074E+15 0.00069 
   49   49    1    1    1    1    1    1    1    1  2.12512E+15 0.00061 
   50   50    1    1    1    1    1    1    1    1  3.33653E+15 0.00057 
   51   51    1    1    1    1    1    1    1    1  2.65661E+15 0.00059 
   52   52    1    1    1    1    1    1    1    1  3.19157E+15 0.00081 
   53   53    1    1    1    1    1    1    1    1  2.21680E+15 0.00073 
   54   54    1    1    1    1    1    1    1    1  2.73282E+15 0.00078 
   55   55    1    1    1    1    1    1    1    1  1.88149E+15 0.00055 
   56   56    1    1    1    1    1    1    1    1  2.55296E+14 0.00077 
   57   57    1    1    1    1    1    1    1    1  3.75086E+15 0.00066 
   58   58    1    1    1    1    1    1    1    1  1.68674E+15 0.00079 
   59   59    1    1    1    1    1    1    1    1  1.79390E+15 0.00091 
   60   60    1    1    1    1    1    1    1    1  1.40283E+15 0.00084 
   61   61    1    1    1    1    1    1    1    1  1.40755E+15 0.00106 
   62   62    1    1    1    1    1    1    1    1  1.47136E+15 0.00092 
   63   63    1    1    1    1    1    1    1    1  1.24036E+15 0.00095 
   64   64    1    1    1    1    1    1    1    1  9.88396E+14 0.00087 
   65   65    1    1    1    1    1    1    1    1  9.82162E+14 0.00113 
   66   66    1    1    1    1    1    1    1    1  7.08411E+14 0.00115 
   67   67    1    1    1    1    1    1    1    1  5.76288E+14 0.00119 
   68   68    1    1    1    1    1    1    1    1  5.17537E+14 0.00127 
   69   69    1    1    1    1    1    1    1    1  6.20534E+14 0.00118 
   70   70    1    1    1    1    1    1    1    1  5.28182E+14 0.00125 
   71   71    1    1    1    1    1    1    1    1  9.57268E+14 0.00120 
   72   72    1    1    1    1    1    1    1    1  6.78215E+14 0.00115 
   73   73    1    1    1    1    1    1    1    1  5.10954E+14 0.00152 
   74   74    1    1    1    1    1    1    1    1  4.11538E+14 0.00124 
   75   75    1    1    1    1    1    1    1    1  3.43181E+14 0.00147 
   76   76    1    1    1    1    1    1    1    1  3.99285E+14 0.00142 
   77   77    1    1    1    1    1    1    1    1  3.17115E+14 0.00141 
   78   78    1    1    1    1    1    1    1    1  2.53451E+14 0.00179 
   79   79    1    1    1    1    1    1    1    1  2.62059E+14 0.00179 
   80   80    1    1    1    1    1    1    1    1  1.94347E+14 0.00155 
   81   81    1    1    1    1    1    1    1    1  1.50025E+14 0.00193 
   82   82    1    1    1    1    1    1    1    1  1.15608E+14 0.00191 
   83   83    1    1    1    1    1    1    1    1  1.07372E+14 0.00255 
   84   84    1    1    1    1    1    1    1    1  7.75558E+13 0.00288 
   85   85    1    1    1    1    1    1    1    1  5.57893E+13 0.00387 
   86   86    1    1    1    1    1    1    1    1  5.23967E+13 0.00228 
   87   87    1    1    1    1    1    1    1    1  3.21827E+13 0.00449 
   88   88    1    1    1    1    1    1    1    1  2.17005E+13 0.00510 
   89   89    1    1    1    1    1    1    1    1  1.24622E+13 0.00658 
   90   90    1    1    1    1    1    1    1    1  8.24915E+12 0.01003 
   91   91    1    1    1    1    1    1    1    1  4.09719E+12 0.01187 
   92   92    1    1    1    1    1    1    1    1  2.03801E+12 0.01524 
   93   93    1    1    1    1    1    1    1    1  9.50968E+11 0.02327 
   94   94    1    1    1    1    1    1    1    1  4.65135E+11 0.02903 
   95   95    1    1    1    1    1    1    1    1  2.35988E+11 0.03711 
   96   96    1    1    1    1    1    1    1    1  1.01920E+11 0.07036 
   97   97    1    1    1    1    1    1    1    1  4.61067E+10 0.10342 
   98   98    1    1    1    1    1    1    1    1  2.12794E+10 0.23805 
   99   99    1    1    1    1    1    1    1    1  1.36428E+10 0.22509 
  100  100    1    1    1    1    1    1    1    1  1.20209E+10 0.28098 
];


