
DETdpaspec = [
    1    1    1    1    1    1    1    1    1    1  0.00000E+00 0.00000 
    2    2    1    1    1    1    1    1    1    1  0.00000E+00 0.00000 
    3    3    1    1    1    1    1    1    1    1  0.00000E+00 0.00000 
    4    4    1    1    1    1    1    1    1    1  7.93566E+06 1.00000 
    5    5    1    1    1    1    1    1    1    1  0.00000E+00 0.00000 
    6    6    1    1    1    1    1    1    1    1  0.00000E+00 0.00000 
    7    7    1    1    1    1    1    1    1    1  0.00000E+00 0.00000 
    8    8    1    1    1    1    1    1    1    1  2.91161E+07 1.00000 
    9    9    1    1    1    1    1    1    1    1  0.00000E+00 0.00000 
   10   10    1    1    1    1    1    1    1    1  2.57532E+07 1.00000 
   11   11    1    1    1    1    1    1    1    1  1.00767E+08 0.68825 
   12   12    1    1    1    1    1    1    1    1  9.05421E+07 0.54656 
   13   13    1    1    1    1    1    1    1    1  3.51657E+08 0.68892 
   14   14    1    1    1    1    1    1    1    1  1.45376E+09 0.44944 
   15   15    1    1    1    1    1    1    1    1  3.71536E+09 0.36304 
   16   16    1    1    1    1    1    1    1    1  1.07429E+09 0.33502 
   17   17    1    1    1    1    1    1    1    1  1.88985E+09 0.28980 
   18   18    1    1    1    1    1    1    1    1  6.35553E+09 0.26558 
   19   19    1    1    1    1    1    1    1    1  6.91173E+09 0.20899 
   20   20    1    1    1    1    1    1    1    1  2.72635E+10 0.15642 
   21   21    1    1    1    1    1    1    1    1  1.49430E+10 0.13867 
   22   22    1    1    1    1    1    1    1    1  4.47116E+10 0.08053 
   23   23    1    1    1    1    1    1    1    1  6.36451E+10 0.08472 
   24   24    1    1    1    1    1    1    1    1  7.97829E+10 0.06192 
   25   25    1    1    1    1    1    1    1    1  1.09526E+11 0.05849 
   26   26    1    1    1    1    1    1    1    1  1.76719E+11 0.04834 
   27   27    1    1    1    1    1    1    1    1  3.12378E+11 0.04415 
   28   28    1    1    1    1    1    1    1    1  5.82530E+11 0.03015 
   29   29    1    1    1    1    1    1    1    1  8.52172E+11 0.01902 
   30   30    1    1    1    1    1    1    1    1  2.67569E+12 0.01346 
   31   31    1    1    1    1    1    1    1    1  8.51534E+12 0.00959 
   32   32    1    1    1    1    1    1    1    1  1.61239E+13 0.00507 
   33   33    1    1    1    1    1    1    1    1  3.77350E+13 0.00429 
   34   34    1    1    1    1    1    1    1    1  5.19418E+13 0.00401 
   35   35    1    1    1    1    1    1    1    1  7.29146E+13 0.00277 
   36   36    1    1    1    1    1    1    1    1  5.08829E+13 0.00262 
   37   37    1    1    1    1    1    1    1    1  1.58489E+13 0.00297 
   38   38    1    1    1    1    1    1    1    1  8.75945E+13 0.00244 
   39   39    1    1    1    1    1    1    1    1  1.18032E+14 0.00236 
   40   40    1    1    1    1    1    1    1    1  2.00617E+14 0.00199 
   41   41    1    1    1    1    1    1    1    1  2.07647E+14 0.00179 
   42   42    1    1    1    1    1    1    1    1  4.36587E+14 0.00145 
   43   43    1    1    1    1    1    1    1    1  5.29381E+14 0.00125 
   44   44    1    1    1    1    1    1    1    1  7.66884E+14 0.00116 
   45   45    1    1    1    1    1    1    1    1  1.50966E+15 0.00109 
   46   46    1    1    1    1    1    1    1    1  7.11800E+14 0.00137 
   47   47    1    1    1    1    1    1    1    1  1.15997E+15 0.00108 
   48   48    1    1    1    1    1    1    1    1  1.61782E+15 0.00094 
   49   49    1    1    1    1    1    1    1    1  1.61296E+15 0.00100 
   50   50    1    1    1    1    1    1    1    1  2.48646E+15 0.00082 
   51   51    1    1    1    1    1    1    1    1  2.01172E+15 0.00088 
   52   52    1    1    1    1    1    1    1    1  2.35695E+15 0.00092 
   53   53    1    1    1    1    1    1    1    1  1.64434E+15 0.00112 
   54   54    1    1    1    1    1    1    1    1  1.97851E+15 0.00102 
   55   55    1    1    1    1    1    1    1    1  1.36869E+15 0.00111 
   56   56    1    1    1    1    1    1    1    1  1.87033E+14 0.00131 
   57   57    1    1    1    1    1    1    1    1  2.72408E+15 0.00100 
   58   58    1    1    1    1    1    1    1    1  1.18963E+15 0.00136 
   59   59    1    1    1    1    1    1    1    1  1.27221E+15 0.00126 
   60   60    1    1    1    1    1    1    1    1  9.74797E+14 0.00131 
   61   61    1    1    1    1    1    1    1    1  9.80380E+14 0.00137 
   62   62    1    1    1    1    1    1    1    1  1.02106E+15 0.00121 
   63   63    1    1    1    1    1    1    1    1  8.55782E+14 0.00131 
   64   64    1    1    1    1    1    1    1    1  6.81314E+14 0.00172 
   65   65    1    1    1    1    1    1    1    1  6.75246E+14 0.00133 
   66   66    1    1    1    1    1    1    1    1  4.85995E+14 0.00165 
   67   67    1    1    1    1    1    1    1    1  3.98016E+14 0.00179 
   68   68    1    1    1    1    1    1    1    1  3.58618E+14 0.00177 
   69   69    1    1    1    1    1    1    1    1  4.30233E+14 0.00138 
   70   70    1    1    1    1    1    1    1    1  3.66595E+14 0.00159 
   71   71    1    1    1    1    1    1    1    1  6.75512E+14 0.00168 
   72   72    1    1    1    1    1    1    1    1  4.79630E+14 0.00183 
   73   73    1    1    1    1    1    1    1    1  3.59374E+14 0.00171 
   74   74    1    1    1    1    1    1    1    1  2.85805E+14 0.00125 
   75   75    1    1    1    1    1    1    1    1  2.34614E+14 0.00194 
   76   76    1    1    1    1    1    1    1    1  2.68111E+14 0.00138 
   77   77    1    1    1    1    1    1    1    1  2.09814E+14 0.00149 
   78   78    1    1    1    1    1    1    1    1  1.65317E+14 0.00180 
   79   79    1    1    1    1    1    1    1    1  1.69105E+14 0.00221 
   80   80    1    1    1    1    1    1    1    1  1.24963E+14 0.00249 
   81   81    1    1    1    1    1    1    1    1  9.59146E+13 0.00297 
   82   82    1    1    1    1    1    1    1    1  7.36544E+13 0.00261 
   83   83    1    1    1    1    1    1    1    1  6.90103E+13 0.00274 
   84   84    1    1    1    1    1    1    1    1  4.93480E+13 0.00316 
   85   85    1    1    1    1    1    1    1    1  3.55017E+13 0.00424 
   86   86    1    1    1    1    1    1    1    1  3.34965E+13 0.00362 
   87   87    1    1    1    1    1    1    1    1  2.06075E+13 0.00515 
   88   88    1    1    1    1    1    1    1    1  1.38559E+13 0.00456 
   89   89    1    1    1    1    1    1    1    1  7.94464E+12 0.00979 
   90   90    1    1    1    1    1    1    1    1  5.38306E+12 0.00990 
   91   91    1    1    1    1    1    1    1    1  2.70099E+12 0.01672 
   92   92    1    1    1    1    1    1    1    1  1.32015E+12 0.02186 
   93   93    1    1    1    1    1    1    1    1  6.23682E+11 0.02703 
   94   94    1    1    1    1    1    1    1    1  2.92346E+11 0.04429 
   95   95    1    1    1    1    1    1    1    1  1.28989E+11 0.07169 
   96   96    1    1    1    1    1    1    1    1  6.81418E+10 0.07593 
   97   97    1    1    1    1    1    1    1    1  2.62430E+10 0.12219 
   98   98    1    1    1    1    1    1    1    1  1.74893E+10 0.15036 
   99   99    1    1    1    1    1    1    1    1  5.94627E+09 0.36495 
  100  100    1    1    1    1    1    1    1    1  7.30379E+09 0.37357 
];


