
DETdpaspec = [
    1    1    1    1    1    1    1    1    1    1  0.00000E+00 0.00000 
    2    2    1    1    1    1    1    1    1    1  0.00000E+00 0.00000 
    3    3    1    1    1    1    1    1    1    1  0.00000E+00 0.00000 
    4    4    1    1    1    1    1    1    1    1  0.00000E+00 0.00000 
    5    5    1    1    1    1    1    1    1    1  9.06058E+06 1.00000 
    6    6    1    1    1    1    1    1    1    1  0.00000E+00 0.00000 
    7    7    1    1    1    1    1    1    1    1  0.00000E+00 0.00000 
    8    8    1    1    1    1    1    1    1    1  0.00000E+00 0.00000 
    9    9    1    1    1    1    1    1    1    1  7.57516E+06 1.00000 
   10   10    1    1    1    1    1    1    1    1  4.08816E+07 1.00000 
   11   11    1    1    1    1    1    1    1    1  0.00000E+00 0.00000 
   12   12    1    1    1    1    1    1    1    1  0.00000E+00 0.00000 
   13   13    1    1    1    1    1    1    1    1  3.23385E+08 0.86945 
   14   14    1    1    1    1    1    1    1    1  2.44738E+09 0.35901 
   15   15    1    1    1    1    1    1    1    1  3.28093E+09 0.34271 
   16   16    1    1    1    1    1    1    1    1  1.29050E+09 0.32924 
   17   17    1    1    1    1    1    1    1    1  1.67368E+09 0.28377 
   18   18    1    1    1    1    1    1    1    1  5.99603E+09 0.27231 
   19   19    1    1    1    1    1    1    1    1  5.80124E+09 0.22606 
   20   20    1    1    1    1    1    1    1    1  1.83357E+10 0.15906 
   21   21    1    1    1    1    1    1    1    1  1.61266E+10 0.14789 
   22   22    1    1    1    1    1    1    1    1  4.03313E+10 0.09347 
   23   23    1    1    1    1    1    1    1    1  5.84028E+10 0.09606 
   24   24    1    1    1    1    1    1    1    1  9.98201E+10 0.06915 
   25   25    1    1    1    1    1    1    1    1  1.19394E+11 0.07517 
   26   26    1    1    1    1    1    1    1    1  1.74972E+11 0.05767 
   27   27    1    1    1    1    1    1    1    1  3.19480E+11 0.03061 
   28   28    1    1    1    1    1    1    1    1  6.56348E+11 0.02675 
   29   29    1    1    1    1    1    1    1    1  1.00983E+12 0.01942 
   30   30    1    1    1    1    1    1    1    1  3.05946E+12 0.01699 
   31   31    1    1    1    1    1    1    1    1  9.67909E+12 0.00928 
   32   32    1    1    1    1    1    1    1    1  1.84949E+13 0.00609 
   33   33    1    1    1    1    1    1    1    1  4.41533E+13 0.00519 
   34   34    1    1    1    1    1    1    1    1  6.15325E+13 0.00412 
   35   35    1    1    1    1    1    1    1    1  8.29174E+13 0.00314 
   36   36    1    1    1    1    1    1    1    1  5.66588E+13 0.00283 
   37   37    1    1    1    1    1    1    1    1  1.74950E+13 0.00240 
   38   38    1    1    1    1    1    1    1    1  9.76793E+13 0.00217 
   39   39    1    1    1    1    1    1    1    1  1.32234E+14 0.00224 
   40   40    1    1    1    1    1    1    1    1  2.28154E+14 0.00143 
   41   41    1    1    1    1    1    1    1    1  2.33247E+14 0.00127 
   42   42    1    1    1    1    1    1    1    1  4.98776E+14 0.00107 
   43   43    1    1    1    1    1    1    1    1  6.08338E+14 0.00093 
   44   44    1    1    1    1    1    1    1    1  8.86004E+14 0.00081 
   45   45    1    1    1    1    1    1    1    1  1.77142E+15 0.00093 
   46   46    1    1    1    1    1    1    1    1  8.32530E+14 0.00104 
   47   47    1    1    1    1    1    1    1    1  1.35108E+15 0.00074 
   48   48    1    1    1    1    1    1    1    1  1.89581E+15 0.00094 
   49   49    1    1    1    1    1    1    1    1  1.88587E+15 0.00066 
   50   50    1    1    1    1    1    1    1    1  2.94228E+15 0.00070 
   51   51    1    1    1    1    1    1    1    1  2.36533E+15 0.00086 
   52   52    1    1    1    1    1    1    1    1  2.80928E+15 0.00066 
   53   53    1    1    1    1    1    1    1    1  1.96118E+15 0.00077 
   54   54    1    1    1    1    1    1    1    1  2.39114E+15 0.00081 
   55   55    1    1    1    1    1    1    1    1  1.64915E+15 0.00081 
   56   56    1    1    1    1    1    1    1    1  2.25071E+14 0.00144 
   57   57    1    1    1    1    1    1    1    1  3.28788E+15 0.00086 
   58   58    1    1    1    1    1    1    1    1  1.45885E+15 0.00096 
   59   59    1    1    1    1    1    1    1    1  1.55803E+15 0.00083 
   60   60    1    1    1    1    1    1    1    1  1.20819E+15 0.00083 
   61   61    1    1    1    1    1    1    1    1  1.21301E+15 0.00072 
   62   62    1    1    1    1    1    1    1    1  1.26547E+15 0.00080 
   63   63    1    1    1    1    1    1    1    1  1.06513E+15 0.00080 
   64   64    1    1    1    1    1    1    1    1  8.47632E+14 0.00126 
   65   65    1    1    1    1    1    1    1    1  8.43630E+14 0.00078 
   66   66    1    1    1    1    1    1    1    1  6.06598E+14 0.00102 
   67   67    1    1    1    1    1    1    1    1  4.95533E+14 0.00078 
   68   68    1    1    1    1    1    1    1    1  4.45785E+14 0.00109 
   69   69    1    1    1    1    1    1    1    1  5.34617E+14 0.00100 
   70   70    1    1    1    1    1    1    1    1  4.56340E+14 0.00125 
   71   71    1    1    1    1    1    1    1    1  8.32819E+14 0.00124 
   72   72    1    1    1    1    1    1    1    1  5.89721E+14 0.00104 
   73   73    1    1    1    1    1    1    1    1  4.44452E+14 0.00103 
   74   74    1    1    1    1    1    1    1    1  3.56598E+14 0.00152 
   75   75    1    1    1    1    1    1    1    1  2.94242E+14 0.00176 
   76   76    1    1    1    1    1    1    1    1  3.40577E+14 0.00141 
   77   77    1    1    1    1    1    1    1    1  2.67972E+14 0.00146 
   78   78    1    1    1    1    1    1    1    1  2.13116E+14 0.00218 
   79   79    1    1    1    1    1    1    1    1  2.19660E+14 0.00171 
   80   80    1    1    1    1    1    1    1    1  1.61946E+14 0.00132 
   81   81    1    1    1    1    1    1    1    1  1.25175E+14 0.00189 
   82   82    1    1    1    1    1    1    1    1  9.58989E+13 0.00204 
   83   83    1    1    1    1    1    1    1    1  8.93238E+13 0.00269 
   84   84    1    1    1    1    1    1    1    1  6.44861E+13 0.00259 
   85   85    1    1    1    1    1    1    1    1  4.65919E+13 0.00361 
   86   86    1    1    1    1    1    1    1    1  4.36924E+13 0.00279 
   87   87    1    1    1    1    1    1    1    1  2.69390E+13 0.00400 
   88   88    1    1    1    1    1    1    1    1  1.80454E+13 0.00700 
   89   89    1    1    1    1    1    1    1    1  1.03094E+13 0.00763 
   90   90    1    1    1    1    1    1    1    1  6.82960E+12 0.00883 
   91   91    1    1    1    1    1    1    1    1  3.44503E+12 0.01478 
   92   92    1    1    1    1    1    1    1    1  1.69890E+12 0.01637 
   93   93    1    1    1    1    1    1    1    1  8.16222E+11 0.02251 
   94   94    1    1    1    1    1    1    1    1  4.04352E+11 0.04959 
   95   95    1    1    1    1    1    1    1    1  1.79297E+11 0.05040 
   96   96    1    1    1    1    1    1    1    1  9.10253E+10 0.07506 
   97   97    1    1    1    1    1    1    1    1  4.55429E+10 0.13670 
   98   98    1    1    1    1    1    1    1    1  1.67715E+10 0.18873 
   99   99    1    1    1    1    1    1    1    1  9.05972E+09 0.25283 
  100  100    1    1    1    1    1    1    1    1  7.36155E+09 0.26632 
];


