
DETdpaspec = [
    1    1    1    1    1    1    1    1    1    1  0.00000E+00 0.00000 
    2    2    1    1    1    1    1    1    1    1  0.00000E+00 0.00000 
    3    3    1    1    1    1    1    1    1    1  0.00000E+00 0.00000 
    4    4    1    1    1    1    1    1    1    1  0.00000E+00 0.00000 
    5    5    1    1    1    1    1    1    1    1  0.00000E+00 0.00000 
    6    6    1    1    1    1    1    1    1    1  0.00000E+00 0.00000 
    7    7    1    1    1    1    1    1    1    1  1.71864E+07 1.00000 
    8    8    1    1    1    1    1    1    1    1  3.53309E+07 1.00000 
    9    9    1    1    1    1    1    1    1    1  0.00000E+00 0.00000 
   10   10    1    1    1    1    1    1    1    1  4.43737E+07 1.00000 
   11   11    1    1    1    1    1    1    1    1  2.47269E+08 0.70916 
   12   12    1    1    1    1    1    1    1    1  3.41233E+07 0.93384 
   13   13    1    1    1    1    1    1    1    1  2.23023E+09 0.60511 
   14   14    1    1    1    1    1    1    1    1  2.32558E+09 0.68621 
   15   15    1    1    1    1    1    1    1    1  1.22228E+09 0.50448 
   16   16    1    1    1    1    1    1    1    1  2.20403E+09 0.55305 
   17   17    1    1    1    1    1    1    1    1  2.47366E+09 0.34705 
   18   18    1    1    1    1    1    1    1    1  5.81713E+09 0.25090 
   19   19    1    1    1    1    1    1    1    1  4.36389E+09 0.28547 
   20   20    1    1    1    1    1    1    1    1  1.71216E+10 0.17365 
   21   21    1    1    1    1    1    1    1    1  1.36820E+10 0.08510 
   22   22    1    1    1    1    1    1    1    1  2.99409E+10 0.13875 
   23   23    1    1    1    1    1    1    1    1  4.33437E+10 0.07347 
   24   24    1    1    1    1    1    1    1    1  8.91085E+10 0.06092 
   25   25    1    1    1    1    1    1    1    1  1.26212E+11 0.06151 
   26   26    1    1    1    1    1    1    1    1  1.92730E+11 0.04065 
   27   27    1    1    1    1    1    1    1    1  3.69643E+11 0.03213 
   28   28    1    1    1    1    1    1    1    1  8.58053E+11 0.02716 
   29   29    1    1    1    1    1    1    1    1  1.54251E+12 0.02157 
   30   30    1    1    1    1    1    1    1    1  4.22131E+12 0.00798 
   31   31    1    1    1    1    1    1    1    1  1.29584E+13 0.00884 
   32   32    1    1    1    1    1    1    1    1  2.36964E+13 0.00497 
   33   33    1    1    1    1    1    1    1    1  5.70975E+13 0.00272 
   34   34    1    1    1    1    1    1    1    1  8.03176E+13 0.00266 
   35   35    1    1    1    1    1    1    1    1  1.00281E+14 0.00173 
   36   36    1    1    1    1    1    1    1    1  6.62442E+13 0.00207 
   37   37    1    1    1    1    1    1    1    1  2.00643E+13 0.00237 
   38   38    1    1    1    1    1    1    1    1  1.13598E+14 0.00186 
   39   39    1    1    1    1    1    1    1    1  1.53843E+14 0.00178 
   40   40    1    1    1    1    1    1    1    1  2.65385E+14 0.00173 
   41   41    1    1    1    1    1    1    1    1  2.66246E+14 0.00150 
   42   42    1    1    1    1    1    1    1    1  5.76697E+14 0.00120 
   43   43    1    1    1    1    1    1    1    1  7.03370E+14 0.00095 
   44   44    1    1    1    1    1    1    1    1  1.02643E+15 0.00093 
   45   45    1    1    1    1    1    1    1    1  2.06420E+15 0.00078 
   46   46    1    1    1    1    1    1    1    1  9.61958E+14 0.00081 
   47   47    1    1    1    1    1    1    1    1  1.55184E+15 0.00075 
   48   48    1    1    1    1    1    1    1    1  2.17443E+15 0.00072 
   49   49    1    1    1    1    1    1    1    1  2.15578E+15 0.00074 
   50   50    1    1    1    1    1    1    1    1  3.38921E+15 0.00063 
   51   51    1    1    1    1    1    1    1    1  2.69303E+15 0.00060 
   52   52    1    1    1    1    1    1    1    1  3.23457E+15 0.00050 
   53   53    1    1    1    1    1    1    1    1  2.24847E+15 0.00057 
   54   54    1    1    1    1    1    1    1    1  2.77780E+15 0.00073 
   55   55    1    1    1    1    1    1    1    1  1.91219E+15 0.00060 
   56   56    1    1    1    1    1    1    1    1  2.59099E+14 0.00111 
   57   57    1    1    1    1    1    1    1    1  3.80252E+15 0.00063 
   58   58    1    1    1    1    1    1    1    1  1.71364E+15 0.00083 
   59   59    1    1    1    1    1    1    1    1  1.82024E+15 0.00071 
   60   60    1    1    1    1    1    1    1    1  1.42907E+15 0.00062 
   61   61    1    1    1    1    1    1    1    1  1.43137E+15 0.00082 
   62   62    1    1    1    1    1    1    1    1  1.49657E+15 0.00068 
   63   63    1    1    1    1    1    1    1    1  1.26141E+15 0.00085 
   64   64    1    1    1    1    1    1    1    1  1.00534E+15 0.00092 
   65   65    1    1    1    1    1    1    1    1  9.99740E+14 0.00094 
   66   66    1    1    1    1    1    1    1    1  7.21141E+14 0.00104 
   67   67    1    1    1    1    1    1    1    1  5.86051E+14 0.00121 
   68   68    1    1    1    1    1    1    1    1  5.25351E+14 0.00104 
   69   69    1    1    1    1    1    1    1    1  6.29780E+14 0.00108 
   70   70    1    1    1    1    1    1    1    1  5.35833E+14 0.00132 
   71   71    1    1    1    1    1    1    1    1  9.72189E+14 0.00080 
   72   72    1    1    1    1    1    1    1    1  6.86336E+14 0.00080 
   73   73    1    1    1    1    1    1    1    1  5.17782E+14 0.00100 
   74   74    1    1    1    1    1    1    1    1  4.18919E+14 0.00109 
   75   75    1    1    1    1    1    1    1    1  3.48562E+14 0.00129 
   76   76    1    1    1    1    1    1    1    1  4.05931E+14 0.00167 
   77   77    1    1    1    1    1    1    1    1  3.22443E+14 0.00166 
   78   78    1    1    1    1    1    1    1    1  2.57601E+14 0.00183 
   79   79    1    1    1    1    1    1    1    1  2.67354E+14 0.00144 
   80   80    1    1    1    1    1    1    1    1  1.98385E+14 0.00176 
   81   81    1    1    1    1    1    1    1    1  1.53390E+14 0.00187 
   82   82    1    1    1    1    1    1    1    1  1.17848E+14 0.00177 
   83   83    1    1    1    1    1    1    1    1  1.09592E+14 0.00276 
   84   84    1    1    1    1    1    1    1    1  7.91423E+13 0.00293 
   85   85    1    1    1    1    1    1    1    1  5.68413E+13 0.00200 
   86   86    1    1    1    1    1    1    1    1  5.35322E+13 0.00365 
   87   87    1    1    1    1    1    1    1    1  3.27226E+13 0.00394 
   88   88    1    1    1    1    1    1    1    1  2.21712E+13 0.00582 
   89   89    1    1    1    1    1    1    1    1  1.27239E+13 0.00735 
   90   90    1    1    1    1    1    1    1    1  8.36820E+12 0.00611 
   91   91    1    1    1    1    1    1    1    1  4.27037E+12 0.01127 
   92   92    1    1    1    1    1    1    1    1  2.07293E+12 0.01699 
   93   93    1    1    1    1    1    1    1    1  9.88228E+11 0.02266 
   94   94    1    1    1    1    1    1    1    1  4.31443E+11 0.04011 
   95   95    1    1    1    1    1    1    1    1  2.31629E+11 0.03996 
   96   96    1    1    1    1    1    1    1    1  1.10733E+11 0.06695 
   97   97    1    1    1    1    1    1    1    1  4.56680E+10 0.13495 
   98   98    1    1    1    1    1    1    1    1  3.12759E+10 0.15547 
   99   99    1    1    1    1    1    1    1    1  1.03972E+10 0.26215 
  100  100    1    1    1    1    1    1    1    1  1.05139E+10 0.24474 
];


