
DETdpaspec = [
    1    1    1    1    1    1    1    1    1    1  0.00000E+00 0.00000 
    2    2    1    1    1    1    1    1    1    1  0.00000E+00 0.00000 
    3    3    1    1    1    1    1    1    1    1  0.00000E+00 0.00000 
    4    4    1    1    1    1    1    1    1    1  0.00000E+00 0.00000 
    5    5    1    1    1    1    1    1    1    1  0.00000E+00 0.00000 
    6    6    1    1    1    1    1    1    1    1  0.00000E+00 0.00000 
    7    7    1    1    1    1    1    1    1    1  0.00000E+00 0.00000 
    8    8    1    1    1    1    1    1    1    1  0.00000E+00 0.00000 
    9    9    1    1    1    1    1    1    1    1  0.00000E+00 0.00000 
   10   10    1    1    1    1    1    1    1    1  2.79864E+07 1.00000 
   11   11    1    1    1    1    1    1    1    1  2.19932E+08 0.82175 
   12   12    1    1    1    1    1    1    1    1  2.09945E+07 0.66504 
   13   13    1    1    1    1    1    1    1    1  8.37365E+08 0.45811 
   14   14    1    1    1    1    1    1    1    1  2.44712E+09 0.42735 
   15   15    1    1    1    1    1    1    1    1  1.71237E+09 0.59297 
   16   16    1    1    1    1    1    1    1    1  1.07508E+09 0.34463 
   17   17    1    1    1    1    1    1    1    1  2.87398E+09 0.23679 
   18   18    1    1    1    1    1    1    1    1  8.42234E+09 0.20469 
   19   19    1    1    1    1    1    1    1    1  7.43383E+09 0.16342 
   20   20    1    1    1    1    1    1    1    1  2.59577E+10 0.11234 
   21   21    1    1    1    1    1    1    1    1  1.44755E+10 0.11709 
   22   22    1    1    1    1    1    1    1    1  4.00085E+10 0.09496 
   23   23    1    1    1    1    1    1    1    1  5.24008E+10 0.08965 
   24   24    1    1    1    1    1    1    1    1  9.87839E+10 0.05073 
   25   25    1    1    1    1    1    1    1    1  1.16201E+11 0.04945 
   26   26    1    1    1    1    1    1    1    1  1.68567E+11 0.04561 
   27   27    1    1    1    1    1    1    1    1  3.12909E+11 0.04165 
   28   28    1    1    1    1    1    1    1    1  6.09819E+11 0.03431 
   29   29    1    1    1    1    1    1    1    1  8.89079E+11 0.02507 
   30   30    1    1    1    1    1    1    1    1  2.72516E+12 0.01636 
   31   31    1    1    1    1    1    1    1    1  8.44435E+12 0.00937 
   32   32    1    1    1    1    1    1    1    1  1.63005E+13 0.00636 
   33   33    1    1    1    1    1    1    1    1  3.80771E+13 0.00512 
   34   34    1    1    1    1    1    1    1    1  5.23079E+13 0.00342 
   35   35    1    1    1    1    1    1    1    1  7.33719E+13 0.00255 
   36   36    1    1    1    1    1    1    1    1  5.08839E+13 0.00252 
   37   37    1    1    1    1    1    1    1    1  1.59021E+13 0.00273 
   38   38    1    1    1    1    1    1    1    1  8.78067E+13 0.00244 
   39   39    1    1    1    1    1    1    1    1  1.18662E+14 0.00266 
   40   40    1    1    1    1    1    1    1    1  2.01733E+14 0.00215 
   41   41    1    1    1    1    1    1    1    1  2.08620E+14 0.00175 
   42   42    1    1    1    1    1    1    1    1  4.39137E+14 0.00174 
   43   43    1    1    1    1    1    1    1    1  5.33591E+14 0.00132 
   44   44    1    1    1    1    1    1    1    1  7.71982E+14 0.00131 
   45   45    1    1    1    1    1    1    1    1  1.52099E+15 0.00088 
   46   46    1    1    1    1    1    1    1    1  7.19029E+14 0.00105 
   47   47    1    1    1    1    1    1    1    1  1.16872E+15 0.00103 
   48   48    1    1    1    1    1    1    1    1  1.63134E+15 0.00074 
   49   49    1    1    1    1    1    1    1    1  1.62472E+15 0.00072 
   50   50    1    1    1    1    1    1    1    1  2.50758E+15 0.00090 
   51   51    1    1    1    1    1    1    1    1  2.02747E+15 0.00114 
   52   52    1    1    1    1    1    1    1    1  2.37877E+15 0.00099 
   53   53    1    1    1    1    1    1    1    1  1.65877E+15 0.00096 
   54   54    1    1    1    1    1    1    1    1  1.99979E+15 0.00083 
   55   55    1    1    1    1    1    1    1    1  1.38154E+15 0.00073 
   56   56    1    1    1    1    1    1    1    1  1.88832E+14 0.00110 
   57   57    1    1    1    1    1    1    1    1  2.75417E+15 0.00070 
   58   58    1    1    1    1    1    1    1    1  1.20243E+15 0.00094 
   59   59    1    1    1    1    1    1    1    1  1.28579E+15 0.00096 
   60   60    1    1    1    1    1    1    1    1  9.87336E+14 0.00113 
   61   61    1    1    1    1    1    1    1    1  9.93017E+14 0.00097 
   62   62    1    1    1    1    1    1    1    1  1.03212E+15 0.00118 
   63   63    1    1    1    1    1    1    1    1  8.65759E+14 0.00146 
   64   64    1    1    1    1    1    1    1    1  6.88525E+14 0.00132 
   65   65    1    1    1    1    1    1    1    1  6.83922E+14 0.00137 
   66   66    1    1    1    1    1    1    1    1  4.92580E+14 0.00157 
   67   67    1    1    1    1    1    1    1    1  4.02304E+14 0.00172 
   68   68    1    1    1    1    1    1    1    1  3.62472E+14 0.00125 
   69   69    1    1    1    1    1    1    1    1  4.34427E+14 0.00079 
   70   70    1    1    1    1    1    1    1    1  3.70629E+14 0.00159 
   71   71    1    1    1    1    1    1    1    1  6.84133E+14 0.00088 
   72   72    1    1    1    1    1    1    1    1  4.85015E+14 0.00149 
   73   73    1    1    1    1    1    1    1    1  3.63935E+14 0.00154 
   74   74    1    1    1    1    1    1    1    1  2.89026E+14 0.00133 
   75   75    1    1    1    1    1    1    1    1  2.37342E+14 0.00236 
   76   76    1    1    1    1    1    1    1    1  2.72188E+14 0.00168 
   77   77    1    1    1    1    1    1    1    1  2.12119E+14 0.00195 
   78   78    1    1    1    1    1    1    1    1  1.67870E+14 0.00194 
   79   79    1    1    1    1    1    1    1    1  1.71764E+14 0.00207 
   80   80    1    1    1    1    1    1    1    1  1.26697E+14 0.00212 
   81   81    1    1    1    1    1    1    1    1  9.71896E+13 0.00268 
   82   82    1    1    1    1    1    1    1    1  7.47377E+13 0.00328 
   83   83    1    1    1    1    1    1    1    1  6.95843E+13 0.00369 
   84   84    1    1    1    1    1    1    1    1  5.01187E+13 0.00276 
   85   85    1    1    1    1    1    1    1    1  3.62103E+13 0.00465 
   86   86    1    1    1    1    1    1    1    1  3.38952E+13 0.00510 
   87   87    1    1    1    1    1    1    1    1  2.08671E+13 0.00475 
   88   88    1    1    1    1    1    1    1    1  1.42303E+13 0.00786 
   89   89    1    1    1    1    1    1    1    1  8.12480E+12 0.00748 
   90   90    1    1    1    1    1    1    1    1  5.43154E+12 0.00962 
   91   91    1    1    1    1    1    1    1    1  2.68274E+12 0.01169 
   92   92    1    1    1    1    1    1    1    1  1.31300E+12 0.02364 
   93   93    1    1    1    1    1    1    1    1  6.43052E+11 0.02699 
   94   94    1    1    1    1    1    1    1    1  3.02818E+11 0.02839 
   95   95    1    1    1    1    1    1    1    1  1.56400E+11 0.05626 
   96   96    1    1    1    1    1    1    1    1  7.21828E+10 0.09529 
   97   97    1    1    1    1    1    1    1    1  2.90782E+10 0.16529 
   98   98    1    1    1    1    1    1    1    1  9.52935E+09 0.15138 
   99   99    1    1    1    1    1    1    1    1  6.18168E+09 0.30589 
  100  100    1    1    1    1    1    1    1    1  1.09172E+10 0.30433 
];


