
DETdpaspec = [
    1    1    1    1    1    1    1    1    1    1  0.00000E+00 0.00000 
    2    2    1    1    1    1    1    1    1    1  0.00000E+00 0.00000 
    3    3    1    1    1    1    1    1    1    1  0.00000E+00 0.00000 
    4    4    1    1    1    1    1    1    1    1  0.00000E+00 0.00000 
    5    5    1    1    1    1    1    1    1    1  0.00000E+00 0.00000 
    6    6    1    1    1    1    1    1    1    1  0.00000E+00 0.00000 
    7    7    1    1    1    1    1    1    1    1  0.00000E+00 0.00000 
    8    8    1    1    1    1    1    1    1    1  1.61719E+07 1.00000 
    9    9    1    1    1    1    1    1    1    1  0.00000E+00 0.00000 
   10   10    1    1    1    1    1    1    1    1  0.00000E+00 0.00000 
   11   11    1    1    1    1    1    1    1    1  4.65129E+07 1.00000 
   12   12    1    1    1    1    1    1    1    1  4.65148E+07 0.72279 
   13   13    1    1    1    1    1    1    1    1  1.88698E+09 0.46379 
   14   14    1    1    1    1    1    1    1    1  3.41160E+09 0.36792 
   15   15    1    1    1    1    1    1    1    1  3.07813E+09 0.39808 
   16   16    1    1    1    1    1    1    1    1  1.12706E+09 0.54385 
   17   17    1    1    1    1    1    1    1    1  1.99140E+09 0.26426 
   18   18    1    1    1    1    1    1    1    1  4.85068E+09 0.25442 
   19   19    1    1    1    1    1    1    1    1  4.61007E+09 0.22984 
   20   20    1    1    1    1    1    1    1    1  2.11344E+10 0.11766 
   21   21    1    1    1    1    1    1    1    1  1.67376E+10 0.14263 
   22   22    1    1    1    1    1    1    1    1  3.73872E+10 0.12076 
   23   23    1    1    1    1    1    1    1    1  6.50629E+10 0.08415 
   24   24    1    1    1    1    1    1    1    1  9.18068E+10 0.08896 
   25   25    1    1    1    1    1    1    1    1  1.08810E+11 0.08660 
   26   26    1    1    1    1    1    1    1    1  1.58384E+11 0.04880 
   27   27    1    1    1    1    1    1    1    1  3.39657E+11 0.04174 
   28   28    1    1    1    1    1    1    1    1  7.32077E+11 0.02529 
   29   29    1    1    1    1    1    1    1    1  1.18791E+12 0.01544 
   30   30    1    1    1    1    1    1    1    1  3.43778E+12 0.01170 
   31   31    1    1    1    1    1    1    1    1  1.06660E+13 0.00756 
   32   32    1    1    1    1    1    1    1    1  2.01103E+13 0.00641 
   33   33    1    1    1    1    1    1    1    1  4.82693E+13 0.00397 
   34   34    1    1    1    1    1    1    1    1  6.82811E+13 0.00281 
   35   35    1    1    1    1    1    1    1    1  8.91823E+13 0.00327 
   36   36    1    1    1    1    1    1    1    1  6.00975E+13 0.00247 
   37   37    1    1    1    1    1    1    1    1  1.84176E+13 0.00261 
   38   38    1    1    1    1    1    1    1    1  1.03715E+14 0.00250 
   39   39    1    1    1    1    1    1    1    1  1.40747E+14 0.00197 
   40   40    1    1    1    1    1    1    1    1  2.42376E+14 0.00122 
   41   41    1    1    1    1    1    1    1    1  2.46259E+14 0.00134 
   42   42    1    1    1    1    1    1    1    1  5.29294E+14 0.00150 
   43   43    1    1    1    1    1    1    1    1  6.47072E+14 0.00107 
   44   44    1    1    1    1    1    1    1    1  9.43863E+14 0.00119 
   45   45    1    1    1    1    1    1    1    1  1.89861E+15 0.00085 
   46   46    1    1    1    1    1    1    1    1  8.89559E+14 0.00109 
   47   47    1    1    1    1    1    1    1    1  1.44188E+15 0.00101 
   48   48    1    1    1    1    1    1    1    1  2.01956E+15 0.00080 
   49   49    1    1    1    1    1    1    1    1  2.00892E+15 0.00073 
   50   50    1    1    1    1    1    1    1    1  3.14700E+15 0.00059 
   51   51    1    1    1    1    1    1    1    1  2.51804E+15 0.00057 
   52   52    1    1    1    1    1    1    1    1  3.00608E+15 0.00060 
   53   53    1    1    1    1    1    1    1    1  2.09511E+15 0.00087 
   54   54    1    1    1    1    1    1    1    1  2.57093E+15 0.00067 
   55   55    1    1    1    1    1    1    1    1  1.77268E+15 0.00086 
   56   56    1    1    1    1    1    1    1    1  2.41181E+14 0.00140 
   57   57    1    1    1    1    1    1    1    1  3.53346E+15 0.00063 
   58   58    1    1    1    1    1    1    1    1  1.57905E+15 0.00082 
   59   59    1    1    1    1    1    1    1    1  1.68187E+15 0.00072 
   60   60    1    1    1    1    1    1    1    1  1.31048E+15 0.00080 
   61   61    1    1    1    1    1    1    1    1  1.31455E+15 0.00082 
   62   62    1    1    1    1    1    1    1    1  1.37065E+15 0.00087 
   63   63    1    1    1    1    1    1    1    1  1.15592E+15 0.00086 
   64   64    1    1    1    1    1    1    1    1  9.20694E+14 0.00127 
   65   65    1    1    1    1    1    1    1    1  9.14520E+14 0.00097 
   66   66    1    1    1    1    1    1    1    1  6.59899E+14 0.00087 
   67   67    1    1    1    1    1    1    1    1  5.38900E+14 0.00106 
   68   68    1    1    1    1    1    1    1    1  4.83554E+14 0.00129 
   69   69    1    1    1    1    1    1    1    1  5.80782E+14 0.00124 
   70   70    1    1    1    1    1    1    1    1  4.94602E+14 0.00158 
   71   71    1    1    1    1    1    1    1    1  8.99892E+14 0.00108 
   72   72    1    1    1    1    1    1    1    1  6.37114E+14 0.00119 
   73   73    1    1    1    1    1    1    1    1  4.80319E+14 0.00114 
   74   74    1    1    1    1    1    1    1    1  3.85958E+14 0.00084 
   75   75    1    1    1    1    1    1    1    1  3.20394E+14 0.00134 
   76   76    1    1    1    1    1    1    1    1  3.70856E+14 0.00118 
   77   77    1    1    1    1    1    1    1    1  2.93445E+14 0.00120 
   78   78    1    1    1    1    1    1    1    1  2.33573E+14 0.00165 
   79   79    1    1    1    1    1    1    1    1  2.42719E+14 0.00128 
   80   80    1    1    1    1    1    1    1    1  1.78355E+14 0.00146 
   81   81    1    1    1    1    1    1    1    1  1.37648E+14 0.00206 
   82   82    1    1    1    1    1    1    1    1  1.06336E+14 0.00201 
   83   83    1    1    1    1    1    1    1    1  9.91311E+13 0.00217 
   84   84    1    1    1    1    1    1    1    1  7.17982E+13 0.00323 
   85   85    1    1    1    1    1    1    1    1  5.14094E+13 0.00321 
   86   86    1    1    1    1    1    1    1    1  4.79723E+13 0.00342 
   87   87    1    1    1    1    1    1    1    1  2.95752E+13 0.00382 
   88   88    1    1    1    1    1    1    1    1  2.01104E+13 0.00679 
   89   89    1    1    1    1    1    1    1    1  1.15280E+13 0.00574 
   90   90    1    1    1    1    1    1    1    1  7.79340E+12 0.00887 
   91   91    1    1    1    1    1    1    1    1  3.86606E+12 0.01195 
   92   92    1    1    1    1    1    1    1    1  1.87670E+12 0.01856 
   93   93    1    1    1    1    1    1    1    1  8.87148E+11 0.02713 
   94   94    1    1    1    1    1    1    1    1  4.27670E+11 0.03395 
   95   95    1    1    1    1    1    1    1    1  2.13124E+11 0.04560 
   96   96    1    1    1    1    1    1    1    1  1.13527E+11 0.08336 
   97   97    1    1    1    1    1    1    1    1  5.64884E+10 0.08474 
   98   98    1    1    1    1    1    1    1    1  2.04681E+10 0.14170 
   99   99    1    1    1    1    1    1    1    1  1.05845E+10 0.18603 
  100  100    1    1    1    1    1    1    1    1  1.06926E+10 0.24043 
];


