
DETdpaspec = [
    1    1    1    1    1    1    1    1    1    1  0.00000E+00 0.00000 
    2    2    1    1    1    1    1    1    1    1  0.00000E+00 0.00000 
    3    3    1    1    1    1    1    1    1    1  0.00000E+00 0.00000 
    4    4    1    1    1    1    1    1    1    1  0.00000E+00 0.00000 
    5    5    1    1    1    1    1    1    1    1  0.00000E+00 0.00000 
    6    6    1    1    1    1    1    1    1    1  8.71967E+06 1.00000 
    7    7    1    1    1    1    1    1    1    1  2.75383E+07 0.68954 
    8    8    1    1    1    1    1    1    1    1  0.00000E+00 0.00000 
    9    9    1    1    1    1    1    1    1    1  0.00000E+00 0.00000 
   10   10    1    1    1    1    1    1    1    1  1.50272E+08 0.62249 
   11   11    1    1    1    1    1    1    1    1  4.56568E+07 1.00000 
   12   12    1    1    1    1    1    1    1    1  2.87992E+07 0.80603 
   13   13    1    1    1    1    1    1    1    1  7.86264E+08 0.50106 
   14   14    1    1    1    1    1    1    1    1  2.68096E+09 0.44549 
   15   15    1    1    1    1    1    1    1    1  3.49447E+09 0.33249 
   16   16    1    1    1    1    1    1    1    1  1.39047E+09 0.32081 
   17   17    1    1    1    1    1    1    1    1  3.02010E+09 0.30055 
   18   18    1    1    1    1    1    1    1    1  7.82763E+09 0.28789 
   19   19    1    1    1    1    1    1    1    1  4.34621E+09 0.22922 
   20   20    1    1    1    1    1    1    1    1  1.94630E+10 0.14168 
   21   21    1    1    1    1    1    1    1    1  1.91642E+10 0.18324 
   22   22    1    1    1    1    1    1    1    1  3.95363E+10 0.07488 
   23   23    1    1    1    1    1    1    1    1  5.50479E+10 0.08450 
   24   24    1    1    1    1    1    1    1    1  8.46909E+10 0.05315 
   25   25    1    1    1    1    1    1    1    1  1.16468E+11 0.05086 
   26   26    1    1    1    1    1    1    1    1  1.82973E+11 0.03796 
   27   27    1    1    1    1    1    1    1    1  3.28678E+11 0.03222 
   28   28    1    1    1    1    1    1    1    1  6.66854E+11 0.01892 
   29   29    1    1    1    1    1    1    1    1  1.01544E+12 0.02435 
   30   30    1    1    1    1    1    1    1    1  2.96211E+12 0.01585 
   31   31    1    1    1    1    1    1    1    1  9.47402E+12 0.00783 
   32   32    1    1    1    1    1    1    1    1  1.78575E+13 0.00658 
   33   33    1    1    1    1    1    1    1    1  4.24154E+13 0.00347 
   34   34    1    1    1    1    1    1    1    1  5.88465E+13 0.00282 
   35   35    1    1    1    1    1    1    1    1  7.98831E+13 0.00200 
   36   36    1    1    1    1    1    1    1    1  5.48786E+13 0.00186 
   37   37    1    1    1    1    1    1    1    1  1.69895E+13 0.00242 
   38   38    1    1    1    1    1    1    1    1  9.47391E+13 0.00201 
   39   39    1    1    1    1    1    1    1    1  1.28385E+14 0.00214 
   40   40    1    1    1    1    1    1    1    1  2.19708E+14 0.00166 
   41   41    1    1    1    1    1    1    1    1  2.25690E+14 0.00203 
   42   42    1    1    1    1    1    1    1    1  4.79484E+14 0.00178 
   43   43    1    1    1    1    1    1    1    1  5.84780E+14 0.00129 
   44   44    1    1    1    1    1    1    1    1  8.51515E+14 0.00098 
   45   45    1    1    1    1    1    1    1    1  1.69507E+15 0.00090 
   46   46    1    1    1    1    1    1    1    1  7.98593E+14 0.00089 
   47   47    1    1    1    1    1    1    1    1  1.29771E+15 0.00083 
   48   48    1    1    1    1    1    1    1    1  1.81809E+15 0.00065 
   49   49    1    1    1    1    1    1    1    1  1.81086E+15 0.00077 
   50   50    1    1    1    1    1    1    1    1  2.81645E+15 0.00059 
   51   51    1    1    1    1    1    1    1    1  2.26735E+15 0.00072 
   52   52    1    1    1    1    1    1    1    1  2.68387E+15 0.00059 
   53   53    1    1    1    1    1    1    1    1  1.87088E+15 0.00076 
   54   54    1    1    1    1    1    1    1    1  2.27695E+15 0.00069 
   55   55    1    1    1    1    1    1    1    1  1.57126E+15 0.00088 
   56   56    1    1    1    1    1    1    1    1  2.14590E+14 0.00153 
   57   57    1    1    1    1    1    1    1    1  3.13257E+15 0.00064 
   58   58    1    1    1    1    1    1    1    1  1.38348E+15 0.00101 
   59   59    1    1    1    1    1    1    1    1  1.47880E+15 0.00096 
   60   60    1    1    1    1    1    1    1    1  1.14377E+15 0.00089 
   61   61    1    1    1    1    1    1    1    1  1.14922E+15 0.00115 
   62   62    1    1    1    1    1    1    1    1  1.19584E+15 0.00115 
   63   63    1    1    1    1    1    1    1    1  1.00606E+15 0.00124 
   64   64    1    1    1    1    1    1    1    1  8.00996E+14 0.00139 
   65   65    1    1    1    1    1    1    1    1  7.94675E+14 0.00117 
   66   66    1    1    1    1    1    1    1    1  5.74238E+14 0.00135 
   67   67    1    1    1    1    1    1    1    1  4.69161E+14 0.00143 
   68   68    1    1    1    1    1    1    1    1  4.21538E+14 0.00166 
   69   69    1    1    1    1    1    1    1    1  5.06512E+14 0.00187 
   70   70    1    1    1    1    1    1    1    1  4.31389E+14 0.00129 
   71   71    1    1    1    1    1    1    1    1  7.90121E+14 0.00143 
   72   72    1    1    1    1    1    1    1    1  5.60930E+14 0.00131 
   73   73    1    1    1    1    1    1    1    1  4.21844E+14 0.00171 
   74   74    1    1    1    1    1    1    1    1  3.36955E+14 0.00175 
   75   75    1    1    1    1    1    1    1    1  2.77481E+14 0.00166 
   76   76    1    1    1    1    1    1    1    1  3.20280E+14 0.00126 
   77   77    1    1    1    1    1    1    1    1  2.51850E+14 0.00166 
   78   78    1    1    1    1    1    1    1    1  2.00103E+14 0.00150 
   79   79    1    1    1    1    1    1    1    1  2.05084E+14 0.00176 
   80   80    1    1    1    1    1    1    1    1  1.51617E+14 0.00211 
   81   81    1    1    1    1    1    1    1    1  1.16704E+14 0.00318 
   82   82    1    1    1    1    1    1    1    1  8.90699E+13 0.00277 
   83   83    1    1    1    1    1    1    1    1  8.38071E+13 0.00278 
   84   84    1    1    1    1    1    1    1    1  6.00736E+13 0.00353 
   85   85    1    1    1    1    1    1    1    1  4.34407E+13 0.00321 
   86   86    1    1    1    1    1    1    1    1  4.06921E+13 0.00399 
   87   87    1    1    1    1    1    1    1    1  2.51199E+13 0.00476 
   88   88    1    1    1    1    1    1    1    1  1.69911E+13 0.00519 
   89   89    1    1    1    1    1    1    1    1  9.79442E+12 0.00823 
   90   90    1    1    1    1    1    1    1    1  6.54594E+12 0.01033 
   91   91    1    1    1    1    1    1    1    1  3.27995E+12 0.01289 
   92   92    1    1    1    1    1    1    1    1  1.59490E+12 0.01942 
   93   93    1    1    1    1    1    1    1    1  7.54955E+11 0.03159 
   94   94    1    1    1    1    1    1    1    1  3.63766E+11 0.04381 
   95   95    1    1    1    1    1    1    1    1  1.70636E+11 0.04951 
   96   96    1    1    1    1    1    1    1    1  9.73969E+10 0.05498 
   97   97    1    1    1    1    1    1    1    1  3.95904E+10 0.11054 
   98   98    1    1    1    1    1    1    1    1  1.66797E+10 0.12989 
   99   99    1    1    1    1    1    1    1    1  9.09240E+09 0.28288 
  100  100    1    1    1    1    1    1    1    1  9.83840E+09 0.35017 
];


