
DETdpaspec = [
    1    1    1    1    1    1    1    1    1    1  0.00000E+00 0.00000 
    2    2    1    1    1    1    1    1    1    1  0.00000E+00 0.00000 
    3    3    1    1    1    1    1    1    1    1  0.00000E+00 0.00000 
    4    4    1    1    1    1    1    1    1    1  0.00000E+00 0.00000 
    5    5    1    1    1    1    1    1    1    1  0.00000E+00 0.00000 
    6    6    1    1    1    1    1    1    1    1  0.00000E+00 0.00000 
    7    7    1    1    1    1    1    1    1    1  0.00000E+00 0.00000 
    8    8    1    1    1    1    1    1    1    1  1.21825E+07 1.00000 
    9    9    1    1    1    1    1    1    1    1  9.44286E+06 1.00000 
   10   10    1    1    1    1    1    1    1    1  1.16473E+08 1.00000 
   11   11    1    1    1    1    1    1    1    1  3.90213E+07 1.00000 
   12   12    1    1    1    1    1    1    1    1  0.00000E+00 0.00000 
   13   13    1    1    1    1    1    1    1    1  8.72262E+08 0.44851 
   14   14    1    1    1    1    1    1    1    1  2.63461E+09 0.28238 
   15   15    1    1    1    1    1    1    1    1  2.57135E+09 0.30604 
   16   16    1    1    1    1    1    1    1    1  9.06609E+08 0.31924 
   17   17    1    1    1    1    1    1    1    1  3.12703E+09 0.20016 
   18   18    1    1    1    1    1    1    1    1  1.05298E+10 0.14764 
   19   19    1    1    1    1    1    1    1    1  8.67125E+09 0.19193 
   20   20    1    1    1    1    1    1    1    1  2.60760E+10 0.12312 
   21   21    1    1    1    1    1    1    1    1  1.51724E+10 0.11369 
   22   22    1    1    1    1    1    1    1    1  4.97069E+10 0.09367 
   23   23    1    1    1    1    1    1    1    1  6.64674E+10 0.07168 
   24   24    1    1    1    1    1    1    1    1  1.09115E+11 0.05815 
   25   25    1    1    1    1    1    1    1    1  1.47303E+11 0.05610 
   26   26    1    1    1    1    1    1    1    1  2.25407E+11 0.05013 
   27   27    1    1    1    1    1    1    1    1  3.81436E+11 0.03505 
   28   28    1    1    1    1    1    1    1    1  6.42394E+11 0.01997 
   29   29    1    1    1    1    1    1    1    1  8.47347E+11 0.01721 
   30   30    1    1    1    1    1    1    1    1  2.86253E+12 0.01266 
   31   31    1    1    1    1    1    1    1    1  8.49434E+12 0.00825 
   32   32    1    1    1    1    1    1    1    1  1.55324E+13 0.00534 
   33   33    1    1    1    1    1    1    1    1  3.35089E+13 0.00397 
   34   34    1    1    1    1    1    1    1    1  4.36616E+13 0.00344 
   35   35    1    1    1    1    1    1    1    1  6.43707E+13 0.00242 
   36   36    1    1    1    1    1    1    1    1  4.49601E+13 0.00237 
   37   37    1    1    1    1    1    1    1    1  1.43799E+13 0.00266 
   38   38    1    1    1    1    1    1    1    1  7.67177E+13 0.00241 
   39   39    1    1    1    1    1    1    1    1  1.02238E+14 0.00280 
   40   40    1    1    1    1    1    1    1    1  1.68993E+14 0.00218 
   41   41    1    1    1    1    1    1    1    1  1.77334E+14 0.00223 
   42   42    1    1    1    1    1    1    1    1  3.59479E+14 0.00196 
   43   43    1    1    1    1    1    1    1    1  4.28621E+14 0.00236 
   44   44    1    1    1    1    1    1    1    1  6.08779E+14 0.00195 
   45   45    1    1    1    1    1    1    1    1  1.15295E+15 0.00170 
   46   46    1    1    1    1    1    1    1    1  5.45275E+14 0.00183 
   47   47    1    1    1    1    1    1    1    1  8.87874E+14 0.00158 
   48   48    1    1    1    1    1    1    1    1  1.22476E+15 0.00181 
   49   49    1    1    1    1    1    1    1    1  1.21723E+15 0.00195 
   50   50    1    1    1    1    1    1    1    1  1.83634E+15 0.00144 
   51   51    1    1    1    1    1    1    1    1  1.49640E+15 0.00146 
   52   52    1    1    1    1    1    1    1    1  1.70819E+15 0.00169 
   53   53    1    1    1    1    1    1    1    1  1.19441E+15 0.00134 
   54   54    1    1    1    1    1    1    1    1  1.40326E+15 0.00162 
   55   55    1    1    1    1    1    1    1    1  9.74397E+14 0.00150 
   56   56    1    1    1    1    1    1    1    1  1.34074E+14 0.00219 
   57   57    1    1    1    1    1    1    1    1  1.93655E+15 0.00155 
   58   58    1    1    1    1    1    1    1    1  8.22236E+14 0.00169 
   59   59    1    1    1    1    1    1    1    1  8.81286E+14 0.00170 
   60   60    1    1    1    1    1    1    1    1  6.64133E+14 0.00162 
   61   61    1    1    1    1    1    1    1    1  6.69659E+14 0.00182 
   62   62    1    1    1    1    1    1    1    1  6.91634E+14 0.00171 
   63   63    1    1    1    1    1    1    1    1  5.74011E+14 0.00199 
   64   64    1    1    1    1    1    1    1    1  4.55978E+14 0.00179 
   65   65    1    1    1    1    1    1    1    1  4.51245E+14 0.00181 
   66   66    1    1    1    1    1    1    1    1  3.23986E+14 0.00179 
   67   67    1    1    1    1    1    1    1    1  2.66809E+14 0.00211 
   68   68    1    1    1    1    1    1    1    1  2.40045E+14 0.00181 
   69   69    1    1    1    1    1    1    1    1  2.88126E+14 0.00199 
   70   70    1    1    1    1    1    1    1    1  2.46134E+14 0.00250 
   71   71    1    1    1    1    1    1    1    1  4.60848E+14 0.00240 
   72   72    1    1    1    1    1    1    1    1  3.27714E+14 0.00268 
   73   73    1    1    1    1    1    1    1    1  2.43870E+14 0.00252 
   74   74    1    1    1    1    1    1    1    1  1.90917E+14 0.00224 
   75   75    1    1    1    1    1    1    1    1  1.54074E+14 0.00246 
   76   76    1    1    1    1    1    1    1    1  1.74622E+14 0.00238 
   77   77    1    1    1    1    1    1    1    1  1.33792E+14 0.00326 
   78   78    1    1    1    1    1    1    1    1  1.04628E+14 0.00388 
   79   79    1    1    1    1    1    1    1    1  1.06025E+14 0.00290 
   80   80    1    1    1    1    1    1    1    1  7.79175E+13 0.00396 
   81   81    1    1    1    1    1    1    1    1  5.93023E+13 0.00468 
   82   82    1    1    1    1    1    1    1    1  4.54280E+13 0.00341 
   83   83    1    1    1    1    1    1    1    1  4.24728E+13 0.00446 
   84   84    1    1    1    1    1    1    1    1  3.04077E+13 0.00367 
   85   85    1    1    1    1    1    1    1    1  2.19078E+13 0.00463 
   86   86    1    1    1    1    1    1    1    1  2.03646E+13 0.00485 
   87   87    1    1    1    1    1    1    1    1  1.26908E+13 0.00563 
   88   88    1    1    1    1    1    1    1    1  8.59428E+12 0.00984 
   89   89    1    1    1    1    1    1    1    1  5.06162E+12 0.00988 
   90   90    1    1    1    1    1    1    1    1  3.25362E+12 0.01467 
   91   91    1    1    1    1    1    1    1    1  1.66739E+12 0.02110 
   92   92    1    1    1    1    1    1    1    1  8.06641E+11 0.03109 
   93   93    1    1    1    1    1    1    1    1  4.21042E+11 0.03819 
   94   94    1    1    1    1    1    1    1    1  1.73956E+11 0.05890 
   95   95    1    1    1    1    1    1    1    1  9.41986E+10 0.05557 
   96   96    1    1    1    1    1    1    1    1  4.50424E+10 0.10065 
   97   97    1    1    1    1    1    1    1    1  2.18370E+10 0.18495 
   98   98    1    1    1    1    1    1    1    1  4.99924E+09 0.32899 
   99   99    1    1    1    1    1    1    1    1  5.79017E+09 0.35578 
  100  100    1    1    1    1    1    1    1    1  4.36413E+09 0.29718 
];


