
DETdpaspec = [
    1    1    1    1    1    1    1    1    1    1  0.00000E+00 0.00000 
    2    2    1    1    1    1    1    1    1    1  0.00000E+00 0.00000 
    3    3    1    1    1    1    1    1    1    1  0.00000E+00 0.00000 
    4    4    1    1    1    1    1    1    1    1  0.00000E+00 0.00000 
    5    5    1    1    1    1    1    1    1    1  0.00000E+00 0.00000 
    6    6    1    1    1    1    1    1    1    1  0.00000E+00 0.00000 
    7    7    1    1    1    1    1    1    1    1  0.00000E+00 0.00000 
    8    8    1    1    1    1    1    1    1    1  0.00000E+00 0.00000 
    9    9    1    1    1    1    1    1    1    1  0.00000E+00 0.00000 
   10   10    1    1    1    1    1    1    1    1  0.00000E+00 0.00000 
   11   11    1    1    1    1    1    1    1    1  0.00000E+00 0.00000 
   12   12    1    1    1    1    1    1    1    1  6.00585E+07 0.69179 
   13   13    1    1    1    1    1    1    1    1  1.15800E+08 0.76220 
   14   14    1    1    1    1    1    1    1    1  1.82381E+09 0.45722 
   15   15    1    1    1    1    1    1    1    1  2.89804E+09 0.37373 
   16   16    1    1    1    1    1    1    1    1  9.20868E+08 0.37646 
   17   17    1    1    1    1    1    1    1    1  2.36304E+09 0.29906 
   18   18    1    1    1    1    1    1    1    1  6.14703E+09 0.21506 
   19   19    1    1    1    1    1    1    1    1  7.00952E+09 0.23983 
   20   20    1    1    1    1    1    1    1    1  1.82030E+10 0.22247 
   21   21    1    1    1    1    1    1    1    1  1.40700E+10 0.15684 
   22   22    1    1    1    1    1    1    1    1  3.53887E+10 0.10616 
   23   23    1    1    1    1    1    1    1    1  6.15642E+10 0.09652 
   24   24    1    1    1    1    1    1    1    1  8.37485E+10 0.06885 
   25   25    1    1    1    1    1    1    1    1  1.15383E+11 0.06932 
   26   26    1    1    1    1    1    1    1    1  1.97082E+11 0.04041 
   27   27    1    1    1    1    1    1    1    1  3.36982E+11 0.03316 
   28   28    1    1    1    1    1    1    1    1  7.19042E+11 0.02320 
   29   29    1    1    1    1    1    1    1    1  1.22099E+12 0.01792 
   30   30    1    1    1    1    1    1    1    1  3.50243E+12 0.01085 
   31   31    1    1    1    1    1    1    1    1  1.10702E+13 0.00917 
   32   32    1    1    1    1    1    1    1    1  2.08607E+13 0.00630 
   33   33    1    1    1    1    1    1    1    1  4.99337E+13 0.00375 
   34   34    1    1    1    1    1    1    1    1  7.03383E+13 0.00237 
   35   35    1    1    1    1    1    1    1    1  9.10026E+13 0.00239 
   36   36    1    1    1    1    1    1    1    1  6.10810E+13 0.00236 
   37   37    1    1    1    1    1    1    1    1  1.86864E+13 0.00281 
   38   38    1    1    1    1    1    1    1    1  1.05699E+14 0.00227 
   39   39    1    1    1    1    1    1    1    1  1.43104E+14 0.00157 
   40   40    1    1    1    1    1    1    1    1  2.46741E+14 0.00132 
   41   41    1    1    1    1    1    1    1    1  2.49882E+14 0.00139 
   42   42    1    1    1    1    1    1    1    1  5.39312E+14 0.00090 
   43   43    1    1    1    1    1    1    1    1  6.58522E+14 0.00101 
   44   44    1    1    1    1    1    1    1    1  9.60965E+14 0.00095 
   45   45    1    1    1    1    1    1    1    1  1.92881E+15 0.00087 
   46   46    1    1    1    1    1    1    1    1  9.02924E+14 0.00105 
   47   47    1    1    1    1    1    1    1    1  1.46243E+15 0.00083 
   48   48    1    1    1    1    1    1    1    1  2.05091E+15 0.00089 
   49   49    1    1    1    1    1    1    1    1  2.03842E+15 0.00089 
   50   50    1    1    1    1    1    1    1    1  3.19583E+15 0.00093 
   51   51    1    1    1    1    1    1    1    1  2.55673E+15 0.00085 
   52   52    1    1    1    1    1    1    1    1  3.05606E+15 0.00068 
   53   53    1    1    1    1    1    1    1    1  2.12740E+15 0.00082 
   54   54    1    1    1    1    1    1    1    1  2.61628E+15 0.00072 
   55   55    1    1    1    1    1    1    1    1  1.80341E+15 0.00080 
   56   56    1    1    1    1    1    1    1    1  2.45243E+14 0.00111 
   57   57    1    1    1    1    1    1    1    1  3.59343E+15 0.00072 
   58   58    1    1    1    1    1    1    1    1  1.60846E+15 0.00058 
   59   59    1    1    1    1    1    1    1    1  1.71271E+15 0.00107 
   60   60    1    1    1    1    1    1    1    1  1.33573E+15 0.00066 
   61   61    1    1    1    1    1    1    1    1  1.33960E+15 0.00099 
   62   62    1    1    1    1    1    1    1    1  1.39991E+15 0.00094 
   63   63    1    1    1    1    1    1    1    1  1.18166E+15 0.00081 
   64   64    1    1    1    1    1    1    1    1  9.41957E+14 0.00110 
   65   65    1    1    1    1    1    1    1    1  9.36192E+14 0.00108 
   66   66    1    1    1    1    1    1    1    1  6.75237E+14 0.00148 
   67   67    1    1    1    1    1    1    1    1  5.49254E+14 0.00110 
   68   68    1    1    1    1    1    1    1    1  4.93609E+14 0.00130 
   69   69    1    1    1    1    1    1    1    1  5.91452E+14 0.00155 
   70   70    1    1    1    1    1    1    1    1  5.04958E+14 0.00141 
   71   71    1    1    1    1    1    1    1    1  9.17807E+14 0.00131 
   72   72    1    1    1    1    1    1    1    1  6.49379E+14 0.00107 
   73   73    1    1    1    1    1    1    1    1  4.89288E+14 0.00117 
   74   74    1    1    1    1    1    1    1    1  3.93265E+14 0.00151 
   75   75    1    1    1    1    1    1    1    1  3.26883E+14 0.00146 
   76   76    1    1    1    1    1    1    1    1  3.80378E+14 0.00136 
   77   77    1    1    1    1    1    1    1    1  3.00661E+14 0.00137 
   78   78    1    1    1    1    1    1    1    1  2.39272E+14 0.00116 
   79   79    1    1    1    1    1    1    1    1  2.47401E+14 0.00173 
   80   80    1    1    1    1    1    1    1    1  1.83314E+14 0.00191 
   81   81    1    1    1    1    1    1    1    1  1.41211E+14 0.00226 
   82   82    1    1    1    1    1    1    1    1  1.08816E+14 0.00218 
   83   83    1    1    1    1    1    1    1    1  1.01999E+14 0.00173 
   84   84    1    1    1    1    1    1    1    1  7.30178E+13 0.00304 
   85   85    1    1    1    1    1    1    1    1  5.27676E+13 0.00357 
   86   86    1    1    1    1    1    1    1    1  4.92732E+13 0.00351 
   87   87    1    1    1    1    1    1    1    1  3.05636E+13 0.00394 
   88   88    1    1    1    1    1    1    1    1  2.04604E+13 0.00495 
   89   89    1    1    1    1    1    1    1    1  1.17187E+13 0.00860 
   90   90    1    1    1    1    1    1    1    1  7.82288E+12 0.00717 
   91   91    1    1    1    1    1    1    1    1  3.92895E+12 0.01169 
   92   92    1    1    1    1    1    1    1    1  1.95643E+12 0.01405 
   93   93    1    1    1    1    1    1    1    1  9.17631E+11 0.02887 
   94   94    1    1    1    1    1    1    1    1  4.49313E+11 0.03565 
   95   95    1    1    1    1    1    1    1    1  2.08005E+11 0.06018 
   96   96    1    1    1    1    1    1    1    1  1.03308E+11 0.06221 
   97   97    1    1    1    1    1    1    1    1  4.85789E+10 0.09459 
   98   98    1    1    1    1    1    1    1    1  2.64129E+10 0.14638 
   99   99    1    1    1    1    1    1    1    1  1.21056E+10 0.20310 
  100  100    1    1    1    1    1    1    1    1  7.60481E+09 0.23223 
];


