
DETdpaspec = [
    1    1    1    1    1    1    1    1    1    1  0.00000E+00 0.00000 
    2    2    1    1    1    1    1    1    1    1  0.00000E+00 0.00000 
    3    3    1    1    1    1    1    1    1    1  0.00000E+00 0.00000 
    4    4    1    1    1    1    1    1    1    1  7.30230E+06 1.00000 
    5    5    1    1    1    1    1    1    1    1  0.00000E+00 0.00000 
    6    6    1    1    1    1    1    1    1    1  0.00000E+00 0.00000 
    7    7    1    1    1    1    1    1    1    1  1.40104E+07 1.00000 
    8    8    1    1    1    1    1    1    1    1  0.00000E+00 0.00000 
    9    9    1    1    1    1    1    1    1    1  0.00000E+00 0.00000 
   10   10    1    1    1    1    1    1    1    1  9.90353E+07 0.55683 
   11   11    1    1    1    1    1    1    1    1  3.13223E+08 0.63694 
   12   12    1    1    1    1    1    1    1    1  5.33337E+07 0.49656 
   13   13    1    1    1    1    1    1    1    1  9.77093E+08 0.66942 
   14   14    1    1    1    1    1    1    1    1  8.55192E+08 0.49144 
   15   15    1    1    1    1    1    1    1    1  4.04113E+09 0.32265 
   16   16    1    1    1    1    1    1    1    1  1.34312E+09 0.35644 
   17   17    1    1    1    1    1    1    1    1  1.34775E+09 0.22599 
   18   18    1    1    1    1    1    1    1    1  5.29518E+09 0.21082 
   19   19    1    1    1    1    1    1    1    1  7.00317E+09 0.15434 
   20   20    1    1    1    1    1    1    1    1  2.80070E+10 0.08255 
   21   21    1    1    1    1    1    1    1    1  1.84696E+10 0.13532 
   22   22    1    1    1    1    1    1    1    1  5.31947E+10 0.09082 
   23   23    1    1    1    1    1    1    1    1  6.88305E+10 0.04803 
   24   24    1    1    1    1    1    1    1    1  1.04904E+11 0.05169 
   25   25    1    1    1    1    1    1    1    1  1.34335E+11 0.04768 
   26   26    1    1    1    1    1    1    1    1  2.09642E+11 0.04218 
   27   27    1    1    1    1    1    1    1    1  3.45200E+11 0.03062 
   28   28    1    1    1    1    1    1    1    1  6.14238E+11 0.02941 
   29   29    1    1    1    1    1    1    1    1  8.38723E+11 0.02435 
   30   30    1    1    1    1    1    1    1    1  2.77992E+12 0.01489 
   31   31    1    1    1    1    1    1    1    1  8.24621E+12 0.00715 
   32   32    1    1    1    1    1    1    1    1  1.55258E+13 0.00480 
   33   33    1    1    1    1    1    1    1    1  3.40822E+13 0.00353 
   34   34    1    1    1    1    1    1    1    1  4.48438E+13 0.00313 
   35   35    1    1    1    1    1    1    1    1  6.52948E+13 0.00291 
   36   36    1    1    1    1    1    1    1    1  4.58092E+13 0.00291 
   37   37    1    1    1    1    1    1    1    1  1.45898E+13 0.00270 
   38   38    1    1    1    1    1    1    1    1  7.85623E+13 0.00218 
   39   39    1    1    1    1    1    1    1    1  1.05022E+14 0.00224 
   40   40    1    1    1    1    1    1    1    1  1.74920E+14 0.00258 
   41   41    1    1    1    1    1    1    1    1  1.82676E+14 0.00199 
   42   42    1    1    1    1    1    1    1    1  3.75064E+14 0.00177 
   43   43    1    1    1    1    1    1    1    1  4.49686E+14 0.00186 
   44   44    1    1    1    1    1    1    1    1  6.41946E+14 0.00205 
   45   45    1    1    1    1    1    1    1    1  1.23046E+15 0.00163 
   46   46    1    1    1    1    1    1    1    1  5.80566E+14 0.00157 
   47   47    1    1    1    1    1    1    1    1  9.44852E+14 0.00139 
   48   48    1    1    1    1    1    1    1    1  1.30828E+15 0.00150 
   49   49    1    1    1    1    1    1    1    1  1.30043E+15 0.00174 
   50   50    1    1    1    1    1    1    1    1  1.97522E+15 0.00151 
   51   51    1    1    1    1    1    1    1    1  1.60696E+15 0.00162 
   52   52    1    1    1    1    1    1    1    1  1.84542E+15 0.00177 
   53   53    1    1    1    1    1    1    1    1  1.29132E+15 0.00155 
   54   54    1    1    1    1    1    1    1    1  1.52901E+15 0.00161 
   55   55    1    1    1    1    1    1    1    1  1.05820E+15 0.00153 
   56   56    1    1    1    1    1    1    1    1  1.45352E+14 0.00161 
   57   57    1    1    1    1    1    1    1    1  2.10660E+15 0.00179 
   58   58    1    1    1    1    1    1    1    1  9.00558E+14 0.00202 
   59   59    1    1    1    1    1    1    1    1  9.66644E+14 0.00181 
   60   60    1    1    1    1    1    1    1    1  7.30678E+14 0.00171 
   61   61    1    1    1    1    1    1    1    1  7.36558E+14 0.00157 
   62   62    1    1    1    1    1    1    1    1  7.60915E+14 0.00193 
   63   63    1    1    1    1    1    1    1    1  6.33565E+14 0.00174 
   64   64    1    1    1    1    1    1    1    1  5.04058E+14 0.00228 
   65   65    1    1    1    1    1    1    1    1  4.97505E+14 0.00184 
   66   66    1    1    1    1    1    1    1    1  3.57951E+14 0.00174 
   67   67    1    1    1    1    1    1    1    1  2.94169E+14 0.00202 
   68   68    1    1    1    1    1    1    1    1  2.65388E+14 0.00218 
   69   69    1    1    1    1    1    1    1    1  3.18070E+14 0.00238 
   70   70    1    1    1    1    1    1    1    1  2.71916E+14 0.00214 
   71   71    1    1    1    1    1    1    1    1  5.05378E+14 0.00160 
   72   72    1    1    1    1    1    1    1    1  3.59053E+14 0.00231 
   73   73    1    1    1    1    1    1    1    1  2.68749E+14 0.00191 
   74   74    1    1    1    1    1    1    1    1  2.11188E+14 0.00235 
   75   75    1    1    1    1    1    1    1    1  1.71275E+14 0.00294 
   76   76    1    1    1    1    1    1    1    1  1.93226E+14 0.00274 
   77   77    1    1    1    1    1    1    1    1  1.49809E+14 0.00265 
   78   78    1    1    1    1    1    1    1    1  1.17084E+14 0.00345 
   79   79    1    1    1    1    1    1    1    1  1.19316E+14 0.00353 
   80   80    1    1    1    1    1    1    1    1  8.75281E+13 0.00310 
   81   81    1    1    1    1    1    1    1    1  6.67505E+13 0.00250 
   82   82    1    1    1    1    1    1    1    1  5.14398E+13 0.00314 
   83   83    1    1    1    1    1    1    1    1  4.77902E+13 0.00433 
   84   84    1    1    1    1    1    1    1    1  3.46037E+13 0.00386 
   85   85    1    1    1    1    1    1    1    1  2.46728E+13 0.00426 
   86   86    1    1    1    1    1    1    1    1  2.30436E+13 0.00517 
   87   87    1    1    1    1    1    1    1    1  1.43789E+13 0.00380 
   88   88    1    1    1    1    1    1    1    1  9.82102E+12 0.00780 
   89   89    1    1    1    1    1    1    1    1  5.64624E+12 0.00788 
   90   90    1    1    1    1    1    1    1    1  3.78436E+12 0.01056 
   91   91    1    1    1    1    1    1    1    1  1.91642E+12 0.01588 
   92   92    1    1    1    1    1    1    1    1  9.45529E+11 0.02999 
   93   93    1    1    1    1    1    1    1    1  4.33756E+11 0.03262 
   94   94    1    1    1    1    1    1    1    1  2.06969E+11 0.04865 
   95   95    1    1    1    1    1    1    1    1  1.06226E+11 0.06923 
   96   96    1    1    1    1    1    1    1    1  4.89435E+10 0.11318 
   97   97    1    1    1    1    1    1    1    1  2.26925E+10 0.18115 
   98   98    1    1    1    1    1    1    1    1  9.42632E+09 0.24153 
   99   99    1    1    1    1    1    1    1    1  3.59791E+09 0.27794 
  100  100    1    1    1    1    1    1    1    1  5.45023E+09 0.34206 
];


