
DETdpaspec = [
    1    1    1    1    1    1    1    1    1    1  0.00000E+00 0.00000 
    2    2    1    1    1    1    1    1    1    1  0.00000E+00 0.00000 
    3    3    1    1    1    1    1    1    1    1  0.00000E+00 0.00000 
    4    4    1    1    1    1    1    1    1    1  0.00000E+00 0.00000 
    5    5    1    1    1    1    1    1    1    1  0.00000E+00 0.00000 
    6    6    1    1    1    1    1    1    1    1  0.00000E+00 0.00000 
    7    7    1    1    1    1    1    1    1    1  0.00000E+00 0.00000 
    8    8    1    1    1    1    1    1    1    1  0.00000E+00 0.00000 
    9    9    1    1    1    1    1    1    1    1  0.00000E+00 0.00000 
   10   10    1    1    1    1    1    1    1    1  5.09249E+07 1.00000 
   11   11    1    1    1    1    1    1    1    1  0.00000E+00 0.00000 
   12   12    1    1    1    1    1    1    1    1  1.28853E+07 0.81326 
   13   13    1    1    1    1    1    1    1    1  2.89274E+08 0.73032 
   14   14    1    1    1    1    1    1    1    1  5.89821E+09 0.43850 
   15   15    1    1    1    1    1    1    1    1  2.89632E+09 0.30781 
   16   16    1    1    1    1    1    1    1    1  2.44620E+09 0.31016 
   17   17    1    1    1    1    1    1    1    1  2.20202E+09 0.28647 
   18   18    1    1    1    1    1    1    1    1  3.81789E+09 0.28309 
   19   19    1    1    1    1    1    1    1    1  5.62939E+09 0.27623 
   20   20    1    1    1    1    1    1    1    1  1.38452E+10 0.16457 
   21   21    1    1    1    1    1    1    1    1  1.22148E+10 0.15953 
   22   22    1    1    1    1    1    1    1    1  3.08451E+10 0.14780 
   23   23    1    1    1    1    1    1    1    1  4.52739E+10 0.09972 
   24   24    1    1    1    1    1    1    1    1  8.96185E+10 0.06633 
   25   25    1    1    1    1    1    1    1    1  1.16997E+11 0.05698 
   26   26    1    1    1    1    1    1    1    1  2.22107E+11 0.04038 
   27   27    1    1    1    1    1    1    1    1  4.73480E+11 0.02507 
   28   28    1    1    1    1    1    1    1    1  1.14773E+12 0.02268 
   29   29    1    1    1    1    1    1    1    1  2.04488E+12 0.02293 
   30   30    1    1    1    1    1    1    1    1  5.38949E+12 0.00818 
   31   31    1    1    1    1    1    1    1    1  1.58414E+13 0.00351 
   32   32    1    1    1    1    1    1    1    1  2.83033E+13 0.00416 
   33   33    1    1    1    1    1    1    1    1  6.65158E+13 0.00319 
   34   34    1    1    1    1    1    1    1    1  9.26318E+13 0.00280 
   35   35    1    1    1    1    1    1    1    1  1.11410E+14 0.00264 
   36   36    1    1    1    1    1    1    1    1  7.23706E+13 0.00239 
   37   37    1    1    1    1    1    1    1    1  2.17258E+13 0.00221 
   38   38    1    1    1    1    1    1    1    1  1.24113E+14 0.00183 
   39   39    1    1    1    1    1    1    1    1  1.67899E+14 0.00186 
   40   40    1    1    1    1    1    1    1    1  2.89723E+14 0.00159 
   41   41    1    1    1    1    1    1    1    1  2.88156E+14 0.00135 
   42   42    1    1    1    1    1    1    1    1  6.24576E+14 0.00128 
   43   43    1    1    1    1    1    1    1    1  7.60378E+14 0.00125 
   44   44    1    1    1    1    1    1    1    1  1.10439E+15 0.00105 
   45   45    1    1    1    1    1    1    1    1  2.21613E+15 0.00065 
   46   46    1    1    1    1    1    1    1    1  1.02466E+15 0.00065 
   47   47    1    1    1    1    1    1    1    1  1.64709E+15 0.00074 
   48   48    1    1    1    1    1    1    1    1  2.30008E+15 0.00043 
   49   49    1    1    1    1    1    1    1    1  2.27535E+15 0.00059 
   50   50    1    1    1    1    1    1    1    1  3.57513E+15 0.00080 
   51   51    1    1    1    1    1    1    1    1  2.82311E+15 0.00067 
   52   52    1    1    1    1    1    1    1    1  3.40264E+15 0.00064 
   53   53    1    1    1    1    1    1    1    1  2.35884E+15 0.00087 
   54   54    1    1    1    1    1    1    1    1  2.92104E+15 0.00082 
   55   55    1    1    1    1    1    1    1    1  2.00540E+15 0.00074 
   56   56    1    1    1    1    1    1    1    1  2.72103E+14 0.00148 
   57   57    1    1    1    1    1    1    1    1  3.98661E+15 0.00079 
   58   58    1    1    1    1    1    1    1    1  1.80481E+15 0.00066 
   59   59    1    1    1    1    1    1    1    1  1.91201E+15 0.00062 
   60   60    1    1    1    1    1    1    1    1  1.50447E+15 0.00078 
   61   61    1    1    1    1    1    1    1    1  1.50627E+15 0.00074 
   62   62    1    1    1    1    1    1    1    1  1.57336E+15 0.00085 
   63   63    1    1    1    1    1    1    1    1  1.32905E+15 0.00074 
   64   64    1    1    1    1    1    1    1    1  1.05708E+15 0.00076 
   65   65    1    1    1    1    1    1    1    1  1.05231E+15 0.00091 
   66   66    1    1    1    1    1    1    1    1  7.57613E+14 0.00105 
   67   67    1    1    1    1    1    1    1    1  6.15417E+14 0.00119 
   68   68    1    1    1    1    1    1    1    1  5.50269E+14 0.00117 
   69   69    1    1    1    1    1    1    1    1  6.59462E+14 0.00124 
   70   70    1    1    1    1    1    1    1    1  5.61936E+14 0.00119 
   71   71    1    1    1    1    1    1    1    1  1.01295E+15 0.00091 
   72   72    1    1    1    1    1    1    1    1  7.15565E+14 0.00119 
   73   73    1    1    1    1    1    1    1    1  5.39099E+14 0.00100 
   74   74    1    1    1    1    1    1    1    1  4.36526E+14 0.00137 
   75   75    1    1    1    1    1    1    1    1  3.65832E+14 0.00147 
   76   76    1    1    1    1    1    1    1    1  4.26597E+14 0.00143 
   77   77    1    1    1    1    1    1    1    1  3.39800E+14 0.00175 
   78   78    1    1    1    1    1    1    1    1  2.72394E+14 0.00179 
   79   79    1    1    1    1    1    1    1    1  2.82365E+14 0.00175 
   80   80    1    1    1    1    1    1    1    1  2.09494E+14 0.00165 
   81   81    1    1    1    1    1    1    1    1  1.61636E+14 0.00221 
   82   82    1    1    1    1    1    1    1    1  1.24027E+14 0.00287 
   83   83    1    1    1    1    1    1    1    1  1.16295E+14 0.00192 
   84   84    1    1    1    1    1    1    1    1  8.37835E+13 0.00287 
   85   85    1    1    1    1    1    1    1    1  6.07810E+13 0.00295 
   86   86    1    1    1    1    1    1    1    1  5.66843E+13 0.00335 
   87   87    1    1    1    1    1    1    1    1  3.48265E+13 0.00416 
   88   88    1    1    1    1    1    1    1    1  2.31544E+13 0.00394 
   89   89    1    1    1    1    1    1    1    1  1.32732E+13 0.00652 
   90   90    1    1    1    1    1    1    1    1  8.87238E+12 0.00829 
   91   91    1    1    1    1    1    1    1    1  4.33980E+12 0.01192 
   92   92    1    1    1    1    1    1    1    1  2.07338E+12 0.01231 
   93   93    1    1    1    1    1    1    1    1  1.02505E+12 0.02427 
   94   94    1    1    1    1    1    1    1    1  4.80750E+11 0.03903 
   95   95    1    1    1    1    1    1    1    1  2.53640E+11 0.06086 
   96   96    1    1    1    1    1    1    1    1  1.08574E+11 0.05626 
   97   97    1    1    1    1    1    1    1    1  5.36574E+10 0.09592 
   98   98    1    1    1    1    1    1    1    1  1.78718E+10 0.21568 
   99   99    1    1    1    1    1    1    1    1  1.00166E+10 0.20462 
  100  100    1    1    1    1    1    1    1    1  6.97350E+09 0.29365 
];


