
DETdpaspec = [
    1    1    1    1    1    1    1    1    1    1  0.00000E+00 0.00000 
    2    2    1    1    1    1    1    1    1    1  0.00000E+00 0.00000 
    3    3    1    1    1    1    1    1    1    1  0.00000E+00 0.00000 
    4    4    1    1    1    1    1    1    1    1  0.00000E+00 0.00000 
    5    5    1    1    1    1    1    1    1    1  0.00000E+00 0.00000 
    6    6    1    1    1    1    1    1    1    1  0.00000E+00 0.00000 
    7    7    1    1    1    1    1    1    1    1  3.06472E+07 1.00000 
    8    8    1    1    1    1    1    1    1    1  0.00000E+00 0.00000 
    9    9    1    1    1    1    1    1    1    1  0.00000E+00 0.00000 
   10   10    1    1    1    1    1    1    1    1  0.00000E+00 0.00000 
   11   11    1    1    1    1    1    1    1    1  5.97729E+07 1.00000 
   12   12    1    1    1    1    1    1    1    1  1.10661E+08 0.53761 
   13   13    1    1    1    1    1    1    1    1  6.09760E+08 0.74117 
   14   14    1    1    1    1    1    1    1    1  2.43388E+09 0.45713 
   15   15    1    1    1    1    1    1    1    1  2.20735E+09 0.69692 
   16   16    1    1    1    1    1    1    1    1  2.25397E+09 0.27720 
   17   17    1    1    1    1    1    1    1    1  3.51573E+09 0.22297 
   18   18    1    1    1    1    1    1    1    1  3.82946E+09 0.24023 
   19   19    1    1    1    1    1    1    1    1  5.58290E+09 0.23174 
   20   20    1    1    1    1    1    1    1    1  1.96981E+10 0.18024 
   21   21    1    1    1    1    1    1    1    1  2.31692E+10 0.16748 
   22   22    1    1    1    1    1    1    1    1  3.51100E+10 0.09018 
   23   23    1    1    1    1    1    1    1    1  4.21857E+10 0.10181 
   24   24    1    1    1    1    1    1    1    1  8.25188E+10 0.05349 
   25   25    1    1    1    1    1    1    1    1  1.07919E+11 0.04601 
   26   26    1    1    1    1    1    1    1    1  1.89332E+11 0.04457 
   27   27    1    1    1    1    1    1    1    1  3.62975E+11 0.03486 
   28   28    1    1    1    1    1    1    1    1  8.65698E+11 0.02495 
   29   29    1    1    1    1    1    1    1    1  1.45682E+12 0.01381 
   30   30    1    1    1    1    1    1    1    1  4.04692E+12 0.01305 
   31   31    1    1    1    1    1    1    1    1  1.23697E+13 0.00719 
   32   32    1    1    1    1    1    1    1    1  2.29418E+13 0.00658 
   33   33    1    1    1    1    1    1    1    1  5.51351E+13 0.00371 
   34   34    1    1    1    1    1    1    1    1  7.76148E+13 0.00313 
   35   35    1    1    1    1    1    1    1    1  9.78327E+13 0.00238 
   36   36    1    1    1    1    1    1    1    1  6.50984E+13 0.00188 
   37   37    1    1    1    1    1    1    1    1  1.97228E+13 0.00268 
   38   38    1    1    1    1    1    1    1    1  1.11817E+14 0.00174 
   39   39    1    1    1    1    1    1    1    1  1.51760E+14 0.00158 
   40   40    1    1    1    1    1    1    1    1  2.61967E+14 0.00109 
   41   41    1    1    1    1    1    1    1    1  2.63125E+14 0.00133 
   42   42    1    1    1    1    1    1    1    1  5.69343E+14 0.00148 
   43   43    1    1    1    1    1    1    1    1  6.95097E+14 0.00106 
   44   44    1    1    1    1    1    1    1    1  1.01385E+15 0.00099 
   45   45    1    1    1    1    1    1    1    1  2.04134E+15 0.00070 
   46   46    1    1    1    1    1    1    1    1  9.52073E+14 0.00063 
   47   47    1    1    1    1    1    1    1    1  1.53702E+15 0.00078 
   48   48    1    1    1    1    1    1    1    1  2.15115E+15 0.00060 
   49   49    1    1    1    1    1    1    1    1  2.13373E+15 0.00064 
   50   50    1    1    1    1    1    1    1    1  3.35361E+15 0.00074 
   51   51    1    1    1    1    1    1    1    1  2.66712E+15 0.00070 
   52   52    1    1    1    1    1    1    1    1  3.20348E+15 0.00050 
   53   53    1    1    1    1    1    1    1    1  2.22671E+15 0.00068 
   54   54    1    1    1    1    1    1    1    1  2.74727E+15 0.00063 
   55   55    1    1    1    1    1    1    1    1  1.89112E+15 0.00065 
   56   56    1    1    1    1    1    1    1    1  2.56723E+14 0.00086 
   57   57    1    1    1    1    1    1    1    1  3.76791E+15 0.00069 
   58   58    1    1    1    1    1    1    1    1  1.69619E+15 0.00063 
   59   59    1    1    1    1    1    1    1    1  1.80266E+15 0.00084 
   60   60    1    1    1    1    1    1    1    1  1.41181E+15 0.00083 
   61   61    1    1    1    1    1    1    1    1  1.41468E+15 0.00073 
   62   62    1    1    1    1    1    1    1    1  1.47889E+15 0.00064 
   63   63    1    1    1    1    1    1    1    1  1.24740E+15 0.00090 
   64   64    1    1    1    1    1    1    1    1  9.93137E+14 0.00081 
   65   65    1    1    1    1    1    1    1    1  9.88268E+14 0.00102 
   66   66    1    1    1    1    1    1    1    1  7.12919E+14 0.00095 
   67   67    1    1    1    1    1    1    1    1  5.80372E+14 0.00107 
   68   68    1    1    1    1    1    1    1    1  5.19652E+14 0.00104 
   69   69    1    1    1    1    1    1    1    1  6.23693E+14 0.00117 
   70   70    1    1    1    1    1    1    1    1  5.31241E+14 0.00095 
   71   71    1    1    1    1    1    1    1    1  9.61394E+14 0.00124 
   72   72    1    1    1    1    1    1    1    1  6.79934E+14 0.00149 
   73   73    1    1    1    1    1    1    1    1  5.13806E+14 0.00126 
   74   74    1    1    1    1    1    1    1    1  4.13881E+14 0.00135 
   75   75    1    1    1    1    1    1    1    1  3.44875E+14 0.00124 
   76   76    1    1    1    1    1    1    1    1  4.01628E+14 0.00123 
   77   77    1    1    1    1    1    1    1    1  3.18565E+14 0.00143 
   78   78    1    1    1    1    1    1    1    1  2.54448E+14 0.00151 
   79   79    1    1    1    1    1    1    1    1  2.64234E+14 0.00134 
   80   80    1    1    1    1    1    1    1    1  1.95592E+14 0.00160 
   81   81    1    1    1    1    1    1    1    1  1.50975E+14 0.00125 
   82   82    1    1    1    1    1    1    1    1  1.15764E+14 0.00167 
   83   83    1    1    1    1    1    1    1    1  1.08219E+14 0.00262 
   84   84    1    1    1    1    1    1    1    1  7.79281E+13 0.00196 
   85   85    1    1    1    1    1    1    1    1  5.60764E+13 0.00301 
   86   86    1    1    1    1    1    1    1    1  5.27785E+13 0.00371 
   87   87    1    1    1    1    1    1    1    1  3.25874E+13 0.00429 
   88   88    1    1    1    1    1    1    1    1  2.17138E+13 0.00506 
   89   89    1    1    1    1    1    1    1    1  1.26043E+13 0.00421 
   90   90    1    1    1    1    1    1    1    1  8.27034E+12 0.00751 
   91   91    1    1    1    1    1    1    1    1  4.09836E+12 0.01168 
   92   92    1    1    1    1    1    1    1    1  2.10127E+12 0.01442 
   93   93    1    1    1    1    1    1    1    1  9.85073E+11 0.02572 
   94   94    1    1    1    1    1    1    1    1  4.55699E+11 0.04007 
   95   95    1    1    1    1    1    1    1    1  2.10342E+11 0.05623 
   96   96    1    1    1    1    1    1    1    1  1.08270E+11 0.06093 
   97   97    1    1    1    1    1    1    1    1  5.09796E+10 0.09451 
   98   98    1    1    1    1    1    1    1    1  2.24511E+10 0.15205 
   99   99    1    1    1    1    1    1    1    1  1.10781E+10 0.20973 
  100  100    1    1    1    1    1    1    1    1  8.46525E+09 0.19438 
];


