
DETdpaspec = [
    1    1    1    1    1    1    1    1    1    1  0.00000E+00 0.00000 
    2    2    1    1    1    1    1    1    1    1  0.00000E+00 0.00000 
    3    3    1    1    1    1    1    1    1    1  0.00000E+00 0.00000 
    4    4    1    1    1    1    1    1    1    1  0.00000E+00 0.00000 
    5    5    1    1    1    1    1    1    1    1  0.00000E+00 0.00000 
    6    6    1    1    1    1    1    1    1    1  0.00000E+00 0.00000 
    7    7    1    1    1    1    1    1    1    1  2.89270E+07 0.68858 
    8    8    1    1    1    1    1    1    1    1  0.00000E+00 0.00000 
    9    9    1    1    1    1    1    1    1    1  0.00000E+00 0.00000 
   10   10    1    1    1    1    1    1    1    1  0.00000E+00 0.00000 
   11   11    1    1    1    1    1    1    1    1  3.38079E+08 0.47393 
   12   12    1    1    1    1    1    1    1    1  0.00000E+00 0.00000 
   13   13    1    1    1    1    1    1    1    1  7.56476E+08 0.57099 
   14   14    1    1    1    1    1    1    1    1  2.89291E+09 0.41271 
   15   15    1    1    1    1    1    1    1    1  4.32923E+09 0.29248 
   16   16    1    1    1    1    1    1    1    1  1.72237E+09 0.39606 
   17   17    1    1    1    1    1    1    1    1  2.39500E+09 0.29854 
   18   18    1    1    1    1    1    1    1    1  5.95338E+09 0.25057 
   19   19    1    1    1    1    1    1    1    1  7.39080E+09 0.21808 
   20   20    1    1    1    1    1    1    1    1  2.75577E+10 0.14029 
   21   21    1    1    1    1    1    1    1    1  1.88384E+10 0.11816 
   22   22    1    1    1    1    1    1    1    1  3.32570E+10 0.08571 
   23   23    1    1    1    1    1    1    1    1  6.02417E+10 0.07422 
   24   24    1    1    1    1    1    1    1    1  9.02989E+10 0.08043 
   25   25    1    1    1    1    1    1    1    1  1.10052E+11 0.05926 
   26   26    1    1    1    1    1    1    1    1  1.77898E+11 0.04120 
   27   27    1    1    1    1    1    1    1    1  2.98098E+11 0.04624 
   28   28    1    1    1    1    1    1    1    1  6.32553E+11 0.02831 
   29   29    1    1    1    1    1    1    1    1  9.84384E+11 0.02296 
   30   30    1    1    1    1    1    1    1    1  2.83992E+12 0.01376 
   31   31    1    1    1    1    1    1    1    1  8.85285E+12 0.00719 
   32   32    1    1    1    1    1    1    1    1  1.67556E+13 0.00582 
   33   33    1    1    1    1    1    1    1    1  3.92759E+13 0.00479 
   34   34    1    1    1    1    1    1    1    1  5.40825E+13 0.00374 
   35   35    1    1    1    1    1    1    1    1  7.49462E+13 0.00323 
   36   36    1    1    1    1    1    1    1    1  5.20420E+13 0.00291 
   37   37    1    1    1    1    1    1    1    1  1.62496E+13 0.00361 
   38   38    1    1    1    1    1    1    1    1  8.99148E+13 0.00297 
   39   39    1    1    1    1    1    1    1    1  1.21040E+14 0.00272 
   40   40    1    1    1    1    1    1    1    1  2.07283E+14 0.00244 
   41   41    1    1    1    1    1    1    1    1  2.13817E+14 0.00182 
   42   42    1    1    1    1    1    1    1    1  4.51996E+14 0.00116 
   43   43    1    1    1    1    1    1    1    1  5.48731E+14 0.00087 
   44   44    1    1    1    1    1    1    1    1  7.96115E+14 0.00100 
   45   45    1    1    1    1    1    1    1    1  1.57241E+15 0.00093 
   46   46    1    1    1    1    1    1    1    1  7.42305E+14 0.00089 
   47   47    1    1    1    1    1    1    1    1  1.20811E+15 0.00101 
   48   48    1    1    1    1    1    1    1    1  1.68800E+15 0.00083 
   49   49    1    1    1    1    1    1    1    1  1.68110E+15 0.00103 
   50   50    1    1    1    1    1    1    1    1  2.59769E+15 0.00072 
   51   51    1    1    1    1    1    1    1    1  2.09908E+15 0.00078 
   52   52    1    1    1    1    1    1    1    1  2.46786E+15 0.00081 
   53   53    1    1    1    1    1    1    1    1  1.72302E+15 0.00087 
   54   54    1    1    1    1    1    1    1    1  2.07941E+15 0.00098 
   55   55    1    1    1    1    1    1    1    1  1.43654E+15 0.00087 
   56   56    1    1    1    1    1    1    1    1  1.96436E+14 0.00104 
   57   57    1    1    1    1    1    1    1    1  2.86375E+15 0.00101 
   58   58    1    1    1    1    1    1    1    1  1.25581E+15 0.00096 
   59   59    1    1    1    1    1    1    1    1  1.34193E+15 0.00100 
   60   60    1    1    1    1    1    1    1    1  1.03204E+15 0.00096 
   61   61    1    1    1    1    1    1    1    1  1.03627E+15 0.00068 
   62   62    1    1    1    1    1    1    1    1  1.07843E+15 0.00112 
   63   63    1    1    1    1    1    1    1    1  9.05460E+14 0.00097 
   64   64    1    1    1    1    1    1    1    1  7.21773E+14 0.00094 
   65   65    1    1    1    1    1    1    1    1  7.14936E+14 0.00119 
   66   66    1    1    1    1    1    1    1    1  5.14248E+14 0.00131 
   67   67    1    1    1    1    1    1    1    1  4.21579E+14 0.00135 
   68   68    1    1    1    1    1    1    1    1  3.79330E+14 0.00153 
   69   69    1    1    1    1    1    1    1    1  4.54501E+14 0.00141 
   70   70    1    1    1    1    1    1    1    1  3.88353E+14 0.00149 
   71   71    1    1    1    1    1    1    1    1  7.11947E+14 0.00134 
   72   72    1    1    1    1    1    1    1    1  5.05276E+14 0.00144 
   73   73    1    1    1    1    1    1    1    1  3.80195E+14 0.00159 
   74   74    1    1    1    1    1    1    1    1  3.03032E+14 0.00162 
   75   75    1    1    1    1    1    1    1    1  2.49287E+14 0.00192 
   76   76    1    1    1    1    1    1    1    1  2.85773E+14 0.00133 
   77   77    1    1    1    1    1    1    1    1  2.23784E+14 0.00167 
   78   78    1    1    1    1    1    1    1    1  1.76272E+14 0.00203 
   79   79    1    1    1    1    1    1    1    1  1.81036E+14 0.00199 
   80   80    1    1    1    1    1    1    1    1  1.34045E+14 0.00244 
   81   81    1    1    1    1    1    1    1    1  1.02440E+14 0.00209 
   82   82    1    1    1    1    1    1    1    1  7.86760E+13 0.00280 
   83   83    1    1    1    1    1    1    1    1  7.36809E+13 0.00333 
   84   84    1    1    1    1    1    1    1    1  5.30874E+13 0.00339 
   85   85    1    1    1    1    1    1    1    1  3.80718E+13 0.00324 
   86   86    1    1    1    1    1    1    1    1  3.56320E+13 0.00379 
   87   87    1    1    1    1    1    1    1    1  2.20908E+13 0.00456 
   88   88    1    1    1    1    1    1    1    1  1.50435E+13 0.00517 
   89   89    1    1    1    1    1    1    1    1  8.52827E+12 0.00759 
   90   90    1    1    1    1    1    1    1    1  5.62409E+12 0.01226 
   91   91    1    1    1    1    1    1    1    1  2.91997E+12 0.01726 
   92   92    1    1    1    1    1    1    1    1  1.41981E+12 0.02277 
   93   93    1    1    1    1    1    1    1    1  6.73970E+11 0.03188 
   94   94    1    1    1    1    1    1    1    1  3.39280E+11 0.04013 
   95   95    1    1    1    1    1    1    1    1  1.48083E+11 0.06335 
   96   96    1    1    1    1    1    1    1    1  7.37650E+10 0.08761 
   97   97    1    1    1    1    1    1    1    1  3.40095E+10 0.10052 
   98   98    1    1    1    1    1    1    1    1  1.31535E+10 0.19460 
   99   99    1    1    1    1    1    1    1    1  8.57006E+09 0.29287 
  100  100    1    1    1    1    1    1    1    1  1.17775E+10 0.24761 
];


