
DETdpaspec = [
    1    1    1    1    1    1    1    1    1    1  0.00000E+00 0.00000 
    2    2    1    1    1    1    1    1    1    1  0.00000E+00 0.00000 
    3    3    1    1    1    1    1    1    1    1  0.00000E+00 0.00000 
    4    4    1    1    1    1    1    1    1    1  0.00000E+00 0.00000 
    5    5    1    1    1    1    1    1    1    1  1.20202E+08 1.00000 
    6    6    1    1    1    1    1    1    1    1  1.22057E+08 1.00000 
    7    7    1    1    1    1    1    1    1    1  6.37206E+07 1.00000 
    8    8    1    1    1    1    1    1    1    1  0.00000E+00 0.00000 
    9    9    1    1    1    1    1    1    1    1  0.00000E+00 0.00000 
   10   10    1    1    1    1    1    1    1    1  0.00000E+00 0.00000 
   11   11    1    1    1    1    1    1    1    1  0.00000E+00 0.00000 
   12   12    1    1    1    1    1    1    1    1  3.53078E+08 0.78178 
   13   13    1    1    1    1    1    1    1    1  1.41797E+09 0.87630 
   14   14    1    1    1    1    1    1    1    1  5.32883E+08 1.00000 
   15   15    1    1    1    1    1    1    1    1  0.00000E+00 0.00000 
   16   16    1    1    1    1    1    1    1    1  0.00000E+00 0.00000 
   17   17    1    1    1    1    1    1    1    1  2.15826E+09 0.44777 
   18   18    1    1    1    1    1    1    1    1  1.37421E+09 0.76544 
   19   19    1    1    1    1    1    1    1    1  3.20790E+08 0.56256 
   20   20    1    1    1    1    1    1    1    1  1.01729E+10 0.26851 
   21   21    1    1    1    1    1    1    1    1  4.71720E+10 0.09418 
   22   22    1    1    1    1    1    1    1    1  1.99954E+11 0.06075 
   23   23    1    1    1    1    1    1    1    1  7.77787E+11 0.03674 
   24   24    1    1    1    1    1    1    1    1  2.00907E+12 0.01949 
   25   25    1    1    1    1    1    1    1    1  2.88233E+12 0.01733 
   26   26    1    1    1    1    1    1    1    1  5.43321E+12 0.01220 
   27   27    1    1    1    1    1    1    1    1  9.45727E+12 0.00668 
   28   28    1    1    1    1    1    1    1    1  1.55305E+13 0.00514 
   29   29    1    1    1    1    1    1    1    1  2.21247E+13 0.00443 
   30   30    1    1    1    1    1    1    1    1  3.92212E+13 0.00360 
   31   31    1    1    1    1    1    1    1    1  7.09574E+13 0.00306 
   32   32    1    1    1    1    1    1    1    1  9.75604E+13 0.00266 
   33   33    1    1    1    1    1    1    1    1  1.81092E+14 0.00254 
   34   34    1    1    1    1    1    1    1    1  2.10820E+14 0.00209 
   35   35    1    1    1    1    1    1    1    1  2.04904E+14 0.00118 
   36   36    1    1    1    1    1    1    1    1  1.18029E+14 0.00165 
   37   37    1    1    1    1    1    1    1    1  3.39872E+13 0.00168 
   38   38    1    1    1    1    1    1    1    1  1.95213E+14 0.00185 
   39   39    1    1    1    1    1    1    1    1  2.54884E+14 0.00137 
   40   40    1    1    1    1    1    1    1    1  4.25479E+14 0.00140 
   41   41    1    1    1    1    1    1    1    1  4.01479E+14 0.00146 
   42   42    1    1    1    1    1    1    1    1  8.54946E+14 0.00140 
   43   43    1    1    1    1    1    1    1    1  1.00130E+15 0.00126 
   44   44    1    1    1    1    1    1    1    1  1.39428E+15 0.00120 
   45   45    1    1    1    1    1    1    1    1  2.64363E+15 0.00111 
   46   46    1    1    1    1    1    1    1    1  1.14678E+15 0.00089 
   47   47    1    1    1    1    1    1    1    1  1.79523E+15 0.00107 
   48   48    1    1    1    1    1    1    1    1  2.41339E+15 0.00086 
   49   49    1    1    1    1    1    1    1    1  2.31128E+15 0.00093 
   50   50    1    1    1    1    1    1    1    1  3.53651E+15 0.00105 
   51   51    1    1    1    1    1    1    1    1  2.66416E+15 0.00102 
   52   52    1    1    1    1    1    1    1    1  3.16632E+15 0.00110 
   53   53    1    1    1    1    1    1    1    1  2.12581E+15 0.00123 
   54   54    1    1    1    1    1    1    1    1  2.61130E+15 0.00136 
   55   55    1    1    1    1    1    1    1    1  1.75867E+15 0.00130 
   56   56    1    1    1    1    1    1    1    1  2.35663E+14 0.00159 
   57   57    1    1    1    1    1    1    1    1  3.42463E+15 0.00121 
   58   58    1    1    1    1    1    1    1    1  1.54514E+15 0.00140 
   59   59    1    1    1    1    1    1    1    1  1.60678E+15 0.00132 
   60   60    1    1    1    1    1    1    1    1  1.25969E+15 0.00154 
   61   61    1    1    1    1    1    1    1    1  1.24741E+15 0.00134 
   62   62    1    1    1    1    1    1    1    1  1.29068E+15 0.00149 
   63   63    1    1    1    1    1    1    1    1  1.07634E+15 0.00146 
   64   64    1    1    1    1    1    1    1    1  8.47418E+14 0.00155 
   65   65    1    1    1    1    1    1    1    1  8.33136E+14 0.00139 
   66   66    1    1    1    1    1    1    1    1  5.92127E+14 0.00168 
   67   67    1    1    1    1    1    1    1    1  4.76385E+14 0.00161 
   68   68    1    1    1    1    1    1    1    1  4.23629E+14 0.00162 
   69   69    1    1    1    1    1    1    1    1  5.02560E+14 0.00207 
   70   70    1    1    1    1    1    1    1    1  4.21483E+14 0.00193 
   71   71    1    1    1    1    1    1    1    1  7.40160E+14 0.00175 
   72   72    1    1    1    1    1    1    1    1  5.12276E+14 0.00181 
   73   73    1    1    1    1    1    1    1    1  3.83336E+14 0.00216 
   74   74    1    1    1    1    1    1    1    1  3.09073E+14 0.00179 
   75   75    1    1    1    1    1    1    1    1  2.58795E+14 0.00201 
   76   76    1    1    1    1    1    1    1    1  3.02123E+14 0.00148 
   77   77    1    1    1    1    1    1    1    1  2.41282E+14 0.00211 
   78   78    1    1    1    1    1    1    1    1  1.92862E+14 0.00240 
   79   79    1    1    1    1    1    1    1    1  1.99108E+14 0.00213 
   80   80    1    1    1    1    1    1    1    1  1.47011E+14 0.00246 
   81   81    1    1    1    1    1    1    1    1  1.12478E+14 0.00233 
   82   82    1    1    1    1    1    1    1    1  8.58155E+13 0.00295 
   83   83    1    1    1    1    1    1    1    1  7.94054E+13 0.00344 
   84   84    1    1    1    1    1    1    1    1  5.66043E+13 0.00389 
   85   85    1    1    1    1    1    1    1    1  4.02126E+13 0.00354 
   86   86    1    1    1    1    1    1    1    1  3.74965E+13 0.00286 
   87   87    1    1    1    1    1    1    1    1  2.26193E+13 0.00615 
   88   88    1    1    1    1    1    1    1    1  1.47764E+13 0.00749 
   89   89    1    1    1    1    1    1    1    1  8.36912E+12 0.00933 
   90   90    1    1    1    1    1    1    1    1  5.38082E+12 0.01002 
   91   91    1    1    1    1    1    1    1    1  2.64884E+12 0.00858 
   92   92    1    1    1    1    1    1    1    1  1.25294E+12 0.01779 
   93   93    1    1    1    1    1    1    1    1  5.73087E+11 0.02369 
   94   94    1    1    1    1    1    1    1    1  2.64191E+11 0.03128 
   95   95    1    1    1    1    1    1    1    1  1.39364E+11 0.05373 
   96   96    1    1    1    1    1    1    1    1  6.25741E+10 0.08159 
   97   97    1    1    1    1    1    1    1    1  3.03805E+10 0.18132 
   98   98    1    1    1    1    1    1    1    1  9.83967E+09 0.18562 
   99   99    1    1    1    1    1    1    1    1  3.86115E+09 0.32627 
  100  100    1    1    1    1    1    1    1    1  6.45394E+09 0.33384 
];


