
DETdpaspec = [
    1    1    1    1    1    1    1    1    1    1  0.00000E+00 0.00000 
    2    2    1    1    1    1    1    1    1    1  0.00000E+00 0.00000 
    3    3    1    1    1    1    1    1    1    1  0.00000E+00 0.00000 
    4    4    1    1    1    1    1    1    1    1  0.00000E+00 0.00000 
    5    5    1    1    1    1    1    1    1    1  0.00000E+00 0.00000 
    6    6    1    1    1    1    1    1    1    1  8.01201E+06 1.00000 
    7    7    1    1    1    1    1    1    1    1  0.00000E+00 0.00000 
    8    8    1    1    1    1    1    1    1    1  1.24516E+07 1.00000 
    9    9    1    1    1    1    1    1    1    1  6.15811E+06 1.00000 
   10   10    1    1    1    1    1    1    1    1  0.00000E+00 0.00000 
   11   11    1    1    1    1    1    1    1    1  3.77681E+07 1.00000 
   12   12    1    1    1    1    1    1    1    1  0.00000E+00 0.00000 
   13   13    1    1    1    1    1    1    1    1  1.79996E+09 0.42618 
   14   14    1    1    1    1    1    1    1    1  3.12629E+09 0.32560 
   15   15    1    1    1    1    1    1    1    1  4.84426E+09 0.26181 
   16   16    1    1    1    1    1    1    1    1  1.24754E+09 0.41025 
   17   17    1    1    1    1    1    1    1    1  2.03568E+09 0.35019 
   18   18    1    1    1    1    1    1    1    1  4.63171E+09 0.25229 
   19   19    1    1    1    1    1    1    1    1  5.73289E+09 0.24292 
   20   20    1    1    1    1    1    1    1    1  2.68706E+10 0.14748 
   21   21    1    1    1    1    1    1    1    1  1.63172E+10 0.12300 
   22   22    1    1    1    1    1    1    1    1  4.35637E+10 0.10013 
   23   23    1    1    1    1    1    1    1    1  6.31165E+10 0.06905 
   24   24    1    1    1    1    1    1    1    1  8.91495E+10 0.05726 
   25   25    1    1    1    1    1    1    1    1  1.14902E+11 0.05943 
   26   26    1    1    1    1    1    1    1    1  1.85600E+11 0.05875 
   27   27    1    1    1    1    1    1    1    1  3.52398E+11 0.03201 
   28   28    1    1    1    1    1    1    1    1  6.26700E+11 0.02503 
   29   29    1    1    1    1    1    1    1    1  9.40683E+11 0.02078 
   30   30    1    1    1    1    1    1    1    1  2.80815E+12 0.01411 
   31   31    1    1    1    1    1    1    1    1  8.80796E+12 0.00704 
   32   32    1    1    1    1    1    1    1    1  1.69186E+13 0.00499 
   33   33    1    1    1    1    1    1    1    1  3.94545E+13 0.00469 
   34   34    1    1    1    1    1    1    1    1  5.44784E+13 0.00297 
   35   35    1    1    1    1    1    1    1    1  7.54039E+13 0.00258 
   36   36    1    1    1    1    1    1    1    1  5.23735E+13 0.00237 
   37   37    1    1    1    1    1    1    1    1  1.63454E+13 0.00227 
   38   38    1    1    1    1    1    1    1    1  9.05075E+13 0.00201 
   39   39    1    1    1    1    1    1    1    1  1.22519E+14 0.00180 
   40   40    1    1    1    1    1    1    1    1  2.08703E+14 0.00108 
   41   41    1    1    1    1    1    1    1    1  2.15813E+14 0.00138 
   42   42    1    1    1    1    1    1    1    1  4.56101E+14 0.00124 
   43   43    1    1    1    1    1    1    1    1  5.53727E+14 0.00145 
   44   44    1    1    1    1    1    1    1    1  8.04155E+14 0.00135 
   45   45    1    1    1    1    1    1    1    1  1.59189E+15 0.00116 
   46   46    1    1    1    1    1    1    1    1  7.51951E+14 0.00097 
   47   47    1    1    1    1    1    1    1    1  1.22133E+15 0.00083 
   48   48    1    1    1    1    1    1    1    1  1.71014E+15 0.00107 
   49   49    1    1    1    1    1    1    1    1  1.70306E+15 0.00082 
   50   50    1    1    1    1    1    1    1    1  2.64084E+15 0.00067 
   51   51    1    1    1    1    1    1    1    1  2.13181E+15 0.00052 
   52   52    1    1    1    1    1    1    1    1  2.50762E+15 0.00076 
   53   53    1    1    1    1    1    1    1    1  1.74813E+15 0.00083 
   54   54    1    1    1    1    1    1    1    1  2.11501E+15 0.00078 
   55   55    1    1    1    1    1    1    1    1  1.45987E+15 0.00067 
   56   56    1    1    1    1    1    1    1    1  1.99666E+14 0.00140 
   57   57    1    1    1    1    1    1    1    1  2.90802E+15 0.00061 
   58   58    1    1    1    1    1    1    1    1  1.27645E+15 0.00075 
   59   59    1    1    1    1    1    1    1    1  1.36613E+15 0.00064 
   60   60    1    1    1    1    1    1    1    1  1.05040E+15 0.00083 
   61   61    1    1    1    1    1    1    1    1  1.05642E+15 0.00105 
   62   62    1    1    1    1    1    1    1    1  1.09880E+15 0.00093 
   63   63    1    1    1    1    1    1    1    1  9.21545E+14 0.00110 
   64   64    1    1    1    1    1    1    1    1  7.34250E+14 0.00109 
   65   65    1    1    1    1    1    1    1    1  7.28717E+14 0.00101 
   66   66    1    1    1    1    1    1    1    1  5.25293E+14 0.00126 
   67   67    1    1    1    1    1    1    1    1  4.29219E+14 0.00118 
   68   68    1    1    1    1    1    1    1    1  3.86845E+14 0.00116 
   69   69    1    1    1    1    1    1    1    1  4.63326E+14 0.00150 
   70   70    1    1    1    1    1    1    1    1  3.94681E+14 0.00099 
   71   71    1    1    1    1    1    1    1    1  7.25942E+14 0.00118 
   72   72    1    1    1    1    1    1    1    1  5.14618E+14 0.00121 
   73   73    1    1    1    1    1    1    1    1  3.87585E+14 0.00144 
   74   74    1    1    1    1    1    1    1    1  3.08875E+14 0.00177 
   75   75    1    1    1    1    1    1    1    1  2.53182E+14 0.00160 
   76   76    1    1    1    1    1    1    1    1  2.91017E+14 0.00147 
   77   77    1    1    1    1    1    1    1    1  2.28095E+14 0.00176 
   78   78    1    1    1    1    1    1    1    1  1.80498E+14 0.00143 
   79   79    1    1    1    1    1    1    1    1  1.85101E+14 0.00164 
   80   80    1    1    1    1    1    1    1    1  1.36574E+14 0.00232 
   81   81    1    1    1    1    1    1    1    1  1.05041E+14 0.00194 
   82   82    1    1    1    1    1    1    1    1  8.09326E+13 0.00229 
   83   83    1    1    1    1    1    1    1    1  7.59092E+13 0.00296 
   84   84    1    1    1    1    1    1    1    1  5.41086E+13 0.00381 
   85   85    1    1    1    1    1    1    1    1  3.91046E+13 0.00394 
   86   86    1    1    1    1    1    1    1    1  3.65712E+13 0.00423 
   87   87    1    1    1    1    1    1    1    1  2.24570E+13 0.00316 
   88   88    1    1    1    1    1    1    1    1  1.52685E+13 0.00872 
   89   89    1    1    1    1    1    1    1    1  8.72169E+12 0.00688 
   90   90    1    1    1    1    1    1    1    1  5.80133E+12 0.00787 
   91   91    1    1    1    1    1    1    1    1  3.02083E+12 0.01510 
   92   92    1    1    1    1    1    1    1    1  1.43236E+12 0.02045 
   93   93    1    1    1    1    1    1    1    1  6.61374E+11 0.02650 
   94   94    1    1    1    1    1    1    1    1  3.28394E+11 0.05398 
   95   95    1    1    1    1    1    1    1    1  1.60582E+11 0.04529 
   96   96    1    1    1    1    1    1    1    1  6.60518E+10 0.08879 
   97   97    1    1    1    1    1    1    1    1  3.73433E+10 0.10512 
   98   98    1    1    1    1    1    1    1    1  1.82418E+10 0.22347 
   99   99    1    1    1    1    1    1    1    1  1.24343E+10 0.19611 
  100  100    1    1    1    1    1    1    1    1  4.97833E+09 0.39140 
];


