
DETdpaspec = [
    1    1    1    1    1    1    1    1    1    1  0.00000E+00 0.00000 
    2    2    1    1    1    1    1    1    1    1  0.00000E+00 0.00000 
    3    3    1    1    1    1    1    1    1    1  0.00000E+00 0.00000 
    4    4    1    1    1    1    1    1    1    1  0.00000E+00 0.00000 
    5    5    1    1    1    1    1    1    1    1  0.00000E+00 0.00000 
    6    6    1    1    1    1    1    1    1    1  0.00000E+00 0.00000 
    7    7    1    1    1    1    1    1    1    1  0.00000E+00 0.00000 
    8    8    1    1    1    1    1    1    1    1  0.00000E+00 0.00000 
    9    9    1    1    1    1    1    1    1    1  0.00000E+00 0.00000 
   10   10    1    1    1    1    1    1    1    1  0.00000E+00 0.00000 
   11   11    1    1    1    1    1    1    1    1  2.95875E+08 0.83330 
   12   12    1    1    1    1    1    1    1    1  2.66478E+07 1.00000 
   13   13    1    1    1    1    1    1    1    1  1.71298E+09 0.70983 
   14   14    1    1    1    1    1    1    1    1  3.05216E+09 0.41045 
   15   15    1    1    1    1    1    1    1    1  2.36700E+09 0.41720 
   16   16    1    1    1    1    1    1    1    1  4.01241E+08 0.79584 
   17   17    1    1    1    1    1    1    1    1  4.48082E+09 0.32906 
   18   18    1    1    1    1    1    1    1    1  5.10070E+09 0.23282 
   19   19    1    1    1    1    1    1    1    1  6.42525E+09 0.24968 
   20   20    1    1    1    1    1    1    1    1  1.57001E+10 0.20085 
   21   21    1    1    1    1    1    1    1    1  1.04517E+10 0.17197 
   22   22    1    1    1    1    1    1    1    1  2.44149E+10 0.11751 
   23   23    1    1    1    1    1    1    1    1  4.33691E+10 0.10480 
   24   24    1    1    1    1    1    1    1    1  8.81508E+10 0.07351 
   25   25    1    1    1    1    1    1    1    1  1.15533E+11 0.06897 
   26   26    1    1    1    1    1    1    1    1  2.12686E+11 0.05012 
   27   27    1    1    1    1    1    1    1    1  4.45342E+11 0.03830 
   28   28    1    1    1    1    1    1    1    1  1.06598E+12 0.02786 
   29   29    1    1    1    1    1    1    1    1  2.06450E+12 0.01696 
   30   30    1    1    1    1    1    1    1    1  5.40011E+12 0.01043 
   31   31    1    1    1    1    1    1    1    1  1.56914E+13 0.00697 
   32   32    1    1    1    1    1    1    1    1  2.80893E+13 0.00389 
   33   33    1    1    1    1    1    1    1    1  6.61761E+13 0.00359 
   34   34    1    1    1    1    1    1    1    1  9.22975E+13 0.00225 
   35   35    1    1    1    1    1    1    1    1  1.10901E+14 0.00258 
   36   36    1    1    1    1    1    1    1    1  7.21421E+13 0.00250 
   37   37    1    1    1    1    1    1    1    1  2.16070E+13 0.00254 
   38   38    1    1    1    1    1    1    1    1  1.23421E+14 0.00230 
   39   39    1    1    1    1    1    1    1    1  1.66839E+14 0.00171 
   40   40    1    1    1    1    1    1    1    1  2.87828E+14 0.00134 
   41   41    1    1    1    1    1    1    1    1  2.86709E+14 0.00122 
   42   42    1    1    1    1    1    1    1    1  6.21727E+14 0.00123 
   43   43    1    1    1    1    1    1    1    1  7.56880E+14 0.00115 
   44   44    1    1    1    1    1    1    1    1  1.10036E+15 0.00109 
   45   45    1    1    1    1    1    1    1    1  2.21004E+15 0.00092 
   46   46    1    1    1    1    1    1    1    1  1.02088E+15 0.00081 
   47   47    1    1    1    1    1    1    1    1  1.64058E+15 0.00080 
   48   48    1    1    1    1    1    1    1    1  2.29012E+15 0.00070 
   49   49    1    1    1    1    1    1    1    1  2.26609E+15 0.00061 
   50   50    1    1    1    1    1    1    1    1  3.56585E+15 0.00064 
   51   51    1    1    1    1    1    1    1    1  2.81720E+15 0.00050 
   52   52    1    1    1    1    1    1    1    1  3.39718E+15 0.00057 
   53   53    1    1    1    1    1    1    1    1  2.35124E+15 0.00061 
   54   54    1    1    1    1    1    1    1    1  2.91240E+15 0.00059 
   55   55    1    1    1    1    1    1    1    1  2.00084E+15 0.00070 
   56   56    1    1    1    1    1    1    1    1  2.71551E+14 0.00105 
   57   57    1    1    1    1    1    1    1    1  3.97703E+15 0.00067 
   58   58    1    1    1    1    1    1    1    1  1.80044E+15 0.00083 
   59   59    1    1    1    1    1    1    1    1  1.90862E+15 0.00060 
   60   60    1    1    1    1    1    1    1    1  1.50170E+15 0.00060 
   61   61    1    1    1    1    1    1    1    1  1.50344E+15 0.00071 
   62   62    1    1    1    1    1    1    1    1  1.57038E+15 0.00076 
   63   63    1    1    1    1    1    1    1    1  1.32606E+15 0.00101 
   64   64    1    1    1    1    1    1    1    1  1.05488E+15 0.00100 
   65   65    1    1    1    1    1    1    1    1  1.04925E+15 0.00100 
   66   66    1    1    1    1    1    1    1    1  7.55114E+14 0.00089 
   67   67    1    1    1    1    1    1    1    1  6.13579E+14 0.00103 
   68   68    1    1    1    1    1    1    1    1  5.49424E+14 0.00129 
   69   69    1    1    1    1    1    1    1    1  6.59393E+14 0.00084 
   70   70    1    1    1    1    1    1    1    1  5.60715E+14 0.00083 
   71   71    1    1    1    1    1    1    1    1  1.01091E+15 0.00106 
   72   72    1    1    1    1    1    1    1    1  7.14364E+14 0.00110 
   73   73    1    1    1    1    1    1    1    1  5.38491E+14 0.00130 
   74   74    1    1    1    1    1    1    1    1  4.36005E+14 0.00147 
   75   75    1    1    1    1    1    1    1    1  3.64719E+14 0.00118 
   76   76    1    1    1    1    1    1    1    1  4.24677E+14 0.00103 
   77   77    1    1    1    1    1    1    1    1  3.38527E+14 0.00144 
   78   78    1    1    1    1    1    1    1    1  2.70881E+14 0.00157 
   79   79    1    1    1    1    1    1    1    1  2.81119E+14 0.00124 
   80   80    1    1    1    1    1    1    1    1  2.09595E+14 0.00165 
   81   81    1    1    1    1    1    1    1    1  1.61743E+14 0.00184 
   82   82    1    1    1    1    1    1    1    1  1.24122E+14 0.00145 
   83   83    1    1    1    1    1    1    1    1  1.16243E+14 0.00192 
   84   84    1    1    1    1    1    1    1    1  8.34443E+13 0.00268 
   85   85    1    1    1    1    1    1    1    1  6.03777E+13 0.00336 
   86   86    1    1    1    1    1    1    1    1  5.63288E+13 0.00253 
   87   87    1    1    1    1    1    1    1    1  3.45767E+13 0.00422 
   88   88    1    1    1    1    1    1    1    1  2.34354E+13 0.00427 
   89   89    1    1    1    1    1    1    1    1  1.34032E+13 0.00783 
   90   90    1    1    1    1    1    1    1    1  8.73739E+12 0.00684 
   91   91    1    1    1    1    1    1    1    1  4.49312E+12 0.01005 
   92   92    1    1    1    1    1    1    1    1  2.11659E+12 0.01335 
   93   93    1    1    1    1    1    1    1    1  1.06337E+12 0.02327 
   94   94    1    1    1    1    1    1    1    1  5.07790E+11 0.03500 
   95   95    1    1    1    1    1    1    1    1  2.34077E+11 0.04587 
   96   96    1    1    1    1    1    1    1    1  1.20913E+11 0.07099 
   97   97    1    1    1    1    1    1    1    1  5.20567E+10 0.10149 
   98   98    1    1    1    1    1    1    1    1  2.06748E+10 0.13314 
   99   99    1    1    1    1    1    1    1    1  1.18191E+10 0.19180 
  100  100    1    1    1    1    1    1    1    1  1.27116E+10 0.20055 
];


