
DETdpaspec = [
    1    1    1    1    1    1    1    1    1    1  0.00000E+00 0.00000 
    2    2    1    1    1    1    1    1    1    1  0.00000E+00 0.00000 
    3    3    1    1    1    1    1    1    1    1  0.00000E+00 0.00000 
    4    4    1    1    1    1    1    1    1    1  0.00000E+00 0.00000 
    5    5    1    1    1    1    1    1    1    1  0.00000E+00 0.00000 
    6    6    1    1    1    1    1    1    1    1  0.00000E+00 0.00000 
    7    7    1    1    1    1    1    1    1    1  8.15425E+06 1.00000 
    8    8    1    1    1    1    1    1    1    1  0.00000E+00 0.00000 
    9    9    1    1    1    1    1    1    1    1  2.10201E+07 1.00000 
   10   10    1    1    1    1    1    1    1    1  3.93479E+07 1.00000 
   11   11    1    1    1    1    1    1    1    1  0.00000E+00 0.00000 
   12   12    1    1    1    1    1    1    1    1  5.84580E+06 1.00000 
   13   13    1    1    1    1    1    1    1    1  1.49704E+09 0.46789 
   14   14    1    1    1    1    1    1    1    1  7.76982E+08 0.47866 
   15   15    1    1    1    1    1    1    1    1  3.53225E+09 0.29365 
   16   16    1    1    1    1    1    1    1    1  9.20102E+08 0.35474 
   17   17    1    1    1    1    1    1    1    1  2.24500E+09 0.27491 
   18   18    1    1    1    1    1    1    1    1  5.82894E+09 0.26093 
   19   19    1    1    1    1    1    1    1    1  7.05714E+09 0.23013 
   20   20    1    1    1    1    1    1    1    1  2.65153E+10 0.11909 
   21   21    1    1    1    1    1    1    1    1  1.46404E+10 0.07677 
   22   22    1    1    1    1    1    1    1    1  4.84713E+10 0.09360 
   23   23    1    1    1    1    1    1    1    1  6.44475E+10 0.09346 
   24   24    1    1    1    1    1    1    1    1  1.10642E+11 0.03797 
   25   25    1    1    1    1    1    1    1    1  1.24197E+11 0.05031 
   26   26    1    1    1    1    1    1    1    1  1.95321E+11 0.04991 
   27   27    1    1    1    1    1    1    1    1  3.71914E+11 0.03525 
   28   28    1    1    1    1    1    1    1    1  6.17302E+11 0.02727 
   29   29    1    1    1    1    1    1    1    1  8.70773E+11 0.02327 
   30   30    1    1    1    1    1    1    1    1  2.77534E+12 0.01255 
   31   31    1    1    1    1    1    1    1    1  8.34132E+12 0.00832 
   32   32    1    1    1    1    1    1    1    1  1.55430E+13 0.00551 
   33   33    1    1    1    1    1    1    1    1  3.38618E+13 0.00430 
   34   34    1    1    1    1    1    1    1    1  4.46345E+13 0.00336 
   35   35    1    1    1    1    1    1    1    1  6.49975E+13 0.00285 
   36   36    1    1    1    1    1    1    1    1  4.55244E+13 0.00196 
   37   37    1    1    1    1    1    1    1    1  1.45367E+13 0.00173 
   38   38    1    1    1    1    1    1    1    1  7.79818E+13 0.00215 
   39   39    1    1    1    1    1    1    1    1  1.04161E+14 0.00261 
   40   40    1    1    1    1    1    1    1    1  1.73014E+14 0.00179 
   41   41    1    1    1    1    1    1    1    1  1.81032E+14 0.00171 
   42   42    1    1    1    1    1    1    1    1  3.70073E+14 0.00141 
   43   43    1    1    1    1    1    1    1    1  4.43216E+14 0.00140 
   44   44    1    1    1    1    1    1    1    1  6.32699E+14 0.00185 
   45   45    1    1    1    1    1    1    1    1  1.20748E+15 0.00159 
   46   46    1    1    1    1    1    1    1    1  5.70278E+14 0.00161 
   47   47    1    1    1    1    1    1    1    1  9.28291E+14 0.00132 
   48   48    1    1    1    1    1    1    1    1  1.28529E+15 0.00137 
   49   49    1    1    1    1    1    1    1    1  1.27799E+15 0.00146 
   50   50    1    1    1    1    1    1    1    1  1.93672E+15 0.00130 
   51   51    1    1    1    1    1    1    1    1  1.57621E+15 0.00108 
   52   52    1    1    1    1    1    1    1    1  1.80732E+15 0.00124 
   53   53    1    1    1    1    1    1    1    1  1.26289E+15 0.00129 
   54   54    1    1    1    1    1    1    1    1  1.49443E+15 0.00131 
   55   55    1    1    1    1    1    1    1    1  1.03504E+15 0.00133 
   56   56    1    1    1    1    1    1    1    1  1.42044E+14 0.00217 
   57   57    1    1    1    1    1    1    1    1  2.05746E+15 0.00144 
   58   58    1    1    1    1    1    1    1    1  8.79195E+14 0.00131 
   59   59    1    1    1    1    1    1    1    1  9.41225E+14 0.00118 
   60   60    1    1    1    1    1    1    1    1  7.10907E+14 0.00124 
   61   61    1    1    1    1    1    1    1    1  7.16327E+14 0.00137 
   62   62    1    1    1    1    1    1    1    1  7.40579E+14 0.00102 
   63   63    1    1    1    1    1    1    1    1  6.17853E+14 0.00142 
   64   64    1    1    1    1    1    1    1    1  4.90933E+14 0.00168 
   65   65    1    1    1    1    1    1    1    1  4.85346E+14 0.00172 
   66   66    1    1    1    1    1    1    1    1  3.48251E+14 0.00151 
   67   67    1    1    1    1    1    1    1    1  2.86898E+14 0.00181 
   68   68    1    1    1    1    1    1    1    1  2.58340E+14 0.00191 
   69   69    1    1    1    1    1    1    1    1  3.10233E+14 0.00225 
   70   70    1    1    1    1    1    1    1    1  2.64843E+14 0.00255 
   71   71    1    1    1    1    1    1    1    1  4.93099E+14 0.00229 
   72   72    1    1    1    1    1    1    1    1  3.48685E+14 0.00203 
   73   73    1    1    1    1    1    1    1    1  2.60995E+14 0.00206 
   74   74    1    1    1    1    1    1    1    1  2.05025E+14 0.00198 
   75   75    1    1    1    1    1    1    1    1  1.66469E+14 0.00234 
   76   76    1    1    1    1    1    1    1    1  1.88918E+14 0.00198 
   77   77    1    1    1    1    1    1    1    1  1.45354E+14 0.00255 
   78   78    1    1    1    1    1    1    1    1  1.13950E+14 0.00278 
   79   79    1    1    1    1    1    1    1    1  1.15140E+14 0.00275 
   80   80    1    1    1    1    1    1    1    1  8.48287E+13 0.00279 
   81   81    1    1    1    1    1    1    1    1  6.49745E+13 0.00376 
   82   82    1    1    1    1    1    1    1    1  4.94565E+13 0.00377 
   83   83    1    1    1    1    1    1    1    1  4.63822E+13 0.00318 
   84   84    1    1    1    1    1    1    1    1  3.32856E+13 0.00522 
   85   85    1    1    1    1    1    1    1    1  2.37170E+13 0.00411 
   86   86    1    1    1    1    1    1    1    1  2.23346E+13 0.00498 
   87   87    1    1    1    1    1    1    1    1  1.38223E+13 0.00872 
   88   88    1    1    1    1    1    1    1    1  9.47914E+12 0.00853 
   89   89    1    1    1    1    1    1    1    1  5.38720E+12 0.00649 
   90   90    1    1    1    1    1    1    1    1  3.60640E+12 0.01340 
   91   91    1    1    1    1    1    1    1    1  1.81997E+12 0.01257 
   92   92    1    1    1    1    1    1    1    1  9.32107E+11 0.01857 
   93   93    1    1    1    1    1    1    1    1  4.63975E+11 0.03041 
   94   94    1    1    1    1    1    1    1    1  2.18169E+11 0.04955 
   95   95    1    1    1    1    1    1    1    1  1.07569E+11 0.08910 
   96   96    1    1    1    1    1    1    1    1  4.59337E+10 0.08016 
   97   97    1    1    1    1    1    1    1    1  2.37480E+10 0.13533 
   98   98    1    1    1    1    1    1    1    1  1.54417E+10 0.22768 
   99   99    1    1    1    1    1    1    1    1  4.56257E+09 0.33108 
  100  100    1    1    1    1    1    1    1    1  5.90212E+09 0.29606 
];


