
DETdpaspec = [
    1    1    1    1    1    1    1    1    1    1  0.00000E+00 0.00000 
    2    2    1    1    1    1    1    1    1    1  0.00000E+00 0.00000 
    3    3    1    1    1    1    1    1    1    1  0.00000E+00 0.00000 
    4    4    1    1    1    1    1    1    1    1  0.00000E+00 0.00000 
    5    5    1    1    1    1    1    1    1    1  0.00000E+00 0.00000 
    6    6    1    1    1    1    1    1    1    1  0.00000E+00 0.00000 
    7    7    1    1    1    1    1    1    1    1  0.00000E+00 0.00000 
    8    8    1    1    1    1    1    1    1    1  9.09512E+06 1.00000 
    9    9    1    1    1    1    1    1    1    1  0.00000E+00 0.00000 
   10   10    1    1    1    1    1    1    1    1  4.28534E+07 1.00000 
   11   11    1    1    1    1    1    1    1    1  3.11148E+08 0.64048 
   12   12    1    1    1    1    1    1    1    1  2.47336E+07 0.79347 
   13   13    1    1    1    1    1    1    1    1  2.39661E+08 0.72447 
   14   14    1    1    1    1    1    1    1    1  2.54968E+09 0.43684 
   15   15    1    1    1    1    1    1    1    1  2.09732E+09 0.36459 
   16   16    1    1    1    1    1    1    1    1  1.06463E+09 0.34140 
   17   17    1    1    1    1    1    1    1    1  2.34364E+09 0.30202 
   18   18    1    1    1    1    1    1    1    1  7.07068E+09 0.24201 
   19   19    1    1    1    1    1    1    1    1  6.56989E+09 0.22893 
   20   20    1    1    1    1    1    1    1    1  1.99008E+10 0.16986 
   21   21    1    1    1    1    1    1    1    1  1.74922E+10 0.15593 
   22   22    1    1    1    1    1    1    1    1  3.85399E+10 0.09598 
   23   23    1    1    1    1    1    1    1    1  6.00483E+10 0.06802 
   24   24    1    1    1    1    1    1    1    1  9.12657E+10 0.05007 
   25   25    1    1    1    1    1    1    1    1  1.11813E+11 0.05270 
   26   26    1    1    1    1    1    1    1    1  1.87296E+11 0.04971 
   27   27    1    1    1    1    1    1    1    1  3.06355E+11 0.04310 
   28   28    1    1    1    1    1    1    1    1  6.02215E+11 0.03014 
   29   29    1    1    1    1    1    1    1    1  9.31658E+11 0.02085 
   30   30    1    1    1    1    1    1    1    1  2.82483E+12 0.01498 
   31   31    1    1    1    1    1    1    1    1  8.82123E+12 0.00824 
   32   32    1    1    1    1    1    1    1    1  1.68168E+13 0.00672 
   33   33    1    1    1    1    1    1    1    1  3.95906E+13 0.00363 
   34   34    1    1    1    1    1    1    1    1  5.46989E+13 0.00368 
   35   35    1    1    1    1    1    1    1    1  7.58218E+13 0.00305 
   36   36    1    1    1    1    1    1    1    1  5.24972E+13 0.00269 
   37   37    1    1    1    1    1    1    1    1  1.63117E+13 0.00286 
   38   38    1    1    1    1    1    1    1    1  9.04723E+13 0.00305 
   39   39    1    1    1    1    1    1    1    1  1.21774E+14 0.00230 
   40   40    1    1    1    1    1    1    1    1  2.08612E+14 0.00186 
   41   41    1    1    1    1    1    1    1    1  2.15065E+14 0.00148 
   42   42    1    1    1    1    1    1    1    1  4.55784E+14 0.00145 
   43   43    1    1    1    1    1    1    1    1  5.55090E+14 0.00147 
   44   44    1    1    1    1    1    1    1    1  8.06138E+14 0.00111 
   45   45    1    1    1    1    1    1    1    1  1.59509E+15 0.00121 
   46   46    1    1    1    1    1    1    1    1  7.52731E+14 0.00088 
   47   47    1    1    1    1    1    1    1    1  1.22364E+15 0.00102 
   48   48    1    1    1    1    1    1    1    1  1.70995E+15 0.00113 
   49   49    1    1    1    1    1    1    1    1  1.70498E+15 0.00091 
   50   50    1    1    1    1    1    1    1    1  2.64213E+15 0.00093 
   51   51    1    1    1    1    1    1    1    1  2.13205E+15 0.00102 
   52   52    1    1    1    1    1    1    1    1  2.50932E+15 0.00086 
   53   53    1    1    1    1    1    1    1    1  1.75080E+15 0.00109 
   54   54    1    1    1    1    1    1    1    1  2.11919E+15 0.00109 
   55   55    1    1    1    1    1    1    1    1  1.46508E+15 0.00131 
   56   56    1    1    1    1    1    1    1    1  1.99923E+14 0.00125 
   57   57    1    1    1    1    1    1    1    1  2.91815E+15 0.00106 
   58   58    1    1    1    1    1    1    1    1  1.28062E+15 0.00133 
   59   59    1    1    1    1    1    1    1    1  1.36882E+15 0.00117 
   60   60    1    1    1    1    1    1    1    1  1.05413E+15 0.00140 
   61   61    1    1    1    1    1    1    1    1  1.05987E+15 0.00117 
   62   62    1    1    1    1    1    1    1    1  1.10197E+15 0.00105 
   63   63    1    1    1    1    1    1    1    1  9.24473E+14 0.00129 
   64   64    1    1    1    1    1    1    1    1  7.37135E+14 0.00106 
   65   65    1    1    1    1    1    1    1    1  7.31725E+14 0.00126 
   66   66    1    1    1    1    1    1    1    1  5.26943E+14 0.00130 
   67   67    1    1    1    1    1    1    1    1  4.30774E+14 0.00154 
   68   68    1    1    1    1    1    1    1    1  3.87428E+14 0.00163 
   69   69    1    1    1    1    1    1    1    1  4.65085E+14 0.00173 
   70   70    1    1    1    1    1    1    1    1  3.96200E+14 0.00156 
   71   71    1    1    1    1    1    1    1    1  7.28558E+14 0.00137 
   72   72    1    1    1    1    1    1    1    1  5.16906E+14 0.00169 
   73   73    1    1    1    1    1    1    1    1  3.88104E+14 0.00209 
   74   74    1    1    1    1    1    1    1    1  3.09736E+14 0.00161 
   75   75    1    1    1    1    1    1    1    1  2.54373E+14 0.00152 
   76   76    1    1    1    1    1    1    1    1  2.92219E+14 0.00160 
   77   77    1    1    1    1    1    1    1    1  2.29236E+14 0.00216 
   78   78    1    1    1    1    1    1    1    1  1.81762E+14 0.00178 
   79   79    1    1    1    1    1    1    1    1  1.85532E+14 0.00223 
   80   80    1    1    1    1    1    1    1    1  1.37170E+14 0.00155 
   81   81    1    1    1    1    1    1    1    1  1.05424E+14 0.00311 
   82   82    1    1    1    1    1    1    1    1  8.07643E+13 0.00306 
   83   83    1    1    1    1    1    1    1    1  7.54769E+13 0.00290 
   84   84    1    1    1    1    1    1    1    1  5.38599E+13 0.00327 
   85   85    1    1    1    1    1    1    1    1  3.92105E+13 0.00396 
   86   86    1    1    1    1    1    1    1    1  3.64987E+13 0.00370 
   87   87    1    1    1    1    1    1    1    1  2.26178E+13 0.00476 
   88   88    1    1    1    1    1    1    1    1  1.51932E+13 0.00560 
   89   89    1    1    1    1    1    1    1    1  8.82549E+12 0.00840 
   90   90    1    1    1    1    1    1    1    1  5.72441E+12 0.01068 
   91   91    1    1    1    1    1    1    1    1  2.95368E+12 0.01258 
   92   92    1    1    1    1    1    1    1    1  1.36224E+12 0.02045 
   93   93    1    1    1    1    1    1    1    1  7.06689E+11 0.02202 
   94   94    1    1    1    1    1    1    1    1  3.35737E+11 0.04118 
   95   95    1    1    1    1    1    1    1    1  1.53095E+11 0.06081 
   96   96    1    1    1    1    1    1    1    1  8.00437E+10 0.07336 
   97   97    1    1    1    1    1    1    1    1  3.55758E+10 0.11628 
   98   98    1    1    1    1    1    1    1    1  2.09956E+10 0.24429 
   99   99    1    1    1    1    1    1    1    1  5.15835E+09 0.29003 
  100  100    1    1    1    1    1    1    1    1  9.51884E+09 0.29328 
];


