
DETdpaspec = [
    1    1    1    1    1    1    1    1    1    1  0.00000E+00 0.00000 
    2    2    1    1    1    1    1    1    1    1  0.00000E+00 0.00000 
    3    3    1    1    1    1    1    1    1    1  0.00000E+00 0.00000 
    4    4    1    1    1    1    1    1    1    1  7.54964E+06 1.00000 
    5    5    1    1    1    1    1    1    1    1  0.00000E+00 0.00000 
    6    6    1    1    1    1    1    1    1    1  6.70582E+06 1.00000 
    7    7    1    1    1    1    1    1    1    1  0.00000E+00 0.00000 
    8    8    1    1    1    1    1    1    1    1  1.14532E+07 1.00000 
    9    9    1    1    1    1    1    1    1    1  1.12735E+07 1.00000 
   10   10    1    1    1    1    1    1    1    1  3.90534E+07 1.00000 
   11   11    1    1    1    1    1    1    1    1  2.70353E+08 0.48033 
   12   12    1    1    1    1    1    1    1    1  6.16133E+07 0.55334 
   13   13    1    1    1    1    1    1    1    1  2.50305E+08 0.70863 
   14   14    1    1    1    1    1    1    1    1  3.11253E+09 0.49519 
   15   15    1    1    1    1    1    1    1    1  2.42301E+09 0.47074 
   16   16    1    1    1    1    1    1    1    1  1.24764E+09 0.27209 
   17   17    1    1    1    1    1    1    1    1  2.35613E+09 0.22555 
   18   18    1    1    1    1    1    1    1    1  7.32781E+09 0.21605 
   19   19    1    1    1    1    1    1    1    1  4.73080E+09 0.22732 
   20   20    1    1    1    1    1    1    1    1  2.41515E+10 0.13887 
   21   21    1    1    1    1    1    1    1    1  1.74772E+10 0.12782 
   22   22    1    1    1    1    1    1    1    1  4.80926E+10 0.08286 
   23   23    1    1    1    1    1    1    1    1  6.41018E+10 0.05603 
   24   24    1    1    1    1    1    1    1    1  1.03360E+11 0.06445 
   25   25    1    1    1    1    1    1    1    1  1.33817E+11 0.06126 
   26   26    1    1    1    1    1    1    1    1  2.00521E+11 0.04506 
   27   27    1    1    1    1    1    1    1    1  3.39672E+11 0.03852 
   28   28    1    1    1    1    1    1    1    1  5.97982E+11 0.02403 
   29   29    1    1    1    1    1    1    1    1  8.63085E+11 0.01837 
   30   30    1    1    1    1    1    1    1    1  2.75674E+12 0.01186 
   31   31    1    1    1    1    1    1    1    1  8.25770E+12 0.00873 
   32   32    1    1    1    1    1    1    1    1  1.54043E+13 0.00480 
   33   33    1    1    1    1    1    1    1    1  3.43352E+13 0.00462 
   34   34    1    1    1    1    1    1    1    1  4.54134E+13 0.00384 
   35   35    1    1    1    1    1    1    1    1  6.59895E+13 0.00314 
   36   36    1    1    1    1    1    1    1    1  4.63477E+13 0.00300 
   37   37    1    1    1    1    1    1    1    1  1.47510E+13 0.00291 
   38   38    1    1    1    1    1    1    1    1  7.94417E+13 0.00263 
   39   39    1    1    1    1    1    1    1    1  1.06030E+14 0.00208 
   40   40    1    1    1    1    1    1    1    1  1.76982E+14 0.00203 
   41   41    1    1    1    1    1    1    1    1  1.84942E+14 0.00204 
   42   42    1    1    1    1    1    1    1    1  3.80844E+14 0.00236 
   43   43    1    1    1    1    1    1    1    1  4.57717E+14 0.00190 
   44   44    1    1    1    1    1    1    1    1  6.55046E+14 0.00190 
   45   45    1    1    1    1    1    1    1    1  1.26089E+15 0.00172 
   46   46    1    1    1    1    1    1    1    1  5.96947E+14 0.00145 
   47   47    1    1    1    1    1    1    1    1  9.70500E+14 0.00142 
   48   48    1    1    1    1    1    1    1    1  1.34432E+15 0.00111 
   49   49    1    1    1    1    1    1    1    1  1.33752E+15 0.00130 
   50   50    1    1    1    1    1    1    1    1  2.03763E+15 0.00123 
   51   51    1    1    1    1    1    1    1    1  1.65546E+15 0.00129 
   52   52    1    1    1    1    1    1    1    1  1.90436E+15 0.00117 
   53   53    1    1    1    1    1    1    1    1  1.32996E+15 0.00098 
   54   54    1    1    1    1    1    1    1    1  1.57968E+15 0.00111 
   55   55    1    1    1    1    1    1    1    1  1.09388E+15 0.00088 
   56   56    1    1    1    1    1    1    1    1  1.50065E+14 0.00187 
   57   57    1    1    1    1    1    1    1    1  2.17076E+15 0.00092 
   58   58    1    1    1    1    1    1    1    1  9.31411E+14 0.00096 
   59   59    1    1    1    1    1    1    1    1  9.98572E+14 0.00122 
   60   60    1    1    1    1    1    1    1    1  7.55130E+14 0.00150 
   61   61    1    1    1    1    1    1    1    1  7.61141E+14 0.00152 
   62   62    1    1    1    1    1    1    1    1  7.88100E+14 0.00158 
   63   63    1    1    1    1    1    1    1    1  6.58715E+14 0.00153 
   64   64    1    1    1    1    1    1    1    1  5.23626E+14 0.00166 
   65   65    1    1    1    1    1    1    1    1  5.18782E+14 0.00184 
   66   66    1    1    1    1    1    1    1    1  3.72675E+14 0.00160 
   67   67    1    1    1    1    1    1    1    1  3.05778E+14 0.00165 
   68   68    1    1    1    1    1    1    1    1  2.75342E+14 0.00127 
   69   69    1    1    1    1    1    1    1    1  3.30818E+14 0.00201 
   70   70    1    1    1    1    1    1    1    1  2.82037E+14 0.00218 
   71   71    1    1    1    1    1    1    1    1  5.24494E+14 0.00180 
   72   72    1    1    1    1    1    1    1    1  3.72232E+14 0.00181 
   73   73    1    1    1    1    1    1    1    1  2.78128E+14 0.00218 
   74   74    1    1    1    1    1    1    1    1  2.19359E+14 0.00262 
   75   75    1    1    1    1    1    1    1    1  1.78369E+14 0.00182 
   76   76    1    1    1    1    1    1    1    1  2.02138E+14 0.00189 
   77   77    1    1    1    1    1    1    1    1  1.56067E+14 0.00275 
   78   78    1    1    1    1    1    1    1    1  1.22151E+14 0.00229 
   79   79    1    1    1    1    1    1    1    1  1.24521E+14 0.00310 
   80   80    1    1    1    1    1    1    1    1  9.14431E+13 0.00290 
   81   81    1    1    1    1    1    1    1    1  7.00672E+13 0.00269 
   82   82    1    1    1    1    1    1    1    1  5.38724E+13 0.00304 
   83   83    1    1    1    1    1    1    1    1  4.98429E+13 0.00333 
   84   84    1    1    1    1    1    1    1    1  3.59134E+13 0.00310 
   85   85    1    1    1    1    1    1    1    1  2.58334E+13 0.00466 
   86   86    1    1    1    1    1    1    1    1  2.40360E+13 0.00382 
   87   87    1    1    1    1    1    1    1    1  1.51936E+13 0.00782 
   88   88    1    1    1    1    1    1    1    1  1.00623E+13 0.00615 
   89   89    1    1    1    1    1    1    1    1  5.83961E+12 0.01085 
   90   90    1    1    1    1    1    1    1    1  3.89243E+12 0.00978 
   91   91    1    1    1    1    1    1    1    1  2.01532E+12 0.01519 
   92   92    1    1    1    1    1    1    1    1  9.63602E+11 0.01963 
   93   93    1    1    1    1    1    1    1    1  4.72242E+11 0.04703 
   94   94    1    1    1    1    1    1    1    1  2.47060E+11 0.03006 
   95   95    1    1    1    1    1    1    1    1  1.16051E+11 0.06444 
   96   96    1    1    1    1    1    1    1    1  4.41254E+10 0.10242 
   97   97    1    1    1    1    1    1    1    1  2.73619E+10 0.16643 
   98   98    1    1    1    1    1    1    1    1  1.22493E+10 0.22187 
   99   99    1    1    1    1    1    1    1    1  6.18424E+09 0.38953 
  100  100    1    1    1    1    1    1    1    1  4.18391E+09 0.45038 
];


