
DETdpaspec = [
    1    1    1    1    1    1    1    1    1    1  0.00000E+00 0.00000 
    2    2    1    1    1    1    1    1    1    1  0.00000E+00 0.00000 
    3    3    1    1    1    1    1    1    1    1  6.71066E+06 1.00000 
    4    4    1    1    1    1    1    1    1    1  0.00000E+00 0.00000 
    5    5    1    1    1    1    1    1    1    1  0.00000E+00 0.00000 
    6    6    1    1    1    1    1    1    1    1  0.00000E+00 0.00000 
    7    7    1    1    1    1    1    1    1    1  0.00000E+00 0.00000 
    8    8    1    1    1    1    1    1    1    1  0.00000E+00 0.00000 
    9    9    1    1    1    1    1    1    1    1  0.00000E+00 0.00000 
   10   10    1    1    1    1    1    1    1    1  9.58101E+07 0.79018 
   11   11    1    1    1    1    1    1    1    1  1.81581E+08 0.80903 
   12   12    1    1    1    1    1    1    1    1  1.65631E+07 1.00000 
   13   13    1    1    1    1    1    1    1    1  1.60048E+09 0.38964 
   14   14    1    1    1    1    1    1    1    1  1.23338E+09 0.45112 
   15   15    1    1    1    1    1    1    1    1  2.86881E+09 0.31209 
   16   16    1    1    1    1    1    1    1    1  1.07411E+09 0.27567 
   17   17    1    1    1    1    1    1    1    1  1.96285E+09 0.24599 
   18   18    1    1    1    1    1    1    1    1  3.90720E+09 0.17967 
   19   19    1    1    1    1    1    1    1    1  5.70242E+09 0.18507 
   20   20    1    1    1    1    1    1    1    1  2.06052E+10 0.17257 
   21   21    1    1    1    1    1    1    1    1  1.70479E+10 0.10609 
   22   22    1    1    1    1    1    1    1    1  4.36102E+10 0.10476 
   23   23    1    1    1    1    1    1    1    1  6.53417E+10 0.07921 
   24   24    1    1    1    1    1    1    1    1  9.81401E+10 0.07043 
   25   25    1    1    1    1    1    1    1    1  1.21445E+11 0.05298 
   26   26    1    1    1    1    1    1    1    1  1.84092E+11 0.03684 
   27   27    1    1    1    1    1    1    1    1  2.99906E+11 0.03252 
   28   28    1    1    1    1    1    1    1    1  5.92300E+11 0.02738 
   29   29    1    1    1    1    1    1    1    1  8.59911E+11 0.01673 
   30   30    1    1    1    1    1    1    1    1  2.65959E+12 0.01440 
   31   31    1    1    1    1    1    1    1    1  8.28068E+12 0.00732 
   32   32    1    1    1    1    1    1    1    1  1.56676E+13 0.00685 
   33   33    1    1    1    1    1    1    1    1  3.54448E+13 0.00381 
   34   34    1    1    1    1    1    1    1    1  4.74851E+13 0.00280 
   35   35    1    1    1    1    1    1    1    1  6.81180E+13 0.00253 
   36   36    1    1    1    1    1    1    1    1  4.77300E+13 0.00296 
   37   37    1    1    1    1    1    1    1    1  1.50835E+13 0.00226 
   38   38    1    1    1    1    1    1    1    1  8.21386E+13 0.00237 
   39   39    1    1    1    1    1    1    1    1  1.09982E+14 0.00287 
   40   40    1    1    1    1    1    1    1    1  1.85658E+14 0.00181 
   41   41    1    1    1    1    1    1    1    1  1.93046E+14 0.00152 
   42   42    1    1    1    1    1    1    1    1  4.00305E+14 0.00174 
   43   43    1    1    1    1    1    1    1    1  4.83020E+14 0.00100 
   44   44    1    1    1    1    1    1    1    1  6.94921E+14 0.00135 
   45   45    1    1    1    1    1    1    1    1  1.34789E+15 0.00105 
   46   46    1    1    1    1    1    1    1    1  6.37123E+14 0.00104 
   47   47    1    1    1    1    1    1    1    1  1.03673E+15 0.00114 
   48   48    1    1    1    1    1    1    1    1  1.44121E+15 0.00120 
   49   49    1    1    1    1    1    1    1    1  1.43458E+15 0.00103 
   50   50    1    1    1    1    1    1    1    1  2.19457E+15 0.00091 
   51   51    1    1    1    1    1    1    1    1  1.78048E+15 0.00112 
   52   52    1    1    1    1    1    1    1    1  2.06299E+15 0.00104 
   53   53    1    1    1    1    1    1    1    1  1.44029E+15 0.00123 
   54   54    1    1    1    1    1    1    1    1  1.71926E+15 0.00112 
   55   55    1    1    1    1    1    1    1    1  1.18918E+15 0.00126 
   56   56    1    1    1    1    1    1    1    1  1.63044E+14 0.00236 
   57   57    1    1    1    1    1    1    1    1  2.36507E+15 0.00132 
   58   58    1    1    1    1    1    1    1    1  1.02132E+15 0.00138 
   59   59    1    1    1    1    1    1    1    1  1.09558E+15 0.00112 
   60   60    1    1    1    1    1    1    1    1  8.33491E+14 0.00111 
   61   61    1    1    1    1    1    1    1    1  8.38537E+14 0.00111 
   62   62    1    1    1    1    1    1    1    1  8.69947E+14 0.00132 
   63   63    1    1    1    1    1    1    1    1  7.27279E+14 0.00145 
   64   64    1    1    1    1    1    1    1    1  5.77768E+14 0.00162 
   65   65    1    1    1    1    1    1    1    1  5.70796E+14 0.00156 
   66   66    1    1    1    1    1    1    1    1  4.10723E+14 0.00144 
   67   67    1    1    1    1    1    1    1    1  3.36879E+14 0.00132 
   68   68    1    1    1    1    1    1    1    1  3.03630E+14 0.00196 
   69   69    1    1    1    1    1    1    1    1  3.64364E+14 0.00198 
   70   70    1    1    1    1    1    1    1    1  3.11569E+14 0.00187 
   71   71    1    1    1    1    1    1    1    1  5.76458E+14 0.00207 
   72   72    1    1    1    1    1    1    1    1  4.08798E+14 0.00193 
   73   73    1    1    1    1    1    1    1    1  3.06820E+14 0.00144 
   74   74    1    1    1    1    1    1    1    1  2.41970E+14 0.00224 
   75   75    1    1    1    1    1    1    1    1  1.96709E+14 0.00217 
   76   76    1    1    1    1    1    1    1    1  2.25102E+14 0.00211 
   77   77    1    1    1    1    1    1    1    1  1.73880E+14 0.00260 
   78   78    1    1    1    1    1    1    1    1  1.36980E+14 0.00206 
   79   79    1    1    1    1    1    1    1    1  1.40013E+14 0.00166 
   80   80    1    1    1    1    1    1    1    1  1.03175E+14 0.00177 
   81   81    1    1    1    1    1    1    1    1  7.89171E+13 0.00334 
   82   82    1    1    1    1    1    1    1    1  6.05794E+13 0.00229 
   83   83    1    1    1    1    1    1    1    1  5.62291E+13 0.00355 
   84   84    1    1    1    1    1    1    1    1  4.06965E+13 0.00360 
   85   85    1    1    1    1    1    1    1    1  2.90965E+13 0.00374 
   86   86    1    1    1    1    1    1    1    1  2.73025E+13 0.00323 
   87   87    1    1    1    1    1    1    1    1  1.69824E+13 0.00704 
   88   88    1    1    1    1    1    1    1    1  1.15198E+13 0.00498 
   89   89    1    1    1    1    1    1    1    1  6.60744E+12 0.01003 
   90   90    1    1    1    1    1    1    1    1  4.29533E+12 0.00986 
   91   91    1    1    1    1    1    1    1    1  2.24525E+12 0.01765 
   92   92    1    1    1    1    1    1    1    1  1.07700E+12 0.01564 
   93   93    1    1    1    1    1    1    1    1  5.10572E+11 0.03232 
   94   94    1    1    1    1    1    1    1    1  2.41976E+11 0.06239 
   95   95    1    1    1    1    1    1    1    1  1.19837E+11 0.05204 
   96   96    1    1    1    1    1    1    1    1  5.81778E+10 0.10168 
   97   97    1    1    1    1    1    1    1    1  2.51677E+10 0.15218 
   98   98    1    1    1    1    1    1    1    1  1.32038E+10 0.15586 
   99   99    1    1    1    1    1    1    1    1  3.86246E+09 0.37531 
  100  100    1    1    1    1    1    1    1    1  6.81329E+09 0.25776 
];


