
DETdpaspec = [
    1    1    1    1    1    1    1    1    1    1  0.00000E+00 0.00000 
    2    2    1    1    1    1    1    1    1    1  0.00000E+00 0.00000 
    3    3    1    1    1    1    1    1    1    1  0.00000E+00 0.00000 
    4    4    1    1    1    1    1    1    1    1  0.00000E+00 0.00000 
    5    5    1    1    1    1    1    1    1    1  0.00000E+00 0.00000 
    6    6    1    1    1    1    1    1    1    1  0.00000E+00 0.00000 
    7    7    1    1    1    1    1    1    1    1  1.37134E+07 1.00000 
    8    8    1    1    1    1    1    1    1    1  0.00000E+00 0.00000 
    9    9    1    1    1    1    1    1    1    1  1.80413E+07 0.70964 
   10   10    1    1    1    1    1    1    1    1  7.84172E+07 0.69261 
   11   11    1    1    1    1    1    1    1    1  3.13450E+08 0.51761 
   12   12    1    1    1    1    1    1    1    1  3.78068E+07 1.00000 
   13   13    1    1    1    1    1    1    1    1  1.53588E+09 0.33377 
   14   14    1    1    1    1    1    1    1    1  1.91304E+09 0.49636 
   15   15    1    1    1    1    1    1    1    1  2.58664E+09 0.49281 
   16   16    1    1    1    1    1    1    1    1  9.27373E+08 0.27239 
   17   17    1    1    1    1    1    1    1    1  1.22632E+09 0.41171 
   18   18    1    1    1    1    1    1    1    1  5.75826E+09 0.24054 
   19   19    1    1    1    1    1    1    1    1  8.96134E+09 0.14140 
   20   20    1    1    1    1    1    1    1    1  2.53095E+10 0.12635 
   21   21    1    1    1    1    1    1    1    1  2.22454E+10 0.10134 
   22   22    1    1    1    1    1    1    1    1  4.23799E+10 0.07422 
   23   23    1    1    1    1    1    1    1    1  5.96291E+10 0.06964 
   24   24    1    1    1    1    1    1    1    1  1.03773E+11 0.05692 
   25   25    1    1    1    1    1    1    1    1  1.18918E+11 0.06162 
   26   26    1    1    1    1    1    1    1    1  1.79281E+11 0.04610 
   27   27    1    1    1    1    1    1    1    1  3.38363E+11 0.03634 
   28   28    1    1    1    1    1    1    1    1  6.31282E+11 0.02984 
   29   29    1    1    1    1    1    1    1    1  8.92882E+11 0.01878 
   30   30    1    1    1    1    1    1    1    1  2.66911E+12 0.01318 
   31   31    1    1    1    1    1    1    1    1  8.30537E+12 0.00693 
   32   32    1    1    1    1    1    1    1    1  1.59027E+13 0.00652 
   33   33    1    1    1    1    1    1    1    1  3.67954E+13 0.00403 
   34   34    1    1    1    1    1    1    1    1  5.07353E+13 0.00332 
   35   35    1    1    1    1    1    1    1    1  7.15433E+13 0.00365 
   36   36    1    1    1    1    1    1    1    1  4.98583E+13 0.00303 
   37   37    1    1    1    1    1    1    1    1  1.56331E+13 0.00311 
   38   38    1    1    1    1    1    1    1    1  8.55721E+13 0.00251 
   39   39    1    1    1    1    1    1    1    1  1.15311E+14 0.00225 
   40   40    1    1    1    1    1    1    1    1  1.95409E+14 0.00221 
   41   41    1    1    1    1    1    1    1    1  2.02375E+14 0.00222 
   42   42    1    1    1    1    1    1    1    1  4.23503E+14 0.00184 
   43   43    1    1    1    1    1    1    1    1  5.13743E+14 0.00153 
   44   44    1    1    1    1    1    1    1    1  7.42794E+14 0.00142 
   45   45    1    1    1    1    1    1    1    1  1.45575E+15 0.00115 
   46   46    1    1    1    1    1    1    1    1  6.89188E+14 0.00123 
   47   47    1    1    1    1    1    1    1    1  1.12167E+15 0.00139 
   48   48    1    1    1    1    1    1    1    1  1.56398E+15 0.00108 
   49   49    1    1    1    1    1    1    1    1  1.55776E+15 0.00111 
   50   50    1    1    1    1    1    1    1    1  2.39571E+15 0.00104 
   51   51    1    1    1    1    1    1    1    1  1.93923E+15 0.00082 
   52   52    1    1    1    1    1    1    1    1  2.26456E+15 0.00106 
   53   53    1    1    1    1    1    1    1    1  1.58194E+15 0.00073 
   54   54    1    1    1    1    1    1    1    1  1.89836E+15 0.00092 
   55   55    1    1    1    1    1    1    1    1  1.31201E+15 0.00111 
   56   56    1    1    1    1    1    1    1    1  1.79735E+14 0.00124 
   57   57    1    1    1    1    1    1    1    1  2.61384E+15 0.00127 
   58   58    1    1    1    1    1    1    1    1  1.13731E+15 0.00127 
   59   59    1    1    1    1    1    1    1    1  1.21662E+15 0.00128 
   60   60    1    1    1    1    1    1    1    1  9.29706E+14 0.00118 
   61   61    1    1    1    1    1    1    1    1  9.35486E+14 0.00123 
   62   62    1    1    1    1    1    1    1    1  9.72056E+14 0.00127 
   63   63    1    1    1    1    1    1    1    1  8.13478E+14 0.00129 
   64   64    1    1    1    1    1    1    1    1  6.48075E+14 0.00141 
   65   65    1    1    1    1    1    1    1    1  6.42173E+14 0.00136 
   66   66    1    1    1    1    1    1    1    1  4.62093E+14 0.00135 
   67   67    1    1    1    1    1    1    1    1  3.78237E+14 0.00131 
   68   68    1    1    1    1    1    1    1    1  3.40721E+14 0.00122 
   69   69    1    1    1    1    1    1    1    1  4.09508E+14 0.00188 
   70   70    1    1    1    1    1    1    1    1  3.49637E+14 0.00153 
   71   71    1    1    1    1    1    1    1    1  6.43500E+14 0.00147 
   72   72    1    1    1    1    1    1    1    1  4.57390E+14 0.00159 
   73   73    1    1    1    1    1    1    1    1  3.43002E+14 0.00119 
   74   74    1    1    1    1    1    1    1    1  2.72425E+14 0.00172 
   75   75    1    1    1    1    1    1    1    1  2.22655E+14 0.00170 
   76   76    1    1    1    1    1    1    1    1  2.53657E+14 0.00180 
   77   77    1    1    1    1    1    1    1    1  1.97818E+14 0.00157 
   78   78    1    1    1    1    1    1    1    1  1.56147E+14 0.00257 
   79   79    1    1    1    1    1    1    1    1  1.59531E+14 0.00225 
   80   80    1    1    1    1    1    1    1    1  1.17971E+14 0.00203 
   81   81    1    1    1    1    1    1    1    1  9.04457E+13 0.00220 
   82   82    1    1    1    1    1    1    1    1  6.93180E+13 0.00368 
   83   83    1    1    1    1    1    1    1    1  6.44699E+13 0.00344 
   84   84    1    1    1    1    1    1    1    1  4.65158E+13 0.00325 
   85   85    1    1    1    1    1    1    1    1  3.36957E+13 0.00348 
   86   86    1    1    1    1    1    1    1    1  3.11003E+13 0.00435 
   87   87    1    1    1    1    1    1    1    1  1.92314E+13 0.00432 
   88   88    1    1    1    1    1    1    1    1  1.29450E+13 0.00631 
   89   89    1    1    1    1    1    1    1    1  7.59696E+12 0.00879 
   90   90    1    1    1    1    1    1    1    1  5.09557E+12 0.00940 
   91   91    1    1    1    1    1    1    1    1  2.54170E+12 0.01694 
   92   92    1    1    1    1    1    1    1    1  1.23559E+12 0.01656 
   93   93    1    1    1    1    1    1    1    1  5.92387E+11 0.02611 
   94   94    1    1    1    1    1    1    1    1  2.79154E+11 0.04635 
   95   95    1    1    1    1    1    1    1    1  1.47275E+11 0.07660 
   96   96    1    1    1    1    1    1    1    1  6.86893E+10 0.11551 
   97   97    1    1    1    1    1    1    1    1  2.81874E+10 0.13574 
   98   98    1    1    1    1    1    1    1    1  1.39075E+10 0.27038 
   99   99    1    1    1    1    1    1    1    1  7.76110E+09 0.33905 
  100  100    1    1    1    1    1    1    1    1  4.93059E+09 0.33728 
];


