
DETdpaspec = [
    1    1    1    1    1    1    1    1    1    1  0.00000E+00 0.00000 
    2    2    1    1    1    1    1    1    1    1  0.00000E+00 0.00000 
    3    3    1    1    1    1    1    1    1    1  0.00000E+00 0.00000 
    4    4    1    1    1    1    1    1    1    1  0.00000E+00 0.00000 
    5    5    1    1    1    1    1    1    1    1  0.00000E+00 0.00000 
    6    6    1    1    1    1    1    1    1    1  0.00000E+00 0.00000 
    7    7    1    1    1    1    1    1    1    1  1.70120E+07 1.00000 
    8    8    1    1    1    1    1    1    1    1  0.00000E+00 0.00000 
    9    9    1    1    1    1    1    1    1    1  0.00000E+00 0.00000 
   10   10    1    1    1    1    1    1    1    1  0.00000E+00 0.00000 
   11   11    1    1    1    1    1    1    1    1  1.28801E+08 1.00000 
   12   12    1    1    1    1    1    1    1    1  3.32589E+07 1.00000 
   13   13    1    1    1    1    1    1    1    1  1.48636E+08 0.72243 
   14   14    1    1    1    1    1    1    1    1  2.99287E+09 0.60538 
   15   15    1    1    1    1    1    1    1    1  4.02973E+09 0.31351 
   16   16    1    1    1    1    1    1    1    1  1.02003E+09 0.51052 
   17   17    1    1    1    1    1    1    1    1  2.06822E+09 0.30750 
   18   18    1    1    1    1    1    1    1    1  6.32380E+09 0.30568 
   19   19    1    1    1    1    1    1    1    1  3.60010E+09 0.26835 
   20   20    1    1    1    1    1    1    1    1  1.71793E+10 0.15807 
   21   21    1    1    1    1    1    1    1    1  1.22358E+10 0.14022 
   22   22    1    1    1    1    1    1    1    1  2.82201E+10 0.10889 
   23   23    1    1    1    1    1    1    1    1  5.65227E+10 0.06623 
   24   24    1    1    1    1    1    1    1    1  8.59219E+10 0.07423 
   25   25    1    1    1    1    1    1    1    1  1.12971E+11 0.05490 
   26   26    1    1    1    1    1    1    1    1  1.94224E+11 0.03518 
   27   27    1    1    1    1    1    1    1    1  4.37192E+11 0.03850 
   28   28    1    1    1    1    1    1    1    1  1.03744E+12 0.02027 
   29   29    1    1    1    1    1    1    1    1  1.81518E+12 0.01477 
   30   30    1    1    1    1    1    1    1    1  4.78109E+12 0.01086 
   31   31    1    1    1    1    1    1    1    1  1.44870E+13 0.00740 
   32   32    1    1    1    1    1    1    1    1  2.62850E+13 0.00592 
   33   33    1    1    1    1    1    1    1    1  6.26497E+13 0.00357 
   34   34    1    1    1    1    1    1    1    1  8.77934E+13 0.00264 
   35   35    1    1    1    1    1    1    1    1  1.06937E+14 0.00264 
   36   36    1    1    1    1    1    1    1    1  7.00003E+13 0.00241 
   37   37    1    1    1    1    1    1    1    1  2.10687E+13 0.00203 
   38   38    1    1    1    1    1    1    1    1  1.19984E+14 0.00217 
   39   39    1    1    1    1    1    1    1    1  1.62384E+14 0.00203 
   40   40    1    1    1    1    1    1    1    1  2.80222E+14 0.00159 
   41   41    1    1    1    1    1    1    1    1  2.79033E+14 0.00110 
   42   42    1    1    1    1    1    1    1    1  6.05248E+14 0.00084 
   43   43    1    1    1    1    1    1    1    1  7.38480E+14 0.00069 
   44   44    1    1    1    1    1    1    1    1  1.07263E+15 0.00097 
   45   45    1    1    1    1    1    1    1    1  2.15779E+15 0.00082 
   46   46    1    1    1    1    1    1    1    1  1.00010E+15 0.00083 
   47   47    1    1    1    1    1    1    1    1  1.60949E+15 0.00064 
   48   48    1    1    1    1    1    1    1    1  2.24886E+15 0.00079 
   49   49    1    1    1    1    1    1    1    1  2.22667E+15 0.00083 
   50   50    1    1    1    1    1    1    1    1  3.50915E+15 0.00082 
   51   51    1    1    1    1    1    1    1    1  2.77585E+15 0.00080 
   52   52    1    1    1    1    1    1    1    1  3.34309E+15 0.00066 
   53   53    1    1    1    1    1    1    1    1  2.31972E+15 0.00071 
   54   54    1    1    1    1    1    1    1    1  2.87015E+15 0.00077 
   55   55    1    1    1    1    1    1    1    1  1.97400E+15 0.00057 
   56   56    1    1    1    1    1    1    1    1  2.68049E+14 0.00095 
   57   57    1    1    1    1    1    1    1    1  3.92550E+15 0.00061 
   58   58    1    1    1    1    1    1    1    1  1.77507E+15 0.00067 
   59   59    1    1    1    1    1    1    1    1  1.88203E+15 0.00058 
   60   60    1    1    1    1    1    1    1    1  1.47879E+15 0.00062 
   61   61    1    1    1    1    1    1    1    1  1.48034E+15 0.00069 
   62   62    1    1    1    1    1    1    1    1  1.54671E+15 0.00077 
   63   63    1    1    1    1    1    1    1    1  1.30593E+15 0.00056 
   64   64    1    1    1    1    1    1    1    1  1.04009E+15 0.00099 
   65   65    1    1    1    1    1    1    1    1  1.03361E+15 0.00083 
   66   66    1    1    1    1    1    1    1    1  7.46104E+14 0.00090 
   67   67    1    1    1    1    1    1    1    1  6.04337E+14 0.00111 
   68   68    1    1    1    1    1    1    1    1  5.41430E+14 0.00116 
   69   69    1    1    1    1    1    1    1    1  6.50857E+14 0.00150 
   70   70    1    1    1    1    1    1    1    1  5.53648E+14 0.00106 
   71   71    1    1    1    1    1    1    1    1  1.00011E+15 0.00105 
   72   72    1    1    1    1    1    1    1    1  7.06273E+14 0.00117 
   73   73    1    1    1    1    1    1    1    1  5.32446E+14 0.00130 
   74   74    1    1    1    1    1    1    1    1  4.30013E+14 0.00148 
   75   75    1    1    1    1    1    1    1    1  3.59343E+14 0.00155 
   76   76    1    1    1    1    1    1    1    1  4.19810E+14 0.00161 
   77   77    1    1    1    1    1    1    1    1  3.33911E+14 0.00164 
   78   78    1    1    1    1    1    1    1    1  2.67757E+14 0.00202 
   79   79    1    1    1    1    1    1    1    1  2.77734E+14 0.00161 
   80   80    1    1    1    1    1    1    1    1  2.06091E+14 0.00175 
   81   81    1    1    1    1    1    1    1    1  1.59115E+14 0.00231 
   82   82    1    1    1    1    1    1    1    1  1.22278E+14 0.00246 
   83   83    1    1    1    1    1    1    1    1  1.14559E+14 0.00283 
   84   84    1    1    1    1    1    1    1    1  8.23000E+13 0.00255 
   85   85    1    1    1    1    1    1    1    1  5.92553E+13 0.00427 
   86   86    1    1    1    1    1    1    1    1  5.56523E+13 0.00348 
   87   87    1    1    1    1    1    1    1    1  3.40836E+13 0.00521 
   88   88    1    1    1    1    1    1    1    1  2.28974E+13 0.00429 
   89   89    1    1    1    1    1    1    1    1  1.30941E+13 0.00662 
   90   90    1    1    1    1    1    1    1    1  8.67482E+12 0.00881 
   91   91    1    1    1    1    1    1    1    1  4.38537E+12 0.01195 
   92   92    1    1    1    1    1    1    1    1  2.09861E+12 0.01489 
   93   93    1    1    1    1    1    1    1    1  1.01910E+12 0.02024 
   94   94    1    1    1    1    1    1    1    1  4.93619E+11 0.02526 
   95   95    1    1    1    1    1    1    1    1  2.40639E+11 0.04492 
   96   96    1    1    1    1    1    1    1    1  1.19737E+11 0.07780 
   97   97    1    1    1    1    1    1    1    1  6.02254E+10 0.08350 
   98   98    1    1    1    1    1    1    1    1  2.20084E+10 0.13518 
   99   99    1    1    1    1    1    1    1    1  1.44077E+10 0.23694 
  100  100    1    1    1    1    1    1    1    1  8.58877E+09 0.22250 
];


