
DETdpaspec = [
    1    1    1    1    1    1    1    1    1    1  0.00000E+00 0.00000 
    2    2    1    1    1    1    1    1    1    1  0.00000E+00 0.00000 
    3    3    1    1    1    1    1    1    1    1  0.00000E+00 0.00000 
    4    4    1    1    1    1    1    1    1    1  0.00000E+00 0.00000 
    5    5    1    1    1    1    1    1    1    1  0.00000E+00 0.00000 
    6    6    1    1    1    1    1    1    1    1  0.00000E+00 0.00000 
    7    7    1    1    1    1    1    1    1    1  1.36086E+07 1.00000 
    8    8    1    1    1    1    1    1    1    1  9.39526E+06 1.00000 
    9    9    1    1    1    1    1    1    1    1  0.00000E+00 0.00000 
   10   10    1    1    1    1    1    1    1    1  0.00000E+00 0.00000 
   11   11    1    1    1    1    1    1    1    1  0.00000E+00 0.00000 
   12   12    1    1    1    1    1    1    1    1  6.03767E+07 0.62386 
   13   13    1    1    1    1    1    1    1    1  1.34703E+09 0.41132 
   14   14    1    1    1    1    1    1    1    1  1.56394E+09 0.65137 
   15   15    1    1    1    1    1    1    1    1  2.78208E+09 0.40120 
   16   16    1    1    1    1    1    1    1    1  9.72429E+08 0.34401 
   17   17    1    1    1    1    1    1    1    1  2.26710E+09 0.30429 
   18   18    1    1    1    1    1    1    1    1  2.47127E+09 0.20687 
   19   19    1    1    1    1    1    1    1    1  6.40981E+09 0.20172 
   20   20    1    1    1    1    1    1    1    1  2.08164E+10 0.18477 
   21   21    1    1    1    1    1    1    1    1  1.63948E+10 0.12481 
   22   22    1    1    1    1    1    1    1    1  4.08710E+10 0.06653 
   23   23    1    1    1    1    1    1    1    1  5.71845E+10 0.08897 
   24   24    1    1    1    1    1    1    1    1  9.44116E+10 0.05278 
   25   25    1    1    1    1    1    1    1    1  1.12546E+11 0.05443 
   26   26    1    1    1    1    1    1    1    1  1.83007E+11 0.06735 
   27   27    1    1    1    1    1    1    1    1  3.10583E+11 0.04657 
   28   28    1    1    1    1    1    1    1    1  6.35392E+11 0.02966 
   29   29    1    1    1    1    1    1    1    1  9.42773E+11 0.02036 
   30   30    1    1    1    1    1    1    1    1  2.83581E+12 0.02057 
   31   31    1    1    1    1    1    1    1    1  8.88928E+12 0.01249 
   32   32    1    1    1    1    1    1    1    1  1.69315E+13 0.00611 
   33   33    1    1    1    1    1    1    1    1  4.00105E+13 0.00349 
   34   34    1    1    1    1    1    1    1    1  5.52907E+13 0.00309 
   35   35    1    1    1    1    1    1    1    1  7.63278E+13 0.00277 
   36   36    1    1    1    1    1    1    1    1  5.27453E+13 0.00278 
   37   37    1    1    1    1    1    1    1    1  1.64375E+13 0.00268 
   38   38    1    1    1    1    1    1    1    1  9.11553E+13 0.00208 
   39   39    1    1    1    1    1    1    1    1  1.23265E+14 0.00219 
   40   40    1    1    1    1    1    1    1    1  2.11066E+14 0.00179 
   41   41    1    1    1    1    1    1    1    1  2.17576E+14 0.00189 
   42   42    1    1    1    1    1    1    1    1  4.59981E+14 0.00136 
   43   43    1    1    1    1    1    1    1    1  5.60019E+14 0.00129 
   44   44    1    1    1    1    1    1    1    1  8.14191E+14 0.00106 
   45   45    1    1    1    1    1    1    1    1  1.61444E+15 0.00092 
   46   46    1    1    1    1    1    1    1    1  7.61183E+14 0.00101 
   47   47    1    1    1    1    1    1    1    1  1.23801E+15 0.00091 
   48   48    1    1    1    1    1    1    1    1  1.73472E+15 0.00107 
   49   49    1    1    1    1    1    1    1    1  1.72616E+15 0.00088 
   50   50    1    1    1    1    1    1    1    1  2.67606E+15 0.00098 
   51   51    1    1    1    1    1    1    1    1  2.16015E+15 0.00086 
   52   52    1    1    1    1    1    1    1    1  2.54447E+15 0.00085 
   53   53    1    1    1    1    1    1    1    1  1.77764E+15 0.00101 
   54   54    1    1    1    1    1    1    1    1  2.15196E+15 0.00094 
   55   55    1    1    1    1    1    1    1    1  1.48604E+15 0.00098 
   56   56    1    1    1    1    1    1    1    1  2.03119E+14 0.00113 
   57   57    1    1    1    1    1    1    1    1  2.96164E+15 0.00078 
   58   58    1    1    1    1    1    1    1    1  1.30186E+15 0.00099 
   59   59    1    1    1    1    1    1    1    1  1.39182E+15 0.00110 
   60   60    1    1    1    1    1    1    1    1  1.07254E+15 0.00112 
   61   61    1    1    1    1    1    1    1    1  1.07729E+15 0.00101 
   62   62    1    1    1    1    1    1    1    1  1.12067E+15 0.00110 
   63   63    1    1    1    1    1    1    1    1  9.41475E+14 0.00115 
   64   64    1    1    1    1    1    1    1    1  7.49138E+14 0.00132 
   65   65    1    1    1    1    1    1    1    1  7.44545E+14 0.00152 
   66   66    1    1    1    1    1    1    1    1  5.36242E+14 0.00116 
   67   67    1    1    1    1    1    1    1    1  4.38465E+14 0.00099 
   68   68    1    1    1    1    1    1    1    1  3.93921E+14 0.00097 
   69   69    1    1    1    1    1    1    1    1  4.73419E+14 0.00126 
   70   70    1    1    1    1    1    1    1    1  4.03731E+14 0.00155 
   71   71    1    1    1    1    1    1    1    1  7.41886E+14 0.00108 
   72   72    1    1    1    1    1    1    1    1  5.26007E+14 0.00131 
   73   73    1    1    1    1    1    1    1    1  3.95260E+14 0.00194 
   74   74    1    1    1    1    1    1    1    1  3.15792E+14 0.00180 
   75   75    1    1    1    1    1    1    1    1  2.58831E+14 0.00188 
   76   76    1    1    1    1    1    1    1    1  2.98285E+14 0.00160 
   77   77    1    1    1    1    1    1    1    1  2.33820E+14 0.00216 
   78   78    1    1    1    1    1    1    1    1  1.84904E+14 0.00229 
   79   79    1    1    1    1    1    1    1    1  1.89964E+14 0.00220 
   80   80    1    1    1    1    1    1    1    1  1.40080E+14 0.00282 
   81   81    1    1    1    1    1    1    1    1  1.07631E+14 0.00240 
   82   82    1    1    1    1    1    1    1    1  8.22319E+13 0.00357 
   83   83    1    1    1    1    1    1    1    1  7.73991E+13 0.00203 
   84   84    1    1    1    1    1    1    1    1  5.58326E+13 0.00412 
   85   85    1    1    1    1    1    1    1    1  4.00751E+13 0.00435 
   86   86    1    1    1    1    1    1    1    1  3.73136E+13 0.00431 
   87   87    1    1    1    1    1    1    1    1  2.31401E+13 0.00523 
   88   88    1    1    1    1    1    1    1    1  1.57406E+13 0.00438 
   89   89    1    1    1    1    1    1    1    1  8.91149E+12 0.00779 
   90   90    1    1    1    1    1    1    1    1  5.84077E+12 0.00961 
   91   91    1    1    1    1    1    1    1    1  3.02500E+12 0.01109 
   92   92    1    1    1    1    1    1    1    1  1.48962E+12 0.01591 
   93   93    1    1    1    1    1    1    1    1  7.09608E+11 0.03258 
   94   94    1    1    1    1    1    1    1    1  3.35225E+11 0.04719 
   95   95    1    1    1    1    1    1    1    1  1.61025E+11 0.05458 
   96   96    1    1    1    1    1    1    1    1  8.25466E+10 0.06953 
   97   97    1    1    1    1    1    1    1    1  3.31423E+10 0.16096 
   98   98    1    1    1    1    1    1    1    1  1.91605E+10 0.15059 
   99   99    1    1    1    1    1    1    1    1  1.06210E+10 0.20853 
  100  100    1    1    1    1    1    1    1    1  6.28003E+09 0.31177 
];


