
DETdpaspec = [
    1    1    1    1    1    1    1    1    1    1  0.00000E+00 0.00000 
    2    2    1    1    1    1    1    1    1    1  0.00000E+00 0.00000 
    3    3    1    1    1    1    1    1    1    1  0.00000E+00 0.00000 
    4    4    1    1    1    1    1    1    1    1  0.00000E+00 0.00000 
    5    5    1    1    1    1    1    1    1    1  0.00000E+00 0.00000 
    6    6    1    1    1    1    1    1    1    1  0.00000E+00 0.00000 
    7    7    1    1    1    1    1    1    1    1  3.85723E+07 0.55657 
    8    8    1    1    1    1    1    1    1    1  0.00000E+00 0.00000 
    9    9    1    1    1    1    1    1    1    1  5.02274E+07 0.59292 
   10   10    1    1    1    1    1    1    1    1  2.00855E+08 0.64488 
   11   11    1    1    1    1    1    1    1    1  0.00000E+00 0.00000 
   12   12    1    1    1    1    1    1    1    1  3.91648E+07 1.00000 
   13   13    1    1    1    1    1    1    1    1  1.66664E+08 1.00000 
   14   14    1    1    1    1    1    1    1    1  7.03320E+08 0.61280 
   15   15    1    1    1    1    1    1    1    1  1.90327E+09 0.42704 
   16   16    1    1    1    1    1    1    1    1  9.86641E+08 0.53102 
   17   17    1    1    1    1    1    1    1    1  2.14415E+09 0.31408 
   18   18    1    1    1    1    1    1    1    1  5.67860E+09 0.13729 
   19   19    1    1    1    1    1    1    1    1  3.72082E+09 0.26572 
   20   20    1    1    1    1    1    1    1    1  2.02850E+10 0.13777 
   21   21    1    1    1    1    1    1    1    1  1.84165E+10 0.11351 
   22   22    1    1    1    1    1    1    1    1  4.70319E+10 0.09301 
   23   23    1    1    1    1    1    1    1    1  6.42878E+10 0.10784 
   24   24    1    1    1    1    1    1    1    1  9.25144E+10 0.05849 
   25   25    1    1    1    1    1    1    1    1  1.23995E+11 0.05265 
   26   26    1    1    1    1    1    1    1    1  1.75256E+11 0.04109 
   27   27    1    1    1    1    1    1    1    1  3.22998E+11 0.03669 
   28   28    1    1    1    1    1    1    1    1  6.28293E+11 0.02153 
   29   29    1    1    1    1    1    1    1    1  9.45472E+11 0.01896 
   30   30    1    1    1    1    1    1    1    1  2.90573E+12 0.01338 
   31   31    1    1    1    1    1    1    1    1  8.90035E+12 0.00767 
   32   32    1    1    1    1    1    1    1    1  1.70462E+13 0.00611 
   33   33    1    1    1    1    1    1    1    1  3.96304E+13 0.00513 
   34   34    1    1    1    1    1    1    1    1  5.48147E+13 0.00441 
   35   35    1    1    1    1    1    1    1    1  7.56556E+13 0.00304 
   36   36    1    1    1    1    1    1    1    1  5.27509E+13 0.00234 
   37   37    1    1    1    1    1    1    1    1  1.64529E+13 0.00211 
   38   38    1    1    1    1    1    1    1    1  9.10646E+13 0.00209 
   39   39    1    1    1    1    1    1    1    1  1.22749E+14 0.00223 
   40   40    1    1    1    1    1    1    1    1  2.09336E+14 0.00254 
   41   41    1    1    1    1    1    1    1    1  2.15683E+14 0.00141 
   42   42    1    1    1    1    1    1    1    1  4.57310E+14 0.00145 
   43   43    1    1    1    1    1    1    1    1  5.55615E+14 0.00114 
   44   44    1    1    1    1    1    1    1    1  8.07577E+14 0.00122 
   45   45    1    1    1    1    1    1    1    1  1.59715E+15 0.00081 
   46   46    1    1    1    1    1    1    1    1  7.52488E+14 0.00086 
   47   47    1    1    1    1    1    1    1    1  1.22446E+15 0.00081 
   48   48    1    1    1    1    1    1    1    1  1.71384E+15 0.00072 
   49   49    1    1    1    1    1    1    1    1  1.70815E+15 0.00082 
   50   50    1    1    1    1    1    1    1    1  2.64562E+15 0.00083 
   51   51    1    1    1    1    1    1    1    1  2.13701E+15 0.00077 
   52   52    1    1    1    1    1    1    1    1  2.51382E+15 0.00066 
   53   53    1    1    1    1    1    1    1    1  1.75566E+15 0.00067 
   54   54    1    1    1    1    1    1    1    1  2.12337E+15 0.00092 
   55   55    1    1    1    1    1    1    1    1  1.46553E+15 0.00098 
   56   56    1    1    1    1    1    1    1    1  2.00620E+14 0.00164 
   57   57    1    1    1    1    1    1    1    1  2.92295E+15 0.00077 
   58   58    1    1    1    1    1    1    1    1  1.28326E+15 0.00103 
   59   59    1    1    1    1    1    1    1    1  1.37052E+15 0.00100 
   60   60    1    1    1    1    1    1    1    1  1.05485E+15 0.00100 
   61   61    1    1    1    1    1    1    1    1  1.06070E+15 0.00089 
   62   62    1    1    1    1    1    1    1    1  1.10372E+15 0.00108 
   63   63    1    1    1    1    1    1    1    1  9.26756E+14 0.00117 
   64   64    1    1    1    1    1    1    1    1  7.38364E+14 0.00099 
   65   65    1    1    1    1    1    1    1    1  7.33411E+14 0.00085 
   66   66    1    1    1    1    1    1    1    1  5.27740E+14 0.00124 
   67   67    1    1    1    1    1    1    1    1  4.31741E+14 0.00137 
   68   68    1    1    1    1    1    1    1    1  3.88458E+14 0.00100 
   69   69    1    1    1    1    1    1    1    1  4.66034E+14 0.00141 
   70   70    1    1    1    1    1    1    1    1  3.97794E+14 0.00153 
   71   71    1    1    1    1    1    1    1    1  7.30869E+14 0.00148 
   72   72    1    1    1    1    1    1    1    1  5.18161E+14 0.00146 
   73   73    1    1    1    1    1    1    1    1  3.89602E+14 0.00148 
   74   74    1    1    1    1    1    1    1    1  3.10357E+14 0.00155 
   75   75    1    1    1    1    1    1    1    1  2.55493E+14 0.00171 
   76   76    1    1    1    1    1    1    1    1  2.92911E+14 0.00182 
   77   77    1    1    1    1    1    1    1    1  2.28862E+14 0.00167 
   78   78    1    1    1    1    1    1    1    1  1.81681E+14 0.00194 
   79   79    1    1    1    1    1    1    1    1  1.86316E+14 0.00171 
   80   80    1    1    1    1    1    1    1    1  1.37871E+14 0.00145 
   81   81    1    1    1    1    1    1    1    1  1.05502E+14 0.00191 
   82   82    1    1    1    1    1    1    1    1  8.10842E+13 0.00258 
   83   83    1    1    1    1    1    1    1    1  7.61145E+13 0.00232 
   84   84    1    1    1    1    1    1    1    1  5.45762E+13 0.00285 
   85   85    1    1    1    1    1    1    1    1  3.94911E+13 0.00423 
   86   86    1    1    1    1    1    1    1    1  3.67635E+13 0.00394 
   87   87    1    1    1    1    1    1    1    1  2.26852E+13 0.00507 
   88   88    1    1    1    1    1    1    1    1  1.53299E+13 0.00568 
   89   89    1    1    1    1    1    1    1    1  8.86310E+12 0.00896 
   90   90    1    1    1    1    1    1    1    1  5.82995E+12 0.01058 
   91   91    1    1    1    1    1    1    1    1  2.99953E+12 0.01199 
   92   92    1    1    1    1    1    1    1    1  1.45536E+12 0.01368 
   93   93    1    1    1    1    1    1    1    1  7.13631E+11 0.02498 
   94   94    1    1    1    1    1    1    1    1  3.42306E+11 0.03329 
   95   95    1    1    1    1    1    1    1    1  1.58254E+11 0.04071 
   96   96    1    1    1    1    1    1    1    1  7.93864E+10 0.08422 
   97   97    1    1    1    1    1    1    1    1  3.27274E+10 0.13146 
   98   98    1    1    1    1    1    1    1    1  1.34405E+10 0.15928 
   99   99    1    1    1    1    1    1    1    1  8.88082E+09 0.26774 
  100  100    1    1    1    1    1    1    1    1  1.16644E+10 0.20456 
];


