
DETdpaspec = [
    1    1    1    1    1    1    1    1    1    1  0.00000E+00 0.00000 
    2    2    1    1    1    1    1    1    1    1  0.00000E+00 0.00000 
    3    3    1    1    1    1    1    1    1    1  0.00000E+00 0.00000 
    4    4    1    1    1    1    1    1    1    1  0.00000E+00 0.00000 
    5    5    1    1    1    1    1    1    1    1  0.00000E+00 0.00000 
    6    6    1    1    1    1    1    1    1    1  0.00000E+00 0.00000 
    7    7    1    1    1    1    1    1    1    1  0.00000E+00 0.00000 
    8    8    1    1    1    1    1    1    1    1  0.00000E+00 0.00000 
    9    9    1    1    1    1    1    1    1    1  2.07426E+07 1.00000 
   10   10    1    1    1    1    1    1    1    1  0.00000E+00 0.00000 
   11   11    1    1    1    1    1    1    1    1  4.05598E+07 1.00000 
   12   12    1    1    1    1    1    1    1    1  2.56769E+07 0.71625 
   13   13    1    1    1    1    1    1    1    1  1.17795E+09 0.57607 
   14   14    1    1    1    1    1    1    1    1  1.90091E+09 0.35880 
   15   15    1    1    1    1    1    1    1    1  4.08893E+09 0.32159 
   16   16    1    1    1    1    1    1    1    1  1.07275E+09 0.32212 
   17   17    1    1    1    1    1    1    1    1  2.42946E+09 0.21771 
   18   18    1    1    1    1    1    1    1    1  7.78188E+09 0.18080 
   19   19    1    1    1    1    1    1    1    1  7.58720E+09 0.25057 
   20   20    1    1    1    1    1    1    1    1  2.46734E+10 0.15192 
   21   21    1    1    1    1    1    1    1    1  1.64714E+10 0.08917 
   22   22    1    1    1    1    1    1    1    1  5.55272E+10 0.08143 
   23   23    1    1    1    1    1    1    1    1  7.08678E+10 0.09179 
   24   24    1    1    1    1    1    1    1    1  9.92050E+10 0.05785 
   25   25    1    1    1    1    1    1    1    1  1.36678E+11 0.04014 
   26   26    1    1    1    1    1    1    1    1  2.15632E+11 0.04389 
   27   27    1    1    1    1    1    1    1    1  3.79651E+11 0.03704 
   28   28    1    1    1    1    1    1    1    1  6.15954E+11 0.02894 
   29   29    1    1    1    1    1    1    1    1  8.57068E+11 0.02283 
   30   30    1    1    1    1    1    1    1    1  2.82466E+12 0.01696 
   31   31    1    1    1    1    1    1    1    1  8.61278E+12 0.00900 
   32   32    1    1    1    1    1    1    1    1  1.56785E+13 0.00624 
   33   33    1    1    1    1    1    1    1    1  3.37507E+13 0.00485 
   34   34    1    1    1    1    1    1    1    1  4.41483E+13 0.00436 
   35   35    1    1    1    1    1    1    1    1  6.46388E+13 0.00308 
   36   36    1    1    1    1    1    1    1    1  4.53409E+13 0.00318 
   37   37    1    1    1    1    1    1    1    1  1.44712E+13 0.00358 
   38   38    1    1    1    1    1    1    1    1  7.71130E+13 0.00309 
   39   39    1    1    1    1    1    1    1    1  1.02779E+14 0.00250 
   40   40    1    1    1    1    1    1    1    1  1.70171E+14 0.00207 
   41   41    1    1    1    1    1    1    1    1  1.78104E+14 0.00171 
   42   42    1    1    1    1    1    1    1    1  3.63201E+14 0.00199 
   43   43    1    1    1    1    1    1    1    1  4.33706E+14 0.00194 
   44   44    1    1    1    1    1    1    1    1  6.15718E+14 0.00178 
   45   45    1    1    1    1    1    1    1    1  1.16915E+15 0.00126 
   46   46    1    1    1    1    1    1    1    1  5.52354E+14 0.00133 
   47   47    1    1    1    1    1    1    1    1  8.99584E+14 0.00139 
   48   48    1    1    1    1    1    1    1    1  1.24320E+15 0.00135 
   49   49    1    1    1    1    1    1    1    1  1.23642E+15 0.00116 
   50   50    1    1    1    1    1    1    1    1  1.86587E+15 0.00130 
   51   51    1    1    1    1    1    1    1    1  1.52000E+15 0.00146 
   52   52    1    1    1    1    1    1    1    1  1.73576E+15 0.00137 
   53   53    1    1    1    1    1    1    1    1  1.21178E+15 0.00157 
   54   54    1    1    1    1    1    1    1    1  1.42854E+15 0.00151 
   55   55    1    1    1    1    1    1    1    1  9.91065E+14 0.00153 
   56   56    1    1    1    1    1    1    1    1  1.36339E+14 0.00205 
   57   57    1    1    1    1    1    1    1    1  1.96970E+15 0.00141 
   58   58    1    1    1    1    1    1    1    1  8.39240E+14 0.00184 
   59   59    1    1    1    1    1    1    1    1  8.98360E+14 0.00167 
   60   60    1    1    1    1    1    1    1    1  6.77620E+14 0.00178 
   61   61    1    1    1    1    1    1    1    1  6.82528E+14 0.00177 
   62   62    1    1    1    1    1    1    1    1  7.04052E+14 0.00175 
   63   63    1    1    1    1    1    1    1    1  5.86010E+14 0.00179 
   64   64    1    1    1    1    1    1    1    1  4.66548E+14 0.00175 
   65   65    1    1    1    1    1    1    1    1  4.60995E+14 0.00198 
   66   66    1    1    1    1    1    1    1    1  3.31936E+14 0.00186 
   67   67    1    1    1    1    1    1    1    1  2.73034E+14 0.00194 
   68   68    1    1    1    1    1    1    1    1  2.45877E+14 0.00244 
   69   69    1    1    1    1    1    1    1    1  2.95401E+14 0.00192 
   70   70    1    1    1    1    1    1    1    1  2.51494E+14 0.00259 
   71   71    1    1    1    1    1    1    1    1  4.70358E+14 0.00176 
   72   72    1    1    1    1    1    1    1    1  3.33621E+14 0.00250 
   73   73    1    1    1    1    1    1    1    1  2.49613E+14 0.00202 
   74   74    1    1    1    1    1    1    1    1  1.94951E+14 0.00214 
   75   75    1    1    1    1    1    1    1    1  1.57376E+14 0.00188 
   76   76    1    1    1    1    1    1    1    1  1.77962E+14 0.00221 
   77   77    1    1    1    1    1    1    1    1  1.36651E+14 0.00227 
   78   78    1    1    1    1    1    1    1    1  1.06991E+14 0.00284 
   79   79    1    1    1    1    1    1    1    1  1.08356E+14 0.00308 
   80   80    1    1    1    1    1    1    1    1  7.96921E+13 0.00324 
   81   81    1    1    1    1    1    1    1    1  6.08277E+13 0.00321 
   82   82    1    1    1    1    1    1    1    1  4.67777E+13 0.00318 
   83   83    1    1    1    1    1    1    1    1  4.36824E+13 0.00371 
   84   84    1    1    1    1    1    1    1    1  3.11872E+13 0.00506 
   85   85    1    1    1    1    1    1    1    1  2.25485E+13 0.00508 
   86   86    1    1    1    1    1    1    1    1  2.08949E+13 0.00456 
   87   87    1    1    1    1    1    1    1    1  1.31641E+13 0.00866 
   88   88    1    1    1    1    1    1    1    1  8.73116E+12 0.00743 
   89   89    1    1    1    1    1    1    1    1  4.98971E+12 0.00943 
   90   90    1    1    1    1    1    1    1    1  3.35320E+12 0.01216 
   91   91    1    1    1    1    1    1    1    1  1.71494E+12 0.01455 
   92   92    1    1    1    1    1    1    1    1  8.31674E+11 0.02248 
   93   93    1    1    1    1    1    1    1    1  4.10774E+11 0.03923 
   94   94    1    1    1    1    1    1    1    1  1.86631E+11 0.03679 
   95   95    1    1    1    1    1    1    1    1  9.40981E+10 0.07304 
   96   96    1    1    1    1    1    1    1    1  4.30106E+10 0.11027 
   97   97    1    1    1    1    1    1    1    1  1.80729E+10 0.16486 
   98   98    1    1    1    1    1    1    1    1  1.03249E+10 0.17805 
   99   99    1    1    1    1    1    1    1    1  2.57106E+09 0.53784 
  100  100    1    1    1    1    1    1    1    1  8.00185E+09 0.40663 
];


