
DETdpaspec = [
    1    1    1    1    1    1    1    1    1    1  0.00000E+00 0.00000 
    2    2    1    1    1    1    1    1    1    1  0.00000E+00 0.00000 
    3    3    1    1    1    1    1    1    1    1  0.00000E+00 0.00000 
    4    4    1    1    1    1    1    1    1    1  0.00000E+00 0.00000 
    5    5    1    1    1    1    1    1    1    1  0.00000E+00 0.00000 
    6    6    1    1    1    1    1    1    1    1  0.00000E+00 0.00000 
    7    7    1    1    1    1    1    1    1    1  0.00000E+00 0.00000 
    8    8    1    1    1    1    1    1    1    1  1.46166E+07 1.00000 
    9    9    1    1    1    1    1    1    1    1  0.00000E+00 0.00000 
   10   10    1    1    1    1    1    1    1    1  3.28437E+07 1.00000 
   11   11    1    1    1    1    1    1    1    1  4.02586E+07 1.00000 
   12   12    1    1    1    1    1    1    1    1  3.15772E+07 0.79761 
   13   13    1    1    1    1    1    1    1    1  1.41753E+09 0.66684 
   14   14    1    1    1    1    1    1    1    1  3.20972E+09 0.40739 
   15   15    1    1    1    1    1    1    1    1  3.40205E+09 0.51477 
   16   16    1    1    1    1    1    1    1    1  9.67297E+07 1.00000 
   17   17    1    1    1    1    1    1    1    1  2.45680E+09 0.27490 
   18   18    1    1    1    1    1    1    1    1  5.81259E+09 0.24119 
   19   19    1    1    1    1    1    1    1    1  7.44470E+09 0.18059 
   20   20    1    1    1    1    1    1    1    1  1.78105E+10 0.14580 
   21   21    1    1    1    1    1    1    1    1  1.56499E+10 0.10754 
   22   22    1    1    1    1    1    1    1    1  3.25865E+10 0.10217 
   23   23    1    1    1    1    1    1    1    1  6.16565E+10 0.08745 
   24   24    1    1    1    1    1    1    1    1  9.39744E+10 0.06593 
   25   25    1    1    1    1    1    1    1    1  1.18835E+11 0.07909 
   26   26    1    1    1    1    1    1    1    1  2.10446E+11 0.05383 
   27   27    1    1    1    1    1    1    1    1  3.33877E+11 0.04709 
   28   28    1    1    1    1    1    1    1    1  6.59451E+11 0.03095 
   29   29    1    1    1    1    1    1    1    1  1.08864E+12 0.02273 
   30   30    1    1    1    1    1    1    1    1  3.22752E+12 0.01257 
   31   31    1    1    1    1    1    1    1    1  1.02155E+13 0.00671 
   32   32    1    1    1    1    1    1    1    1  1.92386E+13 0.00593 
   33   33    1    1    1    1    1    1    1    1  4.59381E+13 0.00482 
   34   34    1    1    1    1    1    1    1    1  6.45844E+13 0.00306 
   35   35    1    1    1    1    1    1    1    1  8.57376E+13 0.00227 
   36   36    1    1    1    1    1    1    1    1  5.83176E+13 0.00235 
   37   37    1    1    1    1    1    1    1    1  1.79135E+13 0.00156 
   38   38    1    1    1    1    1    1    1    1  1.00973E+14 0.00176 
   39   39    1    1    1    1    1    1    1    1  1.36548E+14 0.00167 
   40   40    1    1    1    1    1    1    1    1  2.35158E+14 0.00175 
   41   41    1    1    1    1    1    1    1    1  2.39882E+14 0.00167 
   42   42    1    1    1    1    1    1    1    1  5.13801E+14 0.00111 
   43   43    1    1    1    1    1    1    1    1  6.27262E+14 0.00098 
   44   44    1    1    1    1    1    1    1    1  9.13825E+14 0.00094 
   45   45    1    1    1    1    1    1    1    1  1.83110E+15 0.00074 
   46   46    1    1    1    1    1    1    1    1  8.60031E+14 0.00080 
   47   47    1    1    1    1    1    1    1    1  1.39517E+15 0.00101 
   48   48    1    1    1    1    1    1    1    1  1.95386E+15 0.00077 
   49   49    1    1    1    1    1    1    1    1  1.94727E+15 0.00088 
   50   50    1    1    1    1    1    1    1    1  3.04384E+15 0.00079 
   51   51    1    1    1    1    1    1    1    1  2.44282E+15 0.00080 
   52   52    1    1    1    1    1    1    1    1  2.90908E+15 0.00069 
   53   53    1    1    1    1    1    1    1    1  2.02869E+15 0.00073 
   54   54    1    1    1    1    1    1    1    1  2.48251E+15 0.00070 
   55   55    1    1    1    1    1    1    1    1  1.71004E+15 0.00093 
   56   56    1    1    1    1    1    1    1    1  2.33012E+14 0.00109 
   57   57    1    1    1    1    1    1    1    1  3.41272E+15 0.00082 
   58   58    1    1    1    1    1    1    1    1  1.51899E+15 0.00074 
   59   59    1    1    1    1    1    1    1    1  1.61963E+15 0.00064 
   60   60    1    1    1    1    1    1    1    1  1.25864E+15 0.00049 
   61   61    1    1    1    1    1    1    1    1  1.26237E+15 0.00064 
   62   62    1    1    1    1    1    1    1    1  1.31746E+15 0.00077 
   63   63    1    1    1    1    1    1    1    1  1.11076E+15 0.00094 
   64   64    1    1    1    1    1    1    1    1  8.83798E+14 0.00074 
   65   65    1    1    1    1    1    1    1    1  8.79312E+14 0.00115 
   66   66    1    1    1    1    1    1    1    1  6.33901E+14 0.00109 
   67   67    1    1    1    1    1    1    1    1  5.17239E+14 0.00143 
   68   68    1    1    1    1    1    1    1    1  4.64881E+14 0.00124 
   69   69    1    1    1    1    1    1    1    1  5.58114E+14 0.00098 
   70   70    1    1    1    1    1    1    1    1  4.74349E+14 0.00102 
   71   71    1    1    1    1    1    1    1    1  8.67434E+14 0.00116 
   72   72    1    1    1    1    1    1    1    1  6.14573E+14 0.00148 
   73   73    1    1    1    1    1    1    1    1  4.62432E+14 0.00140 
   74   74    1    1    1    1    1    1    1    1  3.71672E+14 0.00134 
   75   75    1    1    1    1    1    1    1    1  3.08559E+14 0.00115 
   76   76    1    1    1    1    1    1    1    1  3.56543E+14 0.00125 
   77   77    1    1    1    1    1    1    1    1  2.80290E+14 0.00172 
   78   78    1    1    1    1    1    1    1    1  2.23440E+14 0.00154 
   79   79    1    1    1    1    1    1    1    1  2.29958E+14 0.00179 
   80   80    1    1    1    1    1    1    1    1  1.70700E+14 0.00164 
   81   81    1    1    1    1    1    1    1    1  1.31144E+14 0.00221 
   82   82    1    1    1    1    1    1    1    1  1.01209E+14 0.00218 
   83   83    1    1    1    1    1    1    1    1  9.44213E+13 0.00252 
   84   84    1    1    1    1    1    1    1    1  6.76446E+13 0.00327 
   85   85    1    1    1    1    1    1    1    1  4.91731E+13 0.00327 
   86   86    1    1    1    1    1    1    1    1  4.57844E+13 0.00399 
   87   87    1    1    1    1    1    1    1    1  2.83716E+13 0.00370 
   88   88    1    1    1    1    1    1    1    1  1.88925E+13 0.00544 
   89   89    1    1    1    1    1    1    1    1  1.09504E+13 0.00583 
   90   90    1    1    1    1    1    1    1    1  7.31529E+12 0.00546 
   91   91    1    1    1    1    1    1    1    1  3.66841E+12 0.00997 
   92   92    1    1    1    1    1    1    1    1  1.80989E+12 0.02049 
   93   93    1    1    1    1    1    1    1    1  8.72522E+11 0.02703 
   94   94    1    1    1    1    1    1    1    1  4.18438E+11 0.02933 
   95   95    1    1    1    1    1    1    1    1  2.10187E+11 0.06432 
   96   96    1    1    1    1    1    1    1    1  1.00358E+11 0.09212 
   97   97    1    1    1    1    1    1    1    1  4.36021E+10 0.09505 
   98   98    1    1    1    1    1    1    1    1  2.41967E+10 0.17336 
   99   99    1    1    1    1    1    1    1    1  1.68381E+10 0.19227 
  100  100    1    1    1    1    1    1    1    1  7.35255E+09 0.16028 
];


