
DETdpaspec = [
    1    1    1    1    1    1    1    1    1    1  0.00000E+00 0.00000 
    2    2    1    1    1    1    1    1    1    1  0.00000E+00 0.00000 
    3    3    1    1    1    1    1    1    1    1  0.00000E+00 0.00000 
    4    4    1    1    1    1    1    1    1    1  0.00000E+00 0.00000 
    5    5    1    1    1    1    1    1    1    1  0.00000E+00 0.00000 
    6    6    1    1    1    1    1    1    1    1  0.00000E+00 0.00000 
    7    7    1    1    1    1    1    1    1    1  0.00000E+00 0.00000 
    8    8    1    1    1    1    1    1    1    1  0.00000E+00 0.00000 
    9    9    1    1    1    1    1    1    1    1  0.00000E+00 0.00000 
   10   10    1    1    1    1    1    1    1    1  0.00000E+00 0.00000 
   11   11    1    1    1    1    1    1    1    1  0.00000E+00 0.00000 
   12   12    1    1    1    1    1    1    1    1  0.00000E+00 0.00000 
   13   13    1    1    1    1    1    1    1    1  0.00000E+00 0.00000 
   14   14    1    1    1    1    1    1    1    1  0.00000E+00 0.00000 
   15   15    1    1    1    1    1    1    1    1  0.00000E+00 0.00000 
   16   16    1    1    1    1    1    1    1    1  1.05122E+09 0.94245 
   17   17    1    1    1    1    1    1    1    1  2.09177E+09 0.60992 
   18   18    1    1    1    1    1    1    1    1  1.15596E+09 0.43584 
   19   19    1    1    1    1    1    1    1    1  1.57080E+09 0.71213 
   20   20    1    1    1    1    1    1    1    1  1.08933E+10 0.28097 
   21   21    1    1    1    1    1    1    1    1  7.36215E+10 0.10310 
   22   22    1    1    1    1    1    1    1    1  2.97708E+11 0.05680 
   23   23    1    1    1    1    1    1    1    1  9.64768E+11 0.02729 
   24   24    1    1    1    1    1    1    1    1  2.29442E+12 0.01925 
   25   25    1    1    1    1    1    1    1    1  3.25749E+12 0.01305 
   26   26    1    1    1    1    1    1    1    1  6.03999E+12 0.00887 
   27   27    1    1    1    1    1    1    1    1  1.01916E+13 0.00957 
   28   28    1    1    1    1    1    1    1    1  1.63038E+13 0.00534 
   29   29    1    1    1    1    1    1    1    1  2.31031E+13 0.00495 
   30   30    1    1    1    1    1    1    1    1  4.03075E+13 0.00385 
   31   31    1    1    1    1    1    1    1    1  7.17360E+13 0.00228 
   32   32    1    1    1    1    1    1    1    1  9.78803E+13 0.00284 
   33   33    1    1    1    1    1    1    1    1  1.80030E+14 0.00204 
   34   34    1    1    1    1    1    1    1    1  2.08451E+14 0.00153 
   35   35    1    1    1    1    1    1    1    1  2.00925E+14 0.00165 
   36   36    1    1    1    1    1    1    1    1  1.15553E+14 0.00177 
   37   37    1    1    1    1    1    1    1    1  3.32875E+13 0.00188 
   38   38    1    1    1    1    1    1    1    1  1.90602E+14 0.00171 
   39   39    1    1    1    1    1    1    1    1  2.48774E+14 0.00166 
   40   40    1    1    1    1    1    1    1    1  4.14641E+14 0.00160 
   41   41    1    1    1    1    1    1    1    1  3.90599E+14 0.00148 
   42   42    1    1    1    1    1    1    1    1  8.31511E+14 0.00137 
   43   43    1    1    1    1    1    1    1    1  9.71392E+14 0.00123 
   44   44    1    1    1    1    1    1    1    1  1.34890E+15 0.00117 
   45   45    1    1    1    1    1    1    1    1  2.55185E+15 0.00117 
   46   46    1    1    1    1    1    1    1    1  1.10420E+15 0.00123 
   47   47    1    1    1    1    1    1    1    1  1.72860E+15 0.00117 
   48   48    1    1    1    1    1    1    1    1  2.31724E+15 0.00124 
   49   49    1    1    1    1    1    1    1    1  2.21437E+15 0.00139 
   50   50    1    1    1    1    1    1    1    1  3.37437E+15 0.00153 
   51   51    1    1    1    1    1    1    1    1  2.53843E+15 0.00144 
   52   52    1    1    1    1    1    1    1    1  3.01391E+15 0.00118 
   53   53    1    1    1    1    1    1    1    1  2.01883E+15 0.00139 
   54   54    1    1    1    1    1    1    1    1  2.47721E+15 0.00141 
   55   55    1    1    1    1    1    1    1    1  1.66634E+15 0.00138 
   56   56    1    1    1    1    1    1    1    1  2.22888E+14 0.00162 
   57   57    1    1    1    1    1    1    1    1  3.24219E+15 0.00137 
   58   58    1    1    1    1    1    1    1    1  1.46004E+15 0.00165 
   59   59    1    1    1    1    1    1    1    1  1.51543E+15 0.00164 
   60   60    1    1    1    1    1    1    1    1  1.18836E+15 0.00163 
   61   61    1    1    1    1    1    1    1    1  1.17541E+15 0.00149 
   62   62    1    1    1    1    1    1    1    1  1.21447E+15 0.00160 
   63   63    1    1    1    1    1    1    1    1  1.01292E+15 0.00153 
   64   64    1    1    1    1    1    1    1    1  7.95199E+14 0.00165 
   65   65    1    1    1    1    1    1    1    1  7.80935E+14 0.00192 
   66   66    1    1    1    1    1    1    1    1  5.54925E+14 0.00217 
   67   67    1    1    1    1    1    1    1    1  4.45040E+14 0.00206 
   68   68    1    1    1    1    1    1    1    1  3.95479E+14 0.00180 
   69   69    1    1    1    1    1    1    1    1  4.69910E+14 0.00219 
   70   70    1    1    1    1    1    1    1    1  3.94016E+14 0.00166 
   71   71    1    1    1    1    1    1    1    1  6.89508E+14 0.00206 
   72   72    1    1    1    1    1    1    1    1  4.76694E+14 0.00214 
   73   73    1    1    1    1    1    1    1    1  3.55519E+14 0.00270 
   74   74    1    1    1    1    1    1    1    1  2.88175E+14 0.00236 
   75   75    1    1    1    1    1    1    1    1  2.41058E+14 0.00263 
   76   76    1    1    1    1    1    1    1    1  2.81051E+14 0.00258 
   77   77    1    1    1    1    1    1    1    1  2.23369E+14 0.00280 
   78   78    1    1    1    1    1    1    1    1  1.78763E+14 0.00270 
   79   79    1    1    1    1    1    1    1    1  1.83937E+14 0.00243 
   80   80    1    1    1    1    1    1    1    1  1.35726E+14 0.00350 
   81   81    1    1    1    1    1    1    1    1  1.03771E+14 0.00247 
   82   82    1    1    1    1    1    1    1    1  7.90004E+13 0.00332 
   83   83    1    1    1    1    1    1    1    1  7.29457E+13 0.00317 
   84   84    1    1    1    1    1    1    1    1  5.21834E+13 0.00412 
   85   85    1    1    1    1    1    1    1    1  3.73024E+13 0.00439 
   86   86    1    1    1    1    1    1    1    1  3.41401E+13 0.00408 
   87   87    1    1    1    1    1    1    1    1  2.05693E+13 0.00406 
   88   88    1    1    1    1    1    1    1    1  1.34297E+13 0.00480 
   89   89    1    1    1    1    1    1    1    1  7.58285E+12 0.00679 
   90   90    1    1    1    1    1    1    1    1  4.82855E+12 0.01030 
   91   91    1    1    1    1    1    1    1    1  2.37596E+12 0.01212 
   92   92    1    1    1    1    1    1    1    1  1.10079E+12 0.02342 
   93   93    1    1    1    1    1    1    1    1  5.15197E+11 0.03388 
   94   94    1    1    1    1    1    1    1    1  2.33897E+11 0.04745 
   95   95    1    1    1    1    1    1    1    1  1.21168E+11 0.07790 
   96   96    1    1    1    1    1    1    1    1  5.14896E+10 0.07986 
   97   97    1    1    1    1    1    1    1    1  1.68840E+10 0.17936 
   98   98    1    1    1    1    1    1    1    1  9.02123E+09 0.22072 
   99   99    1    1    1    1    1    1    1    1  4.97247E+09 0.31629 
  100  100    1    1    1    1    1    1    1    1  5.70910E+09 0.30612 
];


