
DETdpaspec = [
    1    1    1    1    1    1    1    1    1    1  0.00000E+00 0.00000 
    2    2    1    1    1    1    1    1    1    1  0.00000E+00 0.00000 
    3    3    1    1    1    1    1    1    1    1  0.00000E+00 0.00000 
    4    4    1    1    1    1    1    1    1    1  0.00000E+00 0.00000 
    5    5    1    1    1    1    1    1    1    1  0.00000E+00 0.00000 
    6    6    1    1    1    1    1    1    1    1  0.00000E+00 0.00000 
    7    7    1    1    1    1    1    1    1    1  0.00000E+00 0.00000 
    8    8    1    1    1    1    1    1    1    1  2.02377E+07 1.00000 
    9    9    1    1    1    1    1    1    1    1  8.10311E+06 1.00000 
   10   10    1    1    1    1    1    1    1    1  0.00000E+00 0.00000 
   11   11    1    1    1    1    1    1    1    1  6.45737E+07 1.00000 
   12   12    1    1    1    1    1    1    1    1  4.78989E+07 1.00000 
   13   13    1    1    1    1    1    1    1    1  8.85668E+08 0.63765 
   14   14    1    1    1    1    1    1    1    1  4.09553E+09 0.36078 
   15   15    1    1    1    1    1    1    1    1  6.22774E+09 0.37504 
   16   16    1    1    1    1    1    1    1    1  2.44875E+09 0.38085 
   17   17    1    1    1    1    1    1    1    1  1.14223E+09 0.42710 
   18   18    1    1    1    1    1    1    1    1  3.54643E+09 0.54108 
   19   19    1    1    1    1    1    1    1    1  4.38391E+09 0.30299 
   20   20    1    1    1    1    1    1    1    1  1.79091E+10 0.15260 
   21   21    1    1    1    1    1    1    1    1  1.19409E+10 0.22324 
   22   22    1    1    1    1    1    1    1    1  2.98520E+10 0.11965 
   23   23    1    1    1    1    1    1    1    1  4.25454E+10 0.08584 
   24   24    1    1    1    1    1    1    1    1  8.71213E+10 0.07557 
   25   25    1    1    1    1    1    1    1    1  1.33242E+11 0.04417 
   26   26    1    1    1    1    1    1    1    1  2.24186E+11 0.04990 
   27   27    1    1    1    1    1    1    1    1  4.79989E+11 0.02496 
   28   28    1    1    1    1    1    1    1    1  1.18371E+12 0.02724 
   29   29    1    1    1    1    1    1    1    1  2.17098E+12 0.01397 
   30   30    1    1    1    1    1    1    1    1  5.65653E+12 0.01169 
   31   31    1    1    1    1    1    1    1    1  1.63433E+13 0.00862 
   32   32    1    1    1    1    1    1    1    1  2.93387E+13 0.00509 
   33   33    1    1    1    1    1    1    1    1  6.87393E+13 0.00368 
   34   34    1    1    1    1    1    1    1    1  9.51533E+13 0.00320 
   35   35    1    1    1    1    1    1    1    1  1.13593E+14 0.00249 
   36   36    1    1    1    1    1    1    1    1  7.33843E+13 0.00171 
   37   37    1    1    1    1    1    1    1    1  2.20567E+13 0.00224 
   38   38    1    1    1    1    1    1    1    1  1.26136E+14 0.00198 
   39   39    1    1    1    1    1    1    1    1  1.69831E+14 0.00142 
   40   40    1    1    1    1    1    1    1    1  2.92968E+14 0.00125 
   41   41    1    1    1    1    1    1    1    1  2.91237E+14 0.00114 
   42   42    1    1    1    1    1    1    1    1  6.32269E+14 0.00080 
   43   43    1    1    1    1    1    1    1    1  7.70275E+14 0.00068 
   44   44    1    1    1    1    1    1    1    1  1.11766E+15 0.00096 
   45   45    1    1    1    1    1    1    1    1  2.24443E+15 0.00073 
   46   46    1    1    1    1    1    1    1    1  1.03509E+15 0.00063 
   47   47    1    1    1    1    1    1    1    1  1.66194E+15 0.00062 
   48   48    1    1    1    1    1    1    1    1  2.31690E+15 0.00068 
   49   49    1    1    1    1    1    1    1    1  2.29050E+15 0.00069 
   50   50    1    1    1    1    1    1    1    1  3.60266E+15 0.00049 
   51   51    1    1    1    1    1    1    1    1  2.83907E+15 0.00053 
   52   52    1    1    1    1    1    1    1    1  3.42592E+15 0.00057 
   53   53    1    1    1    1    1    1    1    1  2.37182E+15 0.00055 
   54   54    1    1    1    1    1    1    1    1  2.93993E+15 0.00057 
   55   55    1    1    1    1    1    1    1    1  2.01918E+15 0.00063 
   56   56    1    1    1    1    1    1    1    1  2.73540E+14 0.00098 
   57   57    1    1    1    1    1    1    1    1  4.01046E+15 0.00055 
   58   58    1    1    1    1    1    1    1    1  1.81807E+15 0.00053 
   59   59    1    1    1    1    1    1    1    1  1.92518E+15 0.00052 
   60   60    1    1    1    1    1    1    1    1  1.51585E+15 0.00080 
   61   61    1    1    1    1    1    1    1    1  1.51535E+15 0.00060 
   62   62    1    1    1    1    1    1    1    1  1.58189E+15 0.00069 
   63   63    1    1    1    1    1    1    1    1  1.33415E+15 0.00088 
   64   64    1    1    1    1    1    1    1    1  1.06359E+15 0.00102 
   65   65    1    1    1    1    1    1    1    1  1.05662E+15 0.00079 
   66   66    1    1    1    1    1    1    1    1  7.61350E+14 0.00086 
   67   67    1    1    1    1    1    1    1    1  6.18316E+14 0.00087 
   68   68    1    1    1    1    1    1    1    1  5.54400E+14 0.00113 
   69   69    1    1    1    1    1    1    1    1  6.64018E+14 0.00104 
   70   70    1    1    1    1    1    1    1    1  5.63966E+14 0.00095 
   71   71    1    1    1    1    1    1    1    1  1.01574E+15 0.00094 
   72   72    1    1    1    1    1    1    1    1  7.17910E+14 0.00093 
   73   73    1    1    1    1    1    1    1    1  5.41601E+14 0.00102 
   74   74    1    1    1    1    1    1    1    1  4.37794E+14 0.00133 
   75   75    1    1    1    1    1    1    1    1  3.65943E+14 0.00106 
   76   76    1    1    1    1    1    1    1    1  4.27923E+14 0.00117 
   77   77    1    1    1    1    1    1    1    1  3.41540E+14 0.00152 
   78   78    1    1    1    1    1    1    1    1  2.73643E+14 0.00170 
   79   79    1    1    1    1    1    1    1    1  2.83678E+14 0.00158 
   80   80    1    1    1    1    1    1    1    1  2.11044E+14 0.00153 
   81   81    1    1    1    1    1    1    1    1  1.63287E+14 0.00138 
   82   82    1    1    1    1    1    1    1    1  1.25363E+14 0.00225 
   83   83    1    1    1    1    1    1    1    1  1.17435E+14 0.00172 
   84   84    1    1    1    1    1    1    1    1  8.43365E+13 0.00231 
   85   85    1    1    1    1    1    1    1    1  6.12127E+13 0.00259 
   86   86    1    1    1    1    1    1    1    1  5.69861E+13 0.00318 
   87   87    1    1    1    1    1    1    1    1  3.49209E+13 0.00399 
   88   88    1    1    1    1    1    1    1    1  2.36124E+13 0.00482 
   89   89    1    1    1    1    1    1    1    1  1.33930E+13 0.00641 
   90   90    1    1    1    1    1    1    1    1  8.87813E+12 0.00739 
   91   91    1    1    1    1    1    1    1    1  4.46074E+12 0.01063 
   92   92    1    1    1    1    1    1    1    1  2.09405E+12 0.01934 
   93   93    1    1    1    1    1    1    1    1  9.97481E+11 0.02379 
   94   94    1    1    1    1    1    1    1    1  5.05736E+11 0.02562 
   95   95    1    1    1    1    1    1    1    1  2.44977E+11 0.04345 
   96   96    1    1    1    1    1    1    1    1  1.11424E+11 0.07478 
   97   97    1    1    1    1    1    1    1    1  5.54077E+10 0.11880 
   98   98    1    1    1    1    1    1    1    1  2.87062E+10 0.19397 
   99   99    1    1    1    1    1    1    1    1  5.48855E+09 0.24554 
  100  100    1    1    1    1    1    1    1    1  1.42734E+10 0.17179 
];


