
DETdpaspec = [
    1    1    1    1    1    1    1    1    1    1  0.00000E+00 0.00000 
    2    2    1    1    1    1    1    1    1    1  0.00000E+00 0.00000 
    3    3    1    1    1    1    1    1    1    1  0.00000E+00 0.00000 
    4    4    1    1    1    1    1    1    1    1  0.00000E+00 0.00000 
    5    5    1    1    1    1    1    1    1    1  0.00000E+00 0.00000 
    6    6    1    1    1    1    1    1    1    1  0.00000E+00 0.00000 
    7    7    1    1    1    1    1    1    1    1  0.00000E+00 0.00000 
    8    8    1    1    1    1    1    1    1    1  0.00000E+00 0.00000 
    9    9    1    1    1    1    1    1    1    1  0.00000E+00 0.00000 
   10   10    1    1    1    1    1    1    1    1  1.16543E+08 1.00000 
   11   11    1    1    1    1    1    1    1    1  1.70295E+08 0.57450 
   12   12    1    1    1    1    1    1    1    1  1.38778E+07 1.00000 
   13   13    1    1    1    1    1    1    1    1  6.10860E+08 0.57184 
   14   14    1    1    1    1    1    1    1    1  1.53889E+09 0.36444 
   15   15    1    1    1    1    1    1    1    1  2.17460E+09 0.56468 
   16   16    1    1    1    1    1    1    1    1  7.95851E+08 0.26707 
   17   17    1    1    1    1    1    1    1    1  1.31194E+09 0.33833 
   18   18    1    1    1    1    1    1    1    1  5.21116E+09 0.28179 
   19   19    1    1    1    1    1    1    1    1  5.94466E+09 0.23842 
   20   20    1    1    1    1    1    1    1    1  2.22930E+10 0.17819 
   21   21    1    1    1    1    1    1    1    1  1.70337E+10 0.13306 
   22   22    1    1    1    1    1    1    1    1  3.62265E+10 0.08636 
   23   23    1    1    1    1    1    1    1    1  5.37784E+10 0.07409 
   24   24    1    1    1    1    1    1    1    1  1.00260E+11 0.07007 
   25   25    1    1    1    1    1    1    1    1  1.28996E+11 0.04098 
   26   26    1    1    1    1    1    1    1    1  1.75839E+11 0.04896 
   27   27    1    1    1    1    1    1    1    1  3.10081E+11 0.04838 
   28   28    1    1    1    1    1    1    1    1  6.17721E+11 0.02756 
   29   29    1    1    1    1    1    1    1    1  9.35414E+11 0.01502 
   30   30    1    1    1    1    1    1    1    1  2.91984E+12 0.01170 
   31   31    1    1    1    1    1    1    1    1  8.97427E+12 0.00770 
   32   32    1    1    1    1    1    1    1    1  1.70873E+13 0.00519 
   33   33    1    1    1    1    1    1    1    1  4.05806E+13 0.00430 
   34   34    1    1    1    1    1    1    1    1  5.61260E+13 0.00379 
   35   35    1    1    1    1    1    1    1    1  7.72179E+13 0.00254 
   36   36    1    1    1    1    1    1    1    1  5.33565E+13 0.00222 
   37   37    1    1    1    1    1    1    1    1  1.65339E+13 0.00265 
   38   38    1    1    1    1    1    1    1    1  9.20317E+13 0.00173 
   39   39    1    1    1    1    1    1    1    1  1.24469E+14 0.00222 
   40   40    1    1    1    1    1    1    1    1  2.12740E+14 0.00165 
   41   41    1    1    1    1    1    1    1    1  2.18852E+14 0.00145 
   42   42    1    1    1    1    1    1    1    1  4.64324E+14 0.00148 
   43   43    1    1    1    1    1    1    1    1  5.64427E+14 0.00147 
   44   44    1    1    1    1    1    1    1    1  8.20890E+14 0.00118 
   45   45    1    1    1    1    1    1    1    1  1.62810E+15 0.00092 
   46   46    1    1    1    1    1    1    1    1  7.68131E+14 0.00098 
   47   47    1    1    1    1    1    1    1    1  1.24795E+15 0.00101 
   48   48    1    1    1    1    1    1    1    1  1.74785E+15 0.00087 
   49   49    1    1    1    1    1    1    1    1  1.74108E+15 0.00089 
   50   50    1    1    1    1    1    1    1    1  2.70190E+15 0.00101 
   51   51    1    1    1    1    1    1    1    1  2.17846E+15 0.00086 
   52   52    1    1    1    1    1    1    1    1  2.56900E+15 0.00076 
   53   53    1    1    1    1    1    1    1    1  1.79329E+15 0.00064 
   54   54    1    1    1    1    1    1    1    1  2.17218E+15 0.00078 
   55   55    1    1    1    1    1    1    1    1  1.50053E+15 0.00079 
   56   56    1    1    1    1    1    1    1    1  2.05099E+14 0.00101 
   57   57    1    1    1    1    1    1    1    1  2.99105E+15 0.00082 
   58   58    1    1    1    1    1    1    1    1  1.31442E+15 0.00101 
   59   59    1    1    1    1    1    1    1    1  1.40559E+15 0.00098 
   60   60    1    1    1    1    1    1    1    1  1.08304E+15 0.00123 
   61   61    1    1    1    1    1    1    1    1  1.08928E+15 0.00097 
   62   62    1    1    1    1    1    1    1    1  1.13337E+15 0.00121 
   63   63    1    1    1    1    1    1    1    1  9.51471E+14 0.00142 
   64   64    1    1    1    1    1    1    1    1  7.57998E+14 0.00105 
   65   65    1    1    1    1    1    1    1    1  7.52911E+14 0.00139 
   66   66    1    1    1    1    1    1    1    1  5.41898E+14 0.00162 
   67   67    1    1    1    1    1    1    1    1  4.43122E+14 0.00189 
   68   68    1    1    1    1    1    1    1    1  3.98530E+14 0.00164 
   69   69    1    1    1    1    1    1    1    1  4.78690E+14 0.00159 
   70   70    1    1    1    1    1    1    1    1  4.07996E+14 0.00138 
   71   71    1    1    1    1    1    1    1    1  7.50138E+14 0.00118 
   72   72    1    1    1    1    1    1    1    1  5.31413E+14 0.00112 
   73   73    1    1    1    1    1    1    1    1  3.99897E+14 0.00124 
   74   74    1    1    1    1    1    1    1    1  3.18708E+14 0.00140 
   75   75    1    1    1    1    1    1    1    1  2.62108E+14 0.00143 
   76   76    1    1    1    1    1    1    1    1  3.01470E+14 0.00226 
   77   77    1    1    1    1    1    1    1    1  2.36244E+14 0.00203 
   78   78    1    1    1    1    1    1    1    1  1.86907E+14 0.00247 
   79   79    1    1    1    1    1    1    1    1  1.92451E+14 0.00134 
   80   80    1    1    1    1    1    1    1    1  1.42202E+14 0.00188 
   81   81    1    1    1    1    1    1    1    1  1.09195E+14 0.00247 
   82   82    1    1    1    1    1    1    1    1  8.37482E+13 0.00243 
   83   83    1    1    1    1    1    1    1    1  7.84806E+13 0.00306 
   84   84    1    1    1    1    1    1    1    1  5.66886E+13 0.00290 
   85   85    1    1    1    1    1    1    1    1  4.07846E+13 0.00486 
   86   86    1    1    1    1    1    1    1    1  3.79824E+13 0.00326 
   87   87    1    1    1    1    1    1    1    1  2.34756E+13 0.00551 
   88   88    1    1    1    1    1    1    1    1  1.56947E+13 0.00501 
   89   89    1    1    1    1    1    1    1    1  8.97532E+12 0.00843 
   90   90    1    1    1    1    1    1    1    1  5.98603E+12 0.00873 
   91   91    1    1    1    1    1    1    1    1  3.03705E+12 0.01427 
   92   92    1    1    1    1    1    1    1    1  1.49410E+12 0.02255 
   93   93    1    1    1    1    1    1    1    1  7.62031E+11 0.02715 
   94   94    1    1    1    1    1    1    1    1  3.20819E+11 0.03427 
   95   95    1    1    1    1    1    1    1    1  1.79493E+11 0.05358 
   96   96    1    1    1    1    1    1    1    1  7.24375E+10 0.07545 
   97   97    1    1    1    1    1    1    1    1  3.73776E+10 0.11950 
   98   98    1    1    1    1    1    1    1    1  1.57790E+10 0.15525 
   99   99    1    1    1    1    1    1    1    1  1.05942E+10 0.19187 
  100  100    1    1    1    1    1    1    1    1  7.88620E+09 0.30604 
];


