
DETdpaspec = [
    1    1    1    1    1    1    1    1    1    1  0.00000E+00 0.00000 
    2    2    1    1    1    1    1    1    1    1  0.00000E+00 0.00000 
    3    3    1    1    1    1    1    1    1    1  0.00000E+00 0.00000 
    4    4    1    1    1    1    1    1    1    1  0.00000E+00 0.00000 
    5    5    1    1    1    1    1    1    1    1  0.00000E+00 0.00000 
    6    6    1    1    1    1    1    1    1    1  0.00000E+00 0.00000 
    7    7    1    1    1    1    1    1    1    1  0.00000E+00 0.00000 
    8    8    1    1    1    1    1    1    1    1  2.57254E+07 0.70950 
    9    9    1    1    1    1    1    1    1    1  0.00000E+00 0.00000 
   10   10    1    1    1    1    1    1    1    1  2.95717E+07 1.00000 
   11   11    1    1    1    1    1    1    1    1  4.90405E+07 1.00000 
   12   12    1    1    1    1    1    1    1    1  4.91939E+07 0.61194 
   13   13    1    1    1    1    1    1    1    1  1.05831E+09 0.39555 
   14   14    1    1    1    1    1    1    1    1  7.18616E+08 0.67995 
   15   15    1    1    1    1    1    1    1    1  4.01786E+09 0.51128 
   16   16    1    1    1    1    1    1    1    1  1.28909E+09 0.29410 
   17   17    1    1    1    1    1    1    1    1  1.86111E+09 0.31835 
   18   18    1    1    1    1    1    1    1    1  6.37863E+09 0.21095 
   19   19    1    1    1    1    1    1    1    1  6.17259E+09 0.11164 
   20   20    1    1    1    1    1    1    1    1  2.05107E+10 0.12366 
   21   21    1    1    1    1    1    1    1    1  1.82247E+10 0.07829 
   22   22    1    1    1    1    1    1    1    1  4.35341E+10 0.10234 
   23   23    1    1    1    1    1    1    1    1  5.33102E+10 0.09093 
   24   24    1    1    1    1    1    1    1    1  8.89497E+10 0.08956 
   25   25    1    1    1    1    1    1    1    1  1.09666E+11 0.06592 
   26   26    1    1    1    1    1    1    1    1  1.84992E+11 0.04340 
   27   27    1    1    1    1    1    1    1    1  3.05791E+11 0.02749 
   28   28    1    1    1    1    1    1    1    1  5.88513E+11 0.03341 
   29   29    1    1    1    1    1    1    1    1  9.47079E+11 0.01912 
   30   30    1    1    1    1    1    1    1    1  2.83597E+12 0.01675 
   31   31    1    1    1    1    1    1    1    1  9.02517E+12 0.00814 
   32   32    1    1    1    1    1    1    1    1  1.71357E+13 0.00603 
   33   33    1    1    1    1    1    1    1    1  4.04312E+13 0.00294 
   34   34    1    1    1    1    1    1    1    1  5.61167E+13 0.00249 
   35   35    1    1    1    1    1    1    1    1  7.72679E+13 0.00221 
   36   36    1    1    1    1    1    1    1    1  5.34843E+13 0.00214 
   37   37    1    1    1    1    1    1    1    1  1.66203E+13 0.00211 
   38   38    1    1    1    1    1    1    1    1  9.21436E+13 0.00203 
   39   39    1    1    1    1    1    1    1    1  1.24490E+14 0.00165 
   40   40    1    1    1    1    1    1    1    1  2.13079E+14 0.00166 
   41   41    1    1    1    1    1    1    1    1  2.19491E+14 0.00147 
   42   42    1    1    1    1    1    1    1    1  4.65493E+14 0.00201 
   43   43    1    1    1    1    1    1    1    1  5.65392E+14 0.00128 
   44   44    1    1    1    1    1    1    1    1  8.21207E+14 0.00138 
   45   45    1    1    1    1    1    1    1    1  1.63442E+15 0.00086 
   46   46    1    1    1    1    1    1    1    1  7.70910E+14 0.00093 
   47   47    1    1    1    1    1    1    1    1  1.25232E+15 0.00095 
   48   48    1    1    1    1    1    1    1    1  1.75014E+15 0.00101 
   49   49    1    1    1    1    1    1    1    1  1.74481E+15 0.00095 
   50   50    1    1    1    1    1    1    1    1  2.70739E+15 0.00081 
   51   51    1    1    1    1    1    1    1    1  2.18554E+15 0.00096 
   52   52    1    1    1    1    1    1    1    1  2.57713E+15 0.00079 
   53   53    1    1    1    1    1    1    1    1  1.79981E+15 0.00069 
   54   54    1    1    1    1    1    1    1    1  2.18020E+15 0.00093 
   55   55    1    1    1    1    1    1    1    1  1.50605E+15 0.00112 
   56   56    1    1    1    1    1    1    1    1  2.05437E+14 0.00158 
   57   57    1    1    1    1    1    1    1    1  2.99976E+15 0.00102 
   58   58    1    1    1    1    1    1    1    1  1.32045E+15 0.00088 
   59   59    1    1    1    1    1    1    1    1  1.41068E+15 0.00116 
   60   60    1    1    1    1    1    1    1    1  1.08824E+15 0.00117 
   61   61    1    1    1    1    1    1    1    1  1.09285E+15 0.00118 
   62   62    1    1    1    1    1    1    1    1  1.13930E+15 0.00093 
   63   63    1    1    1    1    1    1    1    1  9.56502E+14 0.00105 
   64   64    1    1    1    1    1    1    1    1  7.61465E+14 0.00113 
   65   65    1    1    1    1    1    1    1    1  7.56503E+14 0.00124 
   66   66    1    1    1    1    1    1    1    1  5.44990E+14 0.00108 
   67   67    1    1    1    1    1    1    1    1  4.45613E+14 0.00123 
   68   68    1    1    1    1    1    1    1    1  4.00203E+14 0.00136 
   69   69    1    1    1    1    1    1    1    1  4.80851E+14 0.00199 
   70   70    1    1    1    1    1    1    1    1  4.09713E+14 0.00148 
   71   71    1    1    1    1    1    1    1    1  7.51865E+14 0.00163 
   72   72    1    1    1    1    1    1    1    1  5.33109E+14 0.00126 
   73   73    1    1    1    1    1    1    1    1  4.00794E+14 0.00182 
   74   74    1    1    1    1    1    1    1    1  3.19997E+14 0.00174 
   75   75    1    1    1    1    1    1    1    1  2.63172E+14 0.00143 
   76   76    1    1    1    1    1    1    1    1  3.02459E+14 0.00100 
   77   77    1    1    1    1    1    1    1    1  2.38473E+14 0.00183 
   78   78    1    1    1    1    1    1    1    1  1.88590E+14 0.00194 
   79   79    1    1    1    1    1    1    1    1  1.93275E+14 0.00156 
   80   80    1    1    1    1    1    1    1    1  1.42579E+14 0.00223 
   81   81    1    1    1    1    1    1    1    1  1.09510E+14 0.00228 
   82   82    1    1    1    1    1    1    1    1  8.44326E+13 0.00225 
   83   83    1    1    1    1    1    1    1    1  7.84647E+13 0.00256 
   84   84    1    1    1    1    1    1    1    1  5.65781E+13 0.00369 
   85   85    1    1    1    1    1    1    1    1  4.06665E+13 0.00321 
   86   86    1    1    1    1    1    1    1    1  3.83617E+13 0.00445 
   87   87    1    1    1    1    1    1    1    1  2.34740E+13 0.00367 
   88   88    1    1    1    1    1    1    1    1  1.58105E+13 0.00686 
   89   89    1    1    1    1    1    1    1    1  9.12193E+12 0.00642 
   90   90    1    1    1    1    1    1    1    1  6.07970E+12 0.00783 
   91   91    1    1    1    1    1    1    1    1  3.09136E+12 0.01633 
   92   92    1    1    1    1    1    1    1    1  1.50260E+12 0.02249 
   93   93    1    1    1    1    1    1    1    1  7.36097E+11 0.02434 
   94   94    1    1    1    1    1    1    1    1  3.56916E+11 0.04727 
   95   95    1    1    1    1    1    1    1    1  1.72280E+11 0.07443 
   96   96    1    1    1    1    1    1    1    1  7.52491E+10 0.08549 
   97   97    1    1    1    1    1    1    1    1  3.57453E+10 0.13440 
   98   98    1    1    1    1    1    1    1    1  1.85592E+10 0.17604 
   99   99    1    1    1    1    1    1    1    1  9.09743E+09 0.22930 
  100  100    1    1    1    1    1    1    1    1  6.52530E+09 0.31233 
];


