
DETdpaspec = [
    1    1    1    1    1    1    1    1    1    1  0.00000E+00 0.00000 
    2    2    1    1    1    1    1    1    1    1  0.00000E+00 0.00000 
    3    3    1    1    1    1    1    1    1    1  0.00000E+00 0.00000 
    4    4    1    1    1    1    1    1    1    1  0.00000E+00 0.00000 
    5    5    1    1    1    1    1    1    1    1  0.00000E+00 0.00000 
    6    6    1    1    1    1    1    1    1    1  0.00000E+00 0.00000 
    7    7    1    1    1    1    1    1    1    1  0.00000E+00 0.00000 
    8    8    1    1    1    1    1    1    1    1  2.61147E+07 0.69793 
    9    9    1    1    1    1    1    1    1    1  0.00000E+00 0.00000 
   10   10    1    1    1    1    1    1    1    1  3.99767E+07 1.00000 
   11   11    1    1    1    1    1    1    1    1  1.43299E+08 0.74287 
   12   12    1    1    1    1    1    1    1    1  3.53026E+07 0.80503 
   13   13    1    1    1    1    1    1    1    1  1.05476E+09 0.58308 
   14   14    1    1    1    1    1    1    1    1  1.85898E+09 0.42347 
   15   15    1    1    1    1    1    1    1    1  2.90426E+09 0.32993 
   16   16    1    1    1    1    1    1    1    1  1.19679E+09 0.28723 
   17   17    1    1    1    1    1    1    1    1  2.63538E+09 0.25308 
   18   18    1    1    1    1    1    1    1    1  6.58613E+09 0.23167 
   19   19    1    1    1    1    1    1    1    1  8.66680E+09 0.16374 
   20   20    1    1    1    1    1    1    1    1  2.05802E+10 0.14015 
   21   21    1    1    1    1    1    1    1    1  1.57706E+10 0.12400 
   22   22    1    1    1    1    1    1    1    1  4.92961E+10 0.09146 
   23   23    1    1    1    1    1    1    1    1  6.75667E+10 0.09170 
   24   24    1    1    1    1    1    1    1    1  9.73519E+10 0.07880 
   25   25    1    1    1    1    1    1    1    1  1.13019E+11 0.07736 
   26   26    1    1    1    1    1    1    1    1  1.83315E+11 0.05180 
   27   27    1    1    1    1    1    1    1    1  2.98083E+11 0.03985 
   28   28    1    1    1    1    1    1    1    1  5.97404E+11 0.02008 
   29   29    1    1    1    1    1    1    1    1  9.00574E+11 0.01971 
   30   30    1    1    1    1    1    1    1    1  2.73244E+12 0.01708 
   31   31    1    1    1    1    1    1    1    1  8.59912E+12 0.01116 
   32   32    1    1    1    1    1    1    1    1  1.66163E+13 0.00794 
   33   33    1    1    1    1    1    1    1    1  3.84367E+13 0.00637 
   34   34    1    1    1    1    1    1    1    1  5.27319E+13 0.00437 
   35   35    1    1    1    1    1    1    1    1  7.35492E+13 0.00347 
   36   36    1    1    1    1    1    1    1    1  5.11385E+13 0.00334 
   37   37    1    1    1    1    1    1    1    1  1.59969E+13 0.00255 
   38   38    1    1    1    1    1    1    1    1  8.82228E+13 0.00193 
   39   39    1    1    1    1    1    1    1    1  1.19108E+14 0.00202 
   40   40    1    1    1    1    1    1    1    1  2.02399E+14 0.00188 
   41   41    1    1    1    1    1    1    1    1  2.09676E+14 0.00171 
   42   42    1    1    1    1    1    1    1    1  4.41569E+14 0.00172 
   43   43    1    1    1    1    1    1    1    1  5.35694E+14 0.00173 
   44   44    1    1    1    1    1    1    1    1  7.76263E+14 0.00137 
   45   45    1    1    1    1    1    1    1    1  1.53020E+15 0.00101 
   46   46    1    1    1    1    1    1    1    1  7.22824E+14 0.00124 
   47   47    1    1    1    1    1    1    1    1  1.17583E+15 0.00091 
   48   48    1    1    1    1    1    1    1    1  1.64208E+15 0.00093 
   49   49    1    1    1    1    1    1    1    1  1.63540E+15 0.00088 
   50   50    1    1    1    1    1    1    1    1  2.52277E+15 0.00084 
   51   51    1    1    1    1    1    1    1    1  2.04213E+15 0.00089 
   52   52    1    1    1    1    1    1    1    1  2.39491E+15 0.00103 
   53   53    1    1    1    1    1    1    1    1  1.67261E+15 0.00084 
   54   54    1    1    1    1    1    1    1    1  2.01542E+15 0.00083 
   55   55    1    1    1    1    1    1    1    1  1.39286E+15 0.00072 
   56   56    1    1    1    1    1    1    1    1  1.90313E+14 0.00122 
   57   57    1    1    1    1    1    1    1    1  2.77244E+15 0.00090 
   58   58    1    1    1    1    1    1    1    1  1.21034E+15 0.00096 
   59   59    1    1    1    1    1    1    1    1  1.29594E+15 0.00079 
   60   60    1    1    1    1    1    1    1    1  9.94549E+14 0.00108 
   61   61    1    1    1    1    1    1    1    1  1.00050E+15 0.00090 
   62   62    1    1    1    1    1    1    1    1  1.03939E+15 0.00075 
   63   63    1    1    1    1    1    1    1    1  8.72729E+14 0.00074 
   64   64    1    1    1    1    1    1    1    1  6.94116E+14 0.00127 
   65   65    1    1    1    1    1    1    1    1  6.88537E+14 0.00120 
   66   66    1    1    1    1    1    1    1    1  4.95777E+14 0.00120 
   67   67    1    1    1    1    1    1    1    1  4.05880E+14 0.00146 
   68   68    1    1    1    1    1    1    1    1  3.65519E+14 0.00136 
   69   69    1    1    1    1    1    1    1    1  4.38598E+14 0.00121 
   70   70    1    1    1    1    1    1    1    1  3.73855E+14 0.00148 
   71   71    1    1    1    1    1    1    1    1  6.88230E+14 0.00126 
   72   72    1    1    1    1    1    1    1    1  4.87655E+14 0.00128 
   73   73    1    1    1    1    1    1    1    1  3.66596E+14 0.00165 
   74   74    1    1    1    1    1    1    1    1  2.90209E+14 0.00142 
   75   75    1    1    1    1    1    1    1    1  2.39007E+14 0.00149 
   76   76    1    1    1    1    1    1    1    1  2.74327E+14 0.00149 
   77   77    1    1    1    1    1    1    1    1  2.13779E+14 0.00154 
   78   78    1    1    1    1    1    1    1    1  1.69144E+14 0.00168 
   79   79    1    1    1    1    1    1    1    1  1.73289E+14 0.00187 
   80   80    1    1    1    1    1    1    1    1  1.27920E+14 0.00218 
   81   81    1    1    1    1    1    1    1    1  9.81525E+13 0.00257 
   82   82    1    1    1    1    1    1    1    1  7.50493E+13 0.00204 
   83   83    1    1    1    1    1    1    1    1  7.03324E+13 0.00294 
   84   84    1    1    1    1    1    1    1    1  5.06406E+13 0.00390 
   85   85    1    1    1    1    1    1    1    1  3.62673E+13 0.00323 
   86   86    1    1    1    1    1    1    1    1  3.41584E+13 0.00547 
   87   87    1    1    1    1    1    1    1    1  2.10271E+13 0.00528 
   88   88    1    1    1    1    1    1    1    1  1.41980E+13 0.00547 
   89   89    1    1    1    1    1    1    1    1  8.17768E+12 0.00962 
   90   90    1    1    1    1    1    1    1    1  5.41622E+12 0.00859 
   91   91    1    1    1    1    1    1    1    1  2.72899E+12 0.01344 
   92   92    1    1    1    1    1    1    1    1  1.35505E+12 0.02254 
   93   93    1    1    1    1    1    1    1    1  6.48214E+11 0.02776 
   94   94    1    1    1    1    1    1    1    1  3.10446E+11 0.03757 
   95   95    1    1    1    1    1    1    1    1  1.59440E+11 0.07251 
   96   96    1    1    1    1    1    1    1    1  7.62120E+10 0.11160 
   97   97    1    1    1    1    1    1    1    1  3.37281E+10 0.10941 
   98   98    1    1    1    1    1    1    1    1  1.72735E+10 0.13451 
   99   99    1    1    1    1    1    1    1    1  6.46449E+09 0.24614 
  100  100    1    1    1    1    1    1    1    1  5.72936E+09 0.19581 
];


