
DETdpaspec = [
    1    1    1    1    1    1    1    1    1    1  0.00000E+00 0.00000 
    2    2    1    1    1    1    1    1    1    1  0.00000E+00 0.00000 
    3    3    1    1    1    1    1    1    1    1  0.00000E+00 0.00000 
    4    4    1    1    1    1    1    1    1    1  0.00000E+00 0.00000 
    5    5    1    1    1    1    1    1    1    1  0.00000E+00 0.00000 
    6    6    1    1    1    1    1    1    1    1  0.00000E+00 0.00000 
    7    7    1    1    1    1    1    1    1    1  1.98942E+07 1.00000 
    8    8    1    1    1    1    1    1    1    1  0.00000E+00 0.00000 
    9    9    1    1    1    1    1    1    1    1  0.00000E+00 0.00000 
   10   10    1    1    1    1    1    1    1    1  3.99026E+07 1.00000 
   11   11    1    1    1    1    1    1    1    1  0.00000E+00 0.00000 
   12   12    1    1    1    1    1    1    1    1  0.00000E+00 0.00000 
   13   13    1    1    1    1    1    1    1    1  2.79051E+09 0.29686 
   14   14    1    1    1    1    1    1    1    1  5.92654E+09 0.33097 
   15   15    1    1    1    1    1    1    1    1  3.05352E+09 0.77351 
   16   16    1    1    1    1    1    1    1    1  4.62599E+08 0.46004 
   17   17    1    1    1    1    1    1    1    1  1.39038E+09 0.55041 
   18   18    1    1    1    1    1    1    1    1  4.99912E+09 0.35965 
   19   19    1    1    1    1    1    1    1    1  3.70227E+09 0.27009 
   20   20    1    1    1    1    1    1    1    1  1.17483E+10 0.19692 
   21   21    1    1    1    1    1    1    1    1  1.33158E+10 0.17075 
   22   22    1    1    1    1    1    1    1    1  3.13165E+10 0.12280 
   23   23    1    1    1    1    1    1    1    1  5.69438E+10 0.09807 
   24   24    1    1    1    1    1    1    1    1  1.02121E+11 0.05193 
   25   25    1    1    1    1    1    1    1    1  1.28301E+11 0.05160 
   26   26    1    1    1    1    1    1    1    1  2.63986E+11 0.03913 
   27   27    1    1    1    1    1    1    1    1  5.47409E+11 0.02858 
   28   28    1    1    1    1    1    1    1    1  1.40490E+12 0.01348 
   29   29    1    1    1    1    1    1    1    1  2.63197E+12 0.00864 
   30   30    1    1    1    1    1    1    1    1  6.62856E+12 0.01264 
   31   31    1    1    1    1    1    1    1    1  1.85867E+13 0.00522 
   32   32    1    1    1    1    1    1    1    1  3.22981E+13 0.00273 
   33   33    1    1    1    1    1    1    1    1  7.47811E+13 0.00351 
   34   34    1    1    1    1    1    1    1    1  1.03035E+14 0.00245 
   35   35    1    1    1    1    1    1    1    1  1.20765E+14 0.00215 
   36   36    1    1    1    1    1    1    1    1  7.70649E+13 0.00232 
   37   37    1    1    1    1    1    1    1    1  2.30132E+13 0.00183 
   38   38    1    1    1    1    1    1    1    1  1.32044E+14 0.00191 
   39   39    1    1    1    1    1    1    1    1  1.78017E+14 0.00169 
   40   40    1    1    1    1    1    1    1    1  3.06805E+14 0.00124 
   41   41    1    1    1    1    1    1    1    1  3.03027E+14 0.00131 
   42   42    1    1    1    1    1    1    1    1  6.58853E+14 0.00098 
   43   43    1    1    1    1    1    1    1    1  7.98819E+14 0.00112 
   44   44    1    1    1    1    1    1    1    1  1.15716E+15 0.00108 
   45   45    1    1    1    1    1    1    1    1  2.31701E+15 0.00063 
   46   46    1    1    1    1    1    1    1    1  1.06366E+15 0.00087 
   47   47    1    1    1    1    1    1    1    1  1.70609E+15 0.00074 
   48   48    1    1    1    1    1    1    1    1  2.37606E+15 0.00066 
   49   49    1    1    1    1    1    1    1    1  2.34151E+15 0.00065 
   50   50    1    1    1    1    1    1    1    1  3.68274E+15 0.00071 
   51   51    1    1    1    1    1    1    1    1  2.89208E+15 0.00078 
   52   52    1    1    1    1    1    1    1    1  3.48928E+15 0.00062 
   53   53    1    1    1    1    1    1    1    1  2.41075E+15 0.00061 
   54   54    1    1    1    1    1    1    1    1  2.98975E+15 0.00072 
   55   55    1    1    1    1    1    1    1    1  2.05146E+15 0.00064 
   56   56    1    1    1    1    1    1    1    1  2.77552E+14 0.00098 
   57   57    1    1    1    1    1    1    1    1  4.07053E+15 0.00064 
   58   58    1    1    1    1    1    1    1    1  1.84657E+15 0.00060 
   59   59    1    1    1    1    1    1    1    1  1.95531E+15 0.00054 
   60   60    1    1    1    1    1    1    1    1  1.53872E+15 0.00066 
   61   61    1    1    1    1    1    1    1    1  1.53875E+15 0.00078 
   62   62    1    1    1    1    1    1    1    1  1.60802E+15 0.00085 
   63   63    1    1    1    1    1    1    1    1  1.35638E+15 0.00091 
   64   64    1    1    1    1    1    1    1    1  1.07874E+15 0.00082 
   65   65    1    1    1    1    1    1    1    1  1.07275E+15 0.00082 
   66   66    1    1    1    1    1    1    1    1  7.72880E+14 0.00088 
   67   67    1    1    1    1    1    1    1    1  6.25422E+14 0.00117 
   68   68    1    1    1    1    1    1    1    1  5.60123E+14 0.00111 
   69   69    1    1    1    1    1    1    1    1  6.71139E+14 0.00125 
   70   70    1    1    1    1    1    1    1    1  5.70277E+14 0.00131 
   71   71    1    1    1    1    1    1    1    1  1.02529E+15 0.00106 
   72   72    1    1    1    1    1    1    1    1  7.21106E+14 0.00113 
   73   73    1    1    1    1    1    1    1    1  5.44386E+14 0.00143 
   74   74    1    1    1    1    1    1    1    1  4.41238E+14 0.00115 
   75   75    1    1    1    1    1    1    1    1  3.69442E+14 0.00149 
   76   76    1    1    1    1    1    1    1    1  4.32752E+14 0.00117 
   77   77    1    1    1    1    1    1    1    1  3.45248E+14 0.00132 
   78   78    1    1    1    1    1    1    1    1  2.76928E+14 0.00159 
   79   79    1    1    1    1    1    1    1    1  2.87851E+14 0.00163 
   80   80    1    1    1    1    1    1    1    1  2.13989E+14 0.00139 
   81   81    1    1    1    1    1    1    1    1  1.64559E+14 0.00200 
   82   82    1    1    1    1    1    1    1    1  1.26672E+14 0.00210 
   83   83    1    1    1    1    1    1    1    1  1.19212E+14 0.00207 
   84   84    1    1    1    1    1    1    1    1  8.53332E+13 0.00212 
   85   85    1    1    1    1    1    1    1    1  6.16066E+13 0.00303 
   86   86    1    1    1    1    1    1    1    1  5.74560E+13 0.00301 
   87   87    1    1    1    1    1    1    1    1  3.53147E+13 0.00429 
   88   88    1    1    1    1    1    1    1    1  2.38093E+13 0.00486 
   89   89    1    1    1    1    1    1    1    1  1.35584E+13 0.00587 
   90   90    1    1    1    1    1    1    1    1  9.03800E+12 0.00816 
   91   91    1    1    1    1    1    1    1    1  4.50563E+12 0.01041 
   92   92    1    1    1    1    1    1    1    1  2.16852E+12 0.01612 
   93   93    1    1    1    1    1    1    1    1  1.05151E+12 0.01855 
   94   94    1    1    1    1    1    1    1    1  5.11533E+11 0.02976 
   95   95    1    1    1    1    1    1    1    1  2.41548E+11 0.05671 
   96   96    1    1    1    1    1    1    1    1  1.25532E+11 0.05411 
   97   97    1    1    1    1    1    1    1    1  6.30522E+10 0.09739 
   98   98    1    1    1    1    1    1    1    1  3.01328E+10 0.12193 
   99   99    1    1    1    1    1    1    1    1  1.21459E+10 0.18146 
  100  100    1    1    1    1    1    1    1    1  8.65649E+09 0.28116 
];


