
DETdpaspec = [
    1    1    1    1    1    1    1    1    1    1  0.00000E+00 0.00000 
    2    2    1    1    1    1    1    1    1    1  0.00000E+00 0.00000 
    3    3    1    1    1    1    1    1    1    1  0.00000E+00 0.00000 
    4    4    1    1    1    1    1    1    1    1  0.00000E+00 0.00000 
    5    5    1    1    1    1    1    1    1    1  0.00000E+00 0.00000 
    6    6    1    1    1    1    1    1    1    1  0.00000E+00 0.00000 
    7    7    1    1    1    1    1    1    1    1  1.40594E+07 1.00000 
    8    8    1    1    1    1    1    1    1    1  0.00000E+00 0.00000 
    9    9    1    1    1    1    1    1    1    1  0.00000E+00 0.00000 
   10   10    1    1    1    1    1    1    1    1  0.00000E+00 0.00000 
   11   11    1    1    1    1    1    1    1    1  0.00000E+00 0.00000 
   12   12    1    1    1    1    1    1    1    1  3.04269E+07 1.00000 
   13   13    1    1    1    1    1    1    1    1  4.26360E+08 0.60048 
   14   14    1    1    1    1    1    1    1    1  1.72221E+09 0.64744 
   15   15    1    1    1    1    1    1    1    1  3.77788E+09 0.39720 
   16   16    1    1    1    1    1    1    1    1  8.66751E+08 0.53254 
   17   17    1    1    1    1    1    1    1    1  1.27501E+09 0.29879 
   18   18    1    1    1    1    1    1    1    1  3.66041E+09 0.29108 
   19   19    1    1    1    1    1    1    1    1  6.14918E+09 0.27725 
   20   20    1    1    1    1    1    1    1    1  2.55961E+10 0.13244 
   21   21    1    1    1    1    1    1    1    1  1.42788E+10 0.17955 
   22   22    1    1    1    1    1    1    1    1  3.36843E+10 0.12333 
   23   23    1    1    1    1    1    1    1    1  5.66120E+10 0.06598 
   24   24    1    1    1    1    1    1    1    1  1.01757E+11 0.09798 
   25   25    1    1    1    1    1    1    1    1  1.21115E+11 0.08165 
   26   26    1    1    1    1    1    1    1    1  1.96143E+11 0.05210 
   27   27    1    1    1    1    1    1    1    1  3.34327E+11 0.03636 
   28   28    1    1    1    1    1    1    1    1  6.96387E+11 0.02649 
   29   29    1    1    1    1    1    1    1    1  1.12364E+12 0.01604 
   30   30    1    1    1    1    1    1    1    1  3.18293E+12 0.01169 
   31   31    1    1    1    1    1    1    1    1  1.00607E+13 0.00819 
   32   32    1    1    1    1    1    1    1    1  1.88757E+13 0.00415 
   33   33    1    1    1    1    1    1    1    1  4.53674E+13 0.00380 
   34   34    1    1    1    1    1    1    1    1  6.39267E+13 0.00319 
   35   35    1    1    1    1    1    1    1    1  8.49722E+13 0.00195 
   36   36    1    1    1    1    1    1    1    1  5.77850E+13 0.00223 
   37   37    1    1    1    1    1    1    1    1  1.77642E+13 0.00235 
   38   38    1    1    1    1    1    1    1    1  9.97167E+13 0.00159 
   39   39    1    1    1    1    1    1    1    1  1.35047E+14 0.00170 
   40   40    1    1    1    1    1    1    1    1  2.32994E+14 0.00173 
   41   41    1    1    1    1    1    1    1    1  2.37483E+14 0.00145 
   42   42    1    1    1    1    1    1    1    1  5.08708E+14 0.00142 
   43   43    1    1    1    1    1    1    1    1  6.20333E+14 0.00150 
   44   44    1    1    1    1    1    1    1    1  9.04709E+14 0.00115 
   45   45    1    1    1    1    1    1    1    1  1.81234E+15 0.00091 
   46   46    1    1    1    1    1    1    1    1  8.52876E+14 0.00090 
   47   47    1    1    1    1    1    1    1    1  1.38291E+15 0.00108 
   48   48    1    1    1    1    1    1    1    1  1.93590E+15 0.00086 
   49   49    1    1    1    1    1    1    1    1  1.92920E+15 0.00085 
   50   50    1    1    1    1    1    1    1    1  3.01787E+15 0.00081 
   51   51    1    1    1    1    1    1    1    1  2.42037E+15 0.00071 
   52   52    1    1    1    1    1    1    1    1  2.88271E+15 0.00064 
   53   53    1    1    1    1    1    1    1    1  2.00840E+15 0.00069 
   54   54    1    1    1    1    1    1    1    1  2.45608E+15 0.00065 
   55   55    1    1    1    1    1    1    1    1  1.69445E+15 0.00053 
   56   56    1    1    1    1    1    1    1    1  2.31434E+14 0.00075 
   57   57    1    1    1    1    1    1    1    1  3.37780E+15 0.00059 
   58   58    1    1    1    1    1    1    1    1  1.50347E+15 0.00083 
   59   59    1    1    1    1    1    1    1    1  1.60367E+15 0.00079 
   60   60    1    1    1    1    1    1    1    1  1.24337E+15 0.00099 
   61   61    1    1    1    1    1    1    1    1  1.24942E+15 0.00066 
   62   62    1    1    1    1    1    1    1    1  1.30291E+15 0.00064 
   63   63    1    1    1    1    1    1    1    1  1.09734E+15 0.00103 
   64   64    1    1    1    1    1    1    1    1  8.74861E+14 0.00090 
   65   65    1    1    1    1    1    1    1    1  8.69922E+14 0.00129 
   66   66    1    1    1    1    1    1    1    1  6.27354E+14 0.00126 
   67   67    1    1    1    1    1    1    1    1  5.11243E+14 0.00114 
   68   68    1    1    1    1    1    1    1    1  4.59811E+14 0.00122 
   69   69    1    1    1    1    1    1    1    1  5.51581E+14 0.00107 
   70   70    1    1    1    1    1    1    1    1  4.69527E+14 0.00186 
   71   71    1    1    1    1    1    1    1    1  8.57495E+14 0.00126 
   72   72    1    1    1    1    1    1    1    1  6.08792E+14 0.00146 
   73   73    1    1    1    1    1    1    1    1  4.58565E+14 0.00133 
   74   74    1    1    1    1    1    1    1    1  3.67245E+14 0.00148 
   75   75    1    1    1    1    1    1    1    1  3.04353E+14 0.00160 
   76   76    1    1    1    1    1    1    1    1  3.52444E+14 0.00156 
   77   77    1    1    1    1    1    1    1    1  2.77000E+14 0.00157 
   78   78    1    1    1    1    1    1    1    1  2.20250E+14 0.00176 
   79   79    1    1    1    1    1    1    1    1  2.27315E+14 0.00163 
   80   80    1    1    1    1    1    1    1    1  1.68208E+14 0.00151 
   81   81    1    1    1    1    1    1    1    1  1.29398E+14 0.00248 
   82   82    1    1    1    1    1    1    1    1  9.97549E+13 0.00292 
   83   83    1    1    1    1    1    1    1    1  9.30834E+13 0.00232 
   84   84    1    1    1    1    1    1    1    1  6.74935E+13 0.00361 
   85   85    1    1    1    1    1    1    1    1  4.86464E+13 0.00312 
   86   86    1    1    1    1    1    1    1    1  4.52216E+13 0.00400 
   87   87    1    1    1    1    1    1    1    1  2.79372E+13 0.00457 
   88   88    1    1    1    1    1    1    1    1  1.88034E+13 0.00591 
   89   89    1    1    1    1    1    1    1    1  1.08358E+13 0.00566 
   90   90    1    1    1    1    1    1    1    1  7.13458E+12 0.00886 
   91   91    1    1    1    1    1    1    1    1  3.59308E+12 0.00926 
   92   92    1    1    1    1    1    1    1    1  1.76164E+12 0.01952 
   93   93    1    1    1    1    1    1    1    1  8.80109E+11 0.02473 
   94   94    1    1    1    1    1    1    1    1  3.99100E+11 0.04193 
   95   95    1    1    1    1    1    1    1    1  1.84742E+11 0.05551 
   96   96    1    1    1    1    1    1    1    1  9.27837E+10 0.07152 
   97   97    1    1    1    1    1    1    1    1  4.79415E+10 0.09944 
   98   98    1    1    1    1    1    1    1    1  2.56264E+10 0.18785 
   99   99    1    1    1    1    1    1    1    1  1.22453E+10 0.20626 
  100  100    1    1    1    1    1    1    1    1  7.82652E+09 0.24905 
];


