
DETdpaspec = [
    1    1    1    1    1    1    1    1    1    1  0.00000E+00 0.00000 
    2    2    1    1    1    1    1    1    1    1  0.00000E+00 0.00000 
    3    3    1    1    1    1    1    1    1    1  0.00000E+00 0.00000 
    4    4    1    1    1    1    1    1    1    1  0.00000E+00 0.00000 
    5    5    1    1    1    1    1    1    1    1  0.00000E+00 0.00000 
    6    6    1    1    1    1    1    1    1    1  0.00000E+00 0.00000 
    7    7    1    1    1    1    1    1    1    1  1.33269E+07 1.00000 
    8    8    1    1    1    1    1    1    1    1  3.04517E+07 0.68874 
    9    9    1    1    1    1    1    1    1    1  0.00000E+00 0.00000 
   10   10    1    1    1    1    1    1    1    1  7.47606E+07 0.69145 
   11   11    1    1    1    1    1    1    1    1  7.81840E+07 0.68830 
   12   12    1    1    1    1    1    1    1    1  4.89497E+07 0.64199 
   13   13    1    1    1    1    1    1    1    1  8.57904E+08 0.51927 
   14   14    1    1    1    1    1    1    1    1  2.28309E+09 0.38304 
   15   15    1    1    1    1    1    1    1    1  4.47496E+09 0.27132 
   16   16    1    1    1    1    1    1    1    1  1.09153E+09 0.30063 
   17   17    1    1    1    1    1    1    1    1  2.27540E+09 0.28202 
   18   18    1    1    1    1    1    1    1    1  8.38601E+09 0.16998 
   19   19    1    1    1    1    1    1    1    1  5.92226E+09 0.16569 
   20   20    1    1    1    1    1    1    1    1  2.58898E+10 0.08898 
   21   21    1    1    1    1    1    1    1    1  1.60115E+10 0.11116 
   22   22    1    1    1    1    1    1    1    1  4.52018E+10 0.09089 
   23   23    1    1    1    1    1    1    1    1  5.98720E+10 0.09487 
   24   24    1    1    1    1    1    1    1    1  9.99072E+10 0.06651 
   25   25    1    1    1    1    1    1    1    1  1.21323E+11 0.05423 
   26   26    1    1    1    1    1    1    1    1  1.95738E+11 0.04937 
   27   27    1    1    1    1    1    1    1    1  3.28248E+11 0.03289 
   28   28    1    1    1    1    1    1    1    1  5.92124E+11 0.01878 
   29   29    1    1    1    1    1    1    1    1  8.17454E+11 0.02387 
   30   30    1    1    1    1    1    1    1    1  2.64670E+12 0.01483 
   31   31    1    1    1    1    1    1    1    1  8.29081E+12 0.00714 
   32   32    1    1    1    1    1    1    1    1  1.54884E+13 0.00665 
   33   33    1    1    1    1    1    1    1    1  3.51931E+13 0.00407 
   34   34    1    1    1    1    1    1    1    1  4.71226E+13 0.00342 
   35   35    1    1    1    1    1    1    1    1  6.78762E+13 0.00288 
   36   36    1    1    1    1    1    1    1    1  4.73104E+13 0.00198 
   37   37    1    1    1    1    1    1    1    1  1.49981E+13 0.00130 
   38   38    1    1    1    1    1    1    1    1  8.14661E+13 0.00203 
   39   39    1    1    1    1    1    1    1    1  1.09401E+14 0.00188 
   40   40    1    1    1    1    1    1    1    1  1.83639E+14 0.00163 
   41   41    1    1    1    1    1    1    1    1  1.91042E+14 0.00205 
   42   42    1    1    1    1    1    1    1    1  3.96129E+14 0.00189 
   43   43    1    1    1    1    1    1    1    1  4.77429E+14 0.00154 
   44   44    1    1    1    1    1    1    1    1  6.85265E+14 0.00122 
   45   45    1    1    1    1    1    1    1    1  1.32656E+15 0.00117 
   46   46    1    1    1    1    1    1    1    1  6.28627E+14 0.00144 
   47   47    1    1    1    1    1    1    1    1  1.02138E+15 0.00147 
   48   48    1    1    1    1    1    1    1    1  1.42040E+15 0.00137 
   49   49    1    1    1    1    1    1    1    1  1.41016E+15 0.00159 
   50   50    1    1    1    1    1    1    1    1  2.15595E+15 0.00151 
   51   51    1    1    1    1    1    1    1    1  1.75333E+15 0.00117 
   52   52    1    1    1    1    1    1    1    1  2.02688E+15 0.00133 
   53   53    1    1    1    1    1    1    1    1  1.41532E+15 0.00146 
   54   54    1    1    1    1    1    1    1    1  1.68529E+15 0.00160 
   55   55    1    1    1    1    1    1    1    1  1.16586E+15 0.00174 
   56   56    1    1    1    1    1    1    1    1  1.59573E+14 0.00199 
   57   57    1    1    1    1    1    1    1    1  2.32120E+15 0.00173 
   58   58    1    1    1    1    1    1    1    1  1.00149E+15 0.00177 
   59   59    1    1    1    1    1    1    1    1  1.07286E+15 0.00187 
   60   60    1    1    1    1    1    1    1    1  8.15380E+14 0.00189 
   61   61    1    1    1    1    1    1    1    1  8.20925E+14 0.00183 
   62   62    1    1    1    1    1    1    1    1  8.50312E+14 0.00176 
   63   63    1    1    1    1    1    1    1    1  7.10812E+14 0.00138 
   64   64    1    1    1    1    1    1    1    1  5.65933E+14 0.00184 
   65   65    1    1    1    1    1    1    1    1  5.60785E+14 0.00229 
   66   66    1    1    1    1    1    1    1    1  4.02801E+14 0.00245 
   67   67    1    1    1    1    1    1    1    1  3.30768E+14 0.00219 
   68   68    1    1    1    1    1    1    1    1  2.97696E+14 0.00233 
   69   69    1    1    1    1    1    1    1    1  3.57541E+14 0.00206 
   70   70    1    1    1    1    1    1    1    1  3.05390E+14 0.00226 
   71   71    1    1    1    1    1    1    1    1  5.64421E+14 0.00226 
   72   72    1    1    1    1    1    1    1    1  4.01241E+14 0.00254 
   73   73    1    1    1    1    1    1    1    1  3.00615E+14 0.00264 
   74   74    1    1    1    1    1    1    1    1  2.37390E+14 0.00211 
   75   75    1    1    1    1    1    1    1    1  1.92779E+14 0.00284 
   76   76    1    1    1    1    1    1    1    1  2.19282E+14 0.00212 
   77   77    1    1    1    1    1    1    1    1  1.70060E+14 0.00285 
   78   78    1    1    1    1    1    1    1    1  1.33613E+14 0.00273 
   79   79    1    1    1    1    1    1    1    1  1.36715E+14 0.00199 
   80   80    1    1    1    1    1    1    1    1  1.00438E+14 0.00292 
   81   81    1    1    1    1    1    1    1    1  7.68673E+13 0.00380 
   82   82    1    1    1    1    1    1    1    1  5.89111E+13 0.00365 
   83   83    1    1    1    1    1    1    1    1  5.48918E+13 0.00328 
   84   84    1    1    1    1    1    1    1    1  3.96309E+13 0.00462 
   85   85    1    1    1    1    1    1    1    1  2.83659E+13 0.00336 
   86   86    1    1    1    1    1    1    1    1  2.67777E+13 0.00361 
   87   87    1    1    1    1    1    1    1    1  1.64989E+13 0.00562 
   88   88    1    1    1    1    1    1    1    1  1.11705E+13 0.00521 
   89   89    1    1    1    1    1    1    1    1  6.45749E+12 0.00876 
   90   90    1    1    1    1    1    1    1    1  4.26658E+12 0.01222 
   91   91    1    1    1    1    1    1    1    1  2.14534E+12 0.01286 
   92   92    1    1    1    1    1    1    1    1  1.07590E+12 0.01998 
   93   93    1    1    1    1    1    1    1    1  5.06786E+11 0.03389 
   94   94    1    1    1    1    1    1    1    1  2.72210E+11 0.04017 
   95   95    1    1    1    1    1    1    1    1  1.08933E+11 0.06378 
   96   96    1    1    1    1    1    1    1    1  5.92115E+10 0.09659 
   97   97    1    1    1    1    1    1    1    1  3.01001E+10 0.16820 
   98   98    1    1    1    1    1    1    1    1  1.17181E+10 0.25498 
   99   99    1    1    1    1    1    1    1    1  2.55430E+09 0.36741 
  100  100    1    1    1    1    1    1    1    1  4.71556E+09 0.53874 
];


