
DETdpaspec = [
    1    1    1    1    1    1    1    1    1    1  0.00000E+00 0.00000 
    2    2    1    1    1    1    1    1    1    1  0.00000E+00 0.00000 
    3    3    1    1    1    1    1    1    1    1  0.00000E+00 0.00000 
    4    4    1    1    1    1    1    1    1    1  0.00000E+00 0.00000 
    5    5    1    1    1    1    1    1    1    1  0.00000E+00 0.00000 
    6    6    1    1    1    1    1    1    1    1  0.00000E+00 0.00000 
    7    7    1    1    1    1    1    1    1    1  0.00000E+00 0.00000 
    8    8    1    1    1    1    1    1    1    1  0.00000E+00 0.00000 
    9    9    1    1    1    1    1    1    1    1  0.00000E+00 0.00000 
   10   10    1    1    1    1    1    1    1    1  1.17736E+08 0.71392 
   11   11    1    1    1    1    1    1    1    1  3.25574E+08 0.72246 
   12   12    1    1    1    1    1    1    1    1  1.13758E+07 0.83793 
   13   13    1    1    1    1    1    1    1    1  0.00000E+00 0.00000 
   14   14    1    1    1    1    1    1    1    1  1.79471E+09 0.44473 
   15   15    1    1    1    1    1    1    1    1  3.00028E+09 0.26283 
   16   16    1    1    1    1    1    1    1    1  2.75111E+08 0.48720 
   17   17    1    1    1    1    1    1    1    1  1.63822E+09 0.44481 
   18   18    1    1    1    1    1    1    1    1  5.19610E+09 0.28095 
   19   19    1    1    1    1    1    1    1    1  6.00511E+09 0.30965 
   20   20    1    1    1    1    1    1    1    1  1.72349E+10 0.15354 
   21   21    1    1    1    1    1    1    1    1  1.44875E+10 0.20500 
   22   22    1    1    1    1    1    1    1    1  2.84879E+10 0.14061 
   23   23    1    1    1    1    1    1    1    1  4.55811E+10 0.07371 
   24   24    1    1    1    1    1    1    1    1  9.09755E+10 0.06758 
   25   25    1    1    1    1    1    1    1    1  1.22907E+11 0.05583 
   26   26    1    1    1    1    1    1    1    1  1.78867E+11 0.04047 
   27   27    1    1    1    1    1    1    1    1  3.40472E+11 0.03603 
   28   28    1    1    1    1    1    1    1    1  6.82646E+11 0.02508 
   29   29    1    1    1    1    1    1    1    1  1.16661E+12 0.01744 
   30   30    1    1    1    1    1    1    1    1  3.30976E+12 0.01343 
   31   31    1    1    1    1    1    1    1    1  1.05479E+13 0.00636 
   32   32    1    1    1    1    1    1    1    1  1.99758E+13 0.00504 
   33   33    1    1    1    1    1    1    1    1  4.82404E+13 0.00275 
   34   34    1    1    1    1    1    1    1    1  6.79901E+13 0.00263 
   35   35    1    1    1    1    1    1    1    1  8.89509E+13 0.00248 
   36   36    1    1    1    1    1    1    1    1  6.01784E+13 0.00197 
   37   37    1    1    1    1    1    1    1    1  1.83879E+13 0.00264 
   38   38    1    1    1    1    1    1    1    1  1.03576E+14 0.00201 
   39   39    1    1    1    1    1    1    1    1  1.40450E+14 0.00174 
   40   40    1    1    1    1    1    1    1    1  2.42313E+14 0.00166 
   41   41    1    1    1    1    1    1    1    1  2.45652E+14 0.00136 
   42   42    1    1    1    1    1    1    1    1  5.28440E+14 0.00129 
   43   43    1    1    1    1    1    1    1    1  6.46027E+14 0.00145 
   44   44    1    1    1    1    1    1    1    1  9.42611E+14 0.00119 
   45   45    1    1    1    1    1    1    1    1  1.89196E+15 0.00080 
   46   46    1    1    1    1    1    1    1    1  8.88570E+14 0.00069 
   47   47    1    1    1    1    1    1    1    1  1.43820E+15 0.00082 
   48   48    1    1    1    1    1    1    1    1  2.01657E+15 0.00080 
   49   49    1    1    1    1    1    1    1    1  2.00461E+15 0.00068 
   50   50    1    1    1    1    1    1    1    1  3.13754E+15 0.00075 
   51   51    1    1    1    1    1    1    1    1  2.51285E+15 0.00071 
   52   52    1    1    1    1    1    1    1    1  3.00005E+15 0.00065 
   53   53    1    1    1    1    1    1    1    1  2.08933E+15 0.00073 
   54   54    1    1    1    1    1    1    1    1  2.56226E+15 0.00078 
   55   55    1    1    1    1    1    1    1    1  1.76727E+15 0.00078 
   56   56    1    1    1    1    1    1    1    1  2.40355E+14 0.00109 
   57   57    1    1    1    1    1    1    1    1  3.52227E+15 0.00067 
   58   58    1    1    1    1    1    1    1    1  1.57448E+15 0.00074 
   59   59    1    1    1    1    1    1    1    1  1.67457E+15 0.00097 
   60   60    1    1    1    1    1    1    1    1  1.30725E+15 0.00075 
   61   61    1    1    1    1    1    1    1    1  1.31009E+15 0.00082 
   62   62    1    1    1    1    1    1    1    1  1.36733E+15 0.00081 
   63   63    1    1    1    1    1    1    1    1  1.15306E+15 0.00103 
   64   64    1    1    1    1    1    1    1    1  9.19439E+14 0.00095 
   65   65    1    1    1    1    1    1    1    1  9.13495E+14 0.00081 
   66   66    1    1    1    1    1    1    1    1  6.58393E+14 0.00117 
   67   67    1    1    1    1    1    1    1    1  5.37057E+14 0.00148 
   68   68    1    1    1    1    1    1    1    1  4.81598E+14 0.00142 
   69   69    1    1    1    1    1    1    1    1  5.78524E+14 0.00117 
   70   70    1    1    1    1    1    1    1    1  4.92412E+14 0.00116 
   71   71    1    1    1    1    1    1    1    1  8.97204E+14 0.00137 
   72   72    1    1    1    1    1    1    1    1  6.35491E+14 0.00116 
   73   73    1    1    1    1    1    1    1    1  4.78500E+14 0.00114 
   74   74    1    1    1    1    1    1    1    1  3.84895E+14 0.00128 
   75   75    1    1    1    1    1    1    1    1  3.20146E+14 0.00155 
   76   76    1    1    1    1    1    1    1    1  3.70709E+14 0.00124 
   77   77    1    1    1    1    1    1    1    1  2.92990E+14 0.00161 
   78   78    1    1    1    1    1    1    1    1  2.33733E+14 0.00205 
   79   79    1    1    1    1    1    1    1    1  2.40189E+14 0.00218 
   80   80    1    1    1    1    1    1    1    1  1.78200E+14 0.00220 
   81   81    1    1    1    1    1    1    1    1  1.37628E+14 0.00214 
   82   82    1    1    1    1    1    1    1    1  1.05531E+14 0.00196 
   83   83    1    1    1    1    1    1    1    1  9.91460E+13 0.00279 
   84   84    1    1    1    1    1    1    1    1  7.10676E+13 0.00239 
   85   85    1    1    1    1    1    1    1    1  5.09371E+13 0.00268 
   86   86    1    1    1    1    1    1    1    1  4.77982E+13 0.00365 
   87   87    1    1    1    1    1    1    1    1  2.94844E+13 0.00278 
   88   88    1    1    1    1    1    1    1    1  1.99235E+13 0.00491 
   89   89    1    1    1    1    1    1    1    1  1.14851E+13 0.00709 
   90   90    1    1    1    1    1    1    1    1  7.69117E+12 0.01025 
   91   91    1    1    1    1    1    1    1    1  3.72166E+12 0.01340 
   92   92    1    1    1    1    1    1    1    1  1.87285E+12 0.01045 
   93   93    1    1    1    1    1    1    1    1  8.67691E+11 0.02305 
   94   94    1    1    1    1    1    1    1    1  4.41798E+11 0.04035 
   95   95    1    1    1    1    1    1    1    1  2.28280E+11 0.05306 
   96   96    1    1    1    1    1    1    1    1  1.03881E+11 0.09063 
   97   97    1    1    1    1    1    1    1    1  5.23095E+10 0.10410 
   98   98    1    1    1    1    1    1    1    1  2.17706E+10 0.19046 
   99   99    1    1    1    1    1    1    1    1  1.06542E+10 0.25697 
  100  100    1    1    1    1    1    1    1    1  9.59568E+09 0.17144 
];


