
DETdpaspec = [
    1    1    1    1    1    1    1    1    1    1  0.00000E+00 0.00000 
    2    2    1    1    1    1    1    1    1    1  0.00000E+00 0.00000 
    3    3    1    1    1    1    1    1    1    1  0.00000E+00 0.00000 
    4    4    1    1    1    1    1    1    1    1  0.00000E+00 0.00000 
    5    5    1    1    1    1    1    1    1    1  0.00000E+00 0.00000 
    6    6    1    1    1    1    1    1    1    1  0.00000E+00 0.00000 
    7    7    1    1    1    1    1    1    1    1  0.00000E+00 0.00000 
    8    8    1    1    1    1    1    1    1    1  1.68648E+07 1.00000 
    9    9    1    1    1    1    1    1    1    1  0.00000E+00 0.00000 
   10   10    1    1    1    1    1    1    1    1  3.57307E+07 1.00000 
   11   11    1    1    1    1    1    1    1    1  0.00000E+00 0.00000 
   12   12    1    1    1    1    1    1    1    1  8.11227E+07 0.74553 
   13   13    1    1    1    1    1    1    1    1  1.51269E+09 0.48434 
   14   14    1    1    1    1    1    1    1    1  1.44242E+09 0.59913 
   15   15    1    1    1    1    1    1    1    1  3.22535E+09 0.43275 
   16   16    1    1    1    1    1    1    1    1  4.44049E+08 0.39019 
   17   17    1    1    1    1    1    1    1    1  2.39556E+09 0.23467 
   18   18    1    1    1    1    1    1    1    1  4.97562E+09 0.31165 
   19   19    1    1    1    1    1    1    1    1  6.57860E+09 0.16042 
   20   20    1    1    1    1    1    1    1    1  1.98172E+10 0.15220 
   21   21    1    1    1    1    1    1    1    1  1.60220E+10 0.13078 
   22   22    1    1    1    1    1    1    1    1  2.85662E+10 0.09847 
   23   23    1    1    1    1    1    1    1    1  5.74880E+10 0.07877 
   24   24    1    1    1    1    1    1    1    1  9.39099E+10 0.06934 
   25   25    1    1    1    1    1    1    1    1  1.19652E+11 0.06128 
   26   26    1    1    1    1    1    1    1    1  2.01428E+11 0.03998 
   27   27    1    1    1    1    1    1    1    1  3.64935E+11 0.03944 
   28   28    1    1    1    1    1    1    1    1  8.11714E+11 0.02550 
   29   29    1    1    1    1    1    1    1    1  1.30876E+12 0.02107 
   30   30    1    1    1    1    1    1    1    1  3.64604E+12 0.01498 
   31   31    1    1    1    1    1    1    1    1  1.12817E+13 0.00671 
   32   32    1    1    1    1    1    1    1    1  2.14386E+13 0.00662 
   33   33    1    1    1    1    1    1    1    1  5.14877E+13 0.00394 
   34   34    1    1    1    1    1    1    1    1  7.20904E+13 0.00337 
   35   35    1    1    1    1    1    1    1    1  9.26537E+13 0.00228 
   36   36    1    1    1    1    1    1    1    1  6.20805E+13 0.00234 
   37   37    1    1    1    1    1    1    1    1  1.89664E+13 0.00233 
   38   38    1    1    1    1    1    1    1    1  1.07462E+14 0.00240 
   39   39    1    1    1    1    1    1    1    1  1.45444E+14 0.00213 
   40   40    1    1    1    1    1    1    1    1  2.50490E+14 0.00214 
   41   41    1    1    1    1    1    1    1    1  2.53394E+14 0.00153 
   42   42    1    1    1    1    1    1    1    1  5.45654E+14 0.00136 
   43   43    1    1    1    1    1    1    1    1  6.67171E+14 0.00109 
   44   44    1    1    1    1    1    1    1    1  9.76241E+14 0.00102 
   45   45    1    1    1    1    1    1    1    1  1.96376E+15 0.00081 
   46   46    1    1    1    1    1    1    1    1  9.17176E+14 0.00092 
   47   47    1    1    1    1    1    1    1    1  1.48292E+15 0.00068 
   48   48    1    1    1    1    1    1    1    1  2.07742E+15 0.00063 
   49   49    1    1    1    1    1    1    1    1  2.06478E+15 0.00069 
   50   50    1    1    1    1    1    1    1    1  3.24662E+15 0.00056 
   51   51    1    1    1    1    1    1    1    1  2.58957E+15 0.00072 
   52   52    1    1    1    1    1    1    1    1  3.10031E+15 0.00066 
   53   53    1    1    1    1    1    1    1    1  2.15725E+15 0.00076 
   54   54    1    1    1    1    1    1    1    1  2.65453E+15 0.00078 
   55   55    1    1    1    1    1    1    1    1  1.82977E+15 0.00076 
   56   56    1    1    1    1    1    1    1    1  2.48429E+14 0.00105 
   57   57    1    1    1    1    1    1    1    1  3.64298E+15 0.00076 
   58   58    1    1    1    1    1    1    1    1  1.63421E+15 0.00072 
   59   59    1    1    1    1    1    1    1    1  1.73973E+15 0.00082 
   60   60    1    1    1    1    1    1    1    1  1.35845E+15 0.00081 
   61   61    1    1    1    1    1    1    1    1  1.36225E+15 0.00099 
   62   62    1    1    1    1    1    1    1    1  1.42244E+15 0.00109 
   63   63    1    1    1    1    1    1    1    1  1.20166E+15 0.00103 
   64   64    1    1    1    1    1    1    1    1  9.56896E+14 0.00098 
   65   65    1    1    1    1    1    1    1    1  9.50149E+14 0.00089 
   66   66    1    1    1    1    1    1    1    1  6.84537E+14 0.00085 
   67   67    1    1    1    1    1    1    1    1  5.58179E+14 0.00085 
   68   68    1    1    1    1    1    1    1    1  5.01112E+14 0.00120 
   69   69    1    1    1    1    1    1    1    1  6.01884E+14 0.00083 
   70   70    1    1    1    1    1    1    1    1  5.12200E+14 0.00115 
   71   71    1    1    1    1    1    1    1    1  9.30881E+14 0.00128 
   72   72    1    1    1    1    1    1    1    1  6.58219E+14 0.00115 
   73   73    1    1    1    1    1    1    1    1  4.96415E+14 0.00115 
   74   74    1    1    1    1    1    1    1    1  3.99560E+14 0.00116 
   75   75    1    1    1    1    1    1    1    1  3.33009E+14 0.00114 
   76   76    1    1    1    1    1    1    1    1  3.85863E+14 0.00139 
   77   77    1    1    1    1    1    1    1    1  3.05788E+14 0.00146 
   78   78    1    1    1    1    1    1    1    1  2.44251E+14 0.00173 
   79   79    1    1    1    1    1    1    1    1  2.51876E+14 0.00154 
   80   80    1    1    1    1    1    1    1    1  1.87050E+14 0.00202 
   81   81    1    1    1    1    1    1    1    1  1.44188E+14 0.00187 
   82   82    1    1    1    1    1    1    1    1  1.10539E+14 0.00228 
   83   83    1    1    1    1    1    1    1    1  1.03804E+14 0.00192 
   84   84    1    1    1    1    1    1    1    1  7.43739E+13 0.00285 
   85   85    1    1    1    1    1    1    1    1  5.35952E+13 0.00333 
   86   86    1    1    1    1    1    1    1    1  5.04757E+13 0.00292 
   87   87    1    1    1    1    1    1    1    1  3.09066E+13 0.00415 
   88   88    1    1    1    1    1    1    1    1  2.08453E+13 0.00464 
   89   89    1    1    1    1    1    1    1    1  1.18833E+13 0.00779 
   90   90    1    1    1    1    1    1    1    1  7.94990E+12 0.00798 
   91   91    1    1    1    1    1    1    1    1  3.95068E+12 0.01089 
   92   92    1    1    1    1    1    1    1    1  1.93834E+12 0.01996 
   93   93    1    1    1    1    1    1    1    1  9.15927E+11 0.02722 
   94   94    1    1    1    1    1    1    1    1  4.52269E+11 0.03886 
   95   95    1    1    1    1    1    1    1    1  1.90561E+11 0.04716 
   96   96    1    1    1    1    1    1    1    1  9.75913E+10 0.07161 
   97   97    1    1    1    1    1    1    1    1  4.36324E+10 0.11554 
   98   98    1    1    1    1    1    1    1    1  2.86540E+10 0.15960 
   99   99    1    1    1    1    1    1    1    1  1.21109E+10 0.21900 
  100  100    1    1    1    1    1    1    1    1  9.61904E+09 0.26782 
];


