
DETdpaspec = [
    1    1    1    1    1    1    1    1    1    1  0.00000E+00 0.00000 
    2    2    1    1    1    1    1    1    1    1  0.00000E+00 0.00000 
    3    3    1    1    1    1    1    1    1    1  0.00000E+00 0.00000 
    4    4    1    1    1    1    1    1    1    1  0.00000E+00 0.00000 
    5    5    1    1    1    1    1    1    1    1  0.00000E+00 0.00000 
    6    6    1    1    1    1    1    1    1    1  0.00000E+00 0.00000 
    7    7    1    1    1    1    1    1    1    1  0.00000E+00 0.00000 
    8    8    1    1    1    1    1    1    1    1  0.00000E+00 0.00000 
    9    9    1    1    1    1    1    1    1    1  5.85132E+06 1.00000 
   10   10    1    1    1    1    1    1    1    1  6.13868E+07 0.68835 
   11   11    1    1    1    1    1    1    1    1  2.01905E+08 0.57051 
   12   12    1    1    1    1    1    1    1    1  1.41010E+08 0.59191 
   13   13    1    1    1    1    1    1    1    1  9.18550E+08 0.68103 
   14   14    1    1    1    1    1    1    1    1  2.90540E+09 0.37152 
   15   15    1    1    1    1    1    1    1    1  5.94081E+09 0.42137 
   16   16    1    1    1    1    1    1    1    1  9.73957E+08 0.38835 
   17   17    1    1    1    1    1    1    1    1  2.98269E+09 0.23998 
   18   18    1    1    1    1    1    1    1    1  6.71936E+09 0.20790 
   19   19    1    1    1    1    1    1    1    1  4.86593E+09 0.25175 
   20   20    1    1    1    1    1    1    1    1  2.16244E+10 0.16454 
   21   21    1    1    1    1    1    1    1    1  1.68338E+10 0.10601 
   22   22    1    1    1    1    1    1    1    1  3.20203E+10 0.08328 
   23   23    1    1    1    1    1    1    1    1  5.46959E+10 0.08652 
   24   24    1    1    1    1    1    1    1    1  9.24796E+10 0.08433 
   25   25    1    1    1    1    1    1    1    1  1.21693E+11 0.05229 
   26   26    1    1    1    1    1    1    1    1  1.88687E+11 0.06078 
   27   27    1    1    1    1    1    1    1    1  3.13226E+11 0.02956 
   28   28    1    1    1    1    1    1    1    1  7.76379E+11 0.02928 
   29   29    1    1    1    1    1    1    1    1  1.35269E+12 0.02212 
   30   30    1    1    1    1    1    1    1    1  3.76129E+12 0.01358 
   31   31    1    1    1    1    1    1    1    1  1.16606E+13 0.00565 
   32   32    1    1    1    1    1    1    1    1  2.18370E+13 0.00470 
   33   33    1    1    1    1    1    1    1    1  5.26096E+13 0.00359 
   34   34    1    1    1    1    1    1    1    1  7.41168E+13 0.00226 
   35   35    1    1    1    1    1    1    1    1  9.47212E+13 0.00203 
   36   36    1    1    1    1    1    1    1    1  6.32599E+13 0.00208 
   37   37    1    1    1    1    1    1    1    1  1.92468E+13 0.00244 
   38   38    1    1    1    1    1    1    1    1  1.09122E+14 0.00175 
   39   39    1    1    1    1    1    1    1    1  1.48119E+14 0.00179 
   40   40    1    1    1    1    1    1    1    1  2.55632E+14 0.00132 
   41   41    1    1    1    1    1    1    1    1  2.57772E+14 0.00169 
   42   42    1    1    1    1    1    1    1    1  5.56732E+14 0.00151 
   43   43    1    1    1    1    1    1    1    1  6.78224E+14 0.00119 
   44   44    1    1    1    1    1    1    1    1  9.89134E+14 0.00102 
   45   45    1    1    1    1    1    1    1    1  1.99040E+15 0.00083 
   46   46    1    1    1    1    1    1    1    1  9.29682E+14 0.00090 
   47   47    1    1    1    1    1    1    1    1  1.50367E+15 0.00081 
   48   48    1    1    1    1    1    1    1    1  2.10621E+15 0.00069 
   49   49    1    1    1    1    1    1    1    1  2.09322E+15 0.00064 
   50   50    1    1    1    1    1    1    1    1  3.28575E+15 0.00048 
   51   51    1    1    1    1    1    1    1    1  2.61908E+15 0.00087 
   52   52    1    1    1    1    1    1    1    1  3.13907E+15 0.00068 
   53   53    1    1    1    1    1    1    1    1  2.18577E+15 0.00064 
   54   54    1    1    1    1    1    1    1    1  2.69311E+15 0.00072 
   55   55    1    1    1    1    1    1    1    1  1.85440E+15 0.00064 
   56   56    1    1    1    1    1    1    1    1  2.52400E+14 0.00110 
   57   57    1    1    1    1    1    1    1    1  3.69513E+15 0.00069 
   58   58    1    1    1    1    1    1    1    1  1.65728E+15 0.00074 
   59   59    1    1    1    1    1    1    1    1  1.76292E+15 0.00070 
   60   60    1    1    1    1    1    1    1    1  1.37965E+15 0.00072 
   61   61    1    1    1    1    1    1    1    1  1.38218E+15 0.00064 
   62   62    1    1    1    1    1    1    1    1  1.44366E+15 0.00086 
   63   63    1    1    1    1    1    1    1    1  1.21889E+15 0.00065 
   64   64    1    1    1    1    1    1    1    1  9.71227E+14 0.00076 
   65   65    1    1    1    1    1    1    1    1  9.65106E+14 0.00062 
   66   66    1    1    1    1    1    1    1    1  6.94670E+14 0.00100 
   67   67    1    1    1    1    1    1    1    1  5.66827E+14 0.00100 
   68   68    1    1    1    1    1    1    1    1  5.08474E+14 0.00101 
   69   69    1    1    1    1    1    1    1    1  6.10466E+14 0.00108 
   70   70    1    1    1    1    1    1    1    1  5.20204E+14 0.00121 
   71   71    1    1    1    1    1    1    1    1  9.44063E+14 0.00110 
   72   72    1    1    1    1    1    1    1    1  6.67317E+14 0.00146 
   73   73    1    1    1    1    1    1    1    1  5.02539E+14 0.00115 
   74   74    1    1    1    1    1    1    1    1  4.05949E+14 0.00127 
   75   75    1    1    1    1    1    1    1    1  3.36692E+14 0.00139 
   76   76    1    1    1    1    1    1    1    1  3.92435E+14 0.00115 
   77   77    1    1    1    1    1    1    1    1  3.10399E+14 0.00145 
   78   78    1    1    1    1    1    1    1    1  2.48352E+14 0.00138 
   79   79    1    1    1    1    1    1    1    1  2.56944E+14 0.00125 
   80   80    1    1    1    1    1    1    1    1  1.90576E+14 0.00152 
   81   81    1    1    1    1    1    1    1    1  1.47322E+14 0.00160 
   82   82    1    1    1    1    1    1    1    1  1.12575E+14 0.00264 
   83   83    1    1    1    1    1    1    1    1  1.05390E+14 0.00215 
   84   84    1    1    1    1    1    1    1    1  7.63627E+13 0.00306 
   85   85    1    1    1    1    1    1    1    1  5.52333E+13 0.00305 
   86   86    1    1    1    1    1    1    1    1  5.13665E+13 0.00278 
   87   87    1    1    1    1    1    1    1    1  3.13884E+13 0.00426 
   88   88    1    1    1    1    1    1    1    1  2.12268E+13 0.00420 
   89   89    1    1    1    1    1    1    1    1  1.22056E+13 0.00700 
   90   90    1    1    1    1    1    1    1    1  8.14427E+12 0.00833 
   91   91    1    1    1    1    1    1    1    1  4.08053E+12 0.01338 
   92   92    1    1    1    1    1    1    1    1  1.90587E+12 0.01660 
   93   93    1    1    1    1    1    1    1    1  9.51663E+11 0.02149 
   94   94    1    1    1    1    1    1    1    1  4.38215E+11 0.02466 
   95   95    1    1    1    1    1    1    1    1  2.27374E+11 0.05091 
   96   96    1    1    1    1    1    1    1    1  1.08616E+11 0.05729 
   97   97    1    1    1    1    1    1    1    1  6.06835E+10 0.08322 
   98   98    1    1    1    1    1    1    1    1  2.37461E+10 0.14731 
   99   99    1    1    1    1    1    1    1    1  9.02244E+09 0.24076 
  100  100    1    1    1    1    1    1    1    1  1.26922E+10 0.22551 
];


