
DETdpaspec = [
    1    1    1    1    1    1    1    1    1    1  0.00000E+00 0.00000 
    2    2    1    1    1    1    1    1    1    1  0.00000E+00 0.00000 
    3    3    1    1    1    1    1    1    1    1  0.00000E+00 0.00000 
    4    4    1    1    1    1    1    1    1    1  0.00000E+00 0.00000 
    5    5    1    1    1    1    1    1    1    1  0.00000E+00 0.00000 
    6    6    1    1    1    1    1    1    1    1  0.00000E+00 0.00000 
    7    7    1    1    1    1    1    1    1    1  5.60104E+07 0.54653 
    8    8    1    1    1    1    1    1    1    1  1.25795E+07 1.00000 
    9    9    1    1    1    1    1    1    1    1  0.00000E+00 0.00000 
   10   10    1    1    1    1    1    1    1    1  2.35962E+08 0.51386 
   11   11    1    1    1    1    1    1    1    1  1.25926E+08 1.00000 
   12   12    1    1    1    1    1    1    1    1  4.88871E+07 0.57727 
   13   13    1    1    1    1    1    1    1    1  2.31667E+09 0.40454 
   14   14    1    1    1    1    1    1    1    1  2.68361E+09 0.55060 
   15   15    1    1    1    1    1    1    1    1  3.90759E+09 0.72557 
   16   16    1    1    1    1    1    1    1    1  1.68560E+09 0.58028 
   17   17    1    1    1    1    1    1    1    1  2.65979E+09 0.29870 
   18   18    1    1    1    1    1    1    1    1  5.16317E+09 0.27265 
   19   19    1    1    1    1    1    1    1    1  3.95003E+09 0.22148 
   20   20    1    1    1    1    1    1    1    1  1.78823E+10 0.26234 
   21   21    1    1    1    1    1    1    1    1  1.29637E+10 0.14021 
   22   22    1    1    1    1    1    1    1    1  3.00070E+10 0.11719 
   23   23    1    1    1    1    1    1    1    1  5.47731E+10 0.08394 
   24   24    1    1    1    1    1    1    1    1  9.84341E+10 0.07052 
   25   25    1    1    1    1    1    1    1    1  1.32717E+11 0.04958 
   26   26    1    1    1    1    1    1    1    1  2.26414E+11 0.05570 
   27   27    1    1    1    1    1    1    1    1  4.66184E+11 0.03963 
   28   28    1    1    1    1    1    1    1    1  1.11710E+12 0.02903 
   29   29    1    1    1    1    1    1    1    1  2.03110E+12 0.01649 
   30   30    1    1    1    1    1    1    1    1  5.24962E+12 0.01053 
   31   31    1    1    1    1    1    1    1    1  1.55139E+13 0.00814 
   32   32    1    1    1    1    1    1    1    1  2.79579E+13 0.00507 
   33   33    1    1    1    1    1    1    1    1  6.56810E+13 0.00457 
   34   34    1    1    1    1    1    1    1    1  9.15963E+13 0.00333 
   35   35    1    1    1    1    1    1    1    1  1.10300E+14 0.00281 
   36   36    1    1    1    1    1    1    1    1  7.18382E+13 0.00216 
   37   37    1    1    1    1    1    1    1    1  2.15185E+13 0.00241 
   38   38    1    1    1    1    1    1    1    1  1.23065E+14 0.00196 
   39   39    1    1    1    1    1    1    1    1  1.66767E+14 0.00227 
   40   40    1    1    1    1    1    1    1    1  2.87478E+14 0.00156 
   41   41    1    1    1    1    1    1    1    1  2.86561E+14 0.00140 
   42   42    1    1    1    1    1    1    1    1  6.20355E+14 0.00148 
   43   43    1    1    1    1    1    1    1    1  7.55142E+14 0.00079 
   44   44    1    1    1    1    1    1    1    1  1.09656E+15 0.00086 
   45   45    1    1    1    1    1    1    1    1  2.20318E+15 0.00064 
   46   46    1    1    1    1    1    1    1    1  1.01984E+15 0.00075 
   47   47    1    1    1    1    1    1    1    1  1.63870E+15 0.00065 
   48   48    1    1    1    1    1    1    1    1  2.28730E+15 0.00052 
   49   49    1    1    1    1    1    1    1    1  2.26115E+15 0.00057 
   50   50    1    1    1    1    1    1    1    1  3.55835E+15 0.00055 
   51   51    1    1    1    1    1    1    1    1  2.81262E+15 0.00053 
   52   52    1    1    1    1    1    1    1    1  3.38923E+15 0.00055 
   53   53    1    1    1    1    1    1    1    1  2.34727E+15 0.00045 
   54   54    1    1    1    1    1    1    1    1  2.90656E+15 0.00052 
   55   55    1    1    1    1    1    1    1    1  1.99721E+15 0.00060 
   56   56    1    1    1    1    1    1    1    1  2.70606E+14 0.00085 
   57   57    1    1    1    1    1    1    1    1  3.97056E+15 0.00054 
   58   58    1    1    1    1    1    1    1    1  1.79666E+15 0.00061 
   59   59    1    1    1    1    1    1    1    1  1.90578E+15 0.00066 
   60   60    1    1    1    1    1    1    1    1  1.49902E+15 0.00059 
   61   61    1    1    1    1    1    1    1    1  1.49841E+15 0.00076 
   62   62    1    1    1    1    1    1    1    1  1.56543E+15 0.00074 
   63   63    1    1    1    1    1    1    1    1  1.32079E+15 0.00094 
   64   64    1    1    1    1    1    1    1    1  1.05216E+15 0.00097 
   65   65    1    1    1    1    1    1    1    1  1.04659E+15 0.00118 
   66   66    1    1    1    1    1    1    1    1  7.54639E+14 0.00105 
   67   67    1    1    1    1    1    1    1    1  6.13122E+14 0.00078 
   68   68    1    1    1    1    1    1    1    1  5.49789E+14 0.00117 
   69   69    1    1    1    1    1    1    1    1  6.58990E+14 0.00094 
   70   70    1    1    1    1    1    1    1    1  5.60042E+14 0.00125 
   71   71    1    1    1    1    1    1    1    1  1.01117E+15 0.00113 
   72   72    1    1    1    1    1    1    1    1  7.13332E+14 0.00101 
   73   73    1    1    1    1    1    1    1    1  5.38131E+14 0.00113 
   74   74    1    1    1    1    1    1    1    1  4.35978E+14 0.00101 
   75   75    1    1    1    1    1    1    1    1  3.64425E+14 0.00118 
   76   76    1    1    1    1    1    1    1    1  4.24743E+14 0.00139 
   77   77    1    1    1    1    1    1    1    1  3.37872E+14 0.00137 
   78   78    1    1    1    1    1    1    1    1  2.71578E+14 0.00164 
   79   79    1    1    1    1    1    1    1    1  2.80784E+14 0.00143 
   80   80    1    1    1    1    1    1    1    1  2.08690E+14 0.00174 
   81   81    1    1    1    1    1    1    1    1  1.61401E+14 0.00254 
   82   82    1    1    1    1    1    1    1    1  1.23653E+14 0.00183 
   83   83    1    1    1    1    1    1    1    1  1.15967E+14 0.00212 
   84   84    1    1    1    1    1    1    1    1  8.31510E+13 0.00274 
   85   85    1    1    1    1    1    1    1    1  5.96669E+13 0.00310 
   86   86    1    1    1    1    1    1    1    1  5.63103E+13 0.00345 
   87   87    1    1    1    1    1    1    1    1  3.44407E+13 0.00358 
   88   88    1    1    1    1    1    1    1    1  2.32537E+13 0.00535 
   89   89    1    1    1    1    1    1    1    1  1.34197E+13 0.00777 
   90   90    1    1    1    1    1    1    1    1  8.81642E+12 0.00774 
   91   91    1    1    1    1    1    1    1    1  4.36702E+12 0.00606 
   92   92    1    1    1    1    1    1    1    1  2.22928E+12 0.01395 
   93   93    1    1    1    1    1    1    1    1  1.03342E+12 0.01921 
   94   94    1    1    1    1    1    1    1    1  5.10075E+11 0.03418 
   95   95    1    1    1    1    1    1    1    1  2.19074E+11 0.04453 
   96   96    1    1    1    1    1    1    1    1  1.13205E+11 0.05197 
   97   97    1    1    1    1    1    1    1    1  4.96727E+10 0.12270 
   98   98    1    1    1    1    1    1    1    1  2.50466E+10 0.13372 
   99   99    1    1    1    1    1    1    1    1  1.23442E+10 0.22932 
  100  100    1    1    1    1    1    1    1    1  1.00479E+10 0.19134 
];


