
DETdpaspec = [
    1    1    1    1    1    1    1    1    1    1  0.00000E+00 0.00000 
    2    2    1    1    1    1    1    1    1    1  0.00000E+00 0.00000 
    3    3    1    1    1    1    1    1    1    1  0.00000E+00 0.00000 
    4    4    1    1    1    1    1    1    1    1  0.00000E+00 0.00000 
    5    5    1    1    1    1    1    1    1    1  0.00000E+00 0.00000 
    6    6    1    1    1    1    1    1    1    1  0.00000E+00 0.00000 
    7    7    1    1    1    1    1    1    1    1  0.00000E+00 0.00000 
    8    8    1    1    1    1    1    1    1    1  2.52155E+07 0.71454 
    9    9    1    1    1    1    1    1    1    1  0.00000E+00 0.00000 
   10   10    1    1    1    1    1    1    1    1  0.00000E+00 0.00000 
   11   11    1    1    1    1    1    1    1    1  1.01380E+08 0.68898 
   12   12    1    1    1    1    1    1    1    1  1.11318E+08 0.67110 
   13   13    1    1    1    1    1    1    1    1  3.36077E+08 0.63522 
   14   14    1    1    1    1    1    1    1    1  1.00419E+09 0.50223 
   15   15    1    1    1    1    1    1    1    1  4.34448E+09 0.36054 
   16   16    1    1    1    1    1    1    1    1  3.46793E+08 0.50635 
   17   17    1    1    1    1    1    1    1    1  1.66228E+09 0.34169 
   18   18    1    1    1    1    1    1    1    1  3.67801E+09 0.26664 
   19   19    1    1    1    1    1    1    1    1  5.57437E+09 0.17177 
   20   20    1    1    1    1    1    1    1    1  2.34002E+10 0.17360 
   21   21    1    1    1    1    1    1    1    1  1.31490E+10 0.16388 
   22   22    1    1    1    1    1    1    1    1  3.61427E+10 0.08280 
   23   23    1    1    1    1    1    1    1    1  4.84639E+10 0.06781 
   24   24    1    1    1    1    1    1    1    1  8.93399E+10 0.07671 
   25   25    1    1    1    1    1    1    1    1  9.20636E+10 0.08211 
   26   26    1    1    1    1    1    1    1    1  1.70601E+11 0.06534 
   27   27    1    1    1    1    1    1    1    1  3.23536E+11 0.03732 
   28   28    1    1    1    1    1    1    1    1  6.93740E+11 0.02084 
   29   29    1    1    1    1    1    1    1    1  1.13290E+12 0.01910 
   30   30    1    1    1    1    1    1    1    1  3.31770E+12 0.01608 
   31   31    1    1    1    1    1    1    1    1  1.05052E+13 0.00799 
   32   32    1    1    1    1    1    1    1    1  1.98129E+13 0.00618 
   33   33    1    1    1    1    1    1    1    1  4.72576E+13 0.00364 
   34   34    1    1    1    1    1    1    1    1  6.67180E+13 0.00379 
   35   35    1    1    1    1    1    1    1    1  8.74707E+13 0.00200 
   36   36    1    1    1    1    1    1    1    1  5.93634E+13 0.00198 
   37   37    1    1    1    1    1    1    1    1  1.82225E+13 0.00195 
   38   38    1    1    1    1    1    1    1    1  1.02561E+14 0.00170 
   39   39    1    1    1    1    1    1    1    1  1.38914E+14 0.00119 
   40   40    1    1    1    1    1    1    1    1  2.38982E+14 0.00178 
   41   41    1    1    1    1    1    1    1    1  2.42848E+14 0.00162 
   42   42    1    1    1    1    1    1    1    1  5.22058E+14 0.00102 
   43   43    1    1    1    1    1    1    1    1  6.37390E+14 0.00134 
   44   44    1    1    1    1    1    1    1    1  9.32086E+14 0.00101 
   45   45    1    1    1    1    1    1    1    1  1.87063E+15 0.00076 
   46   46    1    1    1    1    1    1    1    1  8.77133E+14 0.00090 
   47   47    1    1    1    1    1    1    1    1  1.42174E+15 0.00072 
   48   48    1    1    1    1    1    1    1    1  1.99306E+15 0.00066 
   49   49    1    1    1    1    1    1    1    1  1.98498E+15 0.00069 
   50   50    1    1    1    1    1    1    1    1  3.10769E+15 0.00074 
   51   51    1    1    1    1    1    1    1    1  2.48644E+15 0.00077 
   52   52    1    1    1    1    1    1    1    1  2.96824E+15 0.00075 
   53   53    1    1    1    1    1    1    1    1  2.06895E+15 0.00087 
   54   54    1    1    1    1    1    1    1    1  2.53636E+15 0.00081 
   55   55    1    1    1    1    1    1    1    1  1.74821E+15 0.00088 
   56   56    1    1    1    1    1    1    1    1  2.38192E+14 0.00115 
   57   57    1    1    1    1    1    1    1    1  3.48625E+15 0.00085 
   58   58    1    1    1    1    1    1    1    1  1.55734E+15 0.00102 
   59   59    1    1    1    1    1    1    1    1  1.65723E+15 0.00085 
   60   60    1    1    1    1    1    1    1    1  1.29100E+15 0.00102 
   61   61    1    1    1    1    1    1    1    1  1.29568E+15 0.00079 
   62   62    1    1    1    1    1    1    1    1  1.35235E+15 0.00075 
   63   63    1    1    1    1    1    1    1    1  1.13970E+15 0.00112 
   64   64    1    1    1    1    1    1    1    1  9.07738E+14 0.00098 
   65   65    1    1    1    1    1    1    1    1  9.03483E+14 0.00107 
   66   66    1    1    1    1    1    1    1    1  6.50733E+14 0.00102 
   67   67    1    1    1    1    1    1    1    1  5.30314E+14 0.00097 
   68   68    1    1    1    1    1    1    1    1  4.76360E+14 0.00126 
   69   69    1    1    1    1    1    1    1    1  5.71670E+14 0.00153 
   70   70    1    1    1    1    1    1    1    1  4.87885E+14 0.00155 
   71   71    1    1    1    1    1    1    1    1  8.86496E+14 0.00112 
   72   72    1    1    1    1    1    1    1    1  6.28675E+14 0.00107 
   73   73    1    1    1    1    1    1    1    1  4.73469E+14 0.00124 
   74   74    1    1    1    1    1    1    1    1  3.80532E+14 0.00158 
   75   75    1    1    1    1    1    1    1    1  3.15953E+14 0.00144 
   76   76    1    1    1    1    1    1    1    1  3.65677E+14 0.00164 
   77   77    1    1    1    1    1    1    1    1  2.89053E+14 0.00204 
   78   78    1    1    1    1    1    1    1    1  2.30022E+14 0.00151 
   79   79    1    1    1    1    1    1    1    1  2.38165E+14 0.00140 
   80   80    1    1    1    1    1    1    1    1  1.76003E+14 0.00181 
   81   81    1    1    1    1    1    1    1    1  1.36318E+14 0.00172 
   82   82    1    1    1    1    1    1    1    1  1.03937E+14 0.00190 
   83   83    1    1    1    1    1    1    1    1  9.75721E+13 0.00274 
   84   84    1    1    1    1    1    1    1    1  6.98078E+13 0.00288 
   85   85    1    1    1    1    1    1    1    1  5.06833E+13 0.00323 
   86   86    1    1    1    1    1    1    1    1  4.73127E+13 0.00307 
   87   87    1    1    1    1    1    1    1    1  2.91727E+13 0.00426 
   88   88    1    1    1    1    1    1    1    1  1.98993E+13 0.00489 
   89   89    1    1    1    1    1    1    1    1  1.12188E+13 0.00700 
   90   90    1    1    1    1    1    1    1    1  7.54682E+12 0.00903 
   91   91    1    1    1    1    1    1    1    1  3.69035E+12 0.00870 
   92   92    1    1    1    1    1    1    1    1  1.91184E+12 0.01973 
   93   93    1    1    1    1    1    1    1    1  9.02379E+11 0.02393 
   94   94    1    1    1    1    1    1    1    1  4.15341E+11 0.03319 
   95   95    1    1    1    1    1    1    1    1  1.95675E+11 0.05562 
   96   96    1    1    1    1    1    1    1    1  9.42350E+10 0.08296 
   97   97    1    1    1    1    1    1    1    1  5.16923E+10 0.10902 
   98   98    1    1    1    1    1    1    1    1  1.87726E+10 0.15255 
   99   99    1    1    1    1    1    1    1    1  1.03387E+10 0.18825 
  100  100    1    1    1    1    1    1    1    1  1.06832E+10 0.24631 
];


