
DETdpaspec = [
    1    1    1    1    1    1    1    1    1    1  0.00000E+00 0.00000 
    2    2    1    1    1    1    1    1    1    1  0.00000E+00 0.00000 
    3    3    1    1    1    1    1    1    1    1  0.00000E+00 0.00000 
    4    4    1    1    1    1    1    1    1    1  0.00000E+00 0.00000 
    5    5    1    1    1    1    1    1    1    1  0.00000E+00 0.00000 
    6    6    1    1    1    1    1    1    1    1  4.18814E+07 1.00000 
    7    7    1    1    1    1    1    1    1    1  0.00000E+00 0.00000 
    8    8    1    1    1    1    1    1    1    1  0.00000E+00 0.00000 
    9    9    1    1    1    1    1    1    1    1  1.37490E+07 1.00000 
   10   10    1    1    1    1    1    1    1    1  1.11279E+08 1.00000 
   11   11    1    1    1    1    1    1    1    1  2.80153E+08 0.59778 
   12   12    1    1    1    1    1    1    1    1  6.23307E+06 1.00000 
   13   13    1    1    1    1    1    1    1    1  1.07759E+09 0.68025 
   14   14    1    1    1    1    1    1    1    1  4.02580E+09 0.58048 
   15   15    1    1    1    1    1    1    1    1  3.88037E+09 0.35508 
   16   16    1    1    1    1    1    1    1    1  1.62321E+09 0.50719 
   17   17    1    1    1    1    1    1    1    1  2.89833E+09 0.36571 
   18   18    1    1    1    1    1    1    1    1  2.85414E+09 0.38564 
   19   19    1    1    1    1    1    1    1    1  3.90744E+09 0.25708 
   20   20    1    1    1    1    1    1    1    1  1.62740E+10 0.18685 
   21   21    1    1    1    1    1    1    1    1  1.29583E+10 0.17060 
   22   22    1    1    1    1    1    1    1    1  2.86263E+10 0.13547 
   23   23    1    1    1    1    1    1    1    1  5.26225E+10 0.10979 
   24   24    1    1    1    1    1    1    1    1  1.28794E+11 0.06069 
   25   25    1    1    1    1    1    1    1    1  2.16393E+11 0.05973 
   26   26    1    1    1    1    1    1    1    1  4.69150E+11 0.04315 
   27   27    1    1    1    1    1    1    1    1  1.06669E+12 0.02782 
   28   28    1    1    1    1    1    1    1    1  2.60934E+12 0.01487 
   29   29    1    1    1    1    1    1    1    1  4.72906E+12 0.01396 
   30   30    1    1    1    1    1    1    1    1  1.07538E+13 0.00818 
   31   31    1    1    1    1    1    1    1    1  2.76048E+13 0.00435 
   32   32    1    1    1    1    1    1    1    1  4.51429E+13 0.00241 
   33   33    1    1    1    1    1    1    1    1  9.97763E+13 0.00242 
   34   34    1    1    1    1    1    1    1    1  1.32510E+14 0.00230 
   35   35    1    1    1    1    1    1    1    1  1.46259E+14 0.00236 
   36   36    1    1    1    1    1    1    1    1  9.07058E+13 0.00183 
   37   37    1    1    1    1    1    1    1    1  2.67518E+13 0.00178 
   38   38    1    1    1    1    1    1    1    1  1.53473E+14 0.00196 
   39   39    1    1    1    1    1    1    1    1  2.05045E+14 0.00134 
   40   40    1    1    1    1    1    1    1    1  3.50934E+14 0.00143 
   41   41    1    1    1    1    1    1    1    1  3.42856E+14 0.00131 
   42   42    1    1    1    1    1    1    1    1  7.41311E+14 0.00101 
   43   43    1    1    1    1    1    1    1    1  8.92942E+14 0.00089 
   44   44    1    1    1    1    1    1    1    1  1.28080E+15 0.00085 
   45   45    1    1    1    1    1    1    1    1  2.53791E+15 0.00074 
   46   46    1    1    1    1    1    1    1    1  1.14856E+15 0.00085 
   47   47    1    1    1    1    1    1    1    1  1.82785E+15 0.00067 
   48   48    1    1    1    1    1    1    1    1  2.52428E+15 0.00076 
   49   49    1    1    1    1    1    1    1    1  2.47180E+15 0.00068 
   50   50    1    1    1    1    1    1    1    1  3.86658E+15 0.00041 
   51   51    1    1    1    1    1    1    1    1  3.00378E+15 0.00053 
   52   52    1    1    1    1    1    1    1    1  3.62285E+15 0.00059 
   53   53    1    1    1    1    1    1    1    1  2.48717E+15 0.00058 
   54   54    1    1    1    1    1    1    1    1  3.08353E+15 0.00054 
   55   55    1    1    1    1    1    1    1    1  2.10831E+15 0.00042 
   56   56    1    1    1    1    1    1    1    1  2.84815E+14 0.00098 
   57   57    1    1    1    1    1    1    1    1  4.16725E+15 0.00050 
   58   58    1    1    1    1    1    1    1    1  1.89373E+15 0.00075 
   59   59    1    1    1    1    1    1    1    1  1.99651E+15 0.00068 
   60   60    1    1    1    1    1    1    1    1  1.57488E+15 0.00080 
   61   61    1    1    1    1    1    1    1    1  1.57166E+15 0.00068 
   62   62    1    1    1    1    1    1    1    1  1.63816E+15 0.00071 
   63   63    1    1    1    1    1    1    1    1  1.38197E+15 0.00069 
   64   64    1    1    1    1    1    1    1    1  1.09692E+15 0.00095 
   65   65    1    1    1    1    1    1    1    1  1.08715E+15 0.00079 
   66   66    1    1    1    1    1    1    1    1  7.82060E+14 0.00097 
   67   67    1    1    1    1    1    1    1    1  6.32407E+14 0.00078 
   68   68    1    1    1    1    1    1    1    1  5.64217E+14 0.00096 
   69   69    1    1    1    1    1    1    1    1  6.75270E+14 0.00067 
   70   70    1    1    1    1    1    1    1    1  5.71494E+14 0.00080 
   71   71    1    1    1    1    1    1    1    1  1.02182E+15 0.00075 
   72   72    1    1    1    1    1    1    1    1  7.18234E+14 0.00114 
   73   73    1    1    1    1    1    1    1    1  5.41696E+14 0.00092 
   74   74    1    1    1    1    1    1    1    1  4.39257E+14 0.00168 
   75   75    1    1    1    1    1    1    1    1  3.68539E+14 0.00132 
   76   76    1    1    1    1    1    1    1    1  4.32950E+14 0.00105 
   77   77    1    1    1    1    1    1    1    1  3.45872E+14 0.00098 
   78   78    1    1    1    1    1    1    1    1  2.78232E+14 0.00133 
   79   79    1    1    1    1    1    1    1    1  2.89218E+14 0.00142 
   80   80    1    1    1    1    1    1    1    1  2.14844E+14 0.00116 
   81   81    1    1    1    1    1    1    1    1  1.65779E+14 0.00166 
   82   82    1    1    1    1    1    1    1    1  1.27212E+14 0.00201 
   83   83    1    1    1    1    1    1    1    1  1.18810E+14 0.00184 
   84   84    1    1    1    1    1    1    1    1  8.52366E+13 0.00209 
   85   85    1    1    1    1    1    1    1    1  6.19111E+13 0.00304 
   86   86    1    1    1    1    1    1    1    1  5.76625E+13 0.00302 
   87   87    1    1    1    1    1    1    1    1  3.52078E+13 0.00239 
   88   88    1    1    1    1    1    1    1    1  2.37285E+13 0.00385 
   89   89    1    1    1    1    1    1    1    1  1.36098E+13 0.00659 
   90   90    1    1    1    1    1    1    1    1  8.83697E+12 0.00650 
   91   91    1    1    1    1    1    1    1    1  4.35503E+12 0.01085 
   92   92    1    1    1    1    1    1    1    1  2.16196E+12 0.01204 
   93   93    1    1    1    1    1    1    1    1  1.03354E+12 0.01804 
   94   94    1    1    1    1    1    1    1    1  4.90151E+11 0.02721 
   95   95    1    1    1    1    1    1    1    1  2.42143E+11 0.06141 
   96   96    1    1    1    1    1    1    1    1  1.15186E+11 0.05914 
   97   97    1    1    1    1    1    1    1    1  4.98985E+10 0.07496 
   98   98    1    1    1    1    1    1    1    1  2.42987E+10 0.08860 
   99   99    1    1    1    1    1    1    1    1  1.32552E+10 0.18573 
  100  100    1    1    1    1    1    1    1    1  1.27735E+10 0.19645 
];


