
DETdpaspec = [
    1    1    1    1    1    1    1    1    1    1  0.00000E+00 0.00000 
    2    2    1    1    1    1    1    1    1    1  0.00000E+00 0.00000 
    3    3    1    1    1    1    1    1    1    1  0.00000E+00 0.00000 
    4    4    1    1    1    1    1    1    1    1  0.00000E+00 0.00000 
    5    5    1    1    1    1    1    1    1    1  0.00000E+00 0.00000 
    6    6    1    1    1    1    1    1    1    1  0.00000E+00 0.00000 
    7    7    1    1    1    1    1    1    1    1  1.52533E+07 1.00000 
    8    8    1    1    1    1    1    1    1    1  1.52457E+07 1.00000 
    9    9    1    1    1    1    1    1    1    1  0.00000E+00 0.00000 
   10   10    1    1    1    1    1    1    1    1  0.00000E+00 0.00000 
   11   11    1    1    1    1    1    1    1    1  4.00687E+07 1.00000 
   12   12    1    1    1    1    1    1    1    1  6.00832E+07 0.65746 
   13   13    1    1    1    1    1    1    1    1  1.33544E+09 0.51537 
   14   14    1    1    1    1    1    1    1    1  2.07755E+09 0.61803 
   15   15    1    1    1    1    1    1    1    1  3.51987E+09 0.30586 
   16   16    1    1    1    1    1    1    1    1  1.62516E+09 0.32104 
   17   17    1    1    1    1    1    1    1    1  1.90716E+09 0.27053 
   18   18    1    1    1    1    1    1    1    1  8.32256E+09 0.23589 
   19   19    1    1    1    1    1    1    1    1  7.27378E+09 0.19239 
   20   20    1    1    1    1    1    1    1    1  2.40468E+10 0.16462 
   21   21    1    1    1    1    1    1    1    1  1.62205E+10 0.15111 
   22   22    1    1    1    1    1    1    1    1  3.55478E+10 0.09997 
   23   23    1    1    1    1    1    1    1    1  4.59405E+10 0.09704 
   24   24    1    1    1    1    1    1    1    1  9.62274E+10 0.05742 
   25   25    1    1    1    1    1    1    1    1  1.22184E+11 0.05709 
   26   26    1    1    1    1    1    1    1    1  1.97220E+11 0.04977 
   27   27    1    1    1    1    1    1    1    1  3.20060E+11 0.03300 
   28   28    1    1    1    1    1    1    1    1  6.56428E+11 0.02911 
   29   29    1    1    1    1    1    1    1    1  1.02986E+12 0.02215 
   30   30    1    1    1    1    1    1    1    1  2.95905E+12 0.01197 
   31   31    1    1    1    1    1    1    1    1  9.32549E+12 0.00737 
   32   32    1    1    1    1    1    1    1    1  1.78748E+13 0.00663 
   33   33    1    1    1    1    1    1    1    1  4.26082E+13 0.00374 
   34   34    1    1    1    1    1    1    1    1  5.91095E+13 0.00253 
   35   35    1    1    1    1    1    1    1    1  8.03148E+13 0.00289 
   36   36    1    1    1    1    1    1    1    1  5.52581E+13 0.00267 
   37   37    1    1    1    1    1    1    1    1  1.70818E+13 0.00264 
   38   38    1    1    1    1    1    1    1    1  9.53294E+13 0.00216 
   39   39    1    1    1    1    1    1    1    1  1.29126E+14 0.00191 
   40   40    1    1    1    1    1    1    1    1  2.21960E+14 0.00183 
   41   41    1    1    1    1    1    1    1    1  2.27392E+14 0.00150 
   42   42    1    1    1    1    1    1    1    1  4.84561E+14 0.00140 
   43   43    1    1    1    1    1    1    1    1  5.90262E+14 0.00130 
   44   44    1    1    1    1    1    1    1    1  8.61010E+14 0.00139 
   45   45    1    1    1    1    1    1    1    1  1.71803E+15 0.00113 
   46   46    1    1    1    1    1    1    1    1  8.08872E+14 0.00093 
   47   47    1    1    1    1    1    1    1    1  1.31267E+15 0.00097 
   48   48    1    1    1    1    1    1    1    1  1.83796E+15 0.00088 
   49   49    1    1    1    1    1    1    1    1  1.83269E+15 0.00084 
   50   50    1    1    1    1    1    1    1    1  2.85181E+15 0.00090 
   51   51    1    1    1    1    1    1    1    1  2.29668E+15 0.00093 
   52   52    1    1    1    1    1    1    1    1  2.72036E+15 0.00090 
   53   53    1    1    1    1    1    1    1    1  1.89817E+15 0.00098 
   54   54    1    1    1    1    1    1    1    1  2.30949E+15 0.00087 
   55   55    1    1    1    1    1    1    1    1  1.59459E+15 0.00095 
   56   56    1    1    1    1    1    1    1    1  2.17576E+14 0.00144 
   57   57    1    1    1    1    1    1    1    1  3.17946E+15 0.00091 
   58   58    1    1    1    1    1    1    1    1  1.40826E+15 0.00121 
   59   59    1    1    1    1    1    1    1    1  1.50071E+15 0.00108 
   60   60    1    1    1    1    1    1    1    1  1.16030E+15 0.00097 
   61   61    1    1    1    1    1    1    1    1  1.16718E+15 0.00115 
   62   62    1    1    1    1    1    1    1    1  1.21545E+15 0.00113 
   63   63    1    1    1    1    1    1    1    1  1.02123E+15 0.00098 
   64   64    1    1    1    1    1    1    1    1  8.13935E+14 0.00121 
   65   65    1    1    1    1    1    1    1    1  8.08479E+14 0.00130 
   66   66    1    1    1    1    1    1    1    1  5.82497E+14 0.00123 
   67   67    1    1    1    1    1    1    1    1  4.75812E+14 0.00155 
   68   68    1    1    1    1    1    1    1    1  4.28200E+14 0.00181 
   69   69    1    1    1    1    1    1    1    1  5.13934E+14 0.00202 
   70   70    1    1    1    1    1    1    1    1  4.38238E+14 0.00129 
   71   71    1    1    1    1    1    1    1    1  8.03055E+14 0.00142 
   72   72    1    1    1    1    1    1    1    1  5.68955E+14 0.00167 
   73   73    1    1    1    1    1    1    1    1  4.27472E+14 0.00145 
   74   74    1    1    1    1    1    1    1    1  3.41372E+14 0.00171 
   75   75    1    1    1    1    1    1    1    1  2.82416E+14 0.00132 
   76   76    1    1    1    1    1    1    1    1  3.25443E+14 0.00183 
   77   77    1    1    1    1    1    1    1    1  2.55812E+14 0.00187 
   78   78    1    1    1    1    1    1    1    1  2.02954E+14 0.00221 
   79   79    1    1    1    1    1    1    1    1  2.09254E+14 0.00234 
   80   80    1    1    1    1    1    1    1    1  1.54759E+14 0.00273 
   81   81    1    1    1    1    1    1    1    1  1.19303E+14 0.00240 
   82   82    1    1    1    1    1    1    1    1  9.17541E+13 0.00206 
   83   83    1    1    1    1    1    1    1    1  8.55986E+13 0.00322 
   84   84    1    1    1    1    1    1    1    1  6.10657E+13 0.00317 
   85   85    1    1    1    1    1    1    1    1  4.44552E+13 0.00370 
   86   86    1    1    1    1    1    1    1    1  4.14886E+13 0.00410 
   87   87    1    1    1    1    1    1    1    1  2.55586E+13 0.00394 
   88   88    1    1    1    1    1    1    1    1  1.72813E+13 0.00447 
   89   89    1    1    1    1    1    1    1    1  9.88721E+12 0.00674 
   90   90    1    1    1    1    1    1    1    1  6.49825E+12 0.01219 
   91   91    1    1    1    1    1    1    1    1  3.32199E+12 0.01063 
   92   92    1    1    1    1    1    1    1    1  1.59381E+12 0.01879 
   93   93    1    1    1    1    1    1    1    1  7.57454E+11 0.02041 
   94   94    1    1    1    1    1    1    1    1  3.84475E+11 0.03361 
   95   95    1    1    1    1    1    1    1    1  1.89152E+11 0.05064 
   96   96    1    1    1    1    1    1    1    1  8.82913E+10 0.07831 
   97   97    1    1    1    1    1    1    1    1  3.61366E+10 0.11251 
   98   98    1    1    1    1    1    1    1    1  1.86711E+10 0.16840 
   99   99    1    1    1    1    1    1    1    1  7.23789E+09 0.29563 
  100  100    1    1    1    1    1    1    1    1  4.71418E+09 0.27850 
];


