
DETdpaspec = [
    1    1    1    1    1    1    1    1    1    1  0.00000E+00 0.00000 
    2    2    1    1    1    1    1    1    1    1  0.00000E+00 0.00000 
    3    3    1    1    1    1    1    1    1    1  0.00000E+00 0.00000 
    4    4    1    1    1    1    1    1    1    1  0.00000E+00 0.00000 
    5    5    1    1    1    1    1    1    1    1  0.00000E+00 0.00000 
    6    6    1    1    1    1    1    1    1    1  0.00000E+00 0.00000 
    7    7    1    1    1    1    1    1    1    1  2.39949E+07 0.71904 
    8    8    1    1    1    1    1    1    1    1  4.49156E+07 0.73436 
    9    9    1    1    1    1    1    1    1    1  0.00000E+00 0.00000 
   10   10    1    1    1    1    1    1    1    1  0.00000E+00 0.00000 
   11   11    1    1    1    1    1    1    1    1  9.07995E+07 1.00000 
   12   12    1    1    1    1    1    1    1    1  8.42040E+07 0.46124 
   13   13    1    1    1    1    1    1    1    1  9.87806E+08 0.34708 
   14   14    1    1    1    1    1    1    1    1  2.65578E+09 0.46608 
   15   15    1    1    1    1    1    1    1    1  4.59076E+09 0.47650 
   16   16    1    1    1    1    1    1    1    1  1.71232E+09 0.38396 
   17   17    1    1    1    1    1    1    1    1  2.69275E+09 0.26154 
   18   18    1    1    1    1    1    1    1    1  4.53464E+09 0.21701 
   19   19    1    1    1    1    1    1    1    1  6.65004E+09 0.20315 
   20   20    1    1    1    1    1    1    1    1  1.62958E+10 0.14304 
   21   21    1    1    1    1    1    1    1    1  1.72485E+10 0.14159 
   22   22    1    1    1    1    1    1    1    1  5.28070E+10 0.08186 
   23   23    1    1    1    1    1    1    1    1  6.39876E+10 0.07098 
   24   24    1    1    1    1    1    1    1    1  9.64719E+10 0.06643 
   25   25    1    1    1    1    1    1    1    1  1.05764E+11 0.04374 
   26   26    1    1    1    1    1    1    1    1  1.73351E+11 0.03981 
   27   27    1    1    1    1    1    1    1    1  3.21345E+11 0.04793 
   28   28    1    1    1    1    1    1    1    1  6.03633E+11 0.02631 
   29   29    1    1    1    1    1    1    1    1  8.70195E+11 0.02280 
   30   30    1    1    1    1    1    1    1    1  2.69366E+12 0.01452 
   31   31    1    1    1    1    1    1    1    1  8.31420E+12 0.00801 
   32   32    1    1    1    1    1    1    1    1  1.57341E+13 0.00673 
   33   33    1    1    1    1    1    1    1    1  3.65467E+13 0.00470 
   34   34    1    1    1    1    1    1    1    1  4.97729E+13 0.00231 
   35   35    1    1    1    1    1    1    1    1  7.03110E+13 0.00265 
   36   36    1    1    1    1    1    1    1    1  4.93409E+13 0.00271 
   37   37    1    1    1    1    1    1    1    1  1.55461E+13 0.00294 
   38   38    1    1    1    1    1    1    1    1  8.49002E+13 0.00265 
   39   39    1    1    1    1    1    1    1    1  1.14151E+14 0.00215 
   40   40    1    1    1    1    1    1    1    1  1.93571E+14 0.00189 
   41   41    1    1    1    1    1    1    1    1  2.00758E+14 0.00146 
   42   42    1    1    1    1    1    1    1    1  4.19654E+14 0.00133 
   43   43    1    1    1    1    1    1    1    1  5.07359E+14 0.00100 
   44   44    1    1    1    1    1    1    1    1  7.33768E+14 0.00116 
   45   45    1    1    1    1    1    1    1    1  1.43582E+15 0.00090 
   46   46    1    1    1    1    1    1    1    1  6.78355E+14 0.00096 
   47   47    1    1    1    1    1    1    1    1  1.10410E+15 0.00086 
   48   48    1    1    1    1    1    1    1    1  1.53839E+15 0.00104 
   49   49    1    1    1    1    1    1    1    1  1.53179E+15 0.00092 
   50   50    1    1    1    1    1    1    1    1  2.35318E+15 0.00093 
   51   51    1    1    1    1    1    1    1    1  1.90567E+15 0.00076 
   52   52    1    1    1    1    1    1    1    1  2.22188E+15 0.00094 
   53   53    1    1    1    1    1    1    1    1  1.55120E+15 0.00103 
   54   54    1    1    1    1    1    1    1    1  1.86027E+15 0.00082 
   55   55    1    1    1    1    1    1    1    1  1.28559E+15 0.00102 
   56   56    1    1    1    1    1    1    1    1  1.76081E+14 0.00135 
   57   57    1    1    1    1    1    1    1    1  2.56032E+15 0.00095 
   58   58    1    1    1    1    1    1    1    1  1.11223E+15 0.00105 
   59   59    1    1    1    1    1    1    1    1  1.18956E+15 0.00117 
   60   60    1    1    1    1    1    1    1    1  9.10106E+14 0.00085 
   61   61    1    1    1    1    1    1    1    1  9.15740E+14 0.00120 
   62   62    1    1    1    1    1    1    1    1  9.50714E+14 0.00096 
   63   63    1    1    1    1    1    1    1    1  7.95807E+14 0.00108 
   64   64    1    1    1    1    1    1    1    1  6.32378E+14 0.00135 
   65   65    1    1    1    1    1    1    1    1  6.25953E+14 0.00124 
   66   66    1    1    1    1    1    1    1    1  4.50660E+14 0.00152 
   67   67    1    1    1    1    1    1    1    1  3.69967E+14 0.00134 
   68   68    1    1    1    1    1    1    1    1  3.32602E+14 0.00156 
   69   69    1    1    1    1    1    1    1    1  3.98906E+14 0.00146 
   70   70    1    1    1    1    1    1    1    1  3.40506E+14 0.00176 
   71   71    1    1    1    1    1    1    1    1  6.29550E+14 0.00119 
   72   72    1    1    1    1    1    1    1    1  4.46210E+14 0.00096 
   73   73    1    1    1    1    1    1    1    1  3.35482E+14 0.00132 
   74   74    1    1    1    1    1    1    1    1  2.65917E+14 0.00169 
   75   75    1    1    1    1    1    1    1    1  2.17352E+14 0.00176 
   76   76    1    1    1    1    1    1    1    1  2.47929E+14 0.00149 
   77   77    1    1    1    1    1    1    1    1  1.93136E+14 0.00178 
   78   78    1    1    1    1    1    1    1    1  1.52009E+14 0.00155 
   79   79    1    1    1    1    1    1    1    1  1.55924E+14 0.00178 
   80   80    1    1    1    1    1    1    1    1  1.14436E+14 0.00242 
   81   81    1    1    1    1    1    1    1    1  8.76566E+13 0.00295 
   82   82    1    1    1    1    1    1    1    1  6.70577E+13 0.00338 
   83   83    1    1    1    1    1    1    1    1  6.30018E+13 0.00289 
   84   84    1    1    1    1    1    1    1    1  4.55033E+13 0.00412 
   85   85    1    1    1    1    1    1    1    1  3.27590E+13 0.00392 
   86   86    1    1    1    1    1    1    1    1  3.06215E+13 0.00441 
   87   87    1    1    1    1    1    1    1    1  1.88281E+13 0.00508 
   88   88    1    1    1    1    1    1    1    1  1.29182E+13 0.00471 
   89   89    1    1    1    1    1    1    1    1  7.39633E+12 0.00957 
   90   90    1    1    1    1    1    1    1    1  4.86917E+12 0.01396 
   91   91    1    1    1    1    1    1    1    1  2.44534E+12 0.01465 
   92   92    1    1    1    1    1    1    1    1  1.18569E+12 0.02106 
   93   93    1    1    1    1    1    1    1    1  5.81619E+11 0.03202 
   94   94    1    1    1    1    1    1    1    1  2.74703E+11 0.03249 
   95   95    1    1    1    1    1    1    1    1  1.32931E+11 0.04300 
   96   96    1    1    1    1    1    1    1    1  7.78622E+10 0.06771 
   97   97    1    1    1    1    1    1    1    1  2.75850E+10 0.14356 
   98   98    1    1    1    1    1    1    1    1  1.81324E+10 0.21000 
   99   99    1    1    1    1    1    1    1    1  1.08706E+10 0.19154 
  100  100    1    1    1    1    1    1    1    1  5.52446E+09 0.26313 
];


