
DETdpaspec = [
    1    1    1    1    1    1    1    1    1    1  0.00000E+00 0.00000 
    2    2    1    1    1    1    1    1    1    1  0.00000E+00 0.00000 
    3    3    1    1    1    1    1    1    1    1  0.00000E+00 0.00000 
    4    4    1    1    1    1    1    1    1    1  3.89134E+07 1.00000 
    5    5    1    1    1    1    1    1    1    1  0.00000E+00 0.00000 
    6    6    1    1    1    1    1    1    1    1  0.00000E+00 0.00000 
    7    7    1    1    1    1    1    1    1    1  0.00000E+00 0.00000 
    8    8    1    1    1    1    1    1    1    1  0.00000E+00 0.00000 
    9    9    1    1    1    1    1    1    1    1  0.00000E+00 0.00000 
   10   10    1    1    1    1    1    1    1    1  0.00000E+00 0.00000 
   11   11    1    1    1    1    1    1    1    1  0.00000E+00 0.00000 
   12   12    1    1    1    1    1    1    1    1  8.45080E+07 1.00000 
   13   13    1    1    1    1    1    1    1    1  1.02838E+09 0.67130 
   14   14    1    1    1    1    1    1    1    1  2.96531E+09 0.51066 
   15   15    1    1    1    1    1    1    1    1  6.51735E+09 0.32814 
   16   16    1    1    1    1    1    1    1    1  8.47659E+08 0.50977 
   17   17    1    1    1    1    1    1    1    1  1.31520E+09 0.34317 
   18   18    1    1    1    1    1    1    1    1  2.43287E+09 0.31268 
   19   19    1    1    1    1    1    1    1    1  4.27714E+09 0.26725 
   20   20    1    1    1    1    1    1    1    1  1.48571E+10 0.22561 
   21   21    1    1    1    1    1    1    1    1  1.10968E+10 0.16672 
   22   22    1    1    1    1    1    1    1    1  2.53571E+10 0.11248 
   23   23    1    1    1    1    1    1    1    1  5.08862E+10 0.10660 
   24   24    1    1    1    1    1    1    1    1  1.14564E+11 0.06990 
   25   25    1    1    1    1    1    1    1    1  1.66270E+11 0.05208 
   26   26    1    1    1    1    1    1    1    1  3.71951E+11 0.03944 
   27   27    1    1    1    1    1    1    1    1  8.87457E+11 0.02424 
   28   28    1    1    1    1    1    1    1    1  2.15317E+12 0.01451 
   29   29    1    1    1    1    1    1    1    1  4.04485E+12 0.01247 
   30   30    1    1    1    1    1    1    1    1  9.31760E+12 0.00726 
   31   31    1    1    1    1    1    1    1    1  2.45744E+13 0.00460 
   32   32    1    1    1    1    1    1    1    1  4.09328E+13 0.00450 
   33   33    1    1    1    1    1    1    1    1  9.20433E+13 0.00291 
   34   34    1    1    1    1    1    1    1    1  1.23438E+14 0.00259 
   35   35    1    1    1    1    1    1    1    1  1.38504E+14 0.00213 
   36   36    1    1    1    1    1    1    1    1  8.65734E+13 0.00182 
   37   37    1    1    1    1    1    1    1    1  2.56091E+13 0.00194 
   38   38    1    1    1    1    1    1    1    1  1.46845E+14 0.00142 
   39   39    1    1    1    1    1    1    1    1  1.96892E+14 0.00126 
   40   40    1    1    1    1    1    1    1    1  3.38013E+14 0.00120 
   41   41    1    1    1    1    1    1    1    1  3.30459E+14 0.00119 
   42   42    1    1    1    1    1    1    1    1  7.15958E+14 0.00123 
   43   43    1    1    1    1    1    1    1    1  8.63586E+14 0.00093 
   44   44    1    1    1    1    1    1    1    1  1.24414E+15 0.00076 
   45   45    1    1    1    1    1    1    1    1  2.47165E+15 0.00090 
   46   46    1    1    1    1    1    1    1    1  1.12281E+15 0.00076 
   47   47    1    1    1    1    1    1    1    1  1.79191E+15 0.00065 
   48   48    1    1    1    1    1    1    1    1  2.47907E+15 0.00060 
   49   49    1    1    1    1    1    1    1    1  2.43533E+15 0.00039 
   50   50    1    1    1    1    1    1    1    1  3.81576E+15 0.00052 
   51   51    1    1    1    1    1    1    1    1  2.97799E+15 0.00074 
   52   52    1    1    1    1    1    1    1    1  3.58885E+15 0.00055 
   53   53    1    1    1    1    1    1    1    1  2.46926E+15 0.00076 
   54   54    1    1    1    1    1    1    1    1  3.06816E+15 0.00077 
   55   55    1    1    1    1    1    1    1    1  2.09900E+15 0.00077 
   56   56    1    1    1    1    1    1    1    1  2.83179E+14 0.00120 
   57   57    1    1    1    1    1    1    1    1  4.15015E+15 0.00070 
   58   58    1    1    1    1    1    1    1    1  1.88841E+15 0.00069 
   59   59    1    1    1    1    1    1    1    1  1.99285E+15 0.00071 
   60   60    1    1    1    1    1    1    1    1  1.57002E+15 0.00080 
   61   61    1    1    1    1    1    1    1    1  1.56846E+15 0.00082 
   62   62    1    1    1    1    1    1    1    1  1.63399E+15 0.00072 
   63   63    1    1    1    1    1    1    1    1  1.37981E+15 0.00061 
   64   64    1    1    1    1    1    1    1    1  1.09611E+15 0.00078 
   65   65    1    1    1    1    1    1    1    1  1.08827E+15 0.00068 
   66   66    1    1    1    1    1    1    1    1  7.83498E+14 0.00088 
   67   67    1    1    1    1    1    1    1    1  6.33580E+14 0.00083 
   68   68    1    1    1    1    1    1    1    1  5.65268E+14 0.00112 
   69   69    1    1    1    1    1    1    1    1  6.77362E+14 0.00088 
   70   70    1    1    1    1    1    1    1    1  5.73802E+14 0.00096 
   71   71    1    1    1    1    1    1    1    1  1.02659E+15 0.00073 
   72   72    1    1    1    1    1    1    1    1  7.23263E+14 0.00098 
   73   73    1    1    1    1    1    1    1    1  5.45363E+14 0.00106 
   74   74    1    1    1    1    1    1    1    1  4.42209E+14 0.00141 
   75   75    1    1    1    1    1    1    1    1  3.71434E+14 0.00110 
   76   76    1    1    1    1    1    1    1    1  4.35243E+14 0.00119 
   77   77    1    1    1    1    1    1    1    1  3.47243E+14 0.00101 
   78   78    1    1    1    1    1    1    1    1  2.79946E+14 0.00154 
   79   79    1    1    1    1    1    1    1    1  2.89462E+14 0.00140 
   80   80    1    1    1    1    1    1    1    1  2.16012E+14 0.00163 
   81   81    1    1    1    1    1    1    1    1  1.66468E+14 0.00178 
   82   82    1    1    1    1    1    1    1    1  1.27768E+14 0.00249 
   83   83    1    1    1    1    1    1    1    1  1.19214E+14 0.00209 
   84   84    1    1    1    1    1    1    1    1  8.62361E+13 0.00252 
   85   85    1    1    1    1    1    1    1    1  6.19764E+13 0.00250 
   86   86    1    1    1    1    1    1    1    1  5.79433E+13 0.00276 
   87   87    1    1    1    1    1    1    1    1  3.52995E+13 0.00307 
   88   88    1    1    1    1    1    1    1    1  2.36325E+13 0.00412 
   89   89    1    1    1    1    1    1    1    1  1.36881E+13 0.00747 
   90   90    1    1    1    1    1    1    1    1  9.06173E+12 0.00771 
   91   91    1    1    1    1    1    1    1    1  4.50092E+12 0.00915 
   92   92    1    1    1    1    1    1    1    1  2.07886E+12 0.01827 
   93   93    1    1    1    1    1    1    1    1  1.04345E+12 0.01716 
   94   94    1    1    1    1    1    1    1    1  5.14616E+11 0.03294 
   95   95    1    1    1    1    1    1    1    1  2.31781E+11 0.05093 
   96   96    1    1    1    1    1    1    1    1  1.18986E+11 0.07009 
   97   97    1    1    1    1    1    1    1    1  4.96625E+10 0.09829 
   98   98    1    1    1    1    1    1    1    1  2.29138E+10 0.16930 
   99   99    1    1    1    1    1    1    1    1  9.75816E+09 0.19694 
  100  100    1    1    1    1    1    1    1    1  1.02531E+10 0.27927 
];


