
DETdpaspec = [
    1    1    1    1    1    1    1    1    1    1  0.00000E+00 0.00000 
    2    2    1    1    1    1    1    1    1    1  0.00000E+00 0.00000 
    3    3    1    1    1    1    1    1    1    1  0.00000E+00 0.00000 
    4    4    1    1    1    1    1    1    1    1  0.00000E+00 0.00000 
    5    5    1    1    1    1    1    1    1    1  0.00000E+00 0.00000 
    6    6    1    1    1    1    1    1    1    1  0.00000E+00 0.00000 
    7    7    1    1    1    1    1    1    1    1  0.00000E+00 0.00000 
    8    8    1    1    1    1    1    1    1    1  0.00000E+00 0.00000 
    9    9    1    1    1    1    1    1    1    1  2.50420E+07 0.75446 
   10   10    1    1    1    1    1    1    1    1  5.25920E+07 1.00000 
   11   11    1    1    1    1    1    1    1    1  3.90634E+07 1.00000 
   12   12    1    1    1    1    1    1    1    1  1.69765E+07 0.81748 
   13   13    1    1    1    1    1    1    1    1  1.40804E+09 0.48264 
   14   14    1    1    1    1    1    1    1    1  1.76504E+09 0.46994 
   15   15    1    1    1    1    1    1    1    1  3.84391E+09 0.34350 
   16   16    1    1    1    1    1    1    1    1  1.34436E+09 0.31332 
   17   17    1    1    1    1    1    1    1    1  2.12841E+09 0.30039 
   18   18    1    1    1    1    1    1    1    1  5.45052E+09 0.23843 
   19   19    1    1    1    1    1    1    1    1  4.55951E+09 0.19225 
   20   20    1    1    1    1    1    1    1    1  1.82828E+10 0.16006 
   21   21    1    1    1    1    1    1    1    1  1.35136E+10 0.16691 
   22   22    1    1    1    1    1    1    1    1  3.11118E+10 0.11791 
   23   23    1    1    1    1    1    1    1    1  5.97931E+10 0.07712 
   24   24    1    1    1    1    1    1    1    1  8.73613E+10 0.05996 
   25   25    1    1    1    1    1    1    1    1  1.25630E+11 0.06097 
   26   26    1    1    1    1    1    1    1    1  1.78648E+11 0.05845 
   27   27    1    1    1    1    1    1    1    1  2.90187E+11 0.03587 
   28   28    1    1    1    1    1    1    1    1  6.21444E+11 0.03038 
   29   29    1    1    1    1    1    1    1    1  1.05313E+12 0.01831 
   30   30    1    1    1    1    1    1    1    1  2.99106E+12 0.01488 
   31   31    1    1    1    1    1    1    1    1  9.40231E+12 0.00980 
   32   32    1    1    1    1    1    1    1    1  1.80078E+13 0.00614 
   33   33    1    1    1    1    1    1    1    1  4.29663E+13 0.00436 
   34   34    1    1    1    1    1    1    1    1  5.99181E+13 0.00318 
   35   35    1    1    1    1    1    1    1    1  8.10622E+13 0.00293 
   36   36    1    1    1    1    1    1    1    1  5.55381E+13 0.00258 
   37   37    1    1    1    1    1    1    1    1  1.71944E+13 0.00272 
   38   38    1    1    1    1    1    1    1    1  9.62823E+13 0.00269 
   39   39    1    1    1    1    1    1    1    1  1.30389E+14 0.00249 
   40   40    1    1    1    1    1    1    1    1  2.23585E+14 0.00225 
   41   41    1    1    1    1    1    1    1    1  2.29289E+14 0.00206 
   42   42    1    1    1    1    1    1    1    1  4.89234E+14 0.00143 
   43   43    1    1    1    1    1    1    1    1  5.95757E+14 0.00115 
   44   44    1    1    1    1    1    1    1    1  8.68850E+14 0.00087 
   45   45    1    1    1    1    1    1    1    1  1.73233E+15 0.00080 
   46   46    1    1    1    1    1    1    1    1  8.15860E+14 0.00089 
   47   47    1    1    1    1    1    1    1    1  1.32409E+15 0.00077 
   48   48    1    1    1    1    1    1    1    1  1.85318E+15 0.00072 
   49   49    1    1    1    1    1    1    1    1  1.84789E+15 0.00071 
   50   50    1    1    1    1    1    1    1    1  2.87969E+15 0.00071 
   51   51    1    1    1    1    1    1    1    1  2.31621E+15 0.00081 
   52   52    1    1    1    1    1    1    1    1  2.74615E+15 0.00055 
   53   53    1    1    1    1    1    1    1    1  1.91432E+15 0.00090 
   54   54    1    1    1    1    1    1    1    1  2.33199E+15 0.00064 
   55   55    1    1    1    1    1    1    1    1  1.60824E+15 0.00076 
   56   56    1    1    1    1    1    1    1    1  2.19418E+14 0.00121 
   57   57    1    1    1    1    1    1    1    1  3.20851E+15 0.00078 
   58   58    1    1    1    1    1    1    1    1  1.42085E+15 0.00072 
   59   59    1    1    1    1    1    1    1    1  1.51626E+15 0.00077 
   60   60    1    1    1    1    1    1    1    1  1.17320E+15 0.00085 
   61   61    1    1    1    1    1    1    1    1  1.17826E+15 0.00084 
   62   62    1    1    1    1    1    1    1    1  1.22886E+15 0.00082 
   63   63    1    1    1    1    1    1    1    1  1.03295E+15 0.00088 
   64   64    1    1    1    1    1    1    1    1  8.23617E+14 0.00131 
   65   65    1    1    1    1    1    1    1    1  8.18007E+14 0.00134 
   66   66    1    1    1    1    1    1    1    1  5.89694E+14 0.00113 
   67   67    1    1    1    1    1    1    1    1  4.81840E+14 0.00143 
   68   68    1    1    1    1    1    1    1    1  4.32144E+14 0.00116 
   69   69    1    1    1    1    1    1    1    1  5.19747E+14 0.00103 
   70   70    1    1    1    1    1    1    1    1  4.43214E+14 0.00167 
   71   71    1    1    1    1    1    1    1    1  8.09806E+14 0.00145 
   72   72    1    1    1    1    1    1    1    1  5.73999E+14 0.00170 
   73   73    1    1    1    1    1    1    1    1  4.32269E+14 0.00164 
   74   74    1    1    1    1    1    1    1    1  3.45286E+14 0.00171 
   75   75    1    1    1    1    1    1    1    1  2.86556E+14 0.00165 
   76   76    1    1    1    1    1    1    1    1  3.29388E+14 0.00152 
   77   77    1    1    1    1    1    1    1    1  2.58780E+14 0.00180 
   78   78    1    1    1    1    1    1    1    1  2.05542E+14 0.00208 
   79   79    1    1    1    1    1    1    1    1  2.11514E+14 0.00132 
   80   80    1    1    1    1    1    1    1    1  1.56507E+14 0.00230 
   81   81    1    1    1    1    1    1    1    1  1.20586E+14 0.00199 
   82   82    1    1    1    1    1    1    1    1  9.27275E+13 0.00252 
   83   83    1    1    1    1    1    1    1    1  8.64786E+13 0.00305 
   84   84    1    1    1    1    1    1    1    1  6.21545E+13 0.00295 
   85   85    1    1    1    1    1    1    1    1  4.46001E+13 0.00312 
   86   86    1    1    1    1    1    1    1    1  4.19691E+13 0.00366 
   87   87    1    1    1    1    1    1    1    1  2.60558E+13 0.00470 
   88   88    1    1    1    1    1    1    1    1  1.73505E+13 0.00583 
   89   89    1    1    1    1    1    1    1    1  1.01523E+13 0.00868 
   90   90    1    1    1    1    1    1    1    1  6.75289E+12 0.01077 
   91   91    1    1    1    1    1    1    1    1  3.33307E+12 0.01177 
   92   92    1    1    1    1    1    1    1    1  1.66797E+12 0.01555 
   93   93    1    1    1    1    1    1    1    1  8.03748E+11 0.02701 
   94   94    1    1    1    1    1    1    1    1  3.62697E+11 0.02888 
   95   95    1    1    1    1    1    1    1    1  1.80470E+11 0.05557 
   96   96    1    1    1    1    1    1    1    1  9.84162E+10 0.07121 
   97   97    1    1    1    1    1    1    1    1  5.28994E+10 0.10582 
   98   98    1    1    1    1    1    1    1    1  2.19356E+10 0.16753 
   99   99    1    1    1    1    1    1    1    1  9.09648E+09 0.25078 
  100  100    1    1    1    1    1    1    1    1  7.10955E+09 0.26515 
];


