
DETdpaspec = [
    1    1    1    1    1    1    1    1    1    1  0.00000E+00 0.00000 
    2    2    1    1    1    1    1    1    1    1  0.00000E+00 0.00000 
    3    3    1    1    1    1    1    1    1    1  0.00000E+00 0.00000 
    4    4    1    1    1    1    1    1    1    1  0.00000E+00 0.00000 
    5    5    1    1    1    1    1    1    1    1  0.00000E+00 0.00000 
    6    6    1    1    1    1    1    1    1    1  0.00000E+00 0.00000 
    7    7    1    1    1    1    1    1    1    1  0.00000E+00 0.00000 
    8    8    1    1    1    1    1    1    1    1  1.06162E+07 1.00000 
    9    9    1    1    1    1    1    1    1    1  0.00000E+00 0.00000 
   10   10    1    1    1    1    1    1    1    1  1.20955E+08 0.75991 
   11   11    1    1    1    1    1    1    1    1  1.33680E+08 0.71567 
   12   12    1    1    1    1    1    1    1    1  8.64848E+06 1.00000 
   13   13    1    1    1    1    1    1    1    1  7.84636E+08 0.75930 
   14   14    1    1    1    1    1    1    1    1  1.41335E+09 0.41980 
   15   15    1    1    1    1    1    1    1    1  3.74393E+09 0.31390 
   16   16    1    1    1    1    1    1    1    1  1.10371E+09 0.42363 
   17   17    1    1    1    1    1    1    1    1  2.48445E+09 0.28673 
   18   18    1    1    1    1    1    1    1    1  5.29347E+09 0.16255 
   19   19    1    1    1    1    1    1    1    1  7.20106E+09 0.16331 
   20   20    1    1    1    1    1    1    1    1  2.26915E+10 0.12101 
   21   21    1    1    1    1    1    1    1    1  1.72172E+10 0.13550 
   22   22    1    1    1    1    1    1    1    1  5.64594E+10 0.07772 
   23   23    1    1    1    1    1    1    1    1  7.35124E+10 0.07232 
   24   24    1    1    1    1    1    1    1    1  1.10775E+11 0.09212 
   25   25    1    1    1    1    1    1    1    1  1.40469E+11 0.04738 
   26   26    1    1    1    1    1    1    1    1  2.15018E+11 0.05147 
   27   27    1    1    1    1    1    1    1    1  3.66957E+11 0.05131 
   28   28    1    1    1    1    1    1    1    1  6.43326E+11 0.03127 
   29   29    1    1    1    1    1    1    1    1  8.75721E+11 0.02150 
   30   30    1    1    1    1    1    1    1    1  2.79884E+12 0.01499 
   31   31    1    1    1    1    1    1    1    1  8.43625E+12 0.01034 
   32   32    1    1    1    1    1    1    1    1  1.56583E+13 0.00640 
   33   33    1    1    1    1    1    1    1    1  3.39250E+13 0.00420 
   34   34    1    1    1    1    1    1    1    1  4.43719E+13 0.00302 
   35   35    1    1    1    1    1    1    1    1  6.51086E+13 0.00316 
   36   36    1    1    1    1    1    1    1    1  4.55665E+13 0.00252 
   37   37    1    1    1    1    1    1    1    1  1.45400E+13 0.00321 
   38   38    1    1    1    1    1    1    1    1  7.76586E+13 0.00218 
   39   39    1    1    1    1    1    1    1    1  1.03286E+14 0.00204 
   40   40    1    1    1    1    1    1    1    1  1.71771E+14 0.00252 
   41   41    1    1    1    1    1    1    1    1  1.79547E+14 0.00158 
   42   42    1    1    1    1    1    1    1    1  3.66281E+14 0.00151 
   43   43    1    1    1    1    1    1    1    1  4.37566E+14 0.00158 
   44   44    1    1    1    1    1    1    1    1  6.22435E+14 0.00121 
   45   45    1    1    1    1    1    1    1    1  1.18682E+15 0.00161 
   46   46    1    1    1    1    1    1    1    1  5.60632E+14 0.00148 
   47   47    1    1    1    1    1    1    1    1  9.13287E+14 0.00123 
   48   48    1    1    1    1    1    1    1    1  1.26227E+15 0.00094 
   49   49    1    1    1    1    1    1    1    1  1.25502E+15 0.00129 
   50   50    1    1    1    1    1    1    1    1  1.89886E+15 0.00089 
   51   51    1    1    1    1    1    1    1    1  1.54676E+15 0.00091 
   52   52    1    1    1    1    1    1    1    1  1.76904E+15 0.00115 
   53   53    1    1    1    1    1    1    1    1  1.23716E+15 0.00105 
   54   54    1    1    1    1    1    1    1    1  1.46101E+15 0.00130 
   55   55    1    1    1    1    1    1    1    1  1.01317E+15 0.00120 
   56   56    1    1    1    1    1    1    1    1  1.39056E+14 0.00122 
   57   57    1    1    1    1    1    1    1    1  2.01388E+15 0.00125 
   58   58    1    1    1    1    1    1    1    1  8.59031E+14 0.00169 
   59   59    1    1    1    1    1    1    1    1  9.20063E+14 0.00172 
   60   60    1    1    1    1    1    1    1    1  6.93479E+14 0.00203 
   61   61    1    1    1    1    1    1    1    1  6.99315E+14 0.00184 
   62   62    1    1    1    1    1    1    1    1  7.23189E+14 0.00173 
   63   63    1    1    1    1    1    1    1    1  6.02053E+14 0.00173 
   64   64    1    1    1    1    1    1    1    1  4.79349E+14 0.00179 
   65   65    1    1    1    1    1    1    1    1  4.73013E+14 0.00171 
   66   66    1    1    1    1    1    1    1    1  3.38950E+14 0.00187 
   67   67    1    1    1    1    1    1    1    1  2.78453E+14 0.00172 
   68   68    1    1    1    1    1    1    1    1  2.51740E+14 0.00150 
   69   69    1    1    1    1    1    1    1    1  3.02029E+14 0.00157 
   70   70    1    1    1    1    1    1    1    1  2.58258E+14 0.00200 
   71   71    1    1    1    1    1    1    1    1  4.82378E+14 0.00202 
   72   72    1    1    1    1    1    1    1    1  3.41751E+14 0.00211 
   73   73    1    1    1    1    1    1    1    1  2.55738E+14 0.00217 
   74   74    1    1    1    1    1    1    1    1  2.00461E+14 0.00218 
   75   75    1    1    1    1    1    1    1    1  1.62178E+14 0.00258 
   76   76    1    1    1    1    1    1    1    1  1.83680E+14 0.00200 
   77   77    1    1    1    1    1    1    1    1  1.41032E+14 0.00243 
   78   78    1    1    1    1    1    1    1    1  1.10011E+14 0.00309 
   79   79    1    1    1    1    1    1    1    1  1.11334E+14 0.00304 
   80   80    1    1    1    1    1    1    1    1  8.20708E+13 0.00384 
   81   81    1    1    1    1    1    1    1    1  6.29956E+13 0.00342 
   82   82    1    1    1    1    1    1    1    1  4.81901E+13 0.00392 
   83   83    1    1    1    1    1    1    1    1  4.50260E+13 0.00254 
   84   84    1    1    1    1    1    1    1    1  3.22689E+13 0.00548 
   85   85    1    1    1    1    1    1    1    1  2.31706E+13 0.00577 
   86   86    1    1    1    1    1    1    1    1  2.16193E+13 0.00657 
   87   87    1    1    1    1    1    1    1    1  1.33399E+13 0.00595 
   88   88    1    1    1    1    1    1    1    1  9.17955E+12 0.00723 
   89   89    1    1    1    1    1    1    1    1  5.27766E+12 0.01091 
   90   90    1    1    1    1    1    1    1    1  3.54871E+12 0.01347 
   91   91    1    1    1    1    1    1    1    1  1.73353E+12 0.01987 
   92   92    1    1    1    1    1    1    1    1  8.55399E+11 0.02306 
   93   93    1    1    1    1    1    1    1    1  4.01373E+11 0.03270 
   94   94    1    1    1    1    1    1    1    1  2.19901E+11 0.05793 
   95   95    1    1    1    1    1    1    1    1  1.02230E+11 0.07182 
   96   96    1    1    1    1    1    1    1    1  4.50057E+10 0.09585 
   97   97    1    1    1    1    1    1    1    1  2.69259E+10 0.10675 
   98   98    1    1    1    1    1    1    1    1  1.29266E+10 0.18281 
   99   99    1    1    1    1    1    1    1    1  5.87414E+09 0.31715 
  100  100    1    1    1    1    1    1    1    1  3.69802E+09 0.38021 
];


