
DETdpaspec = [
    1    1    1    1    1    1    1    1    1    1  0.00000E+00 0.00000 
    2    2    1    1    1    1    1    1    1    1  0.00000E+00 0.00000 
    3    3    1    1    1    1    1    1    1    1  0.00000E+00 0.00000 
    4    4    1    1    1    1    1    1    1    1  0.00000E+00 0.00000 
    5    5    1    1    1    1    1    1    1    1  0.00000E+00 0.00000 
    6    6    1    1    1    1    1    1    1    1  0.00000E+00 0.00000 
    7    7    1    1    1    1    1    1    1    1  0.00000E+00 0.00000 
    8    8    1    1    1    1    1    1    1    1  0.00000E+00 0.00000 
    9    9    1    1    1    1    1    1    1    1  0.00000E+00 0.00000 
   10   10    1    1    1    1    1    1    1    1  5.16594E+07 1.00000 
   11   11    1    1    1    1    1    1    1    1  3.16048E+08 0.57653 
   12   12    1    1    1    1    1    1    1    1  2.61447E+08 0.58345 
   13   13    1    1    1    1    1    1    1    1  1.56741E+09 0.54760 
   14   14    1    1    1    1    1    1    1    1  3.00649E+09 0.49958 
   15   15    1    1    1    1    1    1    1    1  1.58964E+09 0.56786 
   16   16    1    1    1    1    1    1    1    1  8.93483E+08 0.56268 
   17   17    1    1    1    1    1    1    1    1  2.90919E+09 0.29254 
   18   18    1    1    1    1    1    1    1    1  5.35151E+09 0.26042 
   19   19    1    1    1    1    1    1    1    1  4.52102E+09 0.27403 
   20   20    1    1    1    1    1    1    1    1  1.24116E+10 0.26360 
   21   21    1    1    1    1    1    1    1    1  1.46413E+10 0.13706 
   22   22    1    1    1    1    1    1    1    1  2.53995E+10 0.13884 
   23   23    1    1    1    1    1    1    1    1  5.93747E+10 0.08345 
   24   24    1    1    1    1    1    1    1    1  1.05509E+11 0.07135 
   25   25    1    1    1    1    1    1    1    1  1.56652E+11 0.05174 
   26   26    1    1    1    1    1    1    1    1  3.31524E+11 0.04019 
   27   27    1    1    1    1    1    1    1    1  7.67265E+11 0.02931 
   28   28    1    1    1    1    1    1    1    1  1.94564E+12 0.01706 
   29   29    1    1    1    1    1    1    1    1  3.54577E+12 0.01127 
   30   30    1    1    1    1    1    1    1    1  8.53790E+12 0.00819 
   31   31    1    1    1    1    1    1    1    1  2.31002E+13 0.00642 
   32   32    1    1    1    1    1    1    1    1  3.87546E+13 0.00481 
   33   33    1    1    1    1    1    1    1    1  8.73580E+13 0.00272 
   34   34    1    1    1    1    1    1    1    1  1.18154E+14 0.00225 
   35   35    1    1    1    1    1    1    1    1  1.33927E+14 0.00192 
   36   36    1    1    1    1    1    1    1    1  8.41241E+13 0.00194 
   37   37    1    1    1    1    1    1    1    1  2.49634E+13 0.00229 
   38   38    1    1    1    1    1    1    1    1  1.43234E+14 0.00193 
   39   39    1    1    1    1    1    1    1    1  1.92384E+14 0.00191 
   40   40    1    1    1    1    1    1    1    1  3.29459E+14 0.00168 
   41   41    1    1    1    1    1    1    1    1  3.23740E+14 0.00132 
   42   42    1    1    1    1    1    1    1    1  7.00828E+14 0.00107 
   43   43    1    1    1    1    1    1    1    1  8.48824E+14 0.00097 
   44   44    1    1    1    1    1    1    1    1  1.22349E+15 0.00064 
   45   45    1    1    1    1    1    1    1    1  2.43645E+15 0.00074 
   46   46    1    1    1    1    1    1    1    1  1.11097E+15 0.00075 
   47   47    1    1    1    1    1    1    1    1  1.77307E+15 0.00065 
   48   48    1    1    1    1    1    1    1    1  2.45835E+15 0.00058 
   49   49    1    1    1    1    1    1    1    1  2.41443E+15 0.00053 
   50   50    1    1    1    1    1    1    1    1  3.79147E+15 0.00055 
   51   51    1    1    1    1    1    1    1    1  2.96150E+15 0.00053 
   52   52    1    1    1    1    1    1    1    1  3.57358E+15 0.00046 
   53   53    1    1    1    1    1    1    1    1  2.46073E+15 0.00063 
   54   54    1    1    1    1    1    1    1    1  3.05072E+15 0.00055 
   55   55    1    1    1    1    1    1    1    1  2.08951E+15 0.00069 
   56   56    1    1    1    1    1    1    1    1  2.82465E+14 0.00121 
   57   57    1    1    1    1    1    1    1    1  4.14104E+15 0.00055 
   58   58    1    1    1    1    1    1    1    1  1.88245E+15 0.00089 
   59   59    1    1    1    1    1    1    1    1  1.98675E+15 0.00067 
   60   60    1    1    1    1    1    1    1    1  1.56811E+15 0.00057 
   61   61    1    1    1    1    1    1    1    1  1.56472E+15 0.00068 
   62   62    1    1    1    1    1    1    1    1  1.63288E+15 0.00090 
   63   63    1    1    1    1    1    1    1    1  1.37825E+15 0.00098 
   64   64    1    1    1    1    1    1    1    1  1.09460E+15 0.00086 
   65   65    1    1    1    1    1    1    1    1  1.08645E+15 0.00095 
   66   66    1    1    1    1    1    1    1    1  7.82387E+14 0.00107 
   67   67    1    1    1    1    1    1    1    1  6.33939E+14 0.00118 
   68   68    1    1    1    1    1    1    1    1  5.66384E+14 0.00158 
   69   69    1    1    1    1    1    1    1    1  6.78303E+14 0.00120 
   70   70    1    1    1    1    1    1    1    1  5.74834E+14 0.00140 
   71   71    1    1    1    1    1    1    1    1  1.03107E+15 0.00109 
   72   72    1    1    1    1    1    1    1    1  7.24727E+14 0.00095 
   73   73    1    1    1    1    1    1    1    1  5.45882E+14 0.00132 
   74   74    1    1    1    1    1    1    1    1  4.43489E+14 0.00165 
   75   75    1    1    1    1    1    1    1    1  3.72280E+14 0.00148 
   76   76    1    1    1    1    1    1    1    1  4.36091E+14 0.00125 
   77   77    1    1    1    1    1    1    1    1  3.48466E+14 0.00151 
   78   78    1    1    1    1    1    1    1    1  2.80451E+14 0.00097 
   79   79    1    1    1    1    1    1    1    1  2.90240E+14 0.00193 
   80   80    1    1    1    1    1    1    1    1  2.16340E+14 0.00160 
   81   81    1    1    1    1    1    1    1    1  1.66593E+14 0.00221 
   82   82    1    1    1    1    1    1    1    1  1.28069E+14 0.00239 
   83   83    1    1    1    1    1    1    1    1  1.19586E+14 0.00221 
   84   84    1    1    1    1    1    1    1    1  8.62207E+13 0.00248 
   85   85    1    1    1    1    1    1    1    1  6.21542E+13 0.00261 
   86   86    1    1    1    1    1    1    1    1  5.79686E+13 0.00263 
   87   87    1    1    1    1    1    1    1    1  3.54655E+13 0.00400 
   88   88    1    1    1    1    1    1    1    1  2.40738E+13 0.00450 
   89   89    1    1    1    1    1    1    1    1  1.36927E+13 0.00586 
   90   90    1    1    1    1    1    1    1    1  9.17676E+12 0.00771 
   91   91    1    1    1    1    1    1    1    1  4.52187E+12 0.01076 
   92   92    1    1    1    1    1    1    1    1  2.21664E+12 0.02148 
   93   93    1    1    1    1    1    1    1    1  1.06054E+12 0.02750 
   94   94    1    1    1    1    1    1    1    1  5.05174E+11 0.02202 
   95   95    1    1    1    1    1    1    1    1  2.33365E+11 0.03785 
   96   96    1    1    1    1    1    1    1    1  1.12298E+11 0.05596 
   97   97    1    1    1    1    1    1    1    1  5.17276E+10 0.08162 
   98   98    1    1    1    1    1    1    1    1  2.68140E+10 0.14643 
   99   99    1    1    1    1    1    1    1    1  1.29073E+10 0.26999 
  100  100    1    1    1    1    1    1    1    1  9.11843E+09 0.22746 
];


