
DETdpaspec = [
    1    1    1    1    1    1    1    1    1    1  0.00000E+00 0.00000 
    2    2    1    1    1    1    1    1    1    1  0.00000E+00 0.00000 
    3    3    1    1    1    1    1    1    1    1  0.00000E+00 0.00000 
    4    4    1    1    1    1    1    1    1    1  0.00000E+00 0.00000 
    5    5    1    1    1    1    1    1    1    1  0.00000E+00 0.00000 
    6    6    1    1    1    1    1    1    1    1  0.00000E+00 0.00000 
    7    7    1    1    1    1    1    1    1    1  0.00000E+00 0.00000 
    8    8    1    1    1    1    1    1    1    1  0.00000E+00 0.00000 
    9    9    1    1    1    1    1    1    1    1  2.03729E+07 0.71801 
   10   10    1    1    1    1    1    1    1    1  0.00000E+00 0.00000 
   11   11    1    1    1    1    1    1    1    1  0.00000E+00 0.00000 
   12   12    1    1    1    1    1    1    1    1  3.79758E+07 0.84551 
   13   13    1    1    1    1    1    1    1    1  8.38358E+08 0.39251 
   14   14    1    1    1    1    1    1    1    1  2.15912E+09 0.40285 
   15   15    1    1    1    1    1    1    1    1  1.95614E+09 0.59012 
   16   16    1    1    1    1    1    1    1    1  9.95036E+08 0.43292 
   17   17    1    1    1    1    1    1    1    1  1.68001E+09 0.27463 
   18   18    1    1    1    1    1    1    1    1  5.00071E+09 0.19889 
   19   19    1    1    1    1    1    1    1    1  5.92895E+09 0.18332 
   20   20    1    1    1    1    1    1    1    1  1.80059E+10 0.14747 
   21   21    1    1    1    1    1    1    1    1  1.50572E+10 0.11735 
   22   22    1    1    1    1    1    1    1    1  4.02524E+10 0.09292 
   23   23    1    1    1    1    1    1    1    1  5.42384E+10 0.09226 
   24   24    1    1    1    1    1    1    1    1  8.21490E+10 0.07159 
   25   25    1    1    1    1    1    1    1    1  1.13385E+11 0.07136 
   26   26    1    1    1    1    1    1    1    1  1.92768E+11 0.04904 
   27   27    1    1    1    1    1    1    1    1  3.62265E+11 0.04065 
   28   28    1    1    1    1    1    1    1    1  8.12575E+11 0.02558 
   29   29    1    1    1    1    1    1    1    1  1.41438E+12 0.02048 
   30   30    1    1    1    1    1    1    1    1  3.88298E+12 0.01289 
   31   31    1    1    1    1    1    1    1    1  1.17373E+13 0.00933 
   32   32    1    1    1    1    1    1    1    1  2.20082E+13 0.00481 
   33   33    1    1    1    1    1    1    1    1  5.33165E+13 0.00350 
   34   34    1    1    1    1    1    1    1    1  7.51342E+13 0.00277 
   35   35    1    1    1    1    1    1    1    1  9.55935E+13 0.00250 
   36   36    1    1    1    1    1    1    1    1  6.37980E+13 0.00209 
   37   37    1    1    1    1    1    1    1    1  1.93441E+13 0.00249 
   38   38    1    1    1    1    1    1    1    1  1.09850E+14 0.00220 
   39   39    1    1    1    1    1    1    1    1  1.48382E+14 0.00182 
   40   40    1    1    1    1    1    1    1    1  2.56255E+14 0.00152 
   41   41    1    1    1    1    1    1    1    1  2.58836E+14 0.00134 
   42   42    1    1    1    1    1    1    1    1  5.58895E+14 0.00121 
   43   43    1    1    1    1    1    1    1    1  6.83192E+14 0.00114 
   44   44    1    1    1    1    1    1    1    1  9.96965E+14 0.00083 
   45   45    1    1    1    1    1    1    1    1  2.01000E+15 0.00059 
   46   46    1    1    1    1    1    1    1    1  9.37247E+14 0.00079 
   47   47    1    1    1    1    1    1    1    1  1.51546E+15 0.00082 
   48   48    1    1    1    1    1    1    1    1  2.12231E+15 0.00073 
   49   49    1    1    1    1    1    1    1    1  2.10755E+15 0.00081 
   50   50    1    1    1    1    1    1    1    1  3.31027E+15 0.00068 
   51   51    1    1    1    1    1    1    1    1  2.63820E+15 0.00079 
   52   52    1    1    1    1    1    1    1    1  3.16510E+15 0.00068 
   53   53    1    1    1    1    1    1    1    1  2.19997E+15 0.00058 
   54   54    1    1    1    1    1    1    1    1  2.71125E+15 0.00070 
   55   55    1    1    1    1    1    1    1    1  1.86582E+15 0.00074 
   56   56    1    1    1    1    1    1    1    1  2.53122E+14 0.00101 
   57   57    1    1    1    1    1    1    1    1  3.71967E+15 0.00073 
   58   58    1    1    1    1    1    1    1    1  1.67014E+15 0.00060 
   59   59    1    1    1    1    1    1    1    1  1.77661E+15 0.00067 
   60   60    1    1    1    1    1    1    1    1  1.38919E+15 0.00071 
   61   61    1    1    1    1    1    1    1    1  1.39357E+15 0.00042 
   62   62    1    1    1    1    1    1    1    1  1.45567E+15 0.00069 
   63   63    1    1    1    1    1    1    1    1  1.22823E+15 0.00079 
   64   64    1    1    1    1    1    1    1    1  9.78215E+14 0.00072 
   65   65    1    1    1    1    1    1    1    1  9.72753E+14 0.00073 
   66   66    1    1    1    1    1    1    1    1  7.01755E+14 0.00083 
   67   67    1    1    1    1    1    1    1    1  5.71011E+14 0.00081 
   68   68    1    1    1    1    1    1    1    1  5.12392E+14 0.00097 
   69   69    1    1    1    1    1    1    1    1  6.15187E+14 0.00101 
   70   70    1    1    1    1    1    1    1    1  5.23286E+14 0.00114 
   71   71    1    1    1    1    1    1    1    1  9.49674E+14 0.00104 
   72   72    1    1    1    1    1    1    1    1  6.73204E+14 0.00111 
   73   73    1    1    1    1    1    1    1    1  5.07047E+14 0.00145 
   74   74    1    1    1    1    1    1    1    1  4.07658E+14 0.00098 
   75   75    1    1    1    1    1    1    1    1  3.40552E+14 0.00093 
   76   76    1    1    1    1    1    1    1    1  3.95547E+14 0.00151 
   77   77    1    1    1    1    1    1    1    1  3.14022E+14 0.00114 
   78   78    1    1    1    1    1    1    1    1  2.50737E+14 0.00166 
   79   79    1    1    1    1    1    1    1    1  2.58419E+14 0.00161 
   80   80    1    1    1    1    1    1    1    1  1.92188E+14 0.00182 
   81   81    1    1    1    1    1    1    1    1  1.48274E+14 0.00217 
   82   82    1    1    1    1    1    1    1    1  1.14025E+14 0.00206 
   83   83    1    1    1    1    1    1    1    1  1.07075E+14 0.00228 
   84   84    1    1    1    1    1    1    1    1  7.70754E+13 0.00251 
   85   85    1    1    1    1    1    1    1    1  5.53165E+13 0.00342 
   86   86    1    1    1    1    1    1    1    1  5.14229E+13 0.00265 
   87   87    1    1    1    1    1    1    1    1  3.18457E+13 0.00356 
   88   88    1    1    1    1    1    1    1    1  2.15328E+13 0.00524 
   89   89    1    1    1    1    1    1    1    1  1.22205E+13 0.00603 
   90   90    1    1    1    1    1    1    1    1  8.26053E+12 0.00736 
   91   91    1    1    1    1    1    1    1    1  4.09157E+12 0.01021 
   92   92    1    1    1    1    1    1    1    1  1.97458E+12 0.02074 
   93   93    1    1    1    1    1    1    1    1  9.87212E+11 0.02588 
   94   94    1    1    1    1    1    1    1    1  4.67219E+11 0.03761 
   95   95    1    1    1    1    1    1    1    1  2.30082E+11 0.05319 
   96   96    1    1    1    1    1    1    1    1  1.06145E+11 0.07025 
   97   97    1    1    1    1    1    1    1    1  4.71319E+10 0.09970 
   98   98    1    1    1    1    1    1    1    1  2.38734E+10 0.18599 
   99   99    1    1    1    1    1    1    1    1  1.12807E+10 0.25537 
  100  100    1    1    1    1    1    1    1    1  7.50934E+09 0.28570 
];


