
DETdpaspec = [
    1    1    1    1    1    1    1    1    1    1  0.00000E+00 0.00000 
    2    2    1    1    1    1    1    1    1    1  0.00000E+00 0.00000 
    3    3    1    1    1    1    1    1    1    1  0.00000E+00 0.00000 
    4    4    1    1    1    1    1    1    1    1  0.00000E+00 0.00000 
    5    5    1    1    1    1    1    1    1    1  0.00000E+00 0.00000 
    6    6    1    1    1    1    1    1    1    1  0.00000E+00 0.00000 
    7    7    1    1    1    1    1    1    1    1  0.00000E+00 0.00000 
    8    8    1    1    1    1    1    1    1    1  0.00000E+00 0.00000 
    9    9    1    1    1    1    1    1    1    1  0.00000E+00 0.00000 
   10   10    1    1    1    1    1    1    1    1  6.61811E+07 1.00000 
   11   11    1    1    1    1    1    1    1    1  1.56336E+08 0.73441 
   12   12    1    1    1    1    1    1    1    1  6.27248E+07 0.69844 
   13   13    1    1    1    1    1    1    1    1  1.33505E+09 0.27485 
   14   14    1    1    1    1    1    1    1    1  1.99774E+09 0.37455 
   15   15    1    1    1    1    1    1    1    1  4.03807E+09 0.33112 
   16   16    1    1    1    1    1    1    1    1  7.08667E+08 0.29759 
   17   17    1    1    1    1    1    1    1    1  1.49653E+09 0.24463 
   18   18    1    1    1    1    1    1    1    1  5.56531E+09 0.20678 
   19   19    1    1    1    1    1    1    1    1  4.91008E+09 0.20927 
   20   20    1    1    1    1    1    1    1    1  1.89103E+10 0.15843 
   21   21    1    1    1    1    1    1    1    1  1.73151E+10 0.14601 
   22   22    1    1    1    1    1    1    1    1  3.93962E+10 0.09586 
   23   23    1    1    1    1    1    1    1    1  6.11413E+10 0.07618 
   24   24    1    1    1    1    1    1    1    1  9.16065E+10 0.07554 
   25   25    1    1    1    1    1    1    1    1  1.06108E+11 0.07537 
   26   26    1    1    1    1    1    1    1    1  1.57758E+11 0.04728 
   27   27    1    1    1    1    1    1    1    1  3.06797E+11 0.03488 
   28   28    1    1    1    1    1    1    1    1  6.15364E+11 0.02588 
   29   29    1    1    1    1    1    1    1    1  9.05018E+11 0.02334 
   30   30    1    1    1    1    1    1    1    1  2.75740E+12 0.00919 
   31   31    1    1    1    1    1    1    1    1  8.72075E+12 0.00752 
   32   32    1    1    1    1    1    1    1    1  1.66343E+13 0.00639 
   33   33    1    1    1    1    1    1    1    1  3.93944E+13 0.00410 
   34   34    1    1    1    1    1    1    1    1  5.45934E+13 0.00374 
   35   35    1    1    1    1    1    1    1    1  7.54421E+13 0.00285 
   36   36    1    1    1    1    1    1    1    1  5.24571E+13 0.00231 
   37   37    1    1    1    1    1    1    1    1  1.63167E+13 0.00195 
   38   38    1    1    1    1    1    1    1    1  9.04832E+13 0.00225 
   39   39    1    1    1    1    1    1    1    1  1.22333E+14 0.00198 
   40   40    1    1    1    1    1    1    1    1  2.08516E+14 0.00171 
   41   41    1    1    1    1    1    1    1    1  2.14696E+14 0.00198 
   42   42    1    1    1    1    1    1    1    1  4.54374E+14 0.00097 
   43   43    1    1    1    1    1    1    1    1  5.52591E+14 0.00130 
   44   44    1    1    1    1    1    1    1    1  8.03082E+14 0.00119 
   45   45    1    1    1    1    1    1    1    1  1.58745E+15 0.00122 
   46   46    1    1    1    1    1    1    1    1  7.48560E+14 0.00123 
   47   47    1    1    1    1    1    1    1    1  1.21752E+15 0.00080 
   48   48    1    1    1    1    1    1    1    1  1.70175E+15 0.00079 
   49   49    1    1    1    1    1    1    1    1  1.69392E+15 0.00074 
   50   50    1    1    1    1    1    1    1    1  2.62029E+15 0.00074 
   51   51    1    1    1    1    1    1    1    1  2.11887E+15 0.00075 
   52   52    1    1    1    1    1    1    1    1  2.49060E+15 0.00089 
   53   53    1    1    1    1    1    1    1    1  1.73715E+15 0.00081 
   54   54    1    1    1    1    1    1    1    1  2.10142E+15 0.00077 
   55   55    1    1    1    1    1    1    1    1  1.45120E+15 0.00081 
   56   56    1    1    1    1    1    1    1    1  1.98577E+14 0.00135 
   57   57    1    1    1    1    1    1    1    1  2.89401E+15 0.00086 
   58   58    1    1    1    1    1    1    1    1  1.26982E+15 0.00088 
   59   59    1    1    1    1    1    1    1    1  1.35646E+15 0.00089 
   60   60    1    1    1    1    1    1    1    1  1.04303E+15 0.00107 
   61   61    1    1    1    1    1    1    1    1  1.04975E+15 0.00108 
   62   62    1    1    1    1    1    1    1    1  1.09197E+15 0.00124 
   63   63    1    1    1    1    1    1    1    1  9.16353E+14 0.00108 
   64   64    1    1    1    1    1    1    1    1  7.30240E+14 0.00088 
   65   65    1    1    1    1    1    1    1    1  7.23294E+14 0.00129 
   66   66    1    1    1    1    1    1    1    1  5.20888E+14 0.00131 
   67   67    1    1    1    1    1    1    1    1  4.26546E+14 0.00131 
   68   68    1    1    1    1    1    1    1    1  3.83400E+14 0.00137 
   69   69    1    1    1    1    1    1    1    1  4.60847E+14 0.00151 
   70   70    1    1    1    1    1    1    1    1  3.92887E+14 0.00130 
   71   71    1    1    1    1    1    1    1    1  7.21439E+14 0.00103 
   72   72    1    1    1    1    1    1    1    1  5.12028E+14 0.00111 
   73   73    1    1    1    1    1    1    1    1  3.84486E+14 0.00142 
   74   74    1    1    1    1    1    1    1    1  3.06333E+14 0.00184 
   75   75    1    1    1    1    1    1    1    1  2.51438E+14 0.00142 
   76   76    1    1    1    1    1    1    1    1  2.89379E+14 0.00144 
   77   77    1    1    1    1    1    1    1    1  2.26266E+14 0.00212 
   78   78    1    1    1    1    1    1    1    1  1.78741E+14 0.00234 
   79   79    1    1    1    1    1    1    1    1  1.83799E+14 0.00144 
   80   80    1    1    1    1    1    1    1    1  1.35332E+14 0.00132 
   81   81    1    1    1    1    1    1    1    1  1.04440E+14 0.00276 
   82   82    1    1    1    1    1    1    1    1  8.00120E+13 0.00254 
   83   83    1    1    1    1    1    1    1    1  7.48683E+13 0.00250 
   84   84    1    1    1    1    1    1    1    1  5.35542E+13 0.00354 
   85   85    1    1    1    1    1    1    1    1  3.88235E+13 0.00416 
   86   86    1    1    1    1    1    1    1    1  3.62252E+13 0.00403 
   87   87    1    1    1    1    1    1    1    1  2.23152E+13 0.00585 
   88   88    1    1    1    1    1    1    1    1  1.52021E+13 0.00684 
   89   89    1    1    1    1    1    1    1    1  8.68548E+12 0.00710 
   90   90    1    1    1    1    1    1    1    1  5.81960E+12 0.01175 
   91   91    1    1    1    1    1    1    1    1  2.87487E+12 0.01538 
   92   92    1    1    1    1    1    1    1    1  1.41289E+12 0.02144 
   93   93    1    1    1    1    1    1    1    1  6.52053E+11 0.02378 
   94   94    1    1    1    1    1    1    1    1  3.31398E+11 0.03583 
   95   95    1    1    1    1    1    1    1    1  1.44462E+11 0.05161 
   96   96    1    1    1    1    1    1    1    1  7.75869E+10 0.07864 
   97   97    1    1    1    1    1    1    1    1  3.02531E+10 0.12117 
   98   98    1    1    1    1    1    1    1    1  1.48104E+10 0.16957 
   99   99    1    1    1    1    1    1    1    1  6.23120E+09 0.25594 
  100  100    1    1    1    1    1    1    1    1  8.28172E+09 0.23823 
];


