
DETdpaspec = [
    1    1    1    1    1    1    1    1    1    1  0.00000E+00 0.00000 
    2    2    1    1    1    1    1    1    1    1  0.00000E+00 0.00000 
    3    3    1    1    1    1    1    1    1    1  0.00000E+00 0.00000 
    4    4    1    1    1    1    1    1    1    1  0.00000E+00 0.00000 
    5    5    1    1    1    1    1    1    1    1  0.00000E+00 0.00000 
    6    6    1    1    1    1    1    1    1    1  0.00000E+00 0.00000 
    7    7    1    1    1    1    1    1    1    1  1.37631E+07 1.00000 
    8    8    1    1    1    1    1    1    1    1  1.02740E+07 1.00000 
    9    9    1    1    1    1    1    1    1    1  0.00000E+00 0.00000 
   10   10    1    1    1    1    1    1    1    1  2.56958E+07 1.00000 
   11   11    1    1    1    1    1    1    1    1  0.00000E+00 0.00000 
   12   12    1    1    1    1    1    1    1    1  1.20049E+08 0.69618 
   13   13    1    1    1    1    1    1    1    1  1.86198E+09 0.64082 
   14   14    1    1    1    1    1    1    1    1  2.04406E+09 0.45557 
   15   15    1    1    1    1    1    1    1    1  3.17996E+09 0.42331 
   16   16    1    1    1    1    1    1    1    1  1.59774E+09 0.28872 
   17   17    1    1    1    1    1    1    1    1  2.74679E+09 0.38746 
   18   18    1    1    1    1    1    1    1    1  4.04798E+09 0.24258 
   19   19    1    1    1    1    1    1    1    1  6.68365E+09 0.13203 
   20   20    1    1    1    1    1    1    1    1  2.62300E+10 0.18486 
   21   21    1    1    1    1    1    1    1    1  1.71610E+10 0.14436 
   22   22    1    1    1    1    1    1    1    1  3.71990E+10 0.12293 
   23   23    1    1    1    1    1    1    1    1  6.03079E+10 0.08174 
   24   24    1    1    1    1    1    1    1    1  9.26506E+10 0.06919 
   25   25    1    1    1    1    1    1    1    1  1.13289E+11 0.07951 
   26   26    1    1    1    1    1    1    1    1  1.90327E+11 0.06498 
   27   27    1    1    1    1    1    1    1    1  3.38265E+11 0.05419 
   28   28    1    1    1    1    1    1    1    1  7.42689E+11 0.03274 
   29   29    1    1    1    1    1    1    1    1  1.16202E+12 0.02373 
   30   30    1    1    1    1    1    1    1    1  3.38723E+12 0.01626 
   31   31    1    1    1    1    1    1    1    1  1.07244E+13 0.01064 
   32   32    1    1    1    1    1    1    1    1  2.02649E+13 0.00666 
   33   33    1    1    1    1    1    1    1    1  4.87942E+13 0.00325 
   34   34    1    1    1    1    1    1    1    1  6.86233E+13 0.00367 
   35   35    1    1    1    1    1    1    1    1  8.90947E+13 0.00275 
   36   36    1    1    1    1    1    1    1    1  6.04039E+13 0.00277 
   37   37    1    1    1    1    1    1    1    1  1.84541E+13 0.00274 
   38   38    1    1    1    1    1    1    1    1  1.04277E+14 0.00196 
   39   39    1    1    1    1    1    1    1    1  1.41307E+14 0.00198 
   40   40    1    1    1    1    1    1    1    1  2.43191E+14 0.00133 
   41   41    1    1    1    1    1    1    1    1  2.46828E+14 0.00143 
   42   42    1    1    1    1    1    1    1    1  5.30870E+14 0.00138 
   43   43    1    1    1    1    1    1    1    1  6.48827E+14 0.00120 
   44   44    1    1    1    1    1    1    1    1  9.47749E+14 0.00094 
   45   45    1    1    1    1    1    1    1    1  1.90158E+15 0.00099 
   46   46    1    1    1    1    1    1    1    1  8.90908E+14 0.00098 
   47   47    1    1    1    1    1    1    1    1  1.44256E+15 0.00122 
   48   48    1    1    1    1    1    1    1    1  2.02369E+15 0.00107 
   49   49    1    1    1    1    1    1    1    1  2.01345E+15 0.00098 
   50   50    1    1    1    1    1    1    1    1  3.15366E+15 0.00103 
   51   51    1    1    1    1    1    1    1    1  2.52371E+15 0.00071 
   52   52    1    1    1    1    1    1    1    1  3.01304E+15 0.00066 
   53   53    1    1    1    1    1    1    1    1  2.09806E+15 0.00098 
   54   54    1    1    1    1    1    1    1    1  2.57668E+15 0.00097 
   55   55    1    1    1    1    1    1    1    1  1.77469E+15 0.00089 
   56   56    1    1    1    1    1    1    1    1  2.41235E+14 0.00115 
   57   57    1    1    1    1    1    1    1    1  3.53876E+15 0.00074 
   58   58    1    1    1    1    1    1    1    1  1.58169E+15 0.00069 
   59   59    1    1    1    1    1    1    1    1  1.68426E+15 0.00063 
   60   60    1    1    1    1    1    1    1    1  1.31421E+15 0.00068 
   61   61    1    1    1    1    1    1    1    1  1.31788E+15 0.00108 
   62   62    1    1    1    1    1    1    1    1  1.37663E+15 0.00090 
   63   63    1    1    1    1    1    1    1    1  1.16052E+15 0.00100 
   64   64    1    1    1    1    1    1    1    1  9.24680E+14 0.00086 
   65   65    1    1    1    1    1    1    1    1  9.18857E+14 0.00074 
   66   66    1    1    1    1    1    1    1    1  6.61842E+14 0.00109 
   67   67    1    1    1    1    1    1    1    1  5.40253E+14 0.00101 
   68   68    1    1    1    1    1    1    1    1  4.84867E+14 0.00119 
   69   69    1    1    1    1    1    1    1    1  5.82254E+14 0.00124 
   70   70    1    1    1    1    1    1    1    1  4.94932E+14 0.00114 
   71   71    1    1    1    1    1    1    1    1  9.03433E+14 0.00119 
   72   72    1    1    1    1    1    1    1    1  6.40060E+14 0.00120 
   73   73    1    1    1    1    1    1    1    1  4.82396E+14 0.00127 
   74   74    1    1    1    1    1    1    1    1  3.87833E+14 0.00115 
   75   75    1    1    1    1    1    1    1    1  3.22225E+14 0.00151 
   76   76    1    1    1    1    1    1    1    1  3.74021E+14 0.00134 
   77   77    1    1    1    1    1    1    1    1  2.94450E+14 0.00135 
   78   78    1    1    1    1    1    1    1    1  2.35411E+14 0.00131 
   79   79    1    1    1    1    1    1    1    1  2.42865E+14 0.00115 
   80   80    1    1    1    1    1    1    1    1  1.80228E+14 0.00173 
   81   81    1    1    1    1    1    1    1    1  1.38488E+14 0.00220 
   82   82    1    1    1    1    1    1    1    1  1.06400E+14 0.00232 
   83   83    1    1    1    1    1    1    1    1  9.94157E+13 0.00208 
   84   84    1    1    1    1    1    1    1    1  7.15335E+13 0.00238 
   85   85    1    1    1    1    1    1    1    1  5.14801E+13 0.00362 
   86   86    1    1    1    1    1    1    1    1  4.81448E+13 0.00337 
   87   87    1    1    1    1    1    1    1    1  2.99138E+13 0.00356 
   88   88    1    1    1    1    1    1    1    1  2.01187E+13 0.00485 
   89   89    1    1    1    1    1    1    1    1  1.15814E+13 0.00708 
   90   90    1    1    1    1    1    1    1    1  7.68948E+12 0.00942 
   91   91    1    1    1    1    1    1    1    1  3.88291E+12 0.01473 
   92   92    1    1    1    1    1    1    1    1  1.93203E+12 0.02067 
   93   93    1    1    1    1    1    1    1    1  8.96271E+11 0.02144 
   94   94    1    1    1    1    1    1    1    1  4.57113E+11 0.02809 
   95   95    1    1    1    1    1    1    1    1  2.14141E+11 0.04278 
   96   96    1    1    1    1    1    1    1    1  9.38902E+10 0.06056 
   97   97    1    1    1    1    1    1    1    1  4.91657E+10 0.11227 
   98   98    1    1    1    1    1    1    1    1  2.36725E+10 0.14116 
   99   99    1    1    1    1    1    1    1    1  1.16581E+10 0.18444 
  100  100    1    1    1    1    1    1    1    1  1.13726E+10 0.22643 
];


