
DETdpaspec = [
    1    1    1    1    1    1    1    1    1    1  0.00000E+00 0.00000 
    2    2    1    1    1    1    1    1    1    1  0.00000E+00 0.00000 
    3    3    1    1    1    1    1    1    1    1  0.00000E+00 0.00000 
    4    4    1    1    1    1    1    1    1    1  0.00000E+00 0.00000 
    5    5    1    1    1    1    1    1    1    1  0.00000E+00 0.00000 
    6    6    1    1    1    1    1    1    1    1  0.00000E+00 0.00000 
    7    7    1    1    1    1    1    1    1    1  0.00000E+00 0.00000 
    8    8    1    1    1    1    1    1    1    1  1.52715E+07 1.00000 
    9    9    1    1    1    1    1    1    1    1  1.01063E+07 1.00000 
   10   10    1    1    1    1    1    1    1    1  7.91215E+07 0.68825 
   11   11    1    1    1    1    1    1    1    1  2.53043E+08 0.50529 
   12   12    1    1    1    1    1    1    1    1  2.78069E+07 0.85110 
   13   13    1    1    1    1    1    1    1    1  5.63462E+08 0.63451 
   14   14    1    1    1    1    1    1    1    1  1.46447E+09 0.28058 
   15   15    1    1    1    1    1    1    1    1  2.69813E+09 0.31183 
   16   16    1    1    1    1    1    1    1    1  1.55921E+09 0.28217 
   17   17    1    1    1    1    1    1    1    1  2.80583E+09 0.20095 
   18   18    1    1    1    1    1    1    1    1  6.05513E+09 0.18070 
   19   19    1    1    1    1    1    1    1    1  6.62132E+09 0.14151 
   20   20    1    1    1    1    1    1    1    1  2.86760E+10 0.12782 
   21   21    1    1    1    1    1    1    1    1  1.96369E+10 0.08949 
   22   22    1    1    1    1    1    1    1    1  6.05498E+10 0.08681 
   23   23    1    1    1    1    1    1    1    1  7.59928E+10 0.09580 
   24   24    1    1    1    1    1    1    1    1  1.11927E+11 0.05571 
   25   25    1    1    1    1    1    1    1    1  1.35977E+11 0.04318 
   26   26    1    1    1    1    1    1    1    1  2.04650E+11 0.04336 
   27   27    1    1    1    1    1    1    1    1  3.75141E+11 0.02821 
   28   28    1    1    1    1    1    1    1    1  6.46618E+11 0.02672 
   29   29    1    1    1    1    1    1    1    1  8.78972E+11 0.02486 
   30   30    1    1    1    1    1    1    1    1  2.87776E+12 0.01326 
   31   31    1    1    1    1    1    1    1    1  8.50510E+12 0.00743 
   32   32    1    1    1    1    1    1    1    1  1.57341E+13 0.00658 
   33   33    1    1    1    1    1    1    1    1  3.38526E+13 0.00533 
   34   34    1    1    1    1    1    1    1    1  4.38340E+13 0.00322 
   35   35    1    1    1    1    1    1    1    1  6.45547E+13 0.00209 
   36   36    1    1    1    1    1    1    1    1  4.51413E+13 0.00205 
   37   37    1    1    1    1    1    1    1    1  1.44602E+13 0.00230 
   38   38    1    1    1    1    1    1    1    1  7.68156E+13 0.00167 
   39   39    1    1    1    1    1    1    1    1  1.02414E+14 0.00183 
   40   40    1    1    1    1    1    1    1    1  1.69323E+14 0.00183 
   41   41    1    1    1    1    1    1    1    1  1.77317E+14 0.00187 
   42   42    1    1    1    1    1    1    1    1  3.59122E+14 0.00181 
   43   43    1    1    1    1    1    1    1    1  4.27217E+14 0.00160 
   44   44    1    1    1    1    1    1    1    1  6.05879E+14 0.00147 
   45   45    1    1    1    1    1    1    1    1  1.14340E+15 0.00123 
   46   46    1    1    1    1    1    1    1    1  5.40524E+14 0.00146 
   47   47    1    1    1    1    1    1    1    1  8.79569E+14 0.00152 
   48   48    1    1    1    1    1    1    1    1  1.21450E+15 0.00135 
   49   49    1    1    1    1    1    1    1    1  1.20638E+15 0.00159 
   50   50    1    1    1    1    1    1    1    1  1.81756E+15 0.00166 
   51   51    1    1    1    1    1    1    1    1  1.48166E+15 0.00149 
   52   52    1    1    1    1    1    1    1    1  1.68833E+15 0.00111 
   53   53    1    1    1    1    1    1    1    1  1.18001E+15 0.00138 
   54   54    1    1    1    1    1    1    1    1  1.38669E+15 0.00151 
   55   55    1    1    1    1    1    1    1    1  9.63385E+14 0.00147 
   56   56    1    1    1    1    1    1    1    1  1.32352E+14 0.00175 
   57   57    1    1    1    1    1    1    1    1  1.91201E+15 0.00163 
   58   58    1    1    1    1    1    1    1    1  8.10768E+14 0.00172 
   59   59    1    1    1    1    1    1    1    1  8.70919E+14 0.00196 
   60   60    1    1    1    1    1    1    1    1  6.54992E+14 0.00167 
   61   61    1    1    1    1    1    1    1    1  6.61154E+14 0.00181 
   62   62    1    1    1    1    1    1    1    1  6.82068E+14 0.00157 
   63   63    1    1    1    1    1    1    1    1  5.67238E+14 0.00161 
   64   64    1    1    1    1    1    1    1    1  4.51231E+14 0.00185 
   65   65    1    1    1    1    1    1    1    1  4.44962E+14 0.00216 
   66   66    1    1    1    1    1    1    1    1  3.20240E+14 0.00195 
   67   67    1    1    1    1    1    1    1    1  2.63337E+14 0.00163 
   68   68    1    1    1    1    1    1    1    1  2.37393E+14 0.00219 
   69   69    1    1    1    1    1    1    1    1  2.84797E+14 0.00231 
   70   70    1    1    1    1    1    1    1    1  2.42379E+14 0.00272 
   71   71    1    1    1    1    1    1    1    1  4.53333E+14 0.00207 
   72   72    1    1    1    1    1    1    1    1  3.22950E+14 0.00256 
   73   73    1    1    1    1    1    1    1    1  2.40784E+14 0.00208 
   74   74    1    1    1    1    1    1    1    1  1.88459E+14 0.00301 
   75   75    1    1    1    1    1    1    1    1  1.52149E+14 0.00268 
   76   76    1    1    1    1    1    1    1    1  1.71399E+14 0.00240 
   77   77    1    1    1    1    1    1    1    1  1.32015E+14 0.00226 
   78   78    1    1    1    1    1    1    1    1  1.02664E+14 0.00285 
   79   79    1    1    1    1    1    1    1    1  1.03984E+14 0.00307 
   80   80    1    1    1    1    1    1    1    1  7.62632E+13 0.00295 
   81   81    1    1    1    1    1    1    1    1  5.83429E+13 0.00335 
   82   82    1    1    1    1    1    1    1    1  4.44316E+13 0.00270 
   83   83    1    1    1    1    1    1    1    1  4.15038E+13 0.00327 
   84   84    1    1    1    1    1    1    1    1  2.98885E+13 0.00429 
   85   85    1    1    1    1    1    1    1    1  2.15207E+13 0.00670 
   86   86    1    1    1    1    1    1    1    1  2.02256E+13 0.00347 
   87   87    1    1    1    1    1    1    1    1  1.24952E+13 0.00613 
   88   88    1    1    1    1    1    1    1    1  8.49213E+12 0.00873 
   89   89    1    1    1    1    1    1    1    1  4.81009E+12 0.00880 
   90   90    1    1    1    1    1    1    1    1  3.22712E+12 0.01272 
   91   91    1    1    1    1    1    1    1    1  1.66073E+12 0.01443 
   92   92    1    1    1    1    1    1    1    1  8.33449E+11 0.02996 
   93   93    1    1    1    1    1    1    1    1  3.91270E+11 0.03936 
   94   94    1    1    1    1    1    1    1    1  2.13852E+11 0.06956 
   95   95    1    1    1    1    1    1    1    1  9.11475E+10 0.07311 
   96   96    1    1    1    1    1    1    1    1  4.40428E+10 0.06709 
   97   97    1    1    1    1    1    1    1    1  1.91662E+10 0.23614 
   98   98    1    1    1    1    1    1    1    1  6.72622E+09 0.19642 
   99   99    1    1    1    1    1    1    1    1  2.52494E+09 0.36389 
  100  100    1    1    1    1    1    1    1    1  2.32014E+09 0.34110 
];


