
DETdpaspec = [
    1    1    1    1    1    1    1    1    1    1  0.00000E+00 0.00000 
    2    2    1    1    1    1    1    1    1    1  0.00000E+00 0.00000 
    3    3    1    1    1    1    1    1    1    1  4.83481E+07 1.00000 
    4    4    1    1    1    1    1    1    1    1  0.00000E+00 0.00000 
    5    5    1    1    1    1    1    1    1    1  0.00000E+00 0.00000 
    6    6    1    1    1    1    1    1    1    1  0.00000E+00 0.00000 
    7    7    1    1    1    1    1    1    1    1  0.00000E+00 0.00000 
    8    8    1    1    1    1    1    1    1    1  1.66334E+07 1.00000 
    9    9    1    1    1    1    1    1    1    1  0.00000E+00 0.00000 
   10   10    1    1    1    1    1    1    1    1  0.00000E+00 0.00000 
   11   11    1    1    1    1    1    1    1    1  0.00000E+00 0.00000 
   12   12    1    1    1    1    1    1    1    1  1.39617E+08 1.00000 
   13   13    1    1    1    1    1    1    1    1  2.81000E+09 0.74995 
   14   14    1    1    1    1    1    1    1    1  1.42454E+09 0.48386 
   15   15    1    1    1    1    1    1    1    1  3.37464E+09 0.42884 
   16   16    1    1    1    1    1    1    1    1  1.04479E+09 0.69029 
   17   17    1    1    1    1    1    1    1    1  2.28097E+09 0.43741 
   18   18    1    1    1    1    1    1    1    1  2.48919E+09 0.36987 
   19   19    1    1    1    1    1    1    1    1  2.67874E+09 0.35239 
   20   20    1    1    1    1    1    1    1    1  1.04470E+10 0.28416 
   21   21    1    1    1    1    1    1    1    1  1.59695E+10 0.16476 
   22   22    1    1    1    1    1    1    1    1  3.04458E+10 0.13803 
   23   23    1    1    1    1    1    1    1    1  8.78198E+10 0.08195 
   24   24    1    1    1    1    1    1    1    1  2.96614E+11 0.06168 
   25   25    1    1    1    1    1    1    1    1  4.75273E+11 0.02743 
   26   26    1    1    1    1    1    1    1    1  1.02103E+12 0.02234 
   27   27    1    1    1    1    1    1    1    1  2.27560E+12 0.01712 
   28   28    1    1    1    1    1    1    1    1  4.98720E+12 0.01032 
   29   29    1    1    1    1    1    1    1    1  8.45342E+12 0.00822 
   30   30    1    1    1    1    1    1    1    1  1.75742E+13 0.00592 
   31   31    1    1    1    1    1    1    1    1  4.00745E+13 0.00426 
   32   32    1    1    1    1    1    1    1    1  6.20337E+13 0.00334 
   33   33    1    1    1    1    1    1    1    1  1.29370E+14 0.00192 
   34   34    1    1    1    1    1    1    1    1  1.64184E+14 0.00194 
   35   35    1    1    1    1    1    1    1    1  1.71892E+14 0.00190 
   36   36    1    1    1    1    1    1    1    1  1.03730E+14 0.00145 
   37   37    1    1    1    1    1    1    1    1  3.03839E+13 0.00189 
   38   38    1    1    1    1    1    1    1    1  1.74275E+14 0.00146 
   39   39    1    1    1    1    1    1    1    1  2.31701E+14 0.00148 
   40   40    1    1    1    1    1    1    1    1  3.92254E+14 0.00101 
   41   41    1    1    1    1    1    1    1    1  3.77907E+14 0.00096 
   42   42    1    1    1    1    1    1    1    1  8.13568E+14 0.00086 
   43   43    1    1    1    1    1    1    1    1  9.71072E+14 0.00069 
   44   44    1    1    1    1    1    1    1    1  1.38348E+15 0.00066 
   45   45    1    1    1    1    1    1    1    1  2.70497E+15 0.00066 
   46   46    1    1    1    1    1    1    1    1  1.20777E+15 0.00066 
   47   47    1    1    1    1    1    1    1    1  1.91066E+15 0.00046 
   48   48    1    1    1    1    1    1    1    1  2.61602E+15 0.00066 
   49   49    1    1    1    1    1    1    1    1  2.54378E+15 0.00051 
   50   50    1    1    1    1    1    1    1    1  3.95782E+15 0.00053 
   51   51    1    1    1    1    1    1    1    1  3.04435E+15 0.00068 
   52   52    1    1    1    1    1    1    1    1  3.66147E+15 0.00073 
   53   53    1    1    1    1    1    1    1    1  2.49515E+15 0.00046 
   54   54    1    1    1    1    1    1    1    1  3.09309E+15 0.00054 
   55   55    1    1    1    1    1    1    1    1  2.10179E+15 0.00061 
   56   56    1    1    1    1    1    1    1    1  2.83332E+14 0.00091 
   57   57    1    1    1    1    1    1    1    1  4.14161E+15 0.00052 
   58   58    1    1    1    1    1    1    1    1  1.88179E+15 0.00046 
   59   59    1    1    1    1    1    1    1    1  1.97341E+15 0.00086 
   60   60    1    1    1    1    1    1    1    1  1.55803E+15 0.00059 
   61   61    1    1    1    1    1    1    1    1  1.55218E+15 0.00076 
   62   62    1    1    1    1    1    1    1    1  1.61367E+15 0.00095 
   63   63    1    1    1    1    1    1    1    1  1.35656E+15 0.00081 
   64   64    1    1    1    1    1    1    1    1  1.07490E+15 0.00087 
   65   65    1    1    1    1    1    1    1    1  1.06408E+15 0.00095 
   66   66    1    1    1    1    1    1    1    1  7.63450E+14 0.00061 
   67   67    1    1    1    1    1    1    1    1  6.16216E+14 0.00063 
   68   68    1    1    1    1    1    1    1    1  5.48374E+14 0.00078 
   69   69    1    1    1    1    1    1    1    1  6.54491E+14 0.00067 
   70   70    1    1    1    1    1    1    1    1  5.53530E+14 0.00105 
   71   71    1    1    1    1    1    1    1    1  9.83561E+14 0.00065 
   72   72    1    1    1    1    1    1    1    1  6.89341E+14 0.00096 
   73   73    1    1    1    1    1    1    1    1  5.19159E+14 0.00122 
   74   74    1    1    1    1    1    1    1    1  4.21545E+14 0.00137 
   75   75    1    1    1    1    1    1    1    1  3.53521E+14 0.00134 
   76   76    1    1    1    1    1    1    1    1  4.14376E+14 0.00110 
   77   77    1    1    1    1    1    1    1    1  3.31832E+14 0.00103 
   78   78    1    1    1    1    1    1    1    1  2.66744E+14 0.00129 
   79   79    1    1    1    1    1    1    1    1  2.76821E+14 0.00127 
   80   80    1    1    1    1    1    1    1    1  2.05420E+14 0.00187 
   81   81    1    1    1    1    1    1    1    1  1.58099E+14 0.00148 
   82   82    1    1    1    1    1    1    1    1  1.21774E+14 0.00136 
   83   83    1    1    1    1    1    1    1    1  1.13386E+14 0.00257 
   84   84    1    1    1    1    1    1    1    1  8.14685E+13 0.00249 
   85   85    1    1    1    1    1    1    1    1  5.86734E+13 0.00260 
   86   86    1    1    1    1    1    1    1    1  5.47961E+13 0.00302 
   87   87    1    1    1    1    1    1    1    1  3.33484E+13 0.00314 
   88   88    1    1    1    1    1    1    1    1  2.23412E+13 0.00449 
   89   89    1    1    1    1    1    1    1    1  1.26462E+13 0.00532 
   90   90    1    1    1    1    1    1    1    1  8.35368E+12 0.00710 
   91   91    1    1    1    1    1    1    1    1  4.13043E+12 0.00795 
   92   92    1    1    1    1    1    1    1    1  1.98013E+12 0.01654 
   93   93    1    1    1    1    1    1    1    1  9.60801E+11 0.01228 
   94   94    1    1    1    1    1    1    1    1  4.38844E+11 0.03557 
   95   95    1    1    1    1    1    1    1    1  2.17303E+11 0.05387 
   96   96    1    1    1    1    1    1    1    1  1.05961E+11 0.08107 
   97   97    1    1    1    1    1    1    1    1  5.01960E+10 0.11060 
   98   98    1    1    1    1    1    1    1    1  1.94112E+10 0.15728 
   99   99    1    1    1    1    1    1    1    1  1.05304E+10 0.19570 
  100  100    1    1    1    1    1    1    1    1  9.35888E+09 0.26555 
];


