
DETdpaspec = [
    1    1    1    1    1    1    1    1    1    1  0.00000E+00 0.00000 
    2    2    1    1    1    1    1    1    1    1  0.00000E+00 0.00000 
    3    3    1    1    1    1    1    1    1    1  0.00000E+00 0.00000 
    4    4    1    1    1    1    1    1    1    1  0.00000E+00 0.00000 
    5    5    1    1    1    1    1    1    1    1  0.00000E+00 0.00000 
    6    6    1    1    1    1    1    1    1    1  0.00000E+00 0.00000 
    7    7    1    1    1    1    1    1    1    1  0.00000E+00 0.00000 
    8    8    1    1    1    1    1    1    1    1  1.48742E+07 1.00000 
    9    9    1    1    1    1    1    1    1    1  2.75998E+07 0.73661 
   10   10    1    1    1    1    1    1    1    1  3.10612E+07 1.00000 
   11   11    1    1    1    1    1    1    1    1  1.02712E+08 0.71003 
   12   12    1    1    1    1    1    1    1    1  2.65723E+07 0.95807 
   13   13    1    1    1    1    1    1    1    1  3.18465E+08 0.52487 
   14   14    1    1    1    1    1    1    1    1  9.03679E+08 0.45281 
   15   15    1    1    1    1    1    1    1    1  2.75200E+09 0.43916 
   16   16    1    1    1    1    1    1    1    1  1.07436E+09 0.28160 
   17   17    1    1    1    1    1    1    1    1  1.99984E+09 0.17895 
   18   18    1    1    1    1    1    1    1    1  5.48453E+09 0.25399 
   19   19    1    1    1    1    1    1    1    1  6.21560E+09 0.17004 
   20   20    1    1    1    1    1    1    1    1  2.52190E+10 0.13677 
   21   21    1    1    1    1    1    1    1    1  1.34307E+10 0.11323 
   22   22    1    1    1    1    1    1    1    1  5.76537E+10 0.07071 
   23   23    1    1    1    1    1    1    1    1  6.27724E+10 0.07418 
   24   24    1    1    1    1    1    1    1    1  9.56577E+10 0.05869 
   25   25    1    1    1    1    1    1    1    1  1.23723E+11 0.05894 
   26   26    1    1    1    1    1    1    1    1  1.91566E+11 0.04302 
   27   27    1    1    1    1    1    1    1    1  3.46435E+11 0.03522 
   28   28    1    1    1    1    1    1    1    1  6.17530E+11 0.02321 
   29   29    1    1    1    1    1    1    1    1  8.70817E+11 0.01971 
   30   30    1    1    1    1    1    1    1    1  2.75895E+12 0.01340 
   31   31    1    1    1    1    1    1    1    1  8.22528E+12 0.00894 
   32   32    1    1    1    1    1    1    1    1  1.54733E+13 0.00568 
   33   33    1    1    1    1    1    1    1    1  3.37047E+13 0.00496 
   34   34    1    1    1    1    1    1    1    1  4.45844E+13 0.00378 
   35   35    1    1    1    1    1    1    1    1  6.49579E+13 0.00338 
   36   36    1    1    1    1    1    1    1    1  4.55341E+13 0.00259 
   37   37    1    1    1    1    1    1    1    1  1.45511E+13 0.00362 
   38   38    1    1    1    1    1    1    1    1  7.81233E+13 0.00285 
   39   39    1    1    1    1    1    1    1    1  1.04025E+14 0.00209 
   40   40    1    1    1    1    1    1    1    1  1.73302E+14 0.00237 
   41   41    1    1    1    1    1    1    1    1  1.81308E+14 0.00256 
   42   42    1    1    1    1    1    1    1    1  3.71111E+14 0.00199 
   43   43    1    1    1    1    1    1    1    1  4.44954E+14 0.00162 
   44   44    1    1    1    1    1    1    1    1  6.35567E+14 0.00167 
   45   45    1    1    1    1    1    1    1    1  1.21641E+15 0.00154 
   46   46    1    1    1    1    1    1    1    1  5.74946E+14 0.00163 
   47   47    1    1    1    1    1    1    1    1  9.34299E+14 0.00160 
   48   48    1    1    1    1    1    1    1    1  1.29324E+15 0.00135 
   49   49    1    1    1    1    1    1    1    1  1.28516E+15 0.00159 
   50   50    1    1    1    1    1    1    1    1  1.95147E+15 0.00142 
   51   51    1    1    1    1    1    1    1    1  1.58717E+15 0.00150 
   52   52    1    1    1    1    1    1    1    1  1.82139E+15 0.00142 
   53   53    1    1    1    1    1    1    1    1  1.27291E+15 0.00130 
   54   54    1    1    1    1    1    1    1    1  1.50554E+15 0.00134 
   55   55    1    1    1    1    1    1    1    1  1.04358E+15 0.00142 
   56   56    1    1    1    1    1    1    1    1  1.43485E+14 0.00189 
   57   57    1    1    1    1    1    1    1    1  2.07471E+15 0.00146 
   58   58    1    1    1    1    1    1    1    1  8.85704E+14 0.00141 
   59   59    1    1    1    1    1    1    1    1  9.50412E+14 0.00170 
   60   60    1    1    1    1    1    1    1    1  7.18362E+14 0.00194 
   61   61    1    1    1    1    1    1    1    1  7.24349E+14 0.00187 
   62   62    1    1    1    1    1    1    1    1  7.48452E+14 0.00155 
   63   63    1    1    1    1    1    1    1    1  6.22829E+14 0.00153 
   64   64    1    1    1    1    1    1    1    1  4.95367E+14 0.00170 
   65   65    1    1    1    1    1    1    1    1  4.90280E+14 0.00188 
   66   66    1    1    1    1    1    1    1    1  3.52490E+14 0.00196 
   67   67    1    1    1    1    1    1    1    1  2.89789E+14 0.00159 
   68   68    1    1    1    1    1    1    1    1  2.61635E+14 0.00202 
   69   69    1    1    1    1    1    1    1    1  3.13652E+14 0.00198 
   70   70    1    1    1    1    1    1    1    1  2.66655E+14 0.00157 
   71   71    1    1    1    1    1    1    1    1  4.96496E+14 0.00185 
   72   72    1    1    1    1    1    1    1    1  3.52793E+14 0.00223 
   73   73    1    1    1    1    1    1    1    1  2.64393E+14 0.00238 
   74   74    1    1    1    1    1    1    1    1  2.07486E+14 0.00194 
   75   75    1    1    1    1    1    1    1    1  1.68546E+14 0.00247 
   76   76    1    1    1    1    1    1    1    1  1.90144E+14 0.00281 
   77   77    1    1    1    1    1    1    1    1  1.46681E+14 0.00283 
   78   78    1    1    1    1    1    1    1    1  1.14697E+14 0.00253 
   79   79    1    1    1    1    1    1    1    1  1.16768E+14 0.00251 
   80   80    1    1    1    1    1    1    1    1  8.57628E+13 0.00416 
   81   81    1    1    1    1    1    1    1    1  6.54356E+13 0.00276 
   82   82    1    1    1    1    1    1    1    1  5.05102E+13 0.00384 
   83   83    1    1    1    1    1    1    1    1  4.69067E+13 0.00404 
   84   84    1    1    1    1    1    1    1    1  3.36926E+13 0.00420 
   85   85    1    1    1    1    1    1    1    1  2.41380E+13 0.00433 
   86   86    1    1    1    1    1    1    1    1  2.25714E+13 0.00505 
   87   87    1    1    1    1    1    1    1    1  1.40825E+13 0.00359 
   88   88    1    1    1    1    1    1    1    1  9.63199E+12 0.00990 
   89   89    1    1    1    1    1    1    1    1  5.55035E+12 0.00795 
   90   90    1    1    1    1    1    1    1    1  3.66009E+12 0.01250 
   91   91    1    1    1    1    1    1    1    1  1.80014E+12 0.01606 
   92   92    1    1    1    1    1    1    1    1  8.84091E+11 0.02452 
   93   93    1    1    1    1    1    1    1    1  4.33801E+11 0.04830 
   94   94    1    1    1    1    1    1    1    1  2.14344E+11 0.05259 
   95   95    1    1    1    1    1    1    1    1  1.08067E+11 0.06681 
   96   96    1    1    1    1    1    1    1    1  4.54817E+10 0.08615 
   97   97    1    1    1    1    1    1    1    1  2.01981E+10 0.17511 
   98   98    1    1    1    1    1    1    1    1  1.32210E+10 0.23194 
   99   99    1    1    1    1    1    1    1    1  5.65098E+09 0.30779 
  100  100    1    1    1    1    1    1    1    1  5.92110E+09 0.36451 
];


