
DETdpaspec = [
    1    1    1    1    1    1    1    1    1    1  0.00000E+00 0.00000 
    2    2    1    1    1    1    1    1    1    1  0.00000E+00 0.00000 
    3    3    1    1    1    1    1    1    1    1  0.00000E+00 0.00000 
    4    4    1    1    1    1    1    1    1    1  0.00000E+00 0.00000 
    5    5    1    1    1    1    1    1    1    1  0.00000E+00 0.00000 
    6    6    1    1    1    1    1    1    1    1  0.00000E+00 0.00000 
    7    7    1    1    1    1    1    1    1    1  0.00000E+00 0.00000 
    8    8    1    1    1    1    1    1    1    1  0.00000E+00 0.00000 
    9    9    1    1    1    1    1    1    1    1  0.00000E+00 0.00000 
   10   10    1    1    1    1    1    1    1    1  0.00000E+00 0.00000 
   11   11    1    1    1    1    1    1    1    1  0.00000E+00 0.00000 
   12   12    1    1    1    1    1    1    1    1  5.49965E+08 0.85978 
   13   13    1    1    1    1    1    1    1    1  5.40711E+08 0.71883 
   14   14    1    1    1    1    1    1    1    1  8.81846E+08 0.90260 
   15   15    1    1    1    1    1    1    1    1  1.75511E+09 0.69332 
   16   16    1    1    1    1    1    1    1    1  4.19486E+08 0.82329 
   17   17    1    1    1    1    1    1    1    1  1.30012E+09 0.58092 
   18   18    1    1    1    1    1    1    1    1  4.75512E+09 0.36639 
   19   19    1    1    1    1    1    1    1    1  1.83839E+09 0.43916 
   20   20    1    1    1    1    1    1    1    1  9.33679E+09 0.22915 
   21   21    1    1    1    1    1    1    1    1  3.77262E+10 0.08277 
   22   22    1    1    1    1    1    1    1    1  1.46639E+11 0.07006 
   23   23    1    1    1    1    1    1    1    1  6.17545E+11 0.03341 
   24   24    1    1    1    1    1    1    1    1  1.65549E+12 0.02315 
   25   25    1    1    1    1    1    1    1    1  2.47046E+12 0.01766 
   26   26    1    1    1    1    1    1    1    1  4.81660E+12 0.01043 
   27   27    1    1    1    1    1    1    1    1  8.39170E+12 0.00773 
   28   28    1    1    1    1    1    1    1    1  1.42124E+13 0.00674 
   29   29    1    1    1    1    1    1    1    1  2.07422E+13 0.00567 
   30   30    1    1    1    1    1    1    1    1  3.72110E+13 0.00309 
   31   31    1    1    1    1    1    1    1    1  6.88724E+13 0.00237 
   32   32    1    1    1    1    1    1    1    1  9.57536E+13 0.00305 
   33   33    1    1    1    1    1    1    1    1  1.80136E+14 0.00181 
   34   34    1    1    1    1    1    1    1    1  2.11219E+14 0.00174 
   35   35    1    1    1    1    1    1    1    1  2.06240E+14 0.00196 
   36   36    1    1    1    1    1    1    1    1  1.19274E+14 0.00191 
   37   37    1    1    1    1    1    1    1    1  3.43961E+13 0.00171 
   38   38    1    1    1    1    1    1    1    1  1.97261E+14 0.00156 
   39   39    1    1    1    1    1    1    1    1  2.58282E+14 0.00116 
   40   40    1    1    1    1    1    1    1    1  4.31311E+14 0.00138 
   41   41    1    1    1    1    1    1    1    1  4.07823E+14 0.00102 
   42   42    1    1    1    1    1    1    1    1  8.68296E+14 0.00115 
   43   43    1    1    1    1    1    1    1    1  1.02067E+15 0.00129 
   44   44    1    1    1    1    1    1    1    1  1.42357E+15 0.00112 
   45   45    1    1    1    1    1    1    1    1  2.70876E+15 0.00097 
   46   46    1    1    1    1    1    1    1    1  1.17965E+15 0.00114 
   47   47    1    1    1    1    1    1    1    1  1.85119E+15 0.00105 
   48   48    1    1    1    1    1    1    1    1  2.48968E+15 0.00094 
   49   49    1    1    1    1    1    1    1    1  2.38635E+15 0.00101 
   50   50    1    1    1    1    1    1    1    1  3.65609E+15 0.00095 
   51   51    1    1    1    1    1    1    1    1  2.76181E+15 0.00106 
   52   52    1    1    1    1    1    1    1    1  3.28791E+15 0.00102 
   53   53    1    1    1    1    1    1    1    1  2.20997E+15 0.00090 
   54   54    1    1    1    1    1    1    1    1  2.72007E+15 0.00098 
   55   55    1    1    1    1    1    1    1    1  1.83515E+15 0.00108 
   56   56    1    1    1    1    1    1    1    1  2.46281E+14 0.00144 
   57   57    1    1    1    1    1    1    1    1  3.57636E+15 0.00107 
   58   58    1    1    1    1    1    1    1    1  1.61545E+15 0.00107 
   59   59    1    1    1    1    1    1    1    1  1.68187E+15 0.00097 
   60   60    1    1    1    1    1    1    1    1  1.32137E+15 0.00108 
   61   61    1    1    1    1    1    1    1    1  1.30786E+15 0.00119 
   62   62    1    1    1    1    1    1    1    1  1.35445E+15 0.00132 
   63   63    1    1    1    1    1    1    1    1  1.13086E+15 0.00098 
   64   64    1    1    1    1    1    1    1    1  8.91045E+14 0.00118 
   65   65    1    1    1    1    1    1    1    1  8.75149E+14 0.00119 
   66   66    1    1    1    1    1    1    1    1  6.24120E+14 0.00131 
   67   67    1    1    1    1    1    1    1    1  5.01552E+14 0.00126 
   68   68    1    1    1    1    1    1    1    1  4.46414E+14 0.00125 
   69   69    1    1    1    1    1    1    1    1  5.29966E+14 0.00181 
   70   70    1    1    1    1    1    1    1    1  4.44825E+14 0.00151 
   71   71    1    1    1    1    1    1    1    1  7.81843E+14 0.00123 
   72   72    1    1    1    1    1    1    1    1  5.43149E+14 0.00128 
   73   73    1    1    1    1    1    1    1    1  4.06590E+14 0.00144 
   74   74    1    1    1    1    1    1    1    1  3.29479E+14 0.00185 
   75   75    1    1    1    1    1    1    1    1  2.75096E+14 0.00179 
   76   76    1    1    1    1    1    1    1    1  3.22088E+14 0.00146 
   77   77    1    1    1    1    1    1    1    1  2.56839E+14 0.00170 
   78   78    1    1    1    1    1    1    1    1  2.05168E+14 0.00178 
   79   79    1    1    1    1    1    1    1    1  2.12307E+14 0.00219 
   80   80    1    1    1    1    1    1    1    1  1.57345E+14 0.00230 
   81   81    1    1    1    1    1    1    1    1  1.19961E+14 0.00169 
   82   82    1    1    1    1    1    1    1    1  9.17379E+13 0.00236 
   83   83    1    1    1    1    1    1    1    1  8.51845E+13 0.00255 
   84   84    1    1    1    1    1    1    1    1  6.06300E+13 0.00312 
   85   85    1    1    1    1    1    1    1    1  4.35645E+13 0.00291 
   86   86    1    1    1    1    1    1    1    1  4.00726E+13 0.00261 
   87   87    1    1    1    1    1    1    1    1  2.41594E+13 0.00436 
   88   88    1    1    1    1    1    1    1    1  1.59893E+13 0.00472 
   89   89    1    1    1    1    1    1    1    1  9.10851E+12 0.00644 
   90   90    1    1    1    1    1    1    1    1  5.92908E+12 0.00963 
   91   91    1    1    1    1    1    1    1    1  2.77345E+12 0.01577 
   92   92    1    1    1    1    1    1    1    1  1.32417E+12 0.01500 
   93   93    1    1    1    1    1    1    1    1  6.07649E+11 0.02361 
   94   94    1    1    1    1    1    1    1    1  3.01384E+11 0.03224 
   95   95    1    1    1    1    1    1    1    1  1.42959E+11 0.05124 
   96   96    1    1    1    1    1    1    1    1  6.26981E+10 0.07660 
   97   97    1    1    1    1    1    1    1    1  3.41988E+10 0.12550 
   98   98    1    1    1    1    1    1    1    1  1.44595E+10 0.17067 
   99   99    1    1    1    1    1    1    1    1  6.61538E+09 0.21899 
  100  100    1    1    1    1    1    1    1    1  4.03700E+09 0.24146 
];


