
DETdpaspec = [
    1    1    1    1    1    1    1    1    1    1  0.00000E+00 0.00000 
    2    2    1    1    1    1    1    1    1    1  0.00000E+00 0.00000 
    3    3    1    1    1    1    1    1    1    1  0.00000E+00 0.00000 
    4    4    1    1    1    1    1    1    1    1  0.00000E+00 0.00000 
    5    5    1    1    1    1    1    1    1    1  0.00000E+00 0.00000 
    6    6    1    1    1    1    1    1    1    1  0.00000E+00 0.00000 
    7    7    1    1    1    1    1    1    1    1  0.00000E+00 0.00000 
    8    8    1    1    1    1    1    1    1    1  0.00000E+00 0.00000 
    9    9    1    1    1    1    1    1    1    1  0.00000E+00 0.00000 
   10   10    1    1    1    1    1    1    1    1  5.39084E+08 1.00000 
   11   11    1    1    1    1    1    1    1    1  8.68631E+08 1.00000 
   12   12    1    1    1    1    1    1    1    1  0.00000E+00 0.00000 
   13   13    1    1    1    1    1    1    1    1  0.00000E+00 0.00000 
   14   14    1    1    1    1    1    1    1    1  0.00000E+00 0.00000 
   15   15    1    1    1    1    1    1    1    1  0.00000E+00 0.00000 
   16   16    1    1    1    1    1    1    1    1  0.00000E+00 0.00000 
   17   17    1    1    1    1    1    1    1    1  9.78860E+08 0.72850 
   18   18    1    1    1    1    1    1    1    1  3.08557E+09 0.59511 
   19   19    1    1    1    1    1    1    1    1  2.78619E+09 0.76897 
   20   20    1    1    1    1    1    1    1    1  1.61410E+10 0.23383 
   21   21    1    1    1    1    1    1    1    1  9.85867E+10 0.06140 
   22   22    1    1    1    1    1    1    1    1  3.58660E+11 0.03105 
   23   23    1    1    1    1    1    1    1    1  1.16398E+12 0.02604 
   24   24    1    1    1    1    1    1    1    1  2.67887E+12 0.01636 
   25   25    1    1    1    1    1    1    1    1  3.60382E+12 0.01525 
   26   26    1    1    1    1    1    1    1    1  6.54228E+12 0.00885 
   27   27    1    1    1    1    1    1    1    1  1.08457E+13 0.00540 
   28   28    1    1    1    1    1    1    1    1  1.70578E+13 0.00556 
   29   29    1    1    1    1    1    1    1    1  2.35686E+13 0.00424 
   30   30    1    1    1    1    1    1    1    1  4.09121E+13 0.00329 
   31   31    1    1    1    1    1    1    1    1  7.10972E+13 0.00290 
   32   32    1    1    1    1    1    1    1    1  9.62643E+13 0.00223 
   33   33    1    1    1    1    1    1    1    1  1.74973E+14 0.00247 
   34   34    1    1    1    1    1    1    1    1  2.01019E+14 0.00221 
   35   35    1    1    1    1    1    1    1    1  1.93385E+14 0.00211 
   36   36    1    1    1    1    1    1    1    1  1.10393E+14 0.00194 
   37   37    1    1    1    1    1    1    1    1  3.17849E+13 0.00230 
   38   38    1    1    1    1    1    1    1    1  1.82148E+14 0.00154 
   39   39    1    1    1    1    1    1    1    1  2.37618E+14 0.00166 
   40   40    1    1    1    1    1    1    1    1  3.94716E+14 0.00171 
   41   41    1    1    1    1    1    1    1    1  3.71772E+14 0.00157 
   42   42    1    1    1    1    1    1    1    1  7.89752E+14 0.00144 
   43   43    1    1    1    1    1    1    1    1  9.21015E+14 0.00154 
   44   44    1    1    1    1    1    1    1    1  1.27517E+15 0.00132 
   45   45    1    1    1    1    1    1    1    1  2.40356E+15 0.00140 
   46   46    1    1    1    1    1    1    1    1  1.03600E+15 0.00161 
   47   47    1    1    1    1    1    1    1    1  1.61901E+15 0.00154 
   48   48    1    1    1    1    1    1    1    1  2.16553E+15 0.00155 
   49   49    1    1    1    1    1    1    1    1  2.06688E+15 0.00168 
   50   50    1    1    1    1    1    1    1    1  3.14490E+15 0.00185 
   51   51    1    1    1    1    1    1    1    1  2.35845E+15 0.00184 
   52   52    1    1    1    1    1    1    1    1  2.79362E+15 0.00165 
   53   53    1    1    1    1    1    1    1    1  1.86531E+15 0.00176 
   54   54    1    1    1    1    1    1    1    1  2.28582E+15 0.00177 
   55   55    1    1    1    1    1    1    1    1  1.53372E+15 0.00181 
   56   56    1    1    1    1    1    1    1    1  2.05370E+14 0.00218 
   57   57    1    1    1    1    1    1    1    1  2.97648E+15 0.00196 
   58   58    1    1    1    1    1    1    1    1  1.33940E+15 0.00203 
   59   59    1    1    1    1    1    1    1    1  1.38898E+15 0.00206 
   60   60    1    1    1    1    1    1    1    1  1.08700E+15 0.00214 
   61   61    1    1    1    1    1    1    1    1  1.07475E+15 0.00214 
   62   62    1    1    1    1    1    1    1    1  1.10980E+15 0.00234 
   63   63    1    1    1    1    1    1    1    1  9.22789E+14 0.00192 
   64   64    1    1    1    1    1    1    1    1  7.24400E+14 0.00188 
   65   65    1    1    1    1    1    1    1    1  7.10059E+14 0.00197 
   66   66    1    1    1    1    1    1    1    1  5.03015E+14 0.00193 
   67   67    1    1    1    1    1    1    1    1  4.03346E+14 0.00204 
   68   68    1    1    1    1    1    1    1    1  3.58609E+14 0.00241 
   69   69    1    1    1    1    1    1    1    1  4.25416E+14 0.00220 
   70   70    1    1    1    1    1    1    1    1  3.55734E+14 0.00215 
   71   71    1    1    1    1    1    1    1    1  6.22090E+14 0.00241 
   72   72    1    1    1    1    1    1    1    1  4.29653E+14 0.00245 
   73   73    1    1    1    1    1    1    1    1  3.20434E+14 0.00257 
   74   74    1    1    1    1    1    1    1    1  2.58659E+14 0.00295 
   75   75    1    1    1    1    1    1    1    1  2.16321E+14 0.00288 
   76   76    1    1    1    1    1    1    1    1  2.52110E+14 0.00215 
   77   77    1    1    1    1    1    1    1    1  1.99840E+14 0.00252 
   78   78    1    1    1    1    1    1    1    1  1.60197E+14 0.00314 
   79   79    1    1    1    1    1    1    1    1  1.64655E+14 0.00318 
   80   80    1    1    1    1    1    1    1    1  1.20797E+14 0.00317 
   81   81    1    1    1    1    1    1    1    1  9.22096E+13 0.00282 
   82   82    1    1    1    1    1    1    1    1  7.00642E+13 0.00405 
   83   83    1    1    1    1    1    1    1    1  6.47265E+13 0.00313 
   84   84    1    1    1    1    1    1    1    1  4.59952E+13 0.00395 
   85   85    1    1    1    1    1    1    1    1  3.28970E+13 0.00495 
   86   86    1    1    1    1    1    1    1    1  3.01098E+13 0.00438 
   87   87    1    1    1    1    1    1    1    1  1.78847E+13 0.00776 
   88   88    1    1    1    1    1    1    1    1  1.18619E+13 0.00637 
   89   89    1    1    1    1    1    1    1    1  6.56627E+12 0.00725 
   90   90    1    1    1    1    1    1    1    1  4.22039E+12 0.00647 
   91   91    1    1    1    1    1    1    1    1  1.99446E+12 0.01228 
   92   92    1    1    1    1    1    1    1    1  9.19416E+11 0.02141 
   93   93    1    1    1    1    1    1    1    1  4.35213E+11 0.04038 
   94   94    1    1    1    1    1    1    1    1  1.94425E+11 0.04370 
   95   95    1    1    1    1    1    1    1    1  9.85706E+10 0.08462 
   96   96    1    1    1    1    1    1    1    1  3.92079E+10 0.10104 
   97   97    1    1    1    1    1    1    1    1  2.05787E+10 0.18616 
   98   98    1    1    1    1    1    1    1    1  9.03994E+09 0.19032 
   99   99    1    1    1    1    1    1    1    1  2.62326E+09 0.25640 
  100  100    1    1    1    1    1    1    1    1  5.92842E+09 0.40113 
];


