
DETdpaspec = [
    1    1    1    1    1    1    1    1    1    1  0.00000E+00 0.00000 
    2    2    1    1    1    1    1    1    1    1  0.00000E+00 0.00000 
    3    3    1    1    1    1    1    1    1    1  0.00000E+00 0.00000 
    4    4    1    1    1    1    1    1    1    1  0.00000E+00 0.00000 
    5    5    1    1    1    1    1    1    1    1  0.00000E+00 0.00000 
    6    6    1    1    1    1    1    1    1    1  0.00000E+00 0.00000 
    7    7    1    1    1    1    1    1    1    1  0.00000E+00 0.00000 
    8    8    1    1    1    1    1    1    1    1  0.00000E+00 0.00000 
    9    9    1    1    1    1    1    1    1    1  0.00000E+00 0.00000 
   10   10    1    1    1    1    1    1    1    1  6.94881E+07 1.00000 
   11   11    1    1    1    1    1    1    1    1  2.09414E+08 0.74862 
   12   12    1    1    1    1    1    1    1    1  1.95061E+08 0.47285 
   13   13    1    1    1    1    1    1    1    1  1.31495E+09 0.53708 
   14   14    1    1    1    1    1    1    1    1  2.23177E+09 0.41790 
   15   15    1    1    1    1    1    1    1    1  5.80553E+08 0.56679 
   16   16    1    1    1    1    1    1    1    1  6.78570E+08 0.31979 
   17   17    1    1    1    1    1    1    1    1  2.37874E+09 0.36442 
   18   18    1    1    1    1    1    1    1    1  3.66810E+09 0.24193 
   19   19    1    1    1    1    1    1    1    1  5.29805E+09 0.27171 
   20   20    1    1    1    1    1    1    1    1  2.50634E+10 0.14882 
   21   21    1    1    1    1    1    1    1    1  1.51192E+10 0.14652 
   22   22    1    1    1    1    1    1    1    1  3.24318E+10 0.08239 
   23   23    1    1    1    1    1    1    1    1  5.52507E+10 0.10961 
   24   24    1    1    1    1    1    1    1    1  8.47724E+10 0.07567 
   25   25    1    1    1    1    1    1    1    1  1.14516E+11 0.07903 
   26   26    1    1    1    1    1    1    1    1  1.93196E+11 0.05910 
   27   27    1    1    1    1    1    1    1    1  3.77430E+11 0.03634 
   28   28    1    1    1    1    1    1    1    1  8.68394E+11 0.01524 
   29   29    1    1    1    1    1    1    1    1  1.56013E+12 0.01640 
   30   30    1    1    1    1    1    1    1    1  4.25049E+12 0.01353 
   31   31    1    1    1    1    1    1    1    1  1.29844E+13 0.00519 
   32   32    1    1    1    1    1    1    1    1  2.39669E+13 0.00469 
   33   33    1    1    1    1    1    1    1    1  5.72752E+13 0.00334 
   34   34    1    1    1    1    1    1    1    1  8.05872E+13 0.00288 
   35   35    1    1    1    1    1    1    1    1  1.00207E+14 0.00242 
   36   36    1    1    1    1    1    1    1    1  6.63233E+13 0.00247 
   37   37    1    1    1    1    1    1    1    1  2.01154E+13 0.00223 
   38   38    1    1    1    1    1    1    1    1  1.14144E+14 0.00209 
   39   39    1    1    1    1    1    1    1    1  1.54578E+14 0.00161 
   40   40    1    1    1    1    1    1    1    1  2.67224E+14 0.00153 
   41   41    1    1    1    1    1    1    1    1  2.67790E+14 0.00130 
   42   42    1    1    1    1    1    1    1    1  5.79873E+14 0.00121 
   43   43    1    1    1    1    1    1    1    1  7.07971E+14 0.00081 
   44   44    1    1    1    1    1    1    1    1  1.03123E+15 0.00088 
   45   45    1    1    1    1    1    1    1    1  2.07921E+15 0.00081 
   46   46    1    1    1    1    1    1    1    1  9.67639E+14 0.00073 
   47   47    1    1    1    1    1    1    1    1  1.56061E+15 0.00059 
   48   48    1    1    1    1    1    1    1    1  2.18446E+15 0.00056 
   49   49    1    1    1    1    1    1    1    1  2.16740E+15 0.00054 
   50   50    1    1    1    1    1    1    1    1  3.40829E+15 0.00057 
   51   51    1    1    1    1    1    1    1    1  2.70589E+15 0.00065 
   52   52    1    1    1    1    1    1    1    1  3.25583E+15 0.00048 
   53   53    1    1    1    1    1    1    1    1  2.26200E+15 0.00065 
   54   54    1    1    1    1    1    1    1    1  2.79152E+15 0.00052 
   55   55    1    1    1    1    1    1    1    1  1.92084E+15 0.00079 
   56   56    1    1    1    1    1    1    1    1  2.60832E+14 0.00127 
   57   57    1    1    1    1    1    1    1    1  3.82621E+15 0.00071 
   58   58    1    1    1    1    1    1    1    1  1.72511E+15 0.00099 
   59   59    1    1    1    1    1    1    1    1  1.83248E+15 0.00103 
   60   60    1    1    1    1    1    1    1    1  1.43509E+15 0.00075 
   61   61    1    1    1    1    1    1    1    1  1.43810E+15 0.00088 
   62   62    1    1    1    1    1    1    1    1  1.50426E+15 0.00088 
   63   63    1    1    1    1    1    1    1    1  1.26906E+15 0.00091 
   64   64    1    1    1    1    1    1    1    1  1.01125E+15 0.00108 
   65   65    1    1    1    1    1    1    1    1  1.00591E+15 0.00107 
   66   66    1    1    1    1    1    1    1    1  7.24390E+14 0.00091 
   67   67    1    1    1    1    1    1    1    1  5.89325E+14 0.00137 
   68   68    1    1    1    1    1    1    1    1  5.28173E+14 0.00113 
   69   69    1    1    1    1    1    1    1    1  6.32995E+14 0.00112 
   70   70    1    1    1    1    1    1    1    1  5.39330E+14 0.00151 
   71   71    1    1    1    1    1    1    1    1  9.76317E+14 0.00114 
   72   72    1    1    1    1    1    1    1    1  6.90475E+14 0.00131 
   73   73    1    1    1    1    1    1    1    1  5.21683E+14 0.00108 
   74   74    1    1    1    1    1    1    1    1  4.20804E+14 0.00113 
   75   75    1    1    1    1    1    1    1    1  3.51327E+14 0.00169 
   76   76    1    1    1    1    1    1    1    1  4.08154E+14 0.00137 
   77   77    1    1    1    1    1    1    1    1  3.24902E+14 0.00153 
   78   78    1    1    1    1    1    1    1    1  2.60303E+14 0.00123 
   79   79    1    1    1    1    1    1    1    1  2.68945E+14 0.00166 
   80   80    1    1    1    1    1    1    1    1  1.99589E+14 0.00148 
   81   81    1    1    1    1    1    1    1    1  1.54162E+14 0.00223 
   82   82    1    1    1    1    1    1    1    1  1.18377E+14 0.00225 
   83   83    1    1    1    1    1    1    1    1  1.10710E+14 0.00234 
   84   84    1    1    1    1    1    1    1    1  7.96973E+13 0.00301 
   85   85    1    1    1    1    1    1    1    1  5.75745E+13 0.00246 
   86   86    1    1    1    1    1    1    1    1  5.36566E+13 0.00342 
   87   87    1    1    1    1    1    1    1    1  3.30618E+13 0.00379 
   88   88    1    1    1    1    1    1    1    1  2.22366E+13 0.00436 
   89   89    1    1    1    1    1    1    1    1  1.28952E+13 0.00696 
   90   90    1    1    1    1    1    1    1    1  8.59769E+12 0.00551 
   91   91    1    1    1    1    1    1    1    1  4.23531E+12 0.01081 
   92   92    1    1    1    1    1    1    1    1  2.07688E+12 0.01462 
   93   93    1    1    1    1    1    1    1    1  1.02465E+12 0.02597 
   94   94    1    1    1    1    1    1    1    1  4.44081E+11 0.03064 
   95   95    1    1    1    1    1    1    1    1  2.29045E+11 0.04953 
   96   96    1    1    1    1    1    1    1    1  1.07343E+11 0.05058 
   97   97    1    1    1    1    1    1    1    1  4.46158E+10 0.11834 
   98   98    1    1    1    1    1    1    1    1  2.59209E+10 0.16858 
   99   99    1    1    1    1    1    1    1    1  7.37448E+09 0.23693 
  100  100    1    1    1    1    1    1    1    1  5.32338E+09 0.18772 
];


