
DETdpaspec = [
    1    1    1    1    1    1    1    1    1    1  0.00000E+00 0.00000 
    2    2    1    1    1    1    1    1    1    1  0.00000E+00 0.00000 
    3    3    1    1    1    1    1    1    1    1  0.00000E+00 0.00000 
    4    4    1    1    1    1    1    1    1    1  0.00000E+00 0.00000 
    5    5    1    1    1    1    1    1    1    1  0.00000E+00 0.00000 
    6    6    1    1    1    1    1    1    1    1  0.00000E+00 0.00000 
    7    7    1    1    1    1    1    1    1    1  0.00000E+00 0.00000 
    8    8    1    1    1    1    1    1    1    1  0.00000E+00 0.00000 
    9    9    1    1    1    1    1    1    1    1  0.00000E+00 0.00000 
   10   10    1    1    1    1    1    1    1    1  0.00000E+00 0.00000 
   11   11    1    1    1    1    1    1    1    1  0.00000E+00 0.00000 
   12   12    1    1    1    1    1    1    1    1  0.00000E+00 0.00000 
   13   13    1    1    1    1    1    1    1    1  0.00000E+00 0.00000 
   14   14    1    1    1    1    1    1    1    1  0.00000E+00 0.00000 
   15   15    1    1    1    1    1    1    1    1  0.00000E+00 0.00000 
   16   16    1    1    1    1    1    1    1    1  0.00000E+00 0.00000 
   17   17    1    1    1    1    1    1    1    1  0.00000E+00 0.00000 
   18   18    1    1    1    1    1    1    1    1  0.00000E+00 0.00000 
   19   19    1    1    1    1    1    1    1    1  6.09682E+09 0.04161 
   20   20    1    1    1    1    1    1    1    1  3.23815E+09 0.02354 
   21   21    1    1    1    1    1    1    1    1  1.32952E+10 0.01268 
   22   22    1    1    1    1    1    1    1    1  2.81514E+10 0.00722 
   23   23    1    1    1    1    1    1    1    1  1.12642E+11 0.00453 
   24   24    1    1    1    1    1    1    1    1  3.14881E+11 0.00262 
   25   25    1    1    1    1    1    1    1    1  5.98525E+11 0.00204 
   26   26    1    1    1    1    1    1    1    1  8.07951E+11 0.00218 
   27   27    1    1    1    1    1    1    1    1  1.33249E+12 0.00175 
   28   28    1    1    1    1    1    1    1    1  1.94040E+12 0.00140 
   29   29    1    1    1    1    1    1    1    1  3.15203E+12 0.00128 
   30   30    1    1    1    1    1    1    1    1  3.84848E+12 0.00074 
   31   31    1    1    1    1    1    1    1    1  5.75849E+12 0.00061 
   32   32    1    1    1    1    1    1    1    1  9.33643E+12 0.00066 
   33   33    1    1    1    1    1    1    1    1  1.05154E+13 0.00048 
   34   34    1    1    1    1    1    1    1    1  1.62571E+13 0.00037 
   35   35    1    1    1    1    1    1    1    1  1.65095E+13 0.00041 
   36   36    1    1    1    1    1    1    1    1  1.87611E+13 0.00040 
   37   37    1    1    1    1    1    1    1    1  1.61671E+13 0.00027 
   38   38    1    1    1    1    1    1    1    1  4.87585E+12 0.00032 
   39   39    1    1    1    1    1    1    1    1  2.05255E+13 0.00029 
   40   40    1    1    1    1    1    1    1    1  2.18293E+13 0.00031 
   41   41    1    1    1    1    1    1    1    1  3.50553E+13 0.00025 
   42   42    1    1    1    1    1    1    1    1  3.07331E+13 0.00022 
   43   43    1    1    1    1    1    1    1    1  4.82927E+13 0.00021 
   44   44    1    1    1    1    1    1    1    1  4.76190E+13 0.00024 
   45   45    1    1    1    1    1    1    1    1  5.73234E+13 0.00011 
   46   46    1    1    1    1    1    1    1    1  8.83591E+13 0.00014 
   47   47    1    1    1    1    1    1    1    1  5.26511E+13 0.00016 
   48   48    1    1    1    1    1    1    1    1  6.52744E+13 0.00021 
   49   49    1    1    1    1    1    1    1    1  8.99956E+13 0.00013 
   50   50    1    1    1    1    1    1    1    1  7.46566E+13 0.00018 
   51   51    1    1    1    1    1    1    1    1  1.12814E+14 0.00017 
   52   52    1    1    1    1    1    1    1    1  8.65447E+13 0.00013 
   53   53    1    1    1    1    1    1    1    1  9.40853E+13 0.00017 
   54   54    1    1    1    1    1    1    1    1  6.87697E+13 0.00015 
   55   55    1    1    1    1    1    1    1    1  8.28731E+13 0.00017 
   56   56    1    1    1    1    1    1    1    1  6.08672E+13 0.00019 
   57   57    1    1    1    1    1    1    1    1  8.50922E+12 0.00034 
   58   58    1    1    1    1    1    1    1    1  1.14605E+14 0.00019 
   59   59    1    1    1    1    1    1    1    1  5.02968E+13 0.00027 
   60   60    1    1    1    1    1    1    1    1  5.50819E+13 0.00019 
   61   61    1    1    1    1    1    1    1    1  4.57694E+13 0.00021 
   62   62    1    1    1    1    1    1    1    1  4.59188E+13 0.00018 
   63   63    1    1    1    1    1    1    1    1  4.44059E+13 0.00023 
   64   64    1    1    1    1    1    1    1    1  3.69793E+13 0.00017 
   65   65    1    1    1    1    1    1    1    1  2.87580E+13 0.00026 
   66   66    1    1    1    1    1    1    1    1  2.70470E+13 0.00032 
   67   67    1    1    1    1    1    1    1    1  2.44208E+13 0.00030 
   68   68    1    1    1    1    1    1    1    1  2.02456E+13 0.00030 
   69   69    1    1    1    1    1    1    1    1  1.73846E+13 0.00036 
   70   70    1    1    1    1    1    1    1    1  2.14715E+13 0.00041 
   71   71    1    1    1    1    1    1    1    1  1.84980E+13 0.00042 
   72   72    1    1    1    1    1    1    1    1  3.45927E+13 0.00030 
   73   73    1    1    1    1    1    1    1    1  2.57283E+13 0.00033 
   74   74    1    1    1    1    1    1    1    1  2.04712E+13 0.00035 
   75   75    1    1    1    1    1    1    1    1  1.69859E+13 0.00043 
   76   76    1    1    1    1    1    1    1    1  1.39469E+13 0.00047 
   77   77    1    1    1    1    1    1    1    1  1.59606E+13 0.00046 
   78   78    1    1    1    1    1    1    1    1  1.25065E+13 0.00059 
   79   79    1    1    1    1    1    1    1    1  9.38408E+12 0.00047 
   80   80    1    1    1    1    1    1    1    1  9.83711E+12 0.00071 
   81   81    1    1    1    1    1    1    1    1  7.46018E+12 0.00073 
   82   82    1    1    1    1    1    1    1    1  5.81692E+12 0.00059 
   83   83    1    1    1    1    1    1    1    1  4.52998E+12 0.00074 
   84   84    1    1    1    1    1    1    1    1  4.23444E+12 0.00077 
   85   85    1    1    1    1    1    1    1    1  3.03858E+12 0.00108 
   86   86    1    1    1    1    1    1    1    1  2.20550E+12 0.00108 
   87   87    1    1    1    1    1    1    1    1  2.06449E+12 0.00124 
   88   88    1    1    1    1    1    1    1    1  1.27275E+12 0.00150 
   89   89    1    1    1    1    1    1    1    1  8.57948E+11 0.00295 
   90   90    1    1    1    1    1    1    1    1  4.89750E+11 0.00259 
   91   91    1    1    1    1    1    1    1    1  6.16828E+11 0.00288 
   92   92    1    1    1    1    1    1    1    1  0.00000E+00 0.00000 
   93   93    1    1    1    1    1    1    1    1  0.00000E+00 0.00000 
   94   94    1    1    1    1    1    1    1    1  0.00000E+00 0.00000 
   95   95    1    1    1    1    1    1    1    1  0.00000E+00 0.00000 
   96   96    1    1    1    1    1    1    1    1  0.00000E+00 0.00000 
   97   97    1    1    1    1    1    1    1    1  0.00000E+00 0.00000 
   98   98    1    1    1    1    1    1    1    1  0.00000E+00 0.00000 
   99   99    1    1    1    1    1    1    1    1  0.00000E+00 0.00000 
  100  100    1    1    1    1    1    1    1    1  0.00000E+00 0.00000 
];


