
DETdpaspec = [
    1    1    1    1    1    1    1    1    1    1  0.00000E+00 0.00000 
    2    2    1    1    1    1    1    1    1    1  0.00000E+00 0.00000 
    3    3    1    1    1    1    1    1    1    1  0.00000E+00 0.00000 
    4    4    1    1    1    1    1    1    1    1  0.00000E+00 0.00000 
    5    5    1    1    1    1    1    1    1    1  0.00000E+00 0.00000 
    6    6    1    1    1    1    1    1    1    1  0.00000E+00 0.00000 
    7    7    1    1    1    1    1    1    1    1  0.00000E+00 0.00000 
    8    8    1    1    1    1    1    1    1    1  0.00000E+00 0.00000 
    9    9    1    1    1    1    1    1    1    1  0.00000E+00 0.00000 
   10   10    1    1    1    1    1    1    1    1  0.00000E+00 0.00000 
   11   11    1    1    1    1    1    1    1    1  0.00000E+00 0.00000 
   12   12    1    1    1    1    1    1    1    1  0.00000E+00 0.00000 
   13   13    1    1    1    1    1    1    1    1  0.00000E+00 0.00000 
   14   14    1    1    1    1    1    1    1    1  0.00000E+00 0.00000 
   15   15    1    1    1    1    1    1    1    1  0.00000E+00 0.00000 
   16   16    1    1    1    1    1    1    1    1  0.00000E+00 0.00000 
   17   17    1    1    1    1    1    1    1    1  0.00000E+00 0.00000 
   18   18    1    1    1    1    1    1    1    1  0.00000E+00 0.00000 
   19   19    1    1    1    1    1    1    1    1  8.52649E+09 0.01854 
   20   20    1    1    1    1    1    1    1    1  1.83089E+09 0.02997 
   21   21    1    1    1    1    1    1    1    1  5.14799E+09 0.02742 
   22   22    1    1    1    1    1    1    1    1  5.23327E+09 0.02243 
   23   23    1    1    1    1    1    1    1    1  1.73767E+10 0.01108 
   24   24    1    1    1    1    1    1    1    1  4.37526E+10 0.00611 
   25   25    1    1    1    1    1    1    1    1  9.85858E+10 0.00463 
   26   26    1    1    1    1    1    1    1    1  1.59622E+11 0.00440 
   27   27    1    1    1    1    1    1    1    1  3.22702E+11 0.00308 
   28   28    1    1    1    1    1    1    1    1  5.83161E+11 0.00194 
   29   29    1    1    1    1    1    1    1    1  1.12999E+12 0.00112 
   30   30    1    1    1    1    1    1    1    1  1.38714E+12 0.00109 
   31   31    1    1    1    1    1    1    1    1  2.74375E+12 0.00105 
   32   32    1    1    1    1    1    1    1    1  5.20967E+12 0.00060 
   33   33    1    1    1    1    1    1    1    1  6.40566E+12 0.00061 
   34   34    1    1    1    1    1    1    1    1  1.10744E+13 0.00052 
   35   35    1    1    1    1    1    1    1    1  1.10677E+13 0.00049 
   36   36    1    1    1    1    1    1    1    1  1.46156E+13 0.00041 
   37   37    1    1    1    1    1    1    1    1  1.34179E+13 0.00034 
   38   38    1    1    1    1    1    1    1    1  4.24225E+12 0.00036 
   39   39    1    1    1    1    1    1    1    1  1.75553E+13 0.00037 
   40   40    1    1    1    1    1    1    1    1  1.91137E+13 0.00026 
   41   41    1    1    1    1    1    1    1    1  3.07026E+13 0.00028 
   42   42    1    1    1    1    1    1    1    1  2.81510E+13 0.00022 
   43   43    1    1    1    1    1    1    1    1  4.43341E+13 0.00025 
   44   44    1    1    1    1    1    1    1    1  4.44334E+13 0.00023 
   45   45    1    1    1    1    1    1    1    1  5.41033E+13 0.00021 
   46   46    1    1    1    1    1    1    1    1  8.48390E+13 0.00018 
   47   47    1    1    1    1    1    1    1    1  5.09884E+13 0.00017 
   48   48    1    1    1    1    1    1    1    1  6.45536E+13 0.00021 
   49   49    1    1    1    1    1    1    1    1  8.96563E+13 0.00013 
   50   50    1    1    1    1    1    1    1    1  7.60573E+13 0.00017 
   51   51    1    1    1    1    1    1    1    1  1.14601E+14 0.00018 
   52   52    1    1    1    1    1    1    1    1  8.96385E+13 0.00015 
   53   53    1    1    1    1    1    1    1    1  9.73051E+13 0.00011 
   54   54    1    1    1    1    1    1    1    1  7.16847E+13 0.00014 
   55   55    1    1    1    1    1    1    1    1  8.59388E+13 0.00013 
   56   56    1    1    1    1    1    1    1    1  6.36013E+13 0.00018 
   57   57    1    1    1    1    1    1    1    1  8.94873E+12 0.00024 
   58   58    1    1    1    1    1    1    1    1  1.20567E+14 0.00011 
   59   59    1    1    1    1    1    1    1    1  5.22804E+13 0.00025 
   60   60    1    1    1    1    1    1    1    1  5.80948E+13 0.00018 
   61   61    1    1    1    1    1    1    1    1  4.78296E+13 0.00022 
   62   62    1    1    1    1    1    1    1    1  4.81498E+13 0.00019 
   63   63    1    1    1    1    1    1    1    1  4.66102E+13 0.00024 
   64   64    1    1    1    1    1    1    1    1  3.88487E+13 0.00026 
   65   65    1    1    1    1    1    1    1    1  3.02561E+13 0.00025 
   66   66    1    1    1    1    1    1    1    1  2.87335E+13 0.00026 
   67   67    1    1    1    1    1    1    1    1  2.58669E+13 0.00030 
   68   68    1    1    1    1    1    1    1    1  2.16108E+13 0.00030 
   69   69    1    1    1    1    1    1    1    1  1.86718E+13 0.00036 
   70   70    1    1    1    1    1    1    1    1  2.30747E+13 0.00037 
   71   71    1    1    1    1    1    1    1    1  1.99842E+13 0.00039 
   72   72    1    1    1    1    1    1    1    1  3.83589E+13 0.00038 
   73   73    1    1    1    1    1    1    1    1  2.89817E+13 0.00036 
   74   74    1    1    1    1    1    1    1    1  2.31913E+13 0.00049 
   75   75    1    1    1    1    1    1    1    1  1.89986E+13 0.00043 
   76   76    1    1    1    1    1    1    1    1  1.54348E+13 0.00049 
   77   77    1    1    1    1    1    1    1    1  1.74714E+13 0.00039 
   78   78    1    1    1    1    1    1    1    1  1.34881E+13 0.00057 
   79   79    1    1    1    1    1    1    1    1  1.00402E+13 0.00055 
   80   80    1    1    1    1    1    1    1    1  1.04334E+13 0.00045 
   81   81    1    1    1    1    1    1    1    1  7.86779E+12 0.00058 
   82   82    1    1    1    1    1    1    1    1  6.11233E+12 0.00069 
   83   83    1    1    1    1    1    1    1    1  4.75197E+12 0.00085 
   84   84    1    1    1    1    1    1    1    1  4.43776E+12 0.00082 
   85   85    1    1    1    1    1    1    1    1  3.19807E+12 0.00117 
   86   86    1    1    1    1    1    1    1    1  2.30363E+12 0.00118 
   87   87    1    1    1    1    1    1    1    1  2.16108E+12 0.00126 
   88   88    1    1    1    1    1    1    1    1  1.33503E+12 0.00149 
   89   89    1    1    1    1    1    1    1    1  9.11915E+11 0.00150 
   90   90    1    1    1    1    1    1    1    1  5.28560E+11 0.00270 
   91   91    1    1    1    1    1    1    1    1  6.69306E+11 0.00245 
   92   92    1    1    1    1    1    1    1    1  0.00000E+00 0.00000 
   93   93    1    1    1    1    1    1    1    1  0.00000E+00 0.00000 
   94   94    1    1    1    1    1    1    1    1  0.00000E+00 0.00000 
   95   95    1    1    1    1    1    1    1    1  0.00000E+00 0.00000 
   96   96    1    1    1    1    1    1    1    1  0.00000E+00 0.00000 
   97   97    1    1    1    1    1    1    1    1  0.00000E+00 0.00000 
   98   98    1    1    1    1    1    1    1    1  0.00000E+00 0.00000 
   99   99    1    1    1    1    1    1    1    1  0.00000E+00 0.00000 
  100  100    1    1    1    1    1    1    1    1  0.00000E+00 0.00000 
];


