
DETdpaspec = [
    1    1    1    1    1    1    1    1    1    1  0.00000E+00 0.00000 
    2    2    1    1    1    1    1    1    1    1  0.00000E+00 0.00000 
    3    3    1    1    1    1    1    1    1    1  0.00000E+00 0.00000 
    4    4    1    1    1    1    1    1    1    1  0.00000E+00 0.00000 
    5    5    1    1    1    1    1    1    1    1  0.00000E+00 0.00000 
    6    6    1    1    1    1    1    1    1    1  0.00000E+00 0.00000 
    7    7    1    1    1    1    1    1    1    1  0.00000E+00 0.00000 
    8    8    1    1    1    1    1    1    1    1  0.00000E+00 0.00000 
    9    9    1    1    1    1    1    1    1    1  0.00000E+00 0.00000 
   10   10    1    1    1    1    1    1    1    1  0.00000E+00 0.00000 
   11   11    1    1    1    1    1    1    1    1  0.00000E+00 0.00000 
   12   12    1    1    1    1    1    1    1    1  0.00000E+00 0.00000 
   13   13    1    1    1    1    1    1    1    1  0.00000E+00 0.00000 
   14   14    1    1    1    1    1    1    1    1  0.00000E+00 0.00000 
   15   15    1    1    1    1    1    1    1    1  0.00000E+00 0.00000 
   16   16    1    1    1    1    1    1    1    1  0.00000E+00 0.00000 
   17   17    1    1    1    1    1    1    1    1  0.00000E+00 0.00000 
   18   18    1    1    1    1    1    1    1    1  0.00000E+00 0.00000 
   19   19    1    1    1    1    1    1    1    1  5.04605E+09 0.03527 
   20   20    1    1    1    1    1    1    1    1  1.18353E+09 0.03773 
   21   21    1    1    1    1    1    1    1    1  3.99081E+09 0.03500 
   22   22    1    1    1    1    1    1    1    1  7.16346E+09 0.01738 
   23   23    1    1    1    1    1    1    1    1  3.29161E+10 0.01045 
   24   24    1    1    1    1    1    1    1    1  1.05250E+11 0.00508 
   25   25    1    1    1    1    1    1    1    1  2.32079E+11 0.00420 
   26   26    1    1    1    1    1    1    1    1  3.51546E+11 0.00258 
   27   27    1    1    1    1    1    1    1    1  6.43279E+11 0.00254 
   28   28    1    1    1    1    1    1    1    1  1.03757E+12 0.00155 
   29   29    1    1    1    1    1    1    1    1  1.86884E+12 0.00113 
   30   30    1    1    1    1    1    1    1    1  2.36463E+12 0.00112 
   31   31    1    1    1    1    1    1    1    1  3.90440E+12 0.00083 
   32   32    1    1    1    1    1    1    1    1  6.87320E+12 0.00087 
   33   33    1    1    1    1    1    1    1    1  8.09171E+12 0.00062 
   34   34    1    1    1    1    1    1    1    1  1.32005E+13 0.00047 
   35   35    1    1    1    1    1    1    1    1  1.35543E+13 0.00040 
   36   36    1    1    1    1    1    1    1    1  1.62932E+13 0.00036 
   37   37    1    1    1    1    1    1    1    1  1.44781E+13 0.00030 
   38   38    1    1    1    1    1    1    1    1  4.44320E+12 0.00027 
   39   39    1    1    1    1    1    1    1    1  1.86879E+13 0.00031 
   40   40    1    1    1    1    1    1    1    1  2.01007E+13 0.00021 
   41   41    1    1    1    1    1    1    1    1  3.24543E+13 0.00021 
   42   42    1    1    1    1    1    1    1    1  2.89511E+13 0.00024 
   43   43    1    1    1    1    1    1    1    1  4.57659E+13 0.00026 
   44   44    1    1    1    1    1    1    1    1  4.55514E+13 0.00030 
   45   45    1    1    1    1    1    1    1    1  5.52644E+13 0.00023 
   46   46    1    1    1    1    1    1    1    1  8.59875E+13 0.00018 
   47   47    1    1    1    1    1    1    1    1  5.16489E+13 0.00017 
   48   48    1    1    1    1    1    1    1    1  6.45293E+13 0.00018 
   49   49    1    1    1    1    1    1    1    1  8.94973E+13 0.00014 
   50   50    1    1    1    1    1    1    1    1  7.49036E+13 0.00017 
   51   51    1    1    1    1    1    1    1    1  1.13470E+14 0.00010 
   52   52    1    1    1    1    1    1    1    1  8.77827E+13 0.00011 
   53   53    1    1    1    1    1    1    1    1  9.56674E+13 0.00014 
   54   54    1    1    1    1    1    1    1    1  7.02141E+13 0.00018 
   55   55    1    1    1    1    1    1    1    1  8.46812E+13 0.00018 
   56   56    1    1    1    1    1    1    1    1  6.24438E+13 0.00015 
   57   57    1    1    1    1    1    1    1    1  8.74942E+12 0.00039 
   58   58    1    1    1    1    1    1    1    1  1.18026E+14 0.00018 
   59   59    1    1    1    1    1    1    1    1  5.17457E+13 0.00023 
   60   60    1    1    1    1    1    1    1    1  5.69575E+13 0.00024 
   61   61    1    1    1    1    1    1    1    1  4.72909E+13 0.00019 
   62   62    1    1    1    1    1    1    1    1  4.75171E+13 0.00018 
   63   63    1    1    1    1    1    1    1    1  4.60621E+13 0.00025 
   64   64    1    1    1    1    1    1    1    1  3.84267E+13 0.00026 
   65   65    1    1    1    1    1    1    1    1  2.99408E+13 0.00036 
   66   66    1    1    1    1    1    1    1    1  2.82541E+13 0.00036 
   67   67    1    1    1    1    1    1    1    1  2.55172E+13 0.00043 
   68   68    1    1    1    1    1    1    1    1  2.12235E+13 0.00031 
   69   69    1    1    1    1    1    1    1    1  1.82738E+13 0.00037 
   70   70    1    1    1    1    1    1    1    1  2.25867E+13 0.00033 
   71   71    1    1    1    1    1    1    1    1  1.94957E+13 0.00036 
   72   72    1    1    1    1    1    1    1    1  3.67987E+13 0.00036 
   73   73    1    1    1    1    1    1    1    1  2.75396E+13 0.00034 
   74   74    1    1    1    1    1    1    1    1  2.19883E+13 0.00037 
   75   75    1    1    1    1    1    1    1    1  1.82125E+13 0.00045 
   76   76    1    1    1    1    1    1    1    1  1.49263E+13 0.00044 
   77   77    1    1    1    1    1    1    1    1  1.70290E+13 0.00041 
   78   78    1    1    1    1    1    1    1    1  1.33101E+13 0.00063 
   79   79    1    1    1    1    1    1    1    1  9.97995E+12 0.00043 
   80   80    1    1    1    1    1    1    1    1  1.04316E+13 0.00065 
   81   81    1    1    1    1    1    1    1    1  7.91244E+12 0.00078 
   82   82    1    1    1    1    1    1    1    1  6.17362E+12 0.00073 
   83   83    1    1    1    1    1    1    1    1  4.80323E+12 0.00051 
   84   84    1    1    1    1    1    1    1    1  4.49894E+12 0.00088 
   85   85    1    1    1    1    1    1    1    1  3.23791E+12 0.00127 
   86   86    1    1    1    1    1    1    1    1  2.34640E+12 0.00154 
   87   87    1    1    1    1    1    1    1    1  2.19581E+12 0.00162 
   88   88    1    1    1    1    1    1    1    1  1.35147E+12 0.00106 
   89   89    1    1    1    1    1    1    1    1  9.12099E+11 0.00210 
   90   90    1    1    1    1    1    1    1    1  5.27193E+11 0.00229 
   91   91    1    1    1    1    1    1    1    1  6.64401E+11 0.00239 
   92   92    1    1    1    1    1    1    1    1  0.00000E+00 0.00000 
   93   93    1    1    1    1    1    1    1    1  0.00000E+00 0.00000 
   94   94    1    1    1    1    1    1    1    1  0.00000E+00 0.00000 
   95   95    1    1    1    1    1    1    1    1  0.00000E+00 0.00000 
   96   96    1    1    1    1    1    1    1    1  0.00000E+00 0.00000 
   97   97    1    1    1    1    1    1    1    1  0.00000E+00 0.00000 
   98   98    1    1    1    1    1    1    1    1  0.00000E+00 0.00000 
   99   99    1    1    1    1    1    1    1    1  0.00000E+00 0.00000 
  100  100    1    1    1    1    1    1    1    1  0.00000E+00 0.00000 
];


