
DETdpaspec = [
    1    1    1    1    1    1    1    1    1    1  0.00000E+00 0.00000 
    2    2    1    1    1    1    1    1    1    1  0.00000E+00 0.00000 
    3    3    1    1    1    1    1    1    1    1  0.00000E+00 0.00000 
    4    4    1    1    1    1    1    1    1    1  0.00000E+00 0.00000 
    5    5    1    1    1    1    1    1    1    1  0.00000E+00 0.00000 
    6    6    1    1    1    1    1    1    1    1  0.00000E+00 0.00000 
    7    7    1    1    1    1    1    1    1    1  0.00000E+00 0.00000 
    8    8    1    1    1    1    1    1    1    1  0.00000E+00 0.00000 
    9    9    1    1    1    1    1    1    1    1  0.00000E+00 0.00000 
   10   10    1    1    1    1    1    1    1    1  0.00000E+00 0.00000 
   11   11    1    1    1    1    1    1    1    1  0.00000E+00 0.00000 
   12   12    1    1    1    1    1    1    1    1  0.00000E+00 0.00000 
   13   13    1    1    1    1    1    1    1    1  0.00000E+00 0.00000 
   14   14    1    1    1    1    1    1    1    1  0.00000E+00 0.00000 
   15   15    1    1    1    1    1    1    1    1  0.00000E+00 0.00000 
   16   16    1    1    1    1    1    1    1    1  0.00000E+00 0.00000 
   17   17    1    1    1    1    1    1    1    1  0.00000E+00 0.00000 
   18   18    1    1    1    1    1    1    1    1  0.00000E+00 0.00000 
   19   19    1    1    1    1    1    1    1    1  1.04830E+10 0.02297 
   20   20    1    1    1    1    1    1    1    1  2.37851E+09 0.02666 
   21   21    1    1    1    1    1    1    1    1  6.34298E+09 0.01778 
   22   22    1    1    1    1    1    1    1    1  6.41755E+09 0.01536 
   23   23    1    1    1    1    1    1    1    1  2.01677E+10 0.00817 
   24   24    1    1    1    1    1    1    1    1  4.55706E+10 0.00786 
   25   25    1    1    1    1    1    1    1    1  9.78671E+10 0.00504 
   26   26    1    1    1    1    1    1    1    1  1.57815E+11 0.00350 
   27   27    1    1    1    1    1    1    1    1  3.18150E+11 0.00234 
   28   28    1    1    1    1    1    1    1    1  5.80188E+11 0.00228 
   29   29    1    1    1    1    1    1    1    1  1.11468E+12 0.00135 
   30   30    1    1    1    1    1    1    1    1  1.34418E+12 0.00136 
   31   31    1    1    1    1    1    1    1    1  2.73284E+12 0.00110 
   32   32    1    1    1    1    1    1    1    1  5.18994E+12 0.00087 
   33   33    1    1    1    1    1    1    1    1  6.38012E+12 0.00065 
   34   34    1    1    1    1    1    1    1    1  1.10810E+13 0.00039 
   35   35    1    1    1    1    1    1    1    1  1.09557E+13 0.00049 
   36   36    1    1    1    1    1    1    1    1  1.46976E+13 0.00043 
   37   37    1    1    1    1    1    1    1    1  1.35235E+13 0.00039 
   38   38    1    1    1    1    1    1    1    1  4.29308E+12 0.00038 
   39   39    1    1    1    1    1    1    1    1  1.76659E+13 0.00040 
   40   40    1    1    1    1    1    1    1    1  1.92502E+13 0.00025 
   41   41    1    1    1    1    1    1    1    1  3.07919E+13 0.00023 
   42   42    1    1    1    1    1    1    1    1  2.83500E+13 0.00029 
   43   43    1    1    1    1    1    1    1    1  4.44944E+13 0.00023 
   44   44    1    1    1    1    1    1    1    1  4.46188E+13 0.00018 
   45   45    1    1    1    1    1    1    1    1  5.42777E+13 0.00023 
   46   46    1    1    1    1    1    1    1    1  8.50342E+13 0.00018 
   47   47    1    1    1    1    1    1    1    1  5.10266E+13 0.00019 
   48   48    1    1    1    1    1    1    1    1  6.47606E+13 0.00017 
   49   49    1    1    1    1    1    1    1    1  8.98037E+13 0.00011 
   50   50    1    1    1    1    1    1    1    1  7.63465E+13 0.00019 
   51   51    1    1    1    1    1    1    1    1  1.14738E+14 0.00016 
   52   52    1    1    1    1    1    1    1    1  8.99534E+13 0.00011 
   53   53    1    1    1    1    1    1    1    1  9.74456E+13 0.00018 
   54   54    1    1    1    1    1    1    1    1  7.18181E+13 0.00015 
   55   55    1    1    1    1    1    1    1    1  8.59220E+13 0.00020 
   56   56    1    1    1    1    1    1    1    1  6.36483E+13 0.00019 
   57   57    1    1    1    1    1    1    1    1  8.96343E+12 0.00036 
   58   58    1    1    1    1    1    1    1    1  1.20601E+14 0.00012 
   59   59    1    1    1    1    1    1    1    1  5.21302E+13 0.00018 
   60   60    1    1    1    1    1    1    1    1  5.80908E+13 0.00021 
   61   61    1    1    1    1    1    1    1    1  4.76652E+13 0.00017 
   62   62    1    1    1    1    1    1    1    1  4.79931E+13 0.00014 
   63   63    1    1    1    1    1    1    1    1  4.64337E+13 0.00025 
   64   64    1    1    1    1    1    1    1    1  3.86902E+13 0.00023 
   65   65    1    1    1    1    1    1    1    1  3.01358E+13 0.00028 
   66   66    1    1    1    1    1    1    1    1  2.86418E+13 0.00031 
   67   67    1    1    1    1    1    1    1    1  2.57162E+13 0.00025 
   68   68    1    1    1    1    1    1    1    1  2.15205E+13 0.00038 
   69   69    1    1    1    1    1    1    1    1  1.86106E+13 0.00037 
   70   70    1    1    1    1    1    1    1    1  2.29735E+13 0.00037 
   71   71    1    1    1    1    1    1    1    1  1.98833E+13 0.00042 
   72   72    1    1    1    1    1    1    1    1  3.82985E+13 0.00030 
   73   73    1    1    1    1    1    1    1    1  2.89951E+13 0.00047 
   74   74    1    1    1    1    1    1    1    1  2.31743E+13 0.00041 
   75   75    1    1    1    1    1    1    1    1  1.89628E+13 0.00039 
   76   76    1    1    1    1    1    1    1    1  1.53580E+13 0.00042 
   77   77    1    1    1    1    1    1    1    1  1.73435E+13 0.00041 
   78   78    1    1    1    1    1    1    1    1  1.33735E+13 0.00055 
   79   79    1    1    1    1    1    1    1    1  9.92455E+12 0.00042 
   80   80    1    1    1    1    1    1    1    1  1.02865E+13 0.00058 
   81   81    1    1    1    1    1    1    1    1  7.76042E+12 0.00063 
   82   82    1    1    1    1    1    1    1    1  6.01933E+12 0.00055 
   83   83    1    1    1    1    1    1    1    1  4.66606E+12 0.00083 
   84   84    1    1    1    1    1    1    1    1  4.36883E+12 0.00095 
   85   85    1    1    1    1    1    1    1    1  3.13459E+12 0.00088 
   86   86    1    1    1    1    1    1    1    1  2.26482E+12 0.00147 
   87   87    1    1    1    1    1    1    1    1  2.12542E+12 0.00144 
   88   88    1    1    1    1    1    1    1    1  1.31688E+12 0.00154 
   89   89    1    1    1    1    1    1    1    1  8.94726E+11 0.00187 
   90   90    1    1    1    1    1    1    1    1  5.17725E+11 0.00283 
   91   91    1    1    1    1    1    1    1    1  6.62014E+11 0.00194 
   92   92    1    1    1    1    1    1    1    1  0.00000E+00 0.00000 
   93   93    1    1    1    1    1    1    1    1  0.00000E+00 0.00000 
   94   94    1    1    1    1    1    1    1    1  0.00000E+00 0.00000 
   95   95    1    1    1    1    1    1    1    1  0.00000E+00 0.00000 
   96   96    1    1    1    1    1    1    1    1  0.00000E+00 0.00000 
   97   97    1    1    1    1    1    1    1    1  0.00000E+00 0.00000 
   98   98    1    1    1    1    1    1    1    1  0.00000E+00 0.00000 
   99   99    1    1    1    1    1    1    1    1  0.00000E+00 0.00000 
  100  100    1    1    1    1    1    1    1    1  0.00000E+00 0.00000 
];


