
DETdpaspec = [
    1    1    1    1    1    1    1    1    1    1  0.00000E+00 0.00000 
    2    2    1    1    1    1    1    1    1    1  0.00000E+00 0.00000 
    3    3    1    1    1    1    1    1    1    1  0.00000E+00 0.00000 
    4    4    1    1    1    1    1    1    1    1  0.00000E+00 0.00000 
    5    5    1    1    1    1    1    1    1    1  0.00000E+00 0.00000 
    6    6    1    1    1    1    1    1    1    1  0.00000E+00 0.00000 
    7    7    1    1    1    1    1    1    1    1  0.00000E+00 0.00000 
    8    8    1    1    1    1    1    1    1    1  0.00000E+00 0.00000 
    9    9    1    1    1    1    1    1    1    1  0.00000E+00 0.00000 
   10   10    1    1    1    1    1    1    1    1  0.00000E+00 0.00000 
   11   11    1    1    1    1    1    1    1    1  0.00000E+00 0.00000 
   12   12    1    1    1    1    1    1    1    1  0.00000E+00 0.00000 
   13   13    1    1    1    1    1    1    1    1  0.00000E+00 0.00000 
   14   14    1    1    1    1    1    1    1    1  0.00000E+00 0.00000 
   15   15    1    1    1    1    1    1    1    1  0.00000E+00 0.00000 
   16   16    1    1    1    1    1    1    1    1  0.00000E+00 0.00000 
   17   17    1    1    1    1    1    1    1    1  0.00000E+00 0.00000 
   18   18    1    1    1    1    1    1    1    1  0.00000E+00 0.00000 
   19   19    1    1    1    1    1    1    1    1  1.07339E+10 0.01886 
   20   20    1    1    1    1    1    1    1    1  2.61178E+09 0.02683 
   21   21    1    1    1    1    1    1    1    1  6.96516E+09 0.01965 
   22   22    1    1    1    1    1    1    1    1  6.89955E+09 0.01465 
   23   23    1    1    1    1    1    1    1    1  2.16639E+10 0.00836 
   24   24    1    1    1    1    1    1    1    1  4.73028E+10 0.00540 
   25   25    1    1    1    1    1    1    1    1  9.88519E+10 0.00483 
   26   26    1    1    1    1    1    1    1    1  1.59598E+11 0.00376 
   27   27    1    1    1    1    1    1    1    1  3.19941E+11 0.00291 
   28   28    1    1    1    1    1    1    1    1  5.84466E+11 0.00191 
   29   29    1    1    1    1    1    1    1    1  1.11739E+12 0.00123 
   30   30    1    1    1    1    1    1    1    1  1.33419E+12 0.00151 
   31   31    1    1    1    1    1    1    1    1  2.73771E+12 0.00101 
   32   32    1    1    1    1    1    1    1    1  5.20636E+12 0.00083 
   33   33    1    1    1    1    1    1    1    1  6.40313E+12 0.00077 
   34   34    1    1    1    1    1    1    1    1  1.11187E+13 0.00063 
   35   35    1    1    1    1    1    1    1    1  1.09525E+13 0.00048 
   36   36    1    1    1    1    1    1    1    1  1.47641E+13 0.00036 
   37   37    1    1    1    1    1    1    1    1  1.35885E+13 0.00036 
   38   38    1    1    1    1    1    1    1    1  4.32090E+12 0.00037 
   39   39    1    1    1    1    1    1    1    1  1.77421E+13 0.00035 
   40   40    1    1    1    1    1    1    1    1  1.93314E+13 0.00031 
   41   41    1    1    1    1    1    1    1    1  3.08615E+13 0.00025 
   42   42    1    1    1    1    1    1    1    1  2.84742E+13 0.00023 
   43   43    1    1    1    1    1    1    1    1  4.46360E+13 0.00022 
   44   44    1    1    1    1    1    1    1    1  4.46980E+13 0.00023 
   45   45    1    1    1    1    1    1    1    1  5.43898E+13 0.00027 
   46   46    1    1    1    1    1    1    1    1  8.51541E+13 0.00016 
   47   47    1    1    1    1    1    1    1    1  5.10603E+13 0.00013 
   48   48    1    1    1    1    1    1    1    1  6.48419E+13 0.00017 
   49   49    1    1    1    1    1    1    1    1  8.98654E+13 0.00015 
   50   50    1    1    1    1    1    1    1    1  7.64647E+13 0.00020 
   51   51    1    1    1    1    1    1    1    1  1.14825E+14 0.00017 
   52   52    1    1    1    1    1    1    1    1  9.00442E+13 0.00018 
   53   53    1    1    1    1    1    1    1    1  9.75095E+13 0.00014 
   54   54    1    1    1    1    1    1    1    1  7.18906E+13 0.00018 
   55   55    1    1    1    1    1    1    1    1  8.59041E+13 0.00012 
   56   56    1    1    1    1    1    1    1    1  6.36349E+13 0.00016 
   57   57    1    1    1    1    1    1    1    1  8.95337E+12 0.00027 
   58   58    1    1    1    1    1    1    1    1  1.20627E+14 0.00018 
   59   59    1    1    1    1    1    1    1    1  5.20831E+13 0.00023 
   60   60    1    1    1    1    1    1    1    1  5.80386E+13 0.00023 
   61   61    1    1    1    1    1    1    1    1  4.75980E+13 0.00021 
   62   62    1    1    1    1    1    1    1    1  4.79035E+13 0.00024 
   63   63    1    1    1    1    1    1    1    1  4.63363E+13 0.00021 
   64   64    1    1    1    1    1    1    1    1  3.85563E+13 0.00034 
   65   65    1    1    1    1    1    1    1    1  3.00245E+13 0.00029 
   66   66    1    1    1    1    1    1    1    1  2.85613E+13 0.00028 
   67   67    1    1    1    1    1    1    1    1  2.56508E+13 0.00035 
   68   68    1    1    1    1    1    1    1    1  2.14476E+13 0.00035 
   69   69    1    1    1    1    1    1    1    1  1.85530E+13 0.00027 
   70   70    1    1    1    1    1    1    1    1  2.29015E+13 0.00027 
   71   71    1    1    1    1    1    1    1    1  1.98369E+13 0.00043 
   72   72    1    1    1    1    1    1    1    1  3.82420E+13 0.00030 
   73   73    1    1    1    1    1    1    1    1  2.89904E+13 0.00033 
   74   74    1    1    1    1    1    1    1    1  2.31633E+13 0.00043 
   75   75    1    1    1    1    1    1    1    1  1.89426E+13 0.00038 
   76   76    1    1    1    1    1    1    1    1  1.53124E+13 0.00052 
   77   77    1    1    1    1    1    1    1    1  1.72877E+13 0.00038 
   78   78    1    1    1    1    1    1    1    1  1.32763E+13 0.00046 
   79   79    1    1    1    1    1    1    1    1  9.87044E+12 0.00054 
   80   80    1    1    1    1    1    1    1    1  1.02293E+13 0.00038 
   81   81    1    1    1    1    1    1    1    1  7.69997E+12 0.00065 
   82   82    1    1    1    1    1    1    1    1  5.97689E+12 0.00051 
   83   83    1    1    1    1    1    1    1    1  4.63471E+12 0.00076 
   84   84    1    1    1    1    1    1    1    1  4.33136E+12 0.00101 
   85   85    1    1    1    1    1    1    1    1  3.11218E+12 0.00140 
   86   86    1    1    1    1    1    1    1    1  2.24807E+12 0.00124 
   87   87    1    1    1    1    1    1    1    1  2.10980E+12 0.00109 
   88   88    1    1    1    1    1    1    1    1  1.31088E+12 0.00207 
   89   89    1    1    1    1    1    1    1    1  8.86974E+11 0.00254 
   90   90    1    1    1    1    1    1    1    1  5.15292E+11 0.00199 
   91   91    1    1    1    1    1    1    1    1  6.57909E+11 0.00270 
   92   92    1    1    1    1    1    1    1    1  0.00000E+00 0.00000 
   93   93    1    1    1    1    1    1    1    1  0.00000E+00 0.00000 
   94   94    1    1    1    1    1    1    1    1  0.00000E+00 0.00000 
   95   95    1    1    1    1    1    1    1    1  0.00000E+00 0.00000 
   96   96    1    1    1    1    1    1    1    1  0.00000E+00 0.00000 
   97   97    1    1    1    1    1    1    1    1  0.00000E+00 0.00000 
   98   98    1    1    1    1    1    1    1    1  0.00000E+00 0.00000 
   99   99    1    1    1    1    1    1    1    1  0.00000E+00 0.00000 
  100  100    1    1    1    1    1    1    1    1  0.00000E+00 0.00000 
];


