
DETdpaspec = [
    1    1    1    1    1    1    1    1    1    1  0.00000E+00 0.00000 
    2    2    1    1    1    1    1    1    1    1  0.00000E+00 0.00000 
    3    3    1    1    1    1    1    1    1    1  0.00000E+00 0.00000 
    4    4    1    1    1    1    1    1    1    1  0.00000E+00 0.00000 
    5    5    1    1    1    1    1    1    1    1  0.00000E+00 0.00000 
    6    6    1    1    1    1    1    1    1    1  0.00000E+00 0.00000 
    7    7    1    1    1    1    1    1    1    1  0.00000E+00 0.00000 
    8    8    1    1    1    1    1    1    1    1  0.00000E+00 0.00000 
    9    9    1    1    1    1    1    1    1    1  0.00000E+00 0.00000 
   10   10    1    1    1    1    1    1    1    1  0.00000E+00 0.00000 
   11   11    1    1    1    1    1    1    1    1  0.00000E+00 0.00000 
   12   12    1    1    1    1    1    1    1    1  0.00000E+00 0.00000 
   13   13    1    1    1    1    1    1    1    1  0.00000E+00 0.00000 
   14   14    1    1    1    1    1    1    1    1  0.00000E+00 0.00000 
   15   15    1    1    1    1    1    1    1    1  0.00000E+00 0.00000 
   16   16    1    1    1    1    1    1    1    1  0.00000E+00 0.00000 
   17   17    1    1    1    1    1    1    1    1  0.00000E+00 0.00000 
   18   18    1    1    1    1    1    1    1    1  0.00000E+00 0.00000 
   19   19    1    1    1    1    1    1    1    1  1.02646E+10 0.01965 
   20   20    1    1    1    1    1    1    1    1  2.46800E+09 0.02300 
   21   21    1    1    1    1    1    1    1    1  6.52900E+09 0.01922 
   22   22    1    1    1    1    1    1    1    1  6.48768E+09 0.01375 
   23   23    1    1    1    1    1    1    1    1  2.05613E+10 0.00966 
   24   24    1    1    1    1    1    1    1    1  4.62458E+10 0.00774 
   25   25    1    1    1    1    1    1    1    1  9.79361E+10 0.00375 
   26   26    1    1    1    1    1    1    1    1  1.56968E+11 0.00264 
   27   27    1    1    1    1    1    1    1    1  3.18494E+11 0.00302 
   28   28    1    1    1    1    1    1    1    1  5.79158E+11 0.00241 
   29   29    1    1    1    1    1    1    1    1  1.11230E+12 0.00148 
   30   30    1    1    1    1    1    1    1    1  1.34103E+12 0.00199 
   31   31    1    1    1    1    1    1    1    1  2.72856E+12 0.00103 
   32   32    1    1    1    1    1    1    1    1  5.18393E+12 0.00078 
   33   33    1    1    1    1    1    1    1    1  6.38796E+12 0.00066 
   34   34    1    1    1    1    1    1    1    1  1.10843E+13 0.00048 
   35   35    1    1    1    1    1    1    1    1  1.09611E+13 0.00044 
   36   36    1    1    1    1    1    1    1    1  1.47033E+13 0.00045 
   37   37    1    1    1    1    1    1    1    1  1.35342E+13 0.00036 
   38   38    1    1    1    1    1    1    1    1  4.29842E+12 0.00029 
   39   39    1    1    1    1    1    1    1    1  1.76783E+13 0.00038 
   40   40    1    1    1    1    1    1    1    1  1.92597E+13 0.00029 
   41   41    1    1    1    1    1    1    1    1  3.08072E+13 0.00022 
   42   42    1    1    1    1    1    1    1    1  2.83716E+13 0.00024 
   43   43    1    1    1    1    1    1    1    1  4.45382E+13 0.00021 
   44   44    1    1    1    1    1    1    1    1  4.46145E+13 0.00023 
   45   45    1    1    1    1    1    1    1    1  5.42759E+13 0.00020 
   46   46    1    1    1    1    1    1    1    1  8.50452E+13 0.00014 
   47   47    1    1    1    1    1    1    1    1  5.10379E+13 0.00020 
   48   48    1    1    1    1    1    1    1    1  6.47613E+13 0.00024 
   49   49    1    1    1    1    1    1    1    1  8.98347E+13 0.00014 
   50   50    1    1    1    1    1    1    1    1  7.63848E+13 0.00013 
   51   51    1    1    1    1    1    1    1    1  1.14788E+14 0.00014 
   52   52    1    1    1    1    1    1    1    1  8.99381E+13 0.00018 
   53   53    1    1    1    1    1    1    1    1  9.74759E+13 0.00018 
   54   54    1    1    1    1    1    1    1    1  7.18376E+13 0.00017 
   55   55    1    1    1    1    1    1    1    1  8.59203E+13 0.00019 
   56   56    1    1    1    1    1    1    1    1  6.36550E+13 0.00020 
   57   57    1    1    1    1    1    1    1    1  8.95162E+12 0.00034 
   58   58    1    1    1    1    1    1    1    1  1.20575E+14 0.00017 
   59   59    1    1    1    1    1    1    1    1  5.21442E+13 0.00016 
   60   60    1    1    1    1    1    1    1    1  5.80799E+13 0.00022 
   61   61    1    1    1    1    1    1    1    1  4.76601E+13 0.00022 
   62   62    1    1    1    1    1    1    1    1  4.79749E+13 0.00017 
   63   63    1    1    1    1    1    1    1    1  4.64121E+13 0.00025 
   64   64    1    1    1    1    1    1    1    1  3.86514E+13 0.00033 
   65   65    1    1    1    1    1    1    1    1  3.01059E+13 0.00033 
   66   66    1    1    1    1    1    1    1    1  2.86210E+13 0.00034 
   67   67    1    1    1    1    1    1    1    1  2.57171E+13 0.00034 
   68   68    1    1    1    1    1    1    1    1  2.15137E+13 0.00040 
   69   69    1    1    1    1    1    1    1    1  1.86030E+13 0.00035 
   70   70    1    1    1    1    1    1    1    1  2.29549E+13 0.00034 
   71   71    1    1    1    1    1    1    1    1  1.98858E+13 0.00040 
   72   72    1    1    1    1    1    1    1    1  3.83005E+13 0.00043 
   73   73    1    1    1    1    1    1    1    1  2.89973E+13 0.00035 
   74   74    1    1    1    1    1    1    1    1  2.31794E+13 0.00054 
   75   75    1    1    1    1    1    1    1    1  1.89685E+13 0.00041 
   76   76    1    1    1    1    1    1    1    1  1.53565E+13 0.00049 
   77   77    1    1    1    1    1    1    1    1  1.73327E+13 0.00049 
   78   78    1    1    1    1    1    1    1    1  1.33333E+13 0.00052 
   79   79    1    1    1    1    1    1    1    1  9.91552E+12 0.00041 
   80   80    1    1    1    1    1    1    1    1  1.02797E+13 0.00070 
   81   81    1    1    1    1    1    1    1    1  7.74963E+12 0.00061 
   82   82    1    1    1    1    1    1    1    1  6.01236E+12 0.00074 
   83   83    1    1    1    1    1    1    1    1  4.66405E+12 0.00082 
   84   84    1    1    1    1    1    1    1    1  4.36139E+12 0.00117 
   85   85    1    1    1    1    1    1    1    1  3.12919E+12 0.00114 
   86   86    1    1    1    1    1    1    1    1  2.25889E+12 0.00116 
   87   87    1    1    1    1    1    1    1    1  2.12083E+12 0.00136 
   88   88    1    1    1    1    1    1    1    1  1.31416E+12 0.00168 
   89   89    1    1    1    1    1    1    1    1  8.92510E+11 0.00204 
   90   90    1    1    1    1    1    1    1    1  5.17795E+11 0.00246 
   91   91    1    1    1    1    1    1    1    1  6.60968E+11 0.00216 
   92   92    1    1    1    1    1    1    1    1  0.00000E+00 0.00000 
   93   93    1    1    1    1    1    1    1    1  0.00000E+00 0.00000 
   94   94    1    1    1    1    1    1    1    1  0.00000E+00 0.00000 
   95   95    1    1    1    1    1    1    1    1  0.00000E+00 0.00000 
   96   96    1    1    1    1    1    1    1    1  0.00000E+00 0.00000 
   97   97    1    1    1    1    1    1    1    1  0.00000E+00 0.00000 
   98   98    1    1    1    1    1    1    1    1  0.00000E+00 0.00000 
   99   99    1    1    1    1    1    1    1    1  0.00000E+00 0.00000 
  100  100    1    1    1    1    1    1    1    1  0.00000E+00 0.00000 
];


