
DETdpaspec = [
    1    1    1    1    1    1    1    1    1    1  0.00000E+00 0.00000 
    2    2    1    1    1    1    1    1    1    1  0.00000E+00 0.00000 
    3    3    1    1    1    1    1    1    1    1  0.00000E+00 0.00000 
    4    4    1    1    1    1    1    1    1    1  0.00000E+00 0.00000 
    5    5    1    1    1    1    1    1    1    1  0.00000E+00 0.00000 
    6    6    1    1    1    1    1    1    1    1  0.00000E+00 0.00000 
    7    7    1    1    1    1    1    1    1    1  0.00000E+00 0.00000 
    8    8    1    1    1    1    1    1    1    1  0.00000E+00 0.00000 
    9    9    1    1    1    1    1    1    1    1  0.00000E+00 0.00000 
   10   10    1    1    1    1    1    1    1    1  0.00000E+00 0.00000 
   11   11    1    1    1    1    1    1    1    1  0.00000E+00 0.00000 
   12   12    1    1    1    1    1    1    1    1  0.00000E+00 0.00000 
   13   13    1    1    1    1    1    1    1    1  0.00000E+00 0.00000 
   14   14    1    1    1    1    1    1    1    1  0.00000E+00 0.00000 
   15   15    1    1    1    1    1    1    1    1  0.00000E+00 0.00000 
   16   16    1    1    1    1    1    1    1    1  0.00000E+00 0.00000 
   17   17    1    1    1    1    1    1    1    1  0.00000E+00 0.00000 
   18   18    1    1    1    1    1    1    1    1  0.00000E+00 0.00000 
   19   19    1    1    1    1    1    1    1    1  8.49367E+09 0.02492 
   20   20    1    1    1    1    1    1    1    1  1.80548E+09 0.02901 
   21   21    1    1    1    1    1    1    1    1  5.05779E+09 0.01925 
   22   22    1    1    1    1    1    1    1    1  5.10069E+09 0.01374 
   23   23    1    1    1    1    1    1    1    1  1.74791E+10 0.01244 
   24   24    1    1    1    1    1    1    1    1  4.47762E+10 0.00629 
   25   25    1    1    1    1    1    1    1    1  9.83717E+10 0.00372 
   26   26    1    1    1    1    1    1    1    1  1.60022E+11 0.00244 
   27   27    1    1    1    1    1    1    1    1  3.23649E+11 0.00313 
   28   28    1    1    1    1    1    1    1    1  5.84928E+11 0.00203 
   29   29    1    1    1    1    1    1    1    1  1.13309E+12 0.00158 
   30   30    1    1    1    1    1    1    1    1  1.39418E+12 0.00113 
   31   31    1    1    1    1    1    1    1    1  2.74574E+12 0.00072 
   32   32    1    1    1    1    1    1    1    1  5.20841E+12 0.00089 
   33   33    1    1    1    1    1    1    1    1  6.39946E+12 0.00087 
   34   34    1    1    1    1    1    1    1    1  1.10729E+13 0.00074 
   35   35    1    1    1    1    1    1    1    1  1.10763E+13 0.00047 
   36   36    1    1    1    1    1    1    1    1  1.46149E+13 0.00037 
   37   37    1    1    1    1    1    1    1    1  1.34223E+13 0.00038 
   38   38    1    1    1    1    1    1    1    1  4.24069E+12 0.00030 
   39   39    1    1    1    1    1    1    1    1  1.75569E+13 0.00037 
   40   40    1    1    1    1    1    1    1    1  1.91102E+13 0.00032 
   41   41    1    1    1    1    1    1    1    1  3.06920E+13 0.00022 
   42   42    1    1    1    1    1    1    1    1  2.81446E+13 0.00027 
   43   43    1    1    1    1    1    1    1    1  4.43305E+13 0.00025 
   44   44    1    1    1    1    1    1    1    1  4.44333E+13 0.00022 
   45   45    1    1    1    1    1    1    1    1  5.41151E+13 0.00030 
   46   46    1    1    1    1    1    1    1    1  8.48136E+13 0.00017 
   47   47    1    1    1    1    1    1    1    1  5.09715E+13 0.00018 
   48   48    1    1    1    1    1    1    1    1  6.45604E+13 0.00017 
   49   49    1    1    1    1    1    1    1    1  8.96343E+13 0.00017 
   50   50    1    1    1    1    1    1    1    1  7.60422E+13 0.00020 
   51   51    1    1    1    1    1    1    1    1  1.14582E+14 0.00014 
   52   52    1    1    1    1    1    1    1    1  8.96107E+13 0.00017 
   53   53    1    1    1    1    1    1    1    1  9.72724E+13 0.00017 
   54   54    1    1    1    1    1    1    1    1  7.16940E+13 0.00017 
   55   55    1    1    1    1    1    1    1    1  8.59441E+13 0.00021 
   56   56    1    1    1    1    1    1    1    1  6.36078E+13 0.00017 
   57   57    1    1    1    1    1    1    1    1  8.94119E+12 0.00026 
   58   58    1    1    1    1    1    1    1    1  1.20524E+14 0.00020 
   59   59    1    1    1    1    1    1    1    1  5.23133E+13 0.00024 
   60   60    1    1    1    1    1    1    1    1  5.81309E+13 0.00017 
   61   61    1    1    1    1    1    1    1    1  4.78489E+13 0.00019 
   62   62    1    1    1    1    1    1    1    1  4.81398E+13 0.00024 
   63   63    1    1    1    1    1    1    1    1  4.65906E+13 0.00019 
   64   64    1    1    1    1    1    1    1    1  3.88318E+13 0.00023 
   65   65    1    1    1    1    1    1    1    1  3.02845E+13 0.00023 
   66   66    1    1    1    1    1    1    1    1  2.87508E+13 0.00035 
   67   67    1    1    1    1    1    1    1    1  2.58870E+13 0.00027 
   68   68    1    1    1    1    1    1    1    1  2.16274E+13 0.00038 
   69   69    1    1    1    1    1    1    1    1  1.86810E+13 0.00039 
   70   70    1    1    1    1    1    1    1    1  2.30891E+13 0.00031 
   71   71    1    1    1    1    1    1    1    1  2.00031E+13 0.00044 
   72   72    1    1    1    1    1    1    1    1  3.83499E+13 0.00037 
   73   73    1    1    1    1    1    1    1    1  2.89720E+13 0.00037 
   74   74    1    1    1    1    1    1    1    1  2.31601E+13 0.00033 
   75   75    1    1    1    1    1    1    1    1  1.90059E+13 0.00049 
   76   76    1    1    1    1    1    1    1    1  1.54211E+13 0.00047 
   77   77    1    1    1    1    1    1    1    1  1.74740E+13 0.00055 
   78   78    1    1    1    1    1    1    1    1  1.34976E+13 0.00049 
   79   79    1    1    1    1    1    1    1    1  1.00494E+13 0.00039 
   80   80    1    1    1    1    1    1    1    1  1.04422E+13 0.00054 
   81   81    1    1    1    1    1    1    1    1  7.87548E+12 0.00073 
   82   82    1    1    1    1    1    1    1    1  6.12002E+12 0.00059 
   83   83    1    1    1    1    1    1    1    1  4.75921E+12 0.00119 
   84   84    1    1    1    1    1    1    1    1  4.43792E+12 0.00083 
   85   85    1    1    1    1    1    1    1    1  3.19361E+12 0.00110 
   86   86    1    1    1    1    1    1    1    1  2.30783E+12 0.00095 
   87   87    1    1    1    1    1    1    1    1  2.16414E+12 0.00132 
   88   88    1    1    1    1    1    1    1    1  1.34330E+12 0.00185 
   89   89    1    1    1    1    1    1    1    1  9.09460E+11 0.00239 
   90   90    1    1    1    1    1    1    1    1  5.29557E+11 0.00256 
   91   91    1    1    1    1    1    1    1    1  6.70993E+11 0.00223 
   92   92    1    1    1    1    1    1    1    1  0.00000E+00 0.00000 
   93   93    1    1    1    1    1    1    1    1  0.00000E+00 0.00000 
   94   94    1    1    1    1    1    1    1    1  0.00000E+00 0.00000 
   95   95    1    1    1    1    1    1    1    1  0.00000E+00 0.00000 
   96   96    1    1    1    1    1    1    1    1  0.00000E+00 0.00000 
   97   97    1    1    1    1    1    1    1    1  0.00000E+00 0.00000 
   98   98    1    1    1    1    1    1    1    1  0.00000E+00 0.00000 
   99   99    1    1    1    1    1    1    1    1  0.00000E+00 0.00000 
  100  100    1    1    1    1    1    1    1    1  0.00000E+00 0.00000 
];


