
DETdpaspec = [
    1    1    1    1    1    1    1    1    1    1  0.00000E+00 0.00000 
    2    2    1    1    1    1    1    1    1    1  0.00000E+00 0.00000 
    3    3    1    1    1    1    1    1    1    1  0.00000E+00 0.00000 
    4    4    1    1    1    1    1    1    1    1  0.00000E+00 0.00000 
    5    5    1    1    1    1    1    1    1    1  0.00000E+00 0.00000 
    6    6    1    1    1    1    1    1    1    1  0.00000E+00 0.00000 
    7    7    1    1    1    1    1    1    1    1  0.00000E+00 0.00000 
    8    8    1    1    1    1    1    1    1    1  0.00000E+00 0.00000 
    9    9    1    1    1    1    1    1    1    1  0.00000E+00 0.00000 
   10   10    1    1    1    1    1    1    1    1  0.00000E+00 0.00000 
   11   11    1    1    1    1    1    1    1    1  0.00000E+00 0.00000 
   12   12    1    1    1    1    1    1    1    1  0.00000E+00 0.00000 
   13   13    1    1    1    1    1    1    1    1  0.00000E+00 0.00000 
   14   14    1    1    1    1    1    1    1    1  0.00000E+00 0.00000 
   15   15    1    1    1    1    1    1    1    1  0.00000E+00 0.00000 
   16   16    1    1    1    1    1    1    1    1  0.00000E+00 0.00000 
   17   17    1    1    1    1    1    1    1    1  0.00000E+00 0.00000 
   18   18    1    1    1    1    1    1    1    1  0.00000E+00 0.00000 
   19   19    1    1    1    1    1    1    1    1  6.42190E+09 0.03401 
   20   20    1    1    1    1    1    1    1    1  1.32507E+09 0.03052 
   21   21    1    1    1    1    1    1    1    1  3.64604E+09 0.02867 
   22   22    1    1    1    1    1    1    1    1  4.34582E+09 0.02251 
   23   23    1    1    1    1    1    1    1    1  1.64057E+10 0.01228 
   24   24    1    1    1    1    1    1    1    1  4.76417E+10 0.00763 
   25   25    1    1    1    1    1    1    1    1  1.10762E+11 0.00501 
   26   26    1    1    1    1    1    1    1    1  1.79089E+11 0.00382 
   27   27    1    1    1    1    1    1    1    1  3.60360E+11 0.00318 
   28   28    1    1    1    1    1    1    1    1  6.36559E+11 0.00188 
   29   29    1    1    1    1    1    1    1    1  1.23203E+12 0.00155 
   30   30    1    1    1    1    1    1    1    1  1.54333E+12 0.00138 
   31   31    1    1    1    1    1    1    1    1  2.89277E+12 0.00080 
   32   32    1    1    1    1    1    1    1    1  5.42913E+12 0.00081 
   33   33    1    1    1    1    1    1    1    1  6.61899E+12 0.00051 
   34   34    1    1    1    1    1    1    1    1  1.13120E+13 0.00046 
   35   35    1    1    1    1    1    1    1    1  1.14664E+13 0.00064 
   36   36    1    1    1    1    1    1    1    1  1.47556E+13 0.00039 
   37   37    1    1    1    1    1    1    1    1  1.34678E+13 0.00035 
   38   38    1    1    1    1    1    1    1    1  4.22207E+12 0.00032 
   39   39    1    1    1    1    1    1    1    1  1.75943E+13 0.00027 
   40   40    1    1    1    1    1    1    1    1  1.91200E+13 0.00025 
   41   41    1    1    1    1    1    1    1    1  3.08360E+13 0.00021 
   42   42    1    1    1    1    1    1    1    1  2.80647E+13 0.00022 
   43   43    1    1    1    1    1    1    1    1  4.43503E+13 0.00022 
   44   44    1    1    1    1    1    1    1    1  4.44053E+13 0.00026 
   45   45    1    1    1    1    1    1    1    1  5.41215E+13 0.00027 
   46   46    1    1    1    1    1    1    1    1  8.47524E+13 0.00020 
   47   47    1    1    1    1    1    1    1    1  5.10269E+13 0.00016 
   48   48    1    1    1    1    1    1    1    1  6.43398E+13 0.00020 
   49   49    1    1    1    1    1    1    1    1  8.94520E+13 0.00017 
   50   50    1    1    1    1    1    1    1    1  7.55672E+13 0.00019 
   51   51    1    1    1    1    1    1    1    1  1.14243E+14 0.00019 
   52   52    1    1    1    1    1    1    1    1  8.90893E+13 0.00014 
   53   53    1    1    1    1    1    1    1    1  9.69222E+13 0.00011 
   54   54    1    1    1    1    1    1    1    1  7.13685E+13 0.00012 
   55   55    1    1    1    1    1    1    1    1  8.57927E+13 0.00012 
   56   56    1    1    1    1    1    1    1    1  6.34330E+13 0.00022 
   57   57    1    1    1    1    1    1    1    1  8.90621E+12 0.00043 
   58   58    1    1    1    1    1    1    1    1  1.20174E+14 0.00012 
   59   59    1    1    1    1    1    1    1    1  5.23533E+13 0.00022 
   60   60    1    1    1    1    1    1    1    1  5.80265E+13 0.00024 
   61   61    1    1    1    1    1    1    1    1  4.79324E+13 0.00018 
   62   62    1    1    1    1    1    1    1    1  4.82428E+13 0.00025 
   63   63    1    1    1    1    1    1    1    1  4.67270E+13 0.00027 
   64   64    1    1    1    1    1    1    1    1  3.89887E+13 0.00027 
   65   65    1    1    1    1    1    1    1    1  3.03879E+13 0.00031 
   66   66    1    1    1    1    1    1    1    1  2.88116E+13 0.00033 
   67   67    1    1    1    1    1    1    1    1  2.59792E+13 0.00036 
   68   68    1    1    1    1    1    1    1    1  2.16750E+13 0.00038 
   69   69    1    1    1    1    1    1    1    1  1.87114E+13 0.00038 
   70   70    1    1    1    1    1    1    1    1  2.31280E+13 0.00024 
   71   71    1    1    1    1    1    1    1    1  2.00080E+13 0.00037 
   72   72    1    1    1    1    1    1    1    1  3.82203E+13 0.00023 
   73   73    1    1    1    1    1    1    1    1  2.87974E+13 0.00026 
   74   74    1    1    1    1    1    1    1    1  2.30102E+13 0.00034 
   75   75    1    1    1    1    1    1    1    1  1.89628E+13 0.00041 
   76   76    1    1    1    1    1    1    1    1  1.54480E+13 0.00046 
   77   77    1    1    1    1    1    1    1    1  1.75306E+13 0.00049 
   78   78    1    1    1    1    1    1    1    1  1.36000E+13 0.00065 
   79   79    1    1    1    1    1    1    1    1  1.01609E+13 0.00055 
   80   80    1    1    1    1    1    1    1    1  1.05751E+13 0.00074 
   81   81    1    1    1    1    1    1    1    1  7.99000E+12 0.00078 
   82   82    1    1    1    1    1    1    1    1  6.22064E+12 0.00086 
   83   83    1    1    1    1    1    1    1    1  4.83627E+12 0.00088 
   84   84    1    1    1    1    1    1    1    1  4.52259E+12 0.00083 
   85   85    1    1    1    1    1    1    1    1  3.24643E+12 0.00074 
   86   86    1    1    1    1    1    1    1    1  2.34635E+12 0.00144 
   87   87    1    1    1    1    1    1    1    1  2.20188E+12 0.00148 
   88   88    1    1    1    1    1    1    1    1  1.36375E+12 0.00165 
   89   89    1    1    1    1    1    1    1    1  9.19977E+11 0.00148 
   90   90    1    1    1    1    1    1    1    1  5.31746E+11 0.00349 
   91   91    1    1    1    1    1    1    1    1  6.76978E+11 0.00286 
   92   92    1    1    1    1    1    1    1    1  0.00000E+00 0.00000 
   93   93    1    1    1    1    1    1    1    1  0.00000E+00 0.00000 
   94   94    1    1    1    1    1    1    1    1  0.00000E+00 0.00000 
   95   95    1    1    1    1    1    1    1    1  0.00000E+00 0.00000 
   96   96    1    1    1    1    1    1    1    1  0.00000E+00 0.00000 
   97   97    1    1    1    1    1    1    1    1  0.00000E+00 0.00000 
   98   98    1    1    1    1    1    1    1    1  0.00000E+00 0.00000 
   99   99    1    1    1    1    1    1    1    1  0.00000E+00 0.00000 
  100  100    1    1    1    1    1    1    1    1  0.00000E+00 0.00000 
];


