
DETdpaspec = [
    1    1    1    1    1    1    1    1    1    1  0.00000E+00 0.00000 
    2    2    1    1    1    1    1    1    1    1  0.00000E+00 0.00000 
    3    3    1    1    1    1    1    1    1    1  0.00000E+00 0.00000 
    4    4    1    1    1    1    1    1    1    1  0.00000E+00 0.00000 
    5    5    1    1    1    1    1    1    1    1  0.00000E+00 0.00000 
    6    6    1    1    1    1    1    1    1    1  0.00000E+00 0.00000 
    7    7    1    1    1    1    1    1    1    1  0.00000E+00 0.00000 
    8    8    1    1    1    1    1    1    1    1  0.00000E+00 0.00000 
    9    9    1    1    1    1    1    1    1    1  0.00000E+00 0.00000 
   10   10    1    1    1    1    1    1    1    1  0.00000E+00 0.00000 
   11   11    1    1    1    1    1    1    1    1  0.00000E+00 0.00000 
   12   12    1    1    1    1    1    1    1    1  0.00000E+00 0.00000 
   13   13    1    1    1    1    1    1    1    1  0.00000E+00 0.00000 
   14   14    1    1    1    1    1    1    1    1  0.00000E+00 0.00000 
   15   15    1    1    1    1    1    1    1    1  0.00000E+00 0.00000 
   16   16    1    1    1    1    1    1    1    1  0.00000E+00 0.00000 
   17   17    1    1    1    1    1    1    1    1  0.00000E+00 0.00000 
   18   18    1    1    1    1    1    1    1    1  0.00000E+00 0.00000 
   19   19    1    1    1    1    1    1    1    1  7.62205E+09 0.03017 
   20   20    1    1    1    1    1    1    1    1  1.72889E+09 0.02617 
   21   21    1    1    1    1    1    1    1    1  4.78265E+09 0.02766 
   22   22    1    1    1    1    1    1    1    1  5.03550E+09 0.02077 
   23   23    1    1    1    1    1    1    1    1  1.69887E+10 0.01448 
   24   24    1    1    1    1    1    1    1    1  4.41824E+10 0.00452 
   25   25    1    1    1    1    1    1    1    1  9.96152E+10 0.00487 
   26   26    1    1    1    1    1    1    1    1  1.62973E+11 0.00393 
   27   27    1    1    1    1    1    1    1    1  3.28917E+11 0.00289 
   28   28    1    1    1    1    1    1    1    1  5.93082E+11 0.00247 
   29   29    1    1    1    1    1    1    1    1  1.14868E+12 0.00117 
   30   30    1    1    1    1    1    1    1    1  1.42011E+12 0.00141 
   31   31    1    1    1    1    1    1    1    1  2.76863E+12 0.00095 
   32   32    1    1    1    1    1    1    1    1  5.24077E+12 0.00087 
   33   33    1    1    1    1    1    1    1    1  6.43574E+12 0.00064 
   34   34    1    1    1    1    1    1    1    1  1.11022E+13 0.00055 
   35   35    1    1    1    1    1    1    1    1  1.11345E+13 0.00038 
   36   36    1    1    1    1    1    1    1    1  1.46124E+13 0.00037 
   37   37    1    1    1    1    1    1    1    1  1.34098E+13 0.00034 
   38   38    1    1    1    1    1    1    1    1  4.23009E+12 0.00035 
   39   39    1    1    1    1    1    1    1    1  1.75452E+13 0.00032 
   40   40    1    1    1    1    1    1    1    1  1.91013E+13 0.00026 
   41   41    1    1    1    1    1    1    1    1  3.07031E+13 0.00024 
   42   42    1    1    1    1    1    1    1    1  2.81039E+13 0.00024 
   43   43    1    1    1    1    1    1    1    1  4.43115E+13 0.00028 
   44   44    1    1    1    1    1    1    1    1  4.43852E+13 0.00028 
   45   45    1    1    1    1    1    1    1    1  5.40914E+13 0.00017 
   46   46    1    1    1    1    1    1    1    1  8.47372E+13 0.00018 
   47   47    1    1    1    1    1    1    1    1  5.09790E+13 0.00024 
   48   48    1    1    1    1    1    1    1    1  6.44884E+13 0.00017 
   49   49    1    1    1    1    1    1    1    1  8.95418E+13 0.00018 
   50   50    1    1    1    1    1    1    1    1  7.59114E+13 0.00013 
   51   51    1    1    1    1    1    1    1    1  1.14516E+14 0.00010 
   52   52    1    1    1    1    1    1    1    1  8.95310E+13 0.00022 
   53   53    1    1    1    1    1    1    1    1  9.72246E+13 0.00014 
   54   54    1    1    1    1    1    1    1    1  7.16338E+13 0.00018 
   55   55    1    1    1    1    1    1    1    1  8.59048E+13 0.00015 
   56   56    1    1    1    1    1    1    1    1  6.35794E+13 0.00024 
   57   57    1    1    1    1    1    1    1    1  8.93683E+12 0.00035 
   58   58    1    1    1    1    1    1    1    1  1.20489E+14 0.00012 
   59   59    1    1    1    1    1    1    1    1  5.23442E+13 0.00025 
   60   60    1    1    1    1    1    1    1    1  5.81318E+13 0.00022 
   61   61    1    1    1    1    1    1    1    1  4.79015E+13 0.00020 
   62   62    1    1    1    1    1    1    1    1  4.81924E+13 0.00026 
   63   63    1    1    1    1    1    1    1    1  4.66709E+13 0.00025 
   64   64    1    1    1    1    1    1    1    1  3.89186E+13 0.00024 
   65   65    1    1    1    1    1    1    1    1  3.03304E+13 0.00035 
   66   66    1    1    1    1    1    1    1    1  2.87627E+13 0.00032 
   67   67    1    1    1    1    1    1    1    1  2.59127E+13 0.00036 
   68   68    1    1    1    1    1    1    1    1  2.16444E+13 0.00040 
   69   69    1    1    1    1    1    1    1    1  1.87000E+13 0.00034 
   70   70    1    1    1    1    1    1    1    1  2.31032E+13 0.00026 
   71   71    1    1    1    1    1    1    1    1  2.00108E+13 0.00028 
   72   72    1    1    1    1    1    1    1    1  3.83341E+13 0.00027 
   73   73    1    1    1    1    1    1    1    1  2.89500E+13 0.00029 
   74   74    1    1    1    1    1    1    1    1  2.31287E+13 0.00023 
   75   75    1    1    1    1    1    1    1    1  1.90095E+13 0.00056 
   76   76    1    1    1    1    1    1    1    1  1.54534E+13 0.00040 
   77   77    1    1    1    1    1    1    1    1  1.74986E+13 0.00038 
   78   78    1    1    1    1    1    1    1    1  1.35325E+13 0.00042 
   79   79    1    1    1    1    1    1    1    1  1.00682E+13 0.00065 
   80   80    1    1    1    1    1    1    1    1  1.04690E+13 0.00057 
   81   81    1    1    1    1    1    1    1    1  7.91217E+12 0.00083 
   82   82    1    1    1    1    1    1    1    1  6.13840E+12 0.00087 
   83   83    1    1    1    1    1    1    1    1  4.77301E+12 0.00099 
   84   84    1    1    1    1    1    1    1    1  4.45962E+12 0.00087 
   85   85    1    1    1    1    1    1    1    1  3.20831E+12 0.00098 
   86   86    1    1    1    1    1    1    1    1  2.31404E+12 0.00099 
   87   87    1    1    1    1    1    1    1    1  2.17293E+12 0.00127 
   88   88    1    1    1    1    1    1    1    1  1.35054E+12 0.00194 
   89   89    1    1    1    1    1    1    1    1  9.16932E+11 0.00211 
   90   90    1    1    1    1    1    1    1    1  5.27404E+11 0.00254 
   91   91    1    1    1    1    1    1    1    1  6.76293E+11 0.00263 
   92   92    1    1    1    1    1    1    1    1  0.00000E+00 0.00000 
   93   93    1    1    1    1    1    1    1    1  0.00000E+00 0.00000 
   94   94    1    1    1    1    1    1    1    1  0.00000E+00 0.00000 
   95   95    1    1    1    1    1    1    1    1  0.00000E+00 0.00000 
   96   96    1    1    1    1    1    1    1    1  0.00000E+00 0.00000 
   97   97    1    1    1    1    1    1    1    1  0.00000E+00 0.00000 
   98   98    1    1    1    1    1    1    1    1  0.00000E+00 0.00000 
   99   99    1    1    1    1    1    1    1    1  0.00000E+00 0.00000 
  100  100    1    1    1    1    1    1    1    1  0.00000E+00 0.00000 
];


