
DETdpaspec = [
    1    1    1    1    1    1    1    1    1    1  0.00000E+00 0.00000 
    2    2    1    1    1    1    1    1    1    1  0.00000E+00 0.00000 
    3    3    1    1    1    1    1    1    1    1  0.00000E+00 0.00000 
    4    4    1    1    1    1    1    1    1    1  0.00000E+00 0.00000 
    5    5    1    1    1    1    1    1    1    1  0.00000E+00 0.00000 
    6    6    1    1    1    1    1    1    1    1  0.00000E+00 0.00000 
    7    7    1    1    1    1    1    1    1    1  0.00000E+00 0.00000 
    8    8    1    1    1    1    1    1    1    1  0.00000E+00 0.00000 
    9    9    1    1    1    1    1    1    1    1  0.00000E+00 0.00000 
   10   10    1    1    1    1    1    1    1    1  0.00000E+00 0.00000 
   11   11    1    1    1    1    1    1    1    1  0.00000E+00 0.00000 
   12   12    1    1    1    1    1    1    1    1  0.00000E+00 0.00000 
   13   13    1    1    1    1    1    1    1    1  0.00000E+00 0.00000 
   14   14    1    1    1    1    1    1    1    1  0.00000E+00 0.00000 
   15   15    1    1    1    1    1    1    1    1  0.00000E+00 0.00000 
   16   16    1    1    1    1    1    1    1    1  0.00000E+00 0.00000 
   17   17    1    1    1    1    1    1    1    1  0.00000E+00 0.00000 
   18   18    1    1    1    1    1    1    1    1  0.00000E+00 0.00000 
   19   19    1    1    1    1    1    1    1    1  8.00460E+09 0.01905 
   20   20    1    1    1    1    1    1    1    1  1.71453E+09 0.02547 
   21   21    1    1    1    1    1    1    1    1  4.63959E+09 0.03719 
   22   22    1    1    1    1    1    1    1    1  5.03929E+09 0.02117 
   23   23    1    1    1    1    1    1    1    1  1.71660E+10 0.01507 
   24   24    1    1    1    1    1    1    1    1  4.39536E+10 0.00680 
   25   25    1    1    1    1    1    1    1    1  9.95471E+10 0.00601 
   26   26    1    1    1    1    1    1    1    1  1.62734E+11 0.00386 
   27   27    1    1    1    1    1    1    1    1  3.28758E+11 0.00222 
   28   28    1    1    1    1    1    1    1    1  5.91332E+11 0.00235 
   29   29    1    1    1    1    1    1    1    1  1.14631E+12 0.00119 
   30   30    1    1    1    1    1    1    1    1  1.41515E+12 0.00111 
   31   31    1    1    1    1    1    1    1    1  2.76284E+12 0.00100 
   32   32    1    1    1    1    1    1    1    1  5.22942E+12 0.00070 
   33   33    1    1    1    1    1    1    1    1  6.42146E+12 0.00068 
   34   34    1    1    1    1    1    1    1    1  1.10917E+13 0.00037 
   35   35    1    1    1    1    1    1    1    1  1.11311E+13 0.00042 
   36   36    1    1    1    1    1    1    1    1  1.46121E+13 0.00035 
   37   37    1    1    1    1    1    1    1    1  1.34069E+13 0.00034 
   38   38    1    1    1    1    1    1    1    1  4.22936E+12 0.00039 
   39   39    1    1    1    1    1    1    1    1  1.75400E+13 0.00039 
   40   40    1    1    1    1    1    1    1    1  1.90910E+13 0.00031 
   41   41    1    1    1    1    1    1    1    1  3.06881E+13 0.00030 
   42   42    1    1    1    1    1    1    1    1  2.80970E+13 0.00026 
   43   43    1    1    1    1    1    1    1    1  4.42975E+13 0.00027 
   44   44    1    1    1    1    1    1    1    1  4.43876E+13 0.00025 
   45   45    1    1    1    1    1    1    1    1  5.40747E+13 0.00031 
   46   46    1    1    1    1    1    1    1    1  8.47558E+13 0.00019 
   47   47    1    1    1    1    1    1    1    1  5.09931E+13 0.00018 
   48   48    1    1    1    1    1    1    1    1  6.44966E+13 0.00020 
   49   49    1    1    1    1    1    1    1    1  8.95778E+13 0.00013 
   50   50    1    1    1    1    1    1    1    1  7.59356E+13 0.00016 
   51   51    1    1    1    1    1    1    1    1  1.14545E+14 0.00016 
   52   52    1    1    1    1    1    1    1    1  8.95541E+13 0.00014 
   53   53    1    1    1    1    1    1    1    1  9.72349E+13 0.00012 
   54   54    1    1    1    1    1    1    1    1  7.16521E+13 0.00011 
   55   55    1    1    1    1    1    1    1    1  8.59275E+13 0.00014 
   56   56    1    1    1    1    1    1    1    1  6.36013E+13 0.00017 
   57   57    1    1    1    1    1    1    1    1  8.94001E+12 0.00030 
   58   58    1    1    1    1    1    1    1    1  1.20488E+14 0.00016 
   59   59    1    1    1    1    1    1    1    1  5.23227E+13 0.00026 
   60   60    1    1    1    1    1    1    1    1  5.81356E+13 0.00025 
   61   61    1    1    1    1    1    1    1    1  4.78879E+13 0.00026 
   62   62    1    1    1    1    1    1    1    1  4.82033E+13 0.00030 
   63   63    1    1    1    1    1    1    1    1  4.66435E+13 0.00025 
   64   64    1    1    1    1    1    1    1    1  3.88861E+13 0.00032 
   65   65    1    1    1    1    1    1    1    1  3.03076E+13 0.00041 
   66   66    1    1    1    1    1    1    1    1  2.87663E+13 0.00027 
   67   67    1    1    1    1    1    1    1    1  2.59094E+13 0.00039 
   68   68    1    1    1    1    1    1    1    1  2.16521E+13 0.00046 
   69   69    1    1    1    1    1    1    1    1  1.86889E+13 0.00044 
   70   70    1    1    1    1    1    1    1    1  2.30897E+13 0.00043 
   71   71    1    1    1    1    1    1    1    1  2.00059E+13 0.00035 
   72   72    1    1    1    1    1    1    1    1  3.83319E+13 0.00030 
   73   73    1    1    1    1    1    1    1    1  2.89504E+13 0.00036 
   74   74    1    1    1    1    1    1    1    1  2.31458E+13 0.00030 
   75   75    1    1    1    1    1    1    1    1  1.90285E+13 0.00033 
   76   76    1    1    1    1    1    1    1    1  1.54526E+13 0.00047 
   77   77    1    1    1    1    1    1    1    1  1.74993E+13 0.00040 
   78   78    1    1    1    1    1    1    1    1  1.35373E+13 0.00041 
   79   79    1    1    1    1    1    1    1    1  1.00753E+13 0.00047 
   80   80    1    1    1    1    1    1    1    1  1.04688E+13 0.00065 
   81   81    1    1    1    1    1    1    1    1  7.90298E+12 0.00069 
   82   82    1    1    1    1    1    1    1    1  6.14533E+12 0.00069 
   83   83    1    1    1    1    1    1    1    1  4.77751E+12 0.00060 
   84   84    1    1    1    1    1    1    1    1  4.45908E+12 0.00101 
   85   85    1    1    1    1    1    1    1    1  3.20524E+12 0.00125 
   86   86    1    1    1    1    1    1    1    1  2.31491E+12 0.00106 
   87   87    1    1    1    1    1    1    1    1  2.16395E+12 0.00129 
   88   88    1    1    1    1    1    1    1    1  1.34539E+12 0.00123 
   89   89    1    1    1    1    1    1    1    1  9.10225E+11 0.00180 
   90   90    1    1    1    1    1    1    1    1  5.25179E+11 0.00206 
   91   91    1    1    1    1    1    1    1    1  6.75236E+11 0.00291 
   92   92    1    1    1    1    1    1    1    1  0.00000E+00 0.00000 
   93   93    1    1    1    1    1    1    1    1  0.00000E+00 0.00000 
   94   94    1    1    1    1    1    1    1    1  0.00000E+00 0.00000 
   95   95    1    1    1    1    1    1    1    1  0.00000E+00 0.00000 
   96   96    1    1    1    1    1    1    1    1  0.00000E+00 0.00000 
   97   97    1    1    1    1    1    1    1    1  0.00000E+00 0.00000 
   98   98    1    1    1    1    1    1    1    1  0.00000E+00 0.00000 
   99   99    1    1    1    1    1    1    1    1  0.00000E+00 0.00000 
  100  100    1    1    1    1    1    1    1    1  0.00000E+00 0.00000 
];


