
DETdpaspec = [
    1    1    1    1    1    1    1    1    1    1  0.00000E+00 0.00000 
    2    2    1    1    1    1    1    1    1    1  0.00000E+00 0.00000 
    3    3    1    1    1    1    1    1    1    1  0.00000E+00 0.00000 
    4    4    1    1    1    1    1    1    1    1  0.00000E+00 0.00000 
    5    5    1    1    1    1    1    1    1    1  0.00000E+00 0.00000 
    6    6    1    1    1    1    1    1    1    1  0.00000E+00 0.00000 
    7    7    1    1    1    1    1    1    1    1  0.00000E+00 0.00000 
    8    8    1    1    1    1    1    1    1    1  0.00000E+00 0.00000 
    9    9    1    1    1    1    1    1    1    1  0.00000E+00 0.00000 
   10   10    1    1    1    1    1    1    1    1  0.00000E+00 0.00000 
   11   11    1    1    1    1    1    1    1    1  0.00000E+00 0.00000 
   12   12    1    1    1    1    1    1    1    1  0.00000E+00 0.00000 
   13   13    1    1    1    1    1    1    1    1  0.00000E+00 0.00000 
   14   14    1    1    1    1    1    1    1    1  0.00000E+00 0.00000 
   15   15    1    1    1    1    1    1    1    1  0.00000E+00 0.00000 
   16   16    1    1    1    1    1    1    1    1  0.00000E+00 0.00000 
   17   17    1    1    1    1    1    1    1    1  0.00000E+00 0.00000 
   18   18    1    1    1    1    1    1    1    1  0.00000E+00 0.00000 
   19   19    1    1    1    1    1    1    1    1  1.06271E+10 0.02060 
   20   20    1    1    1    1    1    1    1    1  2.48732E+09 0.02286 
   21   21    1    1    1    1    1    1    1    1  6.69107E+09 0.02689 
   22   22    1    1    1    1    1    1    1    1  6.63442E+09 0.01915 
   23   23    1    1    1    1    1    1    1    1  2.06390E+10 0.01098 
   24   24    1    1    1    1    1    1    1    1  4.67578E+10 0.00760 
   25   25    1    1    1    1    1    1    1    1  9.81679E+10 0.00474 
   26   26    1    1    1    1    1    1    1    1  1.58417E+11 0.00290 
   27   27    1    1    1    1    1    1    1    1  3.18287E+11 0.00227 
   28   28    1    1    1    1    1    1    1    1  5.80768E+11 0.00169 
   29   29    1    1    1    1    1    1    1    1  1.11353E+12 0.00134 
   30   30    1    1    1    1    1    1    1    1  1.33606E+12 0.00145 
   31   31    1    1    1    1    1    1    1    1  2.73371E+12 0.00093 
   32   32    1    1    1    1    1    1    1    1  5.19433E+12 0.00077 
   33   33    1    1    1    1    1    1    1    1  6.39162E+12 0.00062 
   34   34    1    1    1    1    1    1    1    1  1.10910E+13 0.00036 
   35   35    1    1    1    1    1    1    1    1  1.09500E+13 0.00050 
   36   36    1    1    1    1    1    1    1    1  1.47309E+13 0.00031 
   37   37    1    1    1    1    1    1    1    1  1.35576E+13 0.00021 
   38   38    1    1    1    1    1    1    1    1  4.30664E+12 0.00023 
   39   39    1    1    1    1    1    1    1    1  1.76977E+13 0.00024 
   40   40    1    1    1    1    1    1    1    1  1.92884E+13 0.00037 
   41   41    1    1    1    1    1    1    1    1  3.08170E+13 0.00039 
   42   42    1    1    1    1    1    1    1    1  2.84105E+13 0.00029 
   43   43    1    1    1    1    1    1    1    1  4.45608E+13 0.00026 
   44   44    1    1    1    1    1    1    1    1  4.46316E+13 0.00028 
   45   45    1    1    1    1    1    1    1    1  5.43065E+13 0.00019 
   46   46    1    1    1    1    1    1    1    1  8.50543E+13 0.00015 
   47   47    1    1    1    1    1    1    1    1  5.10331E+13 0.00015 
   48   48    1    1    1    1    1    1    1    1  6.47948E+13 0.00022 
   49   49    1    1    1    1    1    1    1    1  8.98332E+13 0.00016 
   50   50    1    1    1    1    1    1    1    1  7.64008E+13 0.00018 
   51   51    1    1    1    1    1    1    1    1  1.14801E+14 0.00015 
   52   52    1    1    1    1    1    1    1    1  8.99847E+13 0.00019 
   53   53    1    1    1    1    1    1    1    1  9.74786E+13 0.00014 
   54   54    1    1    1    1    1    1    1    1  7.18411E+13 0.00016 
   55   55    1    1    1    1    1    1    1    1  8.59021E+13 0.00019 
   56   56    1    1    1    1    1    1    1    1  6.36345E+13 0.00023 
   57   57    1    1    1    1    1    1    1    1  8.95835E+12 0.00043 
   58   58    1    1    1    1    1    1    1    1  1.20623E+14 0.00014 
   59   59    1    1    1    1    1    1    1    1  5.21370E+13 0.00023 
   60   60    1    1    1    1    1    1    1    1  5.80803E+13 0.00019 
   61   61    1    1    1    1    1    1    1    1  4.76508E+13 0.00020 
   62   62    1    1    1    1    1    1    1    1  4.79687E+13 0.00021 
   63   63    1    1    1    1    1    1    1    1  4.63817E+13 0.00020 
   64   64    1    1    1    1    1    1    1    1  3.86338E+13 0.00022 
   65   65    1    1    1    1    1    1    1    1  3.00833E+13 0.00026 
   66   66    1    1    1    1    1    1    1    1  2.86076E+13 0.00027 
   67   67    1    1    1    1    1    1    1    1  2.57067E+13 0.00033 
   68   68    1    1    1    1    1    1    1    1  2.14945E+13 0.00038 
   69   69    1    1    1    1    1    1    1    1  1.85786E+13 0.00036 
   70   70    1    1    1    1    1    1    1    1  2.29467E+13 0.00042 
   71   71    1    1    1    1    1    1    1    1  1.98689E+13 0.00036 
   72   72    1    1    1    1    1    1    1    1  3.82844E+13 0.00036 
   73   73    1    1    1    1    1    1    1    1  2.89956E+13 0.00031 
   74   74    1    1    1    1    1    1    1    1  2.31707E+13 0.00046 
   75   75    1    1    1    1    1    1    1    1  1.89386E+13 0.00039 
   76   76    1    1    1    1    1    1    1    1  1.53441E+13 0.00060 
   77   77    1    1    1    1    1    1    1    1  1.73259E+13 0.00041 
   78   78    1    1    1    1    1    1    1    1  1.33256E+13 0.00041 
   79   79    1    1    1    1    1    1    1    1  9.89829E+12 0.00040 
   80   80    1    1    1    1    1    1    1    1  1.02568E+13 0.00055 
   81   81    1    1    1    1    1    1    1    1  7.73674E+12 0.00066 
   82   82    1    1    1    1    1    1    1    1  6.00512E+12 0.00057 
   83   83    1    1    1    1    1    1    1    1  4.65234E+12 0.00070 
   84   84    1    1    1    1    1    1    1    1  4.34929E+12 0.00101 
   85   85    1    1    1    1    1    1    1    1  3.12275E+12 0.00105 
   86   86    1    1    1    1    1    1    1    1  2.25743E+12 0.00133 
   87   87    1    1    1    1    1    1    1    1  2.11323E+12 0.00155 
   88   88    1    1    1    1    1    1    1    1  1.31006E+12 0.00179 
   89   89    1    1    1    1    1    1    1    1  8.94506E+11 0.00195 
   90   90    1    1    1    1    1    1    1    1  5.17162E+11 0.00243 
   91   91    1    1    1    1    1    1    1    1  6.55305E+11 0.00222 
   92   92    1    1    1    1    1    1    1    1  0.00000E+00 0.00000 
   93   93    1    1    1    1    1    1    1    1  0.00000E+00 0.00000 
   94   94    1    1    1    1    1    1    1    1  0.00000E+00 0.00000 
   95   95    1    1    1    1    1    1    1    1  0.00000E+00 0.00000 
   96   96    1    1    1    1    1    1    1    1  0.00000E+00 0.00000 
   97   97    1    1    1    1    1    1    1    1  0.00000E+00 0.00000 
   98   98    1    1    1    1    1    1    1    1  0.00000E+00 0.00000 
   99   99    1    1    1    1    1    1    1    1  0.00000E+00 0.00000 
  100  100    1    1    1    1    1    1    1    1  0.00000E+00 0.00000 
];


