
DETdpaspec = [
    1    1    1    1    1    1    1    1    1    1  0.00000E+00 0.00000 
    2    2    1    1    1    1    1    1    1    1  0.00000E+00 0.00000 
    3    3    1    1    1    1    1    1    1    1  0.00000E+00 0.00000 
    4    4    1    1    1    1    1    1    1    1  0.00000E+00 0.00000 
    5    5    1    1    1    1    1    1    1    1  0.00000E+00 0.00000 
    6    6    1    1    1    1    1    1    1    1  0.00000E+00 0.00000 
    7    7    1    1    1    1    1    1    1    1  0.00000E+00 0.00000 
    8    8    1    1    1    1    1    1    1    1  0.00000E+00 0.00000 
    9    9    1    1    1    1    1    1    1    1  0.00000E+00 0.00000 
   10   10    1    1    1    1    1    1    1    1  0.00000E+00 0.00000 
   11   11    1    1    1    1    1    1    1    1  0.00000E+00 0.00000 
   12   12    1    1    1    1    1    1    1    1  0.00000E+00 0.00000 
   13   13    1    1    1    1    1    1    1    1  0.00000E+00 0.00000 
   14   14    1    1    1    1    1    1    1    1  0.00000E+00 0.00000 
   15   15    1    1    1    1    1    1    1    1  0.00000E+00 0.00000 
   16   16    1    1    1    1    1    1    1    1  0.00000E+00 0.00000 
   17   17    1    1    1    1    1    1    1    1  0.00000E+00 0.00000 
   18   18    1    1    1    1    1    1    1    1  0.00000E+00 0.00000 
   19   19    1    1    1    1    1    1    1    1  5.24082E+09 0.05106 
   20   20    1    1    1    1    1    1    1    1  1.06925E+09 0.03812 
   21   21    1    1    1    1    1    1    1    1  3.43678E+09 0.02519 
   22   22    1    1    1    1    1    1    1    1  5.18535E+09 0.01786 
   23   23    1    1    1    1    1    1    1    1  2.35636E+10 0.00721 
   24   24    1    1    1    1    1    1    1    1  7.56009E+10 0.00556 
   25   25    1    1    1    1    1    1    1    1  1.73736E+11 0.00277 
   26   26    1    1    1    1    1    1    1    1  2.71110E+11 0.00358 
   27   27    1    1    1    1    1    1    1    1  5.14242E+11 0.00252 
   28   28    1    1    1    1    1    1    1    1  8.56786E+11 0.00151 
   29   29    1    1    1    1    1    1    1    1  1.58744E+12 0.00118 
   30   30    1    1    1    1    1    1    1    1  2.01689E+12 0.00083 
   31   31    1    1    1    1    1    1    1    1  3.46281E+12 0.00093 
   32   32    1    1    1    1    1    1    1    1  6.25180E+12 0.00081 
   33   33    1    1    1    1    1    1    1    1  7.47229E+12 0.00064 
   34   34    1    1    1    1    1    1    1    1  1.23923E+13 0.00047 
   35   35    1    1    1    1    1    1    1    1  1.27148E+13 0.00038 
   36   36    1    1    1    1    1    1    1    1  1.56264E+13 0.00030 
   37   37    1    1    1    1    1    1    1    1  1.40198E+13 0.00024 
   38   38    1    1    1    1    1    1    1    1  4.33495E+12 0.00027 
   39   39    1    1    1    1    1    1    1    1  1.81963E+13 0.00025 
   40   40    1    1    1    1    1    1    1    1  1.96372E+13 0.00030 
   41   41    1    1    1    1    1    1    1    1  3.17358E+13 0.00029 
   42   42    1    1    1    1    1    1    1    1  2.85093E+13 0.00023 
   43   43    1    1    1    1    1    1    1    1  4.51036E+13 0.00022 
   44   44    1    1    1    1    1    1    1    1  4.49994E+13 0.00022 
   45   45    1    1    1    1    1    1    1    1  5.46955E+13 0.00012 
   46   46    1    1    1    1    1    1    1    1  8.53695E+13 0.00014 
   47   47    1    1    1    1    1    1    1    1  5.13517E+13 0.00013 
   48   48    1    1    1    1    1    1    1    1  6.43463E+13 0.00022 
   49   49    1    1    1    1    1    1    1    1  8.93926E+13 0.00013 
   50   50    1    1    1    1    1    1    1    1  7.50403E+13 0.00018 
   51   51    1    1    1    1    1    1    1    1  1.13657E+14 0.00017 
   52   52    1    1    1    1    1    1    1    1  8.82108E+13 0.00013 
   53   53    1    1    1    1    1    1    1    1  9.61033E+13 0.00016 
   54   54    1    1    1    1    1    1    1    1  7.06632E+13 0.00014 
   55   55    1    1    1    1    1    1    1    1  8.51327E+13 0.00014 
   56   56    1    1    1    1    1    1    1    1  6.28300E+13 0.00016 
   57   57    1    1    1    1    1    1    1    1  8.80972E+12 0.00042 
   58   58    1    1    1    1    1    1    1    1  1.18906E+14 0.00014 
   59   59    1    1    1    1    1    1    1    1  5.20792E+13 0.00019 
   60   60    1    1    1    1    1    1    1    1  5.74594E+13 0.00018 
   61   61    1    1    1    1    1    1    1    1  4.76469E+13 0.00029 
   62   62    1    1    1    1    1    1    1    1  4.79125E+13 0.00023 
   63   63    1    1    1    1    1    1    1    1  4.64390E+13 0.00024 
   64   64    1    1    1    1    1    1    1    1  3.87551E+13 0.00031 
   65   65    1    1    1    1    1    1    1    1  3.01992E+13 0.00042 
   66   66    1    1    1    1    1    1    1    1  2.85267E+13 0.00026 
   67   67    1    1    1    1    1    1    1    1  2.57795E+13 0.00029 
   68   68    1    1    1    1    1    1    1    1  2.14592E+13 0.00035 
   69   69    1    1    1    1    1    1    1    1  1.84979E+13 0.00034 
   70   70    1    1    1    1    1    1    1    1  2.28736E+13 0.00043 
   71   71    1    1    1    1    1    1    1    1  1.97703E+13 0.00031 
   72   72    1    1    1    1    1    1    1    1  3.74547E+13 0.00039 
   73   73    1    1    1    1    1    1    1    1  2.80738E+13 0.00043 
   74   74    1    1    1    1    1    1    1    1  2.24287E+13 0.00029 
   75   75    1    1    1    1    1    1    1    1  1.85393E+13 0.00046 
   76   76    1    1    1    1    1    1    1    1  1.51843E+13 0.00054 
   77   77    1    1    1    1    1    1    1    1  1.73119E+13 0.00049 
   78   78    1    1    1    1    1    1    1    1  1.35014E+13 0.00064 
   79   79    1    1    1    1    1    1    1    1  1.00975E+13 0.00054 
   80   80    1    1    1    1    1    1    1    1  1.05593E+13 0.00051 
   81   81    1    1    1    1    1    1    1    1  7.99589E+12 0.00058 
   82   82    1    1    1    1    1    1    1    1  6.23470E+12 0.00077 
   83   83    1    1    1    1    1    1    1    1  4.84666E+12 0.00073 
   84   84    1    1    1    1    1    1    1    1  4.53489E+12 0.00093 
   85   85    1    1    1    1    1    1    1    1  3.25917E+12 0.00069 
   86   86    1    1    1    1    1    1    1    1  2.36452E+12 0.00142 
   87   87    1    1    1    1    1    1    1    1  2.21441E+12 0.00101 
   88   88    1    1    1    1    1    1    1    1  1.36584E+12 0.00155 
   89   89    1    1    1    1    1    1    1    1  9.24149E+11 0.00202 
   90   90    1    1    1    1    1    1    1    1  5.34742E+11 0.00232 
   91   91    1    1    1    1    1    1    1    1  6.76503E+11 0.00249 
   92   92    1    1    1    1    1    1    1    1  0.00000E+00 0.00000 
   93   93    1    1    1    1    1    1    1    1  0.00000E+00 0.00000 
   94   94    1    1    1    1    1    1    1    1  0.00000E+00 0.00000 
   95   95    1    1    1    1    1    1    1    1  0.00000E+00 0.00000 
   96   96    1    1    1    1    1    1    1    1  0.00000E+00 0.00000 
   97   97    1    1    1    1    1    1    1    1  0.00000E+00 0.00000 
   98   98    1    1    1    1    1    1    1    1  0.00000E+00 0.00000 
   99   99    1    1    1    1    1    1    1    1  0.00000E+00 0.00000 
  100  100    1    1    1    1    1    1    1    1  0.00000E+00 0.00000 
];


