
DETdpaspec = [
    1    1    1    1    1    1    1    1    1    1  0.00000E+00 0.00000 
    2    2    1    1    1    1    1    1    1    1  0.00000E+00 0.00000 
    3    3    1    1    1    1    1    1    1    1  0.00000E+00 0.00000 
    4    4    1    1    1    1    1    1    1    1  0.00000E+00 0.00000 
    5    5    1    1    1    1    1    1    1    1  0.00000E+00 0.00000 
    6    6    1    1    1    1    1    1    1    1  0.00000E+00 0.00000 
    7    7    1    1    1    1    1    1    1    1  0.00000E+00 0.00000 
    8    8    1    1    1    1    1    1    1    1  0.00000E+00 0.00000 
    9    9    1    1    1    1    1    1    1    1  0.00000E+00 0.00000 
   10   10    1    1    1    1    1    1    1    1  0.00000E+00 0.00000 
   11   11    1    1    1    1    1    1    1    1  0.00000E+00 0.00000 
   12   12    1    1    1    1    1    1    1    1  0.00000E+00 0.00000 
   13   13    1    1    1    1    1    1    1    1  0.00000E+00 0.00000 
   14   14    1    1    1    1    1    1    1    1  0.00000E+00 0.00000 
   15   15    1    1    1    1    1    1    1    1  0.00000E+00 0.00000 
   16   16    1    1    1    1    1    1    1    1  0.00000E+00 0.00000 
   17   17    1    1    1    1    1    1    1    1  0.00000E+00 0.00000 
   18   18    1    1    1    1    1    1    1    1  0.00000E+00 0.00000 
   19   19    1    1    1    1    1    1    1    1  1.09625E+10 0.02710 
   20   20    1    1    1    1    1    1    1    1  2.57329E+09 0.01881 
   21   21    1    1    1    1    1    1    1    1  6.81430E+09 0.01510 
   22   22    1    1    1    1    1    1    1    1  6.75230E+09 0.01605 
   23   23    1    1    1    1    1    1    1    1  2.11358E+10 0.01052 
   24   24    1    1    1    1    1    1    1    1  4.73699E+10 0.00670 
   25   25    1    1    1    1    1    1    1    1  9.90780E+10 0.00399 
   26   26    1    1    1    1    1    1    1    1  1.58771E+11 0.00468 
   27   27    1    1    1    1    1    1    1    1  3.21023E+11 0.00244 
   28   28    1    1    1    1    1    1    1    1  5.80988E+11 0.00182 
   29   29    1    1    1    1    1    1    1    1  1.11233E+12 0.00116 
   30   30    1    1    1    1    1    1    1    1  1.33386E+12 0.00097 
   31   31    1    1    1    1    1    1    1    1  2.73826E+12 0.00075 
   32   32    1    1    1    1    1    1    1    1  5.20027E+12 0.00073 
   33   33    1    1    1    1    1    1    1    1  6.39600E+12 0.00065 
   34   34    1    1    1    1    1    1    1    1  1.11136E+13 0.00043 
   35   35    1    1    1    1    1    1    1    1  1.09550E+13 0.00046 
   36   36    1    1    1    1    1    1    1    1  1.47522E+13 0.00036 
   37   37    1    1    1    1    1    1    1    1  1.35740E+13 0.00023 
   38   38    1    1    1    1    1    1    1    1  4.31345E+12 0.00030 
   39   39    1    1    1    1    1    1    1    1  1.77222E+13 0.00034 
   40   40    1    1    1    1    1    1    1    1  1.93127E+13 0.00027 
   41   41    1    1    1    1    1    1    1    1  3.08398E+13 0.00035 
   42   42    1    1    1    1    1    1    1    1  2.84292E+13 0.00030 
   43   43    1    1    1    1    1    1    1    1  4.45762E+13 0.00027 
   44   44    1    1    1    1    1    1    1    1  4.46610E+13 0.00023 
   45   45    1    1    1    1    1    1    1    1  5.43324E+13 0.00025 
   46   46    1    1    1    1    1    1    1    1  8.51034E+13 0.00019 
   47   47    1    1    1    1    1    1    1    1  5.10374E+13 0.00015 
   48   48    1    1    1    1    1    1    1    1  6.47914E+13 0.00024 
   49   49    1    1    1    1    1    1    1    1  8.98618E+13 0.00017 
   50   50    1    1    1    1    1    1    1    1  7.64434E+13 0.00016 
   51   51    1    1    1    1    1    1    1    1  1.14805E+14 0.00017 
   52   52    1    1    1    1    1    1    1    1  8.99970E+13 0.00018 
   53   53    1    1    1    1    1    1    1    1  9.74520E+13 0.00021 
   54   54    1    1    1    1    1    1    1    1  7.18504E+13 0.00021 
   55   55    1    1    1    1    1    1    1    1  8.59347E+13 0.00013 
   56   56    1    1    1    1    1    1    1    1  6.36360E+13 0.00019 
   57   57    1    1    1    1    1    1    1    1  8.95869E+12 0.00033 
   58   58    1    1    1    1    1    1    1    1  1.20620E+14 0.00011 
   59   59    1    1    1    1    1    1    1    1  5.20975E+13 0.00027 
   60   60    1    1    1    1    1    1    1    1  5.80542E+13 0.00023 
   61   61    1    1    1    1    1    1    1    1  4.76280E+13 0.00021 
   62   62    1    1    1    1    1    1    1    1  4.79389E+13 0.00021 
   63   63    1    1    1    1    1    1    1    1  4.63604E+13 0.00028 
   64   64    1    1    1    1    1    1    1    1  3.85973E+13 0.00027 
   65   65    1    1    1    1    1    1    1    1  3.00431E+13 0.00029 
   66   66    1    1    1    1    1    1    1    1  2.85885E+13 0.00021 
   67   67    1    1    1    1    1    1    1    1  2.56854E+13 0.00028 
   68   68    1    1    1    1    1    1    1    1  2.14861E+13 0.00029 
   69   69    1    1    1    1    1    1    1    1  1.85696E+13 0.00032 
   70   70    1    1    1    1    1    1    1    1  2.29268E+13 0.00032 
   71   71    1    1    1    1    1    1    1    1  1.98627E+13 0.00033 
   72   72    1    1    1    1    1    1    1    1  3.82732E+13 0.00036 
   73   73    1    1    1    1    1    1    1    1  2.89997E+13 0.00038 
   74   74    1    1    1    1    1    1    1    1  2.31735E+13 0.00051 
   75   75    1    1    1    1    1    1    1    1  1.89488E+13 0.00049 
   76   76    1    1    1    1    1    1    1    1  1.53382E+13 0.00051 
   77   77    1    1    1    1    1    1    1    1  1.73146E+13 0.00045 
   78   78    1    1    1    1    1    1    1    1  1.33153E+13 0.00056 
   79   79    1    1    1    1    1    1    1    1  9.89285E+12 0.00056 
   80   80    1    1    1    1    1    1    1    1  1.02519E+13 0.00076 
   81   81    1    1    1    1    1    1    1    1  7.71879E+12 0.00074 
   82   82    1    1    1    1    1    1    1    1  5.99070E+12 0.00070 
   83   83    1    1    1    1    1    1    1    1  4.64220E+12 0.00080 
   84   84    1    1    1    1    1    1    1    1  4.34472E+12 0.00089 
   85   85    1    1    1    1    1    1    1    1  3.11134E+12 0.00127 
   86   86    1    1    1    1    1    1    1    1  2.24773E+12 0.00138 
   87   87    1    1    1    1    1    1    1    1  2.11147E+12 0.00117 
   88   88    1    1    1    1    1    1    1    1  1.31265E+12 0.00168 
   89   89    1    1    1    1    1    1    1    1  8.90704E+11 0.00208 
   90   90    1    1    1    1    1    1    1    1  5.15995E+11 0.00337 
   91   91    1    1    1    1    1    1    1    1  6.58432E+11 0.00276 
   92   92    1    1    1    1    1    1    1    1  0.00000E+00 0.00000 
   93   93    1    1    1    1    1    1    1    1  0.00000E+00 0.00000 
   94   94    1    1    1    1    1    1    1    1  0.00000E+00 0.00000 
   95   95    1    1    1    1    1    1    1    1  0.00000E+00 0.00000 
   96   96    1    1    1    1    1    1    1    1  0.00000E+00 0.00000 
   97   97    1    1    1    1    1    1    1    1  0.00000E+00 0.00000 
   98   98    1    1    1    1    1    1    1    1  0.00000E+00 0.00000 
   99   99    1    1    1    1    1    1    1    1  0.00000E+00 0.00000 
  100  100    1    1    1    1    1    1    1    1  0.00000E+00 0.00000 
];


