
DETdpaspec = [
    1    1    1    1    1    1    1    1    1    1  0.00000E+00 0.00000 
    2    2    1    1    1    1    1    1    1    1  0.00000E+00 0.00000 
    3    3    1    1    1    1    1    1    1    1  0.00000E+00 0.00000 
    4    4    1    1    1    1    1    1    1    1  0.00000E+00 0.00000 
    5    5    1    1    1    1    1    1    1    1  0.00000E+00 0.00000 
    6    6    1    1    1    1    1    1    1    1  0.00000E+00 0.00000 
    7    7    1    1    1    1    1    1    1    1  0.00000E+00 0.00000 
    8    8    1    1    1    1    1    1    1    1  0.00000E+00 0.00000 
    9    9    1    1    1    1    1    1    1    1  0.00000E+00 0.00000 
   10   10    1    1    1    1    1    1    1    1  0.00000E+00 0.00000 
   11   11    1    1    1    1    1    1    1    1  0.00000E+00 0.00000 
   12   12    1    1    1    1    1    1    1    1  0.00000E+00 0.00000 
   13   13    1    1    1    1    1    1    1    1  0.00000E+00 0.00000 
   14   14    1    1    1    1    1    1    1    1  0.00000E+00 0.00000 
   15   15    1    1    1    1    1    1    1    1  0.00000E+00 0.00000 
   16   16    1    1    1    1    1    1    1    1  0.00000E+00 0.00000 
   17   17    1    1    1    1    1    1    1    1  0.00000E+00 0.00000 
   18   18    1    1    1    1    1    1    1    1  0.00000E+00 0.00000 
   19   19    1    1    1    1    1    1    1    1  4.81599E+09 0.03681 
   20   20    1    1    1    1    1    1    1    1  1.09769E+09 0.02639 
   21   21    1    1    1    1    1    1    1    1  3.42585E+09 0.02146 
   22   22    1    1    1    1    1    1    1    1  5.54533E+09 0.02079 
   23   23    1    1    1    1    1    1    1    1  2.43993E+10 0.00899 
   24   24    1    1    1    1    1    1    1    1  8.02993E+10 0.00638 
   25   25    1    1    1    1    1    1    1    1  1.81887E+11 0.00394 
   26   26    1    1    1    1    1    1    1    1  2.82831E+11 0.00283 
   27   27    1    1    1    1    1    1    1    1  5.35029E+11 0.00323 
   28   28    1    1    1    1    1    1    1    1  8.87956E+11 0.00185 
   29   29    1    1    1    1    1    1    1    1  1.63634E+12 0.00162 
   30   30    1    1    1    1    1    1    1    1  2.07783E+12 0.00119 
   31   31    1    1    1    1    1    1    1    1  3.53931E+12 0.00098 
   32   32    1    1    1    1    1    1    1    1  6.36104E+12 0.00044 
   33   33    1    1    1    1    1    1    1    1  7.57532E+12 0.00047 
   34   34    1    1    1    1    1    1    1    1  1.25284E+13 0.00046 
   35   35    1    1    1    1    1    1    1    1  1.28605E+13 0.00043 
   36   36    1    1    1    1    1    1    1    1  1.57378E+13 0.00035 
   37   37    1    1    1    1    1    1    1    1  1.40975E+13 0.00033 
   38   38    1    1    1    1    1    1    1    1  4.35295E+12 0.00031 
   39   39    1    1    1    1    1    1    1    1  1.82715E+13 0.00030 
   40   40    1    1    1    1    1    1    1    1  1.97178E+13 0.00032 
   41   41    1    1    1    1    1    1    1    1  3.18606E+13 0.00025 
   42   42    1    1    1    1    1    1    1    1  2.85900E+13 0.00023 
   43   43    1    1    1    1    1    1    1    1  4.52017E+13 0.00018 
   44   44    1    1    1    1    1    1    1    1  4.50845E+13 0.00027 
   45   45    1    1    1    1    1    1    1    1  5.47984E+13 0.00024 
   46   46    1    1    1    1    1    1    1    1  8.54295E+13 0.00021 
   47   47    1    1    1    1    1    1    1    1  5.13856E+13 0.00022 
   48   48    1    1    1    1    1    1    1    1  6.43616E+13 0.00020 
   49   49    1    1    1    1    1    1    1    1  8.93792E+13 0.00015 
   50   50    1    1    1    1    1    1    1    1  7.50175E+13 0.00017 
   51   51    1    1    1    1    1    1    1    1  1.13671E+14 0.00011 
   52   52    1    1    1    1    1    1    1    1  8.81453E+13 0.00015 
   53   53    1    1    1    1    1    1    1    1  9.60418E+13 0.00018 
   54   54    1    1    1    1    1    1    1    1  7.05773E+13 0.00016 
   55   55    1    1    1    1    1    1    1    1  8.50639E+13 0.00019 
   56   56    1    1    1    1    1    1    1    1  6.27686E+13 0.00018 
   57   57    1    1    1    1    1    1    1    1  8.80288E+12 0.00035 
   58   58    1    1    1    1    1    1    1    1  1.18772E+14 0.00015 
   59   59    1    1    1    1    1    1    1    1  5.20243E+13 0.00023 
   60   60    1    1    1    1    1    1    1    1  5.73567E+13 0.00020 
   61   61    1    1    1    1    1    1    1    1  4.75779E+13 0.00029 
   62   62    1    1    1    1    1    1    1    1  4.78246E+13 0.00018 
   63   63    1    1    1    1    1    1    1    1  4.63737E+13 0.00030 
   64   64    1    1    1    1    1    1    1    1  3.87071E+13 0.00026 
   65   65    1    1    1    1    1    1    1    1  3.01529E+13 0.00034 
   66   66    1    1    1    1    1    1    1    1  2.84832E+13 0.00033 
   67   67    1    1    1    1    1    1    1    1  2.57459E+13 0.00034 
   68   68    1    1    1    1    1    1    1    1  2.14175E+13 0.00035 
   69   69    1    1    1    1    1    1    1    1  1.84722E+13 0.00034 
   70   70    1    1    1    1    1    1    1    1  2.28213E+13 0.00044 
   71   71    1    1    1    1    1    1    1    1  1.97259E+13 0.00052 
   72   72    1    1    1    1    1    1    1    1  3.73392E+13 0.00036 
   73   73    1    1    1    1    1    1    1    1  2.79895E+13 0.00041 
   74   74    1    1    1    1    1    1    1    1  2.23416E+13 0.00042 
   75   75    1    1    1    1    1    1    1    1  1.85036E+13 0.00037 
   76   76    1    1    1    1    1    1    1    1  1.51420E+13 0.00042 
   77   77    1    1    1    1    1    1    1    1  1.72600E+13 0.00043 
   78   78    1    1    1    1    1    1    1    1  1.34827E+13 0.00052 
   79   79    1    1    1    1    1    1    1    1  1.00779E+13 0.00050 
   80   80    1    1    1    1    1    1    1    1  1.05342E+13 0.00056 
   81   81    1    1    1    1    1    1    1    1  7.98597E+12 0.00071 
   82   82    1    1    1    1    1    1    1    1  6.23748E+12 0.00065 
   83   83    1    1    1    1    1    1    1    1  4.84393E+12 0.00098 
   84   84    1    1    1    1    1    1    1    1  4.53871E+12 0.00115 
   85   85    1    1    1    1    1    1    1    1  3.26348E+12 0.00116 
   86   86    1    1    1    1    1    1    1    1  2.35775E+12 0.00146 
   87   87    1    1    1    1    1    1    1    1  2.21117E+12 0.00116 
   88   88    1    1    1    1    1    1    1    1  1.36592E+12 0.00180 
   89   89    1    1    1    1    1    1    1    1  9.21656E+11 0.00195 
   90   90    1    1    1    1    1    1    1    1  5.32946E+11 0.00373 
   91   91    1    1    1    1    1    1    1    1  6.72459E+11 0.00236 
   92   92    1    1    1    1    1    1    1    1  0.00000E+00 0.00000 
   93   93    1    1    1    1    1    1    1    1  0.00000E+00 0.00000 
   94   94    1    1    1    1    1    1    1    1  0.00000E+00 0.00000 
   95   95    1    1    1    1    1    1    1    1  0.00000E+00 0.00000 
   96   96    1    1    1    1    1    1    1    1  0.00000E+00 0.00000 
   97   97    1    1    1    1    1    1    1    1  0.00000E+00 0.00000 
   98   98    1    1    1    1    1    1    1    1  0.00000E+00 0.00000 
   99   99    1    1    1    1    1    1    1    1  0.00000E+00 0.00000 
  100  100    1    1    1    1    1    1    1    1  0.00000E+00 0.00000 
];


